title:34, start timestamp:1614076739.064368, stop timestamp:1614076783.148874, headset type:EPOCFLEX, headset serial:F00001ED, headset firmware:f12, subject name:s07, channels:75, sampling rate:128, samples:5688      , version:2.0
Timestamp,EEG.Counter,EEG.Interpolated,EEG.Cz,EEG.Fz,EEG.Fp1,EEG.AF3,EEG.F7,EEG.F3,EEG.FC1,EEG.C3,EEG.FC5,EEG.T7,EEG.CP5,EEG.CP1,EEG.P3,EEG.P7,EEG.PO3,EEG.O1,EEG.Pz,EEG.Oz,EEG.O2,EEG.PO4,EEG.P8,EEG.P4,EEG.CP2,EEG.CP6,EEG.T8,EEG.FC6,EEG.C4,EEG.FC2,EEG.F4,EEG.F8,EEG.AF4,EEG.Fp2,EEG.HighBitFlex,EEG.RawCq,EEG.Battery,MarkerIndex,MarkerType,MarkerValueInt,EEG.MarkerHardware,CQ.Cz,CQ.Fz,CQ.Fp1,CQ.AF3,CQ.F7,CQ.F3,CQ.FC1,CQ.C3,CQ.FC5,CQ.T7,CQ.CP5,CQ.CP1,CQ.P3,CQ.P7,CQ.PO3,CQ.O1,CQ.Pz,CQ.Oz,CQ.O2,CQ.PO4,CQ.P8,CQ.P4,CQ.CP2,CQ.CP6,CQ.T8,CQ.FC6,CQ.C4,CQ.FC2,CQ.F4,CQ.F8,CQ.AF4,CQ.Fp2,CQ.Overall
1614076739.064368,116.000000,0.000000,4.988830,-0.990212,3.687447,2.780527,-8.025640,-8.775862,-1.707095,-2.964154,1.852640,-5.902635,1.645110,2.726892,-1.090873,-6.111443,-2.054331,172.770920,8.088172,-6.434809,36.788170,-56.404850,-17.091885,21.113884,11.284671,-1.136532,3.991920,12.186716,-1.363804,9.670807,1.315507,19.217878,1.931913,14.158895,8064.000000,0.000000,4.000000,,,,0.000000,4.000000,4.000000,4.000000,4.000000,4.000000,4.000000,4.000000,4.000000,4.000000,4.000000,4.000000,4.000000,4.000000,4.000000,4.000000,4.000000,4.000000,4.000000,2.000000,4.000000,4.000000,4.000000,4.000000,4.000000,4.000000,4.000000,4.000000,4.000000,4.000000,4.000000,4.000000,4.000000,83.333336
1614076739.072017,117.000000,0.000000,4.983841,-0.989222,3.683759,2.264926,-9.043256,-9.279906,-1.705388,-8.089395,0.312326,-5.896733,-8.612946,-9.583527,-18.525681,-5.079690,-24.103559,140.803284,0.900597,-27.454014,25.469332,-72.245880,-21.177357,15.451745,2.555438,3.479989,3.987928,12.174530,-1.875261,8.635494,1.314191,16.121738,2.955622,14.144736,8064.000000,0.000000,4.000000,,,,0.000000,4.000000,4.000000,4.000000,4.000000,4.000000,4.000000,4.000000,4.000000,4.000000,4.000000,4.000000,4.000000,4.000000,4.000000,4.000000,4.000000,4.000000,4.000000,2.000000,4.000000,4.000000,4.000000,4.000000,4.000000,4.000000,4.000000,4.000000,4.000000,4.000000,4.000000,4.000000,4.000000,83.333336
1614076739.079766,118.000000,0.000000,5.491678,-0.988232,4.192896,2.262661,-8.521392,-8.757806,-1.703682,-16.799253,-1.739268,-7.429297,-11.168435,-18.804712,-29.789206,-5.074611,-35.361507,134.508636,-7.305432,-23.836817,15.187452,-76.789017,-28.335667,13.385012,-2.062502,2.450868,4.496761,12.675176,-1.873386,9.139680,1.825698,15.592796,6.029590,14.130591,8064.000000,0.000000,4.000000,,,,0.000000,4.000000,4.000000,4.000000,4.000000,4.000000,4.000000,4.000000,4.000000,4.000000,4.000000,4.000000,4.000000,4.000000,4.000000,4.000000,4.000000,4.000000,4.000000,2.000000,4.000000,4.000000,4.000000,4.000000,4.000000,4.000000,4.000000,4.000000,4.000000,4.000000,4.000000,4.000000,4.000000,83.333336
1614076739.087416,119.000000,0.000000,4.973366,-0.987244,3.163062,3.286039,-8.000051,-8.236228,-1.701979,-20.885019,-2.250349,-9.473150,-9.105985,-18.273087,-17.451723,-4.043895,-20.967171,167.194641,-7.810947,-17.146313,15.685085,-73.122490,-29.845793,13.884447,-0.521978,-0.628506,4.492264,12.149680,-1.871512,9.130540,1.823872,16.602844,6.536381,14.629281,8064.000000,0.000000,4.000000,,,,0.000000,4.000000,4.000000,4.000000,4.000000,4.000000,4.000000,4.000000,4.000000,4.000000,4.000000,4.000000,4.000000,4.000000,4.000000,4.000000,4.000000,4.000000,4.000000,2.000000,4.000000,4.000000,4.000000,4.000000,4.000000,4.000000,4.000000,4.000000,4.000000,4.000000,4.000000,4.000000,4.000000,83.333336
1614076739.095165,120.000000,0.000000,0.865828,-0.986257,0.595796,0.718651,-8.504870,-9.253633,-1.700277,-16.761570,-2.248099,-9.463677,-11.148161,-17.741993,-9.741964,-5.065492,-15.305178,178.822311,-7.290316,-20.718910,19.259144,-78.690392,-32.380051,6.691075,-4.111200,-0.115057,3.974951,12.650351,-1.869641,8.608589,1.309228,16.073421,6.017024,14.101831,8064.000000,0.000000,4.000000,,,,0.000000,4.000000,4.000000,4.000000,4.000000,4.000000,4.000000,4.000000,4.000000,4.000000,4.000000,4.000000,4.000000,4.000000,4.000000,4.000000,4.000000,4.000000,4.000000,2.000000,4.000000,4.000000,4.000000,4.000000,4.000000,4.000000,4.000000,4.000000,4.000000,4.000000,4.000000,4.000000,4.000000,83.333336
1614076739.102814,121.000000,0.000000,-2.724781,-0.985271,0.082380,-1.333350,-8.496366,-8.731559,-1.698576,-11.103783,-2.245851,-2.787547,-9.598551,-18.237072,-10.757864,-1.983504,-24.520641,148.899902,-11.898410,-34.031525,15.137321,-97.586060,-40.039978,-1.007923,-9.235294,-1.653404,3.970976,12.637700,-1.867771,8.599980,1.307918,16.057348,7.036648,14.087729,8064.000000,0.000000,4.000000,,,,0.000000,4.000000,4.000000,4.000000,4.000000,4.000000,4.000000,4.000000,4.000000,4.000000,4.000000,4.000000,4.000000,4.000000,4.000000,4.000000,4.000000,4.000000,4.000000,2.000000,4.000000,4.000000,4.000000,4.000000,4.000000,4.000000,4.000000,4.000000,4.000000,4.000000,4.000000,4.000000,4.000000,83.333336
1614076739.110563,122.000000,0.000000,-2.722057,-0.471465,0.082298,-0.819196,-7.975049,-3.594622,-1.696878,-7.502935,0.320498,6.958830,-2.922286,-10.526527,-1.516336,4.685147,-12.701249,150.289459,-10.860870,-36.048775,12.558081,-103.642319,-43.589680,-1.519736,-9.226059,-8.831238,4.479825,9.035319,-1.865903,8.591380,1.819431,14.502829,3.952688,15.099283,8064.000000,0.000000,4.000000,,,,0.000000,4.000000,4.000000,4.000000,4.000000,4.000000,4.000000,4.000000,4.000000,4.000000,4.000000,4.000000,4.000000,4.000000,4.000000,4.000000,4.000000,4.000000,4.000000,2.000000,4.000000,4.000000,4.000000,4.000000,4.000000,4.000000,4.000000,4.000000,4.000000,4.000000,4.000000,4.000000,4.000000,83.333336
1614076739.118212,123.000000,0.000000,-2.206514,-2.009455,-2.994708,-3.382480,-8.992715,-1.539745,-1.182360,-3.905689,2.371459,4.900589,-3.432184,-2.310873,3.100564,-3.011846,4.234529,175.267380,-1.619240,-12.422983,21.263472,-84.051498,-38.930706,-2.031037,-8.191192,-11.386509,1.398423,4.923720,-1.864038,6.531507,0.279150,12.437043,-2.205111,13.032902,8064.000000,0.000000,4.000000,,,,0.000000,4.000000,4.000000,4.000000,4.000000,4.000000,4.000000,4.000000,4.000000,4.000000,4.000000,4.000000,4.000000,4.000000,4.000000,4.000000,4.000000,4.000000,4.000000,2.000000,4.000000,4.000000,4.000000,4.000000,4.000000,4.000000,4.000000,4.000000,4.000000,4.000000,4.000000,4.000000,4.000000,83.333336
1614076739.125961,124.000000,0.000000,-2.717128,-4.571548,-6.581457,-7.994482,-11.035004,-7.692051,-2.206819,-5.440245,-1.220656,-6.899183,-15.736444,-5.898305,-13.825613,-26.598577,-12.692782,155.092117,-0.591980,-3.179791,29.447336,-70.634109,-33.763573,-2.541826,-8.695821,-9.323840,-3.731181,3.893155,-1.862174,4.986514,-4.336514,11.911786,-5.792649,6.353202,8064.000000,0.000000,4.000000,,,,0.000000,4.000000,4.000000,4.000000,4.000000,4.000000,4.000000,4.000000,4.000000,4.000000,4.000000,4.000000,4.000000,4.000000,4.000000,4.000000,4.000000,4.000000,4.000000,2.000000,4.000000,4.000000,4.000000,4.000000,4.000000,4.000000,4.000000,4.000000,4.000000,4.000000,4.000000,4.000000,4.000000,83.333336
1614076739.133610,125.000000,0.000000,-2.714411,-5.079797,-7.600516,-9.524949,-12.562430,-13.325385,-4.768715,-11.588651,-5.834820,-14.071771,-21.874554,-13.584715,-27.145121,-37.854031,-30.628807,131.860092,-5.206773,-5.740714,29.930710,-69.537834,-28.088781,9.768408,-8.687125,-7.776055,-4.240270,4.914903,-1.860311,4.468707,-6.383460,11.899875,-5.274036,2.244285,8064.000000,0.000000,4.000000,,,,0.000000,4.000000,4.000000,4.000000,4.000000,4.000000,4.000000,4.000000,4.000000,4.000000,4.000000,4.000000,4.000000,4.000000,4.000000,4.000000,4.000000,4.000000,4.000000,2.000000,4.000000,4.000000,4.000000,4.000000,4.000000,4.000000,4.000000,4.000000,4.000000,4.000000,4.000000,4.000000,4.000000,83.333336
1614076739.141359,126.000000,0.000000,-2.198876,-4.561897,-7.080095,-8.489782,-12.037047,-12.286419,-5.789587,-16.192446,-6.341805,-13.032058,-16.724474,-14.596771,-25.579514,-28.072586,-19.828949,154.805161,-2.124643,14.777847,30.926420,-63.827274,-19.855564,18.476587,-8.678438,-5.204176,-1.159107,4.397167,-1.858451,4.977059,-2.274512,11.887975,-2.191839,2.754861,8064.000000,0.000000,4.000000,,,,0.000000,4.000000,4.000000,4.000000,4.000000,4.000000,4.000000,4.000000,4.000000,4.000000,4.000000,4.000000,4.000000,4.000000,4.000000,4.000000,4.000000,4.000000,4.000000,2.000000,4.000000,4.000000,4.000000,4.000000,4.000000,4.000000,4.000000,4.000000,4.000000,4.000000,4.000000,4.000000,4.000000,83.333336
1614076739.149009,127.000000,0.000000,-2.709497,-4.557335,-7.073015,-8.481293,-12.025011,-10.222850,-5.270977,-15.150613,-5.309823,-11.993384,-13.118006,-14.069354,-24.528294,-18.813745,-18.783478,160.804199,0.441584,6.557941,25.767288,-67.353188,-20.861351,5.124778,-8.669760,-0.583588,0.380514,4.392770,-2.369413,4.972082,-1.759417,11.876086,1.400097,3.264927,8064.000000,0.000000,4.000000,,,,0.000000,4.000000,4.000000,4.000000,4.000000,4.000000,4.000000,4.000000,4.000000,4.000000,4.000000,4.000000,4.000000,4.000000,4.000000,4.000000,4.000000,4.000000,4.000000,2.000000,4.000000,4.000000,4.000000,4.000000,4.000000,4.000000,4.000000,4.000000,4.000000,4.000000,4.000000,4.000000,4.000000,83.333336
1614076739.156758,0.000000,0.000000,-2.193968,-5.065598,-7.065942,-8.472812,-12.525806,-8.674166,-5.265706,-15.135463,-6.330154,-14.545494,-14.643350,-17.132208,-26.042227,-21.359034,-35.174950,131.925446,-4.687062,-25.756310,11.895367,-86.773018,-33.148182,-8.213680,-8.661090,-1.608645,-0.132687,4.388378,-1.854223,4.454289,-4.321760,11.351390,2.937158,2.748841,0.000000,191.000000,4.000000,,,,0.000000,4.000000,4.000000,4.000000,4.000000,4.000000,4.000000,4.000000,4.000000,4.000000,4.000000,4.000000,4.000000,4.000000,4.000000,4.000000,4.000000,4.000000,4.000000,2.000000,4.000000,4.000000,4.000000,4.000000,4.000000,4.000000,4.000000,4.000000,4.000000,4.000000,4.000000,4.000000,4.000000,83.333336
1614076739.164407,1.000000,0.000000,0.372329,-1.983609,-7.058876,-8.977160,-10.974819,-6.614210,-5.773261,-16.145967,-6.323824,-12.479667,-15.141527,-18.653538,-23.964903,-20.312035,-33.601315,133.331985,-8.272119,-28.294655,7.780907,-93.865730,-38.243237,-2.051620,-8.652429,-4.683959,2.431548,6.948092,0.198913,4.962655,3.374870,13.391320,2.421400,2.746092,0.000000,206.000000,4.000000,,,,0.000000,4.000000,4.000000,4.000000,4.000000,4.000000,4.000000,4.000000,4.000000,4.000000,4.000000,4.000000,4.000000,4.000000,4.000000,4.000000,4.000000,4.000000,4.000000,2.000000,4.000000,4.000000,4.000000,4.000000,4.000000,4.000000,4.000000,4.000000,4.000000,4.000000,4.000000,4.000000,4.000000,83.333336
1614076739.172256,2.000000,0.000000,1.910418,2.120939,-7.051817,-6.404079,-8.399741,-5.069134,-3.716206,-14.591361,-4.266218,-2.210777,-8.972539,-17.096422,-20.864014,-8.496850,-22.798483,157.814041,-7.751026,4.554152,18.029537,-90.182121,-31.538328,2.052996,-8.643776,-2.627993,7.044501,11.043708,2.249996,7.008975,12.602263,17.993313,2.418979,3.256167,0.000000,198.000000,4.000000,,,,0.000000,4.000000,4.000000,4.000000,4.000000,4.000000,4.000000,4.000000,4.000000,4.000000,4.000000,4.000000,4.000000,4.000000,4.000000,4.000000,4.000000,4.000000,4.000000,2.000000,4.000000,4.000000,4.000000,4.000000,4.000000,4.000000,4.000000,4.000000,4.000000,4.000000,4.000000,4.000000,4.000000,83.333336
1614076739.180005,3.000000,0.000000,1.395687,3.144459,-7.044765,-1.269470,-7.878521,-4.551244,-1.661207,-11.499846,-2.210670,8.560665,0.780023,-15.028044,-17.253407,2.280878,-20.724401,162.271606,-8.256096,3.011136,22.114071,-92.143219,-27.404226,-3.077262,-9.147953,-0.061263,8.063098,12.058305,0.709285,9.053247,6.435815,19.513783,2.416560,3.252911,0.000000,187.000000,4.000000,,,,0.000000,4.000000,4.000000,4.000000,4.000000,4.000000,4.000000,4.000000,4.000000,4.000000,4.000000,4.000000,4.000000,4.000000,4.000000,4.000000,4.000000,4.000000,4.000000,2.000000,4.000000,4.000000,4.000000,4.000000,4.000000,4.000000,4.000000,4.000000,4.000000,4.000000,4.000000,4.000000,4.000000,83.333336
1614076739.187854,4.000000,0.000000,1.394292,2.628494,-6.524900,-2.806663,-8.383463,-5.059514,-1.659546,-7.898603,-1.695639,10.090566,5.907448,-11.423272,-14.159230,3.304238,-19.678038,151.852921,-7.222198,-3.658541,22.091957,-92.051079,-26.864002,0.515558,-9.138805,-1.599663,7.029394,12.046247,1.221396,8.531374,0.788354,19.494268,2.414143,3.249658,0.000000,190.000000,4.000000,,,,0.000000,4.000000,4.000000,4.000000,4.000000,4.000000,4.000000,4.000000,4.000000,4.000000,4.000000,4.000000,4.000000,4.000000,4.000000,4.000000,4.000000,4.000000,4.000000,2.000000,4.000000,4.000000,4.000000,4.000000,4.000000,4.000000,4.000000,4.000000,4.000000,4.000000,4.000000,4.000000,4.000000,83.333336
1614076739.195603,5.000000,0.000000,1.905718,3.138685,-8.056837,-7.932061,-7.862259,-4.541634,-1.657887,-6.865063,-2.206764,9.567655,5.388720,-9.360566,-14.145071,3.300934,-19.145538,147.085693,-7.214976,11.729733,23.095507,-89.394928,-25.298676,7.181710,-8.104025,-0.059602,8.048005,14.598303,4.809918,8.522842,6.941412,21.526056,2.411729,3.246408,0.000000,206.000000,4.000000,,,,0.000000,4.000000,4.000000,4.000000,4.000000,4.000000,4.000000,4.000000,4.000000,4.000000,4.000000,4.000000,4.000000,4.000000,4.000000,4.000000,4.000000,4.000000,4.000000,2.000000,4.000000,4.000000,4.000000,4.000000,4.000000,4.000000,4.000000,4.000000,4.000000,4.000000,4.000000,4.000000,4.000000,83.333336
1614076739.203452,6.000000,0.000000,1.390992,3.648367,-10.100062,-8.949770,-7.854397,-4.537092,-1.143408,-8.396660,-1.691736,10.583728,5.383331,-10.376847,-12.079644,6.887376,-12.459726,164.887329,-8.746222,15.307746,20.508308,-88.279892,-26.811838,3.071964,-9.634382,3.017381,8.552777,16.122166,5.317929,9.027141,8.472932,23.555813,1.896497,3.243162,0.000000,187.000000,4.000000,,,,0.000000,4.000000,4.000000,4.000000,4.000000,4.000000,4.000000,4.000000,4.000000,4.000000,4.000000,4.000000,4.000000,4.000000,4.000000,4.000000,4.000000,4.000000,4.000000,2.000000,4.000000,4.000000,4.000000,4.000000,4.000000,4.000000,4.000000,4.000000,4.000000,4.000000,4.000000,4.000000,4.000000,83.333336
1614076739.211201,7.000000,0.000000,1.902421,2.619078,-11.115603,-7.915179,-8.359363,-5.045375,-1.655085,-10.952366,-2.202865,9.547503,4.865128,-9.853650,-7.965000,10.470232,4.475811,193.953201,-1.045169,23.497566,29.205748,-70.242889,-22.169641,5.120174,-7.060646,-1.088201,6.492943,15.080403,4.799790,8.505293,4.361895,23.019436,2.407421,3.239918,0.000000,166.000000,4.000000,,,,0.000000,4.000000,4.000000,4.000000,4.000000,4.000000,4.000000,4.000000,4.000000,4.000000,4.000000,4.000000,4.000000,4.000000,4.000000,4.000000,4.000000,4.000000,4.000000,2.000000,4.000000,4.000000,4.000000,4.000000,4.000000,4.000000,4.000000,4.000000,4.000000,4.000000,4.000000,4.000000,4.000000,83.333336
1614076739.219050,8.000000,0.000000,3.951801,3.129279,-10.591667,-8.420085,-8.351004,-5.040330,-1.653430,-11.454233,-2.200662,9.025135,4.860262,-4.715591,-6.931394,10.459763,11.650822,187.092590,12.802030,41.935608,47.638081,-44.531624,-3.173114,18.448387,3.715646,-3.138395,9.563373,17.116604,13.512939,8.496787,8.460097,22.996416,4.456295,2.723858,0.000000,192.000000,4.000000,,,,0.000000,4.000000,4.000000,4.000000,4.000000,4.000000,4.000000,4.000000,4.000000,4.000000,4.000000,4.000000,4.000000,4.000000,4.000000,4.000000,4.000000,4.000000,4.000000,2.000000,4.000000,4.000000,4.000000,4.000000,4.000000,4.000000,4.000000,4.000000,4.000000,4.000000,4.000000,4.000000,4.000000,83.333336
1614076739.226799,9.000000,0.000000,5.486310,3.638971,-10.581076,-8.924485,-8.342652,-4.522469,-1.651777,-12.981241,-3.224102,7.477649,3.316941,-4.710876,-6.411643,5.321097,2.408402,158.700363,14.327689,31.637262,38.872494,-43.461449,1.445444,18.429939,10.378596,6.608334,16.733297,19.150770,21.191734,9.001111,13.579843,23.486240,6.503121,3.233955,0.000000,191.000000,4.000000,,,,0.000000,4.000000,4.000000,4.000000,4.000000,4.000000,4.000000,4.000000,4.000000,4.000000,4.000000,4.000000,4.000000,4.000000,4.000000,4.000000,4.000000,4.000000,4.000000,2.000000,4.000000,4.000000,4.000000,4.000000,4.000000,4.000000,4.000000,4.000000,4.000000,4.000000,4.000000,4.000000,4.000000,83.333336
1614076739.234648,10.000000,0.000000,4.968004,-0.980053,-10.570494,-8.402740,-13.975336,-6.569229,-3.188586,-16.558002,-3.220878,-0.734957,-6.942787,-11.885652,-9.994974,-8.017557,-8.876058,155.464737,5.082592,3.913317,11.654135,-62.392345,-24.709846,0.462791,6.778474,13.781213,13.639641,19.644440,10.914132,7.966469,9.976519,21.924292,5.983798,3.743541,0.000000,202.000000,4.000000,,,,0.000000,4.000000,4.000000,4.000000,4.000000,4.000000,4.000000,4.000000,4.000000,4.000000,4.000000,4.000000,4.000000,4.000000,4.000000,4.000000,4.000000,4.000000,4.000000,2.000000,4.000000,4.000000,4.000000,4.000000,4.000000,4.000000,4.000000,4.000000,4.000000,4.000000,4.000000,4.000000,4.000000,83.333336
1614076739.242397,11.000000,0.000000,3.424574,-7.645740,-10.559924,-8.394338,-19.602386,-8.613941,-5.236680,-19.105547,-4.756119,-14.067555,-21.294819,-17.001970,-26.908056,-27.496719,-27.328720,143.001587,-0.563516,-13.013674,7.027096,-82.329956,-45.197960,-10.819723,1.130670,8.639226,2.856770,19.111975,0.646808,5.907220,5.351158,19.851086,5.977814,1.688516,0.000000,194.000000,4.000000,,,,0.000000,4.000000,4.000000,4.000000,4.000000,4.000000,4.000000,4.000000,4.000000,4.000000,4.000000,4.000000,4.000000,4.000000,4.000000,4.000000,4.000000,4.000000,4.000000,2.000000,4.000000,4.000000,4.000000,4.000000,4.000000,4.000000,4.000000,4.000000,4.000000,4.000000,4.000000,4.000000,4.000000,83.333336
1614076739.250246,12.000000,0.000000,1.882688,-8.663734,-10.549364,-8.385942,-18.044323,-8.605328,-6.257084,-20.624905,-7.828286,-18.668873,-22.811985,-19.036251,-37.650379,-33.110249,-41.147545,123.371399,-5.178337,-17.616045,14.712377,-99.683525,-45.152760,-8.244802,-5.537127,0.425459,-0.735830,19.092863,2.697443,4.875672,3.807345,19.318415,5.971836,0.148366,0.000000,173.000000,4.000000,,,,0.000000,4.000000,4.000000,4.000000,4.000000,4.000000,4.000000,4.000000,4.000000,4.000000,4.000000,4.000000,4.000000,4.000000,4.000000,4.000000,4.000000,4.000000,4.000000,2.000000,4.000000,4.000000,4.000000,4.000000,4.000000,4.000000,4.000000,4.000000,4.000000,4.000000,4.000000,4.000000,4.000000,83.333336
1614076739.257995,13.000000,0.000000,1.367985,-8.142251,-10.025994,-8.377557,-9.821150,-8.596723,-5.225186,-14.963253,-3.205073,-2.752768,-4.840455,-17.478754,-20.689651,-11.538676,-25.208961,154.017258,-7.737261,0.863110,13.672023,-101.635124,-45.107609,-9.262197,-11.685436,-7.780095,0.803367,19.073771,-0.382178,3.332335,0.213794,19.299097,5.965864,1.686679,0.000000,198.000000,4.000000,,,,0.000000,4.000000,4.000000,4.000000,4.000000,4.000000,4.000000,4.000000,4.000000,4.000000,4.000000,4.000000,4.000000,4.000000,4.000000,4.000000,4.000000,4.000000,4.000000,2.000000,4.000000,4.000000,4.000000,4.000000,4.000000,4.000000,4.000000,4.000000,4.000000,4.000000,4.000000,4.000000,4.000000,83.333336
1614076739.265844,14.000000,0.000000,1.879437,-8.134109,-7.964686,-6.317897,-5.195944,-8.588125,-1.630217,3.000428,13.721209,19.814087,14.138744,-3.102300,3.433602,16.677990,-0.055548,186.683762,-1.062857,24.451990,22.376299,-87.174515,-40.959934,-9.765756,-8.084007,-11.362059,0.289743,19.054697,-1.920257,0.764900,-2.863343,19.279797,5.959898,3.736274,0.000000,204.000000,4.000000,,,,0.000000,4.000000,4.000000,4.000000,4.000000,4.000000,4.000000,4.000000,4.000000,4.000000,4.000000,4.000000,4.000000,4.000000,4.000000,4.000000,4.000000,4.000000,4.000000,2.000000,4.000000,4.000000,4.000000,4.000000,4.000000,4.000000,4.000000,4.000000,4.000000,4.000000,4.000000,4.000000,4.000000,83.333336
1614076739.273593,15.000000,0.000000,3.928840,-5.561872,-6.418260,-4.260297,-4.677927,-8.579537,1.961156,15.817941,22.425436,26.460939,20.278452,11.772597,10.096835,25.892082,5.072713,170.086823,4.066411,20.324974,37.738541,-77.343750,-22.457438,2.038882,0.642026,-6.735312,1.827915,19.035641,8.338074,1.276956,-2.860480,19.260517,5.953938,3.219717,0.000000,199.000000,4.000000,,,,0.000000,4.000000,4.000000,4.000000,4.000000,4.000000,4.000000,4.000000,4.000000,4.000000,4.000000,4.000000,4.000000,4.000000,4.000000,4.000000,4.000000,4.000000,4.000000,2.000000,4.000000,4.000000,4.000000,4.000000,4.000000,4.000000,4.000000,4.000000,4.000000,4.000000,4.000000,4.000000,4.000000,83.333336
1614076739.281242,16.000000,0.000000,5.976193,-6.581951,-6.924662,-4.768857,-4.673249,-8.570958,2.472016,12.725200,12.659421,17.716530,20.258173,9.709542,6.496994,24.840549,3.529179,154.532120,1.498242,19.791830,40.264904,-75.215118,-10.127288,12.806074,1.154204,-1.087551,4.390190,19.016605,10.381018,0.762858,-2.344799,17.702795,5.947985,2.703677,0.000000,197.000000,4.000000,,,,0.000000,4.000000,4.000000,4.000000,4.000000,4.000000,4.000000,4.000000,4.000000,4.000000,4.000000,4.000000,4.000000,4.000000,4.000000,4.000000,4.000000,4.000000,4.000000,2.000000,4.000000,4.000000,4.000000,4.000000,4.000000,4.000000,4.000000,4.000000,4.000000,4.000000,4.000000,4.000000,4.000000,83.333336
1614076739.288991,17.000000,0.000000,2.893294,-11.190754,-6.917737,-5.276909,-4.155756,-9.075208,1.956723,5.020166,1.877531,10.519327,19.725096,1.494704,3.413575,26.354170,5.576931,161.557068,-1.067359,35.156654,37.147717,-70.524521,-12.168443,8.690703,-1.923873,-0.060822,3.360158,18.997589,-1.937056,-1.289187,-2.855274,14.095348,5.942037,3.213794,0.000000,191.000000,4.000000,,,,0.000000,4.000000,4.000000,4.000000,4.000000,4.000000,4.000000,4.000000,4.000000,4.000000,4.000000,4.000000,4.000000,4.000000,4.000000,4.000000,4.000000,4.000000,4.000000,2.000000,4.000000,4.000000,4.000000,4.000000,4.000000,4.000000,4.000000,4.000000,4.000000,4.000000,4.000000,4.000000,4.000000,83.333336
1614076739.296641,18.000000,0.000000,-1.724984,-12.205204,-6.397999,-4.245991,-4.151600,-8.553311,2.467587,3.989505,1.362833,9.483167,18.679729,0.467569,1.871699,25.302176,4.545713,155.241669,0.472170,29.480471,35.059284,-66.864250,-16.771658,0.989705,-1.409129,-1.599223,0.792696,19.491413,-7.063324,-2.826359,-2.339598,12.029971,5.936095,3.210580,0.000000,204.000000,4.000000,,,,0.000000,4.000000,4.000000,4.000000,4.000000,4.000000,4.000000,4.000000,4.000000,4.000000,4.000000,4.000000,4.000000,4.000000,4.000000,4.000000,4.000000,4.000000,4.000000,2.000000,4.000000,4.000000,4.000000,4.000000,4.000000,4.000000,4.000000,4.000000,4.000000,4.000000,4.000000,4.000000,4.000000,83.333336
1614076739.304390,19.000000,0.000000,-2.748900,-12.192999,-7.417242,-6.293027,-4.660269,-9.057579,1.952299,3.472695,1.874291,9.473683,16.609766,1.492742,0.331366,25.276873,6.079629,159.701813,2.522980,13.553554,26.306276,-67.823029,-22.908733,3.039998,-0.894899,-4.674547,0.279082,19.471920,-5.517799,-2.823533,-2.337259,11.505121,5.417338,3.720190,0.000000,201.000000,4.000000,,,,0.000000,4.000000,4.000000,4.000000,4.000000,4.000000,4.000000,4.000000,4.000000,4.000000,4.000000,4.000000,4.000000,4.000000,4.000000,4.000000,4.000000,4.000000,4.000000,2.000000,4.000000,4.000000,4.000000,4.000000,4.000000,4.000000,4.000000,4.000000,4.000000,4.000000,4.000000,4.000000,4.000000,83.333336
1614076739.312039,20.000000,0.000000,-2.233331,-11.667985,-7.409825,-8.338017,-4.655609,-9.048521,1.950347,-0.633342,0.333955,8.438568,8.900849,0.465608,-2.745888,22.174673,5.047909,181.080566,3.546098,14.565641,17.562021,-70.319313,-29.552490,7.139522,-1.406825,-8.259616,-0.234017,18.939629,-6.537922,-1.282248,-2.334922,11.493616,6.437562,1.665188,0.000000,182.000000,4.000000,,,,0.000000,4.000000,4.000000,4.000000,4.000000,4.000000,4.000000,4.000000,4.000000,4.000000,4.000000,4.000000,4.000000,4.000000,4.000000,4.000000,4.000000,4.000000,4.000000,2.000000,4.000000,4.000000,4.000000,4.000000,4.000000,4.000000,4.000000,4.000000,4.000000,4.000000,4.000000,4.000000,4.000000,83.333336
1614076739.319788,21.000000,0.000000,-2.743918,-6.015291,-5.351133,-3.201473,-4.650953,-5.962550,1.948396,-6.786554,0.333621,7.404489,-1.364462,-2.611780,-8.384168,5.229421,-10.854575,170.130264,3.029731,8.910050,14.980357,-69.223351,-30.548580,3.542639,-2.431059,-7.225715,0.279037,19.433510,1.160923,0.770317,-2.332587,12.507763,8.482407,2.689164,0.000000,194.000000,4.000000,,,,0.000000,4.000000,4.000000,4.000000,4.000000,4.000000,4.000000,4.000000,4.000000,4.000000,4.000000,4.000000,4.000000,4.000000,4.000000,4.000000,4.000000,4.000000,4.000000,2.000000,4.000000,4.000000,4.000000,4.000000,4.000000,4.000000,4.000000,4.000000,4.000000,4.000000,4.000000,4.000000,4.000000,83.333336
1614076739.327437,22.000000,0.000000,-2.741174,-0.368250,-3.807320,2.955575,-5.159122,-1.854023,1.946448,-8.831050,1.358928,3.807341,-5.465661,-7.737373,-11.452707,-15.801450,-27.253977,137.652435,3.026702,-2.893732,17.529480,-71.205406,-33.082134,-2.101930,-3.454269,-5.680028,-0.234062,18.388435,8.852070,1.282367,-2.330254,10.956794,9.499565,8.327500,0.000000,191.000000,4.000000,,,,0.000000,4.000000,4.000000,4.000000,4.000000,4.000000,4.000000,4.000000,4.000000,4.000000,4.000000,4.000000,4.000000,4.000000,4.000000,4.000000,4.000000,4.000000,4.000000,2.000000,4.000000,4.000000,4.000000,4.000000,4.000000,4.000000,4.000000,4.000000,4.000000,4.000000,4.000000,4.000000,4.000000,83.333336
1614076739.335186,23.000000,0.000000,-2.738433,-0.367882,-3.803513,2.952619,-5.153964,-0.826528,1.431681,-7.796578,0.844749,0.726610,-3.408914,-12.345021,-10.928433,-17.836929,-27.739544,130.848114,3.536495,-2.378017,18.537592,-84.980354,-43.818283,-1.587007,-4.476456,-4.648707,-4.849213,12.729021,3.715013,1.281085,-2.327924,5.817632,9.490066,8.831993,0.000000,194.000000,4.000000,,,,0.000000,4.000000,4.000000,4.000000,4.000000,4.000000,4.000000,4.000000,4.000000,4.000000,4.000000,4.000000,4.000000,4.000000,4.000000,4.000000,4.000000,4.000000,4.000000,2.000000,4.000000,4.000000,4.000000,4.000000,4.000000,4.000000,4.000000,4.000000,4.000000,4.000000,4.000000,4.000000,4.000000,83.333336
1614076739.342835,24.000000,0.000000,-2.222874,-0.880335,-0.722786,1.924025,-4.123168,-1.851342,2.455890,-8.814423,1.869545,2.264345,3.261162,-8.742932,-6.302121,-0.896016,-17.968214,151.742905,3.532959,-9.042306,8.775464,-98.741531,-49.928310,-1.585420,-6.010441,-3.618417,-5.870005,8.100907,-1.929728,1.279803,-2.838417,6.324635,8.967754,6.259058,0.000000,198.000000,4.000000,,,,0.000000,4.000000,4.000000,4.000000,4.000000,4.000000,4.000000,4.000000,4.000000,4.000000,4.000000,4.000000,4.000000,4.000000,4.000000,4.000000,4.000000,4.000000,4.000000,2.000000,4.000000,4.000000,4.000000,4.000000,4.000000,4.000000,4.000000,4.000000,4.000000,4.000000,4.000000,4.000000,4.000000,83.333336
1614076739.350585,25.000000,0.000000,0.343452,-0.366634,4.406142,2.947742,-4.631866,-1.336671,5.017537,-4.190223,6.483060,6.877466,14.539952,1.522221,4.473413,17.053598,-1.027169,166.462967,7.119170,-10.571725,3.638483,-87.360741,-38.083511,-2.096655,-3.440328,-5.153260,2.340994,9.631268,2.687587,1.278524,-2.322757,11.446515,9.471607,12.406646,0.000000,205.000000,4.000000,,,,0.000000,4.000000,4.000000,4.000000,4.000000,4.000000,4.000000,4.000000,4.000000,4.000000,4.000000,4.000000,4.000000,4.000000,4.000000,4.000000,4.000000,4.000000,4.000000,2.000000,4.000000,4.000000,4.000000,4.000000,4.000000,4.000000,4.000000,4.000000,4.000000,4.000000,4.000000,4.000000,4.000000,83.333336
1614076739.358234,26.000000,0.000000,3.932852,-0.366267,5.427377,2.431974,-5.652875,3.280051,6.038160,9.147301,9.040680,13.024434,26.320284,9.213006,16.776630,25.241673,21.025141,166.296494,14.804358,22.259359,29.788691,-54.965683,-10.353119,14.315698,8.357985,-1.558363,8.492498,11.672918,7.300283,1.277245,0.243668,11.435069,11.000597,21.625008,0.000000,135.000000,4.000000,,,,0.000000,4.000000,4.000000,4.000000,4.000000,4.000000,4.000000,4.000000,4.000000,4.000000,4.000000,4.000000,4.000000,4.000000,4.000000,4.000000,4.000000,4.000000,4.000000,2.000000,4.000000,4.000000,4.000000,4.000000,4.000000,4.000000,4.000000,4.000000,4.000000,4.000000,4.000000,4.000000,4.000000,83.333336
1614076739.365983,27.000000,0.000000,5.467381,-0.878722,7.986052,2.429542,-0.006196,8.917796,5.519302,16.317640,8.518819,19.165257,30.909348,8.690973,21.375238,27.267714,33.311806,173.309692,22.481861,55.057613,54.887108,-30.808155,11.708516,38.403946,18.093216,14.340631,7.458365,11.148425,8.831445,1.275968,1.781886,11.936454,13.040879,20.577742,0.000000,205.000000,4.000000,,,,0.000000,4.000000,4.000000,4.000000,4.000000,4.000000,4.000000,4.000000,4.000000,4.000000,4.000000,4.000000,4.000000,4.000000,4.000000,4.000000,4.000000,4.000000,4.000000,2.000000,4.000000,4.000000,4.000000,4.000000,4.000000,4.000000,4.000000,4.000000,4.000000,4.000000,4.000000,4.000000,4.000000,83.333336
1614076739.373632,28.000000,0.000000,5.461913,-0.877843,15.670373,2.427112,6.660477,9.421699,6.026603,10.147476,8.510300,21.197372,25.750235,7.143820,16.225658,30.830189,28.150290,189.033813,22.459379,40.643581,42.524529,-37.956833,4.517321,34.775799,14.485379,24.069880,7.963727,11.137277,8.822614,1.274692,1.267283,12.437339,13.540658,17.480242,0.000000,160.000000,4.000000,,,,0.000000,4.000000,4.000000,4.000000,4.000000,4.000000,4.000000,4.000000,4.000000,4.000000,4.000000,4.000000,4.000000,4.000000,4.000000,4.000000,4.000000,4.000000,4.000000,2.000000,4.000000,4.000000,4.000000,4.000000,4.000000,4.000000,4.000000,4.000000,4.000000,4.000000,4.000000,4.000000,4.000000,83.333336
1614076739.381381,29.000000,0.000000,5.456451,-0.876965,18.218805,1.911865,3.576893,4.796893,4.994936,1.932201,7.476149,16.047970,14.442432,6.623856,8.004305,28.235256,12.224704,182.690933,12.180510,9.320886,22.482004,-64.072723,-20.102581,5.510253,4.727304,14.302220,7.955764,11.638960,4.198406,1.273417,1.266016,6.271055,12.501477,17.462761,0.000000,181.000000,4.000000,,,,0.000000,4.000000,4.000000,4.000000,4.000000,4.000000,4.000000,4.000000,4.000000,4.000000,4.000000,4.000000,4.000000,4.000000,4.000000,4.000000,4.000000,4.000000,4.000000,2.000000,4.000000,4.000000,4.000000,4.000000,4.000000,4.000000,4.000000,4.000000,4.000000,4.000000,4.000000,4.000000,4.000000,83.333336
1614076739.389030,30.000000,0.000000,3.399713,-0.876088,14.610843,2.935594,-1.554889,2.227993,2.425838,-2.172296,4.904570,9.365255,8.786964,2.514668,3.893737,15.386508,1.956069,158.405685,3.963201,1.106437,20.921061,-75.803520,-29.313248,-3.726026,-0.405628,-0.583877,4.358064,11.627321,2.142926,1.272144,1.264750,5.751963,12.488976,16.932478,0.000000,190.000000,4.000000,,,,0.000000,4.000000,4.000000,4.000000,4.000000,4.000000,4.000000,4.000000,4.000000,4.000000,4.000000,4.000000,4.000000,4.000000,4.000000,4.000000,4.000000,4.000000,4.000000,2.000000,4.000000,4.000000,4.000000,4.000000,4.000000,4.000000,4.000000,4.000000,4.000000,4.000000,4.000000,4.000000,4.000000,83.333336
1614076739.396879,31.000000,0.000000,1.345031,-0.875212,18.698797,5.496761,0.497948,2.225765,1.397771,-4.221406,4.386845,8.330250,7.752536,-2.616052,1.325740,4.089070,4.005395,153.631882,5.497700,8.797638,21.412960,-65.984131,-23.130089,15.252059,-1.943684,-5.198678,5.892168,13.666976,4.704885,1.270872,1.263485,18.566725,16.579050,21.018110,0.000000,181.000000,4.000000,,,,0.000000,4.000000,4.000000,4.000000,4.000000,4.000000,4.000000,4.000000,4.000000,4.000000,4.000000,4.000000,4.000000,4.000000,4.000000,4.000000,4.000000,4.000000,4.000000,2.000000,4.000000,4.000000,4.000000,4.000000,4.000000,4.000000,4.000000,4.000000,4.000000,4.000000,4.000000,4.000000,4.000000,83.333336
1614076739.404628,32.000000,0.000000,1.856506,-0.874337,26.372406,6.516905,3.061553,2.223539,1.909194,-4.730004,4.382458,8.834740,2.616579,-4.664718,-5.855072,-3.607327,-1.126815,155.529541,6.517843,12.891404,21.391546,-61.302761,-23.619780,19.852192,-0.916099,-3.655017,8.450378,15.704591,5.213001,1.269601,1.262222,24.189182,20.665035,28.176579,8064.000000,0.000000,4.000000,,,,0.000000,4.000000,4.000000,4.000000,4.000000,4.000000,4.000000,4.000000,4.000000,4.000000,4.000000,4.000000,4.000000,4.000000,4.000000,4.000000,4.000000,4.000000,4.000000,2.000000,4.000000,4.000000,4.000000,4.000000,4.000000,4.000000,4.000000,4.000000,4.000000,4.000000,4.000000,4.000000,4.000000,83.333336
1614076739.412477,33.000000,0.000000,-0.196632,-0.873462,25.833212,5.997568,2.545671,2.221316,1.907284,-4.725275,4.378075,6.774623,-8.155269,-7.224155,-19.695372,-16.937054,-25.741074,131.784271,-2.206624,-2.506102,18.293232,-77.138893,-35.903851,-5.808686,-3.479286,0.451202,2.288082,13.637604,5.720608,1.268331,1.260960,18.011148,19.105909,25.584299,8064.000000,0.000000,4.000000,,,,0.000000,4.000000,4.000000,4.000000,4.000000,4.000000,4.000000,4.000000,4.000000,4.000000,4.000000,4.000000,4.000000,4.000000,4.000000,4.000000,4.000000,4.000000,4.000000,2.000000,4.000000,4.000000,4.000000,4.000000,4.000000,4.000000,4.000000,4.000000,4.000000,4.000000,4.000000,4.000000,4.000000,83.333336
1614076739.420226,34.000000,0.000000,-5.324641,-0.872589,21.704815,5.991570,2.030304,1.706274,1.905377,-4.720549,4.886518,3.690925,-14.813780,-11.832316,-28.393625,-24.099604,-42.638409,108.575562,-9.383904,-31.221544,-0.186600,-98.087395,-52.278202,-19.649031,-9.116832,0.963571,-6.432155,11.572684,3.150785,1.267063,1.259699,14.403393,16.009880,17.353586,8064.000000,0.000000,4.000000,,,,0.000000,4.000000,4.000000,4.000000,4.000000,4.000000,4.000000,4.000000,4.000000,4.000000,4.000000,4.000000,4.000000,4.000000,4.000000,4.000000,4.000000,4.000000,4.000000,2.000000,4.000000,4.000000,4.000000,4.000000,4.000000,4.000000,4.000000,4.000000,4.000000,4.000000,4.000000,4.000000,4.000000,83.333336
1614076739.428075,35.000000,0.000000,-6.344957,-0.871716,21.683111,5.985579,2.541095,2.217388,1.903472,-4.203008,3.855990,5.225696,-4.029736,-7.205099,-15.031898,-6.126785,-26.185514,120.261856,-6.297597,-35.805710,-8.904362,-103.630333,-55.302849,-4.244767,-12.697459,-8.268162,-7.964184,11.561111,-4.031853,1.265796,1.258439,15.414631,16.506691,18.874695,8064.000000,0.000000,4.000000,,,,0.000000,4.000000,4.000000,4.000000,4.000000,4.000000,4.000000,4.000000,4.000000,4.000000,4.000000,4.000000,4.000000,4.000000,4.000000,4.000000,4.000000,4.000000,4.000000,2.000000,4.000000,4.000000,4.000000,4.000000,4.000000,4.000000,4.000000,4.000000,4.000000,4.000000,4.000000,4.000000,4.000000,83.333336
1614076739.435824,36.000000,0.000000,-3.261689,-0.870845,22.174248,5.979593,3.051374,4.266453,1.901568,-3.685985,4.877775,9.835855,16.999935,5.622619,14.213903,20.546007,6.661184,151.423645,1.401008,-2.949389,20.848133,-84.552345,-34.734726,3.451786,-9.607839,-17.490664,-6.930579,11.549551,-5.053462,1.264530,1.257180,15.912037,17.003004,24.496845,8064.000000,0.000000,4.000000,,,,0.000000,4.000000,4.000000,4.000000,4.000000,4.000000,4.000000,4.000000,4.000000,4.000000,4.000000,4.000000,4.000000,4.000000,4.000000,4.000000,4.000000,4.000000,4.000000,2.000000,4.000000,4.000000,4.000000,4.000000,4.000000,4.000000,4.000000,4.000000,4.000000,4.000000,4.000000,4.000000,4.000000,83.333336
1614076739.443673,37.000000,0.000000,-1.719966,-1.382794,21.639254,5.973613,5.099605,5.800648,1.899667,-3.682299,12.565206,12.902942,27.239346,13.309304,30.609945,35.910076,28.192986,183.067093,8.579094,29.874073,51.083694,-55.749844,-9.571786,-0.654230,-2.931564,-10.806505,-4.872366,11.538001,2.643899,1.263265,0.743103,13.332022,15.960361,24.985170,8064.000000,0.000000,4.000000,,,,0.000000,4.000000,4.000000,4.000000,4.000000,4.000000,4.000000,4.000000,4.000000,4.000000,4.000000,4.000000,4.000000,4.000000,4.000000,4.000000,4.000000,4.000000,4.000000,2.000000,4.000000,4.000000,4.000000,4.000000,4.000000,4.000000,4.000000,4.000000,4.000000,4.000000,4.000000,4.000000,4.000000,83.333336
1614076739.451423,38.000000,0.000000,-2.743887,-0.355771,21.104794,5.967640,8.171428,6.307668,1.897767,-4.191437,19.732126,15.966962,27.212107,12.783175,30.579336,37.925449,28.677612,200.319916,12.160258,45.228813,46.930046,-39.283836,-0.331444,15.243859,1.686752,6.127378,-1.277751,11.526464,6.230999,1.262002,1.768001,10.241767,15.944400,23.421722,8064.000000,0.000000,4.000000,,,,0.000000,4.000000,4.000000,4.000000,4.000000,4.000000,4.000000,4.000000,4.000000,4.000000,4.000000,4.000000,4.000000,4.000000,4.000000,4.000000,4.000000,4.000000,4.000000,2.000000,4.000000,4.000000,4.000000,4.000000,4.000000,4.000000,4.000000,4.000000,4.000000,4.000000,4.000000,4.000000,4.000000,83.333336
1614076739.459271,39.000000,0.000000,-2.228323,1.695867,21.596508,5.961672,10.727359,8.352642,1.895869,-3.674425,19.712395,16.976637,26.672073,4.565263,21.830809,25.067011,13.777140,185.247803,9.583996,28.773329,30.985680,-42.834297,-3.920856,29.587591,2.710707,15.352020,0.261989,11.514936,5.199127,1.260740,3.304694,13.308448,16.441277,24.423943,8064.000000,0.000000,4.000000,,,,0.000000,4.000000,4.000000,4.000000,4.000000,4.000000,4.000000,4.000000,4.000000,4.000000,4.000000,4.000000,4.000000,4.000000,4.000000,4.000000,4.000000,4.000000,4.000000,2.000000,4.000000,4.000000,4.000000,4.000000,4.000000,4.000000,4.000000,4.000000,4.000000,4.000000,4.000000,4.000000,4.000000,83.333336
1614076739.467021,40.000000,0.000000,-2.226094,3.232633,21.574913,5.955710,10.203812,9.882751,1.893973,-4.696392,19.692682,12.857096,16.901812,-6.721354,1.808977,0.426559,-2.646894,158.908707,2.907745,3.616350,24.800848,-57.663258,-15.711807,9.045182,0.656714,13.285386,1.287368,11.503422,5.193928,1.259479,5.352672,21.500267,16.424835,29.527723,8064.000000,0.000000,4.000000,,,,0.000000,4.000000,4.000000,4.000000,4.000000,4.000000,4.000000,4.000000,4.000000,4.000000,4.000000,4.000000,4.000000,4.000000,4.000000,4.000000,4.000000,4.000000,4.000000,2.000000,4.000000,4.000000,4.000000,4.000000,4.000000,4.000000,4.000000,4.000000,4.000000,4.000000,4.000000,4.000000,4.000000,83.333336
1614076739.474870,41.000000,0.000000,-2.223868,2.716580,21.553337,5.949755,6.091043,9.872869,1.892080,-9.307079,20.185810,8.741674,-3.115090,-11.842837,-16.654371,-13.932841,-10.336555,156.698517,-2.736188,4.125555,27.852970,-65.810722,-24.926865,-10.451042,-0.882404,10.707998,3.337362,11.491919,6.214375,1.258220,7.911421,22.504408,16.408409,32.062298,8064.000000,0.000000,4.000000,,,,0.000000,4.000000,4.000000,4.000000,4.000000,4.000000,4.000000,4.000000,4.000000,4.000000,4.000000,4.000000,4.000000,4.000000,4.000000,4.000000,4.000000,4.000000,4.000000,2.000000,4.000000,4.000000,4.000000,4.000000,4.000000,4.000000,4.000000,4.000000,4.000000,4.000000,4.000000,4.000000,4.000000,83.333336
1614076739.482619,42.000000,0.000000,-1.708824,2.713863,21.531784,5.943805,2.495209,10.375816,1.890188,-14.425978,11.960497,4.630368,-12.342744,-10.292533,-19.201818,-15.457370,-18.531347,153.464905,-3.759093,14.377839,29.363579,-65.744911,-23.876297,0.841460,-0.881522,11.722931,4.872487,11.480427,6.720981,1.256962,8.929151,16.840879,16.392002,30.491774,8064.000000,0.000000,4.000000,,,,0.000000,4.000000,4.000000,4.000000,4.000000,4.000000,4.000000,4.000000,4.000000,4.000000,4.000000,4.000000,4.000000,4.000000,4.000000,4.000000,4.000000,4.000000,4.000000,2.000000,4.000000,4.000000,4.000000,4.000000,4.000000,4.000000,4.000000,4.000000,4.000000,4.000000,4.000000,4.000000,4.000000,83.333336
1614076739.490468,43.000000,0.000000,-2.732756,2.711149,22.023073,5.937861,1.979893,7.288517,1.888297,-15.437193,1.692126,-3.579390,-10.791940,-10.282241,-21.746719,-25.185503,-35.948711,126.131950,-5.293796,-7.687820,14.462421,-76.448395,-31.544729,4.430362,-1.393461,11.711208,3.329153,9.417664,2.611696,1.255705,4.817658,12.721474,16.375610,28.410000,8064.000000,0.000000,4.000000,,,,0.000000,4.000000,4.000000,4.000000,4.000000,4.000000,4.000000,4.000000,4.000000,4.000000,4.000000,4.000000,4.000000,4.000000,4.000000,4.000000,4.000000,4.000000,4.000000,2.000000,4.000000,4.000000,4.000000,4.000000,4.000000,4.000000,4.000000,4.000000,4.000000,4.000000,4.000000,4.000000,4.000000,83.333336
1614076739.498217,44.000000,0.000000,-2.217203,2.708438,20.975409,6.444744,2.490734,-1.949540,1.886409,-15.421756,-0.360848,-10.242477,-11.806789,-11.810420,-27.365999,-37.468010,-45.656353,113.698128,-8.878245,-39.475006,-7.603323,-95.859131,-53.051643,-14.035607,-3.443350,7.596932,-2.315202,6.844144,-3.031941,0.741629,0.710276,12.195931,16.359234,25.304667,8064.000000,0.000000,4.000000,,,,0.000000,4.000000,4.000000,4.000000,4.000000,4.000000,4.000000,4.000000,4.000000,4.000000,4.000000,4.000000,4.000000,4.000000,4.000000,4.000000,4.000000,4.000000,4.000000,2.000000,4.000000,4.000000,4.000000,4.000000,4.000000,4.000000,4.000000,4.000000,4.000000,4.000000,4.000000,4.000000,4.000000,83.333336
1614076739.506066,45.000000,0.000000,0.349117,2.705730,17.364689,4.899837,1.975422,-6.562975,1.884523,-14.893514,1.177974,-10.232235,-11.794982,-10.772968,-19.646324,-29.738234,-34.328648,126.917763,-8.356546,-43.025272,-13.749566,-102.429939,-67.357567,-23.252340,-4.978368,-1.641434,-7.953913,7.350120,-1.490448,0.740887,0.709566,11.158094,16.342875,21.176798,8064.000000,0.000000,4.000000,,,,0.000000,4.000000,4.000000,4.000000,4.000000,4.000000,4.000000,4.000000,4.000000,4.000000,4.000000,4.000000,4.000000,4.000000,4.000000,4.000000,4.000000,4.000000,4.000000,2.000000,4.000000,4.000000,4.000000,4.000000,4.000000,4.000000,4.000000,4.000000,4.000000,4.000000,4.000000,4.000000,4.000000,83.333336
1614076739.513815,46.000000,0.000000,0.861589,2.703024,14.270402,2.330835,1.973447,-5.017951,1.882638,-12.314517,0.663975,-9.196362,-3.578059,-7.172452,-8.344627,-9.195675,-22.499445,124.739563,-6.809729,-48.623272,-12.710176,-101.814682,-69.854317,-18.613703,-7.024672,-10.870562,-11.535703,7.855590,-4.565880,1.252967,1.734497,11.146936,16.326532,19.617161,8064.000000,0.000000,4.000000,,,,0.000000,4.000000,4.000000,4.000000,4.000000,4.000000,4.000000,4.000000,4.000000,4.000000,4.000000,4.000000,4.000000,4.000000,4.000000,4.000000,4.000000,4.000000,4.000000,2.000000,4.000000,4.000000,4.000000,4.000000,4.000000,4.000000,4.000000,4.000000,4.000000,4.000000,4.000000,4.000000,4.000000,83.333336
1614076739.521464,47.000000,0.000000,-3.754658,2.700321,13.743311,1.815684,2.484294,-5.012933,1.880755,-10.763741,0.663311,-9.699986,4.630647,-6.652459,-6.285000,0.044290,-19.912844,124.614822,-11.931124,-54.215675,-10.133363,-100.687233,-55.425484,-14.492526,-9.581749,-15.987896,-12.036987,6.822094,-16.356186,0.738893,0.707122,11.648610,16.310205,20.110363,8064.000000,0.000000,4.000000,,,,0.000000,4.000000,4.000000,4.000000,4.000000,4.000000,4.000000,4.000000,4.000000,4.000000,4.000000,4.000000,4.000000,4.000000,4.000000,4.000000,4.000000,4.000000,4.000000,2.000000,4.000000,4.000000,4.000000,4.000000,4.000000,4.000000,4.000000,4.000000,4.000000,4.000000,4.000000,4.000000,4.000000,83.333336
1614076739.529213,48.000000,0.000000,-5.802185,2.697621,14.242389,2.326689,2.481810,-6.546382,1.366054,-11.265798,1.175469,-9.690286,5.138837,-6.645806,-2.176151,-1.494216,-8.098059,154.746613,-10.893552,-21.340948,19.107540,-74.432693,-22.549545,-5.247264,-6.495245,-10.330882,-4.845463,9.379375,-9.673163,0.738154,0.193594,10.611320,16.293896,20.090254,8064.000000,0.000000,4.000000,,,,0.000000,4.000000,4.000000,4.000000,4.000000,4.000000,4.000000,4.000000,4.000000,4.000000,4.000000,4.000000,4.000000,4.000000,4.000000,4.000000,4.000000,4.000000,4.000000,2.000000,4.000000,4.000000,4.000000,4.000000,4.000000,4.000000,4.000000,4.000000,4.000000,4.000000,4.000000,4.000000,4.000000,83.333336
1614076739.536862,49.000000,0.000000,-2.719460,2.694923,13.715325,2.324362,2.479328,-5.001374,2.390329,-11.254532,0.661473,-9.167775,4.108057,-2.536597,5.005512,-0.979901,6.781834,165.361099,8.091701,11.500906,51.908943,-41.537750,3.114029,15.270803,1.203558,7.115346,10.543998,17.575123,14.439074,6.378442,3.783144,12.139171,16.277601,21.095804,8064.000000,0.000000,4.000000,,,,0.000000,4.000000,4.000000,4.000000,4.000000,4.000000,4.000000,4.000000,4.000000,4.000000,4.000000,4.000000,4.000000,4.000000,4.000000,4.000000,4.000000,4.000000,4.000000,2.000000,4.000000,4.000000,4.000000,4.000000,4.000000,4.000000,4.000000,4.000000,4.000000,4.000000,4.000000,4.000000,4.000000,83.333336
1614076739.544611,50.000000,0.000000,-1.178279,2.692228,13.701610,2.322038,2.476849,-2.432270,4.439221,-11.243278,2.199273,-9.158607,5.129590,1.055684,5.513327,0.046720,2.672488,142.118820,21.416943,-5.433671,44.164730,-39.957752,3.110915,30.640148,3.766458,25.056948,20.789864,23.198574,20.065660,12.525909,8.394746,18.793697,16.261324,23.638811,8064.000000,0.000000,4.000000,,,,0.000000,4.000000,4.000000,4.000000,4.000000,4.000000,4.000000,4.000000,4.000000,4.000000,4.000000,4.000000,4.000000,4.000000,4.000000,4.000000,4.000000,4.000000,4.000000,2.000000,4.000000,4.000000,4.000000,4.000000,4.000000,4.000000,4.000000,4.000000,4.000000,4.000000,4.000000,4.000000,4.000000,83.333336
1614076739.552260,51.000000,0.000000,-3.228383,2.689536,14.200729,2.319715,2.987192,-1.404197,5.973243,-11.232035,4.761176,-9.149448,4.611640,-2.535116,4.482173,-0.466147,-3.996851,148.643372,7.549372,-19.274391,26.171846,-55.302410,-1.507580,21.891560,-0.339873,29.134455,17.692152,23.688196,10.302005,12.000563,8.899171,22.364649,16.245062,24.640814,8064.000000,0.000000,4.000000,,,,0.000000,4.000000,4.000000,4.000000,4.000000,4.000000,4.000000,4.000000,4.000000,4.000000,4.000000,4.000000,4.000000,4.000000,4.000000,4.000000,4.000000,4.000000,4.000000,2.000000,4.000000,4.000000,4.000000,4.000000,4.000000,4.000000,4.000000,4.000000,4.000000,4.000000,4.000000,4.000000,4.000000,83.333336
1614076739.560010,52.000000,0.000000,-5.789257,2.174026,14.186528,2.317396,2.471385,-0.889972,5.454449,-8.656700,5.269235,-9.140299,4.607028,-6.635145,5.503332,-0.465681,-1.941572,179.263947,-6.817152,4.847447,32.299519,-56.272747,-4.582996,-0.181614,-3.929277,21.925835,8.443689,19.049122,8.240420,8.911639,8.377452,16.188437,16.228817,24.616173,8064.000000,0.000000,4.000000,,,,0.000000,4.000000,4.000000,4.000000,4.000000,4.000000,4.000000,4.000000,4.000000,4.000000,4.000000,4.000000,4.000000,4.000000,4.000000,4.000000,4.000000,4.000000,4.000000,2.000000,4.000000,4.000000,4.000000,4.000000,4.000000,4.000000,4.000000,4.000000,4.000000,4.000000,4.000000,4.000000,4.000000,83.333336
1614076739.567659,53.000000,0.000000,-5.783467,3.197493,14.172341,2.315078,2.981734,1.162200,5.448995,-7.622402,4.751146,-9.643979,4.602421,-6.628510,-1.168838,-2.516498,-12.196041,166.776993,-4.759053,-0.798426,25.600554,-61.344681,-14.322002,-3.771176,-4.950989,16.262882,3.819861,12.363407,10.796283,8.389907,8.881895,11.044044,16.212589,24.078735,8064.000000,0.000000,4.000000,,,,0.000000,4.000000,4.000000,4.000000,4.000000,4.000000,4.000000,4.000000,4.000000,4.000000,4.000000,4.000000,4.000000,4.000000,4.000000,4.000000,4.000000,4.000000,4.000000,2.000000,4.000000,4.000000,4.000000,4.000000,4.000000,4.000000,4.000000,4.000000,4.000000,4.000000,4.000000,4.000000,4.000000,83.333336
1614076739.575408,54.000000,0.000000,-5.777684,5.245577,14.670990,2.312763,6.055675,2.699499,5.443546,-7.614779,4.746395,-9.634336,-0.017566,-8.160342,-11.936900,-6.616545,-28.081280,134.302521,-5.267114,-26.951473,2.498030,-73.078209,-18.923065,11.104390,-6.484499,14.195337,7.405785,10.812582,8.734204,8.894338,8.360192,11.545820,16.196375,24.054657,8064.000000,0.000000,4.000000,,,,0.000000,4.000000,4.000000,4.000000,4.000000,4.000000,4.000000,4.000000,4.000000,4.000000,4.000000,4.000000,4.000000,4.000000,4.000000,4.000000,4.000000,4.000000,4.000000,2.000000,4.000000,4.000000,4.000000,4.000000,4.000000,4.000000,4.000000,4.000000,4.000000,4.000000,4.000000,4.000000,4.000000,83.333336
1614076739.583057,55.000000,0.000000,-5.771906,6.265973,13.117857,2.310451,6.049619,2.183980,5.950923,-4.530242,4.741648,-9.111880,-3.094471,-6.613721,-12.437784,-9.686852,-26.001917,140.322067,-8.338770,-21.283497,7.110917,-74.543587,-24.545168,12.631747,-5.452374,12.642681,5.859918,11.314590,7.187009,8.372622,8.351832,12.047095,16.180180,25.056244,8064.000000,0.000000,4.000000,,,,0.000000,4.000000,4.000000,4.000000,4.000000,4.000000,4.000000,4.000000,4.000000,4.000000,4.000000,4.000000,4.000000,4.000000,4.000000,4.000000,4.000000,4.000000,4.000000,2.000000,4.000000,4.000000,4.000000,4.000000,4.000000,4.000000,4.000000,4.000000,4.000000,4.000000,4.000000,4.000000,4.000000,83.333336
1614076739.590806,56.000000,0.000000,-5.766134,6.772527,11.053457,2.308140,1.428185,2.181796,3.893690,-0.423147,4.736907,-9.615589,-3.091377,-6.094286,-9.348423,-18.395113,-24.950274,145.309952,-7.304790,-26.390419,18.385857,-84.725456,-47.084724,0.824244,-4.421280,14.681320,-9.017737,3.098147,8.718284,8.364250,8.856300,10.496586,15.651178,20.928623,8064.000000,0.000000,4.000000,,,,0.000000,4.000000,4.000000,4.000000,4.000000,4.000000,4.000000,4.000000,4.000000,4.000000,4.000000,4.000000,4.000000,4.000000,4.000000,4.000000,4.000000,4.000000,4.000000,2.000000,4.000000,4.000000,4.000000,4.000000,4.000000,4.000000,4.000000,4.000000,4.000000,4.000000,4.000000,4.000000,4.000000,83.333336
1614076739.598455,57.000000,0.000000,-5.760368,6.252934,10.016763,2.305832,-1.650166,2.179614,1.838514,-0.422724,4.219349,-10.118794,-6.165208,-13.267679,-13.441639,-29.658770,-39.797119,112.856949,-16.015434,-58.671719,-4.709452,-112.845863,-73.704308,-4.304786,-12.109166,9.025613,-22.342052,-5.110079,5.119822,6.817424,7.308983,8.434808,13.584246,12.189746,8064.000000,0.000000,4.000000,,,,0.000000,4.000000,4.000000,4.000000,4.000000,4.000000,4.000000,4.000000,4.000000,4.000000,4.000000,4.000000,4.000000,4.000000,4.000000,4.000000,4.000000,4.000000,4.000000,2.000000,4.000000,4.000000,4.000000,4.000000,4.000000,4.000000,4.000000,4.000000,4.000000,4.000000,4.000000,4.000000,4.000000,83.333336
1614076739.606304,58.000000,0.000000,-5.754608,5.733861,10.519567,2.303526,-1.135695,2.690255,2.862317,0.603339,4.727950,-3.954829,1.020444,-10.177488,-7.274351,-20.911161,-37.706039,95.821014,-19.589163,-64.254074,-19.576538,-119.399681,-75.169067,-1.736378,-13.635519,-10.983413,-14.627403,-0.489585,-4.116067,4.246504,4.224751,7.400732,12.032200,8.587812,8064.000000,0.000000,4.000000,,,,0.000000,4.000000,4.000000,4.000000,4.000000,4.000000,4.000000,4.000000,4.000000,4.000000,4.000000,4.000000,4.000000,4.000000,4.000000,4.000000,4.000000,4.000000,4.000000,2.000000,4.000000,4.000000,4.000000,4.000000,4.000000,4.000000,4.000000,4.000000,4.000000,4.000000,4.000000,4.000000,4.000000,83.333336
1614076739.614053,59.000000,0.000000,-3.697571,9.317871,10.509048,2.301223,-1.134560,4.738846,5.423557,5.730941,6.774504,6.818357,23.070705,10.345510,17.348309,8.853338,-4.847821,128.545715,7.097093,-31.369307,8.135347,-86.459770,-43.299023,4.419204,5.352476,-16.100634,6.412866,7.716033,-0.009387,5.267899,6.784629,7.906152,12.532988,11.656147,8064.000000,0.000000,4.000000,,,,0.000000,4.000000,4.000000,4.000000,4.000000,4.000000,4.000000,4.000000,4.000000,4.000000,4.000000,4.000000,4.000000,4.000000,4.000000,4.000000,4.000000,4.000000,4.000000,2.000000,4.000000,4.000000,4.000000,4.000000,4.000000,4.000000,4.000000,4.000000,4.000000,4.000000,4.000000,4.000000,4.000000,83.333336
1614076739.621902,60.000000,0.000000,-1.642592,13.411117,10.498538,2.298922,-1.133425,6.272569,5.930954,8.289313,8.819012,13.478205,30.227121,21.617216,30.664293,27.306025,23.362156,161.237671,27.602818,-14.414861,32.742596,-53.552795,-10.435212,17.748117,21.757380,8.530851,18.714146,10.785240,22.041904,7.826734,11.393229,7.898245,12.520455,13.182953,8064.000000,0.000000,4.000000,,,,0.000000,4.000000,4.000000,4.000000,4.000000,4.000000,4.000000,4.000000,4.000000,4.000000,4.000000,4.000000,4.000000,4.000000,4.000000,4.000000,4.000000,4.000000,4.000000,2.000000,4.000000,4.000000,4.000000,4.000000,4.000000,4.000000,4.000000,4.000000,4.000000,4.000000,4.000000,4.000000,4.000000,83.333336
1614076739.629651,61.000000,0.000000,-2.153769,12.372065,10.488040,2.296623,-1.132292,5.753476,4.899382,5.204101,8.810193,12.951906,17.889202,13.903291,20.890039,21.124872,22.313152,155.435410,19.882906,-13.887626,35.273956,-36.063347,8.549582,37.730370,21.735622,28.009501,18.695431,10.774455,31.250631,8.844548,8.817733,7.890347,11.995114,12.656949,8192.000000,0.000000,4.000000,,,,0.000000,4.000000,4.000000,4.000000,4.000000,4.000000,4.000000,4.000000,4.000000,4.000000,4.000000,4.000000,4.000000,4.000000,4.000000,4.000000,4.000000,4.000000,4.000000,2.000000,4.000000,4.000000,4.000000,4.000000,4.000000,4.000000,4.000000,4.000000,4.000000,4.000000,4.000000,4.000000,4.000000,83.333336
1614076739.637500,62.000000,0.000000,-1.638795,9.282769,10.477551,1.781505,-1.131159,5.747723,5.407303,3.660435,8.288562,12.426133,16.845673,11.325284,15.228124,17.514004,19.213915,173.228699,23.452766,18.946775,47.546375,-28.334974,9.053853,48.974689,21.713886,29.007132,18.163916,11.789322,17.886047,8.322883,4.193531,7.369637,12.495939,12.644293,8064.000000,0.000000,4.000000,,,,0.000000,4.000000,4.000000,4.000000,4.000000,4.000000,4.000000,4.000000,4.000000,4.000000,4.000000,4.000000,4.000000,4.000000,4.000000,4.000000,4.000000,4.000000,4.000000,2.000000,4.000000,4.000000,4.000000,4.000000,4.000000,4.000000,4.000000,4.000000,4.000000,4.000000,4.000000,4.000000,4.000000,83.333336
1614076739.645249,63.000000,0.000000,-1.637156,9.273487,10.467074,2.805365,-0.617208,5.741975,5.914716,3.143954,9.305915,13.952169,20.418570,13.365241,15.725716,24.163157,23.810087,205.875977,28.044699,41.491932,58.780880,-33.434845,2.890954,29.951357,19.128071,28.978125,17.120110,11.777533,11.201495,7.288919,4.189337,7.875087,11.970623,12.631648,8192.000000,0.000000,4.000000,,,,0.000000,4.000000,4.000000,4.000000,4.000000,4.000000,4.000000,4.000000,4.000000,4.000000,4.000000,4.000000,4.000000,4.000000,4.000000,4.000000,4.000000,4.000000,4.000000,2.000000,4.000000,4.000000,4.000000,4.000000,4.000000,4.000000,4.000000,4.000000,4.000000,4.000000,4.000000,4.000000,4.000000,83.333336
1614076739.653098,64.000000,0.000000,-5.738083,9.777034,10.456607,1.264098,-1.642232,5.736233,4.883161,-0.961754,7.245327,11.374114,7.577639,4.633927,1.863836,10.805659,6.863199,173.362411,2.888449,9.142746,36.157997,-57.503975,-18.650398,0.690637,4.749968,26.385044,7.872221,9.714473,13.754395,5.230348,5.210789,8.380033,12.471473,13.644657,0.000000,191.000000,4.000000,,,,0.000000,4.000000,4.000000,4.000000,4.000000,4.000000,4.000000,4.000000,4.000000,4.000000,4.000000,4.000000,4.000000,4.000000,4.000000,4.000000,4.000000,4.000000,4.000000,2.000000,4.000000,4.000000,4.000000,4.000000,4.000000,4.000000,4.000000,4.000000,4.000000,4.000000,4.000000,4.000000,4.000000,83.333336
1614076739.660847,65.000000,0.000000,-9.322089,9.767257,7.882048,-1.301269,-5.230333,5.730496,1.801354,-4.550536,0.571415,6.747355,-4.737631,-4.088655,-12.497002,-15.358993,-22.887253,140.881363,-9.934953,-23.174089,7.916710,-75.908005,-43.759953,-0.335695,-6.024013,13.538146,0.172041,7.653476,8.099616,4.199477,4.179937,6.320371,12.459002,11.579731,0.000000,198.000000,4.000000,,,,0.000000,4.000000,4.000000,4.000000,4.000000,4.000000,4.000000,4.000000,4.000000,4.000000,4.000000,4.000000,4.000000,4.000000,4.000000,4.000000,4.000000,4.000000,4.000000,2.000000,4.000000,4.000000,4.000000,4.000000,4.000000,4.000000,4.000000,4.000000,4.000000,4.000000,4.000000,4.000000,4.000000,83.333336
1614076739.668696,66.000000,0.000000,-7.261485,10.270310,3.771601,1.264135,-8.302026,6.237586,1.799553,-4.545986,-3.531721,4.689326,-4.220073,-4.084567,-11.971684,-16.882095,-25.428469,143.817398,3.921136,-6.227838,12.524178,-73.780815,-47.818756,11.972333,-6.017989,4.293838,-0.853772,7.133002,4.501772,4.708098,4.175757,5.288409,12.446543,9.516869,0.000000,199.000000,4.000000,,,,0.000000,4.000000,4.000000,4.000000,4.000000,4.000000,4.000000,4.000000,4.000000,4.000000,4.000000,4.000000,4.000000,4.000000,4.000000,4.000000,4.000000,4.000000,4.000000,2.000000,4.000000,4.000000,4.000000,4.000000,4.000000,4.000000,4.000000,4.000000,4.000000,4.000000,4.000000,4.000000,4.000000,83.333336
1614076739.676446,67.000000,0.000000,-5.202941,9.234399,3.255009,5.365435,-7.780903,5.718528,4.361856,-4.028619,-3.015369,5.197457,-3.190212,-2.542021,-10.934072,-5.583162,-16.685091,168.288971,-0.185349,10.701467,21.742422,-78.835243,-46.745296,-0.347332,-6.011971,5.828006,-0.340098,7.638690,10.138296,4.190569,6.735684,8.872865,12.434096,13.097095,0.000000,188.000000,4.000000,,,,0.000000,4.000000,4.000000,4.000000,4.000000,4.000000,4.000000,4.000000,4.000000,4.000000,4.000000,4.000000,4.000000,4.000000,4.000000,4.000000,4.000000,4.000000,4.000000,2.000000,4.000000,4.000000,4.000000,4.000000,4.000000,4.000000,4.000000,4.000000,4.000000,4.000000,4.000000,4.000000,4.000000,83.333336
1614076739.684295,68.000000,0.000000,-6.223379,11.789267,6.328678,6.385711,-5.721840,5.712810,5.895956,-4.537411,-2.499533,5.705081,-4.725483,-3.565120,-12.461599,-8.141681,-25.386354,145.043747,-16.082600,-19.565645,0.695039,-103.884613,-61.570347,-16.757240,-6.005959,6.334999,-0.852578,10.195153,10.128159,4.699199,8.780231,11.940914,14.985765,19.237844,0.000000,196.000000,4.000000,,,,0.000000,4.000000,4.000000,4.000000,4.000000,4.000000,4.000000,4.000000,4.000000,4.000000,4.000000,4.000000,4.000000,4.000000,4.000000,4.000000,4.000000,4.000000,4.000000,2.000000,4.000000,4.000000,4.000000,4.000000,4.000000,4.000000,4.000000,4.000000,4.000000,4.000000,4.000000,4.000000,4.000000,83.333336
1614076739.692044,69.000000,0.000000,-4.165874,15.367221,7.347990,6.892146,-3.664836,6.732738,5.377239,-4.532874,-3.009854,4.160914,-2.156655,-3.561554,-5.782471,-10.184821,-28.950712,119.257683,-15.040875,-49.802490,-23.408220,-117.626884,-73.303650,-4.945611,-5.487133,-1.363644,0.173915,11.723420,4.989825,7.258603,8.258630,11.416153,17.022060,21.269890,0.000000,191.000000,4.000000,,,,0.000000,4.000000,4.000000,4.000000,4.000000,4.000000,4.000000,4.000000,4.000000,4.000000,4.000000,4.000000,4.000000,4.000000,4.000000,4.000000,4.000000,4.000000,4.000000,2.000000,4.000000,4.000000,4.000000,4.000000,4.000000,4.000000,4.000000,4.000000,4.000000,4.000000,4.000000,4.000000,4.000000,83.333336
1614076739.699893,70.000000,0.000000,-1.597605,8.685187,2.725257,3.808330,-5.199633,3.136262,5.371862,-4.015520,-3.006844,0.567009,0.922425,-3.045172,0.377158,-4.020791,-15.588428,134.523041,-8.871988,-37.444996,-8.513017,-101.611816,-58.871372,9.418308,-6.507287,-5.977665,-2.390361,9.147594,3.446373,8.789805,8.250371,10.891916,14.953756,20.222979,0.000000,197.000000,4.000000,,,,0.000000,4.000000,4.000000,4.000000,4.000000,4.000000,4.000000,4.000000,4.000000,4.000000,4.000000,4.000000,4.000000,4.000000,4.000000,4.000000,4.000000,4.000000,4.000000,2.000000,4.000000,4.000000,4.000000,4.000000,4.000000,4.000000,4.000000,4.000000,4.000000,4.000000,4.000000,4.000000,4.000000,83.333336
1614076739.707642,71.000000,0.000000,-2.108828,-0.554267,-2.405673,-2.862145,-12.886741,-3.533541,5.366490,-3.498684,-2.491017,-3.023301,-0.104139,-3.042127,0.376780,-1.965488,-3.777968,162.593643,-0.145168,-4.587037,24.316010,-69.715332,-28.556089,7.870429,1.191528,0.182159,-3.413612,7.599985,4.981389,7.755374,8.242121,11.906666,10.323419,14.561729,0.000000,172.000000,4.000000,,,,0.000000,4.000000,4.000000,4.000000,4.000000,4.000000,4.000000,4.000000,4.000000,4.000000,4.000000,4.000000,4.000000,4.000000,4.000000,4.000000,4.000000,4.000000,4.000000,2.000000,4.000000,4.000000,4.000000,4.000000,4.000000,4.000000,4.000000,4.000000,4.000000,4.000000,4.000000,4.000000,4.000000,83.333336
1614076739.715491,72.000000,0.000000,-2.619540,2.010390,-4.454549,-5.936205,-15.437957,-6.094110,5.361124,-5.033647,-2.488526,-2.507457,0.408786,-3.039085,3.966147,5.215965,4.943758,190.636185,19.342157,16.956013,39.163486,-40.414852,-7.501893,16.067686,14.010850,8.387105,5.307750,11.694949,8.566151,8.260440,8.233878,11.381938,8.261813,9.931783,0.000000,190.000000,4.000000,,,,0.000000,4.000000,4.000000,4.000000,4.000000,4.000000,4.000000,4.000000,4.000000,4.000000,4.000000,4.000000,4.000000,4.000000,4.000000,4.000000,4.000000,4.000000,4.000000,2.000000,4.000000,4.000000,4.000000,4.000000,4.000000,4.000000,4.000000,4.000000,4.000000,4.000000,4.000000,4.000000,4.000000,83.333336
1614076739.723240,73.000000,0.000000,-1.591280,9.700687,-3.937274,-4.904628,-12.345596,-5.062375,5.355762,-2.977331,-2.486037,2.110435,5.536582,-3.036046,11.654489,18.031261,14.682405,212.496826,31.117687,21.554440,30.919197,-28.579563,-4.930288,36.051620,16.048120,10.942820,12.481930,16.298639,15.224252,11.329103,8.225644,11.883377,8.766372,12.998775,0.000000,216.000000,4.000000,,,,0.000000,4.000000,4.000000,4.000000,4.000000,4.000000,4.000000,4.000000,4.000000,4.000000,4.000000,4.000000,4.000000,4.000000,4.000000,4.000000,4.000000,4.000000,4.000000,2.000000,4.000000,4.000000,4.000000,4.000000,4.000000,4.000000,4.000000,4.000000,4.000000,4.000000,4.000000,4.000000,4.000000,83.333336
1614076739.730889,74.000000,0.000000,-2.615329,10.203807,-3.933337,-4.899724,-11.820430,-5.570133,5.350407,1.641031,-2.483551,5.698068,9.633610,-3.033010,13.694117,21.090153,19.283106,211.771515,29.035286,23.071348,33.965199,-30.602266,-5.438178,32.938644,10.903868,12.983159,11.443807,14.231058,16.747488,11.317773,8.730239,11.871493,8.757605,16.062698,0.000000,201.000000,4.000000,,,,0.000000,4.000000,4.000000,4.000000,4.000000,4.000000,4.000000,4.000000,4.000000,4.000000,4.000000,4.000000,4.000000,4.000000,4.000000,4.000000,4.000000,4.000000,4.000000,2.000000,4.000000,4.000000,4.000000,4.000000,4.000000,4.000000,4.000000,4.000000,4.000000,4.000000,4.000000,4.000000,4.000000,83.333336
1614076739.738638,75.000000,0.000000,-2.099893,8.655142,-3.929404,-5.407644,-11.808609,-5.564563,5.345056,0.613749,-2.481067,5.692369,6.547053,-3.029977,9.577858,18.504961,16.699720,200.790512,24.390867,26.125198,44.187645,-31.597305,-2.355817,9.315962,9.867323,15.021459,7.842619,11.652724,15.705100,8.229532,8.208689,11.346802,8.236027,12.969713,0.000000,218.000000,4.000000,,,,0.000000,4.000000,4.000000,4.000000,4.000000,4.000000,4.000000,4.000000,4.000000,4.000000,4.000000,4.000000,4.000000,4.000000,4.000000,4.000000,4.000000,4.000000,4.000000,2.000000,4.000000,4.000000,4.000000,4.000000,4.000000,4.000000,4.000000,4.000000,4.000000,4.000000,4.000000,4.000000,4.000000,83.333336
1614076739.746287,76.000000,0.000000,2.517591,10.184948,-4.438295,-4.889416,-7.181416,-2.994896,5.339711,-2.976609,-2.478586,5.686677,3.463583,-3.026947,5.978537,14.383892,7.452252,191.358948,20.263912,24.047792,31.835766,-33.616989,-11.584230,4.178441,9.857455,13.980796,6.809136,11.641071,17.227856,8.221303,8.200480,12.361095,8.740611,12.443923,0.000000,189.000000,4.000000,,,,0.000000,4.000000,4.000000,4.000000,4.000000,4.000000,4.000000,4.000000,4.000000,4.000000,4.000000,4.000000,4.000000,4.000000,4.000000,4.000000,4.000000,4.000000,4.000000,2.000000,4.000000,4.000000,4.000000,4.000000,4.000000,4.000000,4.000000,4.000000,4.000000,4.000000,4.000000,4.000000,4.000000,83.333336
1614076739.754036,77.000000,0.000000,5.591997,10.174763,-3.408216,-4.884527,-4.097311,-0.940619,5.334372,-1.435171,-2.476108,4.655350,4.998581,-3.023920,0.331533,0.523354,-5.888534,168.090668,19.218006,11.716052,12.316750,-53.583374,-35.162388,16.994776,8.821957,14.992455,3.725404,9.578149,11.056783,8.725902,8.705100,11.323093,9.244691,13.457120,0.000000,185.000000,4.000000,,,,0.000000,4.000000,4.000000,4.000000,4.000000,4.000000,4.000000,4.000000,4.000000,4.000000,4.000000,4.000000,4.000000,4.000000,4.000000,4.000000,4.000000,4.000000,4.000000,2.000000,4.000000,4.000000,4.000000,4.000000,4.000000,4.000000,4.000000,4.000000,4.000000,4.000000,4.000000,4.000000,4.000000,83.333336
1614076739.761685,78.000000,0.000000,3.022302,9.651768,-3.917628,-4.879642,-3.580394,-1.452499,5.329037,0.104726,-1.960811,1.060951,1.403839,-3.020896,-10.438030,-12.297682,-18.703157,139.204620,13.044943,-10.859767,10.253151,-85.837479,-55.640049,11.336755,4.710571,10.362079,-4.996271,3.927545,0.276495,6.153073,7.157933,4.132283,7.696985,9.341099,0.000000,204.000000,4.000000,,,,0.000000,4.000000,4.000000,4.000000,4.000000,4.000000,4.000000,4.000000,4.000000,4.000000,4.000000,4.000000,4.000000,4.000000,4.000000,4.000000,4.000000,4.000000,4.000000,2.000000,4.000000,4.000000,4.000000,4.000000,4.000000,4.000000,4.000000,4.000000,4.000000,4.000000,4.000000,4.000000,4.000000,83.333336
1614076739.769435,79.000000,0.000000,0.967998,9.642116,-8.016274,-4.361942,-4.089634,-4.015149,5.323708,0.104621,-3.497312,-1.504213,-11.418077,-3.017875,-21.196823,-14.849487,-38.684456,118.039780,-10.045026,-43.156601,-1.039153,-112.418312,-73.020302,-15.341249,-7.601832,-6.571360,-15.247684,-3.255870,-3.313525,4.095638,3.048211,-3.051336,5.125185,5.742014,0.000000,222.000000,4.000000,,,,0.000000,4.000000,4.000000,4.000000,4.000000,4.000000,4.000000,4.000000,4.000000,4.000000,4.000000,4.000000,4.000000,4.000000,4.000000,4.000000,4.000000,4.000000,4.000000,2.000000,4.000000,4.000000,4.000000,4.000000,4.000000,4.000000,4.000000,4.000000,4.000000,4.000000,4.000000,4.000000,4.000000,83.333336
1614076739.777084,80.000000,0.000000,1.992671,7.581192,-11.085181,-5.383221,-7.162467,-5.036775,5.318384,0.104517,-5.545096,-4.579632,-20.124609,-3.014857,-21.175625,-19.450022,-55.568848,102.537125,-23.368313,-66.703186,-24.627857,-122.562302,-83.203697,-23.018215,-17.337820,-19.898123,-19.847822,-10.432101,-5.361494,4.604363,0.481060,-4.073926,4.607240,3.684990,0.000000,187.000000,4.000000,,,,0.000000,4.000000,4.000000,4.000000,4.000000,4.000000,4.000000,4.000000,4.000000,4.000000,4.000000,4.000000,4.000000,4.000000,4.000000,4.000000,4.000000,4.000000,4.000000,2.000000,4.000000,4.000000,4.000000,4.000000,4.000000,4.000000,4.000000,4.000000,4.000000,4.000000,4.000000,4.000000,4.000000,83.333336
1614076739.784833,81.000000,0.000000,1.990678,6.035149,-11.074096,-7.941941,-11.770690,-5.031738,5.313066,-3.998152,-6.565193,-9.190436,-17.027561,-3.011842,-16.026245,-19.943392,-39.615841,117.819206,-8.473150,-46.636482,-18.449383,-110.132050,-68.761520,-2.482377,-10.653815,-21.416685,-17.776691,-10.934489,-5.868953,4.599759,0.480579,-3.044211,5.115453,2.142843,0.000000,191.000000,4.000000,,,,0.000000,4.000000,4.000000,4.000000,4.000000,4.000000,4.000000,4.000000,4.000000,4.000000,4.000000,4.000000,4.000000,4.000000,4.000000,4.000000,4.000000,4.000000,4.000000,2.000000,4.000000,4.000000,4.000000,4.000000,4.000000,4.000000,4.000000,4.000000,4.000000,4.000000,4.000000,4.000000,4.000000,83.333336
1614076739.792482,82.000000,0.000000,1.475867,6.029114,-12.088663,-8.446819,-12.271739,-5.026706,5.307753,-7.583897,-6.045807,-9.181247,-11.369508,-3.008831,-13.958937,-10.179859,-8.806995,150.521896,6.407117,-15.820616,12.851117,-79.252686,-38.949165,13.417542,0.638890,-13.702961,-12.630710,-6.308171,3.367686,4.595159,1.505740,-3.553987,5.110338,2.140700,0.000000,204.000000,4.000000,,,,0.000000,4.000000,4.000000,4.000000,4.000000,4.000000,4.000000,4.000000,4.000000,4.000000,4.000000,4.000000,4.000000,4.000000,4.000000,4.000000,4.000000,4.000000,4.000000,2.000000,4.000000,4.000000,4.000000,4.000000,4.000000,4.000000,4.000000,4.000000,4.000000,4.000000,4.000000,4.000000,4.000000,83.333336
1614076739.800231,83.000000,0.000000,1.474391,6.023085,-15.153498,-7.925552,-11.746647,-5.021679,5.302445,-6.037852,-6.039761,-6.095142,-10.332498,-3.005822,-14.457798,-4.015833,-2.131522,161.653427,7.426352,-8.112488,25.145958,-54.045227,-23.525600,11.352842,2.689533,-1.381566,-10.566797,-3.224939,13.107907,4.590564,3.555516,-3.550433,5.105227,0.087278,0.000000,201.000000,4.000000,,,,0.000000,4.000000,4.000000,4.000000,4.000000,4.000000,4.000000,4.000000,4.000000,4.000000,4.000000,4.000000,4.000000,4.000000,4.000000,4.000000,4.000000,4.000000,4.000000,2.000000,4.000000,4.000000,4.000000,4.000000,4.000000,4.000000,4.000000,4.000000,4.000000,4.000000,4.000000,4.000000,4.000000,83.333336
1614076739.807880,84.000000,0.000000,1.472917,6.017062,-15.138344,-9.456088,-12.247721,-5.016658,5.297143,-6.031814,-6.033721,-6.089047,-10.834985,-3.002816,-13.930520,-5.037458,-0.590929,156.363571,6.393284,8.305882,22.556709,-48.350159,-24.527718,14.931232,1.661202,6.824944,-10.556231,-3.221714,12.581979,4.585973,5.090422,-3.034062,5.100122,-4.528194,0.000000,178.000000,4.000000,,,,0.000000,4.000000,4.000000,4.000000,4.000000,4.000000,4.000000,4.000000,4.000000,4.000000,4.000000,4.000000,4.000000,4.000000,4.000000,4.000000,4.000000,4.000000,4.000000,2.000000,4.000000,4.000000,4.000000,4.000000,4.000000,4.000000,4.000000,4.000000,4.000000,4.000000,4.000000,4.000000,4.000000,83.333336
1614076739.815629,85.000000,0.000000,1.471444,6.011045,-14.610385,-12.010735,-11.722652,-5.011641,5.291846,-6.538603,-6.027688,-4.544496,-10.311330,-2.999813,-13.403769,-2.981139,14.794277,184.412338,7.925352,37.015526,30.226461,-49.327446,-22.964727,23.121429,2.172362,4.766837,-10.545674,-3.218493,12.056577,4.581388,5.085331,-3.031028,5.095022,-5.549307,0.000000,182.000000,4.000000,,,,0.000000,4.000000,4.000000,4.000000,4.000000,4.000000,4.000000,4.000000,4.000000,4.000000,4.000000,4.000000,4.000000,4.000000,4.000000,4.000000,4.000000,4.000000,4.000000,2.000000,4.000000,4.000000,4.000000,4.000000,4.000000,4.000000,4.000000,4.000000,4.000000,4.000000,4.000000,4.000000,4.000000,83.333336
1614076739.823278,86.000000,0.000000,1.469972,6.005033,-14.595775,-12.511544,-12.223750,-5.006629,5.286554,-2.429500,-6.021660,0.588253,-9.788198,-2.996814,-13.903186,-0.926876,11.189739,194.997147,8.943068,24.157995,35.837261,-48.765301,-22.428942,13.867539,3.195830,4.249249,-10.022307,-2.702454,13.070161,4.576806,5.080246,-2.515177,5.602747,-4.518116,0.000000,191.000000,4.000000,,,,0.000000,4.000000,4.000000,4.000000,4.000000,4.000000,4.000000,4.000000,4.000000,4.000000,4.000000,4.000000,4.000000,4.000000,4.000000,4.000000,4.000000,4.000000,4.000000,2.000000,4.000000,4.000000,4.000000,4.000000,4.000000,4.000000,4.000000,4.000000,4.000000,4.000000,4.000000,4.000000,4.000000,83.333336
1614076739.831127,87.000000,0.000000,1.468502,5.999029,-15.093999,-11.986212,-11.698707,-5.001623,5.281267,-1.401429,-4.477177,2.126127,-10.291230,-2.993817,-13.889282,-2.977231,-12.411194,162.494461,6.370022,-8.173855,21.442448,-56.408844,-34.714207,-5.120687,2.679814,6.296282,-10.525106,-3.212572,10.492989,4.572229,4.562346,-3.538302,4.571504,-8.103342,0.000000,198.000000,4.000000,,,,0.000000,4.000000,4.000000,4.000000,4.000000,4.000000,4.000000,4.000000,4.000000,4.000000,4.000000,4.000000,4.000000,4.000000,4.000000,4.000000,4.000000,4.000000,4.000000,2.000000,4.000000,4.000000,4.000000,4.000000,4.000000,4.000000,4.000000,4.000000,4.000000,4.000000,4.000000,4.000000,4.000000,83.333336
1614076739.838877,88.000000,0.000000,1.467034,6.505850,-15.078905,-12.487046,-6.558803,-4.996621,5.275986,-4.476951,-2.934238,1.611180,-11.306580,-2.990823,-14.388214,-4.512715,-23.168013,130.024277,0.209806,-18.934912,2.959467,-70.711411,-47.500004,-4.602746,-1.425430,-1.402322,-11.027401,-3.209359,8.944034,4.567657,5.070604,-3.534764,5.079753,-9.633700,0.000000,174.000000,4.000000,,,,0.000000,4.000000,4.000000,4.000000,4.000000,4.000000,4.000000,4.000000,4.000000,4.000000,4.000000,4.000000,4.000000,4.000000,4.000000,4.000000,4.000000,4.000000,4.000000,2.000000,4.000000,4.000000,4.000000,4.000000,4.000000,4.000000,4.000000,4.000000,4.000000,4.000000,4.000000,4.000000,4.000000,83.333336
1614076739.846626,89.000000,0.000000,1.465567,5.473703,-14.038185,-11.961739,-3.475321,-4.991625,5.270710,-2.421192,-1.905663,2.635210,-9.756812,-2.987832,-13.861005,-8.097946,-22.632025,129.381424,-5.944250,-12.249310,-1.658877,-82.435570,-49.503788,2.581344,-5.013748,-9.093227,-10.503553,-3.206150,6.883808,4.563089,4.039892,-1.992768,6.100314,-5.008682,0.000000,187.000000,4.000000,,,,0.000000,4.000000,4.000000,4.000000,4.000000,4.000000,4.000000,4.000000,4.000000,4.000000,4.000000,4.000000,4.000000,4.000000,4.000000,4.000000,4.000000,4.000000,4.000000,2.000000,4.000000,4.000000,4.000000,4.000000,4.000000,4.000000,4.000000,4.000000,4.000000,4.000000,4.000000,4.000000,4.000000,83.333336
1614076739.854275,90.000000,0.000000,1.464101,3.416947,-15.562609,-11.949777,-8.600050,-4.986633,5.265439,-0.367489,-2.929398,0.068472,-7.695773,-2.984844,-14.359964,-9.628310,-28.250418,133.354614,-7.989588,-13.775522,1.419705,-92.609543,-50.479923,-7.164827,-6.034376,-9.084134,-9.980229,-3.202944,3.287180,4.558527,-2.630815,-5.580519,1.478829,-7.567776,0.000000,131.000000,4.000000,,,,0.000000,4.000000,4.000000,4.000000,4.000000,4.000000,4.000000,4.000000,4.000000,4.000000,4.000000,4.000000,4.000000,4.000000,4.000000,4.000000,4.000000,4.000000,4.000000,2.000000,4.000000,4.000000,4.000000,4.000000,4.000000,4.000000,4.000000,4.000000,4.000000,4.000000,4.000000,4.000000,4.000000,83.333336
1614076739.862124,91.000000,0.000000,1.462637,1.875069,-19.649611,-12.963469,-13.206835,-5.494467,5.260174,0.145699,-2.926469,-0.957237,-7.175257,-2.981859,-13.832784,-0.900733,-31.299091,144.503311,-7.981598,-15.300208,-0.120176,-96.619499,-51.967907,-7.157662,-5.002700,-8.562229,-11.508711,-3.712561,5.847996,4.553968,-6.730748,-10.703143,-1.599573,-13.201234,0.000000,205.000000,4.000000,,,,0.000000,4.000000,4.000000,4.000000,4.000000,4.000000,4.000000,4.000000,4.000000,4.000000,4.000000,4.000000,4.000000,4.000000,4.000000,4.000000,4.000000,4.000000,4.000000,2.000000,4.000000,4.000000,2.000000,4.000000,4.000000,4.000000,4.000000,4.000000,4.000000,4.000000,4.000000,4.000000,4.000000,66.666664
1614076739.869873,92.000000,0.000000,1.461174,2.386014,-14.501756,-8.335120,-7.552602,-4.463331,5.254914,4.248117,0.666201,5.197566,-2.552697,-2.978878,-9.716387,9.356578,-19.985741,159.743423,-7.973617,-13.746447,-1.658517,-81.651085,-43.197987,16.952059,-0.382313,-7.015205,-8.420279,-2.683208,11.995994,4.549414,-2.621453,-6.589876,4.555873,-3.957263,0.000000,144.000000,4.000000,,,,0.000000,4.000000,4.000000,4.000000,4.000000,4.000000,4.000000,4.000000,4.000000,4.000000,4.000000,4.000000,4.000000,4.000000,4.000000,4.000000,4.000000,4.000000,4.000000,2.000000,4.000000,4.000000,2.000000,4.000000,4.000000,4.000000,4.000000,4.000000,4.000000,4.000000,4.000000,4.000000,4.000000,66.666664
1614076739.877722,93.000000,0.000000,1.459713,2.383628,-4.743664,-1.660118,-0.878383,-1.894765,5.249659,6.807972,7.845022,7.243650,5.654984,-2.975899,-4.065645,10.372863,-4.068319,162.147781,-6.940002,-1.425008,9.625193,-61.569431,-32.385559,29.755621,3.207813,0.171297,-1.745192,-0.116422,7.881434,4.544864,1.483733,0.083381,9.679523,9.380027,0.000000,198.000000,4.000000,,,,0.000000,4.000000,4.000000,4.000000,4.000000,4.000000,4.000000,4.000000,4.000000,4.000000,4.000000,4.000000,4.000000,4.000000,4.000000,4.000000,4.000000,4.000000,4.000000,2.000000,4.000000,4.000000,2.000000,4.000000,4.000000,4.000000,4.000000,4.000000,4.000000,4.000000,4.000000,4.000000,4.000000,66.666664
1614076739.885471,94.000000,0.000000,1.458254,1.868424,-6.277382,-2.171279,-1.903146,-0.867230,5.244409,4.237062,9.375639,2.621022,9.239073,-2.972923,-2.523118,9.336849,3.628057,172.754868,-0.266395,24.730263,24.487362,-56.379658,-30.301891,15.879710,1.666144,3.760869,-1.743447,0.909336,0.694065,4.540319,0.969428,-0.942344,7.105740,9.370647,0.000000,176.000000,4.000000,,,,0.000000,4.000000,4.000000,4.000000,4.000000,4.000000,4.000000,4.000000,4.000000,4.000000,4.000000,4.000000,4.000000,4.000000,4.000000,4.000000,4.000000,4.000000,4.000000,2.000000,4.000000,4.000000,2.000000,4.000000,4.000000,4.000000,4.000000,4.000000,4.000000,4.000000,4.000000,4.000000,4.000000,66.666664
1614076739.893320,95.000000,0.000000,0.943975,2.379376,-10.886489,-4.220390,-4.978166,-1.379183,5.239165,2.694363,6.289340,0.567119,7.691372,-2.969950,-3.033415,9.327512,5.675711,195.146210,8.964641,28.808098,25.488516,-56.836098,-31.810051,7.145882,3.202939,3.244288,-6.869908,0.395606,4.283115,4.535779,0.455638,-1.454222,4.534532,5.258712,0.000000,164.000000,4.000000,,,,0.000000,4.000000,4.000000,4.000000,4.000000,4.000000,4.000000,4.000000,4.000000,4.000000,4.000000,4.000000,4.000000,4.000000,4.000000,4.000000,4.000000,4.000000,4.000000,2.000000,4.000000,4.000000,2.000000,4.000000,4.000000,4.000000,4.000000,4.000000,4.000000,4.000000,4.000000,4.000000,4.000000,66.666664
1614076739.901069,96.000000,0.000000,1.455851,2.376997,-6.773038,0.399215,-4.460367,-1.377804,5.233925,3.717310,4.744589,2.617834,8.196502,-2.966980,-2.004741,4.189979,6.695676,191.361328,12.545420,4.163905,16.745079,-55.753620,-31.778242,11.241301,5.763839,3.241044,-7.375859,0.908031,5.304472,4.531243,1.480824,1.111335,5.555638,6.279095,8064.000000,0.000000,4.000000,,,,0.000000,4.000000,4.000000,4.000000,4.000000,4.000000,4.000000,4.000000,4.000000,4.000000,4.000000,4.000000,4.000000,4.000000,4.000000,4.000000,4.000000,4.000000,4.000000,2.000000,4.000000,4.000000,2.000000,4.000000,4.000000,4.000000,4.000000,4.000000,4.000000,4.000000,4.000000,4.000000,4.000000,66.666664
1614076739.908918,97.000000,0.000000,1.967216,2.374620,-2.150881,3.988560,-3.943086,-1.376426,5.228692,3.200772,4.739845,1.589575,8.701125,-2.964013,-2.515557,-2.480877,3.099237,162.452011,11.507233,-6.096669,11.600128,-62.364532,-33.284924,6.614675,1.142690,0.160880,-5.830022,-1.656980,-5.470063,4.526712,0.966523,-0.428238,5.037262,6.785636,8064.000000,0.000000,4.000000,,,,0.000000,4.000000,4.000000,4.000000,4.000000,4.000000,4.000000,4.000000,4.000000,4.000000,4.000000,4.000000,4.000000,4.000000,4.000000,4.000000,4.000000,4.000000,4.000000,2.000000,4.000000,4.000000,2.000000,4.000000,4.000000,4.000000,4.000000,4.000000,4.000000,4.000000,4.000000,4.000000,4.000000,66.666664
1614076739.916667,98.000000,0.000000,-0.086033,2.372245,-3.687191,2.446110,-4.451963,-1.375050,5.223463,3.197571,5.247925,1.587986,8.179604,-2.961049,-3.025862,-2.478396,-3.057709,153.058792,10.982905,4.165837,11.588529,-68.456017,-35.302921,-5.186812,-5.012299,-3.941845,-8.388294,-5.757887,-10.592797,5.035006,0.965556,-2.991912,5.032225,5.753210,8064.000000,0.000000,4.000000,,,,0.000000,4.000000,4.000000,4.000000,4.000000,4.000000,4.000000,4.000000,4.000000,4.000000,4.000000,4.000000,4.000000,4.000000,4.000000,4.000000,4.000000,4.000000,4.000000,2.000000,4.000000,4.000000,2.000000,4.000000,4.000000,4.000000,4.000000,4.000000,4.000000,4.000000,4.000000,4.000000,4.000000,66.666664
1614076739.924516,99.000000,0.000000,-1.624409,2.369873,-4.196325,2.443664,-3.934691,-1.373675,5.731060,3.194373,4.729857,2.612039,8.171424,-2.445267,0.566908,3.677928,-1.003369,174.957016,10.459102,8.777057,13.115401,-67.874741,-35.780441,-5.181625,-6.032927,-4.450724,-10.944009,-5.752129,-4.428359,4.517150,0.964590,-4.014562,5.027193,5.747457,8064.000000,0.000000,4.000000,,,,0.000000,4.000000,4.000000,4.000000,4.000000,4.000000,4.000000,4.000000,4.000000,4.000000,4.000000,4.000000,4.000000,4.000000,4.000000,4.000000,4.000000,4.000000,4.000000,2.000000,4.000000,4.000000,2.000000,4.000000,4.000000,4.000000,4.000000,4.000000,4.000000,4.000000,4.000000,4.000000,4.000000,66.666664
1614076739.932265,100.000000,0.000000,0.428498,2.367503,-3.166487,2.954040,-4.956398,-1.372301,5.725329,3.191179,3.186666,-0.467496,7.650432,-2.955642,0.566341,5.212712,-4.079288,185.038467,6.858899,5.691356,8.999722,-75.499168,-34.206200,3.541505,-4.488433,-4.959094,-10.420244,-3.182275,-1.347007,4.512633,0.963626,-8.113111,4.509345,5.741709,8064.000000,0.000000,4.000000,,,,0.000000,4.000000,4.000000,4.000000,4.000000,4.000000,4.000000,4.000000,4.000000,4.000000,4.000000,4.000000,4.000000,4.000000,4.000000,4.000000,4.000000,4.000000,4.000000,2.000000,4.000000,4.000000,2.000000,4.000000,4.000000,4.000000,4.000000,4.000000,4.000000,4.000000,4.000000,4.000000,4.000000,66.666664
1614076739.940114,101.000000,0.000000,2.992172,2.365136,-3.163321,2.951086,-7.002723,-1.370929,4.693963,3.187988,1.132197,-5.082414,4.053038,-2.952687,-7.126533,-2.997629,-23.562389,152.545731,-1.865909,-8.673309,-3.316970,-93.885208,-37.761734,-2.615882,-4.996765,-3.928494,-10.409823,-3.179092,-2.884122,5.533762,0.962662,-10.669101,5.017656,5.735967,8064.000000,0.000000,4.000000,,,,0.000000,4.000000,4.000000,4.000000,4.000000,4.000000,4.000000,4.000000,4.000000,4.000000,4.000000,4.000000,4.000000,4.000000,4.000000,4.000000,4.000000,4.000000,4.000000,2.000000,4.000000,4.000000,2.000000,4.000000,4.000000,4.000000,4.000000,4.000000,4.000000,4.000000,4.000000,4.000000,4.000000,66.666664
1614076739.947863,102.000000,0.000000,-0.600564,2.362771,-2.134517,1.922494,-8.534182,-1.369558,5.714910,3.697620,0.618244,-6.615793,1.484882,-2.436914,-14.811714,-9.661299,-36.359341,120.085495,-12.633273,-30.203098,-4.852115,-109.688759,-50.031666,-20.049164,-7.043050,-4.437386,-10.399414,-3.688734,-3.394058,2.964125,0.961700,-8.094329,7.576741,5.217411,8064.000000,0.000000,4.000000,,,,0.000000,4.000000,4.000000,4.000000,4.000000,4.000000,4.000000,4.000000,4.000000,4.000000,4.000000,4.000000,4.000000,4.000000,4.000000,4.000000,4.000000,4.000000,4.000000,2.000000,4.000000,4.000000,2.000000,4.000000,4.000000,4.000000,4.000000,4.000000,4.000000,4.000000,4.000000,4.000000,4.000000,66.666664
1614076739.955712,103.000000,0.000000,-7.779450,2.360408,-0.081100,1.920572,-9.038468,-1.881009,6.222015,3.181102,1.130446,-6.096356,-0.055064,-4.485759,-14.284082,-8.625996,-33.246056,128.683365,-15.697563,-28.121613,6.434789,-109.579071,-53.058556,-15.926551,-8.574469,-12.125257,-10.901835,-4.197865,-1.852203,-1.654223,0.447917,-7.060594,7.569164,4.186552,8064.000000,0.000000,4.000000,,,,0.000000,4.000000,4.000000,4.000000,4.000000,4.000000,4.000000,4.000000,4.000000,4.000000,4.000000,4.000000,4.000000,4.000000,4.000000,4.000000,4.000000,4.000000,4.000000,2.000000,4.000000,4.000000,2.000000,4.000000,4.000000,4.000000,4.000000,4.000000,4.000000,4.000000,4.000000,4.000000,4.000000,66.666664
1614076739.963461,104.000000,0.000000,-10.335773,2.358047,-0.593840,3.457113,-8.003789,-3.930410,-1.476515,0.100998,0.616495,-6.090260,-3.131932,-8.583838,-14.269798,-8.617370,-28.084606,158.298264,-15.681866,-8.093491,7.453995,-88.443855,-42.236267,8.191940,-8.565894,-14.677234,-10.378113,-3.168026,-2.363171,-3.703851,-1.090992,-7.053533,5.510313,6.233648,8064.000000,0.000000,4.000000,,,,0.000000,4.000000,4.000000,4.000000,4.000000,4.000000,4.000000,4.000000,4.000000,4.000000,4.000000,4.000000,4.000000,4.000000,4.000000,4.000000,4.000000,4.000000,4.000000,2.000000,4.000000,4.000000,2.000000,4.000000,4.000000,4.000000,4.000000,4.000000,4.000000,4.000000,4.000000,4.000000,4.000000,66.666664
1614076739.971310,105.000000,0.000000,-9.299797,2.355689,-4.182989,-1.161729,-9.021426,-4.952120,-9.680166,-0.924744,0.615879,-6.084170,-6.205723,-11.139356,-15.793989,-10.660035,-22.928316,165.319458,-13.614902,1.145372,8.985003,-62.714382,-33.988903,12.799132,-9.582970,-5.431787,-10.367735,-3.164859,-3.386449,-3.187327,-3.654004,-7.046479,4.479162,4.176132,8064.000000,0.000000,4.000000,,,,0.000000,4.000000,4.000000,4.000000,4.000000,4.000000,4.000000,4.000000,4.000000,4.000000,4.000000,4.000000,4.000000,4.000000,4.000000,4.000000,4.000000,4.000000,4.000000,2.000000,4.000000,4.000000,2.000000,4.000000,4.000000,4.000000,4.000000,4.000000,4.000000,4.000000,4.000000,4.000000,4.000000,66.666664
1614076739.979059,106.000000,0.000000,-9.803318,2.353334,-7.768550,-5.775952,-15.679071,-5.972809,-7.619204,-0.923819,1.128084,-6.590906,-8.250799,-10.102575,-9.111529,-7.572452,-10.597695,161.564392,-2.319236,3.708329,27.437555,-52.395260,-34.980556,-0.547000,-8.034925,0.727491,-11.895828,-5.212976,-2.357421,-2.158499,-3.137529,-8.065074,4.474682,1.095033,8064.000000,0.000000,4.000000,,,,0.000000,4.000000,4.000000,4.000000,4.000000,4.000000,4.000000,4.000000,4.000000,4.000000,4.000000,4.000000,4.000000,4.000000,4.000000,4.000000,4.000000,4.000000,4.000000,2.000000,4.000000,4.000000,2.000000,4.000000,4.000000,4.000000,4.000000,4.000000,4.000000,4.000000,4.000000,4.000000,4.000000,66.666664
1614076739.986708,107.000000,0.000000,-9.793514,2.350980,-5.196679,2.434952,-15.150572,-5.454016,-6.073123,-1.948536,1.639776,-5.045854,-7.216908,-10.605293,0.128352,-2.436674,-3.920431,166.531036,9.990776,7.294364,34.589607,-51.830044,-35.458397,5.094573,-2.898685,-0.811698,-8.807010,-1.105199,3.285962,-0.105058,3.019454,-0.364701,6.008669,11.350348,8064.000000,0.000000,4.000000,,,,0.000000,4.000000,4.000000,4.000000,4.000000,4.000000,4.000000,4.000000,4.000000,4.000000,4.000000,4.000000,4.000000,4.000000,4.000000,4.000000,4.000000,4.000000,4.000000,2.000000,4.000000,4.000000,2.000000,4.000000,4.000000,4.000000,4.000000,4.000000,4.000000,4.000000,4.000000,4.000000,4.000000,66.666664
1614076739.994458,108.000000,0.000000,-9.270901,2.348629,5.577749,13.201748,0.762015,1.730925,-6.067050,3.181617,2.150957,2.138679,-1.055845,-8.543406,0.128223,-2.434237,-4.942152,167.390137,12.544888,6.774249,17.631939,-50.239750,-33.884476,21.499735,-0.844504,-1.323707,-0.080254,10.177958,4.821137,0.920688,8.657461,13.994637,7.541122,30.313356,8064.000000,0.000000,4.000000,,,,0.000000,4.000000,4.000000,4.000000,4.000000,4.000000,4.000000,4.000000,4.000000,4.000000,4.000000,4.000000,4.000000,4.000000,4.000000,4.000000,4.000000,4.000000,4.000000,2.000000,4.000000,4.000000,2.000000,4.000000,4.000000,4.000000,4.000000,4.000000,4.000000,4.000000,4.000000,4.000000,4.000000,66.666664
1614076740.002107,109.000000,0.000000,-10.287271,2.346281,16.854221,14.214188,14.607407,11.472784,3.169786,14.460487,6.764190,8.290387,8.175981,3.260009,2.179377,0.645120,-5.962850,164.658646,10.481061,8.818757,6.332255,-53.779255,-34.876232,15.837209,-1.869300,-0.296742,5.560852,16.321627,3.277855,0.919767,8.135983,20.134489,8.559222,36.949711,8064.000000,0.000000,4.000000,,,,0.000000,4.000000,4.000000,4.000000,4.000000,4.000000,4.000000,4.000000,4.000000,4.000000,4.000000,4.000000,4.000000,4.000000,4.000000,4.000000,4.000000,4.000000,4.000000,2.000000,4.000000,4.000000,2.000000,4.000000,4.000000,4.000000,4.000000,4.000000,4.000000,4.000000,4.000000,4.000000,4.000000,66.666664
1614076740.009856,110.000000,0.000000,-8.225701,2.343935,20.427111,12.661511,15.105619,14.025414,15.474309,19.574232,15.475375,9.307737,11.757548,16.590082,12.433608,9.362424,-2.367144,181.929886,15.085964,15.989426,14.018231,-56.289577,-35.866997,2.488039,3.260774,-0.296445,4.016830,14.766843,11.992525,0.918848,8.127847,19.601534,11.114765,34.861477,8064.000000,0.000000,4.000000,,,,0.000000,4.000000,4.000000,4.000000,4.000000,4.000000,4.000000,4.000000,4.000000,4.000000,4.000000,4.000000,4.000000,4.000000,4.000000,4.000000,4.000000,4.000000,4.000000,2.000000,4.000000,4.000000,2.000000,4.000000,4.000000,4.000000,4.000000,4.000000,4.000000,4.000000,4.000000,4.000000,4.000000,66.666664
1614076740.017505,111.000000,0.000000,-1.037988,2.341590,15.278480,13.674491,13.039232,12.985747,16.484476,16.477734,16.485540,8.785609,11.232970,16.573492,11.908354,14.994087,3.789069,208.927444,18.147802,26.742666,22.209341,-55.720470,-34.805489,12.741961,9.411360,2.267954,3.499992,14.752076,20.185661,0.405108,11.196642,19.069113,14.693395,34.826618,8064.000000,0.000000,4.000000,,,,0.000000,4.000000,4.000000,4.000000,4.000000,4.000000,4.000000,4.000000,4.000000,4.000000,4.000000,4.000000,4.000000,4.000000,4.000000,4.000000,4.000000,4.000000,4.000000,2.000000,4.000000,4.000000,2.000000,4.000000,4.000000,4.000000,4.000000,4.000000,4.000000,4.000000,4.000000,4.000000,4.000000,66.666664
1614076740.025254,112.000000,0.000000,2.552793,1.826428,14.750381,13.660816,14.564654,13.485582,11.852606,13.897154,6.725465,8.776824,11.734557,4.249227,2.152856,14.466272,-0.830104,194.872360,10.437346,18.510796,15.520465,-70.023720,-35.796326,20.934347,8.889128,3.291327,7.599057,15.762965,12.473167,1.430344,12.211086,18.024403,16.729982,32.740509,8064.000000,0.000000,4.000000,,,,0.000000,4.000000,4.000000,4.000000,4.000000,4.000000,4.000000,4.000000,4.000000,4.000000,4.000000,4.000000,4.000000,4.000000,4.000000,4.000000,4.000000,4.000000,4.000000,2.000000,4.000000,4.000000,2.000000,4.000000,4.000000,4.000000,4.000000,4.000000,4.000000,4.000000,4.000000,4.000000,4.000000,66.666664
1614076740.032903,113.000000,0.000000,1.524600,1.824602,21.402296,13.134336,15.062910,13.472096,12.866395,14.908897,5.693099,8.768046,11.722823,-2.934510,-0.926220,11.887703,-16.726709,162.369797,0.170498,-13.815407,0.120329,-93.030624,-34.734886,2.451874,5.803315,2.262394,11.181201,14.721561,10.409412,6.044299,11.686055,22.108942,17.738894,31.169306,8064.000000,0.000000,4.000000,,,,0.000000,4.000000,4.000000,4.000000,4.000000,4.000000,4.000000,4.000000,4.000000,4.000000,4.000000,4.000000,4.000000,4.000000,4.000000,4.000000,4.000000,4.000000,4.000000,2.000000,4.000000,4.000000,2.000000,4.000000,4.000000,4.000000,4.000000,4.000000,4.000000,4.000000,4.000000,4.000000,4.000000,66.666664
1614076740.040652,114.000000,0.000000,1.523075,2.335598,18.816792,13.121201,9.919642,12.945804,13.879169,14.381168,13.379713,9.272099,11.198279,-1.393114,0.100347,13.927097,-13.120240,164.258713,-2.906595,-14.827232,7.299696,-87.809387,-24.443743,-5.755706,5.797512,3.798594,11.682840,15.219660,21.681055,8.602357,12.187189,26.189398,19.772438,31.138136,8064.000000,0.000000,4.000000,,,,0.000000,4.000000,4.000000,4.000000,4.000000,4.000000,4.000000,4.000000,4.000000,4.000000,4.000000,4.000000,4.000000,4.000000,4.000000,4.000000,4.000000,4.000000,4.000000,2.000000,4.000000,4.000000,2.000000,4.000000,4.000000,4.000000,4.000000,4.000000,4.000000,4.000000,4.000000,4.000000,4.000000,66.666664
1614076740.048302,115.000000,0.000000,2.034372,1.820442,8.541565,11.569618,1.191774,12.932858,9.762726,8.212941,10.802231,8.750007,11.699902,0.659561,0.613067,21.092657,10.482624,196.914963,0.686055,18.008108,34.984703,-58.490807,-12.624426,14.762871,6.304535,6.358898,11.158337,13.665978,17.556808,8.080934,10.636540,16.419619,19.752665,23.927511,8064.000000,0.000000,4.000000,,,,0.000000,4.000000,4.000000,4.000000,4.000000,4.000000,4.000000,4.000000,4.000000,4.000000,4.000000,4.000000,4.000000,4.000000,4.000000,4.000000,4.000000,4.000000,4.000000,2.000000,4.000000,4.000000,2.000000,4.000000,4.000000,4.000000,4.000000,4.000000,4.000000,4.000000,4.000000,4.000000,4.000000,66.666664
1614076740.056051,116.000000,0.000000,1.519517,1.818621,10.071485,8.993946,-3.424803,12.407104,5.650399,2.563703,4.124762,8.741257,11.175382,0.146081,-0.926007,13.379257,6.369577,189.538559,5.300754,23.631124,36.488182,-46.637444,-10.560520,21.927595,5.785410,6.865359,11.659999,11.601030,5.231560,8.072853,8.574622,12.300634,19.220091,20.826660,8064.000000,0.000000,4.000000,,,,0.000000,4.000000,4.000000,4.000000,4.000000,4.000000,4.000000,4.000000,4.000000,4.000000,4.000000,4.000000,4.000000,4.000000,4.000000,4.000000,4.000000,4.000000,4.000000,2.000000,4.000000,4.000000,2.000000,4.000000,4.000000,4.000000,4.000000,4.000000,4.000000,4.000000,4.000000,4.000000,4.000000,66.666664
1614076740.063700,117.000000,0.000000,2.030818,5.406546,20.317823,8.984952,0.168366,12.907518,4.619108,2.048318,6.171919,11.296618,6.036001,0.145935,-8.617389,-6.634122,-23.380383,157.041336,6.321094,-8.700198,12.349129,-57.360039,-16.703806,3.444129,5.779624,6.345673,11.648339,11.076610,12.405816,8.577600,12.155791,23.057564,19.200871,32.087887,8064.000000,0.000000,4.000000,,,,0.000000,4.000000,4.000000,4.000000,4.000000,4.000000,4.000000,4.000000,4.000000,4.000000,4.000000,4.000000,4.000000,4.000000,4.000000,4.000000,4.000000,4.000000,4.000000,2.000000,4.000000,4.000000,2.000000,4.000000,4.000000,4.000000,4.000000,4.000000,4.000000,4.000000,4.000000,4.000000,4.000000,66.666664
1614076740.071549,118.000000,0.000000,4.592890,11.554986,22.348787,11.540070,5.296402,15.458714,4.614489,3.071911,9.242671,12.310963,3.978683,0.658610,-8.608771,-8.165949,-23.869822,155.858658,7.853234,-18.947908,4.131651,-59.353962,-25.405050,3.953505,5.773845,6.852148,10.611050,11.065533,21.624180,8.056203,16.246199,23.034506,19.181671,38.209644,8064.000000,0.000000,4.000000,,,,0.000000,4.000000,4.000000,4.000000,4.000000,4.000000,4.000000,4.000000,4.000000,4.000000,4.000000,4.000000,4.000000,4.000000,4.000000,4.000000,4.000000,4.000000,4.000000,2.000000,4.000000,4.000000,2.000000,4.000000,4.000000,4.000000,4.000000,4.000000,4.000000,4.000000,4.000000,4.000000,4.000000,66.666664
1614076740.079298,119.000000,0.000000,5.613938,13.594713,20.787977,13.066991,5.291106,16.981716,5.635515,4.607301,7.694966,8.196087,7.051627,2.709233,7.810094,6.714012,3.333535,188.523300,13.486406,13.891552,8.742904,-50.063839,-33.071953,21.898270,5.768071,6.332475,9.061977,9.516006,13.910248,8.560966,15.204312,9.678139,19.162489,30.991947,8192.000000,0.000000,4.000000,,,,0.000000,4.000000,4.000000,4.000000,4.000000,4.000000,4.000000,4.000000,4.000000,4.000000,4.000000,4.000000,4.000000,4.000000,4.000000,4.000000,4.000000,4.000000,4.000000,2.000000,4.000000,4.000000,2.000000,4.000000,4.000000,4.000000,4.000000,4.000000,4.000000,4.000000,4.000000,4.000000,4.000000,66.666664
1614076740.087147,120.000000,0.000000,5.095504,13.068297,20.767189,13.053925,3.234533,15.426273,7.681162,8.705257,7.687272,4.598147,8.583037,5.270627,16.520233,10.809862,9.996868,185.770676,19.113947,19.005865,12.836725,-56.167618,-34.064522,14.184064,5.762303,4.787682,4.437531,7.968028,6.204030,7.013944,10.573723,5.565897,19.143326,25.832750,8064.000000,0.000000,4.000000,,,,0.000000,4.000000,4.000000,4.000000,4.000000,4.000000,4.000000,4.000000,4.000000,4.000000,4.000000,4.000000,4.000000,4.000000,4.000000,4.000000,4.000000,4.000000,4.000000,2.000000,4.000000,4.000000,2.000000,4.000000,4.000000,4.000000,4.000000,4.000000,4.000000,4.000000,4.000000,4.000000,4.000000,66.666664
1614076740.094896,121.000000,0.000000,5.090408,13.055229,17.156679,13.040871,2.205657,12.846745,8.699121,10.747834,8.192405,5.106370,6.010352,7.829459,14.965251,7.722129,-1.295180,153.277222,19.094831,-1.525961,18.464914,-71.496071,-36.594559,-7.881402,5.756541,2.218791,-3.772035,4.883137,7.223466,4.442828,7.999047,7.611613,19.124184,26.832558,8064.000000,0.000000,4.000000,,,,0.000000,4.000000,4.000000,4.000000,4.000000,4.000000,4.000000,4.000000,4.000000,4.000000,4.000000,4.000000,4.000000,4.000000,4.000000,4.000000,4.000000,4.000000,4.000000,2.000000,4.000000,4.000000,2.000000,4.000000,4.000000,4.000000,4.000000,4.000000,4.000000,4.000000,4.000000,4.000000,4.000000,66.666664
1614076740.102745,122.000000,0.000000,5.598138,13.554995,14.062599,13.027829,3.229093,12.321076,9.203243,10.737086,8.184213,5.101264,9.081264,9.872911,17.001568,9.765689,-1.293885,172.098297,12.409071,-1.011614,6.651577,-79.116882,-46.814377,-2.232496,5.750784,-2.398812,-4.281084,4.365433,9.267525,3.925565,7.991048,8.116821,19.105059,27.318546,8064.000000,0.000000,4.000000,,,,0.000000,4.000000,4.000000,4.000000,4.000000,4.000000,4.000000,4.000000,4.000000,4.000000,4.000000,4.000000,4.000000,4.000000,4.000000,4.000000,4.000000,4.000000,4.000000,2.000000,4.000000,4.000000,2.000000,4.000000,4.000000,4.000000,4.000000,4.000000,4.000000,4.000000,4.000000,4.000000,4.000000,66.666664
1614076740.110494,123.000000,0.000000,5.592540,13.541440,14.048536,13.527622,3.225864,13.334396,8.681219,9.187888,8.688848,4.583342,8.559362,1.657910,7.753797,9.755923,-7.446437,192.951843,-1.449492,-15.882398,-13.867894,-87.242889,-48.818844,13.667172,6.257854,-4.447696,7.005249,9.489273,8.745437,4.434460,8.495877,11.698448,19.085955,29.855330,8064.000000,0.000000,4.000000,,,,0.000000,4.000000,4.000000,4.000000,4.000000,4.000000,4.000000,4.000000,4.000000,4.000000,4.000000,4.000000,4.000000,4.000000,4.000000,4.000000,4.000000,4.000000,4.000000,2.000000,4.000000,4.000000,2.000000,4.000000,4.000000,4.000000,4.000000,4.000000,4.000000,4.000000,4.000000,4.000000,4.000000,66.666664
1614076740.118343,124.000000,0.000000,3.022845,13.527898,14.034488,13.001274,2.709817,12.808242,4.569974,5.588956,7.141698,5.091579,-6.320992,-14.754004,-14.305240,6.156424,-26.413349,165.579407,-8.627530,-20.481899,2.043409,-90.745392,-34.923870,8.525301,5.225955,-1.879145,14.690552,13.582348,5.659769,4.430025,7.461740,15.276494,18.554047,29.825476,8064.000000,0.000000,4.000000,,,,0.000000,4.000000,4.000000,4.000000,4.000000,4.000000,4.000000,4.000000,4.000000,4.000000,4.000000,4.000000,4.000000,4.000000,4.000000,4.000000,4.000000,4.000000,4.000000,2.000000,4.000000,4.000000,2.000000,4.000000,4.000000,4.000000,4.000000,4.000000,4.000000,4.000000,4.000000,4.000000,4.000000,66.666664
1614076740.126092,125.000000,0.000000,1.481361,10.950268,14.020453,12.988273,2.707108,12.282613,0.975660,3.019265,6.108915,5.086487,-12.981338,-15.764892,-14.803755,6.150267,-20.233089,164.901001,-2.465056,11.333454,31.272135,-74.244392,-22.581255,4.414211,6.759191,3.250939,15.188682,15.107227,11.295135,4.425595,7.967099,14.748397,19.561134,28.257187,8064.000000,0.000000,4.000000,,,,0.000000,4.000000,4.000000,4.000000,4.000000,4.000000,4.000000,4.000000,4.000000,4.000000,4.000000,4.000000,4.000000,4.000000,4.000000,4.000000,4.000000,4.000000,4.000000,2.000000,4.000000,4.000000,2.000000,4.000000,4.000000,4.000000,4.000000,4.000000,4.000000,4.000000,4.000000,4.000000,4.000000,66.666664
1614076740.133941,126.000000,0.000000,2.505521,9.400856,14.519254,14.000925,3.217221,13.808792,0.974685,3.016246,8.154089,5.594222,0.364977,-2.415793,0.595665,7.682579,3.889707,196.018158,3.691255,23.116993,27.651119,-54.682964,-19.994572,19.281591,9.829354,8.375894,15.686313,19.707504,22.053070,4.421169,8.471952,15.246469,19.541573,27.716110,8064.000000,0.000000,4.000000,,,,0.000000,4.000000,4.000000,4.000000,4.000000,4.000000,4.000000,4.000000,4.000000,4.000000,4.000000,4.000000,4.000000,4.000000,4.000000,4.000000,4.000000,4.000000,4.000000,2.000000,4.000000,4.000000,2.000000,4.000000,4.000000,4.000000,4.000000,4.000000,4.000000,4.000000,4.000000,4.000000,4.000000,66.666664
1614076740.141690,127.000000,0.000000,-0.061088,9.391455,11.427811,10.910002,3.726824,12.769342,1.486531,3.013229,5.581832,5.588627,2.415895,-0.362095,4.184813,2.546691,7.475561,199.924698,3.174743,10.273362,14.802956,-53.089821,-26.128422,24.390516,6.742602,11.444441,12.080883,14.559591,14.338709,4.416748,7.437840,13.692760,14.906647,24.611471,8064.000000,0.000000,4.000000,,,,0.000000,4.000000,4.000000,4.000000,4.000000,4.000000,4.000000,4.000000,4.000000,4.000000,4.000000,4.000000,4.000000,4.000000,4.000000,4.000000,4.000000,4.000000,4.000000,2.000000,4.000000,4.000000,2.000000,4.000000,4.000000,4.000000,4.000000,4.000000,4.000000,4.000000,4.000000,4.000000,4.000000,66.666664
1614076740.149539,0.000000,0.000000,-5.189231,7.330781,6.288178,6.283707,-0.379467,7.115547,0.972224,2.497396,0.960866,4.044577,-12.458316,-7.541220,-0.434757,-5.148164,2.339880,187.929901,2.145927,8.211807,16.839434,-55.088013,-37.384346,11.032791,-0.956448,9.381714,4.889315,-0.839583,-1.573065,4.412332,4.866299,6.499581,11.301997,16.381731,0.000000,191.000000,4.000000,,,,0.000000,4.000000,4.000000,4.000000,4.000000,4.000000,4.000000,4.000000,4.000000,4.000000,4.000000,4.000000,4.000000,4.000000,4.000000,4.000000,4.000000,4.000000,4.000000,2.000000,4.000000,4.000000,2.000000,4.000000,4.000000,4.000000,4.000000,4.000000,4.000000,4.000000,4.000000,4.000000,4.000000,66.666664
1614076740.157288,1.000000,0.000000,-2.107119,5.272169,5.769069,5.251782,-4.994472,5.569970,1.484072,3.007719,0.447084,1.989250,-15.522781,-7.020859,-0.947143,-7.707118,-0.739383,169.793259,4.195064,-1.539994,18.361057,-53.494465,-41.962345,9.483297,-1.981133,6.295409,3.345964,-0.325923,3.043892,4.407919,3.835792,3.416158,11.290695,14.826888,0.000000,198.000000,4.000000,,,,0.000000,4.000000,4.000000,4.000000,4.000000,4.000000,4.000000,4.000000,4.000000,4.000000,4.000000,4.000000,4.000000,4.000000,4.000000,4.000000,4.000000,4.000000,4.000000,2.000000,4.000000,4.000000,2.000000,4.000000,4.000000,4.000000,4.000000,4.000000,4.000000,4.000000,4.000000,4.000000,4.000000,66.666664
1614076740.165137,2.000000,0.000000,1.997552,5.779717,7.301762,4.733710,-4.989477,6.590041,1.482588,3.004711,-1.604645,-2.628124,-14.994438,-5.475376,-7.100042,-15.391719,-22.277105,137.828598,4.190868,-19.999992,16.804234,-60.107635,-43.971664,21.268686,-1.466331,7.827575,2.829798,5.828249,10.733156,4.916332,4.344777,5.976845,9.228122,13.786420,0.000000,217.000000,4.000000,,,,0.000000,4.000000,4.000000,4.000000,4.000000,4.000000,4.000000,4.000000,4.000000,4.000000,4.000000,4.000000,4.000000,4.000000,4.000000,4.000000,4.000000,4.000000,4.000000,2.000000,4.000000,4.000000,2.000000,4.000000,4.000000,4.000000,4.000000,4.000000,4.000000,4.000000,4.000000,4.000000,4.000000,66.666664
1614076740.172886,3.000000,0.000000,-3.132651,4.235476,4.217537,2.164874,-7.035770,-2.134498,1.481105,1.976065,-9.295348,-11.343444,-27.287136,-7.521183,-15.298070,-30.760942,-40.203545,131.024094,-0.428707,-27.672300,4.479737,-79.534706,-61.363590,12.529469,-7.105891,5.255645,-3.326878,-6.485272,-0.046808,3.885774,2.801970,6.996509,4.603509,3.516223,0.000000,180.000000,4.000000,,,,0.000000,4.000000,4.000000,4.000000,4.000000,4.000000,4.000000,4.000000,4.000000,4.000000,4.000000,4.000000,4.000000,4.000000,4.000000,4.000000,4.000000,4.000000,4.000000,2.000000,4.000000,4.000000,2.000000,4.000000,4.000000,4.000000,4.000000,4.000000,4.000000,4.000000,4.000000,4.000000,4.000000,66.666664
1614076740.180735,4.000000,0.000000,-6.206441,1.154317,-0.914886,1.137068,-10.105658,-8.799029,1.479624,4.025371,-11.850155,-15.947485,-26.234207,-3.411098,-14.769951,-28.166079,-29.394112,149.867432,-5.043663,-42.516422,-20.140127,-103.044914,-81.815048,-15.688190,-10.175708,-5.518841,-8.964577,-11.094172,-7.226248,0.804965,0.235066,6.989512,2.034803,-4.692421,0.000000,184.000000,4.000000,,,,0.000000,4.000000,4.000000,4.000000,4.000000,4.000000,4.000000,4.000000,4.000000,4.000000,4.000000,4.000000,4.000000,4.000000,4.000000,4.000000,4.000000,4.000000,4.000000,2.000000,4.000000,4.000000,2.000000,4.000000,4.000000,4.000000,4.000000,4.000000,4.000000,4.000000,4.000000,4.000000,4.000000,66.666664
1614076740.188484,5.000000,0.000000,-3.123312,2.178804,2.162952,2.161572,-2.403244,-0.585102,0.965324,9.149551,-4.658818,-7.726409,-6.207973,3.771801,-5.011591,-4.548169,-20.133947,145.615005,-4.525799,-52.217495,-20.119987,-112.172638,-78.656311,-23.364809,-9.139891,-14.744092,-9.468432,1.737436,-4.654919,1.316981,0.747651,6.469702,6.648153,4.030220,0.000000,198.000000,4.000000,,,,0.000000,4.000000,4.000000,4.000000,4.000000,4.000000,4.000000,4.000000,4.000000,4.000000,4.000000,4.000000,4.000000,4.000000,4.000000,4.000000,4.000000,4.000000,4.000000,2.000000,4.000000,4.000000,2.000000,4.000000,4.000000,4.000000,4.000000,4.000000,4.000000,4.000000,4.000000,4.000000,4.000000,66.666664
1614076740.196133,6.000000,0.000000,-1.581727,4.740728,12.417199,2.159410,8.368390,6.594970,1.477179,9.140402,5.089431,3.563368,6.105927,4.280849,0.634446,9.815353,-21.139456,145.469391,-4.008452,-27.549894,8.618082,-98.214317,-55.500729,-3.341444,-10.156392,-17.806271,-1.766657,7.889544,-3.111803,3.879767,3.311006,7.488873,15.359453,24.026190,0.000000,209.000000,4.000000,,,,0.000000,4.000000,4.000000,4.000000,4.000000,4.000000,4.000000,4.000000,4.000000,4.000000,4.000000,4.000000,4.000000,4.000000,4.000000,4.000000,4.000000,4.000000,4.000000,2.000000,4.000000,4.000000,2.000000,4.000000,4.000000,4.000000,4.000000,4.000000,4.000000,4.000000,4.000000,4.000000,4.000000,66.666664
1614076740.203883,7.000000,0.000000,-2.605786,6.274449,19.584270,2.157251,11.949765,5.562734,1.475702,6.567158,9.699726,10.226472,4.048539,0.686825,-0.904650,11.856820,-7.784982,178.144424,-5.542906,5.298168,30.660746,-70.936615,-23.650358,11.020872,-6.043672,-16.250004,15.158187,10.958578,4.070796,3.875887,7.410259,15.686513,19.959478,39.899601,0.000000,173.000000,4.000000,,,,0.000000,4.000000,4.000000,4.000000,4.000000,4.000000,4.000000,4.000000,4.000000,4.000000,4.000000,4.000000,4.000000,4.000000,4.000000,4.000000,4.000000,4.000000,4.000000,2.000000,4.000000,4.000000,2.000000,4.000000,4.000000,4.000000,4.000000,4.000000,4.000000,4.000000,4.000000,4.000000,4.000000,66.666664
1614076740.211532,8.000000,0.000000,-2.603180,5.755353,21.615967,2.155093,12.963456,5.044351,0.448585,6.560591,7.125924,16.370090,3.531670,0.173318,3.711639,16.973167,10.684341,210.786789,-2.973260,37.087742,45.501881,-40.609264,3.552780,10.497030,7.295705,-1.874779,26.937901,22.742491,16.887238,5.410472,10.992593,24.901596,18.913877,43.449444,0.000000,180.000000,4.000000,,,,0.000000,4.000000,4.000000,4.000000,4.000000,4.000000,4.000000,4.000000,4.000000,4.000000,4.000000,4.000000,4.000000,4.000000,4.000000,4.000000,4.000000,4.000000,4.000000,2.000000,4.000000,4.000000,2.000000,4.000000,4.000000,4.000000,4.000000,4.000000,4.000000,4.000000,4.000000,4.000000,4.000000,66.666664
1614076740.219281,9.000000,0.000000,-2.087757,4.211137,21.594351,2.152938,14.488955,5.552127,2.499419,7.066851,9.170079,20.456285,5.579421,1.711606,13.451517,22.084400,15.289042,212.627289,4.209200,50.383987,50.584583,-23.132759,5.600509,17.666021,14.980718,19.152737,26.398142,27.335133,20.972916,10.533267,12.007241,25.902334,18.382143,40.841892,0.000000,201.000000,4.000000,,,,0.000000,4.000000,4.000000,4.000000,4.000000,4.000000,4.000000,4.000000,4.000000,4.000000,4.000000,4.000000,4.000000,4.000000,4.000000,4.000000,4.000000,4.000000,4.000000,2.000000,4.000000,4.000000,2.000000,4.000000,4.000000,4.000000,4.000000,4.000000,4.000000,4.000000,4.000000,4.000000,4.000000,66.666664
1614076740.226930,10.000000,0.000000,-2.085669,9.335131,21.572758,2.150785,14.474465,6.059395,7.112304,6.034143,19.930140,20.948648,7.112302,3.248356,16.002169,23.600777,13.222470,210.876205,7.794734,39.564373,31.559639,-30.289114,-8.251245,26.366302,13.427275,26.313072,26.371744,26.794977,18.900660,12.574016,11.482413,26.389254,19.902224,42.339512,0.000000,195.000000,4.000000,,,,0.000000,4.000000,4.000000,4.000000,4.000000,4.000000,4.000000,4.000000,4.000000,4.000000,4.000000,4.000000,4.000000,4.000000,4.000000,4.000000,4.000000,4.000000,4.000000,2.000000,4.000000,4.000000,2.000000,4.000000,4.000000,4.000000,4.000000,4.000000,4.000000,4.000000,4.000000,4.000000,4.000000,66.666664
1614076740.234679,11.000000,0.000000,-2.083583,18.043745,22.576826,2.148634,14.459991,10.155900,9.156473,8.079391,22.987133,20.414881,8.130831,4.270749,15.473346,19.987432,9.106684,197.844818,6.761299,22.088911,20.246029,-43.592159,-12.345558,16.596348,12.901028,24.748297,28.396654,27.793823,19.394579,11.535801,11.983751,26.362864,22.446424,43.835632,0.000000,179.000000,4.000000,,,,0.000000,4.000000,4.000000,4.000000,4.000000,4.000000,4.000000,4.000000,4.000000,4.000000,4.000000,4.000000,4.000000,4.000000,4.000000,4.000000,4.000000,4.000000,4.000000,2.000000,4.000000,4.000000,2.000000,4.000000,4.000000,4.000000,4.000000,4.000000,4.000000,4.000000,4.000000,4.000000,4.000000,66.666664
1614076740.242328,12.000000,0.000000,-3.107141,20.076982,19.990147,2.146486,11.368608,12.197026,8.634497,10.635414,14.759018,15.266260,7.097059,4.266478,14.945051,4.582830,1.405269,165.339279,6.754538,12.836053,33.559116,-44.574207,-17.974237,4.272058,13.913767,27.800472,19.650309,17.509621,19.888006,11.524265,11.971767,19.157015,22.936798,35.586670,0.000000,190.000000,4.000000,,,,0.000000,4.000000,4.000000,4.000000,4.000000,4.000000,4.000000,4.000000,4.000000,4.000000,4.000000,4.000000,4.000000,4.000000,4.000000,4.000000,4.000000,4.000000,4.000000,2.000000,4.000000,4.000000,2.000000,4.000000,4.000000,4.000000,4.000000,4.000000,4.000000,4.000000,4.000000,4.000000,4.000000,66.666664
1614076740.250077,13.000000,0.000000,-0.539931,16.467161,14.841950,1.631519,4.690573,9.620727,8.625862,8.060677,10.641695,6.020225,7.089962,3.749391,5.186517,-10.293548,-3.211521,141.071365,7.260603,3.592448,28.397352,-53.760403,-38.469086,10.421633,13.387033,22.644466,7.835787,4.671597,18.842476,12.025561,10.934155,12.984011,21.888220,25.294672,0.000000,189.000000,4.000000,,,,0.000000,4.000000,4.000000,4.000000,4.000000,4.000000,4.000000,4.000000,4.000000,4.000000,4.000000,4.000000,4.000000,4.000000,4.000000,4.000000,4.000000,4.000000,4.000000,2.000000,4.000000,4.000000,2.000000,4.000000,4.000000,4.000000,4.000000,4.000000,4.000000,4.000000,4.000000,4.000000,4.000000,66.666664
1614076740.257726,14.000000,0.000000,4.588814,16.450695,12.775826,1.629887,1.608959,8.585464,9.130056,5.488513,12.169515,3.962922,7.595693,4.771282,-3.023798,-10.283254,-5.259591,142.468765,6.740522,-16.411144,-3.425917,-74.732285,-54.840874,16.565058,12.860826,7.237206,5.776669,6.718208,18.310814,11.500715,11.948861,14.509488,24.943254,26.295019,0.000000,196.000000,4.000000,,,,0.000000,4.000000,4.000000,4.000000,4.000000,4.000000,4.000000,4.000000,4.000000,4.000000,4.000000,4.000000,4.000000,4.000000,4.000000,4.000000,4.000000,4.000000,4.000000,2.000000,4.000000,4.000000,2.000000,4.000000,4.000000,4.000000,4.000000,4.000000,4.000000,4.000000,4.000000,4.000000,4.000000,66.666664
1614076740.265476,15.000000,0.000000,5.609866,17.459885,15.327153,3.166719,2.632991,10.115340,8.608107,10.611230,12.157345,5.497421,7.075277,8.356255,5.697175,-9.760150,-5.767152,136.685272,5.708141,-46.138325,-20.345568,-84.913963,-65.042442,5.266441,13.360785,1.076123,-0.895774,3.634567,19.318144,11.489215,10.911272,11.418056,25.431131,25.755903,0.000000,210.000000,4.000000,,,,0.000000,4.000000,4.000000,4.000000,4.000000,4.000000,4.000000,4.000000,4.000000,4.000000,4.000000,4.000000,4.000000,4.000000,4.000000,4.000000,4.000000,4.000000,4.000000,2.000000,4.000000,4.000000,2.000000,4.000000,4.000000,4.000000,4.000000,4.000000,4.000000,4.000000,4.000000,4.000000,4.000000,66.666664
1614076740.273125,16.000000,0.000000,5.091436,16.416784,11.722082,1.112270,1.604717,8.566764,9.112319,16.754465,11.632367,2.415000,8.093843,10.912001,14.409426,-9.237570,-4.735744,132.958832,6.728074,-54.297314,-11.607274,-88.931610,-76.259453,-2.943954,12.321783,-0.463415,-18.330776,-9.189581,17.247543,11.477725,5.772155,2.175869,14.123650,12.909635,0.000000,179.000000,4.000000,,,,0.000000,4.000000,4.000000,4.000000,4.000000,4.000000,4.000000,4.000000,4.000000,4.000000,4.000000,4.000000,4.000000,4.000000,4.000000,4.000000,4.000000,4.000000,4.000000,2.000000,4.000000,4.000000,2.000000,4.000000,4.000000,4.000000,4.000000,4.000000,4.000000,4.000000,4.000000,4.000000,4.000000,66.666664
1614076740.280874,17.000000,0.000000,5.086345,16.400368,6.069335,1.623978,3.654395,9.071017,8.590385,17.763351,11.107914,7.027970,12.701133,11.926730,14.907837,5.643463,-3.192547,157.954086,6.721346,-21.422503,0.712026,-92.945244,-64.388321,4.238477,10.258180,-10.719361,-15.235522,-6.616289,14.153373,11.466248,4.227921,3.199334,6.417218,7.768520,0.000000,157.000000,4.000000,,,,0.000000,4.000000,4.000000,4.000000,4.000000,4.000000,4.000000,4.000000,4.000000,4.000000,4.000000,4.000000,4.000000,4.000000,4.000000,4.000000,4.000000,4.000000,4.000000,2.000000,4.000000,4.000000,2.000000,4.000000,4.000000,4.000000,4.000000,4.000000,4.000000,4.000000,4.000000,4.000000,4.000000,66.666664
1614076740.288523,18.000000,0.000000,5.594079,16.896788,9.140188,10.853124,11.343048,11.626049,8.581796,16.719948,11.609627,22.405558,18.329458,11.401982,19.508314,22.560896,2.451672,182.924332,5.176163,-2.426722,6.352339,-76.954865,-31.503418,8.849624,8.709460,-11.221462,11.959201,8.262122,16.190502,11.454782,10.890360,14.991006,11.539006,19.042803,0.000000,225.000000,4.000000,,,,0.000000,4.000000,4.000000,4.000000,4.000000,4.000000,4.000000,4.000000,4.000000,4.000000,4.000000,4.000000,4.000000,4.000000,4.000000,4.000000,4.000000,4.000000,4.000000,2.000000,4.000000,4.000000,2.000000,4.000000,4.000000,4.000000,4.000000,4.000000,4.000000,4.000000,4.000000,4.000000,4.000000,66.666664
1614076740.296272,19.000000,0.000000,5.075664,14.315788,9.643869,15.457655,13.895807,10.588782,9.086034,17.216047,12.623658,27.511356,19.849590,11.390581,22.052908,26.640900,11.167169,183.767059,8.247910,-11.142243,21.217781,-45.083035,-3.779607,8.840774,8.700750,4.174374,27.844677,12.356424,21.302517,11.443327,16.007675,21.129862,18.706955,22.613503,0.000000,218.000000,4.000000,,,,0.000000,4.000000,4.000000,4.000000,4.000000,4.000000,4.000000,4.000000,4.000000,4.000000,4.000000,4.000000,4.000000,4.000000,4.000000,4.000000,4.000000,4.000000,4.000000,2.000000,4.000000,4.000000,2.000000,4.000000,4.000000,4.000000,4.000000,4.000000,4.000000,4.000000,4.000000,4.000000,4.000000,66.666664
1614076740.303921,20.000000,0.000000,5.070589,9.686088,0.403456,7.237069,8.753707,5.962809,5.487205,17.711653,7.995650,17.227436,16.239996,11.379190,16.902651,23.024515,13.720104,190.249954,17.983252,19.125309,46.324768,-24.525131,9.044685,25.242189,10.230511,13.913790,25.252729,9.779965,22.819675,11.431883,14.966026,18.544628,18.688248,12.847301,0.000000,142.000000,4.000000,,,,0.000000,4.000000,4.000000,4.000000,4.000000,4.000000,4.000000,4.000000,4.000000,4.000000,4.000000,4.000000,4.000000,4.000000,4.000000,4.000000,4.000000,4.000000,4.000000,2.000000,4.000000,4.000000,2.000000,4.000000,4.000000,4.000000,4.000000,4.000000,4.000000,4.000000,4.000000,2.000000,4.000000,50.000000
1614076740.311670,21.000000,0.000000,5.065518,8.137940,-6.263614,3.127268,5.668030,4.418384,1.379153,17.181120,0.808167,12.082003,9.557090,11.367811,13.808825,19.411747,12.680743,209.034058,23.093473,51.926697,51.406651,-21.936504,10.574102,46.242588,12.271563,18.515261,26.253119,11.308647,22.796856,11.420451,14.951060,18.526085,18.156738,11.808812,0.000000,193.000000,4.000000,,,,0.000000,4.000000,4.000000,4.000000,4.000000,4.000000,4.000000,4.000000,4.000000,4.000000,4.000000,4.000000,4.000000,4.000000,4.000000,4.000000,4.000000,4.000000,4.000000,2.000000,4.000000,4.000000,2.000000,4.000000,4.000000,4.000000,4.000000,4.000000,4.000000,4.000000,4.000000,2.000000,4.000000,50.000000
1614076740.319320,22.000000,0.000000,5.060452,9.155443,-3.180428,8.252346,6.688003,5.952427,0.864954,17.163939,2.858641,15.659664,6.983430,10.330802,14.820657,17.853874,13.180882,205.235291,21.019098,30.849129,31.868063,-27.555593,-2.256984,39.016857,12.772112,27.214693,28.278147,12.322979,22.261238,11.409031,15.448930,19.020378,19.164223,17.950850,0.000000,196.000000,4.000000,,,,0.000000,4.000000,4.000000,4.000000,4.000000,4.000000,4.000000,4.000000,4.000000,4.000000,4.000000,4.000000,4.000000,4.000000,4.000000,4.000000,4.000000,4.000000,4.000000,2.000000,4.000000,4.000000,2.000000,4.000000,4.000000,4.000000,4.000000,4.000000,4.000000,4.000000,4.000000,2.000000,4.000000,50.000000
1614076740.327169,23.000000,0.000000,4.542572,9.146288,-0.100324,10.295376,6.168494,5.433654,1.376909,17.146774,7.983988,16.669645,7.489267,7.756369,14.805836,16.810379,9.065138,185.542862,20.998079,15.433664,27.733631,-30.604961,-16.100882,16.413738,12.759339,29.751581,20.044741,10.259375,20.700516,11.397622,15.433481,17.975718,19.145060,17.932898,0.000000,200.000000,4.000000,,,,0.000000,4.000000,4.000000,4.000000,4.000000,4.000000,4.000000,4.000000,4.000000,4.000000,4.000000,4.000000,4.000000,4.000000,4.000000,4.000000,4.000000,4.000000,4.000000,2.000000,4.000000,4.000000,2.000000,4.000000,4.000000,4.000000,4.000000,4.000000,4.000000,4.000000,4.000000,2.000000,4.000000,50.000000
1614076740.334918,24.000000,0.000000,5.050849,8.624321,-1.125865,8.746619,5.649505,4.915401,1.375532,17.129627,7.976004,15.627336,6.968957,7.235792,14.791030,8.588440,2.902226,167.408615,22.515543,25.161819,31.808462,-36.728203,-23.264267,17.422966,12.746580,26.132086,13.870850,11.274756,19.141354,11.386225,15.418047,19.496202,18.613092,14.325222,0.000000,170.000000,4.000000,,,,0.000000,4.000000,4.000000,4.000000,4.000000,4.000000,4.000000,4.000000,4.000000,4.000000,4.000000,4.000000,4.000000,4.000000,4.000000,4.000000,4.000000,4.000000,4.000000,2.000000,4.000000,4.000000,2.000000,4.000000,4.000000,4.000000,4.000000,4.000000,4.000000,4.000000,4.000000,2.000000,4.000000,50.000000
1614076740.342767,25.000000,0.000000,7.097081,9.128517,-1.124739,8.225052,6.669497,5.423306,3.425439,15.061216,7.455207,14.586067,6.961988,9.792659,13.750598,-1.676558,-3.254522,141.087357,17.877642,-7.171034,9.725371,-57.717113,-36.574337,27.149134,11.195372,22.516211,14.369800,11.263481,16.558109,11.374838,12.838527,15.886963,19.107300,14.823717,0.000000,178.000000,4.000000,,,,0.000000,4.000000,4.000000,4.000000,4.000000,4.000000,4.000000,4.000000,4.000000,4.000000,4.000000,4.000000,4.000000,4.000000,4.000000,4.000000,4.000000,4.000000,4.000000,2.000000,4.000000,4.000000,2.000000,4.000000,4.000000,4.000000,4.000000,4.000000,4.000000,4.000000,4.000000,2.000000,4.000000,50.000000
1614076740.350516,26.000000,0.000000,8.628445,9.119389,-0.610794,6.165545,5.637186,5.930703,5.473295,12.994873,8.473393,11.494557,7.467847,11.834148,11.172745,-5.777446,-9.405113,125.048828,11.705918,-35.881813,-10.284354,-78.172218,-54.486481,9.173266,9.132895,12.750105,6.663122,3.047090,8.849244,11.363463,8.210303,2.024922,17.549732,15.834535,0.000000,127.000000,4.000000,,,,0.000000,4.000000,4.000000,4.000000,4.000000,4.000000,4.000000,4.000000,4.000000,4.000000,4.000000,4.000000,4.000000,4.000000,4.000000,4.000000,4.000000,4.000000,4.000000,2.000000,4.000000,4.000000,2.000000,4.000000,4.000000,4.000000,4.000000,4.000000,4.000000,4.000000,4.000000,2.000000,4.000000,50.000000
1614076740.358365,27.000000,0.000000,8.619817,9.110270,-0.610183,5.646559,2.554626,5.411952,4.955001,14.007519,7.952099,8.406140,5.921918,11.309493,11.161572,-6.284489,-9.908529,135.693008,9.642930,-24.051058,-4.633044,-82.709427,-62.124302,-12.374369,8.610941,2.993765,-2.061490,-4.648265,6.789113,11.352099,6.663632,-4.130949,15.480900,15.305880,0.000000,213.000000,4.000000,,,,0.000000,4.000000,4.000000,4.000000,4.000000,4.000000,4.000000,4.000000,4.000000,4.000000,4.000000,4.000000,4.000000,4.000000,4.000000,4.000000,4.000000,4.000000,4.000000,2.000000,4.000000,4.000000,4.000000,4.000000,4.000000,4.000000,4.000000,4.000000,4.000000,4.000000,4.000000,2.000000,4.000000,66.666664
1614076740.366114,28.000000,0.000000,8.611197,9.101159,-0.609573,8.717835,3.064892,4.893719,4.950047,17.070435,8.456967,7.884913,9.505739,11.298183,14.227334,-5.765384,-10.411441,143.249634,10.146108,-44.539829,-2.064309,-82.113899,-55.908333,-0.054302,9.115150,0.939489,4.607238,-2.079514,11.910528,11.340748,7.682609,3.565490,14.952599,14.777753,0.000000,165.000000,4.000000,,,,0.000000,4.000000,4.000000,4.000000,4.000000,4.000000,4.000000,4.000000,4.000000,4.000000,4.000000,4.000000,4.000000,4.000000,4.000000,4.000000,4.000000,4.000000,4.000000,2.000000,4.000000,4.000000,4.000000,4.000000,4.000000,4.000000,4.000000,4.000000,4.000000,4.000000,4.000000,2.000000,4.000000,66.666664
1614076740.373963,29.000000,0.000000,9.115406,9.092058,-0.608963,7.170656,6.138750,5.914466,5.457917,17.566185,11.525434,8.389849,15.137259,11.799706,15.751568,-0.118593,-10.401030,146.696121,10.135962,-52.700417,7.168525,-71.775375,-37.390884,21.484213,9.106035,0.425729,14.346221,3.563591,15.488361,11.329407,7.674927,8.177309,13.912004,14.762975,0.000000,197.000000,4.000000,,,,0.000000,4.000000,4.000000,4.000000,4.000000,4.000000,4.000000,4.000000,4.000000,4.000000,4.000000,4.000000,4.000000,4.000000,4.000000,4.000000,4.000000,4.000000,4.000000,2.000000,4.000000,4.000000,4.000000,4.000000,4.000000,4.000000,4.000000,4.000000,4.000000,4.000000,4.000000,2.000000,4.000000,66.666664
1614076740.381712,30.000000,0.000000,8.080649,9.082966,-0.608354,2.548100,4.594150,4.882911,3.401177,16.010157,8.949805,8.381459,9.993917,9.736625,15.222996,8.086654,2.942705,179.369934,10.125826,-19.827202,39.981869,-48.113857,-16.840673,16.847345,9.096930,3.502227,14.844695,4.072848,14.447232,11.318077,7.154431,6.117850,11.846810,16.286674,0.000000,203.000000,4.000000,,,,0.000000,4.000000,4.000000,4.000000,4.000000,4.000000,4.000000,4.000000,4.000000,4.000000,4.000000,4.000000,4.000000,4.000000,4.000000,4.000000,4.000000,4.000000,4.000000,2.000000,4.000000,4.000000,4.000000,4.000000,4.000000,4.000000,4.000000,4.000000,4.000000,4.000000,4.000000,2.000000,4.000000,66.666664
1614076740.389561,31.000000,0.000000,9.098210,9.586703,-0.094925,1.519911,2.538274,0.262643,1.346494,12.917224,2.274189,7.860257,4.342897,6.649965,14.182132,15.258055,18.324377,209.959793,9.090059,8.397753,50.711117,-38.322155,-7.593063,9.651011,9.087832,13.755135,14.829850,2.017493,14.945605,11.306760,7.660097,6.624552,10.809323,15.244746,0.000000,200.000000,4.000000,,,,0.000000,4.000000,4.000000,4.000000,4.000000,4.000000,4.000000,4.000000,4.000000,4.000000,4.000000,4.000000,4.000000,4.000000,4.000000,4.000000,4.000000,4.000000,4.000000,2.000000,4.000000,4.000000,4.000000,4.000000,4.000000,4.000000,4.000000,4.000000,4.000000,4.000000,4.000000,2.000000,4.000000,66.666664
1614076740.397310,32.000000,0.000000,9.089111,9.577117,-0.607651,2.031212,5.099838,-1.788901,0.832327,10.340204,-0.292188,8.365217,9.466760,4.079212,15.706411,17.806898,14.203489,200.519073,6.004046,-23.918337,29.121946,-43.924858,-8.098290,21.949051,9.078745,17.843945,17.379124,4.579578,15.443480,11.295453,8.165257,7.643569,11.311335,14.716681,8064.000000,0.000000,4.000000,,,,0.000000,4.000000,4.000000,4.000000,4.000000,4.000000,4.000000,4.000000,4.000000,4.000000,4.000000,4.000000,4.000000,4.000000,4.000000,4.000000,4.000000,4.000000,4.000000,2.000000,4.000000,4.000000,4.000000,4.000000,4.000000,4.000000,4.000000,4.000000,4.000000,4.000000,4.000000,2.000000,4.000000,66.666664
1614076740.405159,33.000000,0.000000,3.951818,9.054719,-0.094223,2.542001,7.146020,0.776990,1.344315,9.817043,1.246566,8.869673,8.431652,2.023851,13.639422,12.660887,3.420055,177.241623,6.510862,-23.381599,19.862055,-43.880932,-8.603012,27.568129,9.582486,17.313280,19.925846,9.703203,15.428037,11.796978,8.157092,9.174387,11.812843,18.291708,8064.000000,0.000000,4.000000,,,,0.000000,4.000000,4.000000,4.000000,4.000000,4.000000,4.000000,4.000000,4.000000,4.000000,4.000000,4.000000,4.000000,4.000000,4.000000,4.000000,4.000000,4.000000,4.000000,2.000000,4.000000,4.000000,4.000000,4.000000,4.000000,4.000000,4.000000,4.000000,4.000000,4.000000,4.000000,2.000000,4.000000,66.666664
1614076740.412908,34.000000,0.000000,0.870943,9.558485,-0.094128,2.539459,4.574771,2.314675,1.342971,8.781586,0.732499,6.809521,-4.397293,-0.029455,2.343732,1.878995,-3.250032,161.679764,6.504352,-18.230011,20.355013,-49.990898,-13.722614,12.668765,9.060083,21.398531,18.880280,9.693501,14.899789,11.272360,7.636115,11.216495,11.288210,18.273417,8064.000000,0.000000,4.000000,,,,0.000000,4.000000,4.000000,4.000000,4.000000,4.000000,4.000000,4.000000,4.000000,4.000000,4.000000,4.000000,4.000000,4.000000,4.000000,4.000000,4.000000,4.000000,4.000000,2.000000,4.000000,4.000000,4.000000,4.000000,4.000000,4.000000,4.000000,4.000000,4.000000,4.000000,4.000000,2.000000,4.000000,66.666664
1614076740.420757,35.000000,0.000000,3.946995,9.548926,-3.170957,-1.565644,2.006094,1.286719,1.341628,6.208701,0.218946,2.187327,-9.008280,-0.029425,-7.915022,-6.840833,-12.477551,146.646301,3.420924,-47.442551,10.591068,-66.351166,-24.478123,1.374045,6.486921,17.787388,11.681912,4.555602,14.884889,10.748267,8.141299,10.692457,9.225639,6.973091,8064.000000,0.000000,4.000000,,,,0.000000,4.000000,4.000000,4.000000,4.000000,4.000000,4.000000,4.000000,4.000000,4.000000,4.000000,4.000000,4.000000,4.000000,4.000000,4.000000,4.000000,4.000000,4.000000,2.000000,4.000000,4.000000,4.000000,4.000000,4.000000,4.000000,4.000000,4.000000,4.000000,4.000000,4.000000,2.000000,4.000000,66.666664
1614076740.428506,36.000000,0.000000,3.943048,4.923993,-7.783171,-5.153822,2.516908,1.798253,1.340286,5.689672,0.731548,0.646678,-6.947989,-0.542217,-5.855825,-10.423736,-18.618919,142.909912,3.417503,-45.856647,8.529195,-72.951477,-37.786980,4.449594,5.454793,3.923447,5.003564,3.012584,11.280260,8.686237,8.133158,7.604842,7.677953,-0.726190,8064.000000,0.000000,4.000000,,,,0.000000,4.000000,4.000000,4.000000,4.000000,4.000000,4.000000,4.000000,4.000000,4.000000,4.000000,4.000000,4.000000,4.000000,4.000000,4.000000,4.000000,4.000000,4.000000,2.000000,4.000000,4.000000,4.000000,4.000000,4.000000,4.000000,4.000000,4.000000,4.000000,4.000000,4.000000,2.000000,4.000000,66.666664
1614076740.436155,37.000000,0.000000,-4.266024,-1.234777,-8.288208,-5.148668,2.514392,1.796454,1.338946,6.196803,0.730816,1.158852,-7.453862,0.483967,-4.311508,-8.874850,-18.087481,147.382385,8.542291,-34.528740,6.982204,-75.955452,-51.595345,2.906683,4.936518,-2.747144,2.434458,3.009572,4.089493,4.574987,2.996819,6.571596,7.157454,0.300178,8064.000000,0.000000,4.000000,,,,0.000000,4.000000,4.000000,4.000000,4.000000,4.000000,4.000000,4.000000,4.000000,4.000000,4.000000,4.000000,4.000000,4.000000,4.000000,4.000000,4.000000,4.000000,4.000000,2.000000,4.000000,4.000000,4.000000,4.000000,4.000000,4.000000,4.000000,4.000000,4.000000,4.000000,4.000000,2.000000,4.000000,66.666664
1614076740.443904,38.000000,0.000000,-7.338681,-2.772004,-6.741459,-6.681982,2.511877,1.794658,1.337607,6.190606,0.730085,0.644873,-4.882306,4.586047,-4.820016,-8.353155,-19.607855,144.670898,10.072210,-58.083954,-5.332470,-79.469238,-60.774517,-1.711608,2.367479,-2.744396,-1.670541,-1.608822,-0.529981,0.467848,-3.160023,7.077845,5.611835,-1.751405,8064.000000,0.000000,4.000000,,,,0.000000,4.000000,4.000000,4.000000,4.000000,4.000000,4.000000,4.000000,4.000000,4.000000,4.000000,4.000000,4.000000,4.000000,4.000000,4.000000,4.000000,4.000000,4.000000,2.000000,4.000000,4.000000,4.000000,4.000000,4.000000,4.000000,4.000000,4.000000,4.000000,4.000000,4.000000,2.000000,4.000000,66.666664
1614076740.451553,39.000000,0.000000,-3.741598,-1.743591,-10.324461,-11.803505,1.996545,1.280043,1.336269,6.184415,0.729355,0.131407,0.763602,8.171205,4.928393,-5.780699,-8.819016,148.628784,10.574959,-54.948948,-0.711753,-66.569260,-52.508617,4.956770,3.390752,-7.869857,-4.745793,-4.684136,-0.529451,-0.045441,-4.182505,7.070767,4.067762,-6.365038,8064.000000,0.000000,4.000000,,,,0.000000,4.000000,4.000000,4.000000,4.000000,4.000000,4.000000,4.000000,4.000000,4.000000,4.000000,4.000000,4.000000,4.000000,4.000000,4.000000,4.000000,4.000000,4.000000,2.000000,4.000000,4.000000,4.000000,4.000000,4.000000,4.000000,4.000000,4.000000,4.000000,4.000000,4.000000,2.000000,4.000000,66.666664
1614076740.459302,40.000000,0.000000,-1.686575,-1.741847,-14.929521,-13.330163,2.507369,1.278763,1.334933,6.178231,0.215805,0.644096,5.378223,8.163033,18.256798,2.430210,15.292367,161.300674,15.179768,-23.099127,27.494087,-44.964226,-25.276621,16.233864,8.515567,-9.913269,2.951260,-4.166632,0.496719,0.467425,-3.665501,7.063696,3.038053,-7.897134,8064.000000,0.000000,4.000000,,,,0.000000,4.000000,4.000000,4.000000,4.000000,4.000000,4.000000,4.000000,4.000000,4.000000,4.000000,4.000000,4.000000,4.000000,4.000000,4.000000,4.000000,4.000000,4.000000,2.000000,4.000000,4.000000,4.000000,4.000000,4.000000,4.000000,4.000000,4.000000,4.000000,4.000000,4.000000,2.000000,4.000000,66.666664
1614076740.466952,41.000000,0.000000,-2.710529,-2.765747,-15.427412,-12.291191,2.504861,2.303125,1.333598,6.172053,0.215589,1.156273,6.911306,7.642050,19.777002,8.068806,24.507845,166.267578,18.241510,-26.665771,44.389671,-39.278236,-0.635959,21.345837,8.507051,-3.236689,11.153437,-3.649645,-1.042239,-0.045863,-3.661836,6.543812,4.060656,-7.376417,8064.000000,0.000000,4.000000,,,,0.000000,4.000000,4.000000,4.000000,4.000000,4.000000,4.000000,4.000000,4.000000,4.000000,4.000000,4.000000,4.000000,4.000000,4.000000,4.000000,4.000000,4.000000,4.000000,2.000000,4.000000,4.000000,4.000000,4.000000,4.000000,4.000000,4.000000,4.000000,4.000000,4.000000,4.000000,2.000000,4.000000,66.666664
1614076740.474701,42.000000,0.000000,-2.707819,-2.250160,-14.899164,-12.278900,1.989536,1.788001,1.332264,6.165881,0.728194,1.667937,7.417216,8.147228,18.218765,9.599198,20.893593,176.357727,18.736090,-34.331413,34.601688,-40.777420,3.467241,18.760387,5.421621,1.894753,11.655104,-4.671636,1.010085,0.979824,-3.145354,8.075730,8.671980,-0.702374,8192.000000,0.000000,4.000000,,,,0.000000,4.000000,4.000000,4.000000,4.000000,4.000000,4.000000,4.000000,4.000000,4.000000,4.000000,4.000000,4.000000,4.000000,4.000000,4.000000,4.000000,4.000000,4.000000,2.000000,4.000000,4.000000,4.000000,4.000000,4.000000,4.000000,4.000000,4.000000,4.000000,4.000000,4.000000,2.000000,4.000000,66.666664
1614076740.482350,43.000000,0.000000,-2.192290,1.341833,-14.371445,-12.266622,2.500367,0.247752,0.818112,5.646894,-0.298175,5.768833,10.486722,7.626260,21.790289,16.769087,22.411161,200.796753,20.255816,-12.758619,27.387602,-41.762283,-1.664431,19.254448,6.441840,3.431319,11.130629,-3.641324,7.675742,3.542947,-3.655029,10.631757,11.740231,9.554739,8192.000000,0.000000,4.000000,,,,0.000000,4.000000,4.000000,4.000000,4.000000,4.000000,4.000000,4.000000,4.000000,4.000000,4.000000,4.000000,4.000000,4.000000,4.000000,4.000000,4.000000,4.000000,4.000000,2.000000,4.000000,4.000000,4.000000,4.000000,4.000000,4.000000,4.000000,4.000000,4.000000,4.000000,4.000000,2.000000,4.000000,66.666664
1614076740.490099,44.000000,0.000000,-2.190098,5.443056,-11.280149,-12.254354,4.549149,6.914171,1.842934,6.154068,0.727764,13.968192,14.578799,7.618634,22.794140,24.444624,25.465673,214.954926,20.748381,3.664396,41.206367,-40.182060,0.388515,25.901859,9.512321,9.068913,10.606677,2.003344,11.770630,4.565045,-2.625733,10.621125,11.215671,13.134928,8064.000000,0.000000,4.000000,,,,0.000000,4.000000,4.000000,4.000000,4.000000,4.000000,4.000000,4.000000,4.000000,4.000000,4.000000,4.000000,4.000000,4.000000,4.000000,4.000000,4.000000,4.000000,4.000000,2.000000,4.000000,4.000000,4.000000,4.000000,4.000000,4.000000,4.000000,4.000000,4.000000,4.000000,4.000000,2.000000,4.000000,66.666664
1614076740.497748,45.000000,0.000000,-2.187908,5.950433,-7.679126,-12.242101,6.595881,16.138025,3.892374,7.686375,9.444985,20.108070,15.589861,7.611015,20.720064,21.343258,20.824821,203.970734,22.266094,1.609449,53.985672,-37.064953,-2.175976,25.363138,10.528450,21.367537,11.108891,8.155187,11.758860,4.047659,4.556380,11.636145,11.204454,12.096152,8064.000000,0.000000,4.000000,,,,0.000000,4.000000,4.000000,4.000000,4.000000,4.000000,4.000000,4.000000,4.000000,4.000000,4.000000,4.000000,4.000000,4.000000,4.000000,4.000000,4.000000,4.000000,4.000000,2.000000,4.000000,4.000000,4.000000,4.000000,4.000000,4.000000,4.000000,4.000000,4.000000,4.000000,4.000000,2.000000,4.000000,66.666664
1614076740.505497,46.000000,0.000000,-2.185720,5.944483,-7.158627,-12.229858,6.589286,13.044965,5.426943,9.729971,16.102207,19.575142,12.497348,7.603405,18.135241,16.193708,10.547587,171.971893,19.679726,-12.238315,37.008610,-49.848400,-23.199442,11.491620,6.415358,27.500015,12.123424,7.634211,9.695819,4.556432,8.141567,11.111689,11.706071,11.571236,8064.000000,0.000000,4.000000,,,,0.000000,4.000000,4.000000,4.000000,4.000000,4.000000,4.000000,4.000000,4.000000,4.000000,4.000000,4.000000,4.000000,4.000000,4.000000,4.000000,4.000000,4.000000,4.000000,2.000000,4.000000,4.000000,4.000000,4.000000,4.000000,4.000000,4.000000,4.000000,4.000000,4.000000,4.000000,2.000000,4.000000,66.666664
1614076740.513146,47.000000,0.000000,-2.183534,4.912897,-7.664289,-12.217628,6.069876,4.826792,4.908695,9.720241,15.573284,19.042746,10.946389,7.595801,12.476080,16.177515,-4.334755,142.056335,6.326712,-38.892742,9.792115,-76.465218,-48.304447,-0.314743,-1.796186,15.677644,3.906172,3.011192,5.583559,3.013414,2.492400,1.869807,10.668723,5.918638,8064.000000,0.000000,4.000000,,,,0.000000,4.000000,4.000000,4.000000,4.000000,4.000000,4.000000,4.000000,4.000000,4.000000,4.000000,4.000000,4.000000,4.000000,4.000000,4.000000,4.000000,4.000000,4.000000,2.000000,4.000000,4.000000,4.000000,4.000000,4.000000,4.000000,4.000000,4.000000,4.000000,4.000000,4.000000,2.000000,4.000000,66.666664
1614076740.520896,48.000000,0.000000,-2.181351,2.343882,-7.143804,-12.205411,6.576627,4.821965,4.903787,9.710521,14.532070,20.562164,10.935443,7.075385,7.335399,16.674158,-10.997087,146.529663,-0.346281,-53.212826,4.141298,-86.645164,-57.486912,-1.340069,-5.896954,-5.363675,-10.456709,-0.068742,-0.575871,0.446298,-3.151118,-8.388473,8.093952,0.784515,8064.000000,0.000000,4.000000,,,,0.000000,4.000000,4.000000,4.000000,4.000000,4.000000,4.000000,4.000000,4.000000,4.000000,4.000000,4.000000,4.000000,4.000000,4.000000,4.000000,4.000000,4.000000,4.000000,2.000000,4.000000,4.000000,4.000000,4.000000,4.000000,4.000000,4.000000,4.000000,4.000000,4.000000,4.000000,2.000000,4.000000,66.666664
1614076740.528545,49.000000,0.000000,-2.179169,1.315897,-7.136660,-12.193205,6.570050,6.355604,4.898883,10.213631,16.056000,18.490320,11.437328,9.119592,6.815243,16.657484,-9.447629,164.844666,7.346373,-43.928841,10.291002,-76.302109,-49.737118,1.738194,-3.839775,-14.589081,-10.959073,-0.581494,0.450346,-0.066968,-3.147967,-8.892905,7.060217,0.270910,8064.000000,0.000000,4.000000,,,,0.000000,4.000000,4.000000,4.000000,4.000000,4.000000,4.000000,4.000000,4.000000,4.000000,4.000000,4.000000,4.000000,4.000000,4.000000,4.000000,4.000000,4.000000,4.000000,2.000000,4.000000,4.000000,4.000000,4.000000,4.000000,4.000000,4.000000,4.000000,4.000000,4.000000,4.000000,2.000000,4.000000,66.666664
1614076740.536294,50.000000,0.000000,-2.176990,1.827402,-7.642344,-12.181012,4.512198,4.810787,4.893984,9.690597,15.527122,13.343625,10.913071,11.674574,6.808428,15.102365,-12.002283,152.372131,10.415949,-37.218246,14.896096,-63.918114,-34.815586,7.377481,-1.784653,-9.446286,-0.178883,2.496010,11.219126,0.445919,-2.631998,-2.730166,7.565978,0.783459,8064.000000,0.000000,4.000000,,,,0.000000,4.000000,4.000000,4.000000,4.000000,4.000000,4.000000,4.000000,4.000000,4.000000,4.000000,4.000000,4.000000,4.000000,4.000000,4.000000,4.000000,4.000000,4.000000,2.000000,4.000000,4.000000,4.000000,4.000000,4.000000,4.000000,4.000000,4.000000,4.000000,4.000000,4.000000,2.000000,4.000000,66.666664
1614076740.543943,51.000000,0.000000,-2.174813,1.825574,-7.634701,-12.168831,2.456403,4.805976,4.889090,9.680906,14.998775,10.766179,10.389337,11.150080,9.365722,12.010339,-4.810794,140.424896,9.892713,-39.232311,19.496584,-52.059326,-20.934616,11.472668,0.268414,0.819570,4.436681,5.570437,19.925856,0.445473,-3.655007,1.887949,7.558412,0.269855,8064.000000,0.000000,4.000000,,,,0.000000,4.000000,4.000000,4.000000,4.000000,4.000000,4.000000,4.000000,4.000000,4.000000,4.000000,4.000000,4.000000,4.000000,4.000000,4.000000,4.000000,4.000000,4.000000,2.000000,4.000000,4.000000,4.000000,4.000000,4.000000,4.000000,4.000000,4.000000,4.000000,4.000000,4.000000,2.000000,4.000000,66.666664
1614076740.551692,52.000000,0.000000,-2.172638,1.823749,-7.627067,-12.156662,2.453947,5.313991,4.884201,10.184046,16.009418,11.781054,11.917409,12.164570,16.023024,13.536791,15.194016,171.053696,16.036667,-30.987949,25.118114,-42.263676,-14.759834,12.486836,2.319427,9.536699,2.893782,7.103329,16.829006,-0.067793,-3.651352,3.424523,7.550853,0.782406,8064.000000,0.000000,4.000000,,,,0.000000,4.000000,4.000000,4.000000,4.000000,4.000000,4.000000,4.000000,4.000000,4.000000,4.000000,4.000000,4.000000,4.000000,4.000000,4.000000,4.000000,4.000000,4.000000,2.000000,4.000000,4.000000,4.000000,4.000000,4.000000,4.000000,4.000000,4.000000,4.000000,4.000000,4.000000,2.000000,4.000000,66.666664
1614076740.559341,53.000000,0.000000,-2.170466,1.309104,-7.619440,-12.657326,2.964314,5.308677,4.879317,8.122580,14.967767,11.769273,10.879850,12.665226,17.545462,13.523253,19.794207,191.395462,17.046270,-17.110807,26.631456,-41.195770,-15.257895,11.448709,1.291467,13.629727,3.403709,7.096225,11.171152,0.445095,-3.647701,3.421098,7.543302,-0.756838,8064.000000,0.000000,4.000000,,,,0.000000,4.000000,4.000000,4.000000,4.000000,4.000000,4.000000,4.000000,4.000000,4.000000,4.000000,4.000000,4.000000,4.000000,4.000000,4.000000,4.000000,4.000000,4.000000,2.000000,4.000000,4.000000,4.000000,4.000000,4.000000,4.000000,4.000000,4.000000,4.000000,4.000000,4.000000,2.000000,4.000000,66.666664
1614076740.567190,54.000000,0.000000,-2.168295,2.333436,-7.611820,-11.619028,0.910067,5.303368,4.874437,6.063175,8.798953,11.244683,5.740766,3.934612,11.886890,2.740500,2.851336,161.460480,9.849737,-20.683441,19.425339,-50.385345,-15.755458,7.847516,-0.761107,13.616097,4.425946,7.089129,11.159981,2.495932,-3.131233,3.930497,7.022938,-2.807363,8064.000000,0.000000,4.000000,,,,0.000000,4.000000,4.000000,4.000000,4.000000,4.000000,4.000000,4.000000,4.000000,4.000000,4.000000,4.000000,4.000000,4.000000,4.000000,4.000000,4.000000,4.000000,4.000000,2.000000,4.000000,4.000000,4.000000,4.000000,4.000000,4.000000,4.000000,4.000000,4.000000,4.000000,4.000000,2.000000,4.000000,66.666664
1614076740.574939,55.000000,0.000000,-2.166127,4.382385,-7.604208,-9.556127,-1.654945,5.298065,4.869563,6.057112,3.661949,11.746259,3.683743,-6.838553,6.233978,-5.980190,-6.382284,144.888763,6.250144,-35.021732,11.200785,-64.181114,-15.226882,4.249925,-2.298807,15.140943,3.908700,7.594861,12.174462,4.544718,-3.128101,3.926567,7.528736,-3.317376,8064.000000,0.000000,4.000000,,,,0.000000,4.000000,4.000000,4.000000,4.000000,4.000000,4.000000,4.000000,4.000000,4.000000,4.000000,4.000000,4.000000,4.000000,4.000000,4.000000,4.000000,4.000000,4.000000,2.000000,4.000000,4.000000,4.000000,4.000000,4.000000,4.000000,4.000000,4.000000,4.000000,4.000000,4.000000,2.000000,4.000000,66.666664
1614076740.582788,56.000000,0.000000,-2.163961,5.403644,-8.622245,-8.520929,-2.166111,5.292767,4.864693,5.538234,3.658287,11.221692,3.680059,-8.370176,0.586718,-6.487030,-6.888722,160.641312,4.192612,-39.089275,10.676764,-73.347702,-23.929604,4.245675,-4.347790,11.536058,3.391971,7.587265,9.598186,4.027353,-4.150614,3.409820,7.521207,-3.314059,8064.000000,0.000000,4.000000,,,,0.000000,4.000000,4.000000,4.000000,4.000000,4.000000,4.000000,4.000000,4.000000,4.000000,4.000000,4.000000,4.000000,4.000000,4.000000,4.000000,4.000000,4.000000,4.000000,2.000000,4.000000,4.000000,4.000000,4.000000,4.000000,4.000000,4.000000,4.000000,4.000000,4.000000,4.000000,2.000000,4.000000,66.666664
1614076740.590537,57.000000,0.000000,-2.161797,5.911060,-7.587982,-8.512408,-1.651124,4.774653,4.859828,2.968593,3.654629,11.210470,-3.503109,-6.823344,-4.542074,-10.070287,-17.138245,144.583237,2.649957,-46.229671,5.537882,-76.864098,-41.854393,3.728609,-5.881904,1.780932,2.875758,7.066858,7.024484,4.023326,-1.069541,3.406410,6.488045,-3.310745,8064.000000,0.000000,4.000000,,,,0.000000,4.000000,4.000000,4.000000,4.000000,4.000000,4.000000,4.000000,4.000000,4.000000,4.000000,4.000000,4.000000,4.000000,4.000000,4.000000,4.000000,4.000000,4.000000,2.000000,4.000000,4.000000,4.000000,4.000000,4.000000,4.000000,4.000000,4.000000,4.000000,4.000000,4.000000,2.000000,4.000000,66.666664
1614076740.598386,58.000000,0.000000,-2.159635,7.956431,-5.016291,-5.939794,-1.136653,4.769879,4.854969,1.939984,3.650974,11.712081,-8.627810,-7.842162,-5.050352,-13.137139,-25.839054,112.643776,2.647307,-59.516777,-2.672784,-78.838516,-51.556126,0.135137,-5.876022,-2.836233,3.385703,7.059791,7.017460,4.019302,6.111016,2.890183,8.020019,0.282309,8064.000000,0.000000,4.000000,,,,0.000000,4.000000,4.000000,4.000000,4.000000,4.000000,4.000000,4.000000,4.000000,4.000000,4.000000,4.000000,4.000000,4.000000,4.000000,4.000000,4.000000,4.000000,4.000000,2.000000,4.000000,4.000000,4.000000,4.000000,4.000000,4.000000,4.000000,4.000000,4.000000,4.000000,4.000000,2.000000,4.000000,66.666664
1614076740.606135,59.000000,0.000000,-2.157475,9.486937,-5.011275,-4.395392,-2.161157,5.790750,4.850114,2.450864,4.672964,12.213189,-4.516619,-7.321499,-3.506840,-10.047079,-24.787575,130.479843,-0.945083,-51.764950,10.663222,-78.246857,-50.478931,-0.377819,-5.357326,-1.294935,2.869497,7.565552,7.523263,4.015283,8.669007,3.400114,12.627383,3.871771,8064.000000,0.000000,4.000000,,,,0.000000,4.000000,4.000000,4.000000,4.000000,4.000000,4.000000,4.000000,4.000000,4.000000,4.000000,4.000000,4.000000,4.000000,4.000000,4.000000,4.000000,4.000000,4.000000,2.000000,4.000000,4.000000,4.000000,4.000000,4.000000,4.000000,4.000000,4.000000,4.000000,4.000000,4.000000,2.000000,4.000000,66.666664
1614076740.613984,60.000000,0.000000,-2.155318,8.964629,-1.929341,-6.442279,-0.620534,4.759318,4.845264,2.448413,3.129830,11.175335,-3.486461,-7.314178,-5.041795,-10.549852,-25.788427,154.964752,-8.123626,-32.226006,24.498713,-78.681427,-49.402809,1.161020,-5.864789,-3.344923,-2.261578,5.506704,7.515739,4.011268,7.634697,3.396713,15.178859,4.893540,8064.000000,0.000000,4.000000,,,,0.000000,4.000000,4.000000,4.000000,4.000000,4.000000,4.000000,4.000000,4.000000,4.000000,4.000000,4.000000,4.000000,4.000000,4.000000,4.000000,4.000000,4.000000,4.000000,2.000000,4.000000,4.000000,4.000000,4.000000,4.000000,4.000000,4.000000,4.000000,4.000000,4.000000,4.000000,2.000000,4.000000,66.666664
1614076740.621733,61.000000,0.000000,-2.153163,8.442843,8.328999,-2.333272,6.559574,4.754559,4.840418,1.933144,4.665162,13.215442,-4.508615,-7.306864,-3.498291,-4.898277,-21.660076,134.296967,-8.628323,-33.219421,9.089599,-78.089928,-44.738022,0.647039,-5.346104,-6.418501,-2.772137,3.449915,6.995403,4.007257,7.627063,2.367676,14.138039,3.863005,8064.000000,0.000000,4.000000,,,,0.000000,4.000000,4.000000,4.000000,4.000000,4.000000,4.000000,4.000000,4.000000,4.000000,4.000000,4.000000,4.000000,4.000000,4.000000,4.000000,4.000000,4.000000,4.000000,2.000000,4.000000,4.000000,4.000000,4.000000,4.000000,4.000000,4.000000,4.000000,4.000000,4.000000,4.000000,2.000000,4.000000,66.666664
1614076740.629582,62.000000,0.000000,-2.151010,8.947222,15.500157,8.951112,13.732501,12.442112,4.835578,1.931211,13.378445,19.356071,6.777945,-1.145711,6.248796,15.619442,-3.689697,129.547287,-0.927386,-41.904152,-0.663081,-63.652863,-31.872772,-0.379249,-3.802296,-3.847980,6.461405,2.933645,7.501228,4.003250,7.619436,4.929410,14.123900,3.859142,8064.000000,0.000000,4.000000,,,,0.000000,4.000000,4.000000,4.000000,4.000000,4.000000,4.000000,4.000000,4.000000,4.000000,4.000000,4.000000,4.000000,4.000000,4.000000,4.000000,4.000000,4.000000,4.000000,2.000000,4.000000,4.000000,4.000000,4.000000,4.000000,4.000000,4.000000,4.000000,4.000000,4.000000,4.000000,2.000000,4.000000,66.666664
1614076740.637332,63.000000,0.000000,-2.661679,8.938274,14.459016,14.583186,14.744410,17.557875,4.830742,2.442101,14.390708,18.311075,14.976295,6.034922,14.960496,22.783310,9.647326,162.238251,5.227387,-40.323784,15.747839,-45.127670,-22.097309,4.749335,-0.208750,1.284073,12.095969,3.443532,9.545010,3.999246,8.124637,9.539865,15.135418,6.419386,8064.000000,0.000000,4.000000,,,,0.000000,4.000000,4.000000,4.000000,4.000000,4.000000,4.000000,4.000000,4.000000,4.000000,4.000000,4.000000,4.000000,4.000000,4.000000,4.000000,4.000000,4.000000,4.000000,2.000000,4.000000,4.000000,4.000000,4.000000,4.000000,4.000000,4.000000,4.000000,4.000000,4.000000,4.000000,2.000000,4.000000,66.666664
1614076740.645181,64.000000,0.000000,-2.146197,8.416515,13.931737,13.030142,10.627101,8.822369,4.825912,2.439658,4.119907,7.010713,5.217729,6.541708,13.407074,6.863091,6.047935,169.768326,6.760621,-37.206539,21.373116,-43.031261,-21.562391,12.436893,1.842741,4.359713,9.006949,3.440088,11.073926,3.995247,7.603692,11.068788,14.094641,11.541172,0.000000,183.000000,4.000000,,,,0.000000,4.000000,4.000000,4.000000,4.000000,4.000000,4.000000,4.000000,4.000000,4.000000,4.000000,4.000000,4.000000,4.000000,4.000000,4.000000,4.000000,4.000000,4.000000,2.000000,4.000000,4.000000,4.000000,4.000000,4.000000,4.000000,4.000000,4.000000,4.000000,4.000000,4.000000,2.000000,4.000000,66.666664
1614076740.652930,65.000000,0.000000,-2.144051,9.433740,14.430625,12.504292,7.026731,1.121238,4.821086,1.924398,1.551684,0.337035,-4.531079,3.971063,10.829565,-3.400183,1.426502,143.444702,6.241040,-39.220615,8.018410,-48.629257,-25.643393,9.860354,-0.723204,5.893814,5.921020,3.436648,11.062852,3.478431,6.570447,10.544898,15.106188,15.632195,0.000000,174.000000,4.000000,,,,0.000000,4.000000,4.000000,4.000000,4.000000,4.000000,4.000000,4.000000,4.000000,4.000000,4.000000,4.000000,4.000000,4.000000,4.000000,4.000000,4.000000,4.000000,4.000000,2.000000,4.000000,4.000000,4.000000,4.000000,4.000000,4.000000,4.000000,4.000000,4.000000,4.000000,4.000000,2.000000,4.000000,66.666664
1614076740.660779,66.000000,0.000000,-2.654727,11.988409,14.416195,14.030249,5.481242,6.761143,4.816265,3.460935,9.242440,2.387980,-1.449625,3.967092,12.357197,-1.858321,1.937896,128.429474,6.747620,-42.258316,3.907827,-51.657551,-29.720314,1.645366,-0.722481,5.887920,7.453560,3.433211,11.051789,4.500594,11.692081,11.047174,20.219286,17.667845,0.000000,201.000000,4.000000,,,,0.000000,4.000000,4.000000,4.000000,4.000000,4.000000,4.000000,4.000000,4.000000,4.000000,4.000000,4.000000,4.000000,4.000000,4.000000,4.000000,4.000000,4.000000,4.000000,2.000000,4.000000,4.000000,4.000000,4.000000,4.000000,4.000000,4.000000,4.000000,4.000000,4.000000,4.000000,2.000000,4.000000,66.666664
1614076740.668528,67.000000,0.000000,-1.113611,13.002062,13.888958,16.067501,5.988581,12.908228,4.811449,7.047218,12.310121,4.436874,1.628748,4.475946,9.267917,-6.471848,2.448779,132.403610,7.253693,-39.139133,10.570586,-61.862305,-30.716234,0.105259,1.842344,6.394853,7.446107,3.429778,11.040737,7.060196,18.859877,9.497665,22.763170,19.188639,0.000000,208.000000,4.000000,,,,0.000000,4.000000,4.000000,4.000000,4.000000,4.000000,4.000000,4.000000,4.000000,4.000000,4.000000,4.000000,4.000000,4.000000,4.000000,4.000000,4.000000,4.000000,4.000000,2.000000,4.000000,4.000000,4.000000,4.000000,4.000000,4.000000,4.000000,4.000000,4.000000,4.000000,4.000000,2.000000,4.000000,66.666664
1614076740.676377,68.000000,0.000000,1.451605,11.963418,13.875069,17.077074,5.982593,12.382499,4.806637,10.117094,10.759349,3.919617,-1.962624,4.471470,2.079161,-17.234606,2.446330,133.809662,5.195157,-37.048714,11.072836,-78.210701,-32.736801,1.643615,-0.210781,6.388458,4.361738,3.939169,11.542517,8.078776,14.225633,6.924065,20.176304,19.169449,0.000000,168.000000,4.000000,,,,0.000000,4.000000,4.000000,4.000000,4.000000,4.000000,4.000000,4.000000,4.000000,4.000000,4.000000,4.000000,4.000000,4.000000,4.000000,4.000000,4.000000,4.000000,4.000000,2.000000,4.000000,4.000000,4.000000,4.000000,4.000000,4.000000,4.000000,4.000000,4.000000,4.000000,4.000000,2.000000,4.000000,66.666664
1614076740.684126,69.000000,0.000000,1.450154,13.489917,14.886835,17.059998,5.976610,11.857296,4.801830,9.594156,10.748590,4.428518,-7.601687,3.954178,-2.025482,-26.448141,-2.171501,120.342522,3.138680,-59.575768,-0.733108,-86.337616,-38.345089,-0.409311,-0.723390,3.817967,3.844555,4.448050,11.018154,8.070698,8.570381,7.429961,17.592026,19.663101,0.000000,198.000000,4.000000,,,,0.000000,4.000000,4.000000,4.000000,4.000000,4.000000,4.000000,4.000000,4.000000,4.000000,4.000000,4.000000,4.000000,4.000000,4.000000,4.000000,4.000000,4.000000,4.000000,2.000000,4.000000,4.000000,4.000000,4.000000,4.000000,4.000000,4.000000,4.000000,4.000000,4.000000,4.000000,2.000000,4.000000,66.666664
1614076740.691775,70.000000,0.000000,3.499986,16.040529,14.359128,17.042936,5.970634,12.871079,6.335490,9.584562,11.763482,3.398448,-6.568445,3.437403,-3.049098,-22.319128,-8.835996,112.529869,4.674003,-78.490555,-5.860580,-84.712814,-41.896488,-2.973004,4.405538,2.788508,6.404813,3.417961,11.007136,8.062627,10.100272,7.422531,18.087254,19.130617,0.000000,189.000000,4.000000,,,,0.000000,4.000000,4.000000,4.000000,4.000000,4.000000,4.000000,4.000000,4.000000,4.000000,4.000000,4.000000,4.000000,4.000000,4.000000,4.000000,4.000000,4.000000,4.000000,2.000000,4.000000,4.000000,4.000000,4.000000,4.000000,4.000000,4.000000,4.000000,4.000000,4.000000,4.000000,2.000000,4.000000,66.666664
1614076740.699524,71.000000,0.000000,6.573409,16.024488,10.242205,15.487432,5.964663,12.858209,8.380437,10.087798,11.238898,5.446332,2.668893,4.972427,-4.071690,0.267293,-7.801519,133.442978,7.233431,-52.771034,10.042716,-79.499901,-41.854591,-3.482852,2.862671,5.349822,7.424049,3.927364,11.508949,7.028924,11.628633,6.389468,18.069166,18.085846,0.000000,173.000000,4.000000,,,,0.000000,4.000000,4.000000,4.000000,4.000000,4.000000,4.000000,4.000000,4.000000,4.000000,4.000000,4.000000,4.000000,4.000000,4.000000,4.000000,4.000000,4.000000,4.000000,2.000000,4.000000,4.000000,4.000000,4.000000,4.000000,4.000000,4.000000,4.000000,4.000000,4.000000,4.000000,2.000000,4.000000,66.666664
1614076740.707173,72.000000,0.000000,2.464271,17.034105,7.667860,13.420663,6.471519,12.332530,8.884877,8.539248,11.227659,12.620373,7.794429,3.941814,-3.554797,19.241385,-4.716794,148.181335,5.687736,-38.872108,17.212160,-76.856293,-41.812737,-2.453728,-4.832500,6.370113,6.390985,4.949078,9.446158,8.047536,12.129826,7.921540,18.051098,20.631863,0.000000,174.000000,4.000000,,,,0.000000,4.000000,4.000000,4.000000,4.000000,4.000000,4.000000,4.000000,4.000000,4.000000,4.000000,4.000000,4.000000,4.000000,4.000000,4.000000,4.000000,4.000000,4.000000,2.000000,4.000000,4.000000,4.000000,4.000000,4.000000,4.000000,4.000000,4.000000,4.000000,4.000000,4.000000,2.000000,4.000000,66.666664
1614076740.714922,73.000000,0.000000,-4.717680,14.965789,4.070448,11.355960,5.439406,12.833018,6.824710,5.966607,11.216432,13.633393,7.786635,-4.267256,-3.551242,21.273426,-6.763360,141.879303,3.117946,-68.576828,4.887256,-75.240974,-39.719643,-2.964094,-6.366128,3.799641,7.923055,-1.722538,5.334148,7.526668,9.553593,5.349516,18.033047,17.021486,0.000000,180.000000,4.000000,,,,0.000000,4.000000,4.000000,4.000000,4.000000,4.000000,4.000000,4.000000,4.000000,4.000000,4.000000,4.000000,4.000000,4.000000,4.000000,4.000000,4.000000,4.000000,4.000000,2.000000,4.000000,4.000000,4.000000,4.000000,4.000000,4.000000,4.000000,4.000000,4.000000,4.000000,4.000000,2.000000,4.000000,66.666664
1614076740.722571,74.000000,0.000000,-6.764245,6.232874,-4.651571,7.242040,3.382685,11.794544,5.279424,5.447820,9.666754,6.953094,7.778848,-6.827092,-3.547691,21.764973,-2.141212,156.096405,2.602007,-56.200558,16.677240,-71.063171,-37.115822,-7.063694,-4.821301,2.257380,3.812568,-12.490047,3.277532,0.339654,1.338911,-7.989167,18.015013,0.594209,0.000000,200.000000,4.000000,,,,0.000000,4.000000,4.000000,4.000000,4.000000,4.000000,4.000000,4.000000,4.000000,4.000000,4.000000,4.000000,4.000000,4.000000,4.000000,4.000000,4.000000,4.000000,4.000000,2.000000,4.000000,4.000000,4.000000,4.000000,4.000000,4.000000,4.000000,4.000000,4.000000,4.000000,4.000000,2.000000,4.000000,66.666664
1614076740.730321,75.000000,0.000000,-5.219019,0.072795,-8.749483,4.670695,1.840841,7.167365,4.248503,6.468013,7.605805,3.356397,5.719788,-0.153598,-3.031323,19.179104,1.963494,172.863373,2.599405,-23.323845,39.737488,-67.915184,-37.078705,-7.056631,-5.842120,2.255122,-6.447655,-16.580120,3.787075,-3.763250,-3.790633,-16.699127,17.996998,-7.611514,0.000000,202.000000,4.000000,,,,0.000000,4.000000,4.000000,4.000000,4.000000,4.000000,4.000000,4.000000,4.000000,4.000000,4.000000,4.000000,4.000000,4.000000,4.000000,4.000000,4.000000,4.000000,4.000000,2.000000,4.000000,4.000000,4.000000,4.000000,4.000000,4.000000,4.000000,4.000000,4.000000,4.000000,4.000000,2.000000,4.000000,66.666664
1614076740.737970,76.000000,0.000000,-5.726620,1.098364,-3.099709,5.178845,2.351820,4.083274,4.757075,4.923083,7.085379,4.891502,0.585862,-3.230367,-5.592394,1.211208,-12.910265,150.639236,-0.480117,-45.351803,20.210569,-70.924194,-38.580086,-2.947010,-6.349099,2.252867,-7.979669,-13.486617,3.783288,0.855898,-1.222740,-10.528582,17.979000,0.088405,0.000000,173.000000,4.000000,,,,0.000000,4.000000,4.000000,4.000000,4.000000,4.000000,4.000000,4.000000,4.000000,4.000000,4.000000,4.000000,4.000000,4.000000,4.000000,4.000000,4.000000,4.000000,4.000000,2.000000,4.000000,4.000000,4.000000,4.000000,4.000000,4.000000,4.000000,4.000000,4.000000,4.000000,4.000000,2.000000,4.000000,66.666664
1614076740.745719,77.000000,0.000000,-6.233714,1.610086,-0.532506,5.686487,1.323827,5.104832,4.752318,2.354058,7.078293,3.860969,-0.440364,-13.996367,-10.202187,-14.687440,-28.281969,131.001419,-4.069381,-77.614143,-4.425026,-78.545578,-37.515865,-8.072268,-5.317109,1.737794,0.233439,-11.934669,3.266684,4.957606,0.316945,-3.851386,17.961021,3.165240,0.000000,197.000000,4.000000,,,,0.000000,4.000000,4.000000,4.000000,4.000000,4.000000,4.000000,4.000000,4.000000,4.000000,4.000000,4.000000,4.000000,4.000000,4.000000,4.000000,4.000000,4.000000,4.000000,2.000000,4.000000,4.000000,4.000000,4.000000,4.000000,4.000000,4.000000,4.000000,4.000000,4.000000,4.000000,2.000000,4.000000,66.666664
1614076740.753368,78.000000,0.000000,-5.714660,0.582835,-1.044794,5.167980,1.835324,5.099727,4.747566,2.351704,7.071215,2.831467,-0.952745,-15.520833,-11.730446,-14.672752,-28.766508,129.331955,-4.578132,-70.357040,4.810168,-90.774727,-41.068092,-18.320606,-5.311791,1.223235,3.822949,-11.409914,3.776238,3.927007,-0.196193,-4.360355,17.943062,4.187716,0.000000,209.000000,4.000000,,,,0.000000,4.000000,4.000000,4.000000,4.000000,4.000000,4.000000,4.000000,4.000000,4.000000,4.000000,4.000000,4.000000,4.000000,4.000000,4.000000,4.000000,4.000000,4.000000,2.000000,4.000000,4.000000,4.000000,4.000000,4.000000,4.000000,4.000000,4.000000,4.000000,4.000000,4.000000,2.000000,4.000000,66.666664
1614076740.761217,79.000000,0.000000,-5.708945,3.146354,2.033174,5.675632,2.859130,4.581807,4.742818,1.836532,7.576964,4.367097,-3.515894,-11.915568,-11.718716,-15.683721,-32.840305,107.151337,-6.112015,-75.927711,-1.861308,-101.453178,-52.821896,-15.225363,-6.332121,-0.829270,2.793485,-11.398504,3.259641,3.410260,2.368106,-4.868815,17.925117,14.439939,0.000000,203.000000,4.000000,,,,0.000000,4.000000,4.000000,4.000000,4.000000,4.000000,4.000000,4.000000,4.000000,4.000000,4.000000,4.000000,4.000000,4.000000,4.000000,4.000000,4.000000,4.000000,4.000000,2.000000,4.000000,4.000000,4.000000,4.000000,4.000000,4.000000,4.000000,4.000000,4.000000,4.000000,4.000000,2.000000,4.000000,66.666664
1614076740.768966,80.000000,0.000000,-6.216057,5.707311,3.056782,5.157136,-0.733473,5.090046,4.738075,1.834695,6.543746,1.798628,-4.538020,-8.313910,-11.706997,-19.257780,-34.345928,98.839058,-4.054621,-98.415886,-23.397909,-94.172241,-58.410103,-2.389624,-2.223225,-4.418184,3.303512,-11.899926,3.256381,4.432491,3.391379,-4.351126,17.907192,18.015242,0.000000,172.000000,4.000000,,,,0.000000,4.000000,4.000000,4.000000,4.000000,4.000000,4.000000,4.000000,4.000000,4.000000,4.000000,4.000000,4.000000,4.000000,4.000000,4.000000,4.000000,4.000000,4.000000,2.000000,4.000000,4.000000,4.000000,4.000000,4.000000,4.000000,4.000000,4.000000,4.000000,4.000000,4.000000,2.000000,4.000000,66.666664
1614076740.776815,81.000000,0.000000,-5.697020,5.188783,3.566545,5.151979,-1.245560,4.572135,4.733337,5.422604,7.050023,-0.254453,-5.559123,0.925174,-4.515802,-9.494932,-11.234658,131.560730,6.205844,-65.496956,-3.374511,-72.539604,-46.043999,1.202509,7.522588,-4.413766,2.787388,-6.759821,6.330048,3.915238,5.439270,-2.295493,15.838003,11.843381,0.000000,193.000000,4.000000,,,,0.000000,4.000000,4.000000,4.000000,4.000000,4.000000,4.000000,4.000000,4.000000,4.000000,4.000000,4.000000,4.000000,4.000000,4.000000,4.000000,4.000000,4.000000,4.000000,2.000000,4.000000,4.000000,4.000000,4.000000,4.000000,4.000000,4.000000,4.000000,4.000000,4.000000,4.000000,2.000000,4.000000,66.666664
1614076740.784564,82.000000,0.000000,-5.691323,5.183594,11.255286,7.198109,9.524917,5.080384,4.728604,9.519746,12.171178,9.489391,-0.425358,11.180659,7.283585,10.001741,10.827859,160.147125,14.404766,-32.610947,29.449377,-53.492706,-24.459494,0.175665,11.104810,3.282955,4.835883,1.964887,10.426282,3.911322,7.997933,2.835008,13.770884,13.882819,0.000000,181.000000,4.000000,,,,0.000000,4.000000,4.000000,4.000000,4.000000,4.000000,4.000000,4.000000,4.000000,4.000000,4.000000,4.000000,4.000000,4.000000,4.000000,4.000000,4.000000,4.000000,4.000000,2.000000,4.000000,4.000000,4.000000,4.000000,4.000000,4.000000,4.000000,4.000000,4.000000,4.000000,4.000000,2.000000,4.000000,66.666664
1614076740.792413,83.000000,0.000000,-6.198452,5.178411,17.397877,8.729373,20.284622,7.126585,4.723876,10.023046,13.697469,25.890158,15.472503,12.707940,15.994250,31.017382,16.970877,170.756210,14.390361,-26.424490,35.060951,-40.618702,-6.486316,7.867797,6.478320,11.484800,10.984893,5.039845,11.954317,3.907411,4.400191,6.934737,14.269933,19.509962,0.000000,195.000000,4.000000,,,,0.000000,4.000000,4.000000,4.000000,4.000000,4.000000,4.000000,4.000000,4.000000,4.000000,4.000000,4.000000,4.000000,4.000000,4.000000,4.000000,4.000000,4.000000,4.000000,2.000000,4.000000,4.000000,4.000000,4.000000,4.000000,4.000000,4.000000,4.000000,4.000000,4.000000,4.000000,4.000000,4.000000,83.333336
1614076740.800162,84.000000,0.000000,-5.679433,5.173232,18.406120,9.746284,21.289978,8.657920,4.719151,11.038664,14.709412,33.556576,29.303185,11.156771,20.593641,45.858158,29.261599,186.482880,12.837509,-20.757040,38.615635,-30.321672,1.212478,17.090698,5.959021,13.011778,15.589293,3.496344,10.916722,3.903504,0.293227,7.440622,14.255663,18.977633,0.000000,205.000000,4.000000,,,,0.000000,4.000000,4.000000,4.000000,4.000000,4.000000,4.000000,4.000000,4.000000,4.000000,4.000000,4.000000,4.000000,4.000000,4.000000,4.000000,4.000000,4.000000,4.000000,2.000000,4.000000,4.000000,4.000000,4.000000,4.000000,4.000000,4.000000,4.000000,4.000000,4.000000,4.000000,4.000000,4.000000,83.333336
1614076740.808011,85.000000,0.000000,-1.058369,5.168059,18.387714,11.787820,20.755869,8.649262,4.714432,13.591728,24.438292,32.497379,30.299522,11.658434,23.137150,41.709736,35.899002,187.322037,14.363133,-4.838847,47.294968,-25.675966,-1.865657,15.535147,9.542806,13.511586,15.060883,4.005668,10.905806,3.899600,4.908319,7.433182,13.728587,18.445833,0.000000,194.000000,4.000000,,,,0.000000,4.000000,4.000000,4.000000,4.000000,4.000000,4.000000,4.000000,4.000000,4.000000,4.000000,4.000000,4.000000,4.000000,4.000000,4.000000,4.000000,4.000000,4.000000,2.000000,4.000000,4.000000,4.000000,4.000000,4.000000,4.000000,4.000000,4.000000,4.000000,4.000000,4.000000,4.000000,4.000000,83.333336
1614076740.815760,86.000000,0.000000,2.019612,5.162891,15.292403,12.288853,20.735113,8.640613,4.709718,14.090957,27.490778,30.926420,29.756403,11.646776,21.575550,26.283411,17.914387,167.134720,14.861590,-26.372471,40.068188,-29.752855,-13.145843,9.878586,6.969161,14.523716,11.968899,3.488842,11.920541,3.895700,7.467513,7.938569,14.740499,18.427387,0.000000,191.000000,4.000000,,,,0.000000,4.000000,4.000000,4.000000,4.000000,4.000000,4.000000,4.000000,4.000000,4.000000,4.000000,4.000000,4.000000,4.000000,4.000000,4.000000,4.000000,4.000000,4.000000,2.000000,4.000000,4.000000,4.000000,4.000000,4.000000,4.000000,4.000000,4.000000,4.000000,4.000000,4.000000,4.000000,4.000000,83.333336
1614076740.823609,87.000000,0.000000,2.017592,5.157728,8.610444,9.712461,18.663095,8.631972,4.705008,13.564046,17.206877,27.305750,30.239466,11.635129,15.912950,20.616102,-1.077887,152.608612,11.256986,-58.653790,20.028118,-43.056435,-25.440390,12.945630,1.833986,9.380987,6.828725,0.408430,8.831697,3.891805,4.383122,5.366528,14.212938,15.844858,0.000000,212.000000,4.000000,,,,0.000000,4.000000,4.000000,4.000000,4.000000,4.000000,4.000000,4.000000,4.000000,4.000000,4.000000,4.000000,4.000000,4.000000,4.000000,4.000000,4.000000,4.000000,4.000000,2.000000,4.000000,4.000000,4.000000,4.000000,4.000000,4.000000,4.000000,4.000000,4.000000,4.000000,4.000000,4.000000,4.000000,83.333336
1614076740.831358,88.000000,0.000000,1.502754,5.152570,6.037732,8.677108,17.618792,8.623341,4.700303,13.037661,16.164028,23.175879,25.593842,10.085032,11.281652,17.518562,-4.153732,143.738052,4.066241,-68.851547,1.546552,-57.885174,-33.620075,11.394223,0.806511,2.192119,6.821897,-0.617619,4.207480,4.400733,2.840277,3.309880,9.583341,14.290551,0.000000,196.000000,4.000000,,,,0.000000,4.000000,4.000000,4.000000,4.000000,4.000000,4.000000,4.000000,4.000000,4.000000,4.000000,4.000000,4.000000,4.000000,4.000000,4.000000,4.000000,4.000000,4.000000,2.000000,4.000000,4.000000,4.000000,4.000000,4.000000,4.000000,4.000000,4.000000,4.000000,4.000000,4.000000,4.000000,4.000000,83.333336
1614076740.839207,89.000000,0.000000,2.014072,5.147418,6.544514,9.694072,14.524249,9.127538,4.695603,13.537444,22.301710,21.614243,17.875940,8.023665,9.731909,7.244634,-6.200861,134.363541,0.985252,-59.551926,7.698851,-62.442673,-35.124920,-9.129992,1.831346,0.651465,7.327895,-0.617002,2.664812,2.857871,3.863078,3.306570,7.009655,15.301902,0.000000,179.000000,4.000000,,,,0.000000,4.000000,4.000000,4.000000,4.000000,4.000000,4.000000,4.000000,4.000000,4.000000,4.000000,4.000000,4.000000,4.000000,4.000000,4.000000,4.000000,4.000000,4.000000,2.000000,4.000000,4.000000,4.000000,4.000000,4.000000,4.000000,4.000000,4.000000,4.000000,4.000000,4.000000,4.000000,4.000000,83.333336
1614076740.846956,90.000000,0.000000,1.499237,5.655091,2.435405,7.633096,8.355879,8.092769,4.690907,12.498265,17.664024,18.515705,11.191398,6.990001,10.234998,2.109184,-7.733121,133.203537,2.009908,-60.005196,25.127050,-62.893051,-34.576973,-18.351631,1.316694,2.189275,-1.397382,-0.616385,3.687788,0.803731,3.859215,1.764802,6.489825,14.260959,0.000000,127.000000,4.000000,,,,0.000000,4.000000,4.000000,4.000000,4.000000,4.000000,4.000000,4.000000,4.000000,4.000000,4.000000,4.000000,4.000000,4.000000,4.000000,4.000000,4.000000,4.000000,4.000000,2.000000,4.000000,4.000000,4.000000,4.000000,4.000000,4.000000,4.000000,4.000000,4.000000,4.000000,4.000000,4.000000,4.000000,83.333336
1614076740.854805,91.000000,0.000000,1.497738,4.110974,-1.156773,5.061360,5.270600,6.033394,4.686216,5.306280,9.954052,13.881804,6.564822,7.495831,10.737583,4.671178,-7.212568,135.121628,1.495077,-70.714417,10.230128,-67.445541,-38.644958,3.205182,1.315377,1.161445,-7.549830,-0.102948,3.171279,-0.222713,3.855356,-0.288245,2.893591,10.144134,0.000000,193.000000,4.000000,,,,0.000000,4.000000,4.000000,4.000000,4.000000,4.000000,4.000000,4.000000,4.000000,4.000000,4.000000,4.000000,4.000000,4.000000,4.000000,4.000000,4.000000,4.000000,4.000000,2.000000,4.000000,4.000000,4.000000,4.000000,4.000000,4.000000,4.000000,4.000000,4.000000,4.000000,4.000000,4.000000,4.000000,83.333336
1614076740.862554,92.000000,0.000000,1.496240,2.055581,-2.181258,5.056299,2.701227,4.488899,4.168710,-1.365693,9.431278,10.278179,6.558257,7.488335,9.701204,2.102404,-7.718175,136.524963,3.544864,-73.207809,-6.703179,-61.224251,-37.067852,20.125053,1.314062,0.647463,-1.901255,-0.615665,3.168108,0.290330,3.338680,-1.313598,-1.211866,7.057066,0.000000,201.000000,4.000000,,,,0.000000,4.000000,4.000000,4.000000,4.000000,4.000000,4.000000,4.000000,4.000000,4.000000,4.000000,4.000000,4.000000,4.000000,4.000000,4.000000,4.000000,4.000000,4.000000,2.000000,4.000000,4.000000,4.000000,4.000000,4.000000,4.000000,4.000000,4.000000,4.000000,4.000000,4.000000,4.000000,4.000000,83.333336
1614076740.870403,93.000000,0.000000,1.494744,1.027884,-3.717538,5.564063,1.672884,4.484410,4.677361,-2.389968,10.960308,9.755080,7.064519,7.993668,11.742785,4.151584,1.520312,147.157669,10.720807,-52.108959,20.995832,-41.163029,-19.082067,13.951083,2.338389,3.210918,4.254492,0.410591,7.267504,0.290039,4.873803,0.226177,-0.697834,7.562830,0.000000,193.000000,4.000000,,,,0.000000,4.000000,4.000000,4.000000,4.000000,4.000000,4.000000,4.000000,4.000000,4.000000,4.000000,4.000000,4.000000,4.000000,4.000000,4.000000,4.000000,4.000000,4.000000,2.000000,4.000000,4.000000,4.000000,4.000000,4.000000,4.000000,4.000000,4.000000,4.000000,4.000000,4.000000,4.000000,4.000000,83.333336
1614076740.878152,94.000000,0.000000,1.493250,1.026857,-4.739461,5.558499,8.850698,5.505567,6.723966,0.176524,13.513451,14.873530,5.006173,7.472853,17.372068,20.557688,18.441868,172.651535,16.351112,-20.774799,43.538937,-31.378275,-3.165550,11.373030,4.387332,8.848733,9.378443,4.512745,13.414083,0.289749,7.433032,2.790053,-0.697136,8.580908,0.000000,195.000000,4.000000,,,,0.000000,4.000000,4.000000,4.000000,4.000000,4.000000,4.000000,4.000000,4.000000,4.000000,4.000000,4.000000,4.000000,4.000000,4.000000,4.000000,4.000000,4.000000,4.000000,2.000000,4.000000,4.000000,4.000000,4.000000,4.000000,4.000000,4.000000,4.000000,4.000000,4.000000,4.000000,4.000000,4.000000,83.333336
1614076740.886001,95.000000,0.000000,1.491756,2.051471,-4.221901,5.552940,16.534155,7.551343,8.255704,8.894297,17.089680,21.012503,14.231936,6.439739,21.970081,36.947388,28.679836,204.273758,19.411684,-1.779665,38.367195,-30.834076,0.940180,24.694990,4.895765,14.993730,15.010090,7.072335,15.451951,0.289460,7.425599,3.300084,-0.183618,7.033866,0.000000,199.000000,4.000000,,,,0.000000,4.000000,4.000000,4.000000,4.000000,4.000000,4.000000,4.000000,4.000000,4.000000,4.000000,4.000000,4.000000,4.000000,4.000000,4.000000,4.000000,4.000000,4.000000,2.000000,4.000000,4.000000,4.000000,4.000000,4.000000,4.000000,4.000000,4.000000,4.000000,4.000000,4.000000,4.000000,4.000000,83.333336
1614076740.893750,96.000000,0.000000,1.490265,4.100701,-4.217680,5.547387,17.030441,9.082253,8.247448,22.218735,18.611052,23.555593,30.115139,10.023044,23.999393,40.500183,30.702438,213.300247,21.956375,0.273397,51.662159,-20.034010,6.580265,32.875423,7.454972,18.568480,18.584824,8.090903,13.898037,0.289170,7.930994,4.322425,2.380668,7.539652,8064.000000,0.000000,4.000000,,,,0.000000,4.000000,4.000000,4.000000,4.000000,4.000000,4.000000,4.000000,4.000000,4.000000,4.000000,4.000000,4.000000,4.000000,4.000000,4.000000,4.000000,4.000000,4.000000,2.000000,4.000000,4.000000,4.000000,4.000000,4.000000,4.000000,4.000000,4.000000,4.000000,4.000000,4.000000,4.000000,4.000000,83.333336
1614076740.901599,97.000000,0.000000,2.001595,5.635062,-4.213462,6.567481,18.039053,8.047530,8.239201,25.786261,18.592442,23.019217,24.956820,11.551481,17.308727,27.639170,20.415327,187.445923,19.883137,-16.649954,56.225883,-15.911412,2.983941,24.637419,9.498799,21.626835,20.617521,7.057171,15.422601,0.288881,7.923062,3.805282,3.916749,9.070575,8192.000000,0.000000,4.000000,,,,0.000000,4.000000,4.000000,4.000000,4.000000,4.000000,4.000000,4.000000,4.000000,4.000000,4.000000,4.000000,4.000000,4.000000,4.000000,4.000000,4.000000,4.000000,4.000000,2.000000,4.000000,4.000000,4.000000,4.000000,4.000000,4.000000,4.000000,4.000000,4.000000,4.000000,4.000000,4.000000,4.000000,83.333336
1614076740.909349,98.000000,0.000000,-0.051689,5.116607,-4.722069,5.535273,15.969731,5.475380,8.230962,17.042524,17.548208,19.406454,3.393401,1.796340,1.906803,1.457685,-4.220474,154.950790,11.658125,-48.428177,23.861965,-39.998066,-22.660069,14.356372,1.796993,22.118029,12.904595,-2.180655,13.355896,0.288592,1.761293,-3.378011,3.400011,4.446119,8064.000000,0.000000,4.000000,,,,0.000000,4.000000,4.000000,4.000000,4.000000,4.000000,4.000000,4.000000,4.000000,4.000000,4.000000,4.000000,4.000000,4.000000,4.000000,4.000000,4.000000,4.000000,4.000000,2.000000,4.000000,4.000000,4.000000,4.000000,4.000000,4.000000,4.000000,4.000000,4.000000,4.000000,4.000000,4.000000,4.000000,83.333336
1614076740.916998,99.000000,0.000000,-2.102919,5.111490,-7.281449,1.427173,5.184531,4.957085,8.222731,12.410098,14.966557,13.746022,-1.738197,-3.846482,-6.300232,-13.415567,-13.959843,145.052246,6.005441,-62.738720,6.402205,-66.111916,-44.688690,16.393297,-5.897112,11.326679,-10.185232,-12.434884,2.060489,-0.224517,-4.394314,-12.092582,3.396611,-5.301917,8064.000000,0.000000,4.000000,,,,0.000000,4.000000,4.000000,4.000000,4.000000,4.000000,4.000000,4.000000,4.000000,4.000000,4.000000,4.000000,4.000000,4.000000,4.000000,4.000000,4.000000,4.000000,4.000000,2.000000,4.000000,4.000000,4.000000,4.000000,4.000000,4.000000,4.000000,4.000000,4.000000,4.000000,4.000000,4.000000,4.000000,83.333336
1614076740.924747,100.000000,0.000000,0.463286,5.106379,-8.299809,2.451387,2.102423,4.952127,10.265790,17.013073,14.438770,15.270738,9.545592,4.362493,2.424016,-7.761126,-4.202293,147.984116,5.999435,-55.496494,21.780418,-69.122726,-46.695282,11.761519,-3.839933,-5.094904,-19.918636,-9.858347,-3.582597,-0.224292,-1.312997,-11.567668,3.393215,-7.860717,8064.000000,0.000000,4.000000,,,,0.000000,4.000000,4.000000,4.000000,4.000000,4.000000,4.000000,4.000000,4.000000,4.000000,4.000000,4.000000,4.000000,4.000000,4.000000,4.000000,4.000000,4.000000,4.000000,2.000000,4.000000,4.000000,4.000000,4.000000,4.000000,4.000000,4.000000,4.000000,4.000000,4.000000,4.000000,4.000000,4.000000,83.333336
1614076740.932396,101.000000,0.000000,2.001284,5.101272,-7.265868,6.038679,5.690064,5.459996,11.793985,16.483238,14.424331,15.255466,3.382200,7.947874,2.421592,-12.368750,-12.916039,134.502792,4.454975,-65.184586,18.681715,-69.053604,-45.622948,-6.711781,-2.297631,-9.705194,-8.103846,-1.643360,3.087652,0.288752,3.816521,-7.966357,3.389822,-6.314395,8064.000000,0.000000,4.000000,,,,0.000000,4.000000,4.000000,4.000000,4.000000,4.000000,4.000000,4.000000,4.000000,4.000000,4.000000,4.000000,4.000000,4.000000,4.000000,4.000000,4.000000,4.000000,4.000000,2.000000,4.000000,4.000000,4.000000,4.000000,4.000000,4.000000,4.000000,4.000000,4.000000,4.000000,4.000000,4.000000,4.000000,83.333336
1614076740.940145,102.000000,0.000000,0.973642,5.096171,-7.771423,-2.172488,-5.597677,4.428895,11.782191,6.723166,9.281702,-1.170045,-19.698105,1.273260,-13.991086,-33.894844,-34.954407,103.086243,0.860776,-90.247612,4.816880,-74.625572,-51.218349,-4.140966,-1.269693,-6.618565,-5.531640,-0.103256,6.674308,-0.224357,3.812705,-7.958391,3.386432,-8.359363,8064.000000,0.000000,4.000000,,,,0.000000,4.000000,4.000000,4.000000,4.000000,4.000000,4.000000,4.000000,4.000000,4.000000,4.000000,4.000000,4.000000,4.000000,4.000000,4.000000,4.000000,4.000000,4.000000,2.000000,4.000000,4.000000,4.000000,4.000000,4.000000,4.000000,4.000000,4.000000,4.000000,4.000000,4.000000,4.000000,4.000000,83.333336
1614076740.947794,103.000000,0.000000,4.049592,5.091074,-10.327754,-12.939546,-17.899771,2.373184,11.257588,0.049776,3.631394,-15.015029,-26.857893,-1.804937,-18.079659,-35.399410,-32.868168,89.649826,1.372736,-83.490692,5.324883,-68.909920,-48.090210,22.017021,5.911064,-5.586306,-8.603031,-0.103152,7.693275,0.288688,3.296072,-7.950432,3.383045,-6.299721,8064.000000,0.000000,4.000000,,,,0.000000,4.000000,4.000000,4.000000,4.000000,4.000000,4.000000,4.000000,4.000000,4.000000,4.000000,4.000000,4.000000,4.000000,4.000000,4.000000,4.000000,4.000000,4.000000,2.000000,4.000000,4.000000,4.000000,4.000000,4.000000,4.000000,4.000000,4.000000,4.000000,4.000000,4.000000,4.000000,4.000000,83.333336
1614076740.955543,104.000000,0.000000,8.660927,5.085984,-11.855887,-9.849684,-9.676744,0.832349,11.759151,2.101008,2.602122,-6.794886,-12.984882,0.760971,-2.164143,-12.287086,-12.322480,114.688377,5.473927,-50.586693,11.986225,-53.969219,-30.606220,24.559107,9.494897,-0.965335,4.226085,3.486694,14.352248,4.903784,3.805596,-5.378379,3.379662,-0.139575,8064.000000,0.000000,4.000000,,,,0.000000,4.000000,4.000000,4.000000,4.000000,4.000000,4.000000,4.000000,4.000000,4.000000,4.000000,4.000000,4.000000,4.000000,4.000000,4.000000,4.000000,4.000000,4.000000,2.000000,4.000000,4.000000,4.000000,4.000000,4.000000,4.000000,4.000000,4.000000,4.000000,4.000000,4.000000,4.000000,4.000000,83.333336
1614076740.963193,105.000000,0.000000,8.139445,5.080897,-11.331211,-1.634706,2.640625,1.344337,11.747393,2.611728,3.112340,5.006781,-4.253949,0.247389,8.607252,4.135457,-2.566568,141.240356,6.494094,-38.228413,22.743469,-52.376785,-14.165359,3.508906,5.895658,7.753579,13.965448,4.508849,17.414820,7.975803,4.314611,-3.321719,3.889103,-2.703538,8064.000000,0.000000,4.000000,,,,0.000000,4.000000,4.000000,4.000000,4.000000,4.000000,4.000000,4.000000,4.000000,4.000000,4.000000,4.000000,4.000000,4.000000,4.000000,4.000000,4.000000,4.000000,4.000000,2.000000,4.000000,4.000000,4.000000,4.000000,4.000000,4.000000,4.000000,4.000000,4.000000,4.000000,4.000000,4.000000,4.000000,83.333336
1614076740.970942,106.000000,0.000000,5.054383,5.075817,-11.319880,-1.633071,2.637985,1.342993,11.222825,-0.467807,5.160510,3.976133,-4.762515,-0.778499,7.060183,6.182603,-2.564002,146.227325,3.923497,-46.395313,24.772009,-57.452614,-13.638372,7.607961,4.864121,10.822749,9.336099,0.914596,14.320481,7.967827,3.797476,-3.318397,2.346752,-10.393143,8064.000000,0.000000,4.000000,,,,0.000000,4.000000,4.000000,4.000000,4.000000,4.000000,4.000000,4.000000,4.000000,4.000000,4.000000,4.000000,4.000000,4.000000,4.000000,4.000000,4.000000,4.000000,4.000000,2.000000,4.000000,4.000000,4.000000,4.000000,4.000000,4.000000,4.000000,4.000000,4.000000,4.000000,4.000000,4.000000,4.000000,83.333336
1614076740.978591,107.000000,0.000000,5.049328,5.070741,-11.308560,-2.657079,1.609706,1.341650,11.724422,5.686507,7.206632,2.946516,1.396094,1.786382,6.540302,6.689241,-1.022976,155.311859,10.586241,-48.913021,13.978005,-50.215675,-14.650375,29.651636,5.884899,9.273464,5.737019,-0.624780,13.793340,7.447039,3.793678,-3.827899,0.293124,-8.331468,8064.000000,0.000000,4.000000,,,,0.000000,4.000000,4.000000,4.000000,4.000000,4.000000,4.000000,4.000000,4.000000,4.000000,4.000000,4.000000,4.000000,4.000000,4.000000,4.000000,4.000000,4.000000,4.000000,2.000000,4.000000,4.000000,4.000000,4.000000,4.000000,4.000000,4.000000,4.000000,4.000000,4.000000,4.000000,4.000000,4.000000,83.333336
1614076740.986340,108.000000,0.000000,5.557099,5.065670,-11.297252,-1.628781,2.633737,1.340308,14.276800,15.937231,6.686604,4.482031,10.112646,6.399980,9.097865,6.682552,3.080611,167.977066,20.319244,-46.812824,17.040951,-42.473152,-11.558802,21.416855,5.879014,9.777012,5.731282,-0.111335,14.805188,7.952413,3.789885,-3.824071,-0.732810,-2.169290,8064.000000,0.000000,4.000000,,,,0.000000,4.000000,4.000000,4.000000,4.000000,4.000000,4.000000,4.000000,4.000000,4.000000,4.000000,4.000000,4.000000,4.000000,4.000000,4.000000,4.000000,4.000000,4.000000,2.000000,4.000000,4.000000,4.000000,4.000000,4.000000,4.000000,4.000000,4.000000,4.000000,4.000000,4.000000,4.000000,4.000000,83.333336
1614076740.993989,109.000000,0.000000,5.038722,5.060605,-11.285954,-1.114331,2.631104,1.338968,16.313807,13.357191,7.192739,4.477549,12.153815,8.957683,8.063126,6.675869,2.564710,159.091141,18.760464,-48.304474,23.690577,-51.148628,-23.342115,-4.245587,6.385955,9.767235,3.674268,-0.111223,14.277562,7.431640,3.786095,-3.820247,-0.219257,-2.679941,8064.000000,0.000000,4.000000,,,,0.000000,4.000000,4.000000,4.000000,4.000000,4.000000,4.000000,4.000000,4.000000,4.000000,4.000000,4.000000,4.000000,4.000000,4.000000,4.000000,4.000000,4.000000,4.000000,2.000000,4.000000,4.000000,4.000000,4.000000,4.000000,4.000000,4.000000,4.000000,4.000000,4.000000,4.000000,4.000000,4.000000,83.333336
1614076741.001738,110.000000,0.000000,5.033683,5.055544,-11.274669,-1.626038,3.141293,1.337629,14.759030,6.164347,12.313750,4.473072,11.116021,7.410264,7.029422,5.130732,1.536504,148.162811,13.100677,-50.307449,15.974578,-60.328247,-42.805950,-2.702880,4.328287,9.757467,2.644953,-0.111112,14.776105,7.424208,3.782309,-3.816427,-0.219038,-3.702902,8064.000000,0.000000,4.000000,,,,0.000000,4.000000,4.000000,4.000000,4.000000,4.000000,4.000000,4.000000,4.000000,4.000000,4.000000,4.000000,4.000000,4.000000,4.000000,4.000000,4.000000,4.000000,4.000000,2.000000,4.000000,4.000000,4.000000,4.000000,4.000000,4.000000,4.000000,4.000000,4.000000,4.000000,4.000000,4.000000,4.000000,83.333336
1614076741.009387,111.000000,0.000000,5.541470,5.050488,-11.263393,-1.624412,1.086870,1.336291,12.180169,10.260746,14.352719,2.417316,12.130546,7.402853,7.535213,-4.617989,3.073429,149.553116,13.600397,-55.898170,15.958603,-59.755100,-44.301609,14.735721,6.375241,9.234889,3.155129,-0.111001,14.248508,7.416784,3.778526,-4.325431,-0.731639,-3.186379,8064.000000,0.000000,4.000000,,,,0.000000,4.000000,4.000000,4.000000,4.000000,4.000000,4.000000,4.000000,4.000000,4.000000,4.000000,4.000000,4.000000,4.000000,4.000000,4.000000,4.000000,4.000000,4.000000,2.000000,4.000000,4.000000,4.000000,4.000000,4.000000,4.000000,4.000000,4.000000,4.000000,4.000000,4.000000,4.000000,4.000000,83.333336
1614076741.017136,112.000000,0.000000,3.997467,4.019797,-11.764951,-1.622787,-4.042422,1.334955,12.167989,12.814589,11.261443,0.363617,5.964569,8.933912,1.373831,-23.587729,-12.827081,128.377930,8.971412,-73.278168,21.070850,-65.849190,-36.052177,7.541498,12.009892,8.712834,3.151973,-0.623710,13.721439,7.409367,3.774748,-3.808285,-0.730908,-3.696013,8064.000000,0.000000,4.000000,,,,0.000000,4.000000,4.000000,4.000000,4.000000,4.000000,4.000000,4.000000,4.000000,4.000000,4.000000,4.000000,4.000000,4.000000,4.000000,4.000000,4.000000,4.000000,4.000000,2.000000,4.000000,4.000000,4.000000,4.000000,4.000000,4.000000,4.000000,4.000000,4.000000,4.000000,4.000000,4.000000,4.000000,83.333336
1614076741.024786,113.000000,0.000000,1.429367,6.067059,-10.727545,-1.621164,-5.064021,1.333620,10.617359,7.160748,10.224541,0.363253,-5.323447,4.822414,-11.960876,-33.820553,-38.968098,95.941856,-5.909354,-95.256172,11.306190,-80.142319,-42.169971,-11.440403,4.305574,9.729762,3.148822,-0.623087,15.246180,7.401958,3.770973,-3.804477,-0.217356,-3.179496,8064.000000,0.000000,4.000000,,,,0.000000,4.000000,4.000000,4.000000,4.000000,4.000000,4.000000,4.000000,4.000000,4.000000,4.000000,4.000000,4.000000,4.000000,4.000000,4.000000,4.000000,4.000000,4.000000,2.000000,4.000000,4.000000,4.000000,4.000000,4.000000,4.000000,4.000000,4.000000,4.000000,4.000000,4.000000,4.000000,4.000000,83.333336
1614076741.032635,114.000000,0.000000,1.940758,8.625094,-8.665535,-1.619543,-1.982034,1.332286,5.991357,4.589485,11.239957,0.362890,-7.882226,-3.387537,-15.538658,-24.043142,-39.441952,107.127960,-14.621393,-97.725021,9.756421,-87.241661,-46.230366,-8.352039,-10.570527,9.207211,2.632852,-0.109643,11.641190,7.394556,3.767202,-6.364775,-0.729959,-3.689137,8064.000000,0.000000,4.000000,,,,0.000000,4.000000,4.000000,4.000000,4.000000,4.000000,4.000000,4.000000,4.000000,4.000000,4.000000,4.000000,4.000000,4.000000,4.000000,4.000000,4.000000,4.000000,4.000000,2.000000,4.000000,4.000000,4.000000,4.000000,4.000000,4.000000,4.000000,4.000000,4.000000,4.000000,4.000000,4.000000,4.000000,83.333336
1614076741.040384,115.000000,0.000000,1.425997,5.539546,-7.118408,-1.617924,-1.467231,1.330954,3.421263,4.584895,10.715897,-0.150293,-2.746139,-7.486713,-7.830812,-5.557560,-18.889688,139.841354,-12.555490,-65.319603,24.105639,-80.487755,-32.337982,6.528108,-13.124059,5.095440,3.655860,-1.135174,2.911600,7.387161,3.763435,-5.845590,-0.216409,-4.198269,8064.000000,0.000000,4.000000,,,,0.000000,4.000000,4.000000,4.000000,4.000000,4.000000,4.000000,4.000000,4.000000,4.000000,4.000000,4.000000,4.000000,4.000000,4.000000,4.000000,4.000000,4.000000,4.000000,2.000000,4.000000,4.000000,4.000000,4.000000,4.000000,4.000000,4.000000,4.000000,4.000000,4.000000,4.000000,4.000000,4.000000,83.333336
1614076741.048233,116.000000,0.000000,-1.652352,6.559648,-7.624110,-1.616306,-0.952944,1.329623,4.443483,2.529028,10.192360,2.926780,-0.179290,-7.992047,-3.207597,5.730049,-13.229774,154.573303,-7.414730,-32.433769,30.235380,-61.945724,-17.433849,9.598502,-9.008370,2.013422,6.216307,0.404422,-0.168235,7.379774,3.759671,-1.224359,4.399192,-0.091506,8064.000000,0.000000,4.000000,,,,0.000000,4.000000,4.000000,4.000000,4.000000,4.000000,4.000000,4.000000,4.000000,4.000000,4.000000,4.000000,4.000000,4.000000,4.000000,4.000000,4.000000,4.000000,4.000000,2.000000,4.000000,4.000000,4.000000,4.000000,4.000000,4.000000,4.000000,4.000000,4.000000,4.000000,4.000000,4.000000,4.000000,83.333336
1614076741.055982,117.000000,0.000000,0.400582,16.296679,-7.616486,-1.614689,1.612112,1.841114,4.439039,3.552140,10.182168,8.052058,1.359351,-7.471234,-1.153107,8.801242,-9.626801,148.264877,-0.740648,-39.068001,29.179504,-45.986343,-16.390774,6.511981,-7.973721,4.062691,7.235732,8.096326,2.908856,7.372394,3.243091,-0.197494,7.471716,7.088072,8064.000000,0.000000,4.000000,,,,0.000000,4.000000,4.000000,4.000000,4.000000,4.000000,4.000000,4.000000,4.000000,4.000000,4.000000,4.000000,4.000000,4.000000,4.000000,4.000000,4.000000,4.000000,4.000000,2.000000,4.000000,4.000000,4.000000,4.000000,4.000000,4.000000,4.000000,4.000000,4.000000,4.000000,4.000000,4.000000,4.000000,83.333336
1614076741.063831,118.000000,0.000000,5.528387,19.357304,-7.608870,-1.613075,-0.440782,0.300811,3.921780,5.599870,10.171986,8.044006,5.460556,-0.284276,2.950610,10.843722,8.844365,148.629440,7.465221,-50.823807,30.688786,-42.863434,-15.861563,13.684957,-4.376004,6.622731,6.715675,14.754896,3.931589,7.365022,4.265489,0.828345,7.464244,8.619446,8064.000000,0.000000,4.000000,,,,0.000000,4.000000,4.000000,4.000000,4.000000,4.000000,4.000000,4.000000,4.000000,4.000000,4.000000,4.000000,4.000000,4.000000,4.000000,4.000000,4.000000,4.000000,4.000000,2.000000,4.000000,4.000000,4.000000,4.000000,4.000000,4.000000,4.000000,4.000000,4.000000,4.000000,4.000000,4.000000,4.000000,83.333336
1614076741.071580,119.000000,0.000000,2.445935,11.132819,-7.601261,-1.611462,-5.568547,-1.750771,4.430679,5.594270,10.674634,4.959039,8.019197,6.895495,4.486121,10.320059,14.476546,143.865417,11.047499,-31.285803,28.093994,-43.846214,-13.794419,18.286655,-1.294705,7.641749,6.708960,15.765782,2.389195,7.357657,6.825326,5.442901,6.943959,7.585186,8064.000000,0.000000,4.000000,,,,0.000000,4.000000,4.000000,4.000000,4.000000,4.000000,4.000000,4.000000,4.000000,4.000000,4.000000,4.000000,4.000000,4.000000,4.000000,4.000000,4.000000,4.000000,4.000000,2.000000,4.000000,4.000000,4.000000,4.000000,4.000000,4.000000,4.000000,4.000000,4.000000,4.000000,4.000000,4.000000,4.000000,83.333336
1614076741.079429,120.000000,0.000000,-5.248818,7.531942,-6.055198,-1.609850,-6.075799,-2.774662,4.426248,5.075856,10.151139,2.902798,6.985538,3.811677,3.455994,8.771276,1.128736,135.516434,8.472349,-22.536568,27.553080,-45.340828,-20.447290,0.319651,-1.293410,9.685390,6.189430,14.724375,2.899627,7.350299,7.844142,7.488740,7.449836,7.577600,8192.000000,0.000000,4.000000,,,,0.000000,4.000000,4.000000,4.000000,4.000000,4.000000,4.000000,4.000000,4.000000,4.000000,4.000000,4.000000,4.000000,4.000000,4.000000,4.000000,4.000000,4.000000,4.000000,2.000000,4.000000,4.000000,4.000000,4.000000,4.000000,4.000000,4.000000,4.000000,4.000000,4.000000,4.000000,4.000000,4.000000,83.333336
1614076741.087178,121.000000,0.000000,-6.782031,9.062872,-5.023502,-2.633881,-2.992800,-2.771887,4.421822,5.070780,10.140988,3.412716,6.978552,0.218122,3.965358,10.813787,-2.462136,138.970657,6.412595,-47.642235,26.499886,-57.090359,-34.272999,-21.731951,-1.804937,10.188524,6.183241,9.581446,2.896727,7.342949,7.323477,7.481251,6.929565,7.057202,8064.000000,0.000000,4.000000,,,,0.000000,4.000000,4.000000,4.000000,4.000000,4.000000,4.000000,4.000000,4.000000,4.000000,4.000000,4.000000,4.000000,4.000000,4.000000,4.000000,4.000000,4.000000,4.000000,2.000000,4.000000,4.000000,4.000000,4.000000,4.000000,4.000000,4.000000,4.000000,4.000000,4.000000,4.000000,4.000000,4.000000,83.333336
1614076741.095027,122.000000,0.000000,-5.749608,8.540989,-3.992837,-1.605606,1.112757,-2.769115,4.417400,5.578529,12.694950,4.434944,6.971573,4.833288,3.961393,3.623487,-1.434033,131.139374,6.406182,-62.466389,17.242617,-70.879425,-44.495136,-16.582014,-1.803132,3.511669,6.689878,1.366736,3.406651,7.335606,7.316154,5.935308,6.409816,7.050145,8064.000000,0.000000,4.000000,,,,0.000000,4.000000,4.000000,4.000000,4.000000,4.000000,4.000000,4.000000,4.000000,4.000000,4.000000,4.000000,4.000000,4.000000,4.000000,4.000000,4.000000,4.000000,4.000000,2.000000,4.000000,4.000000,4.000000,4.000000,4.000000,4.000000,4.000000,4.000000,4.000000,4.000000,4.000000,4.000000,4.000000,83.333336
1614076741.102776,123.000000,0.000000,-6.256679,8.019628,-4.501665,0.960102,0.086003,-2.766346,4.412982,5.572951,13.195075,-0.697696,5.426140,8.418199,2.931791,-16.380136,-14.253112,103.315933,5.886955,-62.403923,10.558707,-74.398285,-47.527565,-1.180816,-1.801329,-2.645689,4.631907,-0.685913,3.403244,7.328270,6.283196,-0.737294,6.916226,7.555915,8064.000000,0.000000,4.000000,,,,0.000000,4.000000,4.000000,4.000000,4.000000,4.000000,4.000000,4.000000,4.000000,4.000000,4.000000,4.000000,4.000000,4.000000,4.000000,4.000000,4.000000,4.000000,4.000000,2.000000,4.000000,4.000000,4.000000,4.000000,4.000000,4.000000,4.000000,4.000000,4.000000,4.000000,4.000000,4.000000,4.000000,83.333336
1614076741.110625,124.000000,0.000000,-6.250422,8.524428,-5.522804,0.959142,-2.478185,-2.763580,4.408569,4.541737,11.643418,-4.799562,2.856612,7.384139,3.441679,-24.568886,-20.905525,94.494667,5.368248,-74.649208,4.394302,-75.349525,-49.018497,-1.692456,-1.799528,-2.130223,3.601633,-3.249329,1.861380,7.320942,4.225631,-7.403223,6.396490,5.497077,8064.000000,0.000000,4.000000,,,,0.000000,4.000000,4.000000,4.000000,4.000000,4.000000,4.000000,4.000000,4.000000,4.000000,4.000000,4.000000,4.000000,4.000000,4.000000,4.000000,4.000000,4.000000,4.000000,2.000000,4.000000,4.000000,4.000000,4.000000,4.000000,4.000000,4.000000,4.000000,4.000000,4.000000,4.000000,4.000000,4.000000,83.333336
1614076741.118374,125.000000,0.000000,-6.756992,8.003083,0.636565,4.035106,6.242242,-1.735175,4.404161,9.665401,14.708698,4.948827,2.340935,6.863935,3.438238,-12.749444,-12.679492,114.400169,5.362880,-77.138664,2.338626,-74.761360,-47.943836,-3.229225,-2.310549,-2.128092,8.726237,-5.810183,6.474903,7.313621,3.195765,-4.831717,6.390093,9.081324,8064.000000,0.000000,4.000000,,,,0.000000,4.000000,4.000000,4.000000,4.000000,4.000000,4.000000,4.000000,4.000000,4.000000,4.000000,4.000000,4.000000,4.000000,4.000000,4.000000,4.000000,4.000000,4.000000,2.000000,4.000000,4.000000,4.000000,4.000000,4.000000,4.000000,4.000000,4.000000,4.000000,4.000000,4.000000,4.000000,4.000000,83.333336
1614076741.126223,126.000000,0.000000,-5.211774,9.020721,14.482081,14.287480,21.107794,5.958868,3.886936,18.886503,18.283733,19.815674,5.928337,7.882712,2.409158,-0.429003,-9.589890,134.798599,5.870337,-48.343578,23.361929,-64.430191,-34.049740,7.030415,-1.795418,-3.151605,16.409819,3.426397,15.186377,7.306307,3.705389,3.378243,10.486267,20.867115,8064.000000,0.000000,4.000000,,,,0.000000,4.000000,4.000000,4.000000,4.000000,4.000000,4.000000,4.000000,4.000000,4.000000,4.000000,4.000000,4.000000,4.000000,4.000000,4.000000,4.000000,4.000000,4.000000,2.000000,4.000000,4.000000,4.000000,4.000000,4.000000,4.000000,4.000000,4.000000,4.000000,4.000000,4.000000,4.000000,4.000000,83.333336
1614076741.133972,127.000000,0.000000,1.460105,11.062983,22.159908,21.452681,25.702072,14.670857,4.908690,20.406078,18.265450,23.385601,10.024973,7.874829,3.945211,8.289375,-8.041838,141.330460,5.864467,-25.218309,39.236004,-53.596527,-16.579792,14.202871,0.770480,7.107956,21.521614,16.756304,19.273754,7.299001,7.291428,13.631275,15.091166,30.077017,8064.000000,0.000000,4.000000,,,,0.000000,4.000000,4.000000,4.000000,4.000000,4.000000,4.000000,4.000000,4.000000,4.000000,4.000000,4.000000,4.000000,4.000000,4.000000,4.000000,4.000000,4.000000,4.000000,2.000000,4.000000,4.000000,4.000000,4.000000,4.000000,4.000000,4.000000,4.000000,4.000000,4.000000,4.000000,4.000000,4.000000,83.333336
1614076741.141621,0.000000,0.000000,6.074029,12.590381,21.624928,20.405586,24.137907,17.220289,6.955064,16.795929,17.221542,22.336575,11.040589,7.866954,11.120752,20.075958,1.709794,140.676315,6.371423,-35.962322,25.350613,-54.568573,-10.922187,12.137386,1.795351,22.998285,26.115477,20.329290,18.228840,7.291702,10.873879,21.822771,17.127356,30.046940,0.000000,202.000000,4.000000,,,,0.000000,4.000000,4.000000,4.000000,4.000000,4.000000,4.000000,4.000000,4.000000,4.000000,4.000000,4.000000,4.000000,4.000000,4.000000,4.000000,4.000000,4.000000,4.000000,2.000000,4.000000,4.000000,4.000000,4.000000,4.000000,4.000000,4.000000,4.000000,4.000000,4.000000,4.000000,4.000000,4.000000,83.333336
1614076741.149370,1.000000,0.000000,5.042314,12.064970,21.090481,19.872360,24.113770,15.664608,8.486570,16.779133,17.717142,22.827059,10.003907,6.833446,15.212196,26.209728,6.323469,146.689484,7.903513,-48.746872,26.350903,-51.437080,-13.988188,10.073967,2.306376,24.513748,26.089361,18.257679,18.210611,7.284410,11.375827,22.313770,17.623049,28.991251,0.000000,159.000000,4.000000,,,,0.000000,4.000000,4.000000,4.000000,4.000000,4.000000,4.000000,4.000000,4.000000,4.000000,4.000000,4.000000,4.000000,4.000000,4.000000,4.000000,4.000000,4.000000,4.000000,2.000000,4.000000,4.000000,4.000000,4.000000,4.000000,4.000000,4.000000,4.000000,4.000000,4.000000,4.000000,4.000000,4.000000,83.333336
1614076741.157019,2.000000,0.000000,5.550092,12.052905,22.095032,20.878130,24.602476,16.161764,7.965263,15.736713,17.699425,22.804232,11.532365,7.852254,14.684163,24.132236,7.342786,160.388947,9.434072,-31.775049,45.811733,-37.026669,-11.922918,12.115175,5.380993,19.873850,24.524811,17.726601,18.705221,7.277126,10.851630,22.291456,18.118246,29.475080,0.000000,189.000000,4.000000,,,,0.000000,4.000000,4.000000,4.000000,4.000000,4.000000,4.000000,4.000000,4.000000,4.000000,4.000000,4.000000,4.000000,4.000000,4.000000,4.000000,4.000000,4.000000,4.000000,2.000000,4.000000,4.000000,4.000000,4.000000,4.000000,4.000000,4.000000,4.000000,4.000000,4.000000,4.000000,4.000000,4.000000,83.333336
1614076741.164769,3.000000,0.000000,5.031722,12.040853,22.072937,18.805969,25.090694,17.684063,7.957298,7.515849,17.681725,23.807068,11.008012,7.844401,15.182300,18.467077,10.412367,149.972137,10.450278,-22.512505,35.509510,-38.528103,-13.962277,12.615881,5.375612,21.905258,27.577209,19.760157,17.148054,7.269849,11.866420,23.294806,17.587309,29.958426,0.000000,200.000000,4.000000,,,,0.000000,4.000000,4.000000,4.000000,4.000000,4.000000,4.000000,4.000000,4.000000,4.000000,4.000000,4.000000,4.000000,4.000000,4.000000,4.000000,4.000000,4.000000,4.000000,2.000000,4.000000,4.000000,4.000000,4.000000,4.000000,4.000000,4.000000,4.000000,4.000000,4.000000,4.000000,4.000000,4.000000,83.333336
1614076741.172418,4.000000,0.000000,0.411305,12.541632,19.999582,16.223061,20.450218,13.563815,8.462161,4.431409,17.664043,18.655056,6.894440,3.733993,12.090195,8.192201,0.145544,120.591400,7.875725,-54.797684,7.268872,-63.617779,-34.461136,0.808393,0.242031,16.755148,19.344503,17.689116,13.028341,7.262579,8.777630,14.040741,17.569721,28.390007,0.000000,190.000000,4.000000,,,,0.000000,4.000000,4.000000,4.000000,4.000000,4.000000,4.000000,4.000000,4.000000,4.000000,4.000000,4.000000,4.000000,4.000000,4.000000,4.000000,4.000000,4.000000,4.000000,2.000000,4.000000,4.000000,4.000000,4.000000,4.000000,4.000000,4.000000,4.000000,4.000000,4.000000,4.000000,4.000000,4.000000,83.333336
1614076741.180167,5.000000,0.000000,-2.153208,10.990628,17.415480,15.694017,9.660538,5.857944,7.428058,8.529542,17.646379,1.713324,3.297802,0.653336,7.462719,-2.585222,-13.187935,122.009270,1.714003,-80.896736,4.184680,-80.990059,-58.529240,-12.012928,-2.322314,0.840956,-6.315867,5.363733,6.348647,7.255316,1.076545,0.180547,17.552151,23.746231,0.000000,198.000000,4.000000,,,,0.000000,4.000000,4.000000,4.000000,4.000000,4.000000,4.000000,4.000000,4.000000,4.000000,4.000000,4.000000,4.000000,4.000000,4.000000,4.000000,4.000000,4.000000,4.000000,2.000000,4.000000,4.000000,4.000000,4.000000,4.000000,4.000000,4.000000,4.000000,4.000000,4.000000,4.000000,4.000000,4.000000,83.333336
1614076741.187816,6.000000,0.000000,0.413047,8.415535,17.398064,14.652682,4.009852,3.800804,4.856527,5.956910,17.628733,-9.057620,3.294504,2.703965,6.942436,-6.685201,-10.097824,132.143677,-1.877454,-71.585068,7.770239,-78.857788,-63.598915,-5.334249,-1.807171,-7.365013,-20.668526,-5.410861,2.752554,7.248061,-0.462993,-6.486300,17.534599,21.671204,0.000000,196.000000,4.000000,,,,0.000000,4.000000,4.000000,4.000000,4.000000,4.000000,4.000000,4.000000,4.000000,4.000000,4.000000,4.000000,4.000000,4.000000,4.000000,4.000000,4.000000,4.000000,4.000000,2.000000,4.000000,4.000000,4.000000,4.000000,4.000000,4.000000,4.000000,4.000000,4.000000,4.000000,4.000000,4.000000,4.000000,83.333336
1614076741.195565,7.000000,0.000000,1.951096,7.894300,17.893486,12.586747,5.544304,4.822644,3.826030,1.848389,17.611105,-8.022922,1.239928,2.701261,4.371391,-14.370824,-13.164649,108.421783,-1.362756,-74.077583,-0.442660,-76.727646,-57.381470,8.004418,-1.805364,-5.819186,-13.468369,-1.815707,3.262622,7.240813,3.640034,-4.428532,17.517065,24.213634,0.000000,173.000000,4.000000,,,,0.000000,4.000000,4.000000,4.000000,4.000000,4.000000,4.000000,4.000000,4.000000,4.000000,4.000000,4.000000,4.000000,4.000000,4.000000,4.000000,4.000000,4.000000,4.000000,2.000000,4.000000,4.000000,4.000000,4.000000,4.000000,4.000000,4.000000,4.000000,4.000000,4.000000,4.000000,4.000000,4.000000,83.333336
1614076741.203214,8.000000,0.000000,0.923504,8.399225,14.798671,11.548519,4.513118,1.228078,4.335024,7.487566,17.593493,-8.014898,-3.376697,-0.378364,-2.299647,-22.561581,-30.074562,91.390289,-2.899855,-83.234276,6.737270,-78.189384,-50.657421,5.432312,-2.316379,-6.326188,-7.301055,3.314314,1.720898,7.233572,3.123573,0.704101,17.499548,25.215061,0.000000,193.000000,4.000000,,,,0.000000,4.000000,4.000000,4.000000,4.000000,4.000000,4.000000,4.000000,4.000000,4.000000,4.000000,4.000000,4.000000,4.000000,4.000000,4.000000,4.000000,4.000000,4.000000,2.000000,4.000000,4.000000,4.000000,4.000000,4.000000,4.000000,4.000000,4.000000,4.000000,4.000000,4.000000,4.000000,4.000000,83.333336
1614076741.210963,9.000000,0.000000,1.435401,8.390826,15.296692,13.075433,5.534246,2.252491,4.330689,14.146746,17.575899,-4.929961,-4.398961,-0.377985,-4.861450,-12.282609,-27.993204,113.350182,-4.948237,-57.510017,28.781815,-74.521446,-39.837532,-1.239787,-1.801242,-5.807041,-8.832215,3.311000,4.283280,5.175056,4.658911,6.344423,17.482048,25.702667,0.000000,198.000000,4.000000,,,,0.000000,4.000000,4.000000,4.000000,4.000000,4.000000,4.000000,4.000000,4.000000,4.000000,4.000000,4.000000,4.000000,4.000000,4.000000,4.000000,4.000000,4.000000,4.000000,2.000000,4.000000,4.000000,4.000000,4.000000,4.000000,4.000000,4.000000,4.000000,4.000000,4.000000,4.000000,4.000000,4.000000,83.333336
1614076741.218612,10.000000,0.000000,0.408324,8.382436,21.435242,15.626459,13.221020,10.455366,4.326358,13.106957,18.071144,4.818559,-3.881742,0.135213,-3.830947,6.704032,-12.580596,131.185547,-5.456110,-35.914043,28.753033,-72.395645,-29.541285,1.838376,-1.799441,0.352612,-8.310563,3.820509,9.407202,3.631420,9.782457,7.363719,17.464565,29.266708,0.000000,205.000000,4.000000,,,,0.000000,4.000000,4.000000,4.000000,4.000000,4.000000,4.000000,4.000000,4.000000,4.000000,4.000000,4.000000,4.000000,4.000000,4.000000,4.000000,4.000000,4.000000,4.000000,2.000000,4.000000,4.000000,4.000000,4.000000,4.000000,4.000000,4.000000,4.000000,4.000000,4.000000,4.000000,4.000000,4.000000,83.333336
1614076741.226362,11.000000,0.000000,-2.669007,8.374053,17.824062,15.610833,15.771901,13.009013,4.322032,12.068210,17.027431,7.377843,-3.877860,0.135078,-4.852757,8.235790,-13.593657,125.413338,-5.963474,-51.262745,13.339664,-69.246323,-27.460463,7.990384,-1.797641,2.916362,-7.789432,2.278227,4.269589,3.627789,6.695752,6.330715,17.447102,27.698980,0.000000,206.000000,4.000000,,,,0.000000,4.000000,4.000000,4.000000,4.000000,4.000000,4.000000,4.000000,4.000000,4.000000,4.000000,4.000000,4.000000,4.000000,4.000000,4.000000,4.000000,4.000000,4.000000,2.000000,4.000000,4.000000,4.000000,4.000000,4.000000,4.000000,4.000000,4.000000,4.000000,4.000000,4.000000,4.000000,4.000000,83.333336
1614076741.234011,12.000000,0.000000,-2.153518,8.365679,10.626752,16.108044,13.192027,11.970364,4.317710,12.056142,17.523226,4.293542,-4.386803,-0.377878,-2.283802,2.073708,-17.682627,125.287926,-1.854946,-60.442253,17.428888,-56.869389,-26.407360,8.495214,0.255438,1.887805,-6.756001,-1.313795,-0.350065,3.624161,0.535210,7.862845,17.942474,25.107178,0.000000,186.000000,4.000000,,,,0.000000,4.000000,4.000000,4.000000,4.000000,4.000000,4.000000,4.000000,4.000000,4.000000,4.000000,4.000000,4.000000,4.000000,4.000000,4.000000,4.000000,4.000000,4.000000,2.000000,4.000000,4.000000,4.000000,4.000000,4.000000,4.000000,4.000000,4.000000,4.000000,4.000000,4.000000,4.000000,4.000000,83.333336
1614076741.241760,13.000000,0.000000,0.925559,8.357313,13.180227,19.681679,12.666015,12.471213,4.313392,8.454342,18.018522,3.263608,-4.382416,-1.403141,2.846687,5.148558,-10.998278,135.419052,4.300755,-49.099758,29.206331,-49.120209,-28.432236,6.435436,2.306465,6.501302,-6.749246,-2.850942,5.291311,3.620537,-0.490966,6.316521,16.898891,27.133354,0.000000,197.000000,4.000000,,,,0.000000,4.000000,4.000000,4.000000,4.000000,4.000000,4.000000,4.000000,4.000000,4.000000,4.000000,4.000000,4.000000,4.000000,4.000000,4.000000,4.000000,4.000000,4.000000,2.000000,4.000000,4.000000,4.000000,4.000000,4.000000,4.000000,4.000000,4.000000,4.000000,4.000000,4.000000,4.000000,4.000000,83.333336
1614076741.249409,14.000000,0.000000,-0.101008,8.348956,12.654226,15.046612,11.114886,9.381819,4.309079,4.343323,14.410761,1.721882,-3.865213,-2.940199,2.843840,4.630589,-9.448818,132.206711,4.809275,-51.614761,21.997639,-58.814682,-39.173035,6.429001,-0.772764,8.546082,-12.896342,-8.489117,1.696276,3.616916,-3.054578,-2.407744,12.779428,17.875450,0.000000,204.000000,4.000000,,,,0.000000,4.000000,4.000000,4.000000,4.000000,4.000000,4.000000,4.000000,4.000000,4.000000,4.000000,4.000000,4.000000,4.000000,4.000000,4.000000,4.000000,4.000000,4.000000,2.000000,4.000000,4.000000,4.000000,4.000000,4.000000,4.000000,4.000000,4.000000,4.000000,4.000000,4.000000,4.000000,4.000000,83.333336
1614076741.257158,15.000000,0.000000,-2.152189,8.340607,5.974906,5.287976,6.488387,2.192950,4.304770,0.749236,9.780965,-0.331121,-4.374168,-4.988541,-0.748747,-4.604812,-18.670139,104.382187,2.240363,-62.845200,11.719231,-74.140480,-49.903091,9.499495,-4.874556,-0.180413,-19.037292,-14.634474,-12.664394,3.613299,-7.666908,-9.072003,9.689726,0.934498,0.000000,215.000000,4.000000,,,,0.000000,4.000000,4.000000,4.000000,4.000000,4.000000,4.000000,4.000000,4.000000,4.000000,4.000000,4.000000,4.000000,4.000000,4.000000,4.000000,4.000000,4.000000,4.000000,2.000000,4.000000,4.000000,4.000000,4.000000,4.000000,4.000000,4.000000,4.000000,4.000000,4.000000,4.000000,4.000000,4.000000,83.333336
1614076741.264807,16.000000,0.000000,-0.611575,8.332267,6.481751,8.359611,4.943437,0.139475,4.300465,1.261308,9.258364,-0.330790,-4.882615,-3.445091,-1.260819,-8.702771,-21.728392,91.457291,1.725302,-63.295174,12.220332,-78.681725,-52.417290,4.361790,-5.382502,-9.923821,-17.479794,-11.030096,-13.164551,3.609686,-4.582318,-4.960367,9.680036,3.497667,0.000000,198.000000,4.000000,,,,0.000000,4.000000,4.000000,4.000000,4.000000,4.000000,4.000000,4.000000,4.000000,4.000000,4.000000,4.000000,4.000000,4.000000,4.000000,4.000000,4.000000,4.000000,4.000000,2.000000,4.000000,4.000000,4.000000,4.000000,4.000000,4.000000,4.000000,4.000000,4.000000,4.000000,4.000000,4.000000,4.000000,83.333336
1614076741.272656,17.000000,0.000000,1.953139,8.323935,7.500911,15.530738,4.425673,0.139336,3.783344,3.311328,9.761926,-1.868921,-1.800809,2.712200,4.381467,-6.129965,-12.475894,118.545326,2.749218,-59.129314,11.182470,-74.500481,-50.826412,-4.360520,-3.325837,-10.939539,-15.411032,-4.352399,-4.946258,3.606076,0.037649,-0.852842,9.670356,16.314682,0.000000,192.000000,4.000000,,,,0.000000,4.000000,4.000000,4.000000,4.000000,4.000000,4.000000,4.000000,4.000000,4.000000,4.000000,4.000000,4.000000,4.000000,4.000000,4.000000,4.000000,4.000000,4.000000,2.000000,4.000000,4.000000,4.000000,4.000000,4.000000,4.000000,4.000000,4.000000,4.000000,4.000000,4.000000,4.000000,4.000000,83.333336
1614076741.280405,18.000000,0.000000,1.438365,8.315610,6.980589,12.438285,4.421247,1.677658,4.292381,4.333658,9.239344,1.722691,2.303556,8.350513,10.530932,-6.123836,-2.719828,130.221649,4.284930,-62.147110,5.530262,-69.297775,-40.519176,5.900250,-1.271229,-7.851676,-14.882800,-4.348047,-2.377209,3.602470,0.037611,-3.416092,9.660686,15.785546,0.000000,218.000000,4.000000,,,,0.000000,4.000000,4.000000,4.000000,4.000000,4.000000,4.000000,4.000000,4.000000,4.000000,4.000000,4.000000,4.000000,4.000000,4.000000,4.000000,4.000000,4.000000,4.000000,2.000000,4.000000,4.000000,4.000000,4.000000,4.000000,4.000000,4.000000,4.000000,4.000000,4.000000,4.000000,4.000000,4.000000,83.333336
1614076741.288254,19.000000,0.000000,1.436927,8.307295,18.768480,14.989949,11.596313,6.291365,3.775268,7.919068,11.794207,14.028661,3.326893,7.829343,10.520401,-8.168994,-2.204288,113.681175,5.306286,-56.956757,8.601655,-65.125908,-22.529938,24.868710,1.294145,-3.228440,-10.252533,-2.805237,-5.451755,3.598868,-0.475247,-2.387035,10.163845,15.256941,0.000000,200.000000,4.000000,,,,0.000000,4.000000,4.000000,4.000000,4.000000,4.000000,4.000000,4.000000,4.000000,4.000000,4.000000,4.000000,4.000000,4.000000,4.000000,4.000000,4.000000,4.000000,4.000000,2.000000,4.000000,4.000000,4.000000,4.000000,4.000000,4.000000,4.000000,4.000000,4.000000,4.000000,4.000000,4.000000,4.000000,83.333336
1614076741.296003,20.000000,0.000000,0.922670,7.786167,29.006123,22.667267,19.277025,7.310715,3.771493,15.090636,15.884976,18.117197,3.836387,6.795872,9.997061,-0.468517,-2.714904,136.644409,4.788159,-27.669031,26.028952,-56.855656,-12.763819,22.279737,1.292850,-2.199571,-3.575613,1.812953,-6.471944,3.595269,-0.987592,5.307660,9.128040,23.446812,0.000000,202.000000,4.000000,,,,0.000000,4.000000,4.000000,4.000000,4.000000,4.000000,4.000000,4.000000,4.000000,4.000000,4.000000,4.000000,4.000000,4.000000,4.000000,4.000000,4.000000,4.000000,4.000000,2.000000,4.000000,4.000000,4.000000,4.000000,4.000000,4.000000,4.000000,4.000000,4.000000,4.000000,4.000000,4.000000,4.000000,83.333336
1614076741.303852,21.000000,0.000000,1.434567,8.291202,28.464296,21.106138,19.770569,8.841866,6.844645,17.126827,17.920374,18.611900,9.473577,8.840359,14.089627,19.019131,1.390375,169.328278,7.860294,-7.641361,40.361897,-43.978291,-12.751055,12.513868,1.804378,-3.223012,4.120270,4.375242,3.790938,3.591674,2.090319,7.866455,10.144553,27.013109,0.000000,208.000000,4.000000,,,,0.000000,4.000000,4.000000,4.000000,4.000000,4.000000,4.000000,4.000000,4.000000,4.000000,4.000000,4.000000,4.000000,4.000000,4.000000,4.000000,4.000000,4.000000,4.000000,2.000000,4.000000,4.000000,4.000000,4.000000,4.000000,4.000000,4.000000,4.000000,4.000000,4.000000,4.000000,4.000000,4.000000,83.333336
1614076741.311601,22.000000,0.000000,5.535697,8.282910,31.512754,21.597853,22.314901,15.499690,10.940364,16.084061,19.440914,27.311237,14.592308,9.857160,17.665281,32.846264,1.901805,142.492294,9.903716,-30.197823,34.167690,-36.754822,-12.738303,20.706484,3.853856,4.472518,12.321278,10.011892,17.120480,3.588082,6.703613,7.345768,14.749793,24.934813,0.000000,191.000000,4.000000,,,,0.000000,4.000000,4.000000,4.000000,4.000000,4.000000,4.000000,4.000000,4.000000,4.000000,4.000000,4.000000,4.000000,4.000000,4.000000,4.000000,4.000000,4.000000,4.000000,2.000000,4.000000,4.000000,4.000000,4.000000,4.000000,4.000000,4.000000,4.000000,4.000000,4.000000,4.000000,4.000000,4.000000,83.333336
1614076741.319450,23.000000,0.000000,2.966059,7.248986,31.481241,29.268562,24.343868,13.432908,11.955065,16.580795,21.472755,27.283926,15.090536,7.796020,19.186077,30.762138,3.438365,118.247231,7.842530,-45.039421,26.954033,-38.769352,-11.699924,23.249880,5.388463,18.314199,11.796136,14.617266,10.949513,3.584494,7.209730,9.902525,17.811966,25.422699,0.000000,197.000000,4.000000,,,,0.000000,4.000000,4.000000,4.000000,4.000000,4.000000,4.000000,4.000000,4.000000,4.000000,4.000000,4.000000,4.000000,4.000000,4.000000,4.000000,4.000000,4.000000,4.000000,2.000000,4.000000,4.000000,4.000000,4.000000,4.000000,4.000000,4.000000,4.000000,4.000000,4.000000,4.000000,4.000000,4.000000,83.333336
1614076741.327200,24.000000,0.000000,-2.165112,9.805840,18.116426,27.188011,16.114395,5.214347,11.430289,16.564215,21.451283,17.000231,14.049805,6.762583,21.730993,28.167273,14.204157,150.949493,13.988534,-17.302073,47.439899,-37.192120,-12.713865,5.277911,5.383075,21.372808,6.656135,11.525725,4.271897,3.068089,7.202520,11.431084,17.794155,24.884457,0.000000,219.000000,4.000000,,,,0.000000,4.000000,4.000000,4.000000,4.000000,4.000000,4.000000,4.000000,4.000000,4.000000,4.000000,4.000000,4.000000,4.000000,4.000000,4.000000,4.000000,4.000000,4.000000,2.000000,4.000000,4.000000,4.000000,4.000000,4.000000,4.000000,4.000000,4.000000,4.000000,4.000000,4.000000,4.000000,4.000000,83.333336
1614076741.335048,25.000000,0.000000,1.939617,14.411419,17.585489,24.083900,14.559819,9.824517,11.418859,13.470728,20.917011,20.572975,14.548575,7.268641,21.709263,29.677567,20.856619,170.798553,25.769417,-7.541181,61.751434,-30.488260,-12.701151,1.170069,7.428974,20.838615,9.726401,11.001379,14.011215,3.577841,11.297882,10.906832,19.827642,25.372393,0.000000,213.000000,4.000000,,,,0.000000,4.000000,4.000000,4.000000,4.000000,4.000000,4.000000,4.000000,4.000000,4.000000,4.000000,4.000000,4.000000,4.000000,4.000000,4.000000,4.000000,4.000000,4.000000,2.000000,4.000000,4.000000,4.000000,4.000000,4.000000,4.000000,4.000000,4.000000,4.000000,4.000000,4.000000,4.000000,4.000000,83.333336
1614076741.342798,26.000000,0.000000,9.117165,15.935469,25.773033,29.700842,22.750387,20.583923,11.920260,11.918796,21.921736,24.654966,15.559668,7.774193,22.200375,23.494043,16.220379,150.627747,25.743647,-36.251587,35.535835,-33.534695,-14.226912,16.040693,9.472827,24.920341,10.229496,11.503198,16.561306,5.625546,13.850686,10.895926,21.859097,26.372660,0.000000,127.000000,4.000000,,,,0.000000,4.000000,4.000000,4.000000,4.000000,4.000000,4.000000,4.000000,4.000000,4.000000,4.000000,4.000000,4.000000,4.000000,4.000000,4.000000,4.000000,4.000000,4.000000,2.000000,4.000000,4.000000,4.000000,4.000000,4.000000,4.000000,4.000000,4.000000,4.000000,4.000000,4.000000,4.000000,4.000000,83.333336
1614076741.350647,27.000000,0.000000,7.056765,15.406713,17.542131,24.030115,18.112253,18.512058,11.395520,13.445338,19.335711,8.732875,11.954365,7.766418,23.203815,12.188498,9.024671,141.246353,22.128160,-46.984566,18.064404,-48.885777,-19.853710,13.973372,9.463354,21.818497,-2.088426,2.773746,1.672951,7.158381,11.272733,6.782465,20.298777,20.192442,0.000000,204.000000,4.000000,,,,0.000000,4.000000,4.000000,4.000000,4.000000,4.000000,4.000000,4.000000,4.000000,4.000000,4.000000,4.000000,4.000000,4.000000,4.000000,4.000000,4.000000,4.000000,4.000000,2.000000,4.000000,4.000000,4.000000,4.000000,4.000000,4.000000,4.000000,4.000000,4.000000,4.000000,4.000000,4.000000,4.000000,83.333336
1614076741.358396,28.000000,0.000000,3.972785,15.391306,4.704077,10.159931,5.786448,12.339700,11.896945,11.893432,14.700991,-5.122012,3.224461,7.758652,15.488303,0.381438,-1.753585,131.874329,19.541929,-45.399120,25.225826,-60.118942,-29.064627,-9.630345,8.941071,10.001807,-12.855568,-4.921336,-6.021030,7.664043,10.235820,3.185939,17.201555,14.531223,0.000000,185.000000,4.000000,,,,0.000000,4.000000,4.000000,4.000000,4.000000,4.000000,4.000000,4.000000,4.000000,4.000000,4.000000,4.000000,4.000000,4.000000,4.000000,4.000000,4.000000,4.000000,4.000000,2.000000,4.000000,4.000000,4.000000,4.000000,4.000000,4.000000,4.000000,4.000000,4.000000,4.000000,4.000000,4.000000,4.000000,83.333336
1614076741.366145,29.000000,0.000000,5.507274,15.888735,5.212193,7.585669,3.729380,10.276078,11.372228,2.137949,12.635008,-4.604069,-3.445430,7.238073,2.139482,-13.465097,-19.700548,107.127075,2.599311,-68.943466,9.815985,-66.212669,-38.779152,-22.954048,8.932129,4.350780,-11.817072,-4.403594,-3.963727,7.143559,11.251225,3.182753,17.184353,14.003872,0.000000,197.000000,4.000000,,,,0.000000,4.000000,4.000000,4.000000,4.000000,4.000000,4.000000,4.000000,4.000000,4.000000,4.000000,4.000000,4.000000,4.000000,4.000000,4.000000,4.000000,4.000000,4.000000,2.000000,4.000000,4.000000,4.000000,4.000000,4.000000,4.000000,4.000000,4.000000,4.000000,4.000000,4.000000,4.000000,4.000000,83.333336
1614076741.373894,30.000000,0.000000,4.476126,15.360025,5.719801,5.526801,5.776933,7.701699,7.258291,-6.582138,13.135193,-4.599465,-4.467626,7.230835,-2.478042,-23.195223,-29.937258,91.635338,-13.300724,-84.771957,-9.168190,-72.813126,-44.381397,-11.136223,8.923197,4.346429,-11.805255,-3.373549,-3.959763,5.597954,10.727153,1.128288,17.167170,8.348843,0.000000,194.000000,4.000000,,,,0.000000,4.000000,4.000000,4.000000,4.000000,4.000000,4.000000,4.000000,4.000000,4.000000,4.000000,4.000000,4.000000,4.000000,4.000000,4.000000,4.000000,4.000000,4.000000,2.000000,4.000000,4.000000,4.000000,4.000000,4.000000,4.000000,4.000000,4.000000,4.000000,4.000000,4.000000,4.000000,4.000000,83.333336
1614076741.381543,31.000000,0.000000,1.394727,15.344666,2.124338,1.418710,4.745514,4.617074,4.686930,-6.575556,13.634878,-3.569225,-6.001619,4.146681,-2.988385,-22.659206,-28.881680,91.543701,-7.133578,-71.353851,5.712773,-71.714668,-33.054966,5.797990,8.914274,1.265159,-12.306270,-4.395816,-4.981444,3.541074,10.716426,0.101519,15.098720,-0.377455,0.000000,216.000000,4.000000,,,,0.000000,4.000000,4.000000,4.000000,4.000000,4.000000,4.000000,4.000000,4.000000,4.000000,4.000000,4.000000,4.000000,4.000000,4.000000,4.000000,4.000000,4.000000,4.000000,2.000000,4.000000,4.000000,4.000000,4.000000,4.000000,4.000000,4.000000,4.000000,4.000000,4.000000,4.000000,4.000000,4.000000,83.333336
1614076741.389292,32.000000,0.000000,0.880511,15.329321,2.122214,6.032676,4.740769,3.073996,4.682243,-5.030519,13.108423,-4.078476,-7.534079,-3.549773,-8.113602,-20.072445,-26.801516,103.247025,-3.023880,-60.513268,15.963470,-63.950645,-17.124474,2.715269,8.905359,1.776715,-7.165759,-3.878600,-4.463643,3.024712,10.705709,-0.411403,13.032339,0.135743,8064.000000,0.000000,4.000000,,,,0.000000,4.000000,4.000000,4.000000,4.000000,4.000000,4.000000,4.000000,4.000000,4.000000,4.000000,4.000000,4.000000,4.000000,4.000000,4.000000,4.000000,4.000000,4.000000,2.000000,4.000000,4.000000,4.000000,4.000000,4.000000,4.000000,4.000000,4.000000,4.000000,4.000000,4.000000,4.000000,4.000000,83.333336
1614076741.396941,33.000000,0.000000,1.392451,15.313992,2.120091,6.539464,3.197567,1.532460,-0.450644,-9.128053,7.967110,-15.869269,-8.039366,-10.725711,-13.233693,-22.616474,-28.313177,113.400192,-12.764446,-64.555321,9.280841,-60.296951,-17.620171,-10.107959,8.896454,7.415964,-6.132952,-4.900362,-4.459179,3.534508,10.182183,-6.564838,13.019306,3.725351,8064.000000,0.000000,4.000000,,,,0.000000,4.000000,4.000000,4.000000,4.000000,4.000000,4.000000,4.000000,4.000000,4.000000,4.000000,4.000000,4.000000,4.000000,4.000000,4.000000,4.000000,4.000000,4.000000,2.000000,4.000000,4.000000,4.000000,4.000000,4.000000,4.000000,4.000000,4.000000,4.000000,4.000000,4.000000,4.000000,4.000000,83.333336
1614076741.404690,34.000000,0.000000,1.391059,15.298677,3.143612,1.917540,1.655908,0.505287,2.626730,-10.144566,5.395040,-14.827759,-8.544147,-13.279088,-10.143537,-17.465652,-28.284863,107.132942,-13.777323,-60.388199,20.553612,-59.723835,-24.782038,-0.354261,8.887558,7.921368,-7.665280,-6.946744,-3.429079,3.530974,10.684821,-5.532632,13.519108,2.695984,8064.000000,0.000000,4.000000,,,,0.000000,4.000000,4.000000,4.000000,4.000000,4.000000,4.000000,4.000000,4.000000,4.000000,4.000000,4.000000,4.000000,4.000000,4.000000,4.000000,4.000000,4.000000,4.000000,2.000000,4.000000,4.000000,4.000000,4.000000,4.000000,4.000000,4.000000,4.000000,4.000000,4.000000,4.000000,4.000000,4.000000,83.333336
1614076741.412339,35.000000,0.000000,1.389668,15.283380,5.704571,5.505366,3.705534,1.017602,15.444615,-6.031857,13.594773,5.699889,-4.433039,-9.676065,1.148659,1.526171,-14.410424,119.333504,-4.532776,-33.148323,34.892033,-56.587189,-23.218794,12.979426,8.878670,4.836524,-3.042230,-7.965438,-1.374368,3.527443,11.699778,5.242131,12.992768,3.206109,8064.000000,0.000000,4.000000,,,,0.000000,4.000000,4.000000,4.000000,4.000000,4.000000,4.000000,4.000000,4.000000,4.000000,4.000000,4.000000,4.000000,4.000000,4.000000,4.000000,4.000000,4.000000,4.000000,2.000000,4.000000,4.000000,4.000000,4.000000,4.000000,4.000000,4.000000,4.000000,4.000000,4.000000,4.000000,4.000000,4.000000,83.333336
1614076741.420089,36.000000,0.000000,0.875458,15.268096,3.134764,6.012681,4.727469,1.016585,13.890710,-2.436081,17.170921,8.771112,2.750882,-3.512543,15.506484,16.909260,4.578345,152.034683,0.087142,-13.627996,29.728935,-54.992138,-26.785318,1.684396,9.382612,4.831687,-1.500727,-7.957473,0.165468,3.523915,9.123975,2.159966,12.979775,2.177262,8064.000000,0.000000,4.000000,,,,0.000000,4.000000,4.000000,4.000000,4.000000,4.000000,4.000000,4.000000,4.000000,4.000000,4.000000,4.000000,4.000000,4.000000,4.000000,4.000000,4.000000,4.000000,4.000000,2.000000,4.000000,4.000000,4.000000,4.000000,4.000000,4.000000,4.000000,4.000000,4.000000,4.000000,4.000000,4.000000,4.000000,83.333336
1614076741.427738,37.000000,0.000000,1.900223,15.252828,-3.535037,-3.736921,1.645819,1.015568,1.056306,-1.408004,9.461443,-6.109454,2.235310,0.080713,18.567902,11.764146,2.009664,133.933929,-1.451407,-39.255394,22.519718,-58.014069,-37.527763,-8.060879,8.860409,5.852497,-4.576149,-6.411054,-0.347518,3.520391,7.063569,-6.560143,13.479616,-0.901839,8064.000000,0.000000,4.000000,,,,0.000000,4.000000,4.000000,4.000000,4.000000,4.000000,4.000000,4.000000,4.000000,4.000000,4.000000,4.000000,4.000000,4.000000,4.000000,4.000000,4.000000,4.000000,4.000000,2.000000,4.000000,4.000000,4.000000,4.000000,4.000000,4.000000,4.000000,4.000000,4.000000,4.000000,4.000000,4.000000,4.000000,83.333336
1614076741.435487,38.000000,0.000000,4.462426,15.237575,-5.582784,-7.835748,1.131352,1.014552,1.568070,0.131865,5.349418,-5.590524,-3.920771,1.106274,13.933949,1.495972,-16.966705,101.492302,-2.988417,-71.523834,17.881815,-61.545799,-39.028698,4.254875,9.364369,5.333824,1.069453,-1.789258,-0.859991,3.516871,12.697532,1.138725,13.466136,2.175986,8064.000000,0.000000,4.000000,,,,0.000000,4.000000,4.000000,4.000000,4.000000,4.000000,4.000000,4.000000,4.000000,4.000000,4.000000,4.000000,4.000000,4.000000,4.000000,4.000000,4.000000,4.000000,4.000000,2.000000,4.000000,4.000000,4.000000,4.000000,4.000000,4.000000,4.000000,4.000000,4.000000,4.000000,4.000000,4.000000,4.000000,83.333336
1614076741.443136,39.000000,0.000000,5.483604,15.222338,-4.038740,-5.776630,1.643042,1.013538,8.745990,2.183016,9.446632,4.158657,-2.378389,3.156450,15.971296,2.520117,-15.924097,107.031837,2.655597,-62.221539,11.197266,-59.945793,-31.810183,10.404466,9.867826,4.815670,6.709409,0.263813,0.166510,3.513354,14.736115,6.265792,13.452670,6.789195,8064.000000,0.000000,4.000000,,,,0.000000,4.000000,4.000000,4.000000,4.000000,4.000000,4.000000,4.000000,4.000000,4.000000,4.000000,4.000000,4.000000,4.000000,4.000000,4.000000,4.000000,4.000000,4.000000,2.000000,4.000000,4.000000,4.000000,4.000000,4.000000,4.000000,4.000000,4.000000,4.000000,4.000000,4.000000,4.000000,4.000000,83.333336
1614076741.450885,40.000000,0.000000,4.965300,15.207115,-4.547522,-6.283674,1.128578,1.012524,8.224422,2.180832,10.462827,4.667318,0.700913,4.691754,18.519428,2.517597,-4.113301,139.745316,9.832428,-38.569572,10.160427,-59.373028,-32.804012,-0.887990,5.755393,5.323674,-2.015249,-0.249271,2.730446,3.509841,4.464970,-3.484064,13.439218,4.731123,8064.000000,0.000000,4.000000,,,,0.000000,4.000000,4.000000,4.000000,4.000000,4.000000,4.000000,4.000000,4.000000,4.000000,4.000000,4.000000,4.000000,4.000000,4.000000,4.000000,4.000000,4.000000,4.000000,2.000000,4.000000,4.000000,4.000000,4.000000,4.000000,4.000000,4.000000,4.000000,4.000000,4.000000,4.000000,4.000000,4.000000,83.333336
1614076741.458534,41.000000,0.000000,4.960335,15.191908,-5.055795,-6.277391,2.665911,1.011512,6.677737,1.665831,9.426723,2.611369,-1.863891,3.661422,10.295780,-8.766973,-10.263034,125.246597,3.668750,-46.223312,11.175908,-65.467499,-37.899414,-4.989666,-0.917029,4.805530,-8.679900,-0.249022,3.753357,3.506331,-2.206162,-7.583144,13.425778,3.187931,8064.000000,0.000000,4.000000,,,,0.000000,4.000000,4.000000,4.000000,4.000000,4.000000,4.000000,4.000000,4.000000,4.000000,4.000000,4.000000,4.000000,4.000000,4.000000,4.000000,4.000000,4.000000,4.000000,2.000000,4.000000,4.000000,4.000000,4.000000,4.000000,4.000000,4.000000,4.000000,4.000000,4.000000,4.000000,4.000000,4.000000,83.333336
1614076741.466283,42.000000,0.000000,5.468195,15.176716,-4.537919,-3.707011,7.278630,0.497680,7.696700,1.664165,9.417296,3.121578,-4.938950,3.657760,1.567536,-13.886411,-20.509182,101.018791,-6.591329,-50.279652,16.292936,-66.940491,-28.630745,1.169170,-2.967394,4.800725,-2.517375,-0.248773,2.723963,3.502825,1.385787,-3.472996,13.412353,6.261666,8064.000000,0.000000,4.000000,,,,0.000000,4.000000,4.000000,4.000000,4.000000,4.000000,4.000000,4.000000,4.000000,4.000000,4.000000,4.000000,4.000000,4.000000,4.000000,4.000000,4.000000,4.000000,4.000000,2.000000,4.000000,4.000000,4.000000,4.000000,4.000000,4.000000,4.000000,4.000000,4.000000,4.000000,4.000000,4.000000,4.000000,83.333336
1614076741.473933,43.000000,0.000000,4.949906,15.161539,-4.533381,-2.164842,9.322633,1.522823,8.201824,1.662501,9.920699,4.656918,-4.421191,3.654103,2.078789,-8.231499,-13.309185,129.122894,-1.456533,-27.665270,30.122799,-56.617142,-12.704679,3.732103,-1.938785,7.872847,3.638989,0.777117,3.234059,3.499322,2.922863,-2.956703,13.398940,7.793866,8064.000000,0.000000,4.000000,,,,0.000000,4.000000,4.000000,4.000000,4.000000,4.000000,4.000000,4.000000,4.000000,4.000000,4.000000,4.000000,4.000000,4.000000,4.000000,4.000000,4.000000,4.000000,4.000000,2.000000,4.000000,4.000000,4.000000,4.000000,4.000000,4.000000,4.000000,4.000000,4.000000,4.000000,4.000000,4.000000,4.000000,83.333336
1614076741.481682,44.000000,0.000000,4.944956,15.146378,-4.528847,1.939887,8.800490,4.085403,8.193623,1.148018,9.910779,6.703543,-3.391128,3.650449,3.615171,-5.659164,-6.629209,154.121979,5.211590,-16.355553,33.169598,-47.842575,-6.025307,3.215551,-1.936847,11.967538,5.686632,5.391724,5.794928,3.495822,3.945581,-3.979387,13.385541,7.273252,8064.000000,0.000000,4.000000,,,,0.000000,4.000000,4.000000,4.000000,4.000000,4.000000,4.000000,4.000000,4.000000,4.000000,4.000000,4.000000,4.000000,4.000000,4.000000,4.000000,4.000000,4.000000,4.000000,2.000000,4.000000,4.000000,4.000000,4.000000,4.000000,4.000000,4.000000,4.000000,4.000000,4.000000,4.000000,4.000000,4.000000,83.333336
1614076741.489331,45.000000,0.000000,5.452832,15.131231,-4.011497,5.014870,9.304510,5.619779,6.134147,1.659691,9.900868,7.722481,-4.413378,3.646798,2.073095,-4.115044,-8.673862,136.531967,-1.460288,-30.185350,21.854378,-48.307556,-9.609025,3.212335,-2.447730,13.494032,5.680945,7.950435,7.327594,3.492326,9.582662,-3.975408,14.397797,6.753158,8064.000000,0.000000,4.000000,,,,0.000000,4.000000,4.000000,4.000000,4.000000,4.000000,4.000000,4.000000,4.000000,4.000000,4.000000,4.000000,4.000000,4.000000,4.000000,4.000000,4.000000,4.000000,4.000000,2.000000,4.000000,4.000000,4.000000,4.000000,4.000000,4.000000,4.000000,4.000000,4.000000,4.000000,4.000000,4.000000,4.000000,83.333336
1614076741.497180,46.000000,0.000000,3.908917,15.116100,-4.520307,5.522676,9.295205,4.588518,4.589551,1.145210,9.890967,7.201938,-4.408965,3.130331,3.609483,3.068559,-6.613906,128.703125,-6.074212,-33.232090,19.268421,-48.772068,-12.163519,4.234764,-1.932462,12.967717,2.598341,6.404023,7.320267,3.488834,9.573079,-3.971432,13.357758,7.259225,8064.000000,0.000000,4.000000,,,,0.000000,4.000000,4.000000,4.000000,4.000000,4.000000,4.000000,4.000000,4.000000,4.000000,4.000000,4.000000,4.000000,4.000000,4.000000,4.000000,4.000000,4.000000,4.000000,2.000000,4.000000,4.000000,4.000000,4.000000,4.000000,4.000000,4.000000,4.000000,4.000000,4.000000,4.000000,4.000000,4.000000,83.333336
1614076741.504929,47.000000,0.000000,1.853727,15.100984,-4.515787,6.542794,8.773089,4.583930,6.123423,1.144065,9.881076,7.194736,-1.327633,3.640021,9.759720,8.706516,0.572195,154.728256,2.136990,-21.403986,19.761972,-48.210476,-16.766741,4.230529,-1.930530,10.390647,0.544461,4.346337,6.287305,3.485345,3.922480,-2.941820,13.344400,7.764786,8064.000000,0.000000,4.000000,,,,0.000000,4.000000,4.000000,4.000000,4.000000,4.000000,4.000000,4.000000,4.000000,4.000000,4.000000,4.000000,4.000000,4.000000,4.000000,4.000000,4.000000,4.000000,4.000000,2.000000,4.000000,4.000000,4.000000,4.000000,4.000000,4.000000,4.000000,4.000000,4.000000,4.000000,4.000000,4.000000,4.000000,83.333336
1614076741.512778,48.000000,0.000000,0.826232,15.085883,-3.485630,3.459328,8.764317,6.117807,6.117300,4.732665,9.358375,6.161900,2.263438,6.200483,14.878165,10.236271,4.161366,164.317123,7.263059,-32.664631,10.511441,-50.726368,-28.032024,2.175017,-2.441420,8.328975,-3.045827,-0.786215,6.793839,3.481860,2.892917,-7.554263,14.869517,2.115996,8064.000000,0.000000,4.000000,,,,0.000000,4.000000,4.000000,4.000000,4.000000,4.000000,4.000000,4.000000,4.000000,4.000000,4.000000,4.000000,4.000000,4.000000,4.000000,4.000000,4.000000,4.000000,4.000000,2.000000,4.000000,4.000000,4.000000,4.000000,4.000000,4.000000,4.000000,4.000000,4.000000,4.000000,4.000000,4.000000,4.000000,83.333336
1614076741.520527,49.000000,0.000000,1.338226,15.070797,-7.584708,-5.262080,6.191450,1.496305,4.059900,8.830496,9.349016,6.668559,4.312457,7.219924,13.324825,7.149111,1.593103,138.511780,5.204514,-62.375557,7.424007,-53.239742,-37.747581,3.711303,-2.438978,8.320645,-13.812012,-6.426454,6.787045,3.478378,3.402844,-16.777477,9.726442,-8.142530,8064.000000,0.000000,4.000000,,,,0.000000,4.000000,4.000000,4.000000,4.000000,4.000000,4.000000,4.000000,4.000000,4.000000,4.000000,4.000000,4.000000,4.000000,4.000000,4.000000,4.000000,4.000000,4.000000,2.000000,4.000000,4.000000,4.000000,4.000000,4.000000,4.000000,4.000000,4.000000,4.000000,4.000000,4.000000,4.000000,4.000000,83.333336
1614076741.528376,50.000000,0.000000,1.336888,15.055726,-15.782251,-9.872203,-2.019870,-7.223140,3.543020,8.821666,9.852488,7.174711,1.744042,7.212704,8.696116,-4.652909,-8.152081,117.860451,5.199309,-65.390106,12.031967,-54.212143,-40.786758,9.348618,-1.923719,5.748222,-19.952045,-8.471310,4.216155,3.474900,0.835339,-18.811983,-1.565335,-13.262593,8064.000000,0.000000,4.000000,,,,0.000000,4.000000,4.000000,4.000000,4.000000,4.000000,4.000000,4.000000,4.000000,4.000000,4.000000,4.000000,4.000000,4.000000,4.000000,4.000000,4.000000,4.000000,4.000000,2.000000,4.000000,4.000000,4.000000,4.000000,4.000000,4.000000,4.000000,4.000000,4.000000,4.000000,4.000000,4.000000,4.000000,83.333336
1614076741.536125,51.000000,0.000000,1.335551,15.040670,-20.381853,-10.375151,-8.171696,-10.292840,4.052297,8.300023,9.329815,5.116254,-4.411548,7.205492,6.636138,-14.904667,-16.349056,120.306694,6.732571,-52.504204,8.943012,-56.209213,-39.207508,4.723884,-2.434615,-1.949834,-18.906452,-8.462838,2.673477,3.471425,-1.216779,-16.229069,-5.666334,-11.198049,8064.000000,0.000000,4.000000,,,,0.000000,4.000000,4.000000,4.000000,4.000000,4.000000,4.000000,4.000000,4.000000,4.000000,4.000000,4.000000,4.000000,4.000000,4.000000,4.000000,4.000000,4.000000,4.000000,2.000000,4.000000,4.000000,4.000000,4.000000,4.000000,4.000000,4.000000,4.000000,4.000000,4.000000,4.000000,4.000000,4.000000,83.333336
1614076741.543974,52.000000,0.000000,1.334215,15.025630,-18.823011,-9.339134,-2.522499,-6.692804,4.048245,9.317365,9.320485,8.700881,-3.894316,7.198286,4.578220,-8.735916,-16.332706,119.673569,4.674556,-55.528622,13.549454,-54.614544,-28.399071,-0.921865,-2.432181,-1.947884,-14.272161,-4.351811,5.234907,3.467953,-0.189921,-15.187198,-1.558103,-9.135568,8064.000000,0.000000,4.000000,,,,0.000000,4.000000,4.000000,4.000000,4.000000,4.000000,4.000000,4.000000,4.000000,4.000000,4.000000,4.000000,4.000000,4.000000,4.000000,4.000000,4.000000,4.000000,4.000000,2.000000,4.000000,4.000000,4.000000,4.000000,4.000000,4.000000,4.000000,4.000000,4.000000,4.000000,4.000000,4.000000,4.000000,83.333336
1614076741.551723,53.000000,0.000000,1.332881,15.010604,-15.727264,-3.175949,8.762075,-6.173290,5.582658,7.769586,11.875267,20.999872,4.827527,7.703908,7.137744,6.657435,-10.162528,116.989792,6.208344,-37.011555,38.151291,-38.662495,-5.293749,17.027775,2.698457,12.413038,0.613905,3.857669,10.870697,3.464485,-0.189731,-9.530985,-0.530904,-8.100792,8064.000000,0.000000,4.000000,,,,0.000000,4.000000,4.000000,4.000000,4.000000,4.000000,4.000000,4.000000,4.000000,4.000000,4.000000,4.000000,4.000000,4.000000,4.000000,4.000000,4.000000,4.000000,4.000000,2.000000,4.000000,4.000000,4.000000,4.000000,4.000000,4.000000,4.000000,4.000000,4.000000,4.000000,4.000000,4.000000,4.000000,83.333336
1614076741.559572,54.000000,0.000000,1.331548,14.995594,-12.634614,1.442611,13.881518,-6.679938,7.628357,9.813098,13.914674,29.696821,9.950905,10.260306,18.925478,21.009752,2.155326,142.001007,14.407263,-4.154029,51.446472,-20.675114,9.583340,38.036388,10.388065,28.810883,14.459445,8.469195,14.449570,3.461021,-0.189541,1.247777,-2.068835,-5.015768,8064.000000,0.000000,4.000000,,,,0.000000,4.000000,4.000000,4.000000,4.000000,4.000000,4.000000,4.000000,4.000000,4.000000,4.000000,4.000000,4.000000,4.000000,4.000000,4.000000,4.000000,4.000000,4.000000,2.000000,4.000000,4.000000,4.000000,4.000000,4.000000,4.000000,4.000000,4.000000,4.000000,4.000000,4.000000,4.000000,4.000000,83.333336
1614076741.567321,55.000000,0.000000,1.330217,15.493419,-11.083518,-1.122934,12.841995,-6.160437,7.620729,16.982773,12.875118,29.667124,10.453774,11.275687,28.650143,30.219511,14.973684,170.576950,18.495420,-7.226799,38.574512,-22.705721,1.881449,28.767582,11.916140,32.371815,13.932165,7.435085,14.947941,3.457560,-0.189352,5.349093,-1.041125,-2.959470,8064.000000,0.000000,4.000000,,,,0.000000,4.000000,4.000000,4.000000,4.000000,4.000000,4.000000,4.000000,4.000000,4.000000,4.000000,4.000000,4.000000,4.000000,4.000000,4.000000,4.000000,4.000000,4.000000,2.000000,4.000000,4.000000,4.000000,4.000000,4.000000,4.000000,4.000000,4.000000,4.000000,4.000000,4.000000,4.000000,4.000000,83.333336
1614076741.575170,56.000000,0.000000,1.328887,14.965105,-11.585255,-2.660273,11.803513,-6.154277,7.613109,20.555532,13.887884,28.611816,15.058705,10.751592,29.134314,30.702112,17.009993,167.842270,14.374361,-34.911880,29.305168,-37.041988,-11.966587,10.790096,9.340120,24.134315,10.841310,6.914830,13.394531,3.454103,-0.189162,3.805283,-1.040084,-3.469331,8064.000000,0.000000,4.000000,,,,0.000000,4.000000,4.000000,4.000000,4.000000,4.000000,4.000000,4.000000,4.000000,4.000000,4.000000,4.000000,4.000000,4.000000,4.000000,4.000000,4.000000,4.000000,4.000000,2.000000,4.000000,4.000000,4.000000,4.000000,4.000000,4.000000,4.000000,4.000000,4.000000,4.000000,4.000000,4.000000,4.000000,83.333336
1614076741.582919,57.000000,0.000000,1.840378,14.437319,-11.060849,-1.631971,14.355811,-6.148122,8.118316,20.022158,16.950918,29.608847,19.659031,11.253660,28.079538,32.722694,18.531445,163.059052,13.847166,-21.030813,32.865608,-40.081871,-16.057184,10.266486,9.330780,16.417873,11.343289,8.959197,14.919599,3.963469,0.323847,4.314298,-1.039044,-3.465862,8064.000000,0.000000,4.000000,,,,0.000000,4.000000,4.000000,4.000000,4.000000,4.000000,4.000000,4.000000,4.000000,4.000000,4.000000,4.000000,4.000000,4.000000,4.000000,4.000000,4.000000,4.000000,4.000000,2.000000,4.000000,4.000000,4.000000,4.000000,4.000000,4.000000,4.000000,4.000000,4.000000,4.000000,4.000000,4.000000,4.000000,83.333336
1614076741.590768,58.000000,0.000000,1.325717,15.961343,-11.049788,-1.630339,12.802994,-6.141974,7.597377,21.027777,16.421148,30.092058,19.126551,11.755227,30.102739,33.202789,19.025732,162.383163,15.884601,-13.317475,28.217356,-41.580250,-18.605230,11.281860,8.295809,15.375813,4.665279,4.847674,14.391858,3.446685,-1.214938,3.797163,-1.038005,-2.436755,8064.000000,0.000000,4.000000,,,,0.000000,4.000000,4.000000,4.000000,4.000000,4.000000,4.000000,4.000000,4.000000,4.000000,4.000000,4.000000,4.000000,4.000000,4.000000,4.000000,4.000000,4.000000,4.000000,2.000000,4.000000,4.000000,4.000000,4.000000,4.000000,4.000000,4.000000,4.000000,4.000000,4.000000,4.000000,4.000000,4.000000,83.333336
1614076741.598517,59.000000,0.000000,-0.726891,13.894100,-13.090020,-2.141530,4.585063,-6.135832,7.589780,18.442646,13.840624,27.497862,17.056143,7.640908,28.534176,16.246511,2.596451,136.579758,11.253331,-43.560570,16.394268,-53.846363,-24.740471,-0.011473,3.672128,17.411720,-3.544514,-2.336661,6.685159,0.879136,-4.803467,-1.334839,-3.088249,-8.588164,8064.000000,0.000000,4.000000,,,,0.000000,4.000000,4.000000,4.000000,4.000000,4.000000,4.000000,4.000000,4.000000,4.000000,4.000000,4.000000,4.000000,4.000000,4.000000,4.000000,4.000000,4.000000,4.000000,2.000000,4.000000,4.000000,4.000000,4.000000,4.000000,4.000000,4.000000,4.000000,4.000000,4.000000,4.000000,4.000000,4.000000,83.333336
1614076741.606166,60.000000,0.000000,-2.264625,5.162257,-15.128213,-3.165029,-3.624650,-6.129696,8.095011,12.783177,13.826783,21.316519,18.064728,3.530703,27.992821,0.845649,-7.662556,133.366257,5.088232,-51.722137,15.865052,-58.407898,-27.792652,-7.703769,1.104353,12.778924,-5.592252,-4.898427,-1.013834,-0.660205,-7.362766,-6.461709,-5.136443,-19.348806,8064.000000,0.000000,4.000000,,,,0.000000,4.000000,4.000000,4.000000,4.000000,4.000000,4.000000,4.000000,4.000000,4.000000,4.000000,4.000000,4.000000,4.000000,4.000000,4.000000,4.000000,4.000000,4.000000,2.000000,4.000000,4.000000,4.000000,4.000000,4.000000,4.000000,4.000000,4.000000,4.000000,4.000000,4.000000,4.000000,4.000000,83.333336
1614076741.613915,61.000000,0.000000,-2.262361,-0.483931,-15.625905,-6.751607,-2.595385,-6.123567,6.548454,13.283215,12.274495,18.218279,18.559483,3.527172,30.528931,6.998650,3.627158,166.053406,5.083144,-48.593491,14.823546,-53.221287,-28.277681,0.509063,1.616070,5.073837,-4.561018,-3.867887,-1.012820,-0.146724,-7.355403,-7.993710,-4.618486,-22.919201,8064.000000,0.000000,4.000000,,,,0.000000,4.000000,4.000000,4.000000,4.000000,4.000000,4.000000,4.000000,4.000000,4.000000,4.000000,4.000000,4.000000,4.000000,4.000000,4.000000,4.000000,4.000000,4.000000,2.000000,4.000000,4.000000,4.000000,4.000000,4.000000,4.000000,4.000000,4.000000,4.000000,4.000000,4.000000,4.000000,4.000000,83.333336
1614076741.621565,62.000000,0.000000,-2.260098,0.029374,-15.097459,-9.308958,-2.079969,-6.630264,3.977803,7.628906,7.646836,15.635959,8.797334,1.985183,19.729172,2.889087,-3.555957,144.348892,6.103702,-68.032074,5.577954,-53.168064,-27.736582,14.867529,1.614454,5.068763,-1.479535,-3.864020,-1.011807,-0.146578,-7.348048,-7.472895,-4.613867,-22.383461,8064.000000,0.000000,4.000000,,,,0.000000,4.000000,4.000000,4.000000,4.000000,4.000000,4.000000,4.000000,4.000000,4.000000,4.000000,4.000000,4.000000,4.000000,4.000000,4.000000,4.000000,4.000000,4.000000,2.000000,4.000000,4.000000,4.000000,4.000000,4.000000,4.000000,4.000000,4.000000,4.000000,4.000000,4.000000,4.000000,4.000000,83.333336
1614076741.629314,63.000000,0.000000,-2.770659,0.542165,-15.082361,-9.299649,-6.180453,-5.597992,3.461004,-5.712057,5.075087,8.440835,-7.621720,-2.119366,0.735083,-16.600983,-24.065222,111.896843,5.071957,-59.246098,16.854427,-47.986691,-15.913975,19.980865,1.612839,10.191899,4.675791,-4.372976,-1.010795,-0.146431,-7.340700,-7.978243,-5.634894,-21.848257,8064.000000,0.000000,4.000000,,,,0.000000,4.000000,4.000000,4.000000,4.000000,4.000000,4.000000,4.000000,4.000000,4.000000,4.000000,4.000000,4.000000,4.000000,4.000000,4.000000,4.000000,4.000000,4.000000,2.000000,4.000000,4.000000,4.000000,4.000000,4.000000,4.000000,4.000000,4.000000,4.000000,4.000000,4.000000,4.000000,4.000000,83.333336
1614076741.636963,64.000000,0.000000,-2.767888,-0.484018,-15.580099,-9.290350,-4.635811,-3.541112,3.970364,-5.706345,6.095653,5.868292,-8.639739,-4.168529,-3.368216,-10.943356,-13.784745,135.374695,5.579705,-28.417620,41.452957,-38.707935,-7.692932,15.345501,1.611226,12.232989,7.748038,-3.855783,3.605600,-0.146285,-7.333359,-7.457444,0.011766,-19.775127,0.000000,195.000000,4.000000,,,,0.000000,4.000000,4.000000,4.000000,4.000000,4.000000,4.000000,4.000000,4.000000,4.000000,4.000000,4.000000,4.000000,4.000000,4.000000,4.000000,4.000000,4.000000,4.000000,2.000000,4.000000,4.000000,4.000000,4.000000,4.000000,4.000000,4.000000,4.000000,4.000000,4.000000,4.000000,4.000000,4.000000,83.333336
1614076741.644712,65.000000,0.000000,-1.739479,0.029286,-15.564519,-9.281059,3.061133,-1.999110,3.966394,4.042952,6.089557,11.503449,4.702234,-4.677181,4.840280,10.093229,-0.950448,168.059830,4.548485,-42.748177,32.180737,-50.976921,-18.454470,13.791694,-0.954488,12.733577,7.227470,-3.851927,6.678917,-0.146138,-7.326025,-7.449986,6.165600,-16.165609,0.000000,192.000000,4.000000,,,,0.000000,4.000000,4.000000,4.000000,4.000000,4.000000,4.000000,4.000000,4.000000,4.000000,4.000000,4.000000,4.000000,4.000000,4.000000,4.000000,4.000000,4.000000,4.000000,2.000000,4.000000,4.000000,4.000000,4.000000,4.000000,4.000000,4.000000,4.000000,4.000000,4.000000,4.000000,4.000000,4.000000,83.333336
1614076741.652361,66.000000,0.000000,-3.276201,0.542077,-12.984852,-9.271778,6.647815,-2.509931,3.962427,5.064549,5.570647,14.568869,11.877019,-4.159683,6.373901,10.595957,-16.846933,135.584076,0.441372,-65.269531,9.584452,-67.849022,-30.743708,16.854824,-2.491995,12.208023,6.194602,-3.848075,3.595315,-0.145992,-7.318699,-7.442537,3.595332,-14.098161,0.000000,208.000000,4.000000,,,,0.000000,4.000000,4.000000,4.000000,4.000000,4.000000,4.000000,4.000000,4.000000,4.000000,4.000000,4.000000,4.000000,4.000000,4.000000,4.000000,4.000000,4.000000,4.000000,2.000000,4.000000,4.000000,4.000000,4.000000,4.000000,4.000000,4.000000,4.000000,4.000000,4.000000,4.000000,4.000000,4.000000,83.333336
1614076741.660110,67.000000,0.000000,-5.837028,-1.509747,-11.433406,-9.262506,5.102706,-2.507421,3.958465,5.059485,6.077897,14.041479,9.301040,-3.129882,5.854707,4.431514,-21.445471,110.833107,-1.610351,-51.870926,17.779995,-65.729889,-30.712965,10.684124,-0.951041,3.477866,5.162766,-3.844227,2.566079,0.366974,-7.311381,-6.922274,-1.023648,-14.084063,0.000000,188.000000,4.000000,,,,0.000000,4.000000,4.000000,4.000000,4.000000,4.000000,4.000000,4.000000,4.000000,4.000000,4.000000,4.000000,4.000000,4.000000,4.000000,4.000000,4.000000,4.000000,4.000000,2.000000,4.000000,4.000000,4.000000,4.000000,4.000000,4.000000,4.000000,4.000000,4.000000,4.000000,4.000000,4.000000,4.000000,83.333336
1614076741.667759,68.000000,0.000000,-5.831191,-3.559519,-11.421972,-9.253244,5.097603,-1.992093,3.954506,6.080067,6.071819,14.027438,6.727636,-4.665214,6.361673,8.016827,-7.577872,142.004333,-3.147202,-47.203671,23.403242,-63.100056,-31.195072,-0.608611,-3.001372,-2.679458,2.593500,-3.840383,3.589154,0.366607,-7.304070,-7.428172,-1.535444,-16.121262,0.000000,200.000000,4.000000,,,,0.000000,4.000000,4.000000,4.000000,4.000000,4.000000,4.000000,4.000000,4.000000,4.000000,4.000000,4.000000,4.000000,4.000000,4.000000,4.000000,4.000000,4.000000,4.000000,2.000000,4.000000,4.000000,4.000000,4.000000,4.000000,4.000000,4.000000,4.000000,4.000000,4.000000,4.000000,4.000000,4.000000,83.333336
1614076741.675509,69.000000,0.000000,-3.261257,-2.017498,-9.359268,-9.756811,6.118146,-3.015742,3.950552,1.971422,6.065747,14.526231,7.233729,-3.122087,5.842491,9.547271,-2.442089,156.221298,-0.067132,-49.207748,11.072145,-61.498497,-31.676697,5.033023,-2.485550,1.938606,2.590907,-3.323722,3.072744,-0.659400,-7.296765,-7.933564,-0.508268,-8.925653,0.000000,206.000000,4.000000,,,,0.000000,4.000000,4.000000,4.000000,4.000000,4.000000,4.000000,4.000000,4.000000,4.000000,4.000000,4.000000,4.000000,4.000000,4.000000,4.000000,4.000000,4.000000,4.000000,2.000000,4.000000,4.000000,4.000000,4.000000,4.000000,4.000000,4.000000,4.000000,4.000000,4.000000,4.000000,4.000000,4.000000,83.333336
1614076741.683158,70.000000,0.000000,-1.719534,0.548622,-6.785806,-9.234234,4.060746,-1.987085,3.946601,5.559195,6.059681,14.511704,7.739316,4.573343,13.016135,9.024903,4.227020,149.398407,8.138063,-35.825211,14.137997,-48.616486,-27.029636,17.335682,8.286166,5.526412,4.639598,-3.833219,3.069672,0.366900,-7.289468,-6.899990,1.543522,4.929427,0.000000,165.000000,4.000000,,,,0.000000,4.000000,4.000000,4.000000,4.000000,4.000000,4.000000,4.000000,4.000000,4.000000,4.000000,4.000000,4.000000,4.000000,4.000000,4.000000,4.000000,4.000000,4.000000,2.000000,4.000000,4.000000,4.000000,4.000000,4.000000,4.000000,4.000000,4.000000,4.000000,4.000000,4.000000,4.000000,4.000000,83.333336
1614076741.690907,71.000000,0.000000,-2.230635,0.548073,-7.804662,-8.712179,1.492583,-1.985098,3.942655,14.784405,4.515160,13.984372,5.680294,8.158513,17.105682,7.477417,6.786895,156.941315,10.181207,-46.045795,17.200781,-47.029408,-34.182095,9.113218,10.841983,4.495244,0.532394,-6.906308,1.528140,0.366533,-7.282179,-7.918731,3.080440,4.411677,0.000000,172.000000,4.000000,,,,0.000000,4.000000,4.000000,4.000000,4.000000,4.000000,4.000000,4.000000,4.000000,4.000000,4.000000,4.000000,4.000000,4.000000,4.000000,4.000000,4.000000,4.000000,4.000000,2.000000,4.000000,4.000000,4.000000,4.000000,4.000000,4.000000,4.000000,4.000000,4.000000,4.000000,4.000000,4.000000,4.000000,83.333336
1614076741.698556,72.000000,0.000000,-4.792507,0.547525,-8.309677,-11.267570,0.978270,-6.598498,3.425891,5.538851,2.459363,8.329363,-0.992053,1.483688,5.806526,-0.735189,-7.578866,150.117706,2.991539,-70.615135,5.901530,-56.725967,-41.840218,-1.152305,0.061910,5.003569,-8.698907,-7.925043,-0.524670,-5.787680,-7.787717,-10.987735,0.513257,-9.438889,0.000000,242.000000,4.000000,,,,0.000000,4.000000,4.000000,4.000000,4.000000,4.000000,4.000000,4.000000,4.000000,4.000000,4.000000,4.000000,4.000000,4.000000,4.000000,4.000000,4.000000,4.000000,4.000000,2.000000,4.000000,4.000000,4.000000,4.000000,4.000000,4.000000,4.000000,4.000000,4.000000,4.000000,4.000000,4.000000,4.000000,83.333336
1614076741.706305,73.000000,0.000000,-5.813355,0.546978,-3.685983,-6.640918,1.490112,-9.156002,3.935286,-9.851303,1.944083,3.192828,-6.632086,-4.158822,-5.481331,-4.837018,-20.391800,128.941956,1.962906,-59.262466,14.613577,-48.976933,-27.439404,11.156539,-0.963793,3.972925,-8.177388,-5.353015,-0.524145,-10.397277,-6.241468,-10.463926,-0.512897,-12.506372,0.000000,188.000000,4.000000,,,,0.000000,4.000000,4.000000,4.000000,4.000000,4.000000,4.000000,4.000000,4.000000,4.000000,4.000000,4.000000,4.000000,4.000000,4.000000,4.000000,4.000000,4.000000,4.000000,2.000000,4.000000,4.000000,4.000000,4.000000,4.000000,4.000000,4.000000,4.000000,4.000000,4.000000,4.000000,4.000000,4.000000,83.333336
1614076741.713954,74.000000,0.000000,-5.807542,1.059251,-0.092554,3.109313,2.001442,-4.531461,4.444171,-9.841452,2.454959,3.189635,-8.676736,-4.154663,-5.475850,4.398589,-21.909870,137.018143,4.525046,-38.177563,36.650246,-34.568981,-8.950426,22.940254,5.703837,6.533054,1.574379,-3.296381,-1.036441,-5.771494,-3.671124,-4.812437,2.051718,-7.365661,0.000000,200.000000,4.000000,,,,0.000000,4.000000,4.000000,4.000000,4.000000,4.000000,4.000000,4.000000,4.000000,4.000000,4.000000,4.000000,4.000000,4.000000,4.000000,4.000000,4.000000,4.000000,4.000000,2.000000,4.000000,4.000000,4.000000,4.000000,4.000000,4.000000,4.000000,4.000000,4.000000,4.000000,4.000000,4.000000,4.000000,83.333336
1614076741.721703,75.000000,0.000000,-6.314555,0.545372,-2.656564,3.106204,-0.051841,-4.014110,2.901266,-6.754687,2.452504,2.673625,-7.129598,-1.073585,-1.880631,9.009575,-16.759754,169.701630,4.520521,-36.600925,43.280262,-35.047234,-6.377374,18.814751,4.672493,16.270111,4.136908,-3.805905,-0.009764,-3.201620,-4.180274,-2.756343,1.536846,-7.358295,0.000000,220.000000,4.000000,,,,0.000000,4.000000,4.000000,4.000000,4.000000,4.000000,4.000000,4.000000,4.000000,4.000000,4.000000,4.000000,4.000000,4.000000,4.000000,4.000000,4.000000,4.000000,4.000000,2.000000,4.000000,4.000000,4.000000,4.000000,4.000000,4.000000,4.000000,4.000000,4.000000,4.000000,4.000000,4.000000,4.000000,83.333336
1614076741.729353,76.000000,0.000000,-2.205676,0.032006,-4.192369,-2.537928,-2.103071,-6.061378,7.000928,-1.106907,2.450052,2.670951,-2.507084,4.568514,9.403301,10.026206,2.231364,184.916550,14.259590,-35.538681,38.621597,-37.063469,-9.447919,17.257473,9.283204,19.330765,2.594309,-3.802099,5.631271,-4.736880,-3.663273,-3.779227,-1.541614,-7.863758,0.000000,189.000000,4.000000,,,,0.000000,4.000000,4.000000,4.000000,4.000000,4.000000,4.000000,4.000000,4.000000,4.000000,4.000000,4.000000,4.000000,4.000000,4.000000,4.000000,4.000000,4.000000,4.000000,2.000000,4.000000,4.000000,4.000000,4.000000,4.000000,4.000000,4.000000,4.000000,4.000000,4.000000,4.000000,4.000000,4.000000,83.333336
1614076741.737202,77.000000,0.000000,3.950376,1.057615,-1.111253,2.592815,0.975955,-2.465572,14.686235,13.765995,2.447602,8.822126,2.110808,10.717792,26.316975,20.785410,15.562467,165.244446,27.065844,-42.682629,22.172718,-34.975121,-16.617958,21.855600,19.017511,15.208869,3.617356,-3.285476,11.779487,3.472985,-0.069866,-3.262628,-1.540072,-3.753330,0.000000,197.000000,4.000000,,,,0.000000,4.000000,4.000000,4.000000,4.000000,4.000000,4.000000,4.000000,4.000000,4.000000,4.000000,4.000000,4.000000,4.000000,4.000000,4.000000,4.000000,4.000000,4.000000,2.000000,4.000000,4.000000,4.000000,4.000000,4.000000,4.000000,4.000000,4.000000,4.000000,4.000000,4.000000,4.000000,4.000000,83.333336
1614076741.744951,78.000000,0.000000,4.972066,0.030916,-0.084501,4.641504,2.513441,-5.027209,13.133087,19.393255,2.445154,11.377407,1.083056,11.219894,26.803478,23.328728,4.264853,143.027924,21.397751,-61.614307,6.765931,-43.658096,-27.370571,19.269644,13.357468,17.244942,-1.514467,-5.846293,9.203604,7.059255,-3.659539,-4.285006,-1.025712,-5.288038,0.000000,204.000000,4.000000,,,,0.000000,4.000000,4.000000,4.000000,4.000000,4.000000,4.000000,4.000000,4.000000,4.000000,4.000000,4.000000,4.000000,4.000000,4.000000,4.000000,4.000000,4.000000,4.000000,2.000000,4.000000,4.000000,4.000000,4.000000,4.000000,4.000000,4.000000,4.000000,4.000000,4.000000,4.000000,4.000000,4.000000,83.333336
1614076741.752800,79.000000,0.000000,-0.161111,-2.020397,-1.110057,-3.568265,-1.078817,-9.637567,5.427647,13.220015,2.442709,2.648081,-3.533412,8.131751,16.007444,8.433604,-6.508643,138.782333,8.555841,-61.552692,14.451472,-55.922131,-31.958586,8.481142,1.549239,12.612312,-8.179619,-7.891729,0.476452,-3.204214,-10.322547,-6.844823,-1.537506,-10.923776,0.000000,218.000000,4.000000,,,,0.000000,4.000000,4.000000,4.000000,4.000000,4.000000,4.000000,4.000000,4.000000,4.000000,4.000000,4.000000,4.000000,4.000000,4.000000,4.000000,4.000000,4.000000,4.000000,2.000000,4.000000,4.000000,4.000000,4.000000,4.000000,4.000000,4.000000,4.000000,4.000000,4.000000,4.000000,4.000000,4.000000,83.333336
1614076741.760549,80.000000,0.000000,-3.750694,-2.018377,1.967976,-6.641620,0.460724,-2.448442,2.858116,12.181154,2.440266,-2.482772,-4.555519,7.097979,13.427334,-0.292778,-4.450852,134.028168,8.034465,-50.209087,24.180611,-59.968773,-31.413807,4.882918,0.009228,-3.810556,-5.094516,-6.858196,-0.549666,-4.739471,-5.696839,-7.863620,-1.023148,-9.887211,0.000000,221.000000,4.000000,,,,0.000000,4.000000,4.000000,4.000000,4.000000,4.000000,4.000000,4.000000,4.000000,4.000000,4.000000,4.000000,4.000000,4.000000,4.000000,4.000000,4.000000,4.000000,4.000000,2.000000,4.000000,4.000000,4.000000,4.000000,4.000000,4.000000,4.000000,4.000000,4.000000,4.000000,4.000000,4.000000,4.000000,83.333336
1614076741.768398,81.000000,0.000000,-1.695661,0.547744,6.581392,-3.045235,5.075648,6.784776,4.393720,13.194613,2.437826,5.724839,-3.525323,7.603701,13.413907,1.245976,-4.959222,123.124908,10.077712,-47.594776,16.464123,-58.370342,-30.356750,12.057522,2.060501,-3.806746,-0.474037,-4.800056,5.604730,6.034499,3.539627,-7.342936,-1.534946,-4.749118,0.000000,182.000000,4.000000,,,,0.000000,4.000000,4.000000,4.000000,4.000000,4.000000,4.000000,4.000000,4.000000,4.000000,4.000000,4.000000,4.000000,4.000000,4.000000,4.000000,4.000000,4.000000,4.000000,2.000000,4.000000,4.000000,4.000000,4.000000,4.000000,4.000000,4.000000,4.000000,4.000000,4.000000,4.000000,4.000000,4.000000,83.333336
1614076741.776147,82.000000,0.000000,2.921420,0.547197,7.087632,-2.016549,-1.083274,3.701068,3.876506,9.591676,2.948209,4.693473,-3.521797,7.083277,7.246646,-2.857834,-8.544006,123.514603,8.529173,-47.034363,21.575863,-55.235050,-29.813574,18.712132,1.545620,9.530395,-0.473563,-3.769615,5.599125,5.002823,4.048907,-7.848413,-1.533411,-3.718728,0.000000,205.000000,4.000000,,,,0.000000,4.000000,4.000000,4.000000,4.000000,4.000000,4.000000,4.000000,4.000000,4.000000,4.000000,4.000000,4.000000,4.000000,4.000000,4.000000,4.000000,4.000000,4.000000,2.000000,4.000000,4.000000,4.000000,4.000000,4.000000,4.000000,4.000000,4.000000,4.000000,4.000000,4.000000,4.000000,4.000000,83.333336
1614076741.783996,83.000000,0.000000,4.969780,0.033829,5.542082,-2.527353,-9.287319,-2.456480,3.359809,8.043622,0.893978,-7.106092,-5.056737,7.076194,4.162477,-6.957540,-9.561104,126.468010,8.520644,-55.192455,30.785057,-51.590069,-27.219658,18.180599,3.595356,11.059326,-0.985910,-2.227384,4.567885,-1.156026,2.506397,-7.840565,1.032225,-3.202189,0.000000,201.000000,4.000000,,,,0.000000,4.000000,4.000000,4.000000,4.000000,4.000000,4.000000,4.000000,4.000000,4.000000,4.000000,4.000000,4.000000,4.000000,4.000000,4.000000,4.000000,4.000000,4.000000,2.000000,4.000000,4.000000,4.000000,4.000000,4.000000,4.000000,4.000000,4.000000,4.000000,4.000000,4.000000,4.000000,4.000000,83.333336
1614076741.791745,84.000000,0.000000,5.477631,0.546616,7.587822,-3.550467,-7.226749,-2.454023,3.869269,8.035579,-1.158198,-4.022063,-3.000398,7.069118,7.748058,-1.309557,-8.013081,125.828720,9.024943,-62.316750,21.010681,-50.000019,-18.474489,17.136776,5.643043,9.509805,-0.472104,0.338946,11.229984,3.460515,4.042352,-5.268622,3.082475,-0.122064,0.000000,183.000000,4.000000,,,,0.000000,4.000000,4.000000,4.000000,4.000000,4.000000,4.000000,4.000000,4.000000,4.000000,4.000000,4.000000,4.000000,4.000000,4.000000,4.000000,4.000000,4.000000,4.000000,2.000000,4.000000,4.000000,4.000000,4.000000,4.000000,4.000000,4.000000,4.000000,4.000000,4.000000,4.000000,4.000000,4.000000,83.333336
1614076741.799594,85.000000,0.000000,4.959333,0.546069,12.195620,-2.008455,-4.655420,-1.938748,3.865400,5.463440,-1.669860,11.879395,-0.433295,7.062048,10.304413,5.358419,-4.415324,141.600327,9.528739,-44.818535,19.451210,-49.950020,-10.763707,22.247845,5.124579,15.141321,-0.471631,0.338607,14.295677,8.585259,4.038310,-3.724891,2.566572,0.390879,0.000000,194.000000,4.000000,,,,0.000000,4.000000,4.000000,4.000000,4.000000,4.000000,4.000000,4.000000,4.000000,4.000000,4.000000,4.000000,4.000000,4.000000,4.000000,4.000000,4.000000,4.000000,4.000000,2.000000,4.000000,4.000000,4.000000,4.000000,4.000000,4.000000,4.000000,4.000000,4.000000,4.000000,4.000000,4.000000,4.000000,83.333336
1614076741.807343,86.000000,0.000000,3.928732,-0.480118,14.234706,5.685862,-6.702047,-2.449630,3.861535,4.945157,-1.668190,15.970079,-3.509785,7.054986,6.704364,5.353061,-7.487832,157.868988,9.006391,-35.030128,29.175348,-51.951351,-18.958073,21.199957,5.119455,13.587718,-0.471160,-0.687372,8.640356,7.038213,3.521451,-3.721167,2.564006,-1.147974,0.000000,190.000000,4.000000,,,,0.000000,4.000000,4.000000,4.000000,4.000000,4.000000,4.000000,4.000000,4.000000,4.000000,4.000000,4.000000,4.000000,4.000000,4.000000,4.000000,4.000000,4.000000,4.000000,2.000000,4.000000,4.000000,4.000000,4.000000,4.000000,4.000000,4.000000,4.000000,4.000000,4.000000,4.000000,4.000000,4.000000,83.333336
1614076741.815192,87.000000,0.000000,1.360701,1.571644,14.733292,12.859663,-6.182524,-2.960001,3.857673,4.427391,-1.666522,11.338725,-7.608840,7.047932,2.595096,4.322067,-16.711113,151.044449,4.894820,-54.482277,19.402584,-57.027603,-30.221165,6.306962,5.627156,8.445925,-0.470689,0.851777,6.067613,6.518354,5.056391,-1.153343,5.125544,0.904456,0.000000,198.000000,4.000000,,,,0.000000,4.000000,4.000000,4.000000,4.000000,4.000000,4.000000,4.000000,4.000000,4.000000,4.000000,4.000000,4.000000,4.000000,4.000000,4.000000,4.000000,4.000000,4.000000,2.000000,4.000000,4.000000,4.000000,4.000000,4.000000,4.000000,4.000000,4.000000,4.000000,4.000000,4.000000,4.000000,4.000000,83.333336
1614076741.822941,88.000000,0.000000,0.846520,6.185457,17.282661,12.846804,-5.663521,-2.444221,3.853816,1.858861,-1.152035,11.840206,-8.114051,7.553704,2.592501,5.343386,-19.258505,139.098526,1.813002,-63.145744,2.972924,-61.585960,-35.319149,-4.981397,5.621529,8.437479,-0.470218,3.415027,7.087186,7.537477,7.102617,3.463195,6.658880,5.518937,0.000000,203.000000,4.000000,,,,0.000000,4.000000,4.000000,4.000000,4.000000,4.000000,4.000000,4.000000,4.000000,4.000000,4.000000,4.000000,4.000000,4.000000,4.000000,4.000000,4.000000,4.000000,4.000000,2.000000,4.000000,4.000000,4.000000,4.000000,4.000000,4.000000,4.000000,4.000000,4.000000,4.000000,4.000000,4.000000,4.000000,83.333336
1614076741.830790,89.000000,0.000000,1.358494,8.230554,17.778198,11.808315,-6.683499,-2.441776,3.849962,0.831361,-1.663703,6.700161,-7.080296,7.033330,3.102729,5.338042,-19.752068,132.805588,1.811189,-59.492855,5.021234,-61.524376,-41.950497,-0.873851,5.103086,1.762375,-0.469748,3.924433,6.567279,7.017118,7.608335,3.972552,6.139400,8.077520,0.000000,164.000000,4.000000,,,,0.000000,4.000000,4.000000,4.000000,4.000000,4.000000,4.000000,4.000000,4.000000,4.000000,4.000000,4.000000,4.000000,4.000000,4.000000,4.000000,4.000000,4.000000,4.000000,2.000000,4.000000,4.000000,4.000000,4.000000,4.000000,4.000000,4.000000,4.000000,4.000000,4.000000,4.000000,4.000000,4.000000,83.333336
1614076741.838539,90.000000,0.000000,1.357135,7.709503,17.247601,12.822148,-4.625533,-2.439335,3.846112,0.830530,-1.149219,-0.998847,-8.611677,7.026297,1.561165,4.307063,-20.245134,128.057404,1.809378,-64.561569,11.170058,-59.411568,-43.959827,4.255228,5.097983,-6.957336,-0.469278,3.920508,6.047891,7.010101,7.087906,3.455759,6.133261,10.120725,0.000000,113.000000,4.000000,,,,0.000000,4.000000,4.000000,4.000000,4.000000,4.000000,4.000000,4.000000,4.000000,4.000000,4.000000,4.000000,4.000000,4.000000,4.000000,4.000000,4.000000,4.000000,4.000000,2.000000,4.000000,4.000000,4.000000,4.000000,4.000000,4.000000,4.000000,4.000000,4.000000,4.000000,4.000000,4.000000,4.000000,83.333336
1614076741.846188,91.000000,0.000000,1.355778,7.701793,17.743174,12.809326,2.558579,-2.436895,3.842266,1.342520,3.467315,2.591896,-8.090245,7.532091,4.636527,5.328397,-7.917198,139.211395,2.833209,-45.522644,13.722991,-57.300877,-30.582535,2.712511,6.118526,-2.847815,-0.468809,3.916588,6.554664,7.003091,7.080818,3.965124,6.639948,11.136245,0.000000,205.000000,4.000000,,,,0.000000,4.000000,4.000000,4.000000,4.000000,4.000000,4.000000,4.000000,4.000000,4.000000,4.000000,4.000000,4.000000,4.000000,4.000000,4.000000,4.000000,4.000000,4.000000,2.000000,4.000000,4.000000,4.000000,4.000000,4.000000,4.000000,4.000000,4.000000,4.000000,4.000000,4.000000,4.000000,4.000000,83.333336
1614076741.853937,92.000000,0.000000,1.354422,8.206912,16.699789,12.283696,6.145764,-2.434458,3.838423,1.341177,7.053591,6.179048,-6.543694,5.473277,7.708813,4.810248,-1.242614,147.277313,2.317555,-20.348917,15.760550,-55.705112,-20.295542,2.196978,5.086767,4.847341,0.044481,0.835748,5.522468,6.996089,7.586557,2.935518,6.120488,10.099467,0.000000,170.000000,4.000000,,,,0.000000,4.000000,4.000000,4.000000,4.000000,4.000000,4.000000,4.000000,4.000000,4.000000,4.000000,4.000000,4.000000,4.000000,4.000000,4.000000,4.000000,4.000000,4.000000,2.000000,4.000000,4.000000,4.000000,4.000000,4.000000,4.000000,4.000000,4.000000,4.000000,4.000000,4.000000,4.000000,4.000000,83.333336
1614076741.861586,93.000000,0.000000,1.353068,7.685884,13.606166,12.271413,3.575516,-2.432024,3.321764,-1.224267,5.508076,1.557484,-10.639714,-0.686043,1.034438,0.702874,-20.215731,117.899261,-2.812967,-52.123440,13.180687,-56.675049,-22.326529,6.810165,-0.046525,5.868134,-1.494025,-3.780472,3.465663,6.989092,7.066151,0.368480,3.550265,7.012445,0.000000,193.000000,4.000000,,,,0.000000,4.000000,4.000000,4.000000,4.000000,4.000000,4.000000,4.000000,4.000000,4.000000,4.000000,4.000000,4.000000,4.000000,4.000000,4.000000,4.000000,4.000000,4.000000,2.000000,4.000000,4.000000,4.000000,4.000000,4.000000,4.000000,4.000000,4.000000,4.000000,4.000000,4.000000,4.000000,4.000000,83.333336
1614076741.869335,94.000000,0.000000,1.351715,7.678198,13.079739,12.259141,6.648864,-2.429592,3.831263,-2.248683,6.015388,9.248234,-10.629074,-4.787921,-5.633264,2.240633,-31.990387,105.986488,-5.887077,-84.379013,14.193147,-58.156834,-23.329844,6.290535,-2.610581,4.836625,-3.543813,-4.289512,2.436557,6.982103,7.059084,-0.657530,2.008253,7.005433,0.000000,194.000000,4.000000,,,,0.000000,4.000000,4.000000,4.000000,4.000000,4.000000,4.000000,4.000000,4.000000,4.000000,4.000000,4.000000,4.000000,4.000000,4.000000,4.000000,4.000000,4.000000,4.000000,2.000000,4.000000,4.000000,4.000000,4.000000,4.000000,4.000000,4.000000,4.000000,4.000000,4.000000,4.000000,4.000000,4.000000,83.333336
1614076741.876985,95.000000,0.000000,1.350363,7.670520,15.630762,12.246881,16.385805,-2.427162,5.878714,3.394591,10.624758,28.213345,0.150786,-4.783133,-2.037887,10.443521,-16.573780,138.701019,-5.368370,-56.602322,21.871262,-56.047398,-21.768051,-3.459345,-2.095150,4.318968,-4.053090,-3.772402,2.434120,6.975121,7.052025,-0.144052,3.031886,6.998427,0.000000,206.000000,4.000000,,,,0.000000,4.000000,4.000000,4.000000,4.000000,4.000000,4.000000,4.000000,4.000000,4.000000,4.000000,4.000000,4.000000,4.000000,4.000000,4.000000,4.000000,4.000000,4.000000,2.000000,4.000000,4.000000,4.000000,4.000000,4.000000,4.000000,4.000000,4.000000,4.000000,4.000000,4.000000,4.000000,4.000000,83.333336
1614076741.884734,96.000000,0.000000,1.349013,7.662850,17.666412,12.234635,20.984804,-2.937556,7.924117,9.545043,13.691056,30.749233,6.304481,-3.239888,-0.497387,11.971539,-13.480284,158.562317,-12.542488,-32.443157,20.823750,-60.606731,-27.387310,-9.096911,-5.169978,5.853111,-6.613140,-4.281450,3.457327,6.968146,7.044973,-0.656728,1.490393,6.991429,8064.000000,0.000000,4.000000,,,,0.000000,4.000000,4.000000,4.000000,4.000000,4.000000,4.000000,4.000000,4.000000,4.000000,4.000000,4.000000,4.000000,4.000000,4.000000,4.000000,4.000000,4.000000,4.000000,2.000000,4.000000,4.000000,4.000000,4.000000,4.000000,4.000000,4.000000,4.000000,4.000000,4.000000,4.000000,4.000000,4.000000,83.333336
1614076741.892383,97.000000,0.000000,1.347664,7.655187,14.571823,12.222401,19.938177,-1.908977,7.403373,9.022677,13.677365,22.000536,1.169972,-4.262290,-7.676377,5.805720,-31.928343,126.096062,-20.222254,-64.718407,7.982413,-78.494843,-42.231716,-4.985250,-9.267372,4.821617,-8.144988,-4.277169,0.376947,6.961178,4.986646,-0.656071,-0.562380,6.984437,8192.000000,0.000000,4.000000,,,,0.000000,4.000000,4.000000,4.000000,4.000000,4.000000,4.000000,4.000000,4.000000,4.000000,4.000000,4.000000,4.000000,4.000000,4.000000,4.000000,4.000000,4.000000,4.000000,2.000000,4.000000,4.000000,4.000000,4.000000,4.000000,4.000000,4.000000,4.000000,4.000000,4.000000,4.000000,4.000000,4.000000,83.333336
1614076741.900132,98.000000,0.000000,1.859137,7.647532,10.454688,12.210178,19.405418,0.144214,7.908790,8.500834,13.663688,20.440073,2.194443,-5.283668,-2.540495,6.825556,-30.357952,100.328941,-18.150749,-85.679329,2.333405,-89.698402,-53.984356,-9.082829,-10.283746,-3.901154,-7.624022,-4.272892,-5.264456,6.954216,3.443198,-0.142595,-1.587458,5.951812,8064.000000,0.000000,4.000000,,,,0.000000,4.000000,4.000000,4.000000,4.000000,4.000000,4.000000,4.000000,4.000000,4.000000,4.000000,4.000000,4.000000,4.000000,4.000000,4.000000,4.000000,4.000000,4.000000,2.000000,4.000000,4.000000,4.000000,4.000000,4.000000,4.000000,4.000000,4.000000,4.000000,4.000000,4.000000,4.000000,4.000000,83.333336
1614076741.907781,99.000000,0.000000,1.344457,7.639884,9.418591,12.197968,17.847551,1.169711,9.952163,9.517974,13.137203,21.958096,10.397376,0.362641,14.385122,11.946936,-6.737851,133.049118,-10.440291,-55.337238,5.407994,-76.275368,-47.776527,-18.304516,-7.709359,-10.563919,-9.667681,-4.268619,-1.156627,6.947262,3.439755,-1.168093,-2.098691,3.894578,8064.000000,0.000000,4.000000,,,,0.000000,4.000000,4.000000,4.000000,4.000000,4.000000,4.000000,4.000000,4.000000,4.000000,4.000000,4.000000,4.000000,4.000000,4.000000,4.000000,4.000000,4.000000,4.000000,2.000000,4.000000,4.000000,4.000000,4.000000,4.000000,4.000000,4.000000,4.000000,4.000000,4.000000,4.000000,4.000000,4.000000,83.333336
1614076741.915530,100.000000,0.000000,1.343113,7.119424,9.921994,12.185770,15.265602,1.168541,11.993493,5.405892,12.098425,20.910496,10.386979,10.105868,16.422018,11.422168,4.550939,149.839157,1.877842,-34.256260,4.376945,-55.686272,-30.805674,-7.004160,-1.034983,-7.476432,-8.119552,-0.674607,11.152222,6.940315,3.436315,-0.141284,-1.070952,2.865042,8064.000000,0.000000,4.000000,,,,0.000000,4.000000,4.000000,4.000000,4.000000,4.000000,4.000000,4.000000,4.000000,4.000000,4.000000,4.000000,4.000000,4.000000,4.000000,4.000000,4.000000,4.000000,4.000000,2.000000,4.000000,4.000000,4.000000,4.000000,4.000000,4.000000,4.000000,4.000000,4.000000,4.000000,4.000000,4.000000,4.000000,83.333336
1614076741.923179,101.000000,0.000000,2.367411,7.625125,9.912072,12.173584,15.250336,1.680193,9.930218,1.810742,14.137609,20.889585,3.197105,10.095762,5.636366,7.821002,-1.094638,119.945724,13.670835,-44.991234,2.834107,-45.374176,-20.518457,15.054126,5.632719,0.223352,6.760363,3.428632,15.243633,6.933375,3.432879,3.448601,-0.557060,3.374998,8064.000000,0.000000,4.000000,,,,0.000000,4.000000,4.000000,4.000000,4.000000,4.000000,4.000000,4.000000,4.000000,4.000000,4.000000,4.000000,4.000000,4.000000,4.000000,4.000000,4.000000,4.000000,4.000000,2.000000,4.000000,4.000000,4.000000,4.000000,4.000000,4.000000,4.000000,4.000000,4.000000,4.000000,4.000000,4.000000,4.000000,83.333336
1614076741.931028,102.000000,0.000000,-0.711880,7.617500,9.389339,12.161410,15.747907,-2.936872,5.304903,0.783291,11.559368,14.202029,-2.959939,4.444641,1.015345,3.197797,-4.170466,116.748856,11.093062,-42.894962,18.215889,-44.815983,-17.421015,17.090355,6.139906,8.428257,14.958731,3.425204,10.613005,6.926441,3.429446,2.932332,-5.684709,3.371623,8064.000000,0.000000,4.000000,,,,0.000000,4.000000,4.000000,4.000000,4.000000,4.000000,4.000000,4.000000,4.000000,4.000000,4.000000,4.000000,4.000000,4.000000,4.000000,4.000000,4.000000,4.000000,4.000000,2.000000,4.000000,4.000000,4.000000,4.000000,4.000000,4.000000,4.000000,4.000000,4.000000,4.000000,4.000000,4.000000,4.000000,83.333336
1614076741.938777,103.000000,0.000000,-5.839373,6.584241,9.892771,12.149249,15.219337,-7.036499,2.735495,-2.294416,3.342681,6.495520,-5.008261,3.414555,3.065612,0.117676,-3.140655,144.837234,5.953764,-17.211040,35.633568,-43.232704,-14.326672,9.380956,4.595305,13.035213,7.764285,4.447420,9.063931,6.919515,3.426016,3.442220,-6.191844,2.855431,8064.000000,0.000000,4.000000,,,,0.000000,4.000000,4.000000,4.000000,4.000000,4.000000,4.000000,4.000000,4.000000,4.000000,4.000000,4.000000,4.000000,4.000000,4.000000,4.000000,4.000000,4.000000,4.000000,2.000000,4.000000,4.000000,4.000000,4.000000,4.000000,4.000000,4.000000,4.000000,4.000000,4.000000,4.000000,4.000000,4.000000,83.333336
1614076741.946626,104.000000,0.000000,-4.295072,8.628939,9.882877,12.137100,15.716939,-1.901257,3.758401,-0.753660,6.929082,10.591588,-0.900688,3.923961,5.113828,6.784225,-4.163155,152.384705,12.614477,-11.039984,28.418449,-38.574089,-9.696960,15.012601,7.154812,11.483716,12.884726,9.571177,13.670251,6.912595,3.422590,13.182367,6.122040,3.365396,8064.000000,0.000000,4.000000,,,,0.000000,4.000000,4.000000,4.000000,4.000000,4.000000,4.000000,4.000000,4.000000,4.000000,4.000000,4.000000,4.000000,4.000000,4.000000,4.000000,4.000000,4.000000,4.000000,2.000000,4.000000,4.000000,4.000000,4.000000,4.000000,4.000000,4.000000,4.000000,4.000000,4.000000,4.000000,4.000000,4.000000,83.333336
1614076741.954376,105.000000,0.000000,-1.726675,13.748515,10.385816,12.637783,18.265326,4.767311,5.805924,7.452222,19.229845,20.324587,4.741238,3.407217,6.134356,15.495389,-6.723094,134.796417,11.063401,-41.798176,8.902851,-43.663719,-9.174443,18.587332,4.583555,14.549156,24.153893,12.125709,14.682222,7.418503,3.419168,18.810211,14.833867,3.874851,8064.000000,0.000000,4.000000,,,,0.000000,4.000000,4.000000,4.000000,4.000000,4.000000,4.000000,4.000000,4.000000,4.000000,4.000000,4.000000,4.000000,4.000000,4.000000,4.000000,4.000000,4.000000,4.000000,2.000000,4.000000,4.000000,4.000000,4.000000,4.000000,4.000000,4.000000,4.000000,4.000000,4.000000,4.000000,4.000000,4.000000,83.333336
1614076741.962225,106.000000,0.000000,-5.314692,15.273229,9.862609,12.112325,19.785521,5.275364,6.825759,7.957591,18.697794,21.329903,7.300600,2.890989,3.564119,15.479894,-9.793295,126.969315,-5.870739,-62.269196,2.740102,-62.594414,-17.883217,3.184129,-5.677439,19.662811,12.334867,9.549480,6.975232,6.385444,3.415749,8.534990,11.229289,2.845335,8064.000000,0.000000,4.000000,,,,0.000000,4.000000,4.000000,4.000000,4.000000,4.000000,4.000000,4.000000,4.000000,4.000000,4.000000,4.000000,4.000000,4.000000,4.000000,4.000000,4.000000,4.000000,4.000000,2.000000,4.000000,4.000000,4.000000,4.000000,4.000000,4.000000,4.000000,4.000000,4.000000,4.000000,4.000000,4.000000,4.000000,83.333336
1614076741.969974,107.000000,0.000000,-6.335018,15.257955,9.852746,11.074572,18.740095,3.731627,7.331754,7.949633,12.525250,19.770111,6.780478,2.888098,5.611836,15.464414,-9.270680,137.098755,-12.531535,-45.283852,3.763003,-73.301048,-26.583282,-9.639568,-9.774325,10.412379,-1.523622,6.975828,2.865693,6.891879,3.412333,1.346968,8.653957,3.355310,8064.000000,0.000000,4.000000,,,,0.000000,4.000000,4.000000,4.000000,4.000000,4.000000,4.000000,4.000000,4.000000,4.000000,4.000000,4.000000,4.000000,4.000000,4.000000,4.000000,4.000000,4.000000,4.000000,2.000000,4.000000,4.000000,4.000000,4.000000,4.000000,4.000000,4.000000,4.000000,4.000000,4.000000,4.000000,4.000000,4.000000,83.333336
1614076741.977823,108.000000,0.000000,-0.687657,15.242697,9.842894,13.114779,18.721354,5.266357,7.324422,20.249376,13.538366,20.775982,6.260877,2.885210,14.836994,20.577154,-7.722949,137.987305,-6.877978,-34.982155,4.272060,-69.125183,-26.556700,-2.450441,-6.174808,1.171198,4.118927,6.968853,7.991032,9.961910,3.408921,4.935365,10.183764,5.916058,8064.000000,0.000000,4.000000,,,,0.000000,4.000000,4.000000,4.000000,4.000000,4.000000,4.000000,4.000000,4.000000,4.000000,4.000000,4.000000,4.000000,4.000000,4.000000,4.000000,4.000000,4.000000,4.000000,2.000000,4.000000,4.000000,4.000000,4.000000,4.000000,4.000000,4.000000,4.000000,4.000000,4.000000,4.000000,4.000000,4.000000,83.333336
1614076741.985572,109.000000,0.000000,2.389954,11.637711,7.268948,10.024741,18.189812,4.748270,5.778636,20.229126,10.447906,19.216745,6.767437,3.395145,14.309337,22.607859,-10.279328,123.490341,-6.871100,-50.331791,2.216506,-69.056061,-28.581425,6.782778,-6.168633,4.759770,7.704552,6.961884,8.495862,6.875025,2.379871,-0.710596,9.147940,6.422962,8192.000000,0.000000,4.000000,,,,0.000000,4.000000,4.000000,4.000000,4.000000,4.000000,4.000000,4.000000,4.000000,4.000000,4.000000,4.000000,4.000000,4.000000,4.000000,4.000000,4.000000,4.000000,4.000000,2.000000,4.000000,4.000000,4.000000,4.000000,4.000000,4.000000,4.000000,4.000000,4.000000,4.000000,4.000000,4.000000,4.000000,83.333336
1614076741.993421,110.000000,0.000000,0.849102,7.523509,3.159115,-0.241694,7.402392,1.153778,3.721576,2.773000,2.745150,14.582144,6.760670,2.878930,9.679643,19.508329,-7.192126,131.571976,-3.787306,-46.178894,1.188649,-66.935722,-31.629766,6.263175,-6.675285,5.267831,5.645566,5.929281,5.923263,-0.311337,0.326209,-8.915014,6.061869,0.262693,8064.000000,0.000000,4.000000,,,,0.000000,4.000000,4.000000,4.000000,4.000000,4.000000,4.000000,4.000000,4.000000,4.000000,4.000000,4.000000,4.000000,4.000000,4.000000,4.000000,4.000000,4.000000,4.000000,2.000000,4.000000,4.000000,4.000000,4.000000,4.000000,4.000000,4.000000,4.000000,4.000000,4.000000,4.000000,4.000000,4.000000,83.333336
1614076742.001170,111.000000,0.000000,1.361073,7.003165,0.079033,-1.267093,-1.835780,0.126983,3.205034,1.744586,2.742404,11.490639,6.241088,2.876051,22.490475,17.437538,5.122758,162.209641,10.575456,-15.363484,12.982332,-49.432888,-17.239162,6.256912,3.074980,1.672820,13.845048,7.461813,12.584006,1.740256,-1.212579,0.324670,4.517345,-2.301672,8064.000000,0.000000,4.000000,,,,0.000000,4.000000,4.000000,4.000000,4.000000,4.000000,4.000000,4.000000,4.000000,4.000000,4.000000,4.000000,4.000000,4.000000,4.000000,4.000000,4.000000,4.000000,4.000000,2.000000,4.000000,4.000000,4.000000,4.000000,4.000000,4.000000,4.000000,4.000000,4.000000,4.000000,4.000000,4.000000,4.000000,83.333336
1614076742.009019,112.000000,0.000000,4.436635,7.508982,4.181518,8.990584,10.986568,6.280703,3.201828,11.999251,7.867867,13.530430,7.773309,5.950098,36.314140,20.497025,14.348405,168.714096,21.334110,-4.578890,30.918068,-33.998840,3.803718,9.840399,12.302674,12.440377,21.523510,12.582556,18.725269,7.379542,-0.185725,13.657679,9.128213,8.982680,8064.000000,0.000000,4.000000,,,,0.000000,4.000000,4.000000,4.000000,4.000000,4.000000,4.000000,4.000000,4.000000,4.000000,4.000000,4.000000,4.000000,4.000000,4.000000,4.000000,4.000000,4.000000,4.000000,2.000000,4.000000,4.000000,4.000000,4.000000,4.000000,4.000000,4.000000,4.000000,4.000000,4.000000,4.000000,4.000000,4.000000,83.333336
1614076742.016768,113.000000,0.000000,5.457840,6.988653,14.946568,13.084158,30.975582,12.428267,2.685806,10.961611,10.936922,22.234848,12.893741,10.046712,32.175262,27.143194,14.334057,152.135117,20.799955,-12.779440,36.015354,-31.913559,8.928120,11.369020,11.777551,24.222809,22.014807,14.621256,17.680902,7.372162,2.378563,15.695303,15.272931,21.794210,8064.000000,0.000000,4.000000,,,,0.000000,4.000000,4.000000,4.000000,4.000000,4.000000,4.000000,4.000000,4.000000,4.000000,4.000000,4.000000,4.000000,4.000000,4.000000,4.000000,4.000000,4.000000,4.000000,2.000000,4.000000,4.000000,4.000000,4.000000,4.000000,4.000000,4.000000,4.000000,4.000000,4.000000,4.000000,4.000000,4.000000,83.333336
1614076742.024617,114.000000,0.000000,4.939561,6.981664,21.598288,12.045433,31.457428,12.415839,5.247223,18.642958,14.515729,28.879280,17.496231,11.062306,27.014881,30.705793,13.294082,148.393250,20.266336,-8.151276,33.415237,-29.830364,5.329448,11.870471,8.688850,24.198586,21.992792,14.093814,17.663221,6.339149,3.401825,14.141147,15.770478,20.233955,8064.000000,0.000000,4.000000,,,,0.000000,4.000000,4.000000,4.000000,4.000000,4.000000,4.000000,4.000000,4.000000,4.000000,4.000000,4.000000,4.000000,4.000000,4.000000,4.000000,4.000000,4.000000,4.000000,2.000000,4.000000,4.000000,4.000000,4.000000,4.000000,4.000000,4.000000,4.000000,4.000000,4.000000,4.000000,4.000000,4.000000,83.333336
1614076742.032366,115.000000,0.000000,4.934622,7.487503,21.063869,15.110311,23.220842,11.890603,7.806078,31.444826,17.578136,29.876041,18.504375,10.538424,26.987865,29.136627,12.255146,152.860229,21.271711,-3.527740,36.458744,-29.800533,4.298477,9.294498,9.192982,22.635925,21.457979,14.079720,16.619917,6.845630,2.885603,15.152646,13.190605,15.085516,8064.000000,0.000000,4.000000,,,,0.000000,4.000000,4.000000,4.000000,4.000000,4.000000,4.000000,4.000000,4.000000,4.000000,4.000000,4.000000,4.000000,4.000000,4.000000,4.000000,4.000000,4.000000,4.000000,2.000000,4.000000,4.000000,4.000000,4.000000,4.000000,4.000000,4.000000,4.000000,4.000000,4.000000,4.000000,4.000000,4.000000,83.333336
1614076742.040215,116.000000,0.000000,4.929688,7.480015,21.042805,16.120840,24.736082,12.391533,6.772631,20.644152,17.047737,27.282063,17.460232,10.527884,22.345493,26.543386,6.601866,151.681732,19.711977,-13.267801,39.499210,-35.924580,3.781358,9.798024,8.670969,23.126110,17.333958,14.578461,14.039195,7.351605,3.908358,15.137494,13.177415,16.608892,8064.000000,0.000000,4.000000,,,,0.000000,4.000000,4.000000,4.000000,4.000000,4.000000,4.000000,4.000000,4.000000,4.000000,4.000000,4.000000,4.000000,4.000000,4.000000,4.000000,4.000000,4.000000,4.000000,2.000000,4.000000,4.000000,4.000000,4.000000,4.000000,4.000000,4.000000,4.000000,4.000000,4.000000,4.000000,4.000000,4.000000,83.333336
1614076742.047964,117.000000,0.000000,4.924757,7.472536,21.534582,16.617540,27.788269,12.379142,8.304320,8.828635,16.517870,28.793243,17.955591,10.517357,19.246225,26.004023,5.569623,158.709534,19.692265,-7.613508,33.305862,-37.427116,5.316039,17.480534,8.149477,24.641447,18.855085,14.051062,13.512335,6.831433,6.468553,15.635177,13.677058,19.156385,8064.000000,0.000000,4.000000,,,,0.000000,4.000000,4.000000,4.000000,4.000000,4.000000,4.000000,4.000000,4.000000,4.000000,4.000000,4.000000,4.000000,4.000000,4.000000,4.000000,4.000000,4.000000,4.000000,2.000000,4.000000,4.000000,4.000000,4.000000,4.000000,4.000000,4.000000,4.000000,4.000000,4.000000,4.000000,4.000000,4.000000,83.333336
1614076742.055813,118.000000,0.000000,4.919833,7.465063,21.000227,18.652205,27.247660,11.853942,13.424221,19.076218,17.526993,30.302910,18.963276,11.019660,20.252619,28.029301,7.102515,162.140579,18.134111,2.650516,23.016148,-42.005074,-2.381585,11.309207,9.166968,22.565523,17.297768,14.037011,11.960361,6.824602,7.487725,11.004157,13.663381,19.137230,8064.000000,0.000000,4.000000,,,,0.000000,4.000000,4.000000,4.000000,4.000000,4.000000,4.000000,4.000000,4.000000,4.000000,4.000000,4.000000,4.000000,4.000000,4.000000,4.000000,4.000000,4.000000,4.000000,2.000000,4.000000,4.000000,4.000000,4.000000,4.000000,4.000000,4.000000,4.000000,4.000000,4.000000,4.000000,4.000000,4.000000,83.333336
1614076742.063562,119.000000,0.000000,4.914913,7.457598,21.492048,16.069450,25.681952,10.816447,13.923617,21.108423,14.945363,18.477736,13.303288,10.495820,15.104161,22.873066,0.941566,137.363052,10.423670,-25.044443,17.352106,-61.450249,-24.943306,-8.189281,6.593699,11.773726,0.870214,14.535794,7.333016,6.817777,6.967417,0.736742,13.136897,13.989887,8064.000000,0.000000,4.000000,,,,0.000000,4.000000,4.000000,4.000000,4.000000,4.000000,4.000000,4.000000,4.000000,4.000000,4.000000,4.000000,4.000000,4.000000,4.000000,4.000000,4.000000,4.000000,4.000000,2.000000,4.000000,4.000000,4.000000,4.000000,4.000000,4.000000,4.000000,4.000000,4.000000,4.000000,4.000000,4.000000,4.000000,83.333336
1614076742.071411,120.000000,0.000000,4.909998,7.450140,18.393633,12.463637,15.912680,8.754349,8.781488,5.702699,8.776571,-1.027921,3.546395,8.434042,12.012135,5.414296,-7.777324,114.148766,3.233759,-56.301449,18.360395,-75.234955,-42.867081,-7.668272,5.561464,0.479901,-13.489631,11.957156,5.787222,6.810959,6.960449,-4.905020,9.021196,5.770769,8064.000000,0.000000,4.000000,,,,0.000000,4.000000,4.000000,4.000000,4.000000,4.000000,4.000000,4.000000,4.000000,4.000000,4.000000,4.000000,4.000000,4.000000,4.000000,4.000000,4.000000,4.000000,4.000000,2.000000,4.000000,4.000000,4.000000,4.000000,4.000000,4.000000,4.000000,4.000000,4.000000,4.000000,4.000000,4.000000,4.000000,83.333336
1614076742.079160,121.000000,0.000000,4.905088,7.442690,8.631649,11.425532,5.127536,6.694312,6.721425,-1.482491,4.665231,-10.770483,-1.072536,6.887146,15.077045,-7.924451,-6.743906,126.342308,11.948474,-42.398994,18.342033,-61.826382,-42.824215,9.775294,12.735390,-1.571861,-10.399218,7.329814,6.294255,6.804148,7.466310,-4.387294,5.422431,-0.388848,8064.000000,0.000000,4.000000,,,,0.000000,4.000000,4.000000,4.000000,4.000000,4.000000,4.000000,4.000000,4.000000,4.000000,4.000000,4.000000,4.000000,4.000000,4.000000,4.000000,4.000000,4.000000,4.000000,2.000000,4.000000,4.000000,4.000000,4.000000,4.000000,4.000000,4.000000,4.000000,4.000000,4.000000,4.000000,4.000000,4.000000,83.333336
1614076742.086809,122.000000,0.000000,4.900183,7.435247,1.956351,7.824364,3.071126,5.149156,7.740345,0.570274,5.173386,-10.246892,-1.071464,6.880259,16.600430,-7.916527,1.467966,142.626221,24.757038,-20.305313,15.246769,-40.226093,-35.089081,12.329621,17.338039,2.532275,-4.234972,6.809664,6.800781,6.797344,6.946023,-4.382907,5.417009,-0.388459,8064.000000,0.000000,4.000000,,,,0.000000,4.000000,4.000000,4.000000,4.000000,4.000000,4.000000,4.000000,4.000000,4.000000,4.000000,4.000000,4.000000,4.000000,4.000000,4.000000,4.000000,4.000000,4.000000,2.000000,4.000000,4.000000,4.000000,4.000000,4.000000,4.000000,4.000000,4.000000,4.000000,4.000000,4.000000,4.000000,4.000000,83.333336
1614076742.094558,123.000000,0.000000,4.895283,7.427812,1.954394,4.226796,3.580876,4.118366,7.219784,1.595344,5.681033,-4.595619,-1.583213,6.873379,16.583830,-1.754764,5.569062,140.945129,26.783564,-19.772186,20.359728,-31.980742,-22.746300,5.137805,13.730958,8.683589,-4.743558,7.315675,9.358083,6.790547,6.939076,-3.865704,6.437233,-0.900891,8064.000000,0.000000,4.000000,,,,0.000000,4.000000,4.000000,4.000000,4.000000,4.000000,4.000000,4.000000,4.000000,4.000000,4.000000,4.000000,4.000000,4.000000,4.000000,4.000000,4.000000,4.000000,4.000000,2.000000,4.000000,4.000000,4.000000,4.000000,4.000000,4.000000,4.000000,4.000000,4.000000,4.000000,4.000000,4.000000,4.000000,83.333336
1614076742.102207,124.000000,0.000000,4.890388,7.420384,2.465261,6.786671,5.628577,4.114248,6.699743,5.696313,5.162532,8.229489,0.982473,7.379326,23.746733,8.503401,6.589134,147.983673,24.705498,-18.213953,27.006035,-34.512863,-9.903042,7.183949,13.204407,12.777470,-1.661891,6.795538,9.861546,6.783756,6.932137,-1.297735,5.405155,-0.899990,8064.000000,0.000000,4.000000,,,,0.000000,4.000000,4.000000,4.000000,4.000000,4.000000,4.000000,4.000000,4.000000,4.000000,4.000000,4.000000,4.000000,4.000000,4.000000,4.000000,4.000000,4.000000,4.000000,2.000000,4.000000,4.000000,4.000000,4.000000,4.000000,4.000000,4.000000,4.000000,4.000000,4.000000,4.000000,4.000000,4.000000,83.333336
1614076742.109957,125.000000,0.000000,4.885497,7.412964,1.437154,8.831167,13.828076,5.135775,7.718685,7.229078,5.157369,15.913568,8.160977,6.859126,28.338371,17.725666,5.044084,153.476715,22.116690,-25.888048,16.209797,-32.939888,-6.303395,9.228046,11.652740,11.739051,2.955155,7.301564,3.697838,6.776973,4.873923,0.242024,5.912570,-0.386270,8192.000000,0.000000,4.000000,,,,0.000000,4.000000,4.000000,4.000000,4.000000,4.000000,4.000000,4.000000,4.000000,4.000000,4.000000,4.000000,4.000000,4.000000,4.000000,4.000000,4.000000,4.000000,4.000000,2.000000,4.000000,4.000000,4.000000,4.000000,4.000000,4.000000,4.000000,4.000000,4.000000,4.000000,4.000000,4.000000,4.000000,83.333336
1614076742.117606,126.000000,0.000000,5.393432,7.405551,2.461358,5.745412,13.814249,2.566536,5.146863,5.683388,5.665032,8.718166,11.742560,0.698421,20.617723,15.656659,2.987757,133.836060,14.915086,-40.733955,12.091023,-30.855667,-7.322732,-0.524771,0.359036,12.240132,2.952200,5.242980,-1.434065,6.770195,3.330588,-0.271039,5.906657,-1.411525,8064.000000,0.000000,4.000000,,,,0.000000,4.000000,4.000000,4.000000,4.000000,4.000000,4.000000,4.000000,4.000000,4.000000,4.000000,4.000000,4.000000,4.000000,4.000000,4.000000,4.000000,4.000000,4.000000,2.000000,4.000000,4.000000,4.000000,4.000000,4.000000,4.000000,4.000000,4.000000,4.000000,4.000000,4.000000,4.000000,4.000000,83.333336
1614076742.125355,127.000000,0.000000,3.336757,7.398146,2.458897,4.201206,7.646588,-2.051415,0.526332,9.267448,5.659367,2.555602,9.679536,-4.430482,12.391978,11.538438,2.984770,133.702225,8.746325,-26.847067,35.155857,-38.004299,-4.751307,-11.293477,-7.333631,13.766355,0.385145,-2.967391,-1.432631,6.763425,3.327257,0.242053,3.849468,-3.461395,8064.000000,0.000000,4.000000,,,,0.000000,4.000000,4.000000,4.000000,4.000000,4.000000,4.000000,4.000000,4.000000,4.000000,4.000000,4.000000,4.000000,4.000000,4.000000,4.000000,4.000000,4.000000,4.000000,2.000000,4.000000,4.000000,4.000000,4.000000,4.000000,4.000000,4.000000,4.000000,4.000000,4.000000,4.000000,4.000000,4.000000,83.333336
1614076742.133004,0.000000,0.000000,1.282138,7.390748,2.456438,5.222645,11.228685,-2.562184,-0.499835,12.335104,5.653708,4.091508,7.618574,-4.426052,12.379586,12.039721,1.443323,154.594162,5.147834,-12.974066,35.120701,-47.197063,-9.874761,-13.333466,-6.813476,4.521819,-0.640881,-8.092629,-0.918378,6.756662,3.323930,-0.271010,2.307158,-3.970754,0.000000,186.000000,4.000000,,,,0.000000,4.000000,4.000000,4.000000,4.000000,4.000000,4.000000,4.000000,4.000000,4.000000,4.000000,4.000000,4.000000,4.000000,4.000000,4.000000,4.000000,4.000000,4.000000,2.000000,4.000000,4.000000,4.000000,4.000000,4.000000,4.000000,4.000000,4.000000,4.000000,4.000000,4.000000,4.000000,4.000000,83.333336
1614076742.140753,1.000000,0.000000,0.768035,7.383357,5.018084,4.704602,19.422585,1.030122,0.013485,9.245846,5.648054,6.138699,6.585314,-3.908806,12.880028,12.027680,-3.173505,138.542130,-1.011160,-38.089298,2.777887,-50.226788,-25.762321,-10.756029,-6.806663,-6.251934,-0.640240,-8.084537,-1.430280,6.749905,3.320606,0.242082,2.304850,-3.966784,0.000000,197.000000,4.000000,,,,0.000000,4.000000,4.000000,4.000000,4.000000,4.000000,4.000000,4.000000,4.000000,4.000000,4.000000,4.000000,4.000000,4.000000,4.000000,4.000000,4.000000,4.000000,4.000000,2.000000,4.000000,4.000000,4.000000,4.000000,4.000000,4.000000,4.000000,4.000000,4.000000,4.000000,4.000000,4.000000,4.000000,83.333336
1614076742.148402,2.000000,0.000000,1.280088,7.888794,5.013066,4.699898,18.890341,1.029092,-0.499349,7.698138,6.155227,6.645380,6.578729,-4.417717,11.841506,10.990012,-5.734434,114.813843,-3.574251,-50.871719,2.775109,-48.638100,-35.480148,-12.283735,-7.312676,-8.809785,-0.639600,-7.563632,-1.941670,6.743155,3.830106,0.241840,2.302546,-3.449996,0.000000,199.000000,4.000000,,,,0.000000,4.000000,4.000000,4.000000,4.000000,4.000000,4.000000,4.000000,4.000000,4.000000,4.000000,4.000000,4.000000,4.000000,4.000000,4.000000,4.000000,4.000000,4.000000,2.000000,4.000000,4.000000,4.000000,4.000000,4.000000,4.000000,4.000000,4.000000,4.000000,4.000000,4.000000,4.000000,4.000000,83.333336
1614076742.156151,3.000000,0.000000,1.278808,6.342443,-0.632973,5.208018,13.743246,1.028062,-0.498850,8.716081,5.636251,5.613094,7.084971,-3.900479,12.342485,11.491842,-4.703058,133.160568,-3.057856,-33.384953,27.900539,-48.589462,-35.957489,-15.861195,-5.766902,-7.262513,-2.177422,-8.068889,-1.426908,6.736412,2.287814,-4.373786,2.300243,-3.446546,0.000000,196.000000,4.000000,,,,0.000000,4.000000,4.000000,4.000000,4.000000,4.000000,4.000000,4.000000,4.000000,4.000000,4.000000,4.000000,4.000000,4.000000,4.000000,4.000000,4.000000,4.000000,4.000000,2.000000,4.000000,4.000000,4.000000,4.000000,4.000000,4.000000,4.000000,4.000000,4.000000,4.000000,4.000000,4.000000,4.000000,83.333336
1614076742.163801,4.000000,0.000000,1.277529,4.284819,-5.247725,3.664349,12.191041,1.539855,0.014470,6.656083,3.066512,-0.033545,6.565065,-4.409399,12.842963,9.429069,-5.211175,141.745361,-4.593260,-39.505413,15.052126,-50.079334,-41.049736,-11.742769,-7.812418,-6.742430,-5.764988,-8.060820,-0.399840,6.729676,-0.278576,-10.010439,2.297943,-8.058484,0.000000,191.000000,4.000000,,,,0.000000,4.000000,4.000000,4.000000,4.000000,4.000000,4.000000,4.000000,4.000000,4.000000,4.000000,4.000000,4.000000,4.000000,4.000000,4.000000,4.000000,4.000000,4.000000,2.000000,4.000000,4.000000,4.000000,4.000000,4.000000,4.000000,4.000000,4.000000,4.000000,4.000000,4.000000,4.000000,4.000000,83.333336
1614076742.171550,5.000000,0.000000,0.763431,3.254893,-5.242477,1.609402,11.666030,-2.051429,-0.498365,4.085324,1.524984,-5.161716,4.507218,-3.892169,12.317300,4.804255,-5.205965,126.731819,4.642103,-54.337700,-3.937286,-46.952332,-41.008686,-5.577180,-4.214861,-8.274149,-8.836146,-7.539938,-1.937902,6.722946,-0.791118,-11.538890,0.244363,-13.691451,0.000000,194.000000,4.000000,,,,0.000000,4.000000,4.000000,4.000000,4.000000,4.000000,4.000000,4.000000,4.000000,4.000000,4.000000,4.000000,4.000000,4.000000,4.000000,4.000000,4.000000,4.000000,4.000000,2.000000,4.000000,4.000000,4.000000,4.000000,4.000000,4.000000,4.000000,4.000000,4.000000,4.000000,4.000000,4.000000,4.000000,83.333336
1614076742.179199,6.000000,0.000000,1.788308,3.764459,-4.724414,0.582152,11.654364,-6.151941,2.579056,4.081239,2.036279,-5.669375,2.451429,0.727108,12.817803,3.773809,-1.098194,142.502518,21.560537,-33.257721,17.605114,-34.597687,-23.018961,-5.058783,10.661148,-7.240234,-7.288848,-3.942654,0.115318,7.229043,-0.277506,-12.040172,-1.294343,-14.703402,0.000000,200.000000,4.000000,,,,0.000000,4.000000,4.000000,4.000000,4.000000,4.000000,4.000000,4.000000,4.000000,4.000000,4.000000,4.000000,4.000000,4.000000,4.000000,4.000000,4.000000,4.000000,4.000000,2.000000,4.000000,4.000000,4.000000,4.000000,4.000000,4.000000,4.000000,4.000000,4.000000,4.000000,4.000000,4.000000,4.000000,83.333336
1614076742.186948,7.000000,0.000000,4.350623,3.760694,-4.719689,1.094390,11.129889,-4.607328,7.191862,4.589978,1.521423,-5.663706,2.961798,3.803304,15.369088,6.334138,3.005468,168.513870,24.615900,-8.096260,39.125969,-23.793859,-0.944660,1.100122,21.419718,6.613160,0.923569,-0.861789,12.422895,7.221815,-0.277229,-8.438388,-1.805869,-15.201518,0.000000,171.000000,4.000000,,,,0.000000,4.000000,4.000000,4.000000,4.000000,4.000000,4.000000,4.000000,4.000000,4.000000,4.000000,4.000000,4.000000,4.000000,4.000000,4.000000,4.000000,4.000000,4.000000,2.000000,4.000000,4.000000,4.000000,4.000000,4.000000,4.000000,4.000000,4.000000,4.000000,4.000000,4.000000,4.000000,4.000000,83.333336
1614076742.194597,8.000000,0.000000,5.371913,3.756933,-5.227790,1.093296,11.118759,-2.038618,7.697490,4.585388,1.519901,-0.529837,2.958836,3.799500,17.405001,9.404727,3.515283,161.165863,20.488720,-4.498420,39.086845,-20.693142,12.389618,19.047739,19.347015,25.068085,9.640594,0.164714,18.051498,6.701772,-0.276952,-1.763282,-0.778422,-14.673496,0.000000,218.000000,4.000000,,,,0.000000,4.000000,4.000000,4.000000,4.000000,4.000000,4.000000,4.000000,4.000000,4.000000,4.000000,4.000000,4.000000,4.000000,4.000000,4.000000,4.000000,4.000000,4.000000,2.000000,4.000000,4.000000,4.000000,4.000000,4.000000,4.000000,4.000000,4.000000,4.000000,4.000000,4.000000,4.000000,4.000000,83.333336
1614076742.202446,9.000000,0.000000,4.853721,3.753177,-4.709742,1.092203,11.620461,-2.549400,7.689793,4.580803,4.082484,10.239923,3.468698,3.282880,16.874775,10.933784,2.998947,146.132904,20.981052,-8.083665,42.124680,-20.159628,14.941331,20.054333,15.225105,32.735325,9.630954,0.164549,11.366779,7.207891,-0.276675,-0.735878,-1.290465,-11.581900,0.000000,198.000000,4.000000,,,,0.000000,4.000000,4.000000,4.000000,4.000000,4.000000,4.000000,4.000000,4.000000,4.000000,4.000000,4.000000,4.000000,4.000000,4.000000,4.000000,4.000000,4.000000,4.000000,2.000000,4.000000,4.000000,4.000000,4.000000,4.000000,4.000000,4.000000,4.000000,4.000000,4.000000,4.000000,4.000000,4.000000,83.333336
1614076742.210195,10.000000,0.000000,5.361687,3.749424,-4.192212,1.603931,12.121661,-2.546850,8.194923,4.576222,5.616863,14.845068,3.465229,3.792418,16.345079,11.435671,2.483128,143.422668,14.806225,-22.434555,34.903069,-32.447163,-3.535149,-2.529824,10.594495,31.164127,3.980297,-0.861256,7.765669,7.200683,0.236423,-2.273604,-3.340456,-12.083138,0.000000,183.000000,4.000000,,,,0.000000,4.000000,4.000000,4.000000,4.000000,4.000000,4.000000,4.000000,4.000000,4.000000,4.000000,4.000000,4.000000,4.000000,4.000000,4.000000,4.000000,4.000000,4.000000,2.000000,4.000000,4.000000,4.000000,4.000000,4.000000,4.000000,4.000000,4.000000,4.000000,4.000000,4.000000,4.000000,4.000000,83.333336
1614076742.218044,11.000000,0.000000,4.330685,4.258494,-5.726481,1.602327,12.109539,-2.544303,3.058523,4.571646,6.124067,14.317403,2.948944,3.275805,17.354376,13.475517,2.480645,146.356171,0.432444,-42.412121,8.714319,-58.055740,-32.762383,-13.296525,2.891593,20.876553,2.437855,-4.450139,2.629699,2.065277,0.236186,-3.296971,-4.875577,-16.173618,0.000000,200.000000,4.000000,,,,0.000000,4.000000,4.000000,4.000000,4.000000,4.000000,4.000000,4.000000,4.000000,4.000000,4.000000,4.000000,4.000000,4.000000,4.000000,4.000000,4.000000,4.000000,4.000000,2.000000,4.000000,4.000000,4.000000,4.000000,4.000000,4.000000,4.000000,4.000000,4.000000,4.000000,4.000000,4.000000,4.000000,83.333336
1614076742.225793,12.000000,0.000000,1.762251,4.254236,-8.284857,-1.476199,11.584609,-2.028939,-3.611202,5.079895,6.117943,14.303085,3.971636,3.272529,15.798560,15.000504,2.990984,149.286743,-4.696194,-44.933811,3.064579,-67.228455,-39.909107,-3.539639,-2.752324,2.906959,3.461058,-7.522612,-10.706264,-4.090634,-4.379435,-13.037264,-4.357881,-18.208727,0.000000,209.000000,4.000000,,,,0.000000,4.000000,4.000000,4.000000,4.000000,4.000000,4.000000,4.000000,4.000000,4.000000,4.000000,4.000000,4.000000,4.000000,4.000000,4.000000,4.000000,4.000000,4.000000,2.000000,4.000000,4.000000,4.000000,4.000000,4.000000,4.000000,4.000000,4.000000,4.000000,4.000000,4.000000,4.000000,4.000000,83.333336
1614076742.233642,13.000000,0.000000,0.734848,3.737161,-7.763752,-2.500363,12.598665,-2.026910,-4.633232,4.049174,5.599004,12.750320,2.942023,3.782077,10.141736,8.318836,-4.704314,127.598991,-2.127395,-47.452980,14.343566,-63.058659,-32.689713,-5.074560,-2.749572,-7.865179,2.944777,-8.027909,-18.387865,-5.112185,-7.964799,-21.742176,-5.891985,-20.754622,0.000000,181.000000,4.000000,,,,0.000000,4.000000,4.000000,4.000000,4.000000,4.000000,4.000000,4.000000,4.000000,4.000000,4.000000,4.000000,4.000000,4.000000,4.000000,4.000000,4.000000,4.000000,4.000000,2.000000,4.000000,4.000000,4.000000,4.000000,4.000000,4.000000,4.000000,4.000000,4.000000,4.000000,4.000000,4.000000,4.000000,83.333336
1614076742.241391,14.000000,0.000000,1.246934,4.246244,-8.268808,-1.472222,11.047606,-5.101806,-3.602957,1.481022,6.619046,8.635006,-3.727586,1.727013,3.464927,-1.945893,-17.520123,95.163696,-2.638088,-64.328606,4.072812,-69.662270,-43.426254,-17.889999,-2.746822,-6.831673,2.429011,-7.507061,-14.266914,-4.081431,-7.444014,-20.181973,-7.424554,-24.836432,0.000000,226.000000,4.000000,,,,0.000000,4.000000,4.000000,4.000000,4.000000,4.000000,4.000000,4.000000,4.000000,4.000000,4.000000,4.000000,4.000000,4.000000,4.000000,4.000000,4.000000,4.000000,4.000000,2.000000,4.000000,4.000000,4.000000,4.000000,4.000000,4.000000,4.000000,4.000000,4.000000,4.000000,4.000000,4.000000,4.000000,83.333336
1614076742.249240,15.000000,0.000000,1.245687,4.241998,-12.875924,-5.573314,1.805789,-9.712089,-4.112175,0.453900,5.586786,4.010987,-8.339243,-0.325996,1.923001,-5.020870,-18.528244,92.504433,-3.148270,-56.059147,-4.649209,-73.182350,-53.126415,-13.769545,-2.744076,-9.388944,2.939403,-7.499554,-11.688544,-4.590170,-8.462211,-19.648970,-8.955591,-26.350056,0.000000,225.000000,4.000000,,,,0.000000,4.000000,4.000000,4.000000,4.000000,4.000000,4.000000,4.000000,4.000000,4.000000,4.000000,4.000000,4.000000,4.000000,4.000000,4.000000,4.000000,4.000000,4.000000,2.000000,4.000000,4.000000,4.000000,4.000000,4.000000,4.000000,4.000000,4.000000,4.000000,4.000000,4.000000,4.000000,4.000000,83.333336
1614076742.256989,16.000000,0.000000,1.244441,0.135192,-16.452791,-13.772869,-5.888325,-10.728018,-4.108063,0.966267,-1.085467,-4.198153,-8.843724,-0.838490,1.408257,-3.990208,-7.740485,125.232437,-0.581020,-23.695396,15.868260,-55.673271,-34.611752,1.116020,-2.741331,-11.943657,2.936463,-8.004875,-13.728138,-4.585580,-11.017851,-21.167782,-12.536379,-25.298065,0.000000,175.000000,4.000000,,,,0.000000,4.000000,4.000000,4.000000,4.000000,4.000000,4.000000,4.000000,4.000000,4.000000,4.000000,4.000000,4.000000,4.000000,4.000000,4.000000,4.000000,4.000000,4.000000,2.000000,4.000000,4.000000,4.000000,4.000000,4.000000,4.000000,4.000000,4.000000,4.000000,4.000000,4.000000,4.000000,4.000000,83.333336
1614076742.264838,17.000000,0.000000,1.243197,-3.967507,-15.923518,-17.861660,-6.908078,-10.204469,-4.103955,0.965300,-8.776690,-9.834980,-8.834880,-0.837652,0.894029,-3.473398,-0.553257,146.645676,3.009305,-24.184521,25.083160,-40.232983,-18.166883,3.679007,-2.225770,-4.752226,2.420707,-6.971229,-10.637486,-4.068174,-11.519653,-17.044050,-16.113586,-25.272766,0.000000,178.000000,4.000000,,,,0.000000,4.000000,4.000000,4.000000,4.000000,4.000000,4.000000,4.000000,4.000000,4.000000,4.000000,4.000000,4.000000,4.000000,4.000000,4.000000,4.000000,4.000000,4.000000,2.000000,4.000000,4.000000,4.000000,4.000000,4.000000,4.000000,4.000000,4.000000,4.000000,4.000000,4.000000,4.000000,4.000000,83.333336
1614076742.272587,18.000000,0.000000,1.241954,-3.963540,-15.394774,-17.843798,-8.952452,-9.681444,-3.587030,0.451514,-10.819195,-9.312325,-7.287584,0.701647,3.970058,-3.469924,-0.552704,140.858002,5.057578,-50.827003,13.776027,-38.654285,-17.635895,-1.452878,-2.223544,2.944834,4.469568,-4.400155,-1.396080,-4.064106,-11.508134,-14.975724,-16.097473,-25.247494,0.000000,191.000000,4.000000,,,,0.000000,4.000000,4.000000,4.000000,4.000000,4.000000,4.000000,4.000000,4.000000,4.000000,4.000000,4.000000,4.000000,4.000000,4.000000,4.000000,4.000000,4.000000,4.000000,2.000000,4.000000,4.000000,4.000000,4.000000,4.000000,4.000000,4.000000,4.000000,4.000000,4.000000,4.000000,4.000000,4.000000,83.333336
1614076742.280436,19.000000,0.000000,1.240712,-4.472396,-15.892200,-16.287493,-10.481960,-10.184584,-3.583443,0.451063,-8.244273,-9.815832,0.412011,2.752228,8.581472,-0.902352,-1.577792,140.717133,5.052520,-38.468483,23.505840,-38.615631,-3.772106,2.138319,-2.221320,6.018812,6.516380,-3.370114,6.810444,-4.060042,-10.983806,-12.396646,-16.081375,-25.735067,0.000000,201.000000,4.000000,,,,0.000000,4.000000,4.000000,4.000000,4.000000,4.000000,4.000000,4.000000,4.000000,4.000000,4.000000,4.000000,4.000000,4.000000,4.000000,4.000000,4.000000,4.000000,4.000000,2.000000,4.000000,4.000000,4.000000,4.000000,4.000000,4.000000,4.000000,4.000000,4.000000,4.000000,4.000000,4.000000,4.000000,83.333336
1614076742.288185,20.000000,0.000000,1.239471,-2.929462,-15.876308,-14.732744,-2.779171,-11.200040,-4.092680,1.989073,-2.595003,-5.190632,6.565445,2.236655,9.085711,13.457525,0.987888,157.499496,5.047468,-5.609503,41.943874,-34.987274,13.667563,7.777206,-2.219099,9.602537,6.509864,-3.879564,7.316454,-4.055982,-8.921539,-3.153480,-14.526833,-25.196512,0.000000,193.000000,4.000000,,,,0.000000,4.000000,4.000000,4.000000,4.000000,4.000000,4.000000,4.000000,4.000000,4.000000,4.000000,4.000000,4.000000,4.000000,4.000000,4.000000,4.000000,4.000000,4.000000,2.000000,4.000000,4.000000,4.000000,4.000000,4.000000,4.000000,4.000000,4.000000,4.000000,4.000000,4.000000,4.000000,4.000000,83.333336
1614076742.296034,21.000000,0.000000,1.238231,2.201672,-15.347611,-13.179549,4.915916,-6.060635,-1.524485,4.551187,2.022976,5.583789,9.635803,4.798521,11.640728,29.341503,6.115106,172.213791,5.555241,-13.809022,29.081417,-33.926643,4.935947,4.692506,-2.216880,13.182678,6.503354,-3.875685,6.283497,-4.051926,-7.374156,1.977879,-12.461023,-23.120033,0.000000,194.000000,4.000000,,,,0.000000,4.000000,4.000000,4.000000,4.000000,4.000000,4.000000,4.000000,4.000000,4.000000,4.000000,4.000000,4.000000,4.000000,4.000000,4.000000,4.000000,4.000000,4.000000,2.000000,4.000000,4.000000,4.000000,4.000000,4.000000,4.000000,4.000000,4.000000,4.000000,4.000000,4.000000,4.000000,4.000000,83.333336
1614076742.303783,22.000000,0.000000,1.236993,4.250752,-12.768161,-11.115088,4.911000,2.663375,2.579604,5.059456,2.533774,10.706410,11.677449,7.357825,14.193190,24.696777,3.032068,159.221069,4.011224,-35.846493,11.616437,-41.585026,-14.043347,-0.440392,-2.214663,12.656674,7.522491,-3.871809,7.815675,-4.047874,-6.853961,0.437440,-11.935742,-21.558451,0.000000,172.000000,4.000000,,,,0.000000,4.000000,4.000000,4.000000,4.000000,4.000000,4.000000,4.000000,4.000000,4.000000,4.000000,4.000000,4.000000,4.000000,4.000000,4.000000,4.000000,4.000000,4.000000,2.000000,4.000000,4.000000,4.000000,4.000000,4.000000,4.000000,4.000000,4.000000,4.000000,4.000000,4.000000,4.000000,4.000000,83.333336
1614076742.311433,23.000000,0.000000,1.748577,4.246502,-11.729752,-7.514229,3.367627,6.250455,4.115486,4.541576,2.018420,9.670063,8.588849,-1.880302,5.461048,10.825927,-9.791477,126.754158,1.955931,-32.733727,16.220205,-55.389595,-24.798534,0.585690,-3.750910,10.592736,4.438046,-3.867937,4.730936,-4.043826,-4.795825,-0.075818,-11.410986,-20.511251,0.000000,199.000000,4.000000,,,,0.000000,4.000000,4.000000,4.000000,4.000000,4.000000,4.000000,4.000000,4.000000,4.000000,4.000000,4.000000,4.000000,4.000000,4.000000,4.000000,4.000000,4.000000,4.000000,2.000000,4.000000,4.000000,4.000000,4.000000,4.000000,4.000000,4.000000,4.000000,4.000000,4.000000,4.000000,4.000000,4.000000,83.333336
1614076742.319182,24.000000,0.000000,-0.304454,6.806358,-11.718022,-5.455433,5.928362,4.705743,3.598550,4.537035,2.016401,9.660393,-0.650509,-11.622012,-6.339285,7.225357,-19.525276,105.601761,0.415513,-42.444580,8.511678,-64.564972,-37.081429,-4.030281,-5.798441,7.505220,-0.694597,-3.864069,-2.453282,-4.039782,-3.252568,0.437078,-8.835472,-18.439459,0.000000,198.000000,4.000000,,,,0.000000,4.000000,4.000000,4.000000,4.000000,4.000000,4.000000,4.000000,4.000000,4.000000,4.000000,4.000000,4.000000,4.000000,4.000000,4.000000,4.000000,4.000000,4.000000,2.000000,4.000000,4.000000,4.000000,4.000000,4.000000,4.000000,4.000000,4.000000,4.000000,4.000000,4.000000,4.000000,4.000000,83.333336
1614076742.326831,25.000000,0.000000,-2.355432,8.338013,-11.706305,-5.962798,7.973716,5.213858,3.594951,5.045318,2.527205,10.163553,-6.803705,-4.943723,-4.794484,6.705311,-21.557032,103.957695,1.440739,-64.966240,-11.496834,-67.577332,-45.249477,-16.846764,-6.818284,4.933612,-1.719543,-3.860205,-6.040572,-4.035742,-3.762136,-0.076180,-7.800996,-17.395378,0.000000,176.000000,4.000000,,,,0.000000,4.000000,4.000000,4.000000,4.000000,4.000000,4.000000,4.000000,4.000000,4.000000,4.000000,4.000000,4.000000,4.000000,4.000000,4.000000,4.000000,4.000000,4.000000,2.000000,4.000000,4.000000,4.000000,4.000000,4.000000,4.000000,4.000000,4.000000,4.000000,4.000000,4.000000,4.000000,4.000000,83.333336
1614076742.334580,26.000000,0.000000,-2.865897,7.304034,-12.207418,-6.469656,8.478562,5.208644,4.104177,4.527452,4.575960,9.640569,-3.207158,4.291990,3.415439,3.108862,-12.817527,111.546043,4.516221,-47.465374,1.847996,-65.971291,-43.152943,-18.368378,-5.273004,3.903038,-1.205003,-3.856345,-4.496070,-4.031707,-3.758374,0.436717,-8.306015,-17.890802,0.000000,128.000000,4.000000,,,,0.000000,4.000000,4.000000,4.000000,4.000000,4.000000,4.000000,4.000000,4.000000,4.000000,4.000000,4.000000,4.000000,4.000000,4.000000,4.000000,4.000000,4.000000,4.000000,2.000000,4.000000,4.000000,4.000000,4.000000,4.000000,4.000000,4.000000,4.000000,4.000000,4.000000,4.000000,4.000000,4.000000,83.333336
1614076742.342229,27.000000,0.000000,-2.350210,7.296730,-11.169570,-5.437545,7.957263,5.203435,3.587252,4.010104,6.109846,9.630929,3.975537,3.774878,5.976126,3.105753,-1.522658,125.280655,8.101448,-24.853807,26.461533,-56.674553,-40.545689,-5.529497,-0.652346,3.386314,-1.716619,-4.878130,-2.440292,-4.540495,-3.754616,-1.615002,-8.297709,-17.872913,0.000000,187.000000,4.000000,,,,0.000000,4.000000,4.000000,4.000000,4.000000,4.000000,4.000000,4.000000,4.000000,4.000000,4.000000,4.000000,4.000000,4.000000,4.000000,4.000000,4.000000,4.000000,4.000000,2.000000,4.000000,4.000000,4.000000,4.000000,4.000000,4.000000,4.000000,4.000000,4.000000,4.000000,4.000000,4.000000,4.000000,83.333336
1614076742.349978,28.000000,0.000000,-2.347860,7.289433,-6.543015,-2.868005,7.949306,5.198232,3.583665,5.031735,5.590915,9.621298,7.048484,2.232641,4.431688,3.102648,-3.572417,131.309219,9.118988,-47.393055,15.153020,-47.387108,-34.864117,1.142699,1.912409,5.947031,3.926123,-3.847611,-1.412211,-3.510314,-3.238040,-3.664669,-7.776591,-17.342218,0.000000,153.000000,4.000000,,,,0.000000,4.000000,4.000000,4.000000,4.000000,4.000000,4.000000,4.000000,4.000000,4.000000,4.000000,4.000000,4.000000,4.000000,4.000000,4.000000,4.000000,4.000000,4.000000,2.000000,4.000000,4.000000,4.000000,4.000000,4.000000,4.000000,4.000000,4.000000,4.000000,4.000000,4.000000,4.000000,4.000000,83.333336
1614076742.357627,29.000000,0.000000,-2.345512,7.282144,-3.972370,-1.839496,7.941357,3.141752,3.580081,4.001062,5.585324,9.611676,6.528615,2.230408,4.427257,3.099545,-8.697050,131.177917,8.597049,-55.037971,3.342995,-46.826900,-17.393356,-1.935366,1.397676,10.556468,12.640146,-0.254019,0.640483,-1.455522,-3.747623,-1.096902,-8.281635,-17.837698,0.000000,210.000000,4.000000,,,,0.000000,4.000000,4.000000,4.000000,4.000000,4.000000,4.000000,4.000000,4.000000,4.000000,4.000000,4.000000,4.000000,4.000000,4.000000,4.000000,4.000000,4.000000,4.000000,2.000000,4.000000,4.000000,4.000000,4.000000,4.000000,4.000000,4.000000,4.000000,4.000000,4.000000,4.000000,4.000000,4.000000,83.333336
1614076742.365377,30.000000,0.000000,-2.343167,7.274861,-4.481218,-2.863297,7.420595,1.087328,3.576501,0.920138,5.579739,9.602065,6.522087,0.176896,11.089496,12.840035,2.080878,147.456985,8.588451,-22.162420,29.493498,-42.677509,0.572756,0.117851,1.396278,12.084373,14.678788,-0.766586,2.691125,0.084396,-4.769516,-0.582984,-8.273354,-17.819860,0.000000,194.000000,4.000000,,,,0.000000,4.000000,4.000000,4.000000,4.000000,4.000000,4.000000,4.000000,4.000000,4.000000,4.000000,4.000000,4.000000,4.000000,4.000000,4.000000,4.000000,4.000000,4.000000,2.000000,4.000000,4.000000,4.000000,4.000000,4.000000,4.000000,4.000000,4.000000,4.000000,4.000000,4.000000,4.000000,4.000000,83.333336
1614076742.373026,31.000000,0.000000,-2.340823,7.267587,-4.476737,-0.809152,7.925995,0.573420,3.572924,1.432039,5.574160,9.079642,7.028385,-0.848922,19.283535,23.083605,11.309566,161.155685,9.092684,-15.473591,42.284519,-34.429707,1.597824,6.271579,1.907702,11.559468,13.638468,-0.252999,3.201254,-0.428509,-1.175003,-0.069581,-8.265080,-18.314859,0.000000,193.000000,4.000000,,,,0.000000,4.000000,4.000000,4.000000,4.000000,4.000000,4.000000,4.000000,4.000000,4.000000,4.000000,4.000000,4.000000,4.000000,4.000000,4.000000,4.000000,4.000000,4.000000,2.000000,4.000000,4.000000,4.000000,4.000000,4.000000,4.000000,4.000000,4.000000,4.000000,4.000000,4.000000,4.000000,4.000000,83.333336
1614076742.380775,32.000000,0.000000,-2.338483,7.260319,-0.369696,2.268580,7.918069,1.085667,3.569351,6.558812,5.568585,9.583383,6.508536,-0.335253,18.238609,22.034882,3.093128,146.635559,8.570770,-47.765808,13.524284,-40.036301,-10.198646,7.290949,1.905795,12.060729,14.650471,7.952383,2.685233,-0.428081,3.441556,7.622797,-8.256815,-17.783726,8064.000000,0.000000,4.000000,,,,0.000000,4.000000,4.000000,4.000000,4.000000,4.000000,4.000000,4.000000,4.000000,4.000000,4.000000,4.000000,4.000000,4.000000,4.000000,4.000000,4.000000,4.000000,4.000000,2.000000,4.000000,4.000000,4.000000,4.000000,4.000000,4.000000,4.000000,4.000000,4.000000,4.000000,4.000000,4.000000,4.000000,83.333336
1614076742.388424,33.000000,0.000000,-2.336144,7.253059,-0.369327,0.215029,7.397331,1.084581,3.565782,8.603535,5.563017,9.573799,6.502028,-0.334917,12.579346,17.910282,-5.627913,130.591476,8.562200,-52.333427,0.177427,-50.252674,-17.880754,3.693914,1.391068,12.048669,13.610179,13.072635,2.682547,-0.427653,1.899653,9.153635,-8.248558,-17.765942,8064.000000,0.000000,4.000000,,,,0.000000,4.000000,4.000000,4.000000,4.000000,4.000000,4.000000,4.000000,4.000000,4.000000,4.000000,4.000000,4.000000,4.000000,4.000000,4.000000,4.000000,4.000000,4.000000,2.000000,4.000000,4.000000,4.000000,4.000000,4.000000,4.000000,4.000000,4.000000,4.000000,4.000000,4.000000,4.000000,4.000000,83.333336
1614076742.396173,34.000000,0.000000,-2.333808,7.245806,-4.471521,-2.862109,7.902754,0.570676,3.562216,8.082111,5.557454,8.538585,6.495526,-0.334582,12.053946,18.918013,-4.596644,134.563461,9.066458,-19.460583,19.664429,-50.202423,-18.375694,3.690220,1.389677,12.036620,8.468364,6.905716,2.679865,-0.427225,-0.153528,-0.599108,-8.753130,-19.286636,8064.000000,0.000000,4.000000,,,,0.000000,4.000000,4.000000,4.000000,4.000000,4.000000,4.000000,4.000000,4.000000,4.000000,4.000000,4.000000,4.000000,4.000000,4.000000,4.000000,4.000000,4.000000,4.000000,2.000000,4.000000,4.000000,4.000000,4.000000,4.000000,4.000000,4.000000,4.000000,4.000000,4.000000,4.000000,4.000000,4.000000,83.333336
1614076742.403822,35.000000,0.000000,-2.331474,7.238560,-3.441409,-0.295144,10.458954,1.082926,3.558654,8.074029,5.551896,10.581328,6.489030,-0.334248,13.067533,19.411915,-3.566407,141.608383,9.057391,-15.851378,22.208866,-52.716324,-25.023985,2.660889,1.388288,10.998942,6.408613,2.283426,3.190006,-0.426798,0.359446,-3.675432,-8.231556,-17.216068,8064.000000,0.000000,4.000000,,,,0.000000,4.000000,4.000000,4.000000,4.000000,4.000000,4.000000,4.000000,4.000000,4.000000,4.000000,4.000000,4.000000,4.000000,4.000000,4.000000,4.000000,4.000000,4.000000,2.000000,4.000000,4.000000,4.000000,4.000000,4.000000,4.000000,4.000000,4.000000,4.000000,4.000000,4.000000,4.000000,4.000000,83.333336
1614076742.411571,36.000000,0.000000,-2.329143,7.231321,6.305623,4.833356,11.474135,1.081843,3.555095,8.578775,5.546344,15.698952,6.482541,-0.333914,12.541645,18.366861,-6.639763,136.338562,6.997052,-48.143219,-0.890265,-65.484116,-41.922039,-3.495618,-0.664383,4.834097,4.863743,3.819604,1.135533,-0.426371,-5.794760,0.943628,-5.146402,-11.557826,8064.000000,0.000000,4.000000,,,,0.000000,4.000000,4.000000,4.000000,4.000000,4.000000,4.000000,4.000000,4.000000,4.000000,4.000000,4.000000,4.000000,4.000000,4.000000,4.000000,4.000000,4.000000,4.000000,2.000000,4.000000,4.000000,4.000000,4.000000,4.000000,4.000000,4.000000,4.000000,4.000000,4.000000,4.000000,4.000000,4.000000,83.333336
1614076742.419220,37.000000,0.000000,-2.326813,6.711269,10.914701,4.828523,11.462662,0.567941,3.551540,8.057376,5.027977,17.221714,6.476058,-0.333580,12.016283,17.835674,-9.197227,122.868896,4.938773,-52.197639,-8.068862,-69.521202,-50.598064,-8.107507,-2.202180,0.213878,-1.294967,3.302964,-1.942525,-0.938765,-11.429991,-0.595777,-4.628435,-10.520628,8064.000000,0.000000,4.000000,,,,0.000000,4.000000,4.000000,4.000000,4.000000,4.000000,4.000000,4.000000,4.000000,4.000000,4.000000,4.000000,4.000000,4.000000,4.000000,4.000000,4.000000,4.000000,4.000000,2.000000,4.000000,4.000000,4.000000,4.000000,4.000000,4.000000,4.000000,4.000000,4.000000,4.000000,4.000000,4.000000,4.000000,83.333336
1614076742.427069,38.000000,0.000000,-2.324487,7.730199,9.365325,4.310874,13.502481,1.593014,3.035168,8.049318,5.535770,17.204493,6.469583,-0.333246,12.517087,19.869122,-8.162388,120.181923,4.421014,-37.786469,3.734079,-64.323471,-36.188492,-8.612220,-2.199978,-0.299156,-4.370595,3.299661,-0.402121,0.087815,-5.264715,-0.595181,-4.623806,-11.022927,8064.000000,0.000000,4.000000,,,,0.000000,4.000000,4.000000,4.000000,4.000000,4.000000,4.000000,4.000000,4.000000,4.000000,4.000000,4.000000,4.000000,4.000000,4.000000,4.000000,4.000000,4.000000,4.000000,2.000000,4.000000,4.000000,4.000000,4.000000,4.000000,4.000000,4.000000,4.000000,4.000000,4.000000,4.000000,4.000000,4.000000,83.333336
1614076742.434819,39.000000,0.000000,-2.322162,10.286572,12.432883,9.434768,15.540260,5.693985,4.057774,8.041269,7.581516,17.700109,6.463113,-0.332913,13.017390,17.285149,-6.615764,134.420715,2.878131,-42.364067,10.397012,-60.669407,-16.152304,-7.577967,-2.197778,0.213964,-2.314942,8.424566,4.726486,2.139009,3.458499,5.046440,-3.080721,-1.781135,8064.000000,0.000000,4.000000,,,,0.000000,4.000000,4.000000,4.000000,4.000000,4.000000,4.000000,4.000000,4.000000,4.000000,4.000000,4.000000,4.000000,4.000000,4.000000,4.000000,4.000000,4.000000,4.000000,2.000000,4.000000,4.000000,4.000000,4.000000,4.000000,4.000000,4.000000,4.000000,4.000000,4.000000,4.000000,4.000000,4.000000,83.333336
1614076742.442668,40.000000,0.000000,-2.319840,11.301926,17.035835,13.015077,15.011900,8.765214,6.104999,8.033228,9.112396,15.631126,6.456650,-0.332580,12.491552,9.062737,-9.686071,137.363220,0.823971,-45.398624,11.412255,-53.942070,-11.520767,-3.980645,-2.195580,2.777852,-0.261345,10.980245,6.773042,3.675331,3.967861,8.118316,-1.026358,7.964236,8064.000000,0.000000,4.000000,,,,0.000000,4.000000,4.000000,4.000000,4.000000,4.000000,4.000000,4.000000,4.000000,4.000000,4.000000,4.000000,4.000000,4.000000,4.000000,4.000000,4.000000,4.000000,4.000000,2.000000,4.000000,4.000000,4.000000,4.000000,4.000000,4.000000,4.000000,4.000000,4.000000,4.000000,4.000000,4.000000,4.000000,83.333336
1614076742.450417,41.000000,0.000000,-2.317520,10.777803,17.531620,11.976420,14.996888,8.243629,7.637355,7.512374,9.103284,13.564214,6.450193,-0.332247,12.479061,7.002391,-5.061001,130.046371,0.823147,-30.481432,11.913664,-44.144539,-14.073349,-0.386921,-2.193384,7.390459,-1.286725,10.969264,6.253448,3.158835,2.938252,7.084557,-1.025332,7.443451,8064.000000,0.000000,4.000000,,,,0.000000,4.000000,4.000000,4.000000,4.000000,4.000000,4.000000,4.000000,4.000000,4.000000,4.000000,4.000000,4.000000,4.000000,4.000000,4.000000,4.000000,4.000000,4.000000,2.000000,4.000000,4.000000,4.000000,4.000000,4.000000,4.000000,4.000000,4.000000,4.000000,4.000000,4.000000,4.000000,4.000000,83.333336
1614076742.458266,42.000000,0.000000,-2.315203,10.767026,17.514088,11.964444,14.981891,8.235385,7.116897,7.504862,9.094181,13.550650,6.956563,-0.844736,13.492223,8.021029,6.738932,138.634277,1.335144,-26.348387,11.388929,-40.510651,-13.033635,0.639107,-2.704011,8.408710,-1.285438,10.445475,6.247195,3.155677,3.960955,7.077472,-1.024307,7.436007,8064.000000,0.000000,4.000000,,,,0.000000,4.000000,4.000000,4.000000,4.000000,4.000000,4.000000,4.000000,4.000000,4.000000,4.000000,4.000000,4.000000,4.000000,4.000000,4.000000,4.000000,4.000000,4.000000,2.000000,4.000000,4.000000,4.000000,4.000000,4.000000,4.000000,4.000000,4.000000,4.000000,4.000000,4.000000,4.000000,4.000000,83.333336
1614076742.466015,43.000000,0.000000,-2.312887,10.756259,15.958112,15.029403,14.966909,8.739970,7.109780,8.010178,9.085087,6.870432,4.898325,-0.331070,9.888988,0.833522,0.578347,138.495636,1.333809,-43.245113,13.941643,-42.008602,-16.097525,-0.387173,-2.188487,8.913121,-0.771332,8.896567,6.753768,3.152521,3.956994,7.583215,-1.023282,7.941392,8064.000000,0.000000,4.000000,,,,0.000000,4.000000,4.000000,4.000000,4.000000,4.000000,4.000000,4.000000,4.000000,4.000000,4.000000,4.000000,4.000000,4.000000,4.000000,4.000000,4.000000,4.000000,4.000000,2.000000,4.000000,4.000000,4.000000,4.000000,4.000000,4.000000,4.000000,4.000000,4.000000,4.000000,4.000000,4.000000,4.000000,83.333336
1614076742.473864,44.000000,0.000000,-2.310575,10.745502,12.352410,16.040014,14.951942,8.218410,7.102671,7.489347,9.076001,-1.341567,2.842144,-0.330739,3.212432,-8.910901,-19.935053,114.767395,1.332475,-57.048023,10.337957,-46.069157,-26.850657,-1.925248,-1.673478,8.391388,-0.770561,6.836389,6.234194,3.149369,3.440216,7.062811,-1.535080,1.779604,8064.000000,0.000000,4.000000,,,,0.000000,4.000000,4.000000,4.000000,4.000000,4.000000,4.000000,4.000000,4.000000,4.000000,4.000000,4.000000,4.000000,4.000000,4.000000,4.000000,4.000000,4.000000,4.000000,2.000000,4.000000,4.000000,4.000000,4.000000,4.000000,4.000000,4.000000,4.000000,4.000000,4.000000,4.000000,4.000000,4.000000,83.333336
1614076742.481613,45.000000,0.000000,-2.308264,10.221936,16.442621,15.511154,14.936990,8.210191,7.095568,7.994678,9.066925,-2.365866,2.326482,-0.843229,0.645117,-11.466093,-28.633066,100.806473,1.331143,-62.632000,-6.082636,-57.817959,-40.157139,-3.461784,-4.235907,1.203509,-0.769790,6.316732,6.227960,3.146219,3.436776,7.055749,0.004917,1.777825,8064.000000,0.000000,4.000000,,,,0.000000,4.000000,4.000000,4.000000,4.000000,4.000000,4.000000,4.000000,4.000000,4.000000,4.000000,4.000000,4.000000,4.000000,4.000000,4.000000,4.000000,4.000000,4.000000,2.000000,4.000000,4.000000,4.000000,4.000000,4.000000,4.000000,4.000000,4.000000,4.000000,4.000000,4.000000,4.000000,4.000000,83.333336
1614076742.489462,46.000000,0.000000,-2.305956,10.724535,23.605667,15.495643,14.922053,8.201981,7.088472,12.089248,9.057858,-2.363500,2.836976,0.696076,1.157292,-11.967447,-25.014688,102.244133,1.329812,-64.107834,-9.666298,-65.452446,-48.322109,-5.509604,-5.770133,-7.002822,-0.769020,6.823236,6.221732,2.630252,3.433339,7.048693,2.056194,14.083739,8064.000000,0.000000,4.000000,,,,0.000000,4.000000,4.000000,4.000000,4.000000,4.000000,4.000000,4.000000,4.000000,4.000000,4.000000,4.000000,4.000000,4.000000,4.000000,4.000000,4.000000,4.000000,4.000000,2.000000,4.000000,4.000000,4.000000,4.000000,4.000000,4.000000,4.000000,4.000000,4.000000,4.000000,4.000000,4.000000,4.000000,83.333336
1614076742.497211,47.000000,0.000000,-2.303650,12.765093,21.530779,15.480147,14.907131,8.193779,7.081384,15.666902,9.048800,0.715786,2.834139,2.746662,1.668955,-5.288814,-13.707623,113.423935,1.328482,-49.171928,11.369010,-64.361351,-46.735329,-7.555377,-3.713080,-7.508640,-0.768251,6.816412,6.215510,3.653263,3.429906,7.041644,3.592600,20.223501,8064.000000,0.000000,4.000000,,,,0.000000,4.000000,4.000000,4.000000,4.000000,4.000000,4.000000,4.000000,4.000000,4.000000,4.000000,4.000000,4.000000,4.000000,4.000000,4.000000,4.000000,4.000000,4.000000,2.000000,4.000000,4.000000,4.000000,4.000000,4.000000,4.000000,4.000000,4.000000,4.000000,4.000000,4.000000,4.000000,4.000000,83.333336
1614076742.505060,48.000000,0.000000,-2.301346,14.290789,16.381042,15.464667,14.892224,8.185585,7.074302,15.651235,9.039752,9.433020,4.882587,3.769556,3.718568,7.536988,0.665059,135.361801,1.327153,-31.174038,17.511486,-64.809814,-46.688591,-8.060641,-1.658085,-5.962670,-0.767483,6.809596,6.722115,5.700892,3.426476,7.034603,5.640289,18.151997,8064.000000,0.000000,4.000000,,,,0.000000,4.000000,4.000000,4.000000,4.000000,4.000000,4.000000,4.000000,4.000000,4.000000,4.000000,4.000000,4.000000,4.000000,4.000000,4.000000,4.000000,4.000000,4.000000,2.000000,4.000000,4.000000,4.000000,4.000000,4.000000,4.000000,4.000000,4.000000,4.000000,4.000000,4.000000,4.000000,4.000000,83.333336
1614076742.512809,49.000000,0.000000,-2.299045,14.276498,16.364662,15.449203,14.877332,8.177400,7.067228,15.122764,7.492250,12.500509,6.928987,3.252966,5.766132,9.067913,-1.899709,138.816177,1.325826,-30.117222,4.160642,-63.719364,-48.693184,-7.026940,-2.169248,-6.982348,-0.766716,6.802786,5.176931,7.233653,3.423049,7.027568,6.660290,18.646664,8064.000000,0.000000,4.000000,,,,0.000000,4.000000,4.000000,4.000000,4.000000,4.000000,4.000000,4.000000,4.000000,4.000000,4.000000,4.000000,4.000000,4.000000,4.000000,4.000000,4.000000,4.000000,4.000000,2.000000,4.000000,4.000000,4.000000,4.000000,4.000000,4.000000,4.000000,4.000000,4.000000,4.000000,4.000000,4.000000,4.000000,83.333336
1614076742.520658,50.000000,0.000000,-2.296746,14.262221,17.373938,15.433753,14.862454,8.169222,7.060161,15.620461,5.433476,7.359804,6.922057,3.249713,5.247545,-1.197565,-11.128578,129.446594,1.324500,-25.471722,19.028276,-49.809490,-32.747055,-8.558374,-2.167078,-6.975366,-0.765949,7.308804,2.607652,6.713598,3.419626,7.020540,6.140809,17.089556,8064.000000,0.000000,4.000000,,,,0.000000,4.000000,4.000000,4.000000,4.000000,4.000000,4.000000,4.000000,4.000000,4.000000,4.000000,4.000000,4.000000,4.000000,4.000000,4.000000,4.000000,4.000000,4.000000,2.000000,4.000000,4.000000,4.000000,4.000000,4.000000,4.000000,4.000000,4.000000,4.000000,4.000000,4.000000,4.000000,4.000000,83.333336
1614076742.528407,51.000000,0.000000,-2.294449,14.247959,16.330923,15.418320,14.847592,8.161053,7.053101,15.604840,4.915222,5.301162,6.402315,3.246463,5.242298,-4.273291,-1.886680,148.804321,1.835996,-16.215481,45.675915,-34.375065,-12.714310,-6.498534,-1.652091,-6.455570,-0.765183,7.814316,2.605044,6.706885,3.416207,7.013520,6.134668,9.380159,8064.000000,0.000000,4.000000,,,,0.000000,4.000000,4.000000,4.000000,4.000000,4.000000,4.000000,4.000000,4.000000,4.000000,4.000000,4.000000,4.000000,4.000000,4.000000,4.000000,4.000000,4.000000,4.000000,2.000000,4.000000,4.000000,4.000000,4.000000,4.000000,4.000000,4.000000,4.000000,4.000000,4.000000,4.000000,4.000000,4.000000,83.333336
1614076742.536256,52.000000,0.000000,-2.292155,14.233711,16.314592,15.402902,14.319924,8.152892,7.046048,15.076415,5.423128,6.834322,6.908733,3.243217,5.749876,-2.217736,2.217770,150.193985,1.321340,-38.763367,27.168701,-35.879150,-19.881083,-0.851010,-2.163259,-5.936294,-0.764418,4.216758,3.115260,6.700178,3.412791,7.006506,6.128533,6.293856,8064.000000,0.000000,4.000000,,,,0.000000,4.000000,4.000000,4.000000,4.000000,4.000000,4.000000,4.000000,4.000000,4.000000,4.000000,4.000000,4.000000,4.000000,4.000000,4.000000,4.000000,4.000000,4.000000,2.000000,4.000000,4.000000,4.000000,4.000000,4.000000,4.000000,4.000000,4.000000,4.000000,4.000000,4.000000,4.000000,4.000000,83.333336
1614076742.544005,53.000000,0.000000,-2.289862,14.219478,16.298277,15.387498,15.331245,8.144739,7.039001,15.061338,5.417704,5.289026,6.901824,3.239974,5.231306,-3.241159,-9.579319,117.736099,1.320019,-64.878448,-0.037956,-45.586861,-37.809917,-2.901441,-1.648276,-6.443178,-1.276474,-0.915664,0.035221,6.693478,3.409378,6.486680,6.122405,6.800383,8064.000000,0.000000,4.000000,,,,0.000000,4.000000,4.000000,4.000000,4.000000,4.000000,4.000000,4.000000,4.000000,4.000000,4.000000,4.000000,4.000000,4.000000,4.000000,4.000000,4.000000,4.000000,4.000000,2.000000,4.000000,4.000000,4.000000,4.000000,4.000000,4.000000,4.000000,4.000000,4.000000,4.000000,4.000000,4.000000,4.000000,83.333336
1614076742.551654,54.000000,0.000000,-2.287573,14.205258,16.794800,15.372110,14.803093,8.136594,7.031962,15.046277,5.412287,2.206814,4.843640,3.236734,5.226074,-4.263559,-9.056919,115.567078,1.318699,-51.480240,12.269774,-49.131020,-39.823391,-11.103668,-1.646627,-6.949556,-0.249556,-0.401928,-0.990455,6.686784,2.893148,6.993013,6.116282,7.306403,8064.000000,0.000000,4.000000,,,,0.000000,4.000000,4.000000,4.000000,4.000000,4.000000,4.000000,4.000000,4.000000,4.000000,4.000000,4.000000,4.000000,4.000000,4.000000,4.000000,4.000000,4.000000,4.000000,2.000000,4.000000,4.000000,4.000000,4.000000,4.000000,4.000000,4.000000,4.000000,4.000000,4.000000,4.000000,4.000000,4.000000,83.333336
1614076742.559403,55.000000,0.000000,-2.285285,14.191053,16.265184,15.356739,10.685726,8.128458,7.024930,15.544052,3.355592,1.691787,2.787515,3.233497,5.733669,-3.233654,-4.945298,148.272018,-1.246723,-42.710808,18.411350,-52.671631,-40.296387,-12.118205,-5.234724,-5.916965,-0.762127,-1.939987,-0.989465,6.680098,3.915896,8.011662,6.110166,7.299096,8064.000000,0.000000,4.000000,,,,0.000000,4.000000,4.000000,4.000000,4.000000,4.000000,4.000000,4.000000,4.000000,4.000000,4.000000,4.000000,4.000000,4.000000,4.000000,4.000000,4.000000,4.000000,4.000000,2.000000,4.000000,4.000000,4.000000,4.000000,4.000000,4.000000,4.000000,4.000000,4.000000,4.000000,4.000000,4.000000,4.000000,83.333336
1614076742.567052,56.000000,0.000000,-2.283000,14.176862,16.761740,15.341382,11.700682,8.120329,7.017906,14.502867,1.300955,2.202916,2.271907,3.230263,4.189474,-3.230421,-17.760866,129.662216,-6.373681,-67.796303,-1.094240,-64.413834,-46.409939,-10.054805,-9.332053,-8.475151,-5.376750,-4.502150,-6.116680,6.673418,3.399159,5.952367,5.591236,7.291797,8064.000000,0.000000,4.000000,,,,0.000000,4.000000,4.000000,4.000000,4.000000,4.000000,4.000000,4.000000,4.000000,4.000000,4.000000,4.000000,4.000000,4.000000,4.000000,4.000000,4.000000,4.000000,4.000000,2.000000,4.000000,4.000000,4.000000,4.000000,4.000000,4.000000,4.000000,4.000000,4.000000,4.000000,4.000000,4.000000,4.000000,83.333336
1614076742.574801,57.000000,0.000000,-2.280717,14.162685,20.847542,15.838861,20.406929,8.112208,7.010888,10.898621,1.812474,2.200713,3.295276,3.739854,2.134002,-3.227190,-22.358490,105.429985,-7.392949,-78.497734,-1.605966,-69.477623,-45.337887,-11.583212,-10.348363,-16.158983,-6.909835,0.117737,-8.674666,6.666744,3.395760,7.484877,6.098465,7.284505,8064.000000,0.000000,4.000000,,,,0.000000,4.000000,4.000000,4.000000,4.000000,4.000000,4.000000,4.000000,4.000000,4.000000,4.000000,4.000000,4.000000,4.000000,4.000000,4.000000,4.000000,4.000000,4.000000,2.000000,4.000000,4.000000,4.000000,4.000000,4.000000,4.000000,4.000000,4.000000,4.000000,4.000000,4.000000,4.000000,4.000000,83.333336
1614076742.582451,58.000000,0.000000,-2.278436,14.148522,24.416439,14.797381,21.412163,8.104096,7.003877,10.887722,1.810662,2.198512,3.291981,6.300216,1.106227,-3.223963,-8.489977,130.452759,0.306752,-65.085907,7.626409,-60.690197,-40.164345,-10.545987,-9.312373,-14.604362,-1.774720,9.861209,-0.460863,6.660077,6.469287,15.169700,8.656469,13.431067,8064.000000,0.000000,4.000000,,,,0.000000,4.000000,4.000000,4.000000,4.000000,4.000000,4.000000,4.000000,4.000000,4.000000,4.000000,4.000000,4.000000,4.000000,4.000000,4.000000,4.000000,4.000000,4.000000,2.000000,4.000000,4.000000,4.000000,4.000000,4.000000,4.000000,4.000000,4.000000,4.000000,4.000000,4.000000,4.000000,4.000000,83.333336
1614076742.590200,59.000000,0.000000,-2.276158,14.647195,23.879202,15.295404,15.749725,8.095992,6.996873,12.928116,1.296031,2.196314,0.211765,7.832378,1.617941,-3.220739,-2.327641,134.424866,8.511574,-59.379795,0.952116,-52.937199,-37.047256,-1.304672,-7.251779,-3.307707,-2.285766,11.902630,7.231905,6.653417,11.591023,17.205812,9.673453,15.981738,8064.000000,0.000000,4.000000,,,,0.000000,4.000000,4.000000,4.000000,4.000000,4.000000,4.000000,4.000000,4.000000,4.000000,4.000000,4.000000,4.000000,4.000000,4.000000,4.000000,4.000000,4.000000,4.000000,2.000000,4.000000,4.000000,4.000000,4.000000,4.000000,4.000000,4.000000,4.000000,4.000000,4.000000,4.000000,4.000000,4.000000,83.333336
1614076742.597849,60.000000,0.000000,-2.273881,13.094086,23.855322,16.818571,14.195515,8.087896,6.989876,5.222880,1.807555,2.194117,-3.891011,5.773263,1.616323,-3.217518,-5.402236,108.136604,7.477421,-56.756313,0.951164,-51.858620,-34.958927,5.363299,-3.654783,2.336626,-7.924505,9.326625,6.711853,6.646764,10.040971,8.470657,7.099678,5.196526,8064.000000,0.000000,4.000000,,,,0.000000,4.000000,4.000000,4.000000,4.000000,4.000000,4.000000,4.000000,4.000000,4.000000,4.000000,4.000000,4.000000,4.000000,4.000000,4.000000,4.000000,4.000000,4.000000,2.000000,4.000000,4.000000,4.000000,4.000000,4.000000,4.000000,4.000000,4.000000,4.000000,4.000000,4.000000,4.000000,4.000000,83.333336
1614076742.605598,61.000000,0.000000,-2.271608,11.029710,24.857107,10.647905,15.206960,6.541347,6.982886,-6.577215,1.805748,2.191923,-4.912760,3.716208,1.101886,-3.214301,-5.909655,124.951546,4.393021,-42.853401,11.206623,-53.858044,-38.000893,-1.308731,-2.112667,0.795828,-8.942222,7.266016,5.679500,6.640117,2.851443,2.821161,5.554116,-4.039440,8064.000000,0.000000,4.000000,,,,0.000000,4.000000,4.000000,4.000000,4.000000,4.000000,4.000000,4.000000,4.000000,4.000000,4.000000,4.000000,4.000000,4.000000,4.000000,4.000000,4.000000,4.000000,4.000000,2.000000,4.000000,4.000000,4.000000,4.000000,4.000000,4.000000,4.000000,4.000000,4.000000,4.000000,4.000000,4.000000,4.000000,83.333336
1614076742.613247,62.000000,0.000000,-2.782156,9.993039,24.319431,4.483412,11.602010,4.483524,6.975904,-6.057817,2.316762,2.189731,-4.907848,3.199671,2.126426,-3.211087,-4.365283,157.647110,5.414268,-28.964396,17.862083,-51.752903,-36.937248,-12.076653,-2.110554,0.795032,-7.394818,6.745929,6.699461,6.633477,-0.741152,3.331160,6.574203,-4.035400,8064.000000,0.000000,4.000000,,,,0.000000,4.000000,4.000000,4.000000,4.000000,4.000000,4.000000,4.000000,4.000000,4.000000,4.000000,4.000000,4.000000,4.000000,4.000000,4.000000,4.000000,4.000000,4.000000,2.000000,4.000000,4.000000,4.000000,4.000000,4.000000,4.000000,4.000000,4.000000,4.000000,4.000000,4.000000,4.000000,4.000000,83.333336
1614076742.620996,63.000000,0.000000,-1.753733,10.495867,23.782291,12.171236,10.564766,4.479040,6.968927,2.666190,4.365727,2.187541,-4.390120,3.196471,4.175581,-3.207875,-2.309636,145.694580,4.383213,-33.037994,17.844221,-47.085766,-26.131083,-9.500474,-1.595623,1.819878,-7.900244,7.764824,7.205583,6.626843,-0.227591,3.327829,6.054809,-4.031365,8064.000000,0.000000,4.000000,,,,0.000000,4.000000,4.000000,4.000000,4.000000,4.000000,4.000000,4.000000,4.000000,4.000000,4.000000,4.000000,4.000000,4.000000,4.000000,4.000000,4.000000,4.000000,4.000000,2.000000,4.000000,4.000000,4.000000,4.000000,4.000000,4.000000,4.000000,4.000000,4.000000,4.000000,4.000000,4.000000,4.000000,83.333336
1614076742.628645,64.000000,0.000000,0.299303,10.485371,24.784149,18.825731,11.067022,4.474561,6.449138,4.714806,5.899823,2.185354,-1.821627,3.193275,5.709867,-3.204668,-4.871429,113.241196,0.789086,-60.697266,0.390479,-50.115604,-27.643412,0.252617,-2.619669,1.305238,-8.405164,5.705778,6.685556,6.620216,-0.227363,3.324501,6.048754,-3.514513,0.000000,183.000000,4.000000,,,,0.000000,4.000000,4.000000,4.000000,4.000000,4.000000,4.000000,4.000000,4.000000,4.000000,4.000000,4.000000,4.000000,4.000000,4.000000,4.000000,4.000000,4.000000,4.000000,2.000000,4.000000,4.000000,4.000000,4.000000,4.000000,4.000000,4.000000,4.000000,4.000000,4.000000,4.000000,4.000000,4.000000,83.333336
1614076742.636395,65.000000,0.000000,1.837465,10.474885,20.656801,12.140239,7.466211,4.470087,6.955509,3.171629,4.868282,2.183169,-0.281343,3.190082,7.755439,-3.201463,-4.866558,105.435646,1.301118,-71.405800,-14.481706,-52.116772,-36.846539,-0.773277,-1.591408,0.791112,-7.883938,0.571867,5.653230,6.613596,-0.739956,1.269895,7.068346,-0.434075,0.000000,190.000000,4.000000,,,,0.000000,4.000000,4.000000,4.000000,4.000000,4.000000,4.000000,4.000000,4.000000,4.000000,4.000000,4.000000,4.000000,4.000000,4.000000,4.000000,4.000000,4.000000,4.000000,2.000000,4.000000,4.000000,4.000000,4.000000,4.000000,4.000000,4.000000,4.000000,4.000000,4.000000,4.000000,4.000000,4.000000,83.333336
1614076742.644044,66.000000,0.000000,1.322807,8.925949,11.405375,6.487073,3.356181,4.465617,7.461374,4.194098,2.299312,2.180985,-0.793883,3.186892,9.286145,-3.198261,11.548565,136.612259,4.376740,-38.513878,9.122519,-39.756962,-27.578922,-5.900709,3.538388,-1.260961,-7.876055,-1.479987,6.673218,7.119803,-0.739216,-2.833939,3.984354,-5.561846,0.000000,199.000000,4.000000,,,,0.000000,4.000000,4.000000,4.000000,4.000000,4.000000,4.000000,4.000000,4.000000,4.000000,4.000000,4.000000,4.000000,4.000000,4.000000,4.000000,4.000000,4.000000,4.000000,2.000000,4.000000,4.000000,4.000000,4.000000,4.000000,4.000000,4.000000,4.000000,4.000000,4.000000,4.000000,4.000000,4.000000,83.333336
1614076742.651793,67.000000,0.000000,1.321484,6.865741,5.240123,8.531868,2.840004,3.435510,6.428272,4.702725,1.784192,2.178804,-0.793089,3.696525,9.276859,-3.195063,21.280607,165.193604,5.398004,-8.731776,28.600576,-33.050537,-16.269293,2.823141,5.073312,-2.798162,-7.868178,-0.452866,7.179365,5.574222,-0.225657,-4.369567,-3.199117,-10.171669,0.000000,203.000000,4.000000,,,,0.000000,4.000000,4.000000,4.000000,4.000000,4.000000,4.000000,4.000000,4.000000,4.000000,4.000000,4.000000,4.000000,4.000000,4.000000,4.000000,4.000000,4.000000,4.000000,2.000000,4.000000,4.000000,4.000000,4.000000,4.000000,4.000000,4.000000,4.000000,4.000000,4.000000,4.000000,4.000000,4.000000,83.333336
1614076742.659442,68.000000,0.000000,1.320162,6.858875,5.234883,8.523336,3.862805,0.867972,6.934664,4.698022,1.782408,2.176626,-0.279475,3.180008,9.267582,-2.166227,3.310608,146.054047,3.341324,-41.030735,7.033514,-48.402103,-25.996613,11.538266,1.991315,-2.795363,-7.860310,-0.452413,0.505519,3.004545,-0.225431,-1.801095,-5.760020,-4.007651,0.000000,211.000000,4.000000,,,,0.000000,4.000000,4.000000,4.000000,4.000000,4.000000,4.000000,4.000000,4.000000,4.000000,4.000000,4.000000,4.000000,4.000000,4.000000,4.000000,4.000000,4.000000,4.000000,2.000000,4.000000,4.000000,4.000000,4.000000,4.000000,4.000000,4.000000,4.000000,4.000000,4.000000,4.000000,4.000000,4.000000,83.333336
1614076742.667291,69.000000,0.000000,1.318842,6.852016,5.742469,8.001992,5.910225,0.867104,10.004653,4.180504,1.780625,2.174449,-0.792016,3.176828,8.745494,-2.676881,-15.154242,113.600304,1.286701,-73.297401,-2.204288,-60.148571,-35.714207,0.244677,0.963683,-2.792568,-7.852450,-0.964782,-5.648833,2.488720,-0.225206,-0.260832,-4.215799,1.637382,0.000000,183.000000,4.000000,,,,0.000000,4.000000,4.000000,4.000000,4.000000,4.000000,4.000000,4.000000,4.000000,4.000000,4.000000,4.000000,4.000000,4.000000,4.000000,4.000000,4.000000,4.000000,4.000000,2.000000,4.000000,4.000000,4.000000,4.000000,4.000000,4.000000,4.000000,4.000000,4.000000,4.000000,4.000000,4.000000,4.000000,83.333336
1614076742.675040,70.000000,0.000000,1.830344,7.357985,4.711085,7.993990,7.442776,0.866237,10.507468,3.663503,1.778845,2.172275,-0.791224,3.686472,7.711108,-4.725486,-14.626266,112.461060,0.772593,-55.275383,19.336378,-53.934578,-32.601570,-12.576081,1.988360,-2.789776,-7.844597,-0.450996,-2.566261,2.999052,-0.224980,-0.260571,-4.724404,-0.928358,0.000000,188.000000,4.000000,,,,0.000000,4.000000,4.000000,4.000000,4.000000,4.000000,4.000000,4.000000,4.000000,4.000000,4.000000,4.000000,4.000000,4.000000,4.000000,4.000000,4.000000,4.000000,4.000000,2.000000,4.000000,4.000000,4.000000,4.000000,4.000000,4.000000,4.000000,4.000000,4.000000,4.000000,4.000000,4.000000,4.000000,83.333336
1614076742.682889,71.000000,0.000000,-0.222768,5.299345,5.219195,3.883432,5.384051,0.352550,5.368756,3.659839,1.777066,2.170102,-0.790433,1.631503,9.241858,-2.156658,-11.021896,145.169113,1.284641,-25.476519,29.573452,-51.316540,-30.004864,-7.435300,1.473551,-2.786986,-7.836753,-1.476186,-2.563694,2.996053,-0.224755,-0.260311,-7.283782,-3.491532,0.000000,172.000000,4.000000,,,,0.000000,4.000000,4.000000,4.000000,4.000000,4.000000,4.000000,4.000000,4.000000,4.000000,4.000000,4.000000,4.000000,4.000000,4.000000,4.000000,4.000000,4.000000,4.000000,2.000000,4.000000,4.000000,4.000000,4.000000,4.000000,4.000000,4.000000,4.000000,4.000000,4.000000,4.000000,4.000000,4.000000,83.333336
1614076742.690638,72.000000,0.000000,-2.273828,0.165840,6.239617,0.289805,3.327385,0.865018,2.799285,3.143359,1.775289,1.655112,-3.866566,-1.447051,7.181334,-4.718604,-12.036516,158.357269,1.283357,-25.963861,20.313108,-57.931889,-30.487680,0.264443,1.472078,-2.784199,-7.828916,-4.038813,-10.253439,2.993057,-0.224531,-0.260050,-8.814960,-6.052143,0.000000,179.000000,4.000000,,,,0.000000,4.000000,4.000000,4.000000,4.000000,4.000000,4.000000,4.000000,4.000000,4.000000,4.000000,4.000000,4.000000,4.000000,4.000000,4.000000,4.000000,4.000000,4.000000,2.000000,4.000000,4.000000,4.000000,4.000000,4.000000,4.000000,4.000000,4.000000,4.000000,4.000000,4.000000,4.000000,4.000000,83.333336
1614076742.698487,73.000000,0.000000,-2.784374,-3.936890,4.694916,0.289515,3.836878,1.376973,3.309306,-2.500810,1.773513,2.166277,-11.555007,-4.522527,-3.595078,-20.098501,-17.665504,129.993790,0.769253,-40.296871,14.651770,-59.925240,-32.508472,-3.838385,1.470606,-2.781415,-7.821087,-4.547595,-8.704723,2.990064,-0.224306,-0.259790,-8.293324,-10.148655,0.000000,200.000000,4.000000,,,,0.000000,4.000000,4.000000,4.000000,4.000000,4.000000,4.000000,4.000000,4.000000,4.000000,4.000000,4.000000,4.000000,4.000000,4.000000,4.000000,4.000000,4.000000,4.000000,2.000000,4.000000,4.000000,4.000000,4.000000,4.000000,4.000000,4.000000,4.000000,4.000000,4.000000,4.000000,4.000000,4.000000,83.333336
1614076742.706236,74.000000,0.000000,-2.781590,-4.958594,2.126118,0.802046,3.833041,-1.701327,2.793176,-3.523950,1.771740,2.164111,-13.594734,-6.056466,-7.181226,-25.206608,-21.237583,117.043282,0.768484,-40.769398,24.893528,-51.660187,-31.963144,-5.885829,1.469135,-2.778633,-7.813266,-4.030226,1.560391,2.987074,-0.224082,-0.259530,-8.285030,-11.164147,0.000000,188.000000,4.000000,,,,0.000000,4.000000,4.000000,4.000000,4.000000,4.000000,4.000000,4.000000,4.000000,4.000000,4.000000,4.000000,4.000000,4.000000,4.000000,4.000000,4.000000,4.000000,4.000000,2.000000,4.000000,4.000000,4.000000,4.000000,4.000000,4.000000,4.000000,4.000000,4.000000,4.000000,4.000000,4.000000,4.000000,83.333336
1614076742.714085,75.000000,0.000000,-1.753167,-3.415174,1.611171,0.288424,3.316388,-3.238087,3.303203,7.761625,1.257148,0.623485,-4.350370,1.641898,7.184929,-9.283965,-8.395833,147.695465,3.844638,-20.728626,41.791710,-39.813656,-23.726053,2.325185,0.954845,-2.775855,-7.805453,-4.539017,4.122933,2.984087,-0.223858,-0.259271,-8.276746,-10.640163,0.000000,184.000000,4.000000,,,,0.000000,4.000000,4.000000,4.000000,4.000000,4.000000,4.000000,4.000000,4.000000,4.000000,4.000000,4.000000,4.000000,4.000000,4.000000,4.000000,4.000000,4.000000,4.000000,2.000000,4.000000,4.000000,4.000000,4.000000,4.000000,4.000000,4.000000,4.000000,4.000000,4.000000,4.000000,4.000000,4.000000,83.333336
1614076742.721834,76.000000,0.000000,2.351150,-1.360477,1.609560,0.800956,5.364354,2.406177,5.864003,19.035915,2.281532,2.674144,5.910391,14.460769,19.485437,5.597114,10.074101,174.727264,8.968999,-8.400206,31.493509,-34.645638,-21.651045,6.425424,0.953891,-2.773079,-8.310468,-4.534478,2.067529,2.981102,-0.223634,-0.259012,-8.268469,-11.142344,0.000000,197.000000,4.000000,,,,0.000000,4.000000,4.000000,4.000000,4.000000,4.000000,4.000000,4.000000,4.000000,4.000000,4.000000,4.000000,4.000000,4.000000,4.000000,4.000000,4.000000,4.000000,4.000000,2.000000,4.000000,4.000000,4.000000,4.000000,4.000000,4.000000,4.000000,4.000000,4.000000,4.000000,4.000000,4.000000,4.000000,83.333336
1614076742.729683,77.000000,0.000000,5.938542,-0.333475,2.120771,0.800155,7.410271,8.044796,7.396600,17.991238,4.330532,8.825315,7.442942,17.010410,18.953131,5.078696,5.448643,150.962799,8.960030,-35.571293,1.718426,-46.405861,-33.937088,-1.786130,1.465757,-3.283126,-8.302157,-4.017122,2.578282,2.978121,-0.223410,-0.258753,-8.260201,-9.592739,0.000000,188.000000,4.000000,,,,0.000000,4.000000,4.000000,4.000000,4.000000,4.000000,4.000000,4.000000,4.000000,4.000000,4.000000,4.000000,4.000000,4.000000,4.000000,4.000000,4.000000,4.000000,4.000000,2.000000,4.000000,4.000000,4.000000,4.000000,4.000000,4.000000,4.000000,4.000000,4.000000,4.000000,4.000000,4.000000,4.000000,83.333336
1614076742.737432,78.000000,0.000000,4.394142,-0.333142,2.118650,0.799355,7.402861,6.498290,6.876383,14.383503,5.864663,9.329311,4.871397,8.788272,14.831614,1.483874,-5.838857,118.504135,5.361326,-67.843414,0.691067,-58.667149,-37.492893,-5.374087,0.951471,-3.279843,-7.268214,-5.038746,3.088524,2.975143,-0.223187,-0.258494,-8.251941,-7.019044,0.000000,172.000000,4.000000,,,,0.000000,4.000000,4.000000,4.000000,4.000000,4.000000,4.000000,4.000000,4.000000,4.000000,4.000000,4.000000,4.000000,4.000000,4.000000,4.000000,4.000000,4.000000,4.000000,2.000000,4.000000,4.000000,4.000000,4.000000,4.000000,4.000000,4.000000,4.000000,4.000000,4.000000,4.000000,4.000000,4.000000,83.333336
1614076742.745281,79.000000,0.000000,1.312825,-0.332808,1.090891,0.798556,8.421099,3.927689,6.869507,15.394760,5.345978,9.319982,7.943448,6.215381,15.842422,7.636236,8.013136,137.359985,9.458529,-47.262749,20.177555,-48.864891,-24.122066,3.862056,0.950520,-1.738102,-8.799408,-2.982426,2.572615,2.972168,-0.222964,-0.258235,-8.243689,-6.499205,0.000000,204.000000,4.000000,,,,0.000000,4.000000,4.000000,4.000000,4.000000,4.000000,4.000000,4.000000,4.000000,4.000000,4.000000,4.000000,4.000000,4.000000,4.000000,4.000000,4.000000,4.000000,4.000000,2.000000,4.000000,4.000000,4.000000,4.000000,4.000000,4.000000,4.000000,4.000000,4.000000,4.000000,4.000000,4.000000,4.000000,83.333336
1614076742.753030,80.000000,0.000000,1.824333,-0.332476,3.653903,0.797757,10.976781,4.436582,6.862637,15.892186,5.340632,18.028610,15.114992,12.875833,23.006067,21.987574,32.107685,170.043152,19.705481,-14.394974,23.747122,-31.380129,-14.867176,11.550502,6.077774,-0.197902,-7.252147,4.200044,2.570042,2.969196,-0.222741,-0.257977,-8.235445,-7.005526,0.000000,204.000000,4.000000,,,,0.000000,4.000000,4.000000,4.000000,4.000000,4.000000,4.000000,4.000000,4.000000,4.000000,4.000000,4.000000,4.000000,4.000000,4.000000,4.000000,4.000000,4.000000,4.000000,2.000000,4.000000,4.000000,4.000000,4.000000,4.000000,4.000000,4.000000,4.000000,4.000000,4.000000,4.000000,4.000000,4.000000,83.333336
1614076742.760779,81.000000,0.000000,4.386611,-0.332143,8.265634,0.796959,11.478624,6.996248,6.855774,15.363473,5.335291,23.138786,18.689621,15.427059,27.598446,27.606611,31.562759,177.565414,22.762699,-20.021605,24.236195,-27.759007,-13.313848,11.026131,12.225542,1.853578,0.960234,8.298409,2.567472,3.479047,-0.222518,-0.257719,-8.227209,-6.998520,0.000000,167.000000,4.000000,,,,0.000000,4.000000,4.000000,4.000000,4.000000,4.000000,4.000000,4.000000,4.000000,4.000000,4.000000,4.000000,4.000000,4.000000,4.000000,4.000000,4.000000,4.000000,4.000000,2.000000,4.000000,4.000000,4.000000,4.000000,4.000000,4.000000,4.000000,4.000000,4.000000,4.000000,4.000000,4.000000,4.000000,83.333336
1614076742.768529,82.000000,0.000000,5.407866,-0.331811,6.718906,0.796162,10.954325,8.014893,6.848919,13.296828,5.329956,14.910520,16.106829,7.719325,21.929823,17.322596,13.582478,145.080154,19.150192,-43.078506,33.442726,-31.320990,-10.223610,9.989464,12.726137,6.979929,7.625940,5.726007,2.564905,1.424286,0.803346,-0.257461,-8.218982,-6.478701,0.000000,203.000000,4.000000,,,,0.000000,4.000000,4.000000,4.000000,4.000000,4.000000,4.000000,4.000000,4.000000,4.000000,4.000000,4.000000,4.000000,4.000000,4.000000,4.000000,4.000000,4.000000,4.000000,2.000000,4.000000,4.000000,4.000000,4.000000,4.000000,4.000000,4.000000,4.000000,4.000000,4.000000,4.000000,4.000000,4.000000,83.333336
1614076742.776178,83.000000,0.000000,4.889637,-0.331479,2.096802,0.795366,10.943371,8.006878,6.329249,11.232249,5.324626,7.716122,13.013799,2.583400,18.318150,14.741170,8.953511,138.781219,19.643862,-25.086710,40.588772,-29.238388,-6.623643,11.517936,12.200591,12.101154,7.618314,3.156178,2.562340,-0.628420,-1.248740,-0.257204,-8.210763,-6.985043,0.000000,200.000000,4.000000,,,,0.000000,4.000000,4.000000,4.000000,4.000000,4.000000,4.000000,4.000000,4.000000,4.000000,4.000000,4.000000,4.000000,4.000000,4.000000,4.000000,4.000000,4.000000,4.000000,2.000000,4.000000,4.000000,4.000000,4.000000,4.000000,4.000000,4.000000,4.000000,4.000000,4.000000,4.000000,4.000000,4.000000,83.333336
1614076742.783927,84.000000,0.000000,4.884748,-0.331148,2.607526,0.794571,10.932427,7.998871,6.322920,10.708197,5.319302,9.246867,13.513605,5.657740,20.351112,24.470018,12.021481,163.770645,19.624218,-11.215469,35.932800,-28.183508,-9.181122,9.455135,12.701211,12.089053,7.097875,3.665843,2.559777,-1.140612,-3.811594,0.255874,-8.202552,-6.465238,0.000000,195.000000,4.000000,,,,0.000000,4.000000,4.000000,4.000000,4.000000,4.000000,4.000000,4.000000,4.000000,4.000000,4.000000,4.000000,4.000000,4.000000,4.000000,4.000000,4.000000,4.000000,4.000000,2.000000,4.000000,4.000000,4.000000,4.000000,4.000000,4.000000,4.000000,4.000000,4.000000,4.000000,4.000000,4.000000,4.000000,83.333336
1614076742.791576,85.000000,0.000000,4.879863,-0.330817,1.066457,1.306597,10.921495,8.503693,8.367879,10.697488,5.313982,9.750442,13.500092,5.139262,14.176915,22.907087,3.804331,153.350464,11.912287,-41.973484,21.537891,-34.821991,-19.428350,5.343117,10.637227,12.076964,6.577957,3.662177,2.557218,-0.626651,-1.243679,-0.257203,-8.194349,-6.458772,0.000000,147.000000,4.000000,,,,0.000000,4.000000,4.000000,4.000000,4.000000,4.000000,4.000000,4.000000,4.000000,4.000000,4.000000,4.000000,4.000000,4.000000,4.000000,4.000000,4.000000,4.000000,4.000000,2.000000,4.000000,4.000000,4.000000,4.000000,4.000000,4.000000,4.000000,4.000000,4.000000,2.000000,4.000000,4.000000,4.000000,66.666664
1614076742.799325,86.000000,0.000000,4.874983,-0.330486,-1.498712,0.792470,10.910574,7.982368,10.410793,10.686790,5.308668,8.715050,12.973771,1.544379,9.547354,14.679052,-0.302038,132.684296,6.259348,-58.341766,15.875328,-41.966656,-30.690973,2.773671,8.575308,10.526426,2.468815,3.658515,2.554660,-0.626025,0.296026,0.255875,-8.186155,-6.965134,0.000000,163.000000,4.000000,,,,0.000000,4.000000,4.000000,4.000000,4.000000,4.000000,4.000000,4.000000,4.000000,4.000000,4.000000,4.000000,4.000000,4.000000,4.000000,4.000000,4.000000,4.000000,4.000000,2.000000,4.000000,4.000000,4.000000,4.000000,4.000000,4.000000,4.000000,4.000000,4.000000,2.000000,4.000000,4.000000,4.000000,66.666664
1614076742.806974,87.000000,0.000000,4.870108,-0.330155,2.092530,0.791677,10.899663,8.487206,10.400383,11.188924,5.303360,8.706335,13.473618,9.235142,22.871140,17.228476,10.980315,141.269562,8.304371,-32.642399,28.167145,-38.847767,-31.173103,2.258077,8.053912,6.413335,-0.097757,3.142036,2.552106,-0.625399,-4.319655,0.255619,-8.177969,-5.932528,0.000000,172.000000,4.000000,,,,0.000000,4.000000,4.000000,4.000000,4.000000,4.000000,4.000000,4.000000,4.000000,4.000000,4.000000,4.000000,4.000000,4.000000,4.000000,4.000000,4.000000,4.000000,4.000000,2.000000,4.000000,4.000000,4.000000,4.000000,4.000000,4.000000,4.000000,4.000000,4.000000,2.000000,4.000000,4.000000,4.000000,66.666664
1614076742.814723,88.000000,0.000000,4.865238,-0.329825,1.064797,1.816526,10.888763,7.453078,10.389982,10.664915,5.810876,9.210449,16.024246,19.995138,34.643139,22.339453,18.661642,146.256500,10.860169,-21.327705,32.754364,-32.655071,-28.065008,3.281460,8.558679,3.842820,-0.610479,1.600432,2.549554,-0.624773,-8.417899,-3.334380,-8.169791,-7.977878,0.000000,228.000000,4.000000,,,,0.000000,4.000000,4.000000,4.000000,4.000000,4.000000,4.000000,4.000000,4.000000,4.000000,4.000000,4.000000,4.000000,4.000000,4.000000,4.000000,4.000000,4.000000,4.000000,2.000000,4.000000,4.000000,4.000000,4.000000,4.000000,4.000000,4.000000,4.000000,4.000000,2.000000,4.000000,4.000000,4.000000,66.666664
1614076742.822372,89.000000,0.000000,4.860373,-0.329495,-8.679857,-1.775034,10.877874,3.343061,10.379592,11.167070,4.266604,9.201239,17.546684,18.436682,29.993113,19.240189,17.617340,139.956390,11.362130,-33.614071,25.542122,-34.160877,-29.062584,3.278178,8.550120,4.351797,-4.712433,0.060370,2.034184,-0.624148,-7.896661,-8.459250,-8.161621,-14.636566,0.000000,189.000000,4.000000,,,,0.000000,4.000000,4.000000,4.000000,4.000000,4.000000,4.000000,4.000000,4.000000,4.000000,4.000000,4.000000,4.000000,4.000000,4.000000,4.000000,4.000000,4.000000,4.000000,2.000000,4.000000,4.000000,4.000000,4.000000,4.000000,4.000000,4.000000,4.000000,4.000000,2.000000,4.000000,4.000000,4.000000,66.666664
1614076742.830122,90.000000,0.000000,4.855512,-0.841986,-13.799383,-8.952745,10.866997,0.775616,10.369213,13.720006,0.159773,9.192038,17.016317,12.777219,25.347734,18.708128,20.676645,154.175415,14.427691,-31.016354,29.106323,-30.536974,-20.828392,2.762079,8.541570,3.834625,-8.810285,-1.990972,2.544970,-0.623524,-7.375944,-11.014894,-8.153460,-18.211674,0.000000,126.000000,4.000000,,,,0.000000,4.000000,4.000000,4.000000,4.000000,4.000000,4.000000,4.000000,4.000000,4.000000,4.000000,4.000000,4.000000,4.000000,4.000000,4.000000,4.000000,4.000000,4.000000,2.000000,4.000000,4.000000,4.000000,4.000000,4.000000,4.000000,4.000000,4.000000,4.000000,2.000000,4.000000,4.000000,4.000000,66.666664
1614076742.837771,91.000000,0.000000,4.850657,-0.328324,-12.247122,-10.995075,11.368950,-0.763622,10.358844,14.731927,-1.891668,8.157204,16.999300,13.790082,27.373669,24.330446,26.809816,171.457138,19.541468,-21.241749,32.154140,-16.660284,-3.884487,8.913163,8.533029,4.856431,-7.775833,-4.040263,3.568066,-0.622901,-7.368568,-11.516700,-8.145307,-19.731924,0.000000,203.000000,4.000000,,,,0.000000,4.000000,4.000000,4.000000,4.000000,4.000000,4.000000,4.000000,4.000000,4.000000,4.000000,4.000000,4.000000,4.000000,4.000000,4.000000,4.000000,4.000000,4.000000,2.000000,4.000000,4.000000,4.000000,4.000000,4.000000,4.000000,4.000000,4.000000,4.000000,2.000000,4.000000,4.000000,4.000000,66.666664
1614076742.845520,92.000000,0.000000,4.845806,1.723287,-12.234875,-9.958439,8.793479,-2.814140,10.348485,12.153092,-1.889777,5.584944,17.495121,14.801933,25.295013,25.331757,24.218903,170.772858,20.034748,-23.784609,23.404036,-14.592341,-1.829321,20.699121,8.524495,7.415678,-7.768057,-4.549044,2.538857,-1.135098,-7.361199,-10.992362,-8.137161,-21.763474,0.000000,176.000000,4.000000,,,,0.000000,4.000000,4.000000,4.000000,4.000000,4.000000,4.000000,4.000000,4.000000,4.000000,4.000000,4.000000,4.000000,4.000000,4.000000,4.000000,4.000000,4.000000,4.000000,2.000000,4.000000,4.000000,4.000000,4.000000,4.000000,4.000000,4.000000,4.000000,4.000000,2.000000,4.000000,4.000000,4.000000,66.666664
1614076742.853169,93.000000,0.000000,4.840960,3.772845,-12.735460,-9.948481,4.682121,-3.324147,9.825315,10.602478,-3.939169,5.066539,17.477627,13.248670,19.628693,21.203861,14.451095,159.320038,18.989071,-30.427490,17.739607,-25.346979,-13.622363,21.191244,8.515971,7.921082,-7.760289,-4.031674,2.023498,-0.621143,-8.379479,-8.930088,-8.129024,-21.228889,0.000000,198.000000,4.000000,,,,0.000000,4.000000,4.000000,4.000000,4.000000,4.000000,4.000000,4.000000,4.000000,4.000000,4.000000,4.000000,4.000000,4.000000,4.000000,4.000000,4.000000,4.000000,4.000000,2.000000,4.000000,4.000000,4.000000,4.000000,4.000000,4.000000,4.000000,4.000000,4.000000,2.000000,4.000000,4.000000,4.000000,66.666664
1614076742.860918,94.000000,0.000000,4.323298,3.256252,-12.209905,-10.451353,3.138977,-2.808002,10.328311,11.104696,-5.986512,7.112754,16.434507,13.235421,18.070602,21.695478,6.231515,138.647888,20.508543,-33.473988,21.824430,-29.424196,-15.660023,6.811078,8.507455,8.425982,-2.624324,-4.027642,8.175321,1.943581,-2.730074,-7.382697,-8.120894,-16.079454,0.000000,187.000000,4.000000,,,,0.000000,4.000000,4.000000,4.000000,4.000000,4.000000,4.000000,4.000000,4.000000,4.000000,4.000000,4.000000,4.000000,4.000000,4.000000,4.000000,4.000000,4.000000,4.000000,2.000000,4.000000,4.000000,4.000000,4.000000,4.000000,4.000000,4.000000,4.000000,4.000000,2.000000,4.000000,4.000000,4.000000,66.666664
1614076742.868567,95.000000,0.000000,4.831796,3.252996,-12.197695,-9.928081,3.648659,-2.805194,10.317983,11.093591,-5.980525,9.156923,17.956535,13.735006,19.078173,22.699423,5.199643,128.252838,16.385471,-33.440514,28.469273,-30.420414,-15.644363,1.163241,8.498948,11.494479,-0.570418,-4.536435,10.218427,3.480099,3.426502,-7.375314,-8.112774,-13.499273,0.000000,202.000000,4.000000,,,,0.000000,4.000000,4.000000,4.000000,4.000000,4.000000,4.000000,4.000000,4.000000,4.000000,4.000000,4.000000,4.000000,4.000000,4.000000,4.000000,4.000000,4.000000,4.000000,2.000000,4.000000,4.000000,4.000000,4.000000,4.000000,4.000000,4.000000,4.000000,4.000000,2.000000,4.000000,4.000000,4.000000,66.666664
1614076742.876416,96.000000,0.000000,4.826964,3.249743,-12.185497,-9.918153,3.132190,-2.802389,9.794844,9.031216,-5.461724,9.147767,16.912937,13.721272,17.520634,16.522877,4.681623,137.868179,5.599855,-36.483994,21.774137,-41.672043,-27.936411,5.264642,8.490449,11.482985,-5.698052,-4.019078,-1.073843,2.963798,-0.166668,-7.367939,-8.104661,-13.998594,8064.000000,0.000000,4.000000,,,,0.000000,4.000000,4.000000,4.000000,4.000000,4.000000,4.000000,4.000000,4.000000,4.000000,4.000000,4.000000,4.000000,4.000000,4.000000,4.000000,4.000000,4.000000,4.000000,2.000000,4.000000,4.000000,4.000000,4.000000,4.000000,4.000000,4.000000,4.000000,4.000000,2.000000,4.000000,4.000000,4.000000,66.666664
1614076742.884165,97.000000,0.000000,4.309317,3.246493,-12.173311,-9.908235,3.129058,-2.799586,10.297870,7.483723,-5.456263,9.138619,10.742178,13.707550,14.939010,8.301227,-1.989726,127.986717,-1.585232,-50.293667,2.265184,-51.373962,-38.677704,-6.022674,7.969138,6.343297,-8.769278,-4.015059,-9.790718,2.960835,-7.345988,-7.360570,-8.096557,-13.984596,8064.000000,0.000000,4.000000,,,,0.000000,4.000000,4.000000,4.000000,4.000000,4.000000,4.000000,4.000000,4.000000,4.000000,4.000000,4.000000,4.000000,4.000000,4.000000,4.000000,4.000000,4.000000,4.000000,2.000000,4.000000,4.000000,4.000000,4.000000,4.000000,4.000000,4.000000,4.000000,4.000000,2.000000,4.000000,4.000000,4.000000,66.666664
1614076742.892014,98.000000,0.000000,4.817828,3.243247,-12.161139,-9.898326,3.638749,-2.796787,12.851674,7.476239,-5.450806,9.129480,5.090410,13.693843,14.411251,6.241643,-7.115941,95.551033,0.980456,-67.679268,2.775739,-52.348228,-40.177490,-21.914087,8.473989,2.747209,-8.247687,-4.523865,-7.729645,2.957874,-7.851463,-7.353210,-8.088460,-14.996252,8064.000000,0.000000,4.000000,,,,0.000000,4.000000,4.000000,4.000000,4.000000,4.000000,4.000000,4.000000,4.000000,4.000000,4.000000,4.000000,4.000000,4.000000,4.000000,4.000000,4.000000,4.000000,4.000000,2.000000,4.000000,4.000000,4.000000,4.000000,4.000000,4.000000,4.000000,4.000000,4.000000,2.000000,4.000000,4.000000,4.000000,66.666664
1614076742.899763,99.000000,0.000000,9.428394,3.240003,-12.661798,-9.888428,3.122290,-2.793990,14.377284,6.955942,-5.445355,9.120351,5.598140,13.680149,15.935301,6.748222,-0.954979,101.609329,8.158962,-67.098770,24.311424,-52.808701,-39.111671,-9.584480,10.516797,0.693180,-8.752260,-4.006520,-4.644992,2.954916,-6.817970,-7.345857,-8.593192,-17.545359,8064.000000,0.000000,4.000000,,,,0.000000,4.000000,4.000000,4.000000,4.000000,4.000000,4.000000,4.000000,4.000000,4.000000,4.000000,4.000000,4.000000,4.000000,4.000000,4.000000,4.000000,4.000000,4.000000,2.000000,4.000000,4.000000,4.000000,4.000000,4.000000,4.000000,4.000000,4.000000,4.000000,2.000000,4.000000,4.000000,4.000000,66.666664
1614076742.907612,100.000000,0.000000,12.495889,5.800866,-12.136315,-9.878539,3.631988,-2.791196,13.850086,9.000268,-5.439910,9.111231,6.105363,13.666469,17.970648,6.741474,13.404950,134.328232,14.304649,-37.800900,31.466600,-48.653328,-28.303328,16.578951,12.044742,-0.333154,-1.564021,-1.951232,-2.589065,2.951961,-7.836793,-6.825690,-7.046137,-17.014994,8064.000000,0.000000,4.000000,,,,0.000000,4.000000,4.000000,4.000000,4.000000,4.000000,4.000000,4.000000,4.000000,4.000000,4.000000,4.000000,4.000000,4.000000,4.000000,4.000000,4.000000,4.000000,4.000000,2.000000,4.000000,4.000000,4.000000,4.000000,4.000000,4.000000,4.000000,4.000000,4.000000,2.000000,4.000000,4.000000,4.000000,66.666664
1614076742.915361,101.000000,0.000000,12.483394,7.333527,-9.047256,-9.868661,5.679638,-2.788405,14.349057,11.555370,-5.434470,8.589299,5.586437,13.652802,18.978317,6.734733,20.058212,157.783646,15.828807,-9.045152,36.563339,-34.245701,-5.710922,24.254679,12.545518,6.333846,11.770877,-0.410819,3.054549,2.949009,-5.777675,-4.254762,-4.474988,-14.946695,8064.000000,0.000000,4.000000,,,,0.000000,4.000000,4.000000,4.000000,4.000000,4.000000,4.000000,4.000000,4.000000,4.000000,4.000000,4.000000,4.000000,4.000000,4.000000,4.000000,4.000000,4.000000,4.000000,2.000000,4.000000,4.000000,4.000000,4.000000,4.000000,4.000000,4.000000,4.000000,4.000000,2.000000,4.000000,4.000000,4.000000,66.666664
1614076742.923210,102.000000,0.000000,12.470910,6.300552,-5.448465,-9.858792,7.212420,-2.785616,13.309067,8.979712,-5.429036,9.093530,5.580851,13.639150,18.959339,6.727998,11.833026,148.395096,15.812978,-18.779696,48.834469,-23.442225,9.166583,20.640680,12.020152,18.122383,18.425772,-0.410408,7.666880,2.946060,-3.207794,-1.173584,-3.957693,-13.393288,8064.000000,0.000000,4.000000,,,,0.000000,4.000000,4.000000,4.000000,4.000000,4.000000,4.000000,4.000000,4.000000,4.000000,4.000000,4.000000,4.000000,4.000000,4.000000,4.000000,4.000000,4.000000,4.000000,2.000000,4.000000,4.000000,4.000000,4.000000,4.000000,4.000000,4.000000,4.000000,4.000000,2.000000,4.000000,4.000000,4.000000,66.666664
1614076742.930960,103.000000,0.000000,10.407157,4.242970,-4.930196,-10.361754,7.205207,-2.782831,10.731655,4.355349,-5.423607,9.597257,5.575270,13.625510,19.453201,8.259731,1.564782,144.144135,15.797165,-44.401943,29.811275,-23.931602,5.054853,22.671322,10.469670,24.258108,18.920168,-0.409998,7.659213,2.943114,-3.717407,-1.685231,-4.466556,-14.405535,8064.000000,0.000000,4.000000,,,,0.000000,4.000000,4.000000,4.000000,4.000000,4.000000,4.000000,4.000000,4.000000,4.000000,4.000000,4.000000,4.000000,4.000000,4.000000,4.000000,4.000000,4.000000,4.000000,2.000000,4.000000,4.000000,4.000000,4.000000,4.000000,4.000000,4.000000,4.000000,4.000000,2.000000,4.000000,4.000000,4.000000,66.666664
1614076742.938808,104.000000,0.000000,5.268545,3.213085,-5.438087,-9.838572,7.198002,-2.780048,9.695283,3.325352,-5.418183,7.536378,6.595335,13.611884,19.433748,10.815574,-1.000885,144.000000,12.704445,-43.331898,8.755822,-24.933311,-4.693792,20.084547,8.407918,22.182568,16.337145,0.103233,4.061810,2.940171,-3.713690,-3.222008,-3.949269,-17.980873,8064.000000,0.000000,4.000000,,,,0.000000,4.000000,4.000000,4.000000,4.000000,4.000000,4.000000,4.000000,4.000000,4.000000,4.000000,4.000000,4.000000,4.000000,4.000000,4.000000,4.000000,4.000000,4.000000,2.000000,4.000000,4.000000,4.000000,4.000000,4.000000,4.000000,4.000000,4.000000,4.000000,2.000000,4.000000,4.000000,4.000000,66.666664
1614076742.946558,105.000000,0.000000,3.724815,3.722693,-2.868546,-5.726169,7.703625,-2.264447,10.198408,3.834847,-5.412765,10.605764,8.640022,13.598272,18.388674,10.291938,-1.512705,116.676506,10.640458,-48.416771,25.670143,-24.908379,-9.817303,8.269591,7.886690,18.057821,14.782346,-0.922511,2.519287,2.937231,-3.197155,-4.244427,-3.945320,-14.373149,8064.000000,0.000000,4.000000,,,,0.000000,4.000000,4.000000,4.000000,4.000000,4.000000,4.000000,4.000000,4.000000,4.000000,4.000000,4.000000,4.000000,4.000000,4.000000,4.000000,4.000000,4.000000,4.000000,2.000000,4.000000,4.000000,4.000000,4.000000,4.000000,4.000000,4.000000,4.000000,4.000000,2.000000,4.000000,4.000000,4.000000,66.666664
1614076742.954407,106.000000,0.000000,4.746731,3.206150,2.775348,-2.130699,7.183101,-2.262183,10.188210,3.831012,-5.407352,18.800287,9.657023,13.584675,19.395926,11.307287,-2.536833,87.841881,12.168279,-71.445282,32.311142,-28.986034,-14.935691,1.081835,8.904444,15.475660,15.280384,0.616873,8.670613,2.934294,-3.706779,-2.701720,-3.941374,-5.128006,8064.000000,0.000000,4.000000,,,,0.000000,4.000000,4.000000,4.000000,4.000000,4.000000,4.000000,4.000000,4.000000,4.000000,4.000000,4.000000,4.000000,4.000000,4.000000,4.000000,4.000000,4.000000,4.000000,2.000000,4.000000,4.000000,4.000000,4.000000,4.000000,4.000000,4.000000,4.000000,4.000000,2.000000,4.000000,4.000000,4.000000,66.666664
1614076742.962156,107.000000,0.000000,4.741984,3.202943,5.336676,-2.128569,7.688738,-2.772741,10.178021,3.314361,-5.401945,16.730204,9.647367,14.083910,17.838068,11.808801,-2.021476,105.702759,10.104829,-61.117424,11.766008,-39.213459,-27.228447,3.132035,7.357078,14.947364,10.649718,3.180358,7.636302,2.931359,-3.190251,0.377904,-3.937433,-2.045955,8064.000000,0.000000,4.000000,,,,0.000000,4.000000,4.000000,4.000000,4.000000,4.000000,4.000000,4.000000,4.000000,4.000000,4.000000,4.000000,4.000000,4.000000,4.000000,4.000000,4.000000,4.000000,4.000000,2.000000,4.000000,4.000000,4.000000,4.000000,4.000000,4.000000,4.000000,4.000000,4.000000,2.000000,4.000000,4.000000,4.000000,66.666664
1614076742.970005,108.000000,0.000000,4.737242,3.712561,5.331339,-2.639261,6.655408,-2.257148,8.116561,3.823867,-5.396543,6.457064,9.124898,12.531364,11.666384,0.514940,-9.711761,124.571411,1.889596,-43.107586,6.113217,-56.610142,-40.021732,0.051980,4.785618,14.932417,-1.155803,0.613075,-6.730309,2.928428,-3.187061,-0.648115,-4.959136,-2.556730,8064.000000,0.000000,4.000000,,,,0.000000,4.000000,4.000000,4.000000,4.000000,4.000000,4.000000,4.000000,4.000000,4.000000,4.000000,4.000000,4.000000,4.000000,4.000000,4.000000,4.000000,4.000000,4.000000,2.000000,4.000000,4.000000,4.000000,4.000000,4.000000,4.000000,4.000000,4.000000,4.000000,2.000000,4.000000,4.000000,4.000000,66.666664
1614076742.977754,109.000000,0.000000,4.732505,2.683207,6.864469,-3.662262,5.623112,-2.254891,6.569983,3.820043,-5.391146,3.886504,8.090133,10.467551,8.064974,-11.280446,-18.419998,99.318634,-0.163576,-65.628586,9.184027,-64.758659,-42.032993,-8.666020,5.293653,14.404664,-5.770031,-4.002922,-11.851784,2.925499,-6.260797,-4.237210,-5.979818,-2.554173,8064.000000,0.000000,4.000000,,,,0.000000,4.000000,4.000000,4.000000,4.000000,4.000000,4.000000,4.000000,4.000000,4.000000,4.000000,4.000000,4.000000,4.000000,4.000000,4.000000,4.000000,4.000000,4.000000,2.000000,4.000000,4.000000,4.000000,4.000000,4.000000,4.000000,4.000000,4.000000,4.000000,2.000000,4.000000,4.000000,4.000000,66.666664
1614076742.985603,110.000000,0.000000,5.240593,-1.934860,4.806323,-7.761164,4.591848,-7.380841,6.050592,4.329043,-5.385755,5.933900,7.056401,9.944263,12.159472,-4.089679,-4.042604,99.219315,9.580177,-65.562958,15.328689,-48.796467,-33.273010,-6.606073,7.852462,14.390259,-4.225800,-4.511740,-3.121983,2.922574,-10.357100,-7.309896,-9.563582,-14.859311,8064.000000,0.000000,4.000000,,,,0.000000,4.000000,4.000000,4.000000,4.000000,4.000000,4.000000,4.000000,4.000000,4.000000,4.000000,4.000000,4.000000,4.000000,4.000000,4.000000,4.000000,4.000000,4.000000,2.000000,4.000000,4.000000,4.000000,4.000000,4.000000,4.000000,4.000000,4.000000,4.000000,2.000000,4.000000,4.000000,4.000000,66.666664
1614076742.993352,111.000000,0.000000,5.748173,-4.497028,-3.403612,-10.317506,-0.028129,-13.014485,6.557363,3.811894,-5.380370,2.338223,4.998063,9.934319,15.737057,7.196462,20.064003,131.940613,16.237265,-32.676880,38.390282,-28.234850,-20.932045,10.323610,8.870251,14.888689,-5.760036,-4.507228,-0.554759,2.919651,-11.885205,-9.866689,-16.220686,-29.716248,8064.000000,0.000000,4.000000,,,,0.000000,4.000000,4.000000,4.000000,4.000000,4.000000,4.000000,4.000000,4.000000,4.000000,4.000000,4.000000,4.000000,4.000000,4.000000,4.000000,4.000000,4.000000,4.000000,2.000000,4.000000,4.000000,4.000000,4.000000,4.000000,4.000000,4.000000,4.000000,4.000000,2.000000,4.000000,4.000000,4.000000,66.666664
1614076743.001201,112.000000,0.000000,3.178322,-3.979711,-4.425849,-10.307188,-3.617844,-14.027112,6.550805,3.295262,-5.887810,0.797423,6.531526,10.437205,15.208499,7.189266,26.710606,146.167648,15.708206,-19.823689,47.582661,-23.078409,-6.552139,20.056877,8.348560,15.386621,0.399570,-2.964259,-1.579845,2.403911,-9.822038,-10.369642,-18.255747,-24.045506,8064.000000,0.000000,4.000000,,,,0.000000,4.000000,4.000000,4.000000,4.000000,4.000000,4.000000,4.000000,4.000000,4.000000,4.000000,4.000000,4.000000,4.000000,4.000000,4.000000,4.000000,4.000000,4.000000,2.000000,4.000000,4.000000,4.000000,4.000000,4.000000,4.000000,4.000000,4.000000,4.000000,2.000000,4.000000,4.000000,4.000000,66.666664
1614076743.008950,113.000000,0.000000,1.123862,-3.975731,4.296525,-6.707137,1.513979,-13.500265,9.108356,5.856069,-3.830640,4.386369,14.217302,10.939589,16.218931,10.771820,27.196714,130.636856,17.743780,-38.265404,35.740208,-22.542511,2.172362,17.472717,8.853032,14.858414,12.194042,1.654090,5.088402,2.914328,-7.760933,-6.256709,-13.622107,-11.713767,8064.000000,0.000000,4.000000,,,,0.000000,4.000000,4.000000,4.000000,4.000000,4.000000,4.000000,4.000000,4.000000,4.000000,4.000000,4.000000,4.000000,4.000000,4.000000,4.000000,4.000000,4.000000,4.000000,2.000000,4.000000,4.000000,4.000000,4.000000,4.000000,4.000000,4.000000,4.000000,4.000000,2.000000,4.000000,4.000000,4.000000,66.666664
1614076743.016599,114.000000,0.000000,1.635558,-4.484576,9.933254,-1.572225,7.153491,-13.486764,11.150531,5.850213,-2.288347,5.920444,15.228726,7.851726,14.664251,17.940535,24.092594,124.865196,13.110652,-46.432266,33.653187,-25.084070,-7.060580,15.403962,8.331359,15.356377,12.694669,3.190897,10.211518,4.962696,-7.240352,-3.173529,-11.044381,-9.650771,8064.000000,0.000000,4.000000,,,,0.000000,4.000000,4.000000,4.000000,4.000000,4.000000,4.000000,4.000000,4.000000,4.000000,4.000000,4.000000,4.000000,4.000000,4.000000,4.000000,4.000000,4.000000,4.000000,2.000000,4.000000,4.000000,4.000000,4.000000,4.000000,4.000000,4.000000,4.000000,4.000000,2.000000,4.000000,4.000000,4.000000,66.666664
1614076743.024348,115.000000,0.000000,-0.417359,-3.967271,8.897680,0.993450,5.095055,-13.986098,9.600919,1.741799,-3.824521,2.837600,3.418626,4.254130,6.957279,10.230288,0.991579,102.689049,-1.774254,-62.796089,31.568251,-38.905140,-22.438135,13.850097,8.835848,16.366661,8.066589,0.623604,7.124384,7.009015,-7.233112,-3.170356,-12.058978,-8.615479,8064.000000,0.000000,4.000000,,,,0.000000,4.000000,4.000000,4.000000,4.000000,4.000000,4.000000,4.000000,4.000000,4.000000,4.000000,4.000000,4.000000,4.000000,4.000000,4.000000,4.000000,4.000000,4.000000,2.000000,4.000000,4.000000,4.000000,4.000000,4.000000,4.000000,4.000000,4.000000,4.000000,2.000000,4.000000,4.000000,4.000000,66.666664
1614076743.031997,116.000000,0.000000,-7.596429,-4.476124,8.888783,0.992456,2.525857,-13.459291,7.540035,-0.824046,-5.871978,-3.319083,-1.712998,4.762697,1.309296,-4.651738,-20.547874,80.022263,-5.875044,-74.015343,18.203348,-50.661106,-29.595184,-0.009907,8.827012,10.709269,5.494421,-0.402661,3.527516,7.002006,-7.225879,-3.167185,-11.534099,-6.042761,8064.000000,0.000000,4.000000,,,,0.000000,4.000000,4.000000,4.000000,4.000000,4.000000,4.000000,4.000000,4.000000,4.000000,4.000000,4.000000,4.000000,4.000000,4.000000,4.000000,4.000000,4.000000,4.000000,2.000000,4.000000,4.000000,4.000000,4.000000,4.000000,4.000000,4.000000,4.000000,4.000000,2.000000,4.000000,4.000000,4.000000,66.666664
1614076743.039746,117.000000,0.000000,-10.665756,-4.471648,9.392715,0.991464,4.061793,-13.445832,6.506855,0.202419,-5.353286,-8.443970,-1.711285,-2.934373,-0.743295,-10.800933,-24.629890,81.993523,-9.971733,-77.531075,-1.814855,-63.430958,-43.411743,-20.009897,2.664339,1.980611,-2.716202,-3.479182,3.011168,6.482183,-7.218653,-5.728120,-11.522565,-10.139283,8064.000000,0.000000,4.000000,,,,0.000000,4.000000,4.000000,4.000000,4.000000,4.000000,4.000000,4.000000,4.000000,4.000000,4.000000,4.000000,4.000000,4.000000,4.000000,4.000000,4.000000,4.000000,4.000000,2.000000,4.000000,4.000000,4.000000,4.000000,4.000000,4.000000,4.000000,4.000000,4.000000,2.000000,4.000000,4.000000,4.000000,66.666664
1614076743.047396,118.000000,0.000000,-9.629449,-3.954355,9.896142,1.503293,3.032090,-12.919566,4.449066,-0.310604,-6.373573,-9.461166,-9.401881,-17.803234,-6.383577,-12.328593,-33.323208,63.449989,-27.397659,-109.761238,-28.992527,-87.470093,-62.855511,-28.195015,-5.543454,-2.123934,-11.431435,-7.578267,0.444054,6.475701,-7.724255,-10.337777,-10.998221,-14.231708,8064.000000,0.000000,4.000000,,,,0.000000,4.000000,4.000000,4.000000,4.000000,4.000000,4.000000,4.000000,4.000000,4.000000,4.000000,4.000000,4.000000,4.000000,4.000000,4.000000,4.000000,4.000000,4.000000,2.000000,4.000000,4.000000,4.000000,4.000000,4.000000,4.000000,4.000000,4.000000,4.000000,2.000000,4.000000,4.000000,4.000000,66.666664
1614076743.055145,119.000000,0.000000,-9.619820,-4.463222,8.860605,0.988969,0.464956,-13.932287,2.906155,0.202527,-8.931302,-8.938885,-17.084787,-16.246969,-10.992579,-14.880367,-38.930912,42.873718,-28.395903,-134.779678,-30.501995,-90.972366,-63.305473,-22.012974,-7.076372,-5.711554,-11.420003,-8.083508,-1.607672,6.982046,-7.203710,-11.353080,-8.935942,-14.217476,8064.000000,0.000000,4.000000,,,,0.000000,4.000000,4.000000,4.000000,4.000000,4.000000,4.000000,4.000000,4.000000,4.000000,4.000000,4.000000,4.000000,4.000000,4.000000,4.000000,4.000000,4.000000,4.000000,2.000000,4.000000,4.000000,4.000000,4.000000,4.000000,4.000000,4.000000,4.000000,4.000000,2.000000,4.000000,4.000000,4.000000,66.666664
1614076743.062794,120.000000,0.000000,-10.123020,-3.945938,8.338923,1.500801,-1.073971,-13.405535,2.903249,2.766428,-9.435192,-9.442766,-16.554882,-2.897389,-8.930304,-15.891128,-25.558647,66.933411,-5.803403,-101.824387,2.349019,-64.727547,-52.985760,-18.914038,-6.043654,-14.423791,-15.511147,-10.126707,-1.606064,6.975064,-7.196506,-11.854548,-8.414185,-15.741720,8064.000000,0.000000,4.000000,,,,0.000000,4.000000,4.000000,4.000000,4.000000,4.000000,4.000000,4.000000,4.000000,4.000000,4.000000,4.000000,4.000000,4.000000,4.000000,4.000000,4.000000,4.000000,4.000000,2.000000,4.000000,4.000000,4.000000,4.000000,4.000000,4.000000,4.000000,4.000000,4.000000,2.000000,4.000000,4.000000,4.000000,66.666664
1614076743.070543,121.000000,0.000000,-9.600077,0.160572,11.920328,3.550582,-0.560076,-9.289565,2.387525,3.276482,-8.912936,-12.510246,-16.538328,0.695252,-6.870091,-16.388058,-16.815140,75.584427,3.433169,-69.927689,4.910772,-54.919231,-53.445595,-20.946407,-6.550431,-19.537573,-22.675123,-12.167863,-1.091638,5.429627,-7.702130,-15.945257,-6.867309,-9.572132,8064.000000,0.000000,4.000000,,,,0.000000,4.000000,4.000000,4.000000,4.000000,4.000000,4.000000,4.000000,4.000000,4.000000,4.000000,4.000000,4.000000,4.000000,4.000000,4.000000,4.000000,4.000000,4.000000,2.000000,4.000000,4.000000,4.000000,4.000000,4.000000,4.000000,4.000000,4.000000,4.000000,2.000000,4.000000,4.000000,4.000000,66.666664
1614076743.078192,122.000000,0.000000,-9.590477,5.801437,16.523792,5.085493,3.030227,-5.690532,3.410779,5.324487,-8.904023,-12.497736,-16.008968,-1.869546,-6.350400,-17.397310,-18.336786,61.662685,-2.724110,-99.088531,-15.606959,-64.095078,-48.776764,-12.207511,-6.543881,-18.492393,-19.575525,-7.540310,-1.090546,2.860095,-6.155967,-13.365210,-2.245057,5.822055,8064.000000,0.000000,4.000000,,,,0.000000,4.000000,4.000000,4.000000,4.000000,4.000000,4.000000,4.000000,4.000000,4.000000,4.000000,4.000000,4.000000,4.000000,4.000000,4.000000,4.000000,4.000000,4.000000,2.000000,4.000000,4.000000,4.000000,4.000000,4.000000,4.000000,4.000000,4.000000,4.000000,2.000000,4.000000,4.000000,4.000000,66.666664
1614076743.085941,123.000000,0.000000,-9.068066,7.334097,15.994449,4.567587,2.514376,-5.684841,2.381727,7.883265,-10.433580,-11.459598,-13.428857,-0.842035,-6.344050,-16.354271,-10.626142,91.857430,-2.721386,-94.374062,2.357366,-57.877140,-32.830551,1.138030,-6.024517,-16.935440,-11.863642,-3.943026,-1.089456,2.857235,-1.534426,-5.146716,-0.704351,13.508541,8064.000000,0.000000,4.000000,,,,0.000000,4.000000,4.000000,4.000000,4.000000,4.000000,4.000000,4.000000,4.000000,4.000000,4.000000,4.000000,4.000000,4.000000,4.000000,4.000000,4.000000,4.000000,4.000000,2.000000,4.000000,4.000000,4.000000,4.000000,4.000000,4.000000,4.000000,4.000000,4.000000,2.000000,4.000000,4.000000,4.000000,66.666664
1614076743.093590,124.000000,0.000000,-11.110280,6.813942,17.004095,4.563019,-2.616343,-6.191977,-3.774501,6.849741,-12.987249,-15.037882,-12.902608,-3.918116,-6.850527,-12.235353,-4.461669,118.945061,-2.205844,-61.459171,24.919111,-44.998749,-21.002848,5.239456,-6.531312,-11.790299,-10.313316,-2.913442,-1.601187,3.367198,1.031211,-3.603108,-0.190826,11.956571,8064.000000,0.000000,4.000000,,,,0.000000,4.000000,4.000000,4.000000,4.000000,4.000000,4.000000,4.000000,4.000000,4.000000,4.000000,4.000000,4.000000,4.000000,4.000000,4.000000,4.000000,4.000000,4.000000,2.000000,4.000000,4.000000,4.000000,4.000000,4.000000,4.000000,4.000000,4.000000,4.000000,2.000000,4.000000,4.000000,4.000000,66.666664
1614076743.101439,125.000000,0.000000,-13.150452,6.807129,22.115295,4.558456,-0.562445,-5.672965,-7.873291,4.791609,-10.922980,-7.330536,-8.274321,-8.529583,-2.741112,-1.966708,-2.405926,110.108170,-5.280561,-60.884892,20.791628,-44.440929,-14.828000,3.182934,-6.011961,-2.547740,-8.251721,0.679215,-1.086765,-0.738733,-1.021102,-3.086684,2.373468,11.431794,8064.000000,0.000000,4.000000,,,,0.000000,4.000000,4.000000,4.000000,4.000000,4.000000,4.000000,4.000000,4.000000,4.000000,4.000000,4.000000,4.000000,4.000000,4.000000,4.000000,4.000000,4.000000,4.000000,2.000000,4.000000,4.000000,4.000000,4.000000,4.000000,4.000000,4.000000,4.000000,4.000000,2.000000,4.000000,4.000000,4.000000,66.666664
1614076743.109188,126.000000,0.000000,-13.137300,7.313142,24.657284,4.553898,7.130425,-5.667292,-3.762853,7.350920,-5.783852,10.625512,1.990364,-6.469771,5.979578,11.368592,7.340070,122.305756,-4.762460,-73.644524,30.514425,-44.396488,-13.787531,4.205392,-3.441846,1.557372,-4.140905,4.268279,-0.572858,-4.840559,-3.071363,2.557428,1.345453,12.446003,8064.000000,0.000000,4.000000,,,,0.000000,4.000000,4.000000,4.000000,4.000000,4.000000,4.000000,4.000000,4.000000,4.000000,4.000000,4.000000,4.000000,4.000000,4.000000,4.000000,4.000000,4.000000,4.000000,2.000000,4.000000,4.000000,4.000000,4.000000,4.000000,4.000000,4.000000,4.000000,4.000000,2.000000,4.000000,4.000000,4.000000,66.666664
1614076743.117037,127.000000,0.000000,-13.124164,6.793008,23.606985,4.036523,5.072013,-6.174445,-0.682168,6.317928,-5.778069,8.563605,1.988374,-3.899199,4.947957,8.793121,-0.359578,125.773193,-2.706416,-73.570877,35.099297,-48.967476,-24.542974,2.149905,-1.899943,1.042994,-3.111124,3.751190,-3.649208,-4.835718,-3.581112,2.554871,-0.707174,11.920736,8064.000000,0.000000,4.000000,,,,0.000000,4.000000,4.000000,4.000000,4.000000,4.000000,4.000000,4.000000,4.000000,4.000000,4.000000,4.000000,4.000000,4.000000,4.000000,4.000000,4.000000,4.000000,4.000000,2.000000,4.000000,4.000000,4.000000,4.000000,4.000000,4.000000,4.000000,4.000000,4.000000,2.000000,4.000000,4.000000,4.000000,66.666664
1614076743.124786,0.000000,0.000000,-13.111039,6.786215,23.583378,4.545307,-0.574085,-6.168270,-0.168665,-1.893518,-8.849214,-9.906497,-8.270024,-5.433761,-5.826221,-8.138749,-24.974604,93.339722,-4.754992,-86.317818,9.935992,-65.328766,-36.826122,-2.980450,-2.410863,1.554772,-4.133653,3.234619,-7.748123,-4.318062,-4.090352,-2.575889,3.908917,11.395995,0.000000,190.000000,4.000000,,,,0.000000,4.000000,4.000000,4.000000,4.000000,4.000000,4.000000,4.000000,4.000000,4.000000,4.000000,4.000000,4.000000,4.000000,4.000000,4.000000,4.000000,4.000000,4.000000,2.000000,4.000000,4.000000,4.000000,4.000000,4.000000,4.000000,4.000000,4.000000,4.000000,2.000000,4.000000,4.000000,4.000000,66.666664
1614076743.132635,1.000000,0.000000,-13.097928,6.779429,23.559795,6.592044,-0.573511,-6.162102,1.882786,-8.045470,-9.353185,-12.460693,-12.364319,-9.018071,-11.974241,-15.822918,-27.000910,83.502792,-7.314339,-99.052010,1.208107,-71.930099,-38.327759,-5.028752,-2.408453,0.014755,-4.129519,3.744205,-6.714734,-3.800923,-3.060620,0.503610,7.494752,11.384600,0.000000,173.000000,4.000000,,,,0.000000,4.000000,4.000000,4.000000,4.000000,4.000000,4.000000,4.000000,4.000000,4.000000,4.000000,4.000000,4.000000,4.000000,4.000000,4.000000,4.000000,4.000000,4.000000,2.000000,4.000000,4.000000,4.000000,4.000000,4.000000,4.000000,4.000000,4.000000,4.000000,2.000000,4.000000,4.000000,4.000000,66.666664
1614076743.140384,2.000000,0.000000,-13.084830,6.772650,23.536234,8.636734,-0.060117,-6.155940,1.368083,-8.550245,-8.318191,-4.755925,-12.351954,-8.496232,-9.910985,-12.730172,-15.691858,104.957756,-6.794204,-89.722191,18.642796,-64.165863,-37.263790,-4.510902,-2.918865,-2.549362,-4.638211,3.227640,-4.143917,-1.745840,-1.006278,5.118491,6.461617,11.373215,0.000000,199.000000,4.000000,,,,0.000000,4.000000,4.000000,4.000000,4.000000,4.000000,4.000000,4.000000,4.000000,4.000000,4.000000,4.000000,4.000000,4.000000,4.000000,4.000000,4.000000,4.000000,4.000000,2.000000,4.000000,4.000000,4.000000,4.000000,4.000000,4.000000,4.000000,4.000000,4.000000,2.000000,4.000000,4.000000,4.000000,66.666664
1614076743.148233,3.000000,0.000000,-13.071746,6.765877,23.512699,8.115277,0.452764,-6.149784,-0.171747,-2.900670,-8.822693,-6.289630,-11.826782,-3.359531,-8.875433,-10.153339,-18.240269,94.083565,-3.710487,-83.478622,21.701077,-59.999134,-37.739346,-4.506392,-2.403125,-3.572453,-4.120752,3.737233,-4.652593,-0.205633,0.533190,2.036449,6.455155,11.361841,0.000000,189.000000,4.000000,,,,0.000000,4.000000,4.000000,4.000000,4.000000,4.000000,4.000000,4.000000,4.000000,4.000000,4.000000,4.000000,4.000000,4.000000,4.000000,4.000000,4.000000,4.000000,4.000000,2.000000,4.000000,4.000000,4.000000,4.000000,4.000000,4.000000,4.000000,4.000000,4.000000,2.000000,4.000000,4.000000,4.000000,66.666664
1614076743.155983,4.000000,0.000000,-13.058674,6.759111,23.489185,8.107162,2.503593,-6.143634,2.392527,4.794538,-8.813870,-10.385905,-5.661109,0.746393,-8.866558,-11.681647,-15.657926,82.194611,0.395788,-94.164375,13.474248,-60.964779,-37.188786,-4.501885,-2.400722,-4.594522,-4.116631,2.195034,-5.160761,-0.718248,0.019836,-0.529690,6.961520,11.863300,0.000000,193.000000,4.000000,,,,0.000000,4.000000,4.000000,4.000000,4.000000,4.000000,4.000000,4.000000,4.000000,4.000000,4.000000,4.000000,4.000000,4.000000,4.000000,4.000000,4.000000,4.000000,4.000000,2.000000,4.000000,4.000000,4.000000,4.000000,4.000000,4.000000,4.000000,4.000000,4.000000,2.000000,4.000000,4.000000,4.000000,66.666664
1614076743.163832,5.000000,0.000000,-10.481513,6.752352,23.465696,8.611875,3.526731,-6.137491,2.902955,8.379488,-8.805057,-9.862699,-1.040063,-1.305636,-3.216666,-12.695606,-2.308935,95.958572,1.421033,-96.634315,9.871030,-59.365353,-37.664417,-5.010204,-3.423962,-6.128389,-4.625335,-0.371264,-4.642780,-0.717529,0.532637,-0.016340,4.903276,11.338616,0.000000,176.000000,4.000000,,,,0.000000,4.000000,4.000000,4.000000,4.000000,4.000000,4.000000,4.000000,4.000000,4.000000,4.000000,4.000000,4.000000,4.000000,4.000000,4.000000,4.000000,4.000000,4.000000,2.000000,4.000000,4.000000,4.000000,4.000000,4.000000,4.000000,4.000000,4.000000,4.000000,2.000000,4.000000,4.000000,4.000000,66.666664
1614076743.171581,6.000000,0.000000,-7.394108,6.745600,23.442230,6.551981,4.036025,-6.644174,2.900052,7.345467,-8.796251,-8.827195,-1.039023,-0.791510,6.017320,-2.426501,1.283118,106.119019,1.419612,-84.229988,17.553467,-53.664959,-29.421625,-1.415450,-1.882077,-6.635081,-3.082248,-0.370892,-4.638137,-0.716812,0.019284,0.496497,2.847091,10.814457,0.000000,166.000000,4.000000,,,,0.000000,4.000000,4.000000,4.000000,4.000000,4.000000,4.000000,4.000000,4.000000,4.000000,4.000000,4.000000,4.000000,4.000000,4.000000,4.000000,4.000000,4.000000,4.000000,2.000000,4.000000,4.000000,4.000000,4.000000,4.000000,4.000000,4.000000,4.000000,4.000000,2.000000,4.000000,4.000000,4.000000,66.666664
1614076743.179430,7.000000,0.000000,-5.335432,6.738854,23.418789,4.494147,6.596091,-6.637529,6.486896,7.850942,-8.787455,-4.715804,2.551759,5.363128,9.601047,17.575926,1.281835,114.218033,1.931013,-74.402168,34.458988,-42.329243,-10.417845,5.765452,5.299293,-7.141267,3.587501,2.193581,-4.633499,-0.716095,0.532085,0.496001,2.844244,11.829284,0.000000,173.000000,4.000000,,,,0.000000,4.000000,4.000000,4.000000,4.000000,4.000000,4.000000,4.000000,4.000000,4.000000,4.000000,4.000000,4.000000,4.000000,4.000000,4.000000,4.000000,4.000000,4.000000,2.000000,4.000000,4.000000,4.000000,4.000000,4.000000,4.000000,4.000000,4.000000,4.000000,2.000000,4.000000,4.000000,4.000000,66.666664
1614076743.187179,8.000000,0.000000,-5.842917,6.732115,23.395370,3.976832,6.076674,-6.118072,5.454768,7.843091,-8.778667,0.929938,7.164592,5.357765,8.052984,22.686554,5.895937,123.334579,4.493185,-69.199562,32.373249,-30.492043,-3.227940,11.913533,9.909378,-1.493100,7.686477,3.729849,-4.628865,-0.715379,0.531553,-1.042957,2.841400,11.304634,0.000000,198.000000,4.000000,,,,0.000000,4.000000,4.000000,4.000000,4.000000,4.000000,4.000000,4.000000,4.000000,4.000000,4.000000,4.000000,4.000000,4.000000,4.000000,4.000000,4.000000,4.000000,4.000000,2.000000,4.000000,4.000000,4.000000,4.000000,4.000000,4.000000,4.000000,4.000000,4.000000,2.000000,4.000000,4.000000,4.000000,66.666664
1614076743.195028,9.000000,0.000000,-5.837074,6.725383,23.371975,3.972856,0.429572,-7.137594,-2.242995,4.758325,-8.769889,2.980290,5.106145,-3.365541,8.557752,10.356176,7.428503,127.313812,6.027153,-58.361130,14.904978,-28.923090,-13.993943,12.414440,8.361007,9.790444,6.140329,3.726119,-4.624237,-0.714664,-2.545902,-3.606016,2.838558,5.652304,0.000000,183.000000,4.000000,,,,0.000000,4.000000,4.000000,4.000000,4.000000,4.000000,4.000000,4.000000,4.000000,4.000000,4.000000,4.000000,4.000000,4.000000,4.000000,4.000000,4.000000,4.000000,4.000000,2.000000,4.000000,4.000000,4.000000,4.000000,4.000000,4.000000,4.000000,4.000000,4.000000,2.000000,4.000000,4.000000,4.000000,66.666664
1614076743.202777,10.000000,0.000000,-5.831237,6.718658,23.348602,4.481703,-0.596498,-5.591995,-2.753572,3.215105,-8.761119,2.464489,2.536937,-9.003201,7.523553,4.191974,2.292870,120.007011,-1.158362,-67.020714,11.813150,-39.663395,-24.236359,4.709718,5.275723,11.831936,2.031625,1.158291,-4.619612,-0.713949,-7.158740,-3.602410,2.835720,3.595369,0.000000,180.000000,4.000000,,,,0.000000,4.000000,4.000000,4.000000,4.000000,4.000000,4.000000,4.000000,4.000000,4.000000,4.000000,4.000000,4.000000,4.000000,4.000000,4.000000,4.000000,4.000000,4.000000,2.000000,4.000000,4.000000,4.000000,4.000000,4.000000,4.000000,4.000000,4.000000,4.000000,2.000000,4.000000,4.000000,4.000000,66.666664
1614076743.210626,11.000000,0.000000,-5.825406,6.711939,23.325254,7.041324,2.481021,0.567443,2.377387,3.724710,-8.752357,2.462025,2.021580,-8.994199,3.413465,3.674961,-5.914552,90.143410,-11.413613,-97.722923,11.288516,-52.957066,-33.955711,-5.551402,4.757627,0.538053,-2.585791,-0.381329,-4.614993,-0.713235,-7.664402,-3.085988,2.832884,7.181518,0.000000,204.000000,4.000000,,,,0.000000,4.000000,4.000000,4.000000,4.000000,4.000000,4.000000,4.000000,4.000000,4.000000,4.000000,4.000000,4.000000,4.000000,4.000000,4.000000,4.000000,4.000000,4.000000,2.000000,4.000000,4.000000,4.000000,4.000000,4.000000,4.000000,4.000000,4.000000,4.000000,2.000000,4.000000,4.000000,4.000000,66.666664
1614076743.218375,12.000000,0.000000,-6.332401,6.705227,23.814749,8.572744,4.017002,4.669440,3.400650,3.208165,-8.743606,0.921101,2.532378,-7.959563,4.948513,-0.431278,-4.882996,81.848145,-7.812456,-90.958534,3.072100,-57.519493,-46.229450,-9.648415,4.752869,-8.693254,-4.634488,-0.380948,-4.610377,-0.712522,-7.143917,-6.159824,2.830051,6.661516,0.000000,189.000000,4.000000,,,,0.000000,4.000000,4.000000,4.000000,4.000000,4.000000,4.000000,4.000000,4.000000,4.000000,4.000000,4.000000,4.000000,4.000000,4.000000,4.000000,4.000000,4.000000,4.000000,2.000000,4.000000,4.000000,4.000000,4.000000,4.000000,4.000000,4.000000,4.000000,4.000000,2.000000,4.000000,4.000000,4.000000,66.666664
1614076743.226024,13.000000,0.000000,-5.813248,6.698522,22.252474,8.051351,2.987344,5.177591,1.858788,5.256239,-8.734861,2.458642,4.068307,-0.772116,10.071770,4.184538,8.968040,114.586807,5.015869,-58.047066,10.248515,-50.795307,-48.747322,-7.587484,4.748116,-10.223022,-4.629853,-1.919029,-5.118587,-1.224630,-7.649594,-10.256228,2.827221,1.526649,0.000000,171.000000,4.000000,,,,0.000000,4.000000,4.000000,4.000000,4.000000,4.000000,4.000000,4.000000,4.000000,4.000000,4.000000,4.000000,4.000000,4.000000,4.000000,4.000000,4.000000,4.000000,4.000000,2.000000,4.000000,4.000000,4.000000,4.000000,4.000000,4.000000,4.000000,4.000000,4.000000,2.000000,4.000000,4.000000,4.000000,66.666664
1614076743.233773,14.000000,0.000000,-5.807435,6.691823,18.127657,8.043300,3.497177,5.172413,2.882570,7.815085,-8.726127,2.456183,6.115521,9.485065,9.548878,4.180354,4.856509,120.113243,9.626238,-74.399277,22.033138,-45.616306,-46.134472,-9.118359,4.743368,-10.212799,-4.625223,-3.968391,-4.600648,-0.710585,-7.129124,-11.784434,2.824394,-0.013339,0.000000,206.000000,4.000000,,,,0.000000,4.000000,4.000000,4.000000,4.000000,4.000000,4.000000,4.000000,4.000000,4.000000,4.000000,4.000000,4.000000,4.000000,4.000000,4.000000,4.000000,4.000000,4.000000,2.000000,4.000000,4.000000,4.000000,4.000000,4.000000,4.000000,4.000000,4.000000,4.000000,2.000000,4.000000,4.000000,4.000000,66.666664
1614076743.241422,15.000000,0.000000,-6.314448,7.197952,15.545426,8.035256,3.493680,3.115959,2.879688,5.755989,-8.717401,-5.751401,5.596585,11.014043,3.898303,-13.259725,-13.609886,87.685440,7.052509,-106.632568,20.985464,-47.621975,-45.575516,-8.596419,4.225804,-11.228228,-4.620598,-4.990064,-4.596048,-1.222695,-7.634815,-11.259830,2.821570,-0.013326,0.000000,178.000000,4.000000,,,,0.000000,4.000000,4.000000,4.000000,4.000000,4.000000,4.000000,4.000000,4.000000,4.000000,4.000000,4.000000,4.000000,4.000000,4.000000,4.000000,4.000000,4.000000,4.000000,2.000000,4.000000,4.000000,4.000000,4.000000,4.000000,4.000000,4.000000,4.000000,4.000000,2.000000,4.000000,4.000000,4.000000,66.666664
1614076743.249171,16.000000,0.000000,-5.282492,6.165113,15.529881,8.027221,3.490186,1.061561,2.876808,4.211771,-7.170222,-7.284111,7.642271,9.977387,2.868764,-12.733644,-3.339866,98.879807,8.583918,-84.987473,22.502939,-43.471786,-35.786354,0.130126,4.734399,-11.729820,-5.641619,-4.985074,-5.104272,-1.221472,-7.114360,-7.658826,2.818748,-0.526133,0.000000,177.000000,4.000000,,,,0.000000,4.000000,4.000000,4.000000,4.000000,4.000000,4.000000,4.000000,4.000000,4.000000,4.000000,4.000000,4.000000,4.000000,4.000000,4.000000,4.000000,4.000000,4.000000,2.000000,4.000000,4.000000,4.000000,4.000000,4.000000,4.000000,4.000000,4.000000,4.000000,2.000000,4.000000,4.000000,4.000000,66.666664
1614076743.256820,17.000000,0.000000,-0.661825,6.671769,15.514351,7.506373,3.486696,3.111781,4.925213,10.874226,-5.111770,6.056506,11.737192,13.044333,12.096664,15.484218,22.304499,131.601440,11.652257,-53.620434,22.480436,-35.736008,-20.878771,5.258201,8.832229,-5.051424,-2.559054,-1.903166,-3.047886,1.856673,-3.004681,-2.010141,2.815929,5.628239,0.000000,189.000000,4.000000,,,,0.000000,4.000000,4.000000,4.000000,4.000000,4.000000,4.000000,4.000000,4.000000,4.000000,4.000000,4.000000,4.000000,4.000000,4.000000,4.000000,4.000000,4.000000,4.000000,2.000000,4.000000,4.000000,4.000000,4.000000,4.000000,4.000000,4.000000,4.000000,4.000000,2.000000,4.000000,4.000000,4.000000,66.666664
1614076743.264570,18.000000,0.000000,2.415760,7.177917,15.498837,6.986046,3.483209,4.134310,6.458750,15.991557,-5.106658,12.204295,13.776737,13.031289,19.264055,28.802067,20.743732,126.341629,12.153425,-61.771942,18.355392,-34.674629,-16.242508,7.304224,12.413139,5.210038,3.597351,2.714122,3.621829,5.957380,1.100888,1.068792,2.813113,11.776457,0.000000,204.000000,4.000000,,,,0.000000,4.000000,4.000000,4.000000,4.000000,4.000000,4.000000,4.000000,4.000000,4.000000,4.000000,4.000000,4.000000,4.000000,4.000000,4.000000,4.000000,4.000000,4.000000,2.000000,4.000000,4.000000,4.000000,4.000000,4.000000,4.000000,4.000000,4.000000,4.000000,2.000000,4.000000,4.000000,4.000000,66.666664
1614076743.272219,19.000000,0.000000,1.900523,3.068175,15.483337,4.927778,3.479726,1.566074,6.452291,13.924283,-5.101551,6.551065,13.250140,10.966975,18.731970,23.132238,8.928118,94.420418,11.628451,-72.479401,27.054985,-31.050213,-15.713445,18.578972,12.400726,8.794572,6.670677,3.224228,7.720771,7.489884,0.074146,0.554903,2.810300,7.662117,0.000000,175.000000,4.000000,,,,0.000000,4.000000,4.000000,4.000000,4.000000,4.000000,4.000000,4.000000,4.000000,4.000000,4.000000,4.000000,4.000000,4.000000,4.000000,4.000000,4.000000,4.000000,4.000000,2.000000,4.000000,4.000000,4.000000,4.000000,4.000000,4.000000,4.000000,4.000000,4.000000,2.000000,4.000000,4.000000,4.000000,66.666664
1614076743.279968,20.000000,0.000000,1.385802,-0.524636,15.980675,2.871568,3.476246,1.051687,6.445838,10.833436,-5.096449,8.082976,13.236890,9.930367,16.149136,21.057825,9.432011,88.172150,11.616823,-68.817177,37.797161,-19.737112,-11.082347,28.303982,11.875505,8.785777,9.228109,5.272286,6.174589,6.456753,0.074072,0.554348,4.345952,4.577531,0.000000,191.000000,4.000000,,,,0.000000,4.000000,4.000000,4.000000,4.000000,4.000000,4.000000,4.000000,4.000000,4.000000,4.000000,4.000000,4.000000,4.000000,4.000000,4.000000,4.000000,4.000000,4.000000,2.000000,4.000000,4.000000,4.000000,4.000000,4.000000,4.000000,4.000000,4.000000,4.000000,2.000000,4.000000,4.000000,4.000000,66.666664
1614076743.287617,21.000000,0.000000,1.384417,2.552811,19.041616,6.971261,5.011231,3.614738,6.439393,10.309782,-5.091353,13.715919,13.223653,7.356334,17.671448,21.036768,10.961040,100.391670,11.605206,-58.491951,40.836288,-14.589169,-8.507162,16.480806,11.350809,14.930838,17.424009,12.959321,6.681234,6.450297,5.202203,7.733281,5.880067,10.726800,0.000000,190.000000,4.000000,,,,0.000000,4.000000,4.000000,4.000000,4.000000,4.000000,4.000000,4.000000,4.000000,4.000000,4.000000,4.000000,4.000000,4.000000,4.000000,4.000000,4.000000,4.000000,4.000000,2.000000,4.000000,4.000000,4.000000,4.000000,4.000000,4.000000,4.000000,4.000000,4.000000,4.000000,4.000000,4.000000,4.000000,83.333336
1614076743.295366,22.000000,0.000000,1.383032,7.165643,22.612320,15.169418,7.057502,5.149585,6.432953,10.812292,-5.086262,13.702203,14.236071,7.861799,20.217878,28.708038,13.514181,129.522049,11.593601,-37.920639,41.308273,-17.138681,-10.549936,3.130993,8.775356,20.556932,18.432226,14.997644,7.700194,7.469487,8.273924,16.956316,7.412649,16.357100,0.000000,189.000000,4.000000,,,,0.000000,4.000000,4.000000,4.000000,4.000000,4.000000,4.000000,4.000000,4.000000,4.000000,4.000000,4.000000,4.000000,4.000000,4.000000,4.000000,4.000000,4.000000,4.000000,2.000000,4.000000,4.000000,4.000000,4.000000,4.000000,4.000000,4.000000,4.000000,4.000000,4.000000,4.000000,4.000000,4.000000,83.333336
1614076743.303015,23.000000,0.000000,1.894470,7.158477,24.128168,14.128608,7.563265,5.657256,6.426520,11.314301,-5.081175,13.175680,16.273117,11.956501,19.172020,32.781895,17.090410,137.084839,11.582007,-37.369900,28.959270,-22.249748,-17.206053,6.717605,7.740940,16.433811,10.721486,8.828800,2.051468,6.436377,4.675906,12.836796,5.866775,12.238177,0.000000,195.000000,4.000000,,,,0.000000,4.000000,4.000000,4.000000,4.000000,4.000000,4.000000,4.000000,4.000000,4.000000,4.000000,4.000000,4.000000,4.000000,4.000000,4.000000,4.000000,4.000000,4.000000,2.000000,4.000000,4.000000,4.000000,4.000000,4.000000,4.000000,4.000000,4.000000,4.000000,4.000000,4.000000,4.000000,4.000000,83.333336
1614076743.310764,24.000000,0.000000,-0.671527,3.561575,21.539938,4.883710,6.017241,1.549034,6.420094,10.277346,-4.563274,12.649684,13.179920,11.944545,13.511823,12.236292,10.406653,104.640060,11.570425,-66.050476,13.545696,-34.535191,-27.445257,6.198067,8.246019,8.725070,5.582560,1.640484,-7.181352,1.814556,-0.969796,-5.637579,-0.805759,4.020811,0.000000,200.000000,4.000000,,,,0.000000,4.000000,4.000000,4.000000,4.000000,4.000000,4.000000,4.000000,4.000000,4.000000,4.000000,4.000000,4.000000,4.000000,4.000000,4.000000,4.000000,4.000000,4.000000,2.000000,4.000000,4.000000,4.000000,4.000000,4.000000,4.000000,4.000000,4.000000,4.000000,4.000000,4.000000,4.000000,4.000000,83.333336
1614076743.318414,25.000000,0.000000,-2.209317,-0.544550,15.877372,-0.762200,2.421480,-5.119182,6.413674,11.292709,-5.071531,8.534471,10.089817,10.394138,10.934208,1.967645,5.268042,96.843109,11.558855,-76.240837,20.198818,-44.244247,-36.135761,-10.218388,8.237773,3.588140,6.602618,-2.463720,-8.712632,-1.264182,-3.532928,-16.401173,-7.471620,-1.624235,0.000000,205.000000,4.000000,,,,0.000000,4.000000,4.000000,4.000000,4.000000,4.000000,4.000000,4.000000,4.000000,4.000000,4.000000,4.000000,4.000000,4.000000,4.000000,4.000000,4.000000,4.000000,4.000000,2.000000,4.000000,4.000000,4.000000,4.000000,4.000000,4.000000,4.000000,4.000000,4.000000,4.000000,4.000000,4.000000,4.000000,83.333336
1614076743.326163,26.000000,0.000000,1.382635,-1.056826,11.758930,0.777024,-0.145044,-4.088421,6.407260,16.409622,-4.553639,5.449013,10.079727,13.460668,11.948915,17.350292,7.314056,127.515495,12.060117,-71.036392,17.614515,-48.815388,-42.253471,-18.413298,8.229535,-1.030833,6.596015,-4.512538,-5.114176,-1.262918,-3.529395,-12.795028,-9.002610,-3.673893,0.000000,122.000000,4.000000,,,,0.000000,4.000000,4.000000,4.000000,4.000000,4.000000,4.000000,4.000000,4.000000,4.000000,4.000000,4.000000,4.000000,4.000000,4.000000,4.000000,4.000000,4.000000,4.000000,2.000000,4.000000,4.000000,4.000000,4.000000,4.000000,4.000000,4.000000,4.000000,4.000000,4.000000,4.000000,4.000000,4.000000,83.333336
1614076743.333812,27.000000,0.000000,5.483817,2.021154,12.259993,3.340350,0.367921,1.043872,6.913673,18.444494,-4.549086,2.879461,2.890161,11.908745,7.321581,5.538071,-5.000950,102.259781,11.022415,-91.990997,-5.480021,-56.971699,-44.775322,-10.189755,8.221306,-7.183649,6.076599,-4.508026,-5.109062,-0.748834,-1.474584,-7.654027,-6.942325,-3.157399,0.000000,205.000000,4.000000,,,,0.000000,4.000000,4.000000,4.000000,4.000000,4.000000,4.000000,4.000000,4.000000,4.000000,4.000000,4.000000,4.000000,4.000000,4.000000,4.000000,4.000000,4.000000,4.000000,2.000000,4.000000,4.000000,4.000000,4.000000,4.000000,4.000000,4.000000,4.000000,4.000000,4.000000,4.000000,4.000000,4.000000,83.333336
1614076743.341661,28.000000,0.000000,5.478333,3.557594,12.760552,3.849830,-1.683729,-0.495633,5.881119,12.272203,-8.647100,-4.302906,-8.394781,4.204529,1.160414,-23.185415,-18.842104,69.849823,8.960111,-103.693878,-0.346336,-53.837803,-36.012596,-4.025720,8.213084,-9.740567,6.070522,-4.503518,-5.103953,-1.260906,0.065352,-7.646373,-4.884101,-3.154241,0.000000,168.000000,4.000000,,,,0.000000,4.000000,4.000000,4.000000,4.000000,4.000000,4.000000,4.000000,4.000000,4.000000,4.000000,4.000000,4.000000,4.000000,4.000000,4.000000,4.000000,4.000000,4.000000,2.000000,4.000000,4.000000,4.000000,4.000000,4.000000,4.000000,4.000000,4.000000,4.000000,4.000000,4.000000,4.000000,4.000000,83.333336
1614076743.349410,29.000000,0.000000,4.447214,1.502754,9.670869,2.307518,-7.323071,-3.572061,3.311135,4.567623,-12.228197,-9.939629,-10.437668,1.636222,3.210535,-11.367359,-3.438646,96.959465,7.412689,-70.769669,23.243753,-29.168581,-18.540686,-5.047335,8.204871,-2.038519,6.577272,-4.499014,1.567818,-0.746824,-0.447534,-8.151547,-4.879217,-5.202369,0.000000,223.000000,4.000000,,,,0.000000,4.000000,4.000000,4.000000,4.000000,4.000000,4.000000,4.000000,4.000000,4.000000,4.000000,4.000000,4.000000,4.000000,4.000000,4.000000,4.000000,4.000000,4.000000,2.000000,4.000000,4.000000,4.000000,4.000000,4.000000,4.000000,4.000000,4.000000,4.000000,4.000000,4.000000,4.000000,4.000000,83.333336
1614076743.357259,30.000000,0.000000,5.468408,-0.550030,5.045814,0.766749,-7.828568,-2.542848,2.282183,3.024594,-12.728789,-9.416868,-5.811846,2.660226,7.309889,15.310676,19.128895,129.683014,7.918097,-37.878387,29.374355,-13.241978,-7.752915,-0.426903,8.196667,8.219930,6.570695,-3.981695,6.694455,-0.746078,-0.447086,-6.604935,-4.361517,-6.735628,0.000000,210.000000,4.000000,,,,0.000000,4.000000,4.000000,4.000000,4.000000,4.000000,4.000000,4.000000,4.000000,4.000000,4.000000,4.000000,4.000000,4.000000,4.000000,4.000000,4.000000,4.000000,4.000000,2.000000,4.000000,4.000000,4.000000,4.000000,4.000000,4.000000,4.000000,4.000000,4.000000,4.000000,4.000000,4.000000,4.000000,83.333336
1614076743.365008,31.000000,0.000000,5.462939,-0.549480,4.527947,0.765983,-4.230996,-2.027484,2.792721,3.534390,-12.203239,-6.843349,-2.216290,2.144746,8.841041,19.910749,22.186689,138.784103,7.910179,-37.327686,40.627033,-14.767197,-6.206700,6.753011,8.188470,12.827094,6.564124,-4.490534,6.174940,-1.258152,0.579002,-4.034227,-3.844335,-6.728893,0.000000,190.000000,4.000000,,,,0.000000,4.000000,4.000000,4.000000,4.000000,4.000000,4.000000,4.000000,4.000000,4.000000,4.000000,4.000000,4.000000,4.000000,4.000000,4.000000,4.000000,4.000000,4.000000,2.000000,4.000000,4.000000,4.000000,4.000000,4.000000,4.000000,4.000000,4.000000,4.000000,4.000000,4.000000,4.000000,4.000000,83.333336
1614076743.372857,32.000000,0.000000,5.457476,-0.548931,5.549060,1.278037,-4.739585,-2.538277,2.789928,2.505215,-12.191036,-5.298044,0.350028,3.681062,10.370661,24.506224,21.651682,132.491470,7.902269,-39.341640,56.483841,-13.213968,-5.174853,6.746258,8.180282,11.275805,6.557560,-3.460402,6.168765,-0.231253,-0.447218,-3.004552,-4.353311,-6.209343,8064.000000,0.000000,4.000000,,,,0.000000,4.000000,4.000000,4.000000,4.000000,4.000000,4.000000,4.000000,4.000000,4.000000,4.000000,4.000000,4.000000,4.000000,4.000000,4.000000,4.000000,4.000000,4.000000,2.000000,4.000000,4.000000,4.000000,4.000000,4.000000,4.000000,4.000000,4.000000,4.000000,4.000000,4.000000,4.000000,4.000000,83.333336
1614076743.380606,33.000000,0.000000,4.939198,-0.548382,5.030691,0.763939,-1.657923,-3.048559,2.787138,3.015530,-10.127563,-6.318387,2.400960,6.241484,11.898752,24.481716,18.553108,123.641029,7.894367,-39.302299,41.042744,-17.303318,-6.195319,3.149768,8.172101,11.777350,7.063823,1.158443,9.752339,2.333081,0.578870,-3.514368,-4.348958,-6.715954,8064.000000,0.000000,4.000000,,,,0.000000,4.000000,4.000000,4.000000,4.000000,4.000000,4.000000,4.000000,4.000000,4.000000,4.000000,4.000000,4.000000,4.000000,4.000000,4.000000,4.000000,4.000000,4.000000,2.000000,4.000000,4.000000,4.000000,4.000000,4.000000,4.000000,4.000000,4.000000,4.000000,4.000000,4.000000,4.000000,4.000000,83.333336
1614076743.388455,34.000000,0.000000,5.447080,-0.547834,4.512840,-0.262466,2.959120,-2.532690,2.784351,6.089437,-8.066154,-5.286427,2.398559,6.235242,11.374033,6.508517,2.637119,96.337906,7.886472,-67.468124,16.899136,-34.721912,-20.548098,3.146618,8.163929,12.791214,6.543939,4.234208,10.768229,3.356389,5.706496,-3.510853,-1.780506,-7.222059,8064.000000,0.000000,4.000000,,,,0.000000,4.000000,4.000000,4.000000,4.000000,4.000000,4.000000,4.000000,4.000000,4.000000,4.000000,4.000000,4.000000,4.000000,4.000000,4.000000,4.000000,4.000000,4.000000,2.000000,4.000000,4.000000,4.000000,4.000000,4.000000,4.000000,4.000000,4.000000,4.000000,4.000000,4.000000,4.000000,4.000000,83.333336
1614076743.396204,35.000000,0.000000,5.441632,-0.547286,5.533968,-2.313486,-4.223327,-2.017337,2.781567,6.596169,-8.570909,-5.281141,2.908981,6.229007,11.362659,0.348162,-1.980903,86.497978,7.878586,-96.118607,14.318134,-46.482063,-39.501907,3.656292,8.155766,9.188680,3.973292,3.204332,7.167717,2.840212,7.752072,-3.507343,-1.265905,-6.189196,8064.000000,0.000000,4.000000,,,,0.000000,4.000000,4.000000,4.000000,4.000000,4.000000,4.000000,4.000000,4.000000,4.000000,4.000000,4.000000,4.000000,4.000000,4.000000,4.000000,4.000000,4.000000,4.000000,2.000000,4.000000,4.000000,4.000000,4.000000,4.000000,4.000000,4.000000,4.000000,4.000000,4.000000,4.000000,4.000000,4.000000,83.333336
1614076743.404053,36.000000,0.000000,2.359268,-0.546739,3.477152,-3.336813,-18.065258,-5.092243,2.778785,2.999829,-8.562338,-10.404065,2.906072,6.735599,10.325655,2.911917,6.226206,103.847374,7.357887,-85.253258,15.329456,-50.538143,-46.129074,-0.962749,8.147610,4.051285,2.430857,3.201128,5.622087,2.837372,5.180217,-3.503835,-3.828742,-7.208648,8064.000000,0.000000,4.000000,,,,0.000000,4.000000,4.000000,4.000000,4.000000,4.000000,4.000000,4.000000,4.000000,4.000000,4.000000,4.000000,4.000000,4.000000,4.000000,4.000000,4.000000,4.000000,4.000000,2.000000,4.000000,4.000000,4.000000,4.000000,4.000000,4.000000,4.000000,4.000000,4.000000,4.000000,4.000000,4.000000,4.000000,83.333336
1614076743.411802,37.000000,0.000000,-2.258476,-0.546192,-1.141710,-3.333477,-20.098475,-9.702536,3.288827,3.509650,-8.553775,-12.444943,1.877525,5.190402,7.751226,-8.373046,-1.985149,87.846092,3.760785,-78.501335,7.621819,-58.179913,-44.031662,-8.654094,8.139462,2.508773,2.941247,3.710747,6.642107,2.834534,3.123755,-4.013152,-4.850554,-10.791183,8064.000000,0.000000,4.000000,,,,0.000000,4.000000,4.000000,4.000000,4.000000,4.000000,4.000000,4.000000,4.000000,4.000000,4.000000,4.000000,4.000000,4.000000,4.000000,4.000000,4.000000,4.000000,4.000000,2.000000,4.000000,4.000000,4.000000,4.000000,4.000000,4.000000,4.000000,4.000000,4.000000,4.000000,4.000000,4.000000,4.000000,83.333336
1614076743.419651,38.000000,0.000000,-2.769038,-0.545646,-2.679030,-2.304502,-11.873247,-8.154371,2.259897,9.147165,-8.545221,-4.740191,3.926930,7.236493,5.692194,-4.774930,-14.290855,55.450554,-0.345540,-110.730530,-3.667853,-66.839684,-46.551735,-9.671081,7.618502,4.044725,1.912665,3.194216,4.584182,2.831700,3.633452,-3.496318,-4.332883,-9.754750,8064.000000,0.000000,4.000000,,,,0.000000,4.000000,4.000000,4.000000,4.000000,4.000000,4.000000,4.000000,4.000000,4.000000,4.000000,4.000000,4.000000,4.000000,4.000000,4.000000,4.000000,4.000000,4.000000,2.000000,4.000000,4.000000,4.000000,4.000000,4.000000,4.000000,4.000000,4.000000,4.000000,4.000000,4.000000,4.000000,4.000000,83.333336
1614076743.427400,39.000000,0.000000,-2.253449,-0.545100,-2.163530,-0.250916,-5.194707,-3.018012,2.770458,9.650839,-8.536676,2.444037,11.615311,12.357462,8.250604,16.768307,-1.968873,84.625870,-0.345194,-111.132622,-2.638545,-64.721558,-41.889797,-0.943461,9.149344,3.015040,4.987675,3.191022,2.528316,2.828868,4.655459,-4.005642,-3.815730,-4.616791,8064.000000,0.000000,4.000000,,,,0.000000,4.000000,4.000000,4.000000,4.000000,4.000000,4.000000,4.000000,4.000000,4.000000,4.000000,4.000000,4.000000,4.000000,4.000000,4.000000,4.000000,4.000000,4.000000,2.000000,4.000000,4.000000,4.000000,4.000000,4.000000,4.000000,4.000000,4.000000,4.000000,4.000000,4.000000,4.000000,4.000000,83.333336
1614076743.435249,40.000000,0.000000,-2.764016,-0.544555,-2.161367,1.287797,-3.651051,-1.989353,3.793329,5.538624,-8.528139,0.903131,12.629336,11.832284,12.344917,17.264359,13.417712,117.361763,4.270535,-78.200974,23.005119,-42.605556,-16.206882,5.211329,11.704298,2.499204,13.187816,3.187831,5.602711,2.826039,6.189265,-4.001637,-1.760632,-2.048071,8064.000000,0.000000,4.000000,,,,0.000000,4.000000,4.000000,4.000000,4.000000,4.000000,4.000000,4.000000,4.000000,4.000000,4.000000,4.000000,4.000000,4.000000,4.000000,4.000000,4.000000,4.000000,4.000000,2.000000,4.000000,4.000000,4.000000,4.000000,4.000000,4.000000,4.000000,4.000000,4.000000,4.000000,4.000000,4.000000,4.000000,83.333336
1614076743.442998,41.000000,0.000000,-2.761252,-0.544010,-2.672026,0.773688,-4.673041,-2.500184,-0.313029,3.481803,-8.519611,-3.713156,3.385938,6.692246,9.255650,5.965044,9.301730,94.680298,4.779086,-61.712517,45.033398,-13.845003,10.475992,7.257400,12.205414,10.701833,18.815653,3.184643,9.699672,2.823213,7.721538,0.104929,-0.220410,-3.071664,8064.000000,0.000000,4.000000,,,,0.000000,4.000000,4.000000,4.000000,4.000000,4.000000,4.000000,4.000000,4.000000,4.000000,4.000000,4.000000,4.000000,4.000000,4.000000,4.000000,4.000000,4.000000,4.000000,2.000000,4.000000,4.000000,4.000000,4.000000,4.000000,4.000000,4.000000,4.000000,4.000000,4.000000,4.000000,4.000000,4.000000,83.333336
1614076743.450847,42.000000,0.000000,-2.245670,-0.543466,-2.156533,0.772915,-2.104265,-2.497684,-4.928101,2.452680,-8.511091,-0.119700,2.869731,5.147093,6.682291,13.651386,9.805248,80.226639,2.210204,-78.573883,37.296055,-5.626030,15.080900,19.557835,11.680388,25.562925,18.284018,3.181458,10.202793,2.820390,7.713816,5.745850,-0.733010,-3.068593,8064.000000,0.000000,4.000000,,,,0.000000,4.000000,4.000000,4.000000,4.000000,4.000000,4.000000,4.000000,4.000000,4.000000,4.000000,4.000000,4.000000,4.000000,4.000000,4.000000,4.000000,4.000000,4.000000,2.000000,4.000000,4.000000,4.000000,4.000000,4.000000,4.000000,4.000000,4.000000,4.000000,4.000000,4.000000,4.000000,4.000000,83.333336
1614076743.458596,43.000000,0.000000,-2.243424,-0.542923,-2.154377,1.284962,3.026044,-2.495186,-0.820608,7.065612,-8.502581,15.777856,21.328400,8.218868,21.547403,31.586452,30.821085,112.966927,11.951584,-59.008125,31.617733,-6.133224,11.476076,34.922894,12.181528,30.665567,17.240093,3.178277,9.679770,2.817570,7.193282,8.304207,-0.219456,-2.552703,8192.000000,0.000000,4.000000,,,,0.000000,4.000000,4.000000,4.000000,4.000000,4.000000,4.000000,4.000000,4.000000,4.000000,4.000000,4.000000,4.000000,4.000000,4.000000,4.000000,4.000000,4.000000,4.000000,2.000000,4.000000,4.000000,4.000000,4.000000,4.000000,4.000000,4.000000,4.000000,4.000000,4.000000,4.000000,4.000000,4.000000,83.333336
1614076743.466245,44.000000,0.000000,-2.241181,-0.542380,-2.152222,0.770857,4.561480,0.584232,5.846879,18.853418,-4.904335,29.095411,36.691689,11.287573,34.859188,38.734352,41.559494,132.341141,26.298607,-31.769632,47.996372,3.103678,16.079985,32.323868,12.169347,29.096441,19.274134,3.175099,9.670090,2.814752,7.698909,7.783082,-0.732058,-2.550151,8192.000000,0.000000,4.000000,,,,0.000000,4.000000,4.000000,4.000000,4.000000,4.000000,4.000000,4.000000,4.000000,4.000000,4.000000,4.000000,4.000000,4.000000,4.000000,4.000000,4.000000,4.000000,4.000000,2.000000,4.000000,4.000000,4.000000,4.000000,4.000000,4.000000,4.000000,4.000000,4.000000,4.000000,4.000000,4.000000,4.000000,83.333336
1614076743.473995,45.000000,0.000000,-2.238940,-0.541838,-2.150070,1.282907,4.044097,1.096469,6.866673,21.398668,-0.284045,27.527855,32.039612,13.327567,25.080740,29.464849,24.082037,99.901108,20.118462,-55.327606,44.871452,-2.540451,9.397238,21.522312,11.644357,32.144268,17.716398,3.684744,10.173241,2.811937,7.691210,7.775299,-0.218505,-3.060421,8192.000000,0.000000,4.000000,,,,0.000000,4.000000,4.000000,4.000000,4.000000,4.000000,4.000000,4.000000,4.000000,4.000000,4.000000,4.000000,4.000000,4.000000,4.000000,4.000000,4.000000,4.000000,4.000000,2.000000,4.000000,4.000000,4.000000,4.000000,4.000000,4.000000,4.000000,4.000000,4.000000,4.000000,4.000000,4.000000,4.000000,83.333336
1614076743.481644,46.000000,0.000000,-2.236701,-0.541296,-2.147920,0.768803,3.527233,-5.058474,5.834166,11.633679,-2.847864,20.833660,23.289623,12.288599,10.696686,10.461026,5.083596,73.647362,4.713727,-87.579971,14.057351,-31.255859,-17.791647,16.372585,11.632712,26.983919,8.980734,3.168239,9.650247,2.809125,4.606596,5.716241,-0.218286,-6.647104,8064.000000,0.000000,4.000000,,,,0.000000,4.000000,4.000000,4.000000,4.000000,4.000000,4.000000,4.000000,4.000000,4.000000,4.000000,4.000000,4.000000,4.000000,4.000000,4.000000,4.000000,4.000000,4.000000,2.000000,4.000000,4.000000,4.000000,4.000000,4.000000,4.000000,4.000000,4.000000,4.000000,4.000000,4.000000,4.000000,4.000000,83.333336
1614076743.489393,47.000000,0.000000,-2.234464,-0.540754,-2.145772,-1.796068,1.985244,-10.181621,6.341152,5.981020,-7.973221,17.223083,24.291973,9.712208,9.660348,2.245437,0.975949,85.881401,2.144912,-101.851364,-2.879784,-50.198963,-41.363598,6.099802,9.056977,5.418473,-0.771837,0.600968,5.025212,2.806316,-0.013395,0.069499,-3.807812,-10.743021,8192.000000,0.000000,4.000000,,,,0.000000,4.000000,4.000000,4.000000,4.000000,4.000000,4.000000,4.000000,4.000000,4.000000,4.000000,4.000000,4.000000,4.000000,4.000000,4.000000,4.000000,4.000000,4.000000,2.000000,4.000000,4.000000,4.000000,4.000000,4.000000,4.000000,4.000000,4.000000,4.000000,4.000000,4.000000,4.000000,4.000000,83.333336
1614076743.497042,48.000000,0.000000,-3.257870,-0.540214,-2.143626,-3.332734,-0.068023,-7.607337,6.847631,7.000680,-8.990889,16.180220,24.267681,8.676854,11.189149,5.320114,-3.127592,77.077576,4.706869,-95.595665,5.328225,-58.353893,-46.963261,-8.778093,0.842792,-10.484382,-1.796706,-1.963736,0.917622,2.803510,-1.039023,-4.033134,-6.880927,-10.219458,8064.000000,0.000000,4.000000,,,,0.000000,4.000000,4.000000,4.000000,4.000000,4.000000,4.000000,4.000000,4.000000,4.000000,4.000000,4.000000,4.000000,4.000000,4.000000,4.000000,4.000000,4.000000,4.000000,2.000000,4.000000,4.000000,4.000000,4.000000,4.000000,4.000000,4.000000,4.000000,4.000000,4.000000,4.000000,4.000000,4.000000,83.333336
1614076743.504791,49.000000,0.000000,-2.228972,-0.539673,-2.141483,-2.816581,-0.067955,-5.548447,6.327963,6.480859,-8.469078,16.164038,18.602388,9.180998,10.152319,4.289153,-10.816772,64.692802,2.650880,-94.987251,9.938281,-78.295540,-54.608604,-14.923162,-5.824717,-9.448256,-4.359012,-0.936131,2.455166,2.800706,-0.012343,-4.541922,-5.335585,-10.209238,8064.000000,0.000000,4.000000,,,,0.000000,4.000000,4.000000,4.000000,4.000000,4.000000,4.000000,4.000000,4.000000,4.000000,4.000000,4.000000,4.000000,4.000000,4.000000,4.000000,4.000000,4.000000,4.000000,2.000000,4.000000,4.000000,4.000000,4.000000,4.000000,4.000000,4.000000,4.000000,4.000000,4.000000,4.000000,4.000000,4.000000,83.333336
1614076743.512440,50.000000,0.000000,1.363001,-0.539134,-2.139341,-2.813764,-0.067887,-6.568540,6.321635,6.474378,-8.460608,14.609413,15.506863,9.684637,9.629346,6.848967,-11.831595,71.294777,-1.967155,-104.635857,3.261676,-93.089035,-66.861687,-14.395417,-8.895816,-8.925987,-11.021319,-0.422374,1.939891,2.797906,-0.012331,-4.024559,-3.791787,-13.788773,8064.000000,0.000000,4.000000,,,,0.000000,4.000000,4.000000,4.000000,4.000000,4.000000,4.000000,4.000000,4.000000,4.000000,4.000000,4.000000,4.000000,4.000000,4.000000,4.000000,4.000000,4.000000,4.000000,2.000000,4.000000,4.000000,4.000000,4.000000,4.000000,4.000000,4.000000,4.000000,4.000000,4.000000,4.000000,4.000000,4.000000,83.333336
1614076743.520189,51.000000,0.000000,-0.689644,-0.538595,-2.137202,-3.323771,-0.067819,-6.561971,6.315313,4.416622,-8.964969,12.030701,15.491356,8.136491,10.645358,15.560066,-3.614636,80.454254,-0.939547,-93.249168,6.335337,-75.047234,-48.333290,-3.098971,-6.322817,-11.993984,-4.343632,-1.960413,0.912310,2.795108,-0.525139,-4.020535,-4.300816,-17.877548,8064.000000,0.000000,4.000000,,,,0.000000,4.000000,4.000000,4.000000,4.000000,4.000000,4.000000,4.000000,4.000000,4.000000,4.000000,4.000000,4.000000,4.000000,4.000000,4.000000,4.000000,4.000000,4.000000,2.000000,4.000000,4.000000,4.000000,4.000000,4.000000,4.000000,4.000000,4.000000,4.000000,4.000000,4.000000,4.000000,4.000000,83.333336
1614076743.527839,52.000000,0.000000,-2.227416,-0.538056,-2.647885,-3.320447,-0.580572,-6.555409,6.308998,2.360923,-8.443183,12.018670,15.475864,10.692457,19.865482,17.082968,12.799235,96.784058,13.420366,-60.335403,28.380283,-42.151669,-15.464442,23.057974,10.606583,-0.187119,17.711994,3.682573,8.603705,2.792313,-0.011793,-2.990873,-4.809336,-18.885311,8064.000000,0.000000,4.000000,,,,0.000000,4.000000,4.000000,4.000000,4.000000,4.000000,4.000000,4.000000,4.000000,4.000000,4.000000,4.000000,4.000000,4.000000,4.000000,4.000000,4.000000,4.000000,4.000000,2.000000,4.000000,4.000000,4.000000,4.000000,4.000000,4.000000,4.000000,4.000000,4.000000,4.000000,4.000000,4.000000,4.000000,83.333336
1614076743.535588,53.000000,0.000000,7.005580,-0.537518,-2.132417,-2.804306,-0.067171,-5.523213,6.302689,11.076510,-6.896278,14.570754,24.178337,21.450996,38.307156,23.219730,34.324898,120.277016,29.304382,-35.659683,54.505749,-9.289006,15.833074,40.470814,34.185719,28.531017,34.617359,18.037865,19.877153,2.789521,1.526680,3.165964,-4.291706,-15.789503,8064.000000,0.000000,4.000000,,,,0.000000,4.000000,4.000000,4.000000,4.000000,4.000000,4.000000,4.000000,4.000000,4.000000,4.000000,4.000000,4.000000,4.000000,4.000000,4.000000,4.000000,4.000000,4.000000,2.000000,4.000000,4.000000,4.000000,4.000000,4.000000,4.000000,4.000000,4.000000,4.000000,4.000000,4.000000,4.000000,4.000000,83.333336
1614076743.543237,54.000000,0.000000,13.152421,-0.536980,-2.130285,-2.801502,-0.067104,-3.466408,6.296386,20.809025,-4.838100,16.607466,36.974670,29.634672,48.012436,43.196510,50.188007,131.951614,30.813540,-34.598385,61.630730,5.079257,10.689035,41.968803,40.305382,55.169151,33.557102,23.660852,22.934198,2.786731,3.576436,9.829465,-4.287414,-9.619867,8064.000000,0.000000,4.000000,,,,0.000000,4.000000,4.000000,4.000000,4.000000,4.000000,4.000000,4.000000,4.000000,4.000000,4.000000,4.000000,4.000000,4.000000,4.000000,4.000000,4.000000,4.000000,4.000000,2.000000,4.000000,4.000000,4.000000,4.000000,4.000000,4.000000,4.000000,4.000000,4.000000,4.000000,4.000000,4.000000,4.000000,83.333336
1614076743.550986,55.000000,0.000000,7.498243,-0.536443,-3.153795,-3.824341,-0.579857,-2.437300,6.290090,22.326677,-4.833262,16.078037,38.988979,28.066576,39.759296,48.281521,45.009617,134.896576,30.269905,-35.589428,45.671665,-13.900181,-4.706269,40.901196,28.983023,54.088345,24.292774,16.457705,17.783060,2.783944,4.085680,11.870917,-4.283127,-5.507683,8064.000000,0.000000,4.000000,,,,0.000000,4.000000,4.000000,4.000000,4.000000,4.000000,4.000000,4.000000,4.000000,4.000000,4.000000,4.000000,4.000000,4.000000,4.000000,4.000000,4.000000,4.000000,4.000000,2.000000,4.000000,4.000000,4.000000,4.000000,4.000000,4.000000,4.000000,4.000000,4.000000,4.000000,4.000000,4.000000,4.000000,83.333336
1614076743.558635,56.000000,0.000000,3.901001,-0.535907,-1.612180,-2.282055,-0.066457,-1.922042,6.283800,21.791529,-4.828429,16.061960,31.257683,25.474407,29.463127,32.335804,26.503067,130.659119,31.778097,-49.399990,25.113173,-35.937561,-20.086178,27.014139,19.723270,33.521435,17.088995,11.313042,14.175532,2.781160,3.568774,11.346226,-4.278844,-6.014996,8192.000000,0.000000,4.000000,,,,0.000000,4.000000,4.000000,4.000000,4.000000,4.000000,4.000000,4.000000,4.000000,4.000000,4.000000,4.000000,4.000000,4.000000,4.000000,4.000000,4.000000,4.000000,4.000000,2.000000,4.000000,4.000000,4.000000,4.000000,4.000000,4.000000,4.000000,4.000000,4.000000,4.000000,4.000000,4.000000,4.000000,83.333336
1614076743.566384,57.000000,0.000000,5.435562,-0.535371,1.466355,2.335612,2.497712,0.131162,6.277516,21.769737,-4.310780,17.584358,25.585400,25.448933,26.869562,25.123980,12.117590,105.400253,18.925806,-74.991615,20.985495,-50.773418,-33.399426,-0.192362,16.626625,20.154579,12.969341,11.301728,13.648537,2.778379,3.565205,11.334880,-4.274565,-6.521801,8064.000000,0.000000,4.000000,,,,0.000000,4.000000,4.000000,4.000000,4.000000,4.000000,4.000000,4.000000,4.000000,4.000000,4.000000,4.000000,4.000000,4.000000,4.000000,4.000000,4.000000,4.000000,4.000000,2.000000,4.000000,4.000000,4.000000,4.000000,4.000000,4.000000,4.000000,4.000000,4.000000,4.000000,4.000000,4.000000,4.000000,83.333336
1614076743.574033,58.000000,0.000000,5.430126,-0.534836,0.952069,4.897378,4.033676,1.669492,6.784059,15.594122,-4.819289,13.464211,17.867506,20.808100,15.047820,19.457830,0.310600,72.987160,0.958162,-92.352524,18.913227,-66.620079,-42.596794,-11.474220,10.968972,16.544682,7.315346,8.213504,12.096426,2.775601,3.561640,8.759442,-4.270290,-6.002460,8064.000000,0.000000,4.000000,,,,0.000000,4.000000,4.000000,4.000000,4.000000,4.000000,4.000000,4.000000,4.000000,4.000000,4.000000,4.000000,4.000000,4.000000,4.000000,4.000000,4.000000,4.000000,4.000000,2.000000,4.000000,4.000000,4.000000,4.000000,4.000000,4.000000,4.000000,4.000000,4.000000,4.000000,4.000000,4.000000,4.000000,83.333336
1614076743.581782,59.000000,0.000000,4.399055,-0.534301,0.951116,4.379661,3.004001,1.155002,5.751634,9.937502,-5.327291,5.758439,6.567588,10.530881,-7.531331,-2.100090,-14.048685,51.375713,-2.119719,-110.208885,-1.618506,-85.527824,-57.425995,-6.847362,3.265696,8.835829,1.154185,2.564265,6.956125,2.260005,3.558078,3.622478,-4.778841,-6.509277,8064.000000,0.000000,4.000000,,,,0.000000,4.000000,4.000000,4.000000,4.000000,4.000000,4.000000,4.000000,4.000000,4.000000,4.000000,4.000000,4.000000,4.000000,4.000000,4.000000,4.000000,4.000000,4.000000,2.000000,4.000000,4.000000,4.000000,4.000000,4.000000,4.000000,4.000000,4.000000,4.000000,4.000000,4.000000,4.000000,4.000000,83.333336
1614076743.589432,60.000000,0.000000,4.394656,-0.533767,6.591191,4.375281,3.000997,1.153847,6.258703,10.440385,-4.296322,4.727039,0.407174,4.879325,-13.677646,-17.482605,-18.650021,49.273056,-1.091958,-120.355087,-15.463041,-103.391014,-77.368568,-12.994361,2.236789,2.160326,-4.487995,2.048880,3.359425,2.770565,3.554520,-0.996529,-3.748421,-6.502768,8064.000000,0.000000,4.000000,,,,0.000000,4.000000,4.000000,4.000000,4.000000,4.000000,4.000000,4.000000,4.000000,4.000000,4.000000,4.000000,4.000000,4.000000,4.000000,4.000000,4.000000,4.000000,4.000000,2.000000,4.000000,4.000000,4.000000,4.000000,4.000000,4.000000,4.000000,4.000000,4.000000,4.000000,4.000000,4.000000,4.000000,83.333336
1614076743.597281,61.000000,0.000000,4.903082,-0.533233,8.635881,4.883726,4.023637,1.152693,6.765265,7.865842,-6.343308,4.209492,0.919587,4.874445,-6.484480,-17.977943,-17.605730,49.736603,-8.783174,-115.619347,-9.293733,-116.620956,-88.573250,-23.750597,3.773014,0.106884,-11.150174,1.534010,1.304784,2.767795,3.550965,-4.072456,-1.180570,-6.496265,7936.000000,0.000000,4.000000,,,,0.000000,4.000000,4.000000,4.000000,4.000000,4.000000,4.000000,4.000000,4.000000,4.000000,4.000000,4.000000,4.000000,4.000000,4.000000,4.000000,4.000000,4.000000,4.000000,2.000000,4.000000,4.000000,4.000000,4.000000,4.000000,4.000000,4.000000,4.000000,4.000000,4.000000,4.000000,4.000000,4.000000,83.333336
1614076743.605030,62.000000,0.000000,4.898179,-1.045520,4.524682,4.366022,2.993973,0.638720,3.681576,3.242592,-11.977990,-3.487025,0.405847,4.869571,-5.452355,-14.883041,-18.613766,45.071484,-14.415417,-125.247322,-8.771618,-115.478691,-84.382111,-11.931974,3.256420,-8.098351,-11.651844,-2.570088,1.816299,0.200924,3.034594,-4.581204,-0.666569,-6.489769,8064.000000,0.000000,4.000000,,,,0.000000,4.000000,4.000000,4.000000,4.000000,4.000000,4.000000,4.000000,4.000000,4.000000,4.000000,4.000000,4.000000,4.000000,4.000000,4.000000,4.000000,4.000000,4.000000,2.000000,4.000000,4.000000,4.000000,4.000000,4.000000,4.000000,4.000000,4.000000,4.000000,4.000000,4.000000,4.000000,4.000000,83.333336
1614076743.612879,63.000000,0.000000,4.893281,-0.531654,6.058619,4.361656,4.016620,1.150902,-1.450310,3.752170,-11.966012,-5.022000,0.918262,5.377522,-0.831518,-2.560466,-5.774638,61.949486,-6.195873,-127.686172,-5.173103,-88.183723,-56.092602,12.695342,7.355728,-8.090253,2.205962,2.560687,8.481150,-0.312097,3.544380,-2.525341,0.359739,-6.483279,8064.000000,0.000000,4.000000,,,,0.000000,4.000000,4.000000,4.000000,4.000000,4.000000,4.000000,4.000000,4.000000,4.000000,4.000000,4.000000,4.000000,4.000000,4.000000,4.000000,4.000000,4.000000,4.000000,2.000000,4.000000,4.000000,4.000000,4.000000,4.000000,4.000000,4.000000,4.000000,4.000000,4.000000,4.000000,4.000000,4.000000,83.333336
1614076743.620628,64.000000,0.000000,4.375567,-0.531122,14.257689,4.357294,8.115168,1.149751,-0.936040,5.799699,-4.261739,3.700971,4.507087,6.397785,13.015468,14.877992,17.308060,94.708054,10.220579,-94.737976,26.114122,-55.275028,-23.215998,26.015980,16.066320,12.943479,17.588371,17.429922,17.703438,4.816420,6.104938,1.579749,2.923482,-4.425514,0.000000,191.000000,4.000000,,,,0.000000,4.000000,4.000000,4.000000,4.000000,4.000000,4.000000,4.000000,4.000000,4.000000,4.000000,4.000000,4.000000,4.000000,4.000000,4.000000,4.000000,4.000000,4.000000,2.000000,4.000000,4.000000,4.000000,4.000000,4.000000,4.000000,4.000000,4.000000,4.000000,4.000000,4.000000,4.000000,4.000000,83.333336
1614076743.628477,65.000000,0.000000,5.909653,-1.043412,16.807533,4.352937,11.183975,-0.389860,2.141820,8.870823,-0.154913,8.312654,9.117965,10.493952,20.181938,19.478498,26.521521,107.946678,19.441128,-65.412468,48.139290,-34.706932,-9.859447,25.477144,19.639997,34.468998,22.698988,22.027876,21.275478,7.375706,7.637294,6.193553,2.920558,-2.369807,0.000000,196.000000,4.000000,,,,0.000000,4.000000,4.000000,4.000000,4.000000,4.000000,4.000000,2.000000,4.000000,4.000000,4.000000,4.000000,4.000000,4.000000,4.000000,4.000000,4.000000,4.000000,4.000000,2.000000,4.000000,4.000000,4.000000,4.000000,4.000000,4.000000,4.000000,4.000000,4.000000,4.000000,4.000000,4.000000,4.000000,66.666664
1614076743.636226,66.000000,0.000000,8.467846,-0.529548,15.252264,4.348584,10.659970,4.225914,2.652498,17.067080,-1.180399,10.355623,15.262692,16.637304,20.161757,18.433378,25.469358,97.069496,19.421686,-74.577827,34.757816,-36.210690,-25.747025,24.426025,19.107538,39.562733,20.625008,14.313540,21.767023,6.342690,7.116837,7.725821,2.917638,-2.880257,0.000000,151.000000,4.000000,,,,0.000000,4.000000,4.000000,4.000000,4.000000,4.000000,4.000000,2.000000,4.000000,4.000000,4.000000,4.000000,4.000000,4.000000,4.000000,4.000000,4.000000,4.000000,4.000000,2.000000,4.000000,4.000000,4.000000,4.000000,4.000000,4.000000,4.000000,4.000000,4.000000,4.000000,4.000000,4.000000,4.000000,66.666664
1614076743.644075,67.000000,0.000000,8.972198,3.573546,17.288294,4.344235,10.649311,13.452457,2.137025,22.691038,-0.666398,14.960652,22.426918,20.723230,22.192877,22.004688,28.007992,96.972427,19.402266,-71.939148,22.928186,-37.712940,-32.900764,28.504164,19.601252,36.446247,17.527458,9.683843,19.181154,6.336347,7.109720,7.718096,4.453182,-2.877377,0.000000,161.000000,4.000000,,,,0.000000,4.000000,4.000000,4.000000,4.000000,4.000000,4.000000,2.000000,4.000000,4.000000,4.000000,4.000000,4.000000,4.000000,4.000000,4.000000,4.000000,4.000000,4.000000,2.000000,4.000000,4.000000,4.000000,4.000000,4.000000,4.000000,4.000000,4.000000,4.000000,4.000000,4.000000,4.000000,4.000000,66.666664
1614076743.651824,68.000000,0.000000,8.450406,7.159716,19.835108,4.339891,11.151482,17.028749,2.134888,21.642706,-0.665732,16.484154,24.455772,20.702507,22.170685,21.982685,29.518444,95.336998,19.895683,-63.149258,31.623207,-36.136765,-28.252480,26.424377,19.581650,31.794416,14.433008,11.212620,13.520947,6.842831,7.102610,7.710378,-0.679477,-2.361679,0.000000,211.000000,4.000000,,,,0.000000,4.000000,4.000000,4.000000,4.000000,4.000000,4.000000,2.000000,4.000000,4.000000,4.000000,4.000000,4.000000,4.000000,4.000000,4.000000,4.000000,4.000000,4.000000,2.000000,4.000000,4.000000,4.000000,4.000000,4.000000,4.000000,4.000000,4.000000,4.000000,4.000000,4.000000,4.000000,4.000000,66.666664
1614076743.659673,69.000000,0.000000,7.416314,6.639736,19.302452,4.335551,10.114689,15.473258,2.645574,21.621063,-1.690707,16.467669,22.892855,20.168985,22.148514,20.935061,27.950464,93.703194,17.311686,-72.829697,32.104404,-40.203194,-29.762688,14.090261,17.510786,29.711340,12.367293,9.662946,11.968965,5.810347,6.582687,6.164206,-4.268541,-3.384958,0.000000,196.000000,4.000000,,,,0.000000,4.000000,4.000000,4.000000,4.000000,4.000000,4.000000,2.000000,4.000000,4.000000,4.000000,4.000000,4.000000,4.000000,4.000000,4.000000,4.000000,4.000000,4.000000,2.000000,4.000000,4.000000,4.000000,4.000000,4.000000,4.000000,4.000000,4.000000,4.000000,4.000000,4.000000,4.000000,4.000000,66.666664
1614076743.667422,70.000000,0.000000,8.947359,6.633096,19.795971,4.331216,10.617395,15.970606,4.694211,20.573801,-1.176196,16.451202,25.434065,17.584713,22.126366,20.401304,21.768669,105.404366,14.730271,-74.295326,16.687685,-50.419399,-34.861130,8.435144,19.544558,29.681627,11.329285,9.140463,13.495457,6.317357,6.576104,7.183682,2.915215,-3.381573,0.000000,186.000000,4.000000,,,,0.000000,4.000000,4.000000,4.000000,4.000000,4.000000,4.000000,2.000000,4.000000,4.000000,4.000000,4.000000,4.000000,4.000000,4.000000,4.000000,4.000000,4.000000,4.000000,2.000000,4.000000,4.000000,4.000000,4.000000,4.000000,4.000000,4.000000,4.000000,4.000000,4.000000,4.000000,4.000000,4.000000,66.666664
1614076743.675271,71.000000,0.000000,7.912771,9.703385,19.263353,4.326884,11.119598,15.441814,6.740798,12.860920,-2.200660,6.178340,19.767605,13.977385,7.232444,8.073212,5.336643,88.888702,12.664259,-84.477448,5.901767,-72.933083,-46.621140,10.477991,15.935268,19.395536,8.241033,10.156963,7.328115,6.311040,7.082349,7.689319,6.502043,-0.301269,0.000000,172.000000,4.000000,,,,0.000000,4.000000,4.000000,4.000000,4.000000,4.000000,4.000000,2.000000,4.000000,4.000000,4.000000,4.000000,4.000000,4.000000,4.000000,4.000000,4.000000,4.000000,4.000000,2.000000,4.000000,4.000000,4.000000,4.000000,4.000000,4.000000,4.000000,4.000000,4.000000,4.000000,4.000000,4.000000,4.000000,66.666664
1614076743.683020,72.000000,0.000000,2.263833,10.719323,14.115886,4.322557,7.518735,10.298167,6.221237,6.181393,-8.352306,-9.725274,3.850402,11.399304,-7.646583,-9.883580,-9.540488,59.056225,1.882364,-115.675018,5.383045,-103.629379,-72.215546,-7.481205,0.534718,1.940243,-4.587721,3.992960,-6.012546,5.791908,6.049625,-0.010678,0.341695,-0.300967,0.000000,194.000000,4.000000,,,,0.000000,4.000000,4.000000,4.000000,4.000000,4.000000,4.000000,2.000000,4.000000,4.000000,4.000000,4.000000,4.000000,4.000000,4.000000,4.000000,4.000000,4.000000,4.000000,2.000000,4.000000,4.000000,4.000000,4.000000,4.000000,4.000000,4.000000,4.000000,4.000000,4.000000,4.000000,4.000000,4.000000,66.666664
1614076743.690869,73.000000,0.000000,2.261569,10.195784,11.537667,4.318235,6.485575,7.723767,5.189374,8.739314,-9.369595,-7.151446,2.820910,12.413547,0.566192,-7.309594,-7.992486,68.740761,-6.324647,-122.226013,3.326380,-114.294983,-84.963844,-29.525005,-4.594022,-8.318108,-12.788262,-0.113597,-4.980893,7.324578,7.069217,-5.138872,-2.222749,-3.377590,0.000000,191.000000,4.000000,,,,0.000000,4.000000,4.000000,4.000000,4.000000,4.000000,4.000000,2.000000,4.000000,4.000000,4.000000,4.000000,4.000000,4.000000,4.000000,4.000000,4.000000,4.000000,4.000000,2.000000,4.000000,4.000000,4.000000,4.000000,4.000000,4.000000,4.000000,4.000000,4.000000,4.000000,4.000000,4.000000,4.000000,66.666664
1614076743.698618,74.000000,0.000000,11.490076,10.185588,16.654335,4.313917,14.171397,8.228864,11.850852,13.345960,4.485929,8.240321,19.741167,21.631903,16.463060,14.748998,3.297557,72.261765,4.450909,-113.385834,3.323053,-96.231972,-62.314777,-7.957019,12.333650,-5.232866,3.634783,10.655747,11.434344,11.419817,13.728814,11.789344,4.446140,0.728352,0.000000,189.000000,4.000000,,,,0.000000,4.000000,4.000000,4.000000,4.000000,4.000000,4.000000,2.000000,4.000000,4.000000,4.000000,4.000000,4.000000,4.000000,4.000000,4.000000,4.000000,4.000000,4.000000,2.000000,4.000000,4.000000,4.000000,4.000000,4.000000,4.000000,4.000000,4.000000,4.000000,4.000000,4.000000,4.000000,4.000000,66.666664
1614076743.706267,75.000000,0.000000,17.119612,10.688223,19.714603,4.309603,18.259790,8.220634,20.044128,13.845434,15.250673,16.437208,29.465015,31.353859,19.523521,30.118864,15.601953,56.292065,20.343893,-108.144241,19.217167,-63.828045,-29.431950,24.871450,26.167469,11.695443,26.195251,23.978424,23.730602,13.972500,18.843290,29.726273,8.031438,8.419931,0.000000,199.000000,4.000000,,,,0.000000,4.000000,4.000000,4.000000,4.000000,4.000000,4.000000,2.000000,4.000000,4.000000,4.000000,4.000000,4.000000,4.000000,4.000000,4.000000,4.000000,4.000000,4.000000,2.000000,4.000000,4.000000,4.000000,4.000000,4.000000,4.000000,4.000000,4.000000,4.000000,4.000000,4.000000,4.000000,4.000000,66.666664
1614076743.714016,76.000000,0.000000,15.564031,8.113432,17.130787,4.305293,11.062043,5.648312,17.972803,14.344409,9.081576,16.420771,26.871447,29.271223,17.965536,30.088745,28.406862,89.056282,23.913294,-75.215584,39.710770,-30.943703,-14.530722,22.282476,26.141302,33.735031,25.656235,20.364702,23.194052,13.958528,17.798807,19.440136,5.459304,6.360229,0.000000,203.000000,4.000000,,,,0.000000,4.000000,4.000000,4.000000,4.000000,4.000000,4.000000,2.000000,4.000000,4.000000,4.000000,4.000000,4.000000,4.000000,4.000000,4.000000,4.000000,4.000000,4.000000,2.000000,4.000000,4.000000,4.000000,4.000000,4.000000,4.000000,4.000000,4.000000,4.000000,4.000000,4.000000,4.000000,4.000000,66.666664
1614076743.721665,77.000000,0.000000,15.035646,6.566857,14.549553,4.300988,5.409956,3.591381,10.262523,14.330065,-1.696736,16.404350,23.767653,21.549644,18.460392,28.007374,36.070763,121.787743,22.863739,-42.319859,45.824905,-15.528144,-15.541832,5.337118,26.115160,42.419243,14.861348,9.062287,19.581114,12.406108,14.704084,-1.092125,2.889742,0.712844,0.000000,194.000000,4.000000,,,,0.000000,4.000000,4.000000,4.000000,4.000000,4.000000,4.000000,2.000000,4.000000,4.000000,4.000000,4.000000,4.000000,4.000000,4.000000,4.000000,4.000000,4.000000,4.000000,2.000000,4.000000,4.000000,4.000000,4.000000,4.000000,4.000000,4.000000,4.000000,4.000000,4.000000,4.000000,4.000000,4.000000,66.666664
1614076743.729415,78.000000,0.000000,17.071894,6.047470,16.073465,4.296687,8.994289,5.126251,9.226619,13.802914,0.356243,17.413588,24.256706,19.476814,19.980392,31.056290,33.470589,102.178772,21.815235,-55.098053,46.804722,-24.743385,-13.987829,11.485627,27.114687,36.735798,13.820846,7.514763,18.535892,10.855240,14.689381,-4.167956,4.425313,6.865977,0.000000,204.000000,4.000000,,,,0.000000,4.000000,4.000000,4.000000,4.000000,4.000000,4.000000,2.000000,4.000000,4.000000,4.000000,4.000000,4.000000,4.000000,4.000000,4.000000,4.000000,4.000000,4.000000,2.000000,4.000000,4.000000,4.000000,4.000000,4.000000,4.000000,4.000000,4.000000,4.000000,4.000000,4.000000,4.000000,4.000000,66.666664
1614076743.737064,79.000000,0.000000,16.542000,6.554243,19.647135,4.292390,14.626321,7.172407,10.243033,17.378855,7.535374,17.908995,26.283731,22.021439,18.934771,30.512413,24.719172,89.256081,21.280598,-66.837822,47.783558,-33.436592,-14.999482,15.576705,27.087572,32.596500,15.858307,12.122633,16.978895,9.818744,15.187511,0.451597,6.984991,15.577060,0.000000,217.000000,4.000000,,,,0.000000,4.000000,4.000000,4.000000,4.000000,4.000000,4.000000,2.000000,4.000000,4.000000,4.000000,4.000000,4.000000,4.000000,4.000000,4.000000,4.000000,4.000000,4.000000,2.000000,4.000000,4.000000,4.000000,4.000000,4.000000,4.000000,4.000000,4.000000,4.000000,4.000000,4.000000,4.000000,4.000000,66.666664
1614076743.744813,80.000000,0.000000,14.986997,6.547688,23.217232,4.288098,14.611694,8.703696,9.719970,17.361475,3.938095,13.788521,16.513857,20.973776,8.146605,12.533183,7.771375,99.423241,20.233677,-69.847908,29.787056,-39.556999,-28.317816,2.227795,28.598946,35.640827,13.278346,15.700253,17.474735,9.808925,14.146683,-0.061675,6.465186,15.048662,0.000000,198.000000,4.000000,,,,0.000000,4.000000,4.000000,4.000000,4.000000,4.000000,4.000000,2.000000,4.000000,4.000000,4.000000,4.000000,4.000000,4.000000,4.000000,4.000000,4.000000,4.000000,4.000000,2.000000,4.000000,4.000000,4.000000,4.000000,4.000000,4.000000,4.000000,4.000000,4.000000,4.000000,4.000000,4.000000,4.000000,66.666664
1614076743.752462,81.000000,0.000000,16.510471,6.541141,23.194014,4.796630,8.443236,8.182172,9.710250,5.036422,-5.809433,3.518322,-5.553938,10.183572,-7.246157,-15.171658,-16.338961,67.016121,7.392931,-102.085754,5.141884,-63.620007,-44.186935,-3.928279,21.903681,32.528263,8.649683,13.120451,16.431620,9.799116,13.106895,-1.600075,6.458720,12.469511,0.000000,208.000000,4.000000,,,,0.000000,4.000000,4.000000,4.000000,4.000000,4.000000,4.000000,2.000000,4.000000,4.000000,4.000000,4.000000,4.000000,4.000000,4.000000,4.000000,4.000000,4.000000,4.000000,2.000000,4.000000,4.000000,4.000000,4.000000,4.000000,4.000000,4.000000,4.000000,4.000000,4.000000,4.000000,4.000000,4.000000,66.666664
1614076743.760211,82.000000,0.000000,15.981140,6.534600,20.093897,2.740552,1.768126,6.635529,8.674899,-5.225025,-9.393367,-4.177504,-18.881718,-3.672765,-12.879936,-29.002640,-32.220058,34.641415,-13.640103,-123.009308,-1.017104,-88.171768,-59.527363,-1.873068,5.984341,16.598297,-0.589736,2.338100,5.133137,10.302137,15.657890,-3.649757,7.477902,11.944221,0.000000,208.000000,4.000000,,,,0.000000,4.000000,4.000000,4.000000,4.000000,4.000000,4.000000,2.000000,4.000000,4.000000,4.000000,4.000000,4.000000,4.000000,4.000000,4.000000,4.000000,4.000000,4.000000,2.000000,4.000000,4.000000,4.000000,4.000000,4.000000,4.000000,4.000000,4.000000,4.000000,4.000000,4.000000,4.000000,4.000000,66.666664
1614076743.767860,83.000000,0.000000,4.683108,6.528065,15.971239,0.686529,-0.797744,5.090431,6.614942,-5.219800,-8.358333,-5.711788,-17.324375,-6.746016,-11.841415,-27.947996,-33.726299,32.555489,-20.805950,-115.193993,-5.631472,-103.981033,-84.596039,-15.204529,-1.201131,6.325289,-11.358377,-7.407828,-9.743791,6.702092,10.514028,-7.748672,4.393502,5.265610,0.000000,187.000000,4.000000,,,,0.000000,4.000000,4.000000,4.000000,4.000000,4.000000,4.000000,2.000000,4.000000,4.000000,4.000000,4.000000,4.000000,4.000000,4.000000,4.000000,4.000000,4.000000,4.000000,2.000000,4.000000,4.000000,4.000000,4.000000,4.000000,4.000000,4.000000,4.000000,4.000000,4.000000,4.000000,4.000000,4.000000,66.666664
1614076743.775609,84.000000,0.000000,-6.090806,6.521537,14.929626,0.685843,-0.284126,4.572520,6.608327,-3.676118,-8.349974,-7.244537,-14.230127,-5.713629,-11.316753,-26.894407,-31.641291,24.830627,-21.810785,-144.822388,-28.702763,-131.569366,-114.767853,-41.855991,-8.379416,2.729220,-19.039326,-9.451702,-13.836611,0.028723,-3.855461,-11.843487,-0.226277,-2.944784,0.000000,191.000000,4.000000,,,,0.000000,4.000000,4.000000,4.000000,4.000000,4.000000,4.000000,2.000000,4.000000,4.000000,4.000000,4.000000,4.000000,4.000000,4.000000,4.000000,4.000000,4.000000,4.000000,2.000000,4.000000,4.000000,4.000000,4.000000,4.000000,4.000000,4.000000,4.000000,4.000000,4.000000,4.000000,4.000000,4.000000,66.666664
1614076743.783258,85.000000,0.000000,-7.623177,6.515016,15.427518,0.172336,-0.796662,4.567948,5.063257,-5.210904,-8.854445,-9.801395,-14.215897,-9.810479,-12.331078,-28.405973,-33.660931,9.934001,-31.019745,-176.985260,-40.468933,-150.412155,-120.294113,-51.044903,-24.268473,-12.658124,-22.610031,-8.416610,-13.309954,-2.022588,-7.954169,-10.806003,-1.764512,-3.967480,0.000000,208.000000,4.000000,,,,0.000000,4.000000,4.000000,4.000000,4.000000,4.000000,4.000000,2.000000,4.000000,4.000000,4.000000,4.000000,4.000000,4.000000,4.000000,4.000000,4.000000,4.000000,4.000000,2.000000,4.000000,4.000000,4.000000,4.000000,4.000000,4.000000,4.000000,4.000000,4.000000,4.000000,4.000000,4.000000,4.000000,66.666664
1614076743.791008,86.000000,0.000000,-6.589912,6.508501,14.899270,1.197805,-0.795866,4.563380,2.494091,-4.692873,-8.332769,-9.791595,-13.176040,-9.800669,-11.805926,-27.864748,-28.499065,16.077913,-28.424622,-151.167252,-15.300258,-123.595070,-88.891769,-28.942577,-20.141642,-27.004440,-16.946396,-6.356911,-14.322285,-0.994924,0.258913,-5.154171,-0.737106,-2.937872,0.000000,185.000000,4.000000,,,,0.000000,4.000000,4.000000,4.000000,4.000000,4.000000,4.000000,2.000000,4.000000,4.000000,4.000000,4.000000,4.000000,4.000000,4.000000,4.000000,4.000000,4.000000,4.000000,2.000000,4.000000,4.000000,4.000000,4.000000,4.000000,4.000000,4.000000,4.000000,4.000000,4.000000,4.000000,4.000000,4.000000,66.666664
1614076743.798657,87.000000,0.000000,-5.557682,6.501992,14.884371,1.196607,-0.795070,3.533175,2.491597,-4.175359,-8.324437,-11.833084,-13.162864,-4.149842,-7.178735,-18.606113,-6.932105,38.113117,-8.396197,-118.195572,17.535555,-90.650963,-55.982361,-1.221327,6.545167,-11.592821,-1.032013,-1.735169,-5.590014,-0.993929,4.361218,-0.533632,-0.736369,-3.960575,0.000000,196.000000,4.000000,,,,0.000000,4.000000,4.000000,4.000000,4.000000,4.000000,4.000000,2.000000,4.000000,4.000000,4.000000,4.000000,4.000000,4.000000,4.000000,4.000000,4.000000,4.000000,4.000000,2.000000,4.000000,4.000000,4.000000,4.000000,4.000000,4.000000,4.000000,4.000000,4.000000,4.000000,4.000000,4.000000,4.000000,66.666664
1614076743.806506,88.000000,0.000000,-0.936739,6.495490,14.869486,-3.419974,-0.281454,-0.060101,0.950644,-4.171184,-8.316113,-16.436636,-12.636881,-1.068769,1.546392,-4.741354,19.228674,70.895515,4.945532,-97.564552,29.825712,-64.406471,-36.439201,7.497843,18.846315,18.675182,10.763891,-0.194973,7.236089,-1.505756,2.305575,0.492543,-1.248453,-3.443794,0.000000,200.000000,4.000000,,,,0.000000,4.000000,4.000000,4.000000,4.000000,4.000000,4.000000,2.000000,4.000000,4.000000,4.000000,4.000000,4.000000,4.000000,4.000000,4.000000,4.000000,4.000000,4.000000,2.000000,4.000000,4.000000,4.000000,4.000000,4.000000,4.000000,4.000000,4.000000,4.000000,4.000000,4.000000,4.000000,4.000000,66.666664
1614076743.814255,89.000000,0.000000,2.141121,6.488995,15.367437,-6.493477,-0.281173,-2.624144,-3.665691,-4.167012,-8.307796,-15.907379,-9.547320,-1.580521,5.134589,2.955695,26.901752,91.850266,4.427766,-88.749039,29.283066,-60.239498,-39.479683,6.464705,13.186442,33.528301,11.265947,-0.707598,9.280135,-0.991430,2.816090,-0.020770,-0.734384,-2.927529,0.000000,218.000000,4.000000,,,,0.000000,4.000000,4.000000,4.000000,4.000000,4.000000,4.000000,2.000000,4.000000,4.000000,4.000000,4.000000,4.000000,4.000000,4.000000,4.000000,4.000000,4.000000,4.000000,2.000000,4.000000,4.000000,4.000000,4.000000,4.000000,4.000000,4.000000,4.000000,4.000000,4.000000,4.000000,4.000000,4.000000,66.666664
1614076743.822104,90.000000,0.000000,1.113338,6.482505,14.839249,-4.435702,-1.306533,-3.134340,-5.713308,-4.675666,-8.299489,-9.224805,-6.460850,-2.091761,3.590993,2.952739,18.156902,68.168671,3.910518,-95.326958,33.869167,-63.769001,-41.491486,7.483881,11.121974,31.956312,9.716220,-0.706890,5.168291,-1.503259,3.838915,0.492071,-0.733650,-3.437422,0.000000,119.000000,4.000000,,,,0.000000,4.000000,4.000000,4.000000,4.000000,4.000000,4.000000,2.000000,4.000000,4.000000,4.000000,4.000000,4.000000,4.000000,4.000000,4.000000,4.000000,4.000000,4.000000,2.000000,4.000000,4.000000,4.000000,4.000000,4.000000,4.000000,4.000000,4.000000,4.000000,4.000000,4.000000,4.000000,4.000000,66.666664
1614076743.829853,91.000000,0.000000,1.112225,6.476023,14.824409,-2.892804,0.233235,-3.131206,-5.194774,-4.670990,-8.291189,-3.574554,-5.428749,-1.576849,4.100223,3.462607,15.574643,66.049217,6.470710,-92.667526,35.373760,-60.628311,-34.783329,9.014858,12.649314,29.360252,11.244966,-0.193363,6.188763,-0.988935,3.322255,0.491579,-0.732916,-2.921165,0.000000,198.000000,4.000000,,,,0.000000,4.000000,4.000000,4.000000,4.000000,4.000000,4.000000,2.000000,4.000000,4.000000,4.000000,4.000000,4.000000,4.000000,4.000000,4.000000,4.000000,4.000000,4.000000,2.000000,4.000000,4.000000,4.000000,4.000000,4.000000,4.000000,4.000000,4.000000,4.000000,4.000000,4.000000,4.000000,4.000000,66.666664
1614076743.837702,92.000000,0.000000,1.623933,4.418265,16.860867,-2.889912,5.361207,-3.128075,-4.676759,-2.102217,-8.282898,-1.519698,-4.910499,0.988831,4.608943,4.997606,17.610350,93.162659,6.464239,-75.138962,29.184540,-56.465118,-38.851109,7.980203,12.636664,31.894995,11.233721,-0.705990,9.259498,-0.987946,3.318933,-0.021733,-0.732183,1.184321,0.000000,166.000000,4.000000,,,,0.000000,4.000000,4.000000,4.000000,4.000000,4.000000,4.000000,2.000000,4.000000,4.000000,4.000000,4.000000,4.000000,4.000000,4.000000,4.000000,4.000000,4.000000,4.000000,2.000000,4.000000,4.000000,4.000000,4.000000,4.000000,4.000000,4.000000,4.000000,4.000000,4.000000,4.000000,4.000000,4.000000,66.666664
1614076743.845451,93.000000,0.000000,1.109489,2.875385,18.895288,-0.835740,7.919949,-3.124947,-5.184902,-0.048832,-8.274615,-1.518178,-6.444050,2.013483,2.040231,1.915685,3.746586,74.607956,2.868032,-85.833054,25.565611,-70.767624,-60.863541,2.331197,11.085567,28.786177,6.607102,-1.218105,8.737417,-1.499779,3.315614,-0.534532,-0.731451,4.772880,0.000000,218.000000,4.000000,,,,0.000000,4.000000,4.000000,4.000000,4.000000,4.000000,4.000000,2.000000,4.000000,4.000000,4.000000,4.000000,4.000000,4.000000,4.000000,4.000000,4.000000,4.000000,4.000000,2.000000,4.000000,4.000000,4.000000,4.000000,4.000000,4.000000,4.000000,4.000000,4.000000,4.000000,4.000000,4.000000,4.000000,66.666664
1614076743.853300,94.000000,0.000000,1.108379,2.872510,18.876394,0.703558,6.373567,-4.147462,-5.179718,-1.074425,-8.779160,-2.029480,-5.411965,2.011469,-0.525911,-3.214435,-12.154596,52.482063,3.890805,-102.157478,21.950302,-90.184036,-77.725754,-4.850622,7.484737,16.962519,0.959469,-1.216887,4.626116,-0.472638,3.312299,-0.021177,-0.730720,4.768107,0.000000,214.000000,4.000000,,,,0.000000,4.000000,4.000000,4.000000,4.000000,4.000000,4.000000,2.000000,4.000000,4.000000,4.000000,4.000000,4.000000,4.000000,4.000000,4.000000,4.000000,4.000000,4.000000,2.000000,4.000000,4.000000,4.000000,4.000000,4.000000,4.000000,4.000000,4.000000,4.000000,4.000000,4.000000,4.000000,4.000000,66.666664
1614076743.861049,95.000000,0.000000,1.107271,2.869637,18.857517,2.241316,7.392835,-0.553572,-2.610435,-0.560530,-8.257562,-1.001810,3.824216,2.522278,-0.012565,-5.262503,-13.168083,79.609070,4.912555,-98.978394,7.569377,-99.837440,-82.776230,-9.461156,4.913150,11.304531,-1.605593,-0.190029,2.570208,2.091938,3.308986,0.491665,-0.729989,3.737698,0.000000,202.000000,4.000000,,,,0.000000,4.000000,4.000000,4.000000,4.000000,4.000000,4.000000,2.000000,4.000000,4.000000,4.000000,4.000000,4.000000,4.000000,4.000000,4.000000,4.000000,4.000000,4.000000,2.000000,4.000000,4.000000,4.000000,4.000000,4.000000,4.000000,4.000000,4.000000,4.000000,4.000000,4.000000,4.000000,4.000000,66.666664
1614076743.868898,96.000000,0.000000,1.106164,2.866767,18.838659,6.854459,9.949544,6.626469,2.007560,4.055416,-6.198021,1.050474,9.461417,0.981295,-0.525373,-4.231599,-22.385685,73.888435,-14.066717,-126.058907,-9.874089,-125.378632,-93.462685,-21.246567,0.292852,9.241944,-3.655269,-1.215480,1.029176,3.115487,2.792857,-0.021648,-0.729259,6.298063,8064.000000,0.000000,4.000000,,,,0.000000,4.000000,4.000000,4.000000,4.000000,4.000000,4.000000,2.000000,4.000000,4.000000,4.000000,4.000000,4.000000,4.000000,4.000000,4.000000,4.000000,4.000000,4.000000,2.000000,4.000000,4.000000,4.000000,4.000000,4.000000,4.000000,4.000000,4.000000,4.000000,4.000000,4.000000,4.000000,4.000000,66.666664
1614076743.876647,97.000000,0.000000,1.105058,3.376721,18.819820,8.898887,10.965236,9.696766,3.544014,7.641104,-4.140542,2.075064,5.349392,-3.122251,-3.601771,-4.740189,-40.312016,41.506855,-40.206497,-156.189255,-15.505240,-154.484024,-96.958969,-36.097115,-8.938210,-4.613451,-4.164434,-0.701444,-2.048776,3.112371,3.815705,1.516836,-0.215709,10.907149,8064.000000,0.000000,4.000000,,,,0.000000,4.000000,4.000000,4.000000,4.000000,4.000000,4.000000,2.000000,4.000000,4.000000,4.000000,4.000000,4.000000,4.000000,4.000000,4.000000,4.000000,4.000000,4.000000,2.000000,4.000000,4.000000,4.000000,4.000000,4.000000,4.000000,4.000000,4.000000,4.000000,4.000000,4.000000,4.000000,4.000000,66.666664
1614076743.884496,98.000000,0.000000,1.103953,2.860524,19.313822,7.864347,10.441450,8.148607,2.514829,7.120642,-4.136401,1.560169,0.728658,-3.119129,-3.085348,-4.735448,-28.476833,46.593552,-32.473984,-123.212555,1.433341,-131.765442,-71.733803,-24.778967,-7.903631,-13.839607,-1.083347,3.914642,-1.021086,3.109259,5.350351,6.643524,-0.728314,12.434704,8064.000000,0.000000,4.000000,,,,0.000000,4.000000,4.000000,4.000000,4.000000,4.000000,4.000000,2.000000,4.000000,4.000000,4.000000,4.000000,4.000000,4.000000,4.000000,4.000000,4.000000,4.000000,4.000000,2.000000,4.000000,4.000000,4.000000,4.000000,4.000000,4.000000,4.000000,4.000000,4.000000,4.000000,4.000000,4.000000,4.000000,66.666664
1614076743.892245,99.000000,0.000000,1.102849,2.857663,19.294508,8.369303,10.943830,8.653279,3.025135,6.087880,-4.645085,1.558609,1.753570,1.499375,1.533122,-4.730713,3.346516,79.367470,-4.236380,-90.268829,30.149857,-98.813156,-40.892841,4.476582,5.437606,1.558848,3.533121,7.500471,4.620960,2.593329,6.883462,7.149701,-0.727586,12.422269,8064.000000,0.000000,4.000000,,,,0.000000,4.000000,4.000000,4.000000,4.000000,4.000000,4.000000,2.000000,4.000000,4.000000,4.000000,4.000000,4.000000,4.000000,4.000000,4.000000,4.000000,4.000000,4.000000,2.000000,4.000000,4.000000,4.000000,4.000000,4.000000,4.000000,4.000000,4.000000,4.000000,4.000000,4.000000,4.000000,4.000000,66.666664
1614076743.900094,100.000000,0.000000,1.101746,3.880447,18.249573,6.309651,8.881603,8.131805,3.022109,7.107433,-4.127620,1.557050,2.777458,2.523517,4.095691,-4.213161,15.650862,89.544518,6.024267,-82.486252,39.350475,-77.175880,-33.159637,13.190054,12.611655,21.557289,3.529588,4.928868,5.641981,3.103556,7.902220,-0.036936,-0.214038,9.845744,8064.000000,0.000000,4.000000,,,,0.000000,4.000000,4.000000,4.000000,4.000000,4.000000,4.000000,2.000000,4.000000,4.000000,4.000000,4.000000,4.000000,4.000000,4.000000,4.000000,4.000000,4.000000,4.000000,2.000000,4.000000,4.000000,4.000000,4.000000,4.000000,4.000000,4.000000,4.000000,4.000000,4.000000,4.000000,4.000000,4.000000,66.666664
1614076743.907843,101.000000,0.000000,1.100644,0.799643,19.256964,1.175137,6.821440,4.021110,0.967805,6.074685,-4.123492,1.555493,1.749039,2.008173,4.091596,-0.106384,14.096749,99.198563,3.966960,-82.916588,28.029074,-78.124352,-39.280327,1.894813,11.573403,25.125475,-2.627788,2.872657,2.559415,3.100452,6.355856,-7.729207,-2.265106,1.630770,8064.000000,0.000000,4.000000,,,,0.000000,4.000000,4.000000,4.000000,4.000000,4.000000,4.000000,2.000000,4.000000,4.000000,4.000000,4.000000,4.000000,4.000000,4.000000,4.000000,4.000000,4.000000,4.000000,2.000000,4.000000,4.000000,4.000000,4.000000,4.000000,4.000000,4.000000,4.000000,4.000000,4.000000,4.000000,4.000000,4.000000,66.666664
1614076743.915692,102.000000,0.000000,1.099543,-5.867823,20.263348,0.148320,6.814618,-0.598296,-1.084445,1.453226,-6.170650,1.553938,1.234470,2.518985,4.087504,3.483466,13.569832,96.535255,4.475814,-95.654182,21.334379,-79.071869,-46.420532,-2.209646,11.561830,20.484966,-7.753365,3.382605,2.556856,-1.005212,2.246936,-10.798401,-7.903866,-5.550347,8064.000000,0.000000,4.000000,,,,0.000000,4.000000,4.000000,4.000000,4.000000,4.000000,4.000000,2.000000,4.000000,4.000000,4.000000,4.000000,4.000000,4.000000,4.000000,4.000000,4.000000,4.000000,4.000000,2.000000,4.000000,4.000000,4.000000,4.000000,4.000000,4.000000,4.000000,4.000000,4.000000,4.000000,4.000000,4.000000,4.000000,66.666664
1614076743.923441,103.000000,0.000000,1.098444,-8.938878,12.550776,0.660993,5.782163,-2.648980,-1.596181,0.426131,-8.215762,2.065204,3.797338,1.490825,4.083416,3.479982,11.504980,76.438721,7.035441,-115.045708,22.851505,-81.044075,-46.886932,1.895128,11.550268,13.797814,-8.771253,2.353581,2.554299,-5.106771,-0.832234,-11.300423,-11.998527,-7.083259,8064.000000,0.000000,4.000000,,,,0.000000,4.000000,4.000000,4.000000,4.000000,4.000000,4.000000,2.000000,4.000000,4.000000,4.000000,4.000000,4.000000,4.000000,4.000000,4.000000,4.000000,4.000000,4.000000,2.000000,4.000000,4.000000,4.000000,4.000000,4.000000,4.000000,4.000000,4.000000,4.000000,4.000000,4.000000,4.000000,4.000000,66.666664
1614076743.931290,104.000000,0.000000,1.610166,-8.417119,1.768995,0.660332,3.212278,-3.159151,-1.081764,5.041090,-8.720366,1.550318,9.947387,5.591898,7.156256,6.553425,14.570398,88.669975,13.695072,-102.110153,23.854296,-80.450211,-42.737480,0.867591,14.615641,7.117350,-8.762482,-0.725695,2.551745,-3.050382,-0.831402,-11.801943,-11.986528,-8.614637,8064.000000,0.000000,4.000000,,,,0.000000,4.000000,4.000000,4.000000,4.000000,4.000000,4.000000,2.000000,4.000000,4.000000,4.000000,4.000000,4.000000,4.000000,4.000000,4.000000,4.000000,4.000000,4.000000,2.000000,4.000000,4.000000,4.000000,4.000000,4.000000,4.000000,4.000000,4.000000,4.000000,4.000000,4.000000,4.000000,4.000000,66.666664
1614076743.939039,105.000000,0.000000,1.608556,-7.895881,0.741585,0.146851,2.183424,-3.155992,-1.080682,7.600152,-8.198826,2.061589,7.373337,9.176050,8.174741,7.059692,12.504546,104.478745,13.168556,-96.879837,20.240698,-84.985146,-52.951153,-3.748661,13.575384,8.648694,-8.240898,-1.237790,3.062014,-0.483229,-0.317750,-11.277320,-11.461720,-10.657305,8064.000000,0.000000,4.000000,,,,0.000000,4.000000,4.000000,4.000000,4.000000,4.000000,4.000000,2.000000,4.000000,4.000000,4.000000,4.000000,4.000000,4.000000,4.000000,4.000000,4.000000,4.000000,4.000000,2.000000,4.000000,4.000000,4.000000,4.000000,4.000000,4.000000,4.000000,4.000000,4.000000,4.000000,4.000000,4.000000,4.000000,66.666664
1614076743.946688,106.000000,0.000000,0.581306,-5.836703,4.330587,0.659524,3.206882,-3.152836,-1.079602,6.566910,-8.190627,2.059527,-3.916088,0.961746,-0.551383,-5.767880,-8.533600,77.707596,-0.690766,-129.090652,7.399944,-107.977081,-77.000771,-6.821835,-2.335627,9.665686,-9.771119,-0.723732,-1.556433,-0.995566,-1.343073,-10.753222,-11.963079,-10.646647,8064.000000,0.000000,4.000000,,,,0.000000,4.000000,4.000000,4.000000,4.000000,4.000000,4.000000,2.000000,4.000000,4.000000,4.000000,4.000000,4.000000,4.000000,4.000000,4.000000,4.000000,4.000000,4.000000,2.000000,4.000000,4.000000,4.000000,4.000000,4.000000,4.000000,4.000000,4.000000,4.000000,4.000000,4.000000,4.000000,4.000000,66.666664
1614076743.954438,107.000000,0.000000,2.119186,-1.728302,3.813436,0.658865,3.203675,-3.149683,-1.078522,6.047523,-8.695257,-2.045097,-6.476274,-5.705883,-10.294421,-21.146729,-29.550707,49.937584,-13.510588,-147.935913,-4.402328,-138.125519,-91.795563,-8.866296,-10.538420,-3.164493,-16.428015,-0.723008,-10.272825,-1.507391,-0.316089,-11.768110,-11.438296,-10.636001,8064.000000,0.000000,4.000000,,,,0.000000,4.000000,4.000000,4.000000,4.000000,4.000000,4.000000,2.000000,4.000000,4.000000,4.000000,4.000000,4.000000,4.000000,4.000000,4.000000,4.000000,4.000000,4.000000,2.000000,4.000000,4.000000,4.000000,4.000000,4.000000,4.000000,4.000000,4.000000,4.000000,4.000000,4.000000,4.000000,4.000000,66.666664
1614076743.962087,108.000000,0.000000,0.578606,-0.188113,4.322443,0.658206,2.174830,-2.633713,-1.077443,5.528655,-8.173741,-6.658436,-5.444157,-6.212997,-12.335408,-29.330709,-38.239105,42.195339,-30.420155,-154.454651,-10.551772,-169.782257,-99.396072,-20.652302,-11.553522,-12.904918,-19.488510,-0.722285,-12.826655,-0.993063,-0.315773,-9.705060,-11.426858,-9.599724,8064.000000,0.000000,4.000000,,,,0.000000,4.000000,4.000000,4.000000,4.000000,4.000000,4.000000,2.000000,4.000000,4.000000,4.000000,4.000000,4.000000,4.000000,4.000000,4.000000,4.000000,4.000000,4.000000,2.000000,4.000000,4.000000,4.000000,4.000000,4.000000,4.000000,4.000000,4.000000,4.000000,4.000000,4.000000,4.000000,4.000000,66.666664
1614076743.969836,109.000000,0.000000,-7.114281,-0.700745,6.882223,0.657548,3.198297,-3.656720,-1.076366,1.933383,-8.165567,-6.138957,-14.156662,-14.411913,-15.399997,-27.762917,-43.329071,35.486477,-53.979477,-172.761734,-18.746347,-193.202225,-102.886421,-34.990623,-24.875303,-12.892013,-13.827995,-1.234383,-13.839470,-0.992070,-0.828278,-2.515868,-11.415431,-4.974739,8064.000000,0.000000,4.000000,,,,0.000000,4.000000,4.000000,4.000000,4.000000,4.000000,4.000000,2.000000,4.000000,4.000000,4.000000,4.000000,4.000000,4.000000,4.000000,4.000000,4.000000,4.000000,4.000000,2.000000,4.000000,4.000000,4.000000,4.000000,4.000000,4.000000,4.000000,4.000000,4.000000,4.000000,4.000000,4.000000,4.000000,66.666664
1614076743.977485,110.000000,0.000000,-14.799474,-0.700044,7.900982,0.656890,7.810483,-2.114602,-1.075290,-1.145474,-8.670222,-6.645639,-14.655326,-19.012886,-14.358955,-13.376180,-33.542152,50.835606,-55.463959,-151.050507,-10.522473,-168.906464,-75.604050,-23.160761,-27.414530,-14.417583,-4.583398,-0.207508,-12.287169,-0.991078,1.736653,1.589212,-11.404016,-1.892841,8064.000000,0.000000,4.000000,,,,0.000000,4.000000,4.000000,4.000000,4.000000,4.000000,4.000000,2.000000,4.000000,4.000000,4.000000,4.000000,4.000000,4.000000,4.000000,4.000000,4.000000,4.000000,4.000000,2.000000,4.000000,4.000000,4.000000,4.000000,4.000000,4.000000,4.000000,4.000000,4.000000,4.000000,4.000000,4.000000,4.000000,66.666664
1614076743.985234,111.000000,0.000000,-13.246213,-0.699344,7.893081,0.656233,10.366776,0.964436,-1.074214,-1.657149,-8.148731,-6.638993,-3.871439,-5.660539,3.604122,3.047453,-1.713738,82.066818,-23.100803,-118.078941,22.308561,-135.917038,-42.707932,9.170093,0.305193,-4.146755,5.164775,1.843982,-1.505651,-0.990087,6.350301,0.561982,-11.392612,-2.403769,8064.000000,0.000000,4.000000,,,,0.000000,4.000000,4.000000,4.000000,4.000000,4.000000,4.000000,2.000000,4.000000,4.000000,4.000000,4.000000,4.000000,4.000000,4.000000,4.000000,4.000000,4.000000,4.000000,2.000000,4.000000,4.000000,4.000000,4.000000,4.000000,4.000000,4.000000,4.000000,4.000000,4.000000,4.000000,4.000000,4.000000,66.666664
1614076743.992883,112.000000,0.000000,-8.617582,-0.698645,6.859547,0.142757,10.356408,0.450651,0.465321,3.472713,-6.089301,4.136877,2.286278,9.729737,21.549236,9.198252,29.057207,98.907829,9.742810,-95.396759,46.388817,-102.960609,-24.716505,25.571178,20.817707,22.011238,11.313457,3.380599,10.803548,-0.989097,7.369592,0.048599,-11.381219,-2.914186,8064.000000,0.000000,4.000000,,,,0.000000,4.000000,4.000000,4.000000,4.000000,4.000000,4.000000,2.000000,4.000000,4.000000,4.000000,4.000000,4.000000,4.000000,4.000000,4.000000,4.000000,4.000000,4.000000,2.000000,4.000000,4.000000,4.000000,4.000000,4.000000,4.000000,4.000000,4.000000,4.000000,4.000000,4.000000,4.000000,4.000000,66.666664
1614076744.000632,113.000000,0.000000,-5.019221,-1.210767,7.878328,0.655434,12.910154,3.014302,2.516138,13.725651,-2.493468,15.927611,11.514761,14.848212,24.604609,17.394182,43.899944,119.321739,27.681786,-92.224442,42.239864,-90.037132,-24.691788,24.519966,19.771250,36.861023,8.225220,3.377219,14.895308,-0.988108,6.849401,1.074192,-11.369838,-2.911272,8064.000000,0.000000,4.000000,,,,0.000000,4.000000,4.000000,4.000000,4.000000,4.000000,4.000000,2.000000,4.000000,4.000000,4.000000,4.000000,4.000000,4.000000,4.000000,4.000000,4.000000,4.000000,4.000000,2.000000,4.000000,4.000000,4.000000,4.000000,4.000000,4.000000,4.000000,4.000000,4.000000,4.000000,4.000000,4.000000,4.000000,66.666664
1614076744.008282,114.000000,0.000000,-1.937279,-0.696736,12.998655,2.706061,16.999809,13.267698,2.513622,18.840130,-0.439692,17.962967,29.451963,17.397467,22.528723,27.633198,45.907326,137.151138,31.756668,-82.388626,35.018139,-96.613762,-29.795301,29.110830,19.238657,38.362621,4.114430,3.373842,14.367592,-0.987120,7.355373,1.073117,-11.358468,-2.395540,8064.000000,0.000000,4.000000,,,,0.000000,4.000000,4.000000,4.000000,4.000000,4.000000,4.000000,2.000000,4.000000,4.000000,4.000000,4.000000,4.000000,4.000000,4.000000,4.000000,4.000000,4.000000,4.000000,2.000000,4.000000,4.000000,4.000000,4.000000,4.000000,4.000000,4.000000,4.000000,4.000000,4.000000,4.000000,4.000000,4.000000,66.666664
1614076744.016031,115.000000,0.000000,-3.473803,-0.696039,18.626682,4.754637,18.521271,16.331354,2.511108,16.257187,-0.439253,16.406542,30.448153,17.892889,21.480553,22.990179,32.015266,120.090912,27.109526,-92.049828,32.419018,-110.363304,-43.611660,29.081720,18.193777,37.811440,4.110316,0.293545,6.148097,-0.986133,5.809556,-1.492058,-10.834289,-2.905965,8064.000000,0.000000,4.000000,,,,0.000000,4.000000,4.000000,4.000000,4.000000,4.000000,4.000000,2.000000,4.000000,4.000000,4.000000,4.000000,4.000000,4.000000,4.000000,4.000000,4.000000,4.000000,4.000000,2.000000,4.000000,4.000000,4.000000,4.000000,4.000000,4.000000,4.000000,4.000000,4.000000,4.000000,4.000000,4.000000,4.000000,66.666664
1614076744.023680,116.000000,0.000000,-5.521611,-1.720984,19.120876,4.237062,17.989929,8.622715,2.508597,14.189649,-0.951634,14.851673,15.545910,17.362177,13.766765,11.172318,14.034532,92.278511,21.954212,-108.880859,32.386597,-119.483711,-53.311638,12.642383,13.047379,23.927475,-1.534820,-4.322134,-2.063180,-0.985147,2.726823,-6.618771,-11.849095,-8.544085,8064.000000,0.000000,4.000000,,,,0.000000,4.000000,4.000000,4.000000,4.000000,4.000000,4.000000,2.000000,4.000000,4.000000,4.000000,4.000000,4.000000,4.000000,4.000000,4.000000,4.000000,4.000000,4.000000,2.000000,4.000000,4.000000,4.000000,4.000000,4.000000,4.000000,4.000000,4.000000,4.000000,4.000000,4.000000,4.000000,4.000000,66.666664
1614076744.031429,117.000000,0.000000,-1.926346,-0.693622,18.588934,4.232825,16.946297,3.485887,2.506088,14.688279,-0.437862,10.221437,7.838057,17.857635,-0.093156,-3.710649,1.199984,71.160591,17.316874,-118.002747,29.790108,-127.056534,-53.771149,1.860509,11.495870,10.057393,-5.635849,-2.779350,6.144011,-0.984162,2.724096,-8.150614,-11.837247,-11.099643,8064.000000,0.000000,4.000000,,,,0.000000,4.000000,4.000000,4.000000,4.000000,4.000000,4.000000,2.000000,4.000000,4.000000,4.000000,4.000000,4.000000,4.000000,4.000000,4.000000,4.000000,4.000000,4.000000,2.000000,4.000000,4.000000,4.000000,4.000000,4.000000,4.000000,4.000000,4.000000,4.000000,4.000000,4.000000,4.000000,4.000000,66.666664
1614076744.039078,118.000000,0.000000,1.152503,4.435277,19.083166,4.228592,17.954992,5.020863,2.503582,12.109488,-0.437424,3.031729,-1.400551,12.198751,-13.426396,-29.347963,-19.314035,40.833023,2.427761,-146.602692,10.273139,-151.032043,-71.153275,1.345828,5.330528,15.175541,-3.066111,-2.263750,9.727611,-0.983177,3.747013,-6.604002,-6.697204,-5.447517,8064.000000,0.000000,4.000000,,,,0.000000,4.000000,4.000000,4.000000,4.000000,4.000000,4.000000,2.000000,4.000000,4.000000,4.000000,4.000000,4.000000,4.000000,4.000000,4.000000,4.000000,4.000000,4.000000,2.000000,4.000000,4.000000,4.000000,4.000000,4.000000,4.000000,4.000000,4.000000,4.000000,4.000000,4.000000,4.000000,4.000000,66.666664
1614076744.046827,119.000000,0.000000,-2.438393,6.994944,19.064083,4.224363,17.937037,5.015842,2.501079,6.969174,-5.052371,-5.176432,-17.296585,-0.121140,-22.130919,-49.318615,-43.397285,22.330650,-19.113129,-178.763779,-14.352519,-183.188705,-102.364174,-15.065774,-6.982495,10.544980,-14.857917,-9.953794,-10.794937,-1.495015,-0.359298,-9.161500,-3.100763,-2.365147,8064.000000,0.000000,4.000000,,,,0.000000,4.000000,4.000000,4.000000,4.000000,4.000000,4.000000,2.000000,4.000000,4.000000,4.000000,4.000000,4.000000,4.000000,4.000000,4.000000,4.000000,4.000000,4.000000,2.000000,4.000000,4.000000,4.000000,4.000000,4.000000,4.000000,4.000000,4.000000,4.000000,4.000000,4.000000,4.000000,4.000000,66.666664
1614076744.054476,120.000000,0.000000,-3.461595,6.475129,19.045019,4.220139,11.765254,3.985185,2.498578,1.834000,-8.637062,-12.350742,-23.433136,-7.300506,-26.211351,-51.833401,-53.097477,26.410883,-33.452991,-187.302963,-16.902269,-209.159363,-122.261810,-40.178913,-12.103718,-13.568129,-33.304596,-17.636148,-20.527731,-1.493520,-4.974323,-16.844646,-5.148944,-5.952526,7936.000000,0.000000,4.000000,,,,0.000000,4.000000,4.000000,4.000000,4.000000,4.000000,4.000000,2.000000,4.000000,4.000000,4.000000,4.000000,4.000000,4.000000,4.000000,4.000000,4.000000,4.000000,4.000000,2.000000,4.000000,4.000000,4.000000,4.000000,4.000000,4.000000,4.000000,4.000000,4.000000,4.000000,4.000000,4.000000,4.000000,66.666664
1614076744.062325,121.000000,0.000000,0.131610,6.981474,18.000334,3.703098,4.574001,3.981200,2.496079,-1.244758,-8.628426,-15.928135,-19.819960,-5.754744,-28.749243,-45.627720,-52.018742,20.743448,-40.086205,-180.961823,-11.757162,-218.693787,-120.088264,-43.728477,-12.604434,-26.375074,-24.040524,-14.028768,-8.199512,-0.979206,-2.405246,-18.879084,-2.066873,-5.946573,8064.000000,0.000000,4.000000,,,,0.000000,4.000000,4.000000,4.000000,4.000000,4.000000,4.000000,2.000000,4.000000,4.000000,4.000000,4.000000,4.000000,4.000000,4.000000,4.000000,4.000000,4.000000,4.000000,2.000000,4.000000,4.000000,4.000000,4.000000,4.000000,4.000000,4.000000,4.000000,4.000000,4.000000,4.000000,4.000000,4.000000,66.666664
1614076744.070074,122.000000,0.000000,1.157119,10.051415,18.495153,5.237857,7.646350,4.490039,1.980763,-1.243513,-9.132617,-11.809643,-11.595011,-6.774630,-18.464083,-26.607735,-38.120567,29.440653,-36.456375,-170.524445,-11.232584,-206.167404,-96.378433,-26.248852,-10.540548,-22.246134,-3.503662,0.344235,-5.114389,-1.491047,4.776646,-10.655077,6.140323,-0.812421,8064.000000,0.000000,4.000000,,,,0.000000,4.000000,4.000000,4.000000,4.000000,4.000000,4.000000,2.000000,4.000000,4.000000,4.000000,4.000000,4.000000,4.000000,4.000000,4.000000,4.000000,4.000000,4.000000,2.000000,4.000000,4.000000,4.000000,4.000000,4.000000,4.000000,4.000000,4.000000,4.000000,4.000000,4.000000,4.000000,4.000000,66.666664
1614076744.077923,123.000000,0.000000,1.155962,10.554185,18.989479,7.796721,13.792550,4.485549,3.004423,1.834654,-6.559382,2.561141,3.288379,-6.255035,8.733868,5.726566,-5.261934,62.231724,-13.855815,-137.533401,7.240187,-173.140717,-63.461540,-7.761065,1.777685,-8.377734,0.089585,13.164404,-4.596454,-0.976735,7.848793,-1.413652,6.647003,1.752494,8064.000000,0.000000,4.000000,,,,0.000000,4.000000,4.000000,4.000000,4.000000,4.000000,4.000000,2.000000,4.000000,4.000000,4.000000,4.000000,4.000000,4.000000,4.000000,4.000000,4.000000,4.000000,4.000000,2.000000,4.000000,4.000000,4.000000,4.000000,4.000000,4.000000,4.000000,4.000000,4.000000,4.000000,4.000000,4.000000,4.000000,66.666664
1614076744.085672,124.000000,0.000000,5.257370,10.543631,15.893566,8.301745,10.701835,4.481063,5.052701,2.858460,0.626664,15.891913,16.105604,7.084554,29.237955,26.746481,27.563841,94.990005,11.286246,-104.575363,38.002178,-140.147064,-42.372437,4.554389,17.160522,18.810131,3.166419,12.638419,11.818398,3.639626,5.789662,0.639043,3.563433,0.725100,8064.000000,0.000000,4.000000,,,,0.000000,4.000000,4.000000,4.000000,4.000000,4.000000,4.000000,2.000000,4.000000,4.000000,4.000000,4.000000,4.000000,4.000000,4.000000,4.000000,4.000000,4.000000,4.000000,2.000000,4.000000,4.000000,4.000000,4.000000,4.000000,4.000000,4.000000,4.000000,4.000000,4.000000,4.000000,4.000000,4.000000,66.666664
1614076744.093521,125.000000,0.000000,7.816216,9.507446,11.262288,7.780623,6.075748,4.476583,6.586110,2.342781,3.702961,17.414482,18.653601,19.897982,28.695896,25.694094,30.100380,79.510399,19.480089,-94.214378,47.194946,-118.468460,-38.740322,12.754962,21.245926,39.304142,10.342739,6.984755,18.473248,6.712909,2.194129,0.125584,3.559869,-1.326907,8192.000000,0.000000,4.000000,,,,0.000000,4.000000,4.000000,4.000000,4.000000,4.000000,4.000000,2.000000,4.000000,4.000000,4.000000,4.000000,4.000000,4.000000,4.000000,4.000000,4.000000,4.000000,4.000000,2.000000,4.000000,4.000000,4.000000,4.000000,4.000000,4.000000,4.000000,4.000000,4.000000,4.000000,4.000000,4.000000,4.000000,66.666664
1614076744.101270,126.000000,0.000000,4.218656,7.446657,12.276667,7.772842,10.685058,4.472106,6.066703,2.853259,2.673617,10.217582,16.583666,18.339622,22.000534,18.488913,18.275408,56.866787,17.922146,-118.222725,35.865700,-122.965378,-42.291325,16.331951,17.634937,34.136631,8.793935,6.464950,8.198363,6.706196,-1.397809,0.125458,0.992207,-2.864042,8064.000000,0.000000,4.000000,,,,0.000000,4.000000,4.000000,4.000000,4.000000,4.000000,4.000000,2.000000,4.000000,4.000000,4.000000,4.000000,4.000000,4.000000,4.000000,4.000000,4.000000,4.000000,4.000000,2.000000,4.000000,4.000000,4.000000,4.000000,4.000000,4.000000,4.000000,4.000000,4.000000,4.000000,4.000000,4.000000,4.000000,66.666664
1614076744.109119,127.000000,0.000000,4.727258,5.900748,14.828492,7.765069,14.776937,4.467634,6.060636,2.850406,2.670943,9.694543,17.079903,15.757180,22.491354,18.983244,15.693029,65.015045,19.442686,-129.386551,29.163166,-127.457794,-43.787495,14.777158,15.566020,25.384546,8.272321,7.484126,6.138883,6.186670,-0.883591,1.150974,-4.136991,-2.348357,8192.000000,0.000000,4.000000,,,,0.000000,4.000000,4.000000,4.000000,4.000000,4.000000,4.000000,2.000000,4.000000,4.000000,4.000000,4.000000,4.000000,4.000000,4.000000,4.000000,4.000000,4.000000,4.000000,2.000000,4.000000,4.000000,4.000000,4.000000,4.000000,4.000000,4.000000,4.000000,4.000000,4.000000,4.000000,4.000000,4.000000,66.666664
1614076744.116869,0.000000,0.000000,12.414838,5.894848,14.813663,7.757305,13.736518,4.463166,6.567396,2.847555,3.181093,16.351515,17.575642,20.356808,24.520144,18.964260,16.190157,84.437210,26.089911,-115.411011,31.698105,-121.689316,-43.743706,13.223919,18.627377,25.359161,16.469177,6.451000,12.799411,6.693304,5.271139,3.201105,-3.107213,0.218094,0.000000,191.000000,4.000000,,,,0.000000,4.000000,4.000000,4.000000,4.000000,4.000000,4.000000,2.000000,4.000000,4.000000,4.000000,4.000000,4.000000,4.000000,4.000000,4.000000,4.000000,4.000000,4.000000,2.000000,4.000000,4.000000,4.000000,4.000000,4.000000,4.000000,4.000000,4.000000,4.000000,4.000000,4.000000,4.000000,4.000000,66.666664
1614076744.124718,1.000000,0.000000,17.017807,6.401773,14.286030,7.749547,13.722782,4.458703,6.560829,5.408810,2.665091,13.258241,12.942682,19.310810,16.803316,5.099142,7.968838,77.173286,24.012539,-117.346886,27.051023,-127.721474,-49.853809,15.774797,18.608749,25.846622,16.965528,5.931729,14.325073,6.686610,10.394073,4.223545,-0.027182,0.730696,0.000000,198.000000,4.000000,,,,0.000000,4.000000,4.000000,4.000000,4.000000,4.000000,4.000000,4.000000,4.000000,4.000000,4.000000,4.000000,4.000000,4.000000,4.000000,4.000000,4.000000,4.000000,4.000000,2.000000,4.000000,4.000000,4.000000,4.000000,4.000000,4.000000,4.000000,4.000000,4.000000,4.000000,4.000000,4.000000,4.000000,83.333336
1614076744.132467,2.000000,0.000000,14.949508,6.395371,14.784564,7.741797,13.709059,4.454244,4.502985,6.941863,2.662426,-2.652453,4.211791,10.573550,-2.700666,-15.418777,-9.475028,44.788422,6.039808,-145.434662,14.203459,-155.286057,-67.752678,10.630817,5.769628,25.307957,9.769075,6.438618,11.746645,6.167103,10.896500,3.706501,-0.539976,0.729966,0.000000,199.000000,4.000000,,,,0.000000,4.000000,4.000000,4.000000,4.000000,4.000000,4.000000,4.000000,4.000000,4.000000,4.000000,4.000000,4.000000,4.000000,4.000000,4.000000,4.000000,4.000000,4.000000,2.000000,4.000000,4.000000,4.000000,4.000000,4.000000,4.000000,4.000000,4.000000,4.000000,4.000000,4.000000,4.000000,4.000000,83.333336
1614076744.140316,3.000000,0.000000,11.857635,5.876156,14.769779,7.734056,10.105606,4.449790,2.447201,6.422101,2.659764,-12.906211,-0.920626,4.409131,-13.467196,-20.531565,-28.439913,15.512866,-12.427771,-165.802048,5.984128,-182.823074,-88.197739,-7.328531,-8.595116,20.154444,6.169562,6.432179,6.606693,6.160936,9.859962,3.189974,-0.539436,0.729236,0.000000,185.000000,4.000000,,,,0.000000,4.000000,4.000000,4.000000,4.000000,4.000000,4.000000,4.000000,4.000000,4.000000,4.000000,4.000000,4.000000,4.000000,4.000000,4.000000,4.000000,4.000000,4.000000,2.000000,4.000000,4.000000,4.000000,4.000000,4.000000,4.000000,4.000000,4.000000,4.000000,4.000000,4.000000,4.000000,4.000000,83.333336
1614076744.148065,4.000000,0.000000,11.332957,6.895921,14.755010,7.726322,10.608321,4.445340,1.931933,5.902858,2.657104,-8.790741,1.644397,3.891901,-4.222960,-5.126417,-29.949934,30.881968,-14.466625,-159.482407,5.465322,-187.768463,-92.212105,-17.064793,-8.586521,7.313776,5.137752,6.425747,1.984702,6.154775,10.875743,4.212425,-0.538896,0.728507,0.000000,213.000000,4.000000,,,,0.000000,4.000000,4.000000,4.000000,4.000000,4.000000,4.000000,4.000000,4.000000,4.000000,4.000000,4.000000,4.000000,4.000000,4.000000,4.000000,4.000000,4.000000,4.000000,2.000000,4.000000,4.000000,4.000000,4.000000,4.000000,4.000000,4.000000,4.000000,4.000000,4.000000,4.000000,4.000000,4.000000,83.333336
1614076744.155914,5.000000,0.000000,13.372907,9.965948,14.740254,7.718596,13.674636,4.953715,2.442822,7.948237,3.167267,-1.089642,10.873522,9.529035,7.063314,12.827427,-6.843060,61.620316,-3.682928,-139.322922,9.562422,-176.298645,-74.171181,-5.252856,1.165655,1.152616,8.209538,6.419321,1.469897,6.148620,11.377687,6.772315,-0.538357,0.727778,0.000000,221.000000,4.000000,,,,0.000000,4.000000,4.000000,4.000000,4.000000,4.000000,4.000000,4.000000,4.000000,4.000000,4.000000,4.000000,4.000000,4.000000,4.000000,4.000000,4.000000,4.000000,4.000000,2.000000,4.000000,4.000000,4.000000,4.000000,4.000000,4.000000,4.000000,4.000000,4.000000,4.000000,4.000000,4.000000,4.000000,83.333336
1614076744.163663,6.000000,0.000000,10.282610,9.955982,15.238335,7.710877,11.096859,3.923120,2.440379,11.530032,3.164100,6.603755,20.093418,16.186172,7.569071,23.583830,16.240705,77.456131,4.525884,-119.696419,25.450294,-165.865936,-51.532906,3.470345,6.805515,5.766848,12.303891,6.925722,2.494068,4.091190,9.827848,8.304004,-0.024998,0.727050,0.000000,182.000000,4.000000,,,,0.000000,4.000000,4.000000,4.000000,4.000000,4.000000,4.000000,4.000000,4.000000,4.000000,4.000000,4.000000,4.000000,4.000000,4.000000,4.000000,4.000000,4.000000,4.000000,2.000000,4.000000,4.000000,4.000000,4.000000,4.000000,4.000000,4.000000,4.000000,4.000000,4.000000,4.000000,4.000000,4.000000,83.333336
1614076744.171312,7.000000,0.000000,-1.522544,6.356282,14.197455,6.164704,6.470377,1.355095,2.437938,9.467220,0.596833,9.674074,20.586145,11.554602,6.535861,26.637171,20.839849,85.070984,4.521358,-111.884415,37.219715,-159.546219,-44.301884,-5.763894,7.311530,10.376466,10.240306,6.405976,1.465933,2.548637,6.228277,7.270059,-1.563435,0.726323,0.000000,172.000000,4.000000,,,,0.000000,4.000000,4.000000,4.000000,4.000000,4.000000,4.000000,4.000000,4.000000,4.000000,4.000000,4.000000,4.000000,4.000000,4.000000,4.000000,4.000000,4.000000,4.000000,2.000000,4.000000,4.000000,4.000000,4.000000,4.000000,4.000000,4.000000,4.000000,4.000000,4.000000,4.000000,4.000000,4.000000,83.333336
1614076744.179061,8.000000,0.000000,-7.162047,6.349926,14.183258,4.107258,5.951087,0.840919,2.435500,3.816728,-0.942225,8.638760,16.975815,2.825098,7.554966,26.097712,17.229265,87.550018,1.952734,-103.054581,31.028650,-155.796936,-44.770405,-9.347874,7.304219,9.340448,6.640322,6.399570,1.464467,2.546088,6.734869,8.288430,-3.613154,0.725597,0.000000,216.000000,4.000000,,,,0.000000,4.000000,4.000000,4.000000,4.000000,4.000000,4.000000,4.000000,4.000000,4.000000,4.000000,4.000000,4.000000,4.000000,4.000000,4.000000,4.000000,4.000000,4.000000,2.000000,4.000000,4.000000,4.000000,4.000000,4.000000,4.000000,4.000000,4.000000,4.000000,4.000000,4.000000,4.000000,4.000000,83.333336
1614076744.186710,9.000000,0.000000,0.537423,6.856397,15.194716,4.103150,6.457956,1.352899,2.433065,4.325731,-0.428462,10.168582,17.471661,5.899196,8.060232,26.584435,20.288960,84.385544,2.976422,-87.566910,27.920698,-154.615494,-42.674351,0.917884,8.322556,8.818287,6.120861,7.418811,2.488643,2.543542,7.240955,7.767321,-4.122361,0.724871,0.000000,194.000000,4.000000,,,,0.000000,4.000000,4.000000,4.000000,4.000000,4.000000,4.000000,4.000000,4.000000,4.000000,4.000000,4.000000,4.000000,4.000000,4.000000,4.000000,4.000000,4.000000,4.000000,2.000000,4.000000,4.000000,4.000000,4.000000,4.000000,4.000000,4.000000,4.000000,4.000000,4.000000,4.000000,4.000000,4.000000,83.333336
1614076744.194459,10.000000,0.000000,5.665090,2.234155,12.615418,4.099047,5.938677,-0.699736,2.943452,6.885508,-2.992136,8.107131,13.864445,9.483041,7.539351,24.506569,21.807133,88.403725,3.486266,-98.248573,24.815855,-156.512161,-52.375267,1.942608,6.262951,10.860751,2.524997,2.796008,0.947693,2.540999,0.054227,0.580067,-6.169521,-0.814315,0.000000,215.000000,4.000000,,,,0.000000,4.000000,4.000000,4.000000,4.000000,4.000000,4.000000,4.000000,4.000000,4.000000,4.000000,4.000000,4.000000,4.000000,4.000000,4.000000,4.000000,4.000000,4.000000,2.000000,4.000000,4.000000,4.000000,4.000000,4.000000,4.000000,4.000000,4.000000,4.000000,4.000000,4.000000,4.000000,4.000000,83.333336
1614076744.202108,11.000000,0.000000,4.120964,-1.870643,6.961778,4.094948,5.932739,-3.263139,0.889227,1.750418,-7.604529,-0.106104,5.132631,4.345352,1.890786,10.635908,4.349428,83.699936,2.457139,-130.458023,0.688475,-158.406921,-72.322891,-7.290104,3.692585,10.849890,-4.657016,-4.386275,-1.104536,2.538458,-4.048392,-7.112821,-7.701813,-2.864783,0.000000,216.000000,4.000000,,,,0.000000,4.000000,4.000000,4.000000,4.000000,4.000000,4.000000,4.000000,4.000000,4.000000,4.000000,4.000000,4.000000,4.000000,4.000000,4.000000,4.000000,4.000000,4.000000,2.000000,4.000000,4.000000,4.000000,4.000000,4.000000,4.000000,4.000000,4.000000,4.000000,4.000000,4.000000,4.000000,4.000000,83.333336
1614076744.209858,12.000000,0.000000,4.116843,1.720971,8.493278,4.090853,6.439627,-3.259876,-1.162944,-4.918000,-9.135386,-6.772665,-3.077630,0.751263,-8.367515,-9.374728,-23.347229,51.308540,2.454682,-155.968582,-11.107085,-159.274170,-79.942879,-7.282814,3.176072,5.710835,-5.677999,-4.381889,-2.129073,2.535919,1.596682,-8.131350,-4.104367,-2.861918,0.000000,188.000000,4.000000,,,,0.000000,4.000000,4.000000,4.000000,4.000000,4.000000,4.000000,4.000000,4.000000,4.000000,4.000000,4.000000,4.000000,4.000000,4.000000,4.000000,4.000000,4.000000,4.000000,2.000000,4.000000,4.000000,4.000000,4.000000,4.000000,4.000000,4.000000,4.000000,4.000000,4.000000,4.000000,4.000000,4.000000,83.333336
1614076744.217507,13.000000,0.000000,5.138367,6.847456,16.689913,4.599583,6.433187,-2.743795,0.376680,-5.938723,-8.100610,-7.791533,-7.177116,0.237692,-12.974532,-22.698687,-34.093113,25.103386,2.452227,-145.043381,10.442484,-160.140533,-78.837288,-3.685788,3.172896,3.653842,-4.646681,-0.787763,-1.614123,2.533383,7.236111,-7.097577,0.002301,-0.807774,0.000000,218.000000,4.000000,,,,0.000000,4.000000,4.000000,4.000000,4.000000,4.000000,4.000000,4.000000,4.000000,4.000000,4.000000,4.000000,4.000000,4.000000,4.000000,4.000000,4.000000,4.000000,4.000000,2.000000,4.000000,4.000000,4.000000,4.000000,4.000000,4.000000,4.000000,4.000000,4.000000,4.000000,4.000000,4.000000,4.000000,83.333336
1614076744.225256,14.000000,0.000000,4.620408,6.327787,18.724504,2.543701,6.426754,-2.741052,2.427585,-4.394322,-8.092508,-5.219639,-5.631477,1.775916,-11.423096,-19.086245,-26.366713,35.334694,2.449775,-136.693222,11.970503,-165.621414,-81.835381,-10.348768,3.169723,5.701470,-5.154854,-0.786976,-2.125330,2.530850,6.716055,-7.603300,0.002299,1.244316,0.000000,194.000000,4.000000,,,,0.000000,4.000000,4.000000,4.000000,4.000000,4.000000,4.000000,4.000000,4.000000,4.000000,4.000000,4.000000,4.000000,4.000000,4.000000,4.000000,4.000000,4.000000,4.000000,2.000000,4.000000,4.000000,4.000000,4.000000,4.000000,4.000000,4.000000,4.000000,4.000000,4.000000,4.000000,4.000000,4.000000,83.333336
1614076744.232905,15.000000,0.000000,6.154249,5.808640,13.577575,0.489876,6.420327,-2.738311,2.425158,-0.287364,-8.084416,1.965068,2.579282,11.517730,-12.950134,-4.195363,-24.801884,41.453205,2.447325,-147.325760,-15.220955,-172.122467,-86.368927,-15.979445,5.730656,2.618846,-5.149700,-1.299009,-1.610384,2.528319,6.196518,-7.595696,0.002297,1.755892,0.000000,203.000000,4.000000,,,,0.000000,4.000000,4.000000,4.000000,4.000000,4.000000,4.000000,4.000000,4.000000,4.000000,4.000000,4.000000,4.000000,4.000000,4.000000,4.000000,4.000000,4.000000,4.000000,2.000000,4.000000,4.000000,4.000000,4.000000,4.000000,4.000000,4.000000,4.000000,4.000000,4.000000,4.000000,4.000000,4.000000,83.333336
1614076744.240654,16.000000,0.000000,8.199377,6.828472,10.999895,0.489386,6.926727,-2.735572,2.422733,4.328308,-8.076332,6.065667,8.217729,20.224161,-9.860261,7.603704,-24.264261,32.693802,1.932057,-142.563049,-12.641632,-174.001617,-86.795380,-11.860902,7.776207,-0.973517,-4.631730,-0.784890,-1.608773,2.525791,5.164680,-6.562460,-0.510526,-2.861249,0.000000,201.000000,4.000000,,,,0.000000,4.000000,4.000000,4.000000,4.000000,4.000000,4.000000,4.000000,4.000000,4.000000,4.000000,4.000000,4.000000,4.000000,4.000000,4.000000,4.000000,4.000000,4.000000,2.000000,4.000000,4.000000,4.000000,4.000000,4.000000,4.000000,4.000000,4.000000,4.000000,4.000000,4.000000,4.000000,4.000000,83.333336
1614076744.248303,17.000000,0.000000,8.191177,6.821643,10.988894,1.001717,6.406980,-2.732837,1.907489,7.400903,-8.068255,4.008319,8.722331,20.716757,6.047035,16.826870,-1.675895,60.353416,2.442946,-110.625610,19.165882,-168.699417,-80.041916,-7.233656,7.255611,1.078739,-5.139918,-0.784105,-2.119985,2.523265,3.108234,-7.068718,-3.586939,-7.473772,0.000000,181.000000,4.000000,,,,0.000000,4.000000,4.000000,4.000000,4.000000,4.000000,4.000000,4.000000,4.000000,4.000000,4.000000,4.000000,4.000000,4.000000,4.000000,4.000000,4.000000,4.000000,4.000000,2.000000,4.000000,4.000000,4.000000,4.000000,4.000000,4.000000,4.000000,4.000000,4.000000,4.000000,4.000000,4.000000,4.000000,83.333336
1614076744.256052,18.000000,0.000000,8.182986,5.789181,10.977906,-0.024926,6.913393,-2.730104,3.444043,10.470425,-4.983264,9.645336,10.252070,20.696039,19.374321,32.194656,23.966806,93.113579,4.491785,-92.566261,31.967228,-162.889694,-66.115723,-8.252064,8.273996,2.103301,-4.621958,-0.783321,-0.579404,2.520742,3.105126,-6.548829,-4.096172,-4.389375,0.000000,204.000000,4.000000,,,,0.000000,4.000000,4.000000,4.000000,4.000000,4.000000,4.000000,4.000000,4.000000,4.000000,4.000000,4.000000,4.000000,4.000000,4.000000,4.000000,4.000000,4.000000,4.000000,2.000000,4.000000,4.000000,4.000000,4.000000,4.000000,4.000000,4.000000,4.000000,4.000000,4.000000,4.000000,4.000000,4.000000,83.333336
1614076744.263701,19.000000,0.000000,8.687624,6.809032,11.992569,0.487920,6.906480,-2.727374,5.491881,7.895852,-4.465460,13.225435,12.805922,17.598421,19.354946,35.239388,23.942841,80.199951,6.538575,-104.781387,19.114748,-161.188339,-57.844475,-9.269453,11.342646,4.665300,-2.053233,-0.782537,1.985278,2.518221,3.102021,-6.542280,-4.092076,-2.333704,0.000000,199.000000,4.000000,,,,0.000000,4.000000,4.000000,4.000000,4.000000,4.000000,4.000000,4.000000,4.000000,4.000000,4.000000,4.000000,4.000000,4.000000,4.000000,4.000000,4.000000,4.000000,4.000000,2.000000,4.000000,4.000000,4.000000,4.000000,4.000000,4.000000,4.000000,4.000000,4.000000,4.000000,4.000000,4.000000,4.000000,83.333336
1614076744.271550,20.000000,0.000000,6.627654,6.289403,5.826730,1.000252,2.797009,-2.724646,3.435107,1.734110,-9.589200,0.391697,12.793116,10.401335,16.771490,17.768250,13.149667,52.940262,6.019216,-105.189430,12.941788,-160.514328,-58.812275,-8.234542,10.305661,10.814482,-0.512718,-0.781755,2.496114,2.515703,3.098918,-9.612660,-8.190548,-13.613421,0.000000,187.000000,4.000000,,,,0.000000,4.000000,4.000000,4.000000,4.000000,4.000000,4.000000,4.000000,4.000000,4.000000,4.000000,4.000000,4.000000,4.000000,4.000000,4.000000,4.000000,4.000000,4.000000,2.000000,4.000000,4.000000,4.000000,4.000000,4.000000,4.000000,4.000000,4.000000,4.000000,4.000000,4.000000,4.000000,4.000000,83.333336
1614076744.279300,21.000000,0.000000,4.056924,0.129267,-3.409866,-6.180235,-3.872454,-2.721922,-0.670892,-0.831727,-15.733457,-10.377926,12.267502,8.339652,14.703436,5.442789,11.598055,63.656551,6.526017,-96.366287,27.800640,-158.302536,-58.240639,-6.175025,8.756894,14.393411,-1.025026,-0.780973,1.980797,2.513187,3.095820,-13.705612,-11.772101,-24.881859,0.000000,198.000000,4.000000,,,,0.000000,4.000000,4.000000,4.000000,4.000000,4.000000,4.000000,4.000000,4.000000,4.000000,4.000000,4.000000,4.000000,4.000000,4.000000,4.000000,4.000000,4.000000,4.000000,2.000000,4.000000,4.000000,4.000000,4.000000,4.000000,4.000000,4.000000,4.000000,4.000000,4.000000,4.000000,4.000000,4.000000,83.333336
1614076744.287149,22.000000,0.000000,4.565688,-4.486247,-2.380815,-11.302260,-5.407043,-2.719200,-1.695862,-3.394997,-16.230545,-5.752163,12.255234,7.818491,9.047707,6.462987,3.894150,63.080074,7.032312,-114.731461,29.824121,-155.580124,-57.669579,-4.630389,6.696856,14.891838,-0.511181,-0.780192,1.978816,2.510674,3.092724,-14.717547,-11.760329,-21.780054,0.000000,177.000000,4.000000,,,,0.000000,4.000000,4.000000,4.000000,4.000000,4.000000,4.000000,4.000000,4.000000,4.000000,4.000000,4.000000,4.000000,4.000000,4.000000,4.000000,4.000000,4.000000,4.000000,2.000000,4.000000,4.000000,4.000000,4.000000,4.000000,4.000000,4.000000,4.000000,4.000000,4.000000,4.000000,4.000000,4.000000,83.333336
1614076744.294898,23.000000,0.000000,4.561122,-2.943299,5.826694,-6.162753,-4.375995,-3.229301,-0.668525,-4.930064,-13.137390,-1.643847,12.242979,3.708109,6.474556,4.405242,-6.878975,44.555458,5.486818,-132.052628,-1.487753,-158.501465,-67.355499,-4.625759,0.023492,13.338484,-1.536311,-0.779412,1.976837,2.508163,3.602452,-14.702830,-10.722928,-17.142889,0.000000,176.000000,4.000000,,,,0.000000,4.000000,4.000000,4.000000,4.000000,4.000000,4.000000,4.000000,4.000000,4.000000,4.000000,4.000000,4.000000,4.000000,4.000000,4.000000,4.000000,4.000000,4.000000,2.000000,4.000000,4.000000,4.000000,4.000000,4.000000,4.000000,4.000000,4.000000,4.000000,4.000000,4.000000,4.000000,4.000000,83.333336
1614076744.302747,24.000000,0.000000,2.505279,-0.376253,7.872149,0.510077,-5.397260,-2.713251,-1.180677,2.254353,-11.585792,-2.667844,12.230736,1.140298,7.493723,1.836735,-7.897738,57.844234,3.942870,-125.766731,-18.922163,-169.112198,-77.031731,-4.621133,-3.053455,4.094377,-4.098877,-0.778632,1.974860,2.505655,3.086029,-13.662486,-11.225025,-17.638567,0.000000,198.000000,4.000000,,,,0.000000,4.000000,4.000000,4.000000,4.000000,4.000000,4.000000,4.000000,4.000000,4.000000,4.000000,4.000000,4.000000,4.000000,4.000000,4.000000,4.000000,4.000000,4.000000,2.000000,4.000000,4.000000,4.000000,4.000000,4.000000,4.000000,4.000000,4.000000,4.000000,4.000000,4.000000,4.000000,4.000000,83.333336
1614076744.310496,25.000000,0.000000,0.451491,-0.888697,7.351457,1.535208,-4.879043,-2.197717,-1.692317,6.354663,-12.087027,-0.613894,12.218505,0.626338,3.383665,1.834898,-16.607788,57.273571,1.887645,-135.897369,0.071118,-179.199493,-78.493164,-5.129333,-0.999119,-5.140487,-5.120419,-0.265033,1.972886,2.503149,1.031661,-11.084722,-11.213800,-15.569647,0.000000,210.000000,4.000000,,,,0.000000,4.000000,4.000000,4.000000,4.000000,4.000000,4.000000,4.000000,4.000000,4.000000,4.000000,4.000000,4.000000,4.000000,4.000000,4.000000,4.000000,4.000000,4.000000,2.000000,4.000000,4.000000,4.000000,4.000000,4.000000,4.000000,4.000000,4.000000,4.000000,4.000000,4.000000,4.000000,4.000000,83.333336
1614076744.318345,26.000000,0.000000,0.963860,-0.887809,8.369746,-0.004789,0.254042,-3.733981,-1.177804,2.245744,-12.074939,1.438002,12.206286,1.138532,-4.312026,-3.295142,-30.437334,24.908604,-4.780910,-153.197372,4.686432,-181.071579,-77.389030,-4.611382,-3.049402,-5.648167,-4.602478,-1.803230,1.970913,2.500646,-0.507833,-12.099277,-11.202586,-12.989974,0.000000,121.000000,4.000000,,,,0.000000,4.000000,4.000000,4.000000,4.000000,4.000000,4.000000,4.000000,4.000000,4.000000,4.000000,4.000000,4.000000,4.000000,4.000000,4.000000,4.000000,4.000000,4.000000,2.000000,4.000000,4.000000,4.000000,4.000000,4.000000,4.000000,4.000000,4.000000,4.000000,4.000000,4.000000,4.000000,4.000000,83.333336
1614076744.326094,27.000000,0.000000,0.962897,-0.886921,7.335736,1.020857,3.330711,-1.678965,-1.176626,10.448627,-7.447480,4.000666,12.194080,6.265598,-4.820535,-3.291847,-23.227409,27.447798,-9.391514,-136.121094,-1.984921,-174.223846,-76.285995,-4.093951,-6.636096,-5.129698,-4.597876,-3.852709,1.968942,2.498146,-1.020145,-14.138460,-11.191384,-12.976984,0.000000,205.000000,4.000000,,,,0.000000,4.000000,4.000000,4.000000,4.000000,4.000000,4.000000,4.000000,4.000000,4.000000,4.000000,4.000000,4.000000,4.000000,4.000000,4.000000,4.000000,4.000000,4.000000,2.000000,4.000000,4.000000,4.000000,4.000000,4.000000,4.000000,4.000000,4.000000,4.000000,4.000000,4.000000,4.000000,4.000000,83.333336
1614076744.333943,28.000000,0.000000,0.961934,-0.886034,8.866861,2.045477,2.814559,3.450919,-1.175449,21.720230,-3.337468,10.663332,12.181887,12.926000,0.825312,4.403753,-3.204182,59.728043,-5.279558,-112.395233,19.042706,-165.844482,-71.594330,-5.628318,-5.090999,-5.124569,-4.593278,-4.874497,1.966973,2.495647,-0.506305,-12.073040,-11.180193,-13.476828,0.000000,166.000000,4.000000,,,,0.000000,4.000000,4.000000,4.000000,4.000000,4.000000,4.000000,4.000000,4.000000,4.000000,4.000000,4.000000,4.000000,4.000000,4.000000,4.000000,4.000000,4.000000,4.000000,2.000000,4.000000,4.000000,4.000000,4.000000,4.000000,4.000000,4.000000,4.000000,4.000000,4.000000,4.000000,4.000000,4.000000,83.333336
1614076744.341692,29.000000,0.000000,0.960972,-0.372327,7.832354,-1.546312,2.811745,2.934647,-1.174274,15.544663,-4.872592,14.242413,12.682525,12.400253,3.901409,6.450631,5.004150,57.104214,-1.171714,-107.667458,36.972382,-162.601715,-68.958633,-4.084229,-3.034626,-1.016880,-4.588685,-4.356802,2.477826,2.493152,-0.505798,-9.496864,-11.169012,-13.463351,0.000000,200.000000,4.000000,,,,0.000000,4.000000,4.000000,4.000000,4.000000,4.000000,4.000000,4.000000,4.000000,4.000000,4.000000,4.000000,4.000000,4.000000,4.000000,4.000000,4.000000,4.000000,4.000000,2.000000,4.000000,4.000000,4.000000,4.000000,4.000000,4.000000,4.000000,4.000000,4.000000,4.000000,4.000000,4.000000,4.000000,83.333336
1614076744.349541,30.000000,0.000000,0.960011,-2.936057,-3.457530,-6.160151,2.808933,-2.196492,-1.173100,6.298349,-7.944643,10.125606,13.695483,9.823750,3.897508,4.905719,4.999146,59.098389,-0.657722,-103.457222,23.089254,-162.439117,-66.325569,4.637805,-1.493129,3.086701,-4.071275,-4.352445,2.475348,2.490659,-0.505293,-10.000188,-11.157844,-13.449887,0.000000,179.000000,4.000000,,,,0.000000,4.000000,4.000000,4.000000,4.000000,4.000000,4.000000,4.000000,4.000000,4.000000,4.000000,4.000000,4.000000,4.000000,4.000000,4.000000,4.000000,4.000000,4.000000,2.000000,4.000000,4.000000,4.000000,4.000000,4.000000,4.000000,4.000000,4.000000,4.000000,4.000000,4.000000,4.000000,4.000000,83.333336
1614076744.357290,31.000000,0.000000,0.959051,-7.548506,-14.736124,-7.179632,0.754842,-3.732758,-1.171927,5.779230,-7.423878,2.935993,12.656147,9.301105,4.919251,4.900813,4.481326,72.372627,-0.657064,-117.712738,12.809754,-161.763855,-65.233604,7.197269,0.046825,3.596435,-4.067204,-4.348093,1.447232,2.488168,-0.504787,-10.503008,-11.146686,-13.436438,0.000000,191.000000,4.000000,,,,0.000000,4.000000,4.000000,4.000000,4.000000,4.000000,4.000000,4.000000,4.000000,4.000000,4.000000,4.000000,4.000000,4.000000,4.000000,4.000000,4.000000,4.000000,4.000000,2.000000,4.000000,4.000000,4.000000,4.000000,4.000000,4.000000,4.000000,4.000000,4.000000,4.000000,4.000000,4.000000,4.000000,83.333336
1614076744.365139,32.000000,0.000000,0.958092,-8.566599,-15.747028,-6.659631,-1.297195,-2.190563,-1.170755,4.747810,-7.416454,-2.195148,12.643491,8.778984,3.375871,-1.257934,1.912742,47.172047,-0.656407,-141.184769,15.361047,-162.114914,-67.219650,2.061867,0.046779,3.080018,-4.575957,-4.343745,1.958605,2.485680,0.008538,-10.492505,-11.648359,-13.423001,8064.000000,0.000000,4.000000,,,,0.000000,4.000000,4.000000,4.000000,4.000000,4.000000,4.000000,4.000000,4.000000,4.000000,4.000000,4.000000,4.000000,4.000000,4.000000,4.000000,4.000000,4.000000,4.000000,2.000000,4.000000,4.000000,4.000000,4.000000,4.000000,4.000000,4.000000,4.000000,4.000000,4.000000,4.000000,4.000000,4.000000,83.333336
1614076744.372888,33.000000,0.000000,0.957134,-8.045212,-13.679999,-6.652972,-0.783077,-2.188373,-1.169584,2.691780,-7.409037,-1.167312,15.194950,10.308667,4.398136,-5.872061,2.423650,38.919746,-0.142930,-128.223068,7.140558,-161.439987,-67.665253,3.598267,5.687757,2.564117,-4.058561,-3.826580,3.495108,2.483194,-0.504291,-9.969192,-10.611070,-13.409578,8064.000000,0.000000,4.000000,,,,0.000000,4.000000,4.000000,4.000000,4.000000,4.000000,4.000000,4.000000,4.000000,4.000000,4.000000,4.000000,4.000000,4.000000,4.000000,4.000000,4.000000,4.000000,4.000000,2.000000,4.000000,4.000000,4.000000,4.000000,4.000000,4.000000,4.000000,4.000000,4.000000,4.000000,4.000000,4.000000,4.000000,83.333336
1614076744.380737,34.000000,0.000000,0.956176,-8.549987,-14.691960,-7.159139,-0.269473,-3.724646,-0.655594,2.176268,-7.914449,-3.217427,3.897704,7.221435,5.419379,-8.943111,-2.706979,66.573135,-0.655608,-120.915367,-2.097352,-164.355469,-71.187332,3.594668,7.220531,4.612835,-4.054502,-5.361215,-2.662233,2.480711,-3.067889,-9.959223,-10.600459,-13.396169,8064.000000,0.000000,4.000000,,,,0.000000,4.000000,4.000000,4.000000,4.000000,4.000000,4.000000,4.000000,4.000000,4.000000,4.000000,4.000000,4.000000,4.000000,4.000000,4.000000,4.000000,4.000000,4.000000,2.000000,4.000000,4.000000,4.000000,4.000000,4.000000,4.000000,4.000000,4.000000,4.000000,4.000000,4.000000,4.000000,4.000000,83.333336
1614076744.388486,35.000000,0.000000,0.955220,-8.028616,-15.190089,-6.639160,-1.807665,-6.285024,-2.706220,-5.005395,-10.983458,-16.034721,-19.695938,-4.067838,-7.919374,-28.934168,-28.858118,34.198868,-7.834439,-153.102142,-1.582434,-180.088547,-86.500763,-18.460209,-4.581561,1.531299,-9.691473,-7.919957,-11.890340,2.478230,-4.603283,-14.051827,-12.128320,-13.895594,8064.000000,0.000000,4.000000,,,,0.000000,4.000000,4.000000,4.000000,4.000000,4.000000,4.000000,4.000000,4.000000,4.000000,4.000000,4.000000,4.000000,4.000000,4.000000,4.000000,4.000000,4.000000,4.000000,2.000000,4.000000,4.000000,4.000000,4.000000,4.000000,4.000000,4.000000,4.000000,4.000000,4.000000,4.000000,4.000000,4.000000,83.333336
1614076744.396335,36.000000,0.000000,0.954265,-5.456485,-14.149258,-6.632520,-3.857140,-6.791559,-4.754796,-12.179877,-16.100679,-25.249456,-33.009575,-10.217616,-29.449917,-52.494980,-53.444645,1.856978,-15.518912,-172.436218,-3.119313,-195.805893,-98.721954,-38.441750,-15.346210,-11.290745,-15.835629,-8.424857,-9.314347,2.475752,-4.598680,-18.140341,-9.552089,-12.343236,8064.000000,0.000000,4.000000,,,,0.000000,4.000000,4.000000,4.000000,4.000000,4.000000,4.000000,4.000000,4.000000,4.000000,4.000000,4.000000,4.000000,4.000000,4.000000,4.000000,4.000000,4.000000,4.000000,2.000000,4.000000,4.000000,4.000000,4.000000,4.000000,4.000000,4.000000,4.000000,4.000000,4.000000,4.000000,4.000000,4.000000,83.333336
1614076744.404084,37.000000,0.000000,0.953311,-3.912567,-11.058186,-6.625888,-4.878924,-5.759127,-5.262862,-10.116415,-20.699963,-24.711386,-33.489388,-9.694578,-33.523029,-51.929661,-56.468124,22.367941,-19.605957,-156.366348,-11.321322,-201.763931,-99.136047,-29.172537,-16.356504,-19.997402,-15.819793,-7.903612,-1.099904,2.473276,-4.081261,-18.122200,-4.414332,-9.766790,8064.000000,0.000000,4.000000,,,,0.000000,4.000000,4.000000,4.000000,4.000000,4.000000,4.000000,4.000000,4.000000,4.000000,4.000000,4.000000,4.000000,4.000000,4.000000,4.000000,4.000000,4.000000,4.000000,2.000000,4.000000,4.000000,4.000000,4.000000,4.000000,4.000000,4.000000,4.000000,4.000000,4.000000,4.000000,4.000000,4.000000,83.333336
1614076744.411733,38.000000,0.000000,0.439537,-4.421475,-10.021486,-6.619262,-4.361224,-8.317470,-4.744779,-7.542196,-22.217724,-24.686676,-31.404615,-11.223345,-25.284380,-43.672604,-51.796268,55.166088,-20.611994,-160.825363,-17.463846,-198.998062,-99.036911,-15.297211,-14.288867,-20.490227,-14.778332,-8.408528,-3.150087,2.470803,-4.590000,-17.078436,-5.435558,-9.244203,8064.000000,0.000000,4.000000,,,,0.000000,4.000000,4.000000,4.000000,4.000000,4.000000,4.000000,4.000000,4.000000,4.000000,4.000000,4.000000,4.000000,4.000000,4.000000,4.000000,4.000000,4.000000,4.000000,2.000000,4.000000,4.000000,4.000000,4.000000,4.000000,4.000000,4.000000,4.000000,4.000000,4.000000,4.000000,4.000000,4.000000,83.333336
1614076744.419482,39.000000,0.000000,1.464738,-4.417054,-11.037106,-6.612643,-4.356863,-9.847614,-4.740034,-9.073116,-20.144224,-23.636347,-20.091158,-4.032634,-20.130890,-38.500729,-40.462421,38.187843,-17.001637,-164.767105,-9.754075,-182.901627,-93.809669,-16.820375,-5.556629,-19.956915,-16.302015,-7.887300,-6.223860,2.468332,-4.072589,-17.574179,-10.558328,-9.747779,8064.000000,0.000000,4.000000,,,,0.000000,4.000000,4.000000,4.000000,4.000000,4.000000,4.000000,4.000000,4.000000,4.000000,4.000000,4.000000,4.000000,4.000000,4.000000,4.000000,4.000000,4.000000,4.000000,2.000000,4.000000,4.000000,4.000000,4.000000,4.000000,4.000000,4.000000,4.000000,4.000000,4.000000,4.000000,4.000000,4.000000,83.333336
1614076744.427131,40.000000,0.000000,3.514556,-4.412636,-9.487607,-6.606030,-4.865327,-5.735202,-4.735294,-8.038402,-18.585619,-14.381942,-3.147990,13.407296,-7.290246,-17.949406,-13.755294,47.893246,-10.317969,-135.371567,11.794140,-160.154633,-75.767143,-11.162529,6.243799,-14.295933,-15.260072,-5.315310,-2.627892,2.465864,1.059688,-18.069426,-11.573411,-9.225211,8064.000000,0.000000,4.000000,,,,0.000000,4.000000,4.000000,4.000000,4.000000,4.000000,4.000000,4.000000,4.000000,4.000000,4.000000,4.000000,4.000000,4.000000,4.000000,4.000000,4.000000,4.000000,4.000000,2.000000,4.000000,4.000000,4.000000,4.000000,4.000000,4.000000,4.000000,4.000000,4.000000,4.000000,4.000000,4.000000,4.000000,83.333336
1614076744.434881,41.000000,0.000000,5.049503,-4.408224,-6.914017,-6.599424,-4.347641,-2.139724,-4.730558,-5.466261,-18.567034,-8.213714,3.521824,14.419530,10.665762,4.119826,7.796923,80.665863,-7.230728,-108.569527,28.192602,-148.199600,-57.742661,4.746069,7.776017,-1.461124,-12.167889,-3.771533,-0.573982,2.463398,7.212475,-14.461612,-10.536197,-9.728806,8064.000000,0.000000,4.000000,,,,0.000000,4.000000,4.000000,4.000000,4.000000,4.000000,4.000000,4.000000,4.000000,4.000000,4.000000,4.000000,4.000000,4.000000,4.000000,4.000000,4.000000,4.000000,4.000000,2.000000,4.000000,4.000000,4.000000,4.000000,4.000000,4.000000,4.000000,4.000000,4.000000,4.000000,4.000000,4.000000,4.000000,83.333336
1614076744.442530,42.000000,0.000000,4.531633,-4.403816,-7.419924,-6.592824,-4.343293,-2.650404,-4.725828,-3.922333,-18.548466,-8.718321,3.005482,3.635879,9.116635,3.090065,7.276306,83.662125,-8.249138,-103.845573,25.600307,-148.051407,-54.095173,10.382349,4.178497,4.694183,-11.130079,-4.280582,-1.599049,2.460935,7.718083,-9.318945,-11.038481,-9.719077,8064.000000,0.000000,4.000000,,,,0.000000,4.000000,4.000000,4.000000,4.000000,4.000000,4.000000,4.000000,4.000000,4.000000,4.000000,4.000000,4.000000,4.000000,4.000000,4.000000,4.000000,4.000000,4.000000,2.000000,4.000000,4.000000,4.000000,4.000000,4.000000,4.000000,4.000000,4.000000,4.000000,4.000000,4.000000,4.000000,4.000000,83.333336
1614076744.450279,43.000000,0.000000,4.527101,-4.399412,-6.386863,-6.586232,-4.338950,-3.160574,-4.721102,-4.431231,-18.017097,-8.196782,0.951194,1.068141,-6.277097,-7.169436,2.140824,73.322052,-7.728068,-112.972496,10.190091,-154.570023,-61.733383,6.269403,3.148678,2.638207,-11.631770,-4.276301,-1.597450,2.458474,5.146262,-10.335267,-11.027442,-9.196538,8064.000000,0.000000,4.000000,,,,0.000000,4.000000,4.000000,4.000000,4.000000,4.000000,4.000000,4.000000,4.000000,4.000000,4.000000,4.000000,4.000000,4.000000,4.000000,4.000000,4.000000,4.000000,4.000000,2.000000,4.000000,4.000000,4.000000,4.000000,4.000000,4.000000,4.000000,4.000000,4.000000,4.000000,4.000000,4.000000,4.000000,83.333336
1614076744.457928,44.000000,0.000000,4.522574,-4.395012,-4.329194,-6.579646,-4.334611,-2.131773,-4.716381,-4.939620,-18.511900,-10.752687,-4.177962,0.554252,-11.911845,-11.264830,1.113043,66.069244,-7.720341,-139.013367,-1.614970,-167.235962,-72.953705,6.775954,1.094247,3.661210,-11.620138,-4.272025,-1.083032,2.456015,3.602654,-15.453137,-11.016415,-11.238624,8064.000000,0.000000,4.000000,,,,0.000000,4.000000,4.000000,4.000000,4.000000,4.000000,4.000000,4.000000,4.000000,4.000000,4.000000,4.000000,4.000000,4.000000,4.000000,4.000000,4.000000,4.000000,4.000000,2.000000,4.000000,4.000000,4.000000,4.000000,4.000000,4.000000,4.000000,4.000000,4.000000,4.000000,4.000000,4.000000,4.000000,83.333336
1614076744.465677,45.000000,0.000000,4.518052,-4.390617,-3.299224,-6.573066,-4.330276,-2.642462,-4.711665,-3.909040,-18.493389,-15.357320,-6.225066,-5.087328,-9.848652,-14.330488,2.650391,46.003170,-8.225441,-155.284607,-3.664637,-175.786667,-78.521774,9.333281,0.067512,3.657549,-11.095697,-4.267753,-3.133231,2.453559,1.547770,-17.488966,-11.518219,-12.765846,8064.000000,0.000000,4.000000,,,,0.000000,4.000000,4.000000,4.000000,4.000000,4.000000,4.000000,4.000000,4.000000,4.000000,4.000000,4.000000,4.000000,4.000000,4.000000,4.000000,4.000000,4.000000,4.000000,2.000000,4.000000,4.000000,4.000000,4.000000,4.000000,4.000000,4.000000,4.000000,4.000000,4.000000,4.000000,4.000000,4.000000,83.333336
1614076744.473326,46.000000,0.000000,4.513534,-4.386227,-1.757463,-6.566493,-4.325946,-2.639819,-4.706953,-1.341028,-18.474895,-13.803500,-4.680379,-4.569420,-12.402905,-18.931543,2.134920,41.341785,-7.704395,-147.437027,-3.660973,-175.610886,-78.956070,-0.932463,0.067444,-0.961493,-11.597423,-4.263485,-5.181380,2.451106,-0.505060,-17.471478,-9.968239,-10.701798,8064.000000,0.000000,4.000000,,,,0.000000,4.000000,4.000000,4.000000,4.000000,4.000000,4.000000,4.000000,4.000000,4.000000,4.000000,4.000000,4.000000,4.000000,4.000000,4.000000,4.000000,4.000000,4.000000,2.000000,4.000000,4.000000,4.000000,4.000000,4.000000,4.000000,4.000000,4.000000,4.000000,4.000000,4.000000,4.000000,4.000000,83.333336
1614076744.481075,47.000000,0.000000,4.509020,-4.381841,2.859679,-6.559927,-4.321620,-2.637179,-4.702246,-2.878149,-18.456421,-13.276876,-11.342366,-1.487927,-15.467425,-26.604919,-12.226189,46.428646,-8.209511,-151.392151,-5.195774,-175.948090,-80.928398,-20.418711,-1.471084,-4.550275,-12.098645,-4.259222,-5.176198,2.448654,-1.017375,-17.454006,-7.906989,-9.665456,8064.000000,0.000000,4.000000,,,,0.000000,4.000000,4.000000,4.000000,4.000000,4.000000,4.000000,4.000000,4.000000,4.000000,4.000000,4.000000,4.000000,4.000000,4.000000,4.000000,4.000000,4.000000,4.000000,2.000000,4.000000,4.000000,4.000000,4.000000,4.000000,4.000000,4.000000,4.000000,4.000000,4.000000,4.000000,4.000000,4.000000,83.333336
1614076744.488725,48.000000,0.000000,4.504511,-4.377459,4.395281,-6.553367,-4.830119,-2.634542,-4.697544,-5.439373,-18.437963,-20.443087,-22.100254,-2.512081,-15.964779,-34.783443,-34.265244,25.869398,-11.278224,-171.240753,-4.677757,-176.797791,-84.437218,-23.988035,-4.033716,-5.571366,-11.573727,-4.254962,-5.683843,2.446206,-1.529179,-18.462193,-6.873441,-9.655790,8064.000000,0.000000,4.000000,,,,0.000000,4.000000,4.000000,4.000000,4.000000,4.000000,4.000000,4.000000,4.000000,4.000000,4.000000,4.000000,4.000000,4.000000,4.000000,4.000000,4.000000,4.000000,4.000000,2.000000,4.000000,4.000000,4.000000,4.000000,4.000000,4.000000,4.000000,4.000000,4.000000,4.000000,4.000000,4.000000,4.000000,83.333336
1614076744.496573,49.000000,0.000000,4.500006,-4.885902,3.878065,-7.059634,-4.825289,-3.144728,-4.692846,-3.382652,-18.419527,-24.012388,-20.026873,-2.509568,-15.948814,-34.235836,-39.359184,16.612759,-13.318228,-169.531052,-5.698720,-174.569702,-85.891235,-12.681996,-4.542503,-4.540154,-12.587793,-4.763528,-5.678159,2.443760,-0.502008,-17.418089,-7.379388,-7.082032,8064.000000,0.000000,4.000000,,,,0.000000,4.000000,4.000000,4.000000,4.000000,4.000000,4.000000,4.000000,4.000000,4.000000,4.000000,4.000000,4.000000,4.000000,4.000000,4.000000,4.000000,4.000000,4.000000,2.000000,4.000000,4.000000,4.000000,4.000000,4.000000,4.000000,4.000000,4.000000,4.000000,4.000000,4.000000,4.000000,4.000000,83.333336
1614076744.504323,50.000000,0.000000,4.495506,-4.368195,3.361367,-6.539753,-4.307643,-2.628763,-4.688153,-0.302346,-18.913927,-22.962734,-8.211973,1.082685,-11.830301,-28.047756,-32.653160,43.775635,-11.766448,-156.028183,-13.385329,-176.959244,-91.959190,-15.233417,-2.999499,-5.048434,-17.703411,-4.245944,-5.159660,2.441316,-0.501506,-17.913492,-7.372008,-6.049309,8064.000000,0.000000,4.000000,,,,0.000000,4.000000,4.000000,4.000000,4.000000,4.000000,4.000000,4.000000,4.000000,4.000000,4.000000,4.000000,4.000000,4.000000,4.000000,4.000000,4.000000,4.000000,4.000000,2.000000,4.000000,4.000000,4.000000,4.000000,4.000000,4.000000,4.000000,4.000000,4.000000,4.000000,4.000000,4.000000,4.000000,83.333336
1614076744.512172,51.000000,0.000000,4.491011,-4.876647,2.845185,-5.507573,-4.816156,-3.138955,-4.683465,-0.814864,-18.382193,-20.375669,-6.152479,2.107243,-9.254368,-21.353041,-31.594864,56.039551,-12.267503,-156.897797,-16.448868,-177.295105,-95.456978,-24.448952,-4.022141,-8.633129,-18.711349,-4.754519,-8.231424,2.438874,-3.577928,-18.921219,-6.851816,-5.017618,8064.000000,0.000000,4.000000,,,,0.000000,4.000000,4.000000,4.000000,4.000000,4.000000,4.000000,4.000000,4.000000,4.000000,4.000000,4.000000,4.000000,4.000000,4.000000,4.000000,4.000000,4.000000,4.000000,2.000000,4.000000,4.000000,4.000000,4.000000,4.000000,4.000000,4.000000,4.000000,4.000000,4.000000,4.000000,4.000000,4.000000,83.333336
1614076744.519921,52.000000,0.000000,4.486520,-5.897412,8.996186,-2.937963,-3.785699,-3.648636,-4.678782,-1.839690,-16.825350,-11.124524,-6.659147,0.566674,-6.681011,-9.023996,-22.332500,51.880947,-13.280876,-147.510132,-2.586264,-164.297287,-78.951263,-11.091170,-4.530939,-12.727060,-11.513150,-4.236944,-8.736013,2.436436,-2.035888,-13.261272,-8.383426,0.115604,8064.000000,0.000000,4.000000,,,,0.000000,4.000000,4.000000,4.000000,4.000000,4.000000,4.000000,4.000000,4.000000,4.000000,4.000000,4.000000,4.000000,4.000000,4.000000,4.000000,4.000000,4.000000,4.000000,2.000000,4.000000,4.000000,4.000000,4.000000,4.000000,4.000000,4.000000,4.000000,4.000000,4.000000,4.000000,4.000000,4.000000,83.333336
1614076744.527770,53.000000,0.000000,4.482033,-0.763309,17.705139,-0.883743,1.346292,-0.568065,-4.674103,2.264714,-14.757241,0.681473,5.655204,3.643031,7.171824,7.395284,0.766755,74.393166,-2.498364,-115.054932,18.441963,-148.748383,-50.667187,9.432741,3.678720,-8.611769,-2.783688,-0.642963,-0.522149,2.433999,5.145635,-5.042883,-7.349401,4.730874,8064.000000,0.000000,4.000000,,,,0.000000,4.000000,4.000000,4.000000,4.000000,4.000000,4.000000,4.000000,4.000000,4.000000,4.000000,4.000000,4.000000,4.000000,4.000000,4.000000,4.000000,4.000000,4.000000,2.000000,4.000000,4.000000,4.000000,4.000000,4.000000,4.000000,4.000000,4.000000,4.000000,4.000000,4.000000,4.000000,4.000000,83.333336
1614076744.535519,54.000000,0.000000,4.477551,6.416941,18.713074,0.142782,5.960330,4.047888,-4.669429,6.877833,-10.127100,4.270535,17.957241,11.331696,19.985165,16.105837,14.612142,104.575188,13.401570,-90.837311,27.141470,-146.035538,-38.308826,11.474591,14.444273,4.217355,5.424223,5.511526,7.170681,2.431565,7.704592,-2.986558,-4.265129,4.726142,8064.000000,0.000000,4.000000,,,,0.000000,4.000000,4.000000,4.000000,4.000000,4.000000,4.000000,4.000000,4.000000,4.000000,4.000000,4.000000,4.000000,4.000000,4.000000,4.000000,4.000000,4.000000,4.000000,2.000000,4.000000,4.000000,4.000000,4.000000,4.000000,4.000000,4.000000,4.000000,4.000000,4.000000,4.000000,4.000000,4.000000,83.333336
1614076744.543368,55.000000,0.000000,4.473073,6.410524,19.720003,2.193922,7.492832,5.069481,-4.664759,7.383776,-4.475947,5.291905,17.939283,14.397286,17.913897,16.089731,13.571889,105.496254,15.439450,-88.695198,25.575867,-147.940781,-40.834621,5.822091,14.429829,13.956728,10.547005,9.095758,6.137869,2.429134,6.671246,-0.419469,-4.260864,4.208596,8064.000000,0.000000,4.000000,,,,0.000000,4.000000,4.000000,4.000000,4.000000,4.000000,4.000000,4.000000,4.000000,4.000000,4.000000,4.000000,4.000000,4.000000,4.000000,4.000000,4.000000,4.000000,4.000000,2.000000,4.000000,4.000000,4.000000,4.000000,4.000000,4.000000,4.000000,4.000000,4.000000,4.000000,4.000000,4.000000,4.000000,83.333336
1614076744.551117,56.000000,0.000000,4.468601,7.429755,24.315666,6.294291,9.023800,5.064412,-4.660095,5.837931,-2.933009,6.312254,16.382883,11.818787,12.767778,15.560822,13.045496,95.134346,10.295806,-91.683426,28.114393,-147.792831,-40.280964,6.841910,10.825655,14.455591,11.049278,9.599483,6.131732,2.426704,8.715857,8.298900,-4.256603,7.794131,8192.000000,0.000000,4.000000,,,,0.000000,4.000000,4.000000,4.000000,4.000000,4.000000,4.000000,4.000000,4.000000,4.000000,4.000000,4.000000,4.000000,4.000000,4.000000,4.000000,4.000000,4.000000,4.000000,2.000000,4.000000,4.000000,4.000000,4.000000,4.000000,4.000000,4.000000,4.000000,4.000000,4.000000,4.000000,4.000000,4.000000,83.333336
1614076744.558966,57.000000,0.000000,4.464132,16.140274,26.342632,8.339279,11.578879,8.136271,-4.655435,7.370554,-3.442897,6.305942,16.366501,13.345429,9.165267,9.904235,9.442707,96.577675,7.208587,-91.078918,25.522177,-152.773254,-40.753506,7.860709,12.353291,13.928315,12.063869,11.128345,7.664062,2.424278,10.758423,13.931626,4.465602,11.888901,8064.000000,0.000000,4.000000,,,,0.000000,4.000000,4.000000,4.000000,4.000000,4.000000,4.000000,4.000000,4.000000,4.000000,4.000000,4.000000,4.000000,4.000000,4.000000,4.000000,4.000000,4.000000,4.000000,2.000000,4.000000,4.000000,4.000000,4.000000,4.000000,4.000000,4.000000,4.000000,4.000000,4.000000,4.000000,4.000000,4.000000,83.333336
1614076744.566715,58.000000,0.000000,4.459668,16.636953,26.829111,7.818120,9.003198,9.153775,-4.650779,5.824722,-4.977916,6.812457,9.683467,13.332084,-3.664411,-4.977464,-10.566735,93.404175,-1.516570,-100.731430,4.471013,-165.953812,-60.199932,6.314386,9.264014,15.452848,10.000524,11.117216,0.476910,2.421854,11.260485,11.866412,12.153444,12.902653,8064.000000,0.000000,4.000000,,,,0.000000,4.000000,4.000000,4.000000,4.000000,4.000000,4.000000,4.000000,4.000000,4.000000,4.000000,4.000000,4.000000,4.000000,4.000000,4.000000,4.000000,4.000000,4.000000,2.000000,4.000000,4.000000,4.000000,4.000000,4.000000,4.000000,4.000000,4.000000,4.000000,4.000000,4.000000,4.000000,4.000000,83.333336
1614076744.574564,59.000000,0.000000,2.403926,5.851086,23.725359,7.810301,1.301887,6.067698,-4.646128,-2.899051,-7.024220,0.651798,-2.633909,3.575162,-16.994080,-24.972486,-38.761295,61.003075,-11.771464,-132.938385,-15.020638,-177.582733,-85.780754,5.795252,-0.488839,7.745088,-3.855631,3.926612,-8.754336,2.419432,10.223583,5.700700,9.577188,11.864109,8064.000000,0.000000,4.000000,,,,0.000000,4.000000,4.000000,4.000000,4.000000,4.000000,4.000000,4.000000,4.000000,4.000000,4.000000,4.000000,4.000000,4.000000,4.000000,4.000000,4.000000,4.000000,4.000000,2.000000,4.000000,4.000000,4.000000,4.000000,4.000000,4.000000,4.000000,4.000000,4.000000,4.000000,4.000000,4.000000,4.000000,83.333336
1614076744.582313,60.000000,0.000000,0.863061,2.255491,16.009325,8.315311,-2.801979,4.010349,-4.641482,-9.049998,-7.530016,-11.143725,-11.862044,-5.659182,-21.592470,-36.742386,-56.158432,28.634378,-13.810975,-165.113144,-17.056898,-180.482071,-95.438568,5.789456,-5.103735,-6.621631,-13.595365,-0.692699,-10.284043,2.417012,3.546693,-0.971668,8.029150,11.852245,8064.000000,0.000000,4.000000,,,,0.000000,4.000000,4.000000,4.000000,4.000000,4.000000,4.000000,4.000000,4.000000,4.000000,4.000000,4.000000,4.000000,4.000000,4.000000,4.000000,4.000000,4.000000,4.000000,2.000000,4.000000,4.000000,4.000000,4.000000,4.000000,4.000000,4.000000,4.000000,4.000000,4.000000,4.000000,4.000000,4.000000,83.333336
1614076744.590162,61.000000,0.000000,0.862198,6.355800,14.454855,7.794176,0.790566,5.031980,-4.636841,-4.938384,-7.009665,-13.696685,-13.901464,-6.679164,-22.083698,-34.654362,-55.076633,31.169847,-11.745882,-163.409576,-17.552662,-183.378510,-96.368767,6.296487,-3.560170,-10.717574,-12.556129,1.359276,-8.222477,2.414595,-1.072238,1.593407,11.098043,12.866034,8064.000000,0.000000,4.000000,,,,0.000000,4.000000,4.000000,4.000000,4.000000,4.000000,4.000000,4.000000,4.000000,4.000000,4.000000,4.000000,4.000000,4.000000,4.000000,4.000000,4.000000,4.000000,4.000000,2.000000,4.000000,4.000000,4.000000,4.000000,4.000000,4.000000,4.000000,4.000000,4.000000,4.000000,4.000000,4.000000,4.000000,83.333336
1614076744.597911,62.000000,0.000000,0.861335,6.862265,17.517323,8.299202,3.866699,4.001307,-4.632204,-0.318061,-9.053938,-9.580423,-13.374742,-5.646844,-19.497513,-25.388937,-44.252327,50.625858,-12.246956,-149.912827,-20.612032,-188.836151,-97.298042,6.803011,-3.556610,-8.142754,-13.056393,2.896378,-9.752716,2.412181,-1.071166,8.258480,6.984382,11.314707,8064.000000,0.000000,4.000000,,,,0.000000,4.000000,4.000000,4.000000,4.000000,4.000000,4.000000,4.000000,4.000000,4.000000,4.000000,4.000000,4.000000,4.000000,4.000000,4.000000,4.000000,4.000000,4.000000,2.000000,4.000000,4.000000,4.000000,4.000000,4.000000,4.000000,4.000000,4.000000,4.000000,4.000000,4.000000,4.000000,4.000000,83.333336
1614076744.605760,63.000000,0.000000,0.860474,5.829762,11.345960,7.778082,-1.778194,-2.669362,-4.627572,-1.856205,-11.096166,-9.570843,-14.899829,-6.666838,-19.990835,-16.132780,-29.849100,52.626514,-13.773170,-147.711639,-8.283729,-178.390915,-82.841766,5.770567,-5.091515,-10.185893,-10.479234,2.893481,-8.717322,2.409769,-0.557274,5.173298,-0.202090,8.739289,8064.000000,0.000000,4.000000,,,,0.000000,4.000000,4.000000,4.000000,4.000000,4.000000,4.000000,4.000000,4.000000,4.000000,4.000000,4.000000,4.000000,4.000000,4.000000,4.000000,4.000000,4.000000,4.000000,2.000000,4.000000,4.000000,4.000000,4.000000,4.000000,4.000000,4.000000,4.000000,4.000000,4.000000,4.000000,4.000000,4.000000,83.333336
1614076744.613509,64.000000,0.000000,0.346793,5.823932,3.129486,5.206202,-4.853339,-8.307718,-5.135765,-1.854348,-11.085070,-9.561273,-12.833647,-6.147351,-17.919563,-5.347416,-10.332071,78.214912,-9.656834,-123.461357,13.775837,-147.956100,-50.451233,7.303258,-1.496680,-7.611604,4.915861,6.480332,-3.580400,2.407359,0.468924,6.193766,-1.227529,7.704909,0.000000,200.000000,4.000000,,,,0.000000,4.000000,4.000000,4.000000,4.000000,4.000000,4.000000,4.000000,4.000000,4.000000,4.000000,4.000000,4.000000,4.000000,4.000000,4.000000,4.000000,4.000000,4.000000,2.000000,4.000000,4.000000,4.000000,4.000000,4.000000,4.000000,4.000000,4.000000,4.000000,4.000000,4.000000,4.000000,4.000000,83.333336
1614076744.621158,65.000000,0.000000,0.859267,6.843749,4.664818,3.662534,2.843822,-4.196846,-4.617808,1.224429,-11.073985,-3.910686,-2.564403,-3.064280,-4.568310,4.914341,5.575697,110.957207,-2.467690,-90.517380,25.044113,-129.346619,-27.323858,12.936981,3.633022,6.754982,17.731459,10.576415,-1.012717,2.404951,3.032558,17.982445,0.312160,8.722845,0.000000,198.000000,4.000000,,,,0.000000,4.000000,4.000000,4.000000,4.000000,4.000000,4.000000,4.000000,4.000000,4.000000,4.000000,4.000000,4.000000,4.000000,4.000000,4.000000,4.000000,4.000000,4.000000,2.000000,4.000000,4.000000,4.000000,4.000000,4.000000,4.000000,4.000000,4.000000,4.000000,4.000000,4.000000,4.000000,4.000000,83.333336
1614076744.628907,66.000000,0.000000,0.858408,6.324085,8.249896,4.171692,10.533286,4.012479,-4.613191,2.248846,-11.062911,-0.829852,3.592008,-1.522754,4.667028,9.011992,6.595762,108.282150,-0.413940,-91.452507,19.378042,-139.986496,-33.963203,11.898403,3.629389,18.030277,20.277828,10.565839,-1.011704,2.402546,3.029525,13.349077,-0.713793,7.175661,0.000000,193.000000,4.000000,,,,0.000000,4.000000,4.000000,4.000000,4.000000,4.000000,4.000000,4.000000,4.000000,4.000000,4.000000,4.000000,4.000000,4.000000,4.000000,4.000000,4.000000,4.000000,4.000000,2.000000,4.000000,4.000000,4.000000,4.000000,4.000000,4.000000,4.000000,4.000000,4.000000,4.000000,4.000000,4.000000,4.000000,83.333336
1614076744.636656,67.000000,0.000000,0.857549,4.266479,6.703185,4.167521,8.984292,4.008466,-5.634218,3.272238,-11.051847,-1.341842,1.024313,-3.059693,-2.004306,7.464518,6.076346,90.737968,-4.003270,-111.361053,11.153537,-157.795227,-52.903599,3.168556,-0.989625,18.012247,16.667807,10.042453,-1.523513,2.400144,3.539316,-4.612990,-0.713079,1.527459,0.000000,203.000000,4.000000,,,,0.000000,4.000000,4.000000,4.000000,4.000000,4.000000,4.000000,4.000000,4.000000,4.000000,4.000000,4.000000,4.000000,4.000000,4.000000,4.000000,4.000000,4.000000,4.000000,2.000000,4.000000,4.000000,4.000000,4.000000,4.000000,4.000000,4.000000,4.000000,4.000000,4.000000,4.000000,4.000000,4.000000,83.333336
1614076744.644405,68.000000,0.000000,1.369512,2.723750,6.696482,4.163353,6.411205,0.414714,-4.090123,7.371530,-11.040796,-1.853321,2.048930,-1.518172,-7.130507,2.841669,8.121552,95.775436,-5.024907,-105.608665,17.296230,-161.227173,-58.491718,-1.962818,1.575467,16.968594,5.881909,10.545231,-1.521990,2.397744,4.048597,-4.608377,-0.199546,-2.576632,0.000000,193.000000,4.000000,,,,0.000000,4.000000,4.000000,4.000000,4.000000,4.000000,4.000000,4.000000,4.000000,4.000000,4.000000,4.000000,4.000000,4.000000,4.000000,4.000000,4.000000,4.000000,4.000000,2.000000,4.000000,4.000000,4.000000,4.000000,4.000000,4.000000,4.000000,4.000000,4.000000,4.000000,4.000000,4.000000,4.000000,83.333336
1614076744.652055,69.000000,0.000000,3.932245,2.721027,7.202606,4.159190,6.917614,3.491223,0.529352,10.441081,-11.029756,-2.364288,7.687906,3.098731,-4.046453,-2.802199,-1.117339,69.012993,-1.942959,-110.118446,22.407139,-159.014664,-59.971691,-0.935214,9.779020,17.977266,-4.893204,10.534685,-1.520468,2.395346,-0.570836,-0.501204,-0.199346,-3.086876,0.000000,221.000000,4.000000,,,,0.000000,4.000000,4.000000,4.000000,4.000000,4.000000,4.000000,4.000000,4.000000,4.000000,4.000000,4.000000,4.000000,4.000000,4.000000,4.000000,4.000000,4.000000,4.000000,2.000000,4.000000,4.000000,4.000000,4.000000,4.000000,4.000000,4.000000,4.000000,4.000000,4.000000,4.000000,4.000000,4.000000,83.333336
1614076744.659804,70.000000,0.000000,4.953954,2.718306,7.195403,4.667851,5.372235,5.026193,3.092925,10.430640,-11.018725,-1.849103,6.141757,6.172555,-3.529586,-5.363499,-12.911094,36.636292,-0.915375,-138.726273,7.000116,-162.445404,-75.296333,-0.421458,10.282062,17.446468,-5.401131,7.960048,-2.031768,2.392951,-7.236932,-9.218652,-0.199147,-3.083789,0.000000,184.000000,4.000000,,,,0.000000,4.000000,4.000000,4.000000,4.000000,4.000000,4.000000,4.000000,4.000000,4.000000,4.000000,4.000000,4.000000,4.000000,4.000000,4.000000,4.000000,4.000000,4.000000,2.000000,4.000000,4.000000,4.000000,4.000000,4.000000,4.000000,4.000000,4.000000,4.000000,4.000000,4.000000,4.000000,4.000000,83.333336
1614076744.667453,71.000000,0.000000,2.897718,2.715587,7.188208,3.637542,2.802760,0.405782,2.577012,9.907389,-11.007707,-1.847254,0.494590,5.140742,-4.038877,-10.486341,-15.975105,42.753502,-0.914460,-151.408066,-4.288936,-168.436798,-87.015907,-3.497960,6.682036,16.916203,-4.882909,6.413627,-4.081018,2.390558,-9.280976,-8.183792,-0.198948,-2.567885,0.000000,154.000000,4.000000,,,,0.000000,4.000000,4.000000,4.000000,4.000000,4.000000,4.000000,4.000000,4.000000,4.000000,4.000000,4.000000,4.000000,4.000000,4.000000,4.000000,4.000000,4.000000,4.000000,2.000000,4.000000,4.000000,4.000000,4.000000,4.000000,4.000000,4.000000,4.000000,4.000000,4.000000,4.000000,4.000000,4.000000,83.333336
1614076744.675202,72.000000,0.000000,0.843538,2.712872,7.181020,1.069802,2.287137,-3.697188,2.574435,8.871840,-10.996699,-5.435151,-3.095649,5.135601,-7.111761,-20.219444,-29.292463,44.249210,-0.913545,-154.846390,-0.182083,-171.345291,-86.928894,-7.084206,7.188174,16.899286,-5.390847,5.894392,-6.128219,2.388167,-7.733234,2.593622,-0.198749,-3.078138,0.000000,196.000000,4.000000,,,,0.000000,4.000000,4.000000,4.000000,4.000000,4.000000,4.000000,4.000000,4.000000,4.000000,4.000000,4.000000,4.000000,4.000000,4.000000,4.000000,4.000000,4.000000,4.000000,2.000000,4.000000,4.000000,4.000000,4.000000,4.000000,4.000000,4.000000,4.000000,4.000000,4.000000,4.000000,4.000000,4.000000,83.333336
1614076744.682851,73.000000,0.000000,0.842695,2.710159,7.173839,0.043091,2.797670,-2.667849,3.084681,5.786046,-10.985703,-4.916895,-3.092553,5.643286,-11.720034,-15.583840,-44.647785,34.974190,-1.425452,-155.204376,-7.874208,-173.738037,-86.329140,-8.102762,8.206627,16.882387,0.255570,6.401319,-4.583629,2.385779,-6.187039,4.642311,-0.198550,-3.075060,0.000000,220.000000,4.000000,,,,0.000000,4.000000,4.000000,4.000000,4.000000,4.000000,4.000000,4.000000,4.000000,4.000000,4.000000,4.000000,4.000000,4.000000,4.000000,4.000000,4.000000,4.000000,4.000000,2.000000,4.000000,4.000000,4.000000,4.000000,4.000000,4.000000,4.000000,4.000000,4.000000,4.000000,4.000000,4.000000,4.000000,83.333336
1614076744.690600,74.000000,0.000000,0.841852,3.220269,7.679485,1.068689,2.794873,-2.152361,3.081596,6.805901,-9.949076,3.805971,2.551565,5.637642,-2.990365,8.534308,-26.654421,67.759727,0.114435,-124.792755,-8.379154,-165.871994,-73.935120,-8.607480,6.659959,16.352684,6.921981,6.394917,0.549160,2.383393,-3.616750,9.253053,-0.198351,0.004939,0.000000,185.000000,4.000000,,,,0.000000,4.000000,4.000000,4.000000,4.000000,4.000000,4.000000,4.000000,4.000000,4.000000,4.000000,4.000000,4.000000,4.000000,4.000000,4.000000,4.000000,4.000000,4.000000,2.000000,4.000000,4.000000,4.000000,4.000000,4.000000,4.000000,4.000000,4.000000,4.000000,4.000000,4.000000,4.000000,4.000000,83.333336
1614076744.698249,75.000000,0.000000,0.841010,3.217049,6.646165,1.067620,2.792078,-2.663029,3.078515,9.876018,-7.887845,9.956011,10.754142,5.119184,14.448523,29.551414,5.679926,100.512482,5.755346,-91.847450,23.936916,-144.680481,-47.707340,-8.086052,7.678940,16.849152,6.915059,6.388523,2.599892,2.381010,-0.536210,18.987391,0.314668,4.620318,0.000000,200.000000,4.000000,,,,0.000000,4.000000,4.000000,4.000000,4.000000,4.000000,4.000000,4.000000,4.000000,4.000000,4.000000,4.000000,4.000000,4.000000,4.000000,4.000000,4.000000,4.000000,4.000000,2.000000,4.000000,4.000000,4.000000,4.000000,4.000000,4.000000,4.000000,4.000000,4.000000,4.000000,4.000000,4.000000,4.000000,83.333336
1614076744.705998,76.000000,0.000000,0.840169,2.701011,3.562595,0.040912,2.789286,-3.173187,3.075436,8.840501,-6.341495,8.920414,12.794670,5.114065,19.049459,31.573145,17.469118,95.796585,9.852155,-88.678680,41.348877,-128.125549,-34.326302,-5.513864,10.235364,19.396404,6.395323,6.382134,2.597292,2.378629,-0.022853,17.429941,-0.198468,3.590057,0.000000,189.000000,4.000000,,,,0.000000,4.000000,4.000000,4.000000,4.000000,4.000000,4.000000,4.000000,4.000000,4.000000,4.000000,4.000000,4.000000,4.000000,4.000000,4.000000,4.000000,4.000000,4.000000,2.000000,4.000000,4.000000,4.000000,4.000000,4.000000,4.000000,4.000000,4.000000,4.000000,4.000000,4.000000,4.000000,4.000000,83.333336
1614076744.713648,77.000000,0.000000,0.839329,3.723951,3.559033,1.579332,3.299317,-2.144372,3.072361,6.267558,-6.847974,8.398673,13.294696,5.621772,16.979128,17.182598,17.451649,99.290535,10.867944,-87.564362,19.256247,-129.535889,-39.420177,-0.892965,9.712308,21.941111,7.414569,6.375752,3.107516,2.376250,-0.535651,12.284306,-0.198269,1.535185,0.000000,199.000000,4.000000,,,,0.000000,4.000000,4.000000,4.000000,4.000000,4.000000,4.000000,4.000000,4.000000,4.000000,4.000000,4.000000,4.000000,4.000000,4.000000,4.000000,4.000000,4.000000,4.000000,2.000000,4.000000,4.000000,4.000000,4.000000,4.000000,4.000000,4.000000,4.000000,4.000000,4.000000,4.000000,4.000000,4.000000,83.333336
1614076744.721397,78.000000,0.000000,0.838490,2.694586,3.555474,1.064932,2.783197,-2.142228,2.043647,6.774111,-10.430870,9.415915,13.281401,4.590509,12.346764,0.755159,11.280351,100.729706,10.344254,-90.040894,5.903657,-134.021729,-42.970501,1.672030,7.138493,20.893528,7.407154,6.882196,1.565947,2.373874,-0.022295,10.733560,0.827570,1.533650,0.000000,189.000000,4.000000,,,,0.000000,4.000000,4.000000,4.000000,4.000000,4.000000,4.000000,4.000000,4.000000,4.000000,4.000000,4.000000,4.000000,4.000000,4.000000,4.000000,4.000000,4.000000,4.000000,2.000000,4.000000,4.000000,4.000000,4.000000,4.000000,4.000000,4.000000,4.000000,4.000000,4.000000,4.000000,4.000000,4.000000,83.333336
1614076744.729046,79.000000,0.000000,1.350472,-3.461954,-0.550646,-6.115620,-2.347791,-5.729829,-0.522499,3.177593,-14.010182,8.893679,3.524530,0.996175,-0.998917,-6.937904,-3.089904,73.962303,7.256988,-120.720085,13.590061,-134.913345,-43.440353,-3.457847,7.131355,20.872635,6.374106,3.798391,-2.025363,2.884320,-1.047914,4.056159,-1.737360,-1.544807,0.000000,189.000000,4.000000,,,,0.000000,4.000000,4.000000,4.000000,4.000000,4.000000,4.000000,4.000000,4.000000,4.000000,4.000000,4.000000,4.000000,4.000000,4.000000,4.000000,4.000000,4.000000,4.000000,2.000000,4.000000,4.000000,4.000000,4.000000,4.000000,4.000000,4.000000,4.000000,4.000000,4.000000,4.000000,4.000000,4.000000,83.333336
1614076744.736795,80.000000,0.000000,0.836301,-8.586698,-4.139839,-14.314632,-7.986469,-9.826664,-5.650181,-5.543533,-15.021813,8.884785,-6.222585,-2.081744,-14.844071,-11.033530,-10.266301,58.503727,1.095884,-136.496796,15.627753,-143.496384,-51.089218,-11.146697,5.585762,22.390224,7.393373,-0.307971,-0.997696,0.830154,-5.149430,-4.153025,-6.351007,-8.209929,0.000000,201.000000,4.000000,,,,0.000000,4.000000,4.000000,4.000000,4.000000,4.000000,4.000000,4.000000,4.000000,4.000000,4.000000,4.000000,4.000000,4.000000,4.000000,4.000000,4.000000,4.000000,4.000000,2.000000,4.000000,4.000000,4.000000,4.000000,4.000000,4.000000,4.000000,4.000000,4.000000,4.000000,4.000000,4.000000,4.000000,83.333336
1614076744.744444,81.000000,0.000000,-1.215818,-8.578111,-4.135699,-14.813138,-9.004124,-10.329658,-8.721455,-9.127733,-14.493971,8.875900,-6.729182,-2.592483,-15.854869,-21.278908,-12.820137,41.522148,-1.982134,-120.462868,10.483920,-164.378525,-72.063774,-11.135550,0.451971,14.675527,3.796236,-1.333304,-2.535160,-1.221958,-8.221204,-4.148872,-7.883118,-10.765821,0.000000,175.000000,4.000000,,,,0.000000,4.000000,4.000000,4.000000,4.000000,4.000000,4.000000,4.000000,4.000000,4.000000,4.000000,4.000000,4.000000,4.000000,4.000000,4.000000,4.000000,4.000000,4.000000,2.000000,4.000000,4.000000,4.000000,4.000000,4.000000,4.000000,4.000000,4.000000,4.000000,4.000000,4.000000,4.000000,4.000000,83.333336
1614076744.752193,82.000000,0.000000,-2.753063,-8.569532,-3.618743,-13.772684,-7.969479,-9.806507,-8.712733,-8.605785,-14.992297,8.354204,-7.235274,-2.077070,-15.326193,-28.437115,-25.627831,9.172934,-4.544255,-130.598816,2.268308,-182.675690,-99.171196,-12.150056,-3.651045,-1.236585,-8.002432,-0.819151,-11.763394,-1.733557,-7.700161,-3.119082,-7.362414,-9.729415,0.000000,204.000000,4.000000,,,,0.000000,4.000000,4.000000,4.000000,4.000000,4.000000,4.000000,4.000000,4.000000,4.000000,4.000000,4.000000,4.000000,4.000000,4.000000,4.000000,4.000000,4.000000,4.000000,2.000000,4.000000,4.000000,4.000000,4.000000,4.000000,4.000000,4.000000,4.000000,4.000000,4.000000,4.000000,4.000000,4.000000,83.333336
1614076744.759842,83.000000,0.000000,-3.263131,-8.560964,-4.127944,-14.784553,-8.474330,-9.796700,-8.191199,-8.597179,-14.977305,8.345850,-10.304961,-2.587814,-15.823688,-26.357395,-34.320152,10.702222,-7.616634,-162.775909,-11.067293,-188.134033,-112.918175,-23.419956,-4.160215,-11.491759,-16.712378,-0.818331,-16.367016,-1.219003,-7.692461,-4.141604,-7.355052,-9.719686,0.000000,163.000000,4.000000,,,,0.000000,4.000000,4.000000,4.000000,4.000000,4.000000,4.000000,4.000000,4.000000,4.000000,4.000000,4.000000,4.000000,4.000000,4.000000,4.000000,4.000000,4.000000,4.000000,2.000000,4.000000,4.000000,4.000000,4.000000,4.000000,4.000000,4.000000,4.000000,4.000000,4.000000,4.000000,4.000000,4.000000,83.333336
1614076744.767691,84.000000,0.000000,-2.747047,-8.039581,-4.123816,-14.256948,-8.465856,-10.299725,-8.695829,-8.588582,-13.936687,8.850325,-9.781837,-2.072405,-14.782223,-26.331039,-33.773010,31.204340,-9.147479,-166.715698,-14.645970,-182.817703,-104.087311,-22.370895,-3.643234,-13.018728,-15.157205,-1.330333,-10.709623,-1.730604,-8.197590,-3.624642,-7.860517,-10.222786,0.000000,207.000000,4.000000,,,,0.000000,4.000000,4.000000,4.000000,4.000000,4.000000,4.000000,4.000000,4.000000,4.000000,4.000000,4.000000,4.000000,4.000000,4.000000,4.000000,4.000000,4.000000,4.000000,2.000000,4.000000,4.000000,4.000000,4.000000,4.000000,4.000000,4.000000,4.000000,4.000000,4.000000,4.000000,4.000000,4.000000,83.333336
1614076744.775441,85.000000,0.000000,-2.744300,-9.057183,-3.606872,-14.242690,-8.457390,-10.289425,-8.687133,-9.092814,-14.948391,8.328653,-11.310515,-2.583153,-15.793081,-27.843168,-33.226418,27.583393,-8.112690,-133.728470,-6.939016,-175.968216,-83.983223,-6.451089,-4.152411,-12.492889,-12.577945,-0.816183,-7.109170,-1.728873,-7.676571,-3.108196,-7.339836,-10.212564,0.000000,194.000000,4.000000,,,,0.000000,4.000000,4.000000,4.000000,4.000000,4.000000,4.000000,4.000000,4.000000,4.000000,4.000000,4.000000,4.000000,4.000000,4.000000,4.000000,4.000000,4.000000,4.000000,2.000000,4.000000,4.000000,4.000000,4.000000,4.000000,4.000000,4.000000,4.000000,4.000000,4.000000,4.000000,4.000000,4.000000,83.333336
1614076744.783289,86.000000,0.000000,-2.741556,-6.996844,-3.603265,-14.228448,-6.910470,-7.202212,-8.165626,-8.570901,-14.420622,8.320325,-8.735103,-2.580570,-12.700365,-14.994813,-23.449600,44.478886,-8.617398,-110.004997,-3.342334,-171.176865,-68.514626,-4.393356,-4.148259,-10.941935,-12.052547,-0.815367,-10.691804,-1.214324,-7.668895,-3.617909,-7.332496,-9.176710,0.000000,166.000000,4.000000,,,,0.000000,4.000000,4.000000,4.000000,4.000000,4.000000,4.000000,4.000000,4.000000,4.000000,4.000000,4.000000,4.000000,4.000000,4.000000,4.000000,4.000000,4.000000,4.000000,2.000000,4.000000,4.000000,4.000000,4.000000,4.000000,4.000000,4.000000,4.000000,4.000000,4.000000,4.000000,4.000000,4.000000,83.333336
1614076744.791039,87.000000,0.000000,-2.738814,-0.323180,-3.599662,-9.598835,-4.852278,-3.092446,-5.593357,-3.434125,-8.765176,12.927389,7.171068,0.498933,0.132848,9.122746,-4.964612,77.254921,-8.608781,-112.459099,-5.390274,-163.313385,-62.292263,-13.106911,-3.631290,-8.879711,-9.989212,-0.814551,-7.604189,-1.725930,-7.661226,-1.563009,-7.325164,-7.116251,0.000000,197.000000,4.000000,,,,0.000000,4.000000,4.000000,4.000000,4.000000,4.000000,4.000000,4.000000,4.000000,4.000000,4.000000,4.000000,4.000000,4.000000,4.000000,4.000000,4.000000,4.000000,4.000000,2.000000,4.000000,4.000000,4.000000,4.000000,4.000000,4.000000,4.000000,4.000000,4.000000,4.000000,4.000000,4.000000,4.000000,83.333336
1614076744.798888,88.000000,0.000000,-2.736076,3.779707,-3.083242,-3.435390,-3.821785,-2.063713,-4.049303,2.723155,-3.115385,17.017025,21.522871,4.600998,9.363484,21.421316,3.758301,84.357155,-6.548890,-110.808174,-3.333601,-149.816727,-60.178688,-8.478419,-3.627659,-8.358010,-7.927940,-0.813737,1.121364,-1.211384,-5.602283,0.489836,-7.317839,-5.570673,0.000000,175.000000,4.000000,,,,0.000000,4.000000,4.000000,4.000000,4.000000,4.000000,4.000000,4.000000,4.000000,4.000000,4.000000,4.000000,4.000000,4.000000,4.000000,4.000000,4.000000,4.000000,4.000000,2.000000,4.000000,4.000000,4.000000,4.000000,4.000000,4.000000,4.000000,4.000000,4.000000,4.000000,4.000000,4.000000,4.000000,83.333336
1614076744.806637,89.000000,0.000000,-2.733340,3.263107,-4.105800,-1.893493,-4.330783,-2.574470,-4.558074,3.746073,-4.137911,14.435906,20.475708,5.622038,6.790018,17.297331,1.703260,72.477921,-4.491059,-104.543518,-1.791806,-143.513062,-59.605690,-0.777633,-3.624031,-8.349652,-7.407192,-0.812923,0.094601,0.841110,-3.545398,1.002167,-7.310521,-6.077923,0.000000,192.000000,4.000000,,,,0.000000,4.000000,4.000000,4.000000,4.000000,4.000000,4.000000,4.000000,4.000000,4.000000,4.000000,4.000000,4.000000,4.000000,4.000000,4.000000,4.000000,4.000000,4.000000,2.000000,4.000000,4.000000,4.000000,4.000000,4.000000,4.000000,4.000000,4.000000,4.000000,4.000000,4.000000,4.000000,4.000000,83.333336
1614076744.814486,90.000000,0.000000,-2.730606,2.747023,-3.588873,-2.917240,-4.326453,-2.571895,-4.553515,2.203866,-7.210696,8.780445,16.865488,5.103596,2.680664,8.049263,-1.888186,65.225960,-4.486568,-113.669746,-6.405399,-149.523407,-61.084545,-4.366600,-4.646048,-8.341303,-7.912605,-0.812110,-4.008058,2.891551,-4.054674,0.488344,-7.816031,-6.071845,0.000000,141.000000,4.000000,,,,0.000000,4.000000,4.000000,4.000000,4.000000,4.000000,4.000000,4.000000,4.000000,4.000000,4.000000,4.000000,4.000000,4.000000,4.000000,4.000000,4.000000,4.000000,4.000000,2.000000,4.000000,4.000000,4.000000,4.000000,4.000000,4.000000,4.000000,4.000000,4.000000,4.000000,4.000000,4.000000,4.000000,83.333336
1614076744.822235,91.000000,0.000000,-2.727875,3.257097,-1.021182,-2.914323,-4.322126,-2.056503,-4.548962,3.227303,-6.690665,8.258843,16.848623,5.098492,0.626701,-0.163914,-1.373478,55.417141,-4.994902,-116.633003,-0.757968,-149.886703,-62.561924,-9.490438,-3.615761,-9.358603,-8.930333,-0.811298,1.124156,2.375839,-4.050619,0.487856,-7.295394,-5.552953,0.000000,206.000000,4.000000,,,,0.000000,4.000000,4.000000,4.000000,4.000000,4.000000,4.000000,4.000000,4.000000,4.000000,4.000000,4.000000,4.000000,4.000000,4.000000,4.000000,4.000000,4.000000,4.000000,2.000000,4.000000,4.000000,4.000000,4.000000,4.000000,4.000000,4.000000,4.000000,4.000000,4.000000,4.000000,4.000000,4.000000,83.333336
1614076744.830084,92.000000,0.000000,-2.725148,2.741019,-2.045802,-1.885768,-5.343445,-2.567267,-4.544413,3.736896,-7.196795,8.763406,13.242031,5.606215,-2.963669,-4.779135,-2.397745,50.746342,-4.477086,-106.259956,10.524841,-148.198349,-60.960899,-6.404025,-3.612145,-6.272321,-5.844480,-0.810486,7.276878,2.373463,-4.046568,0.487368,-4.723996,-6.060220,0.000000,166.000000,4.000000,,,,0.000000,4.000000,4.000000,4.000000,4.000000,4.000000,4.000000,4.000000,4.000000,4.000000,4.000000,4.000000,4.000000,4.000000,4.000000,4.000000,4.000000,4.000000,4.000000,2.000000,4.000000,4.000000,4.000000,4.000000,4.000000,4.000000,4.000000,4.000000,4.000000,4.000000,4.000000,4.000000,4.000000,83.333336
1614076744.837833,93.000000,0.000000,-2.722423,2.738278,-6.659141,-2.909523,-4.312460,-2.564699,-4.539869,1.169057,-11.292162,8.241821,8.100583,5.087788,-3.986346,-8.876920,-16.241501,31.721235,-4.472609,-131.281906,-0.767735,-158.306564,-63.464043,-2.807877,-5.146995,-2.163485,-1.223251,-0.809676,6.243960,2.371089,-4.042521,0.486881,-3.180811,-6.054160,0.000000,209.000000,4.000000,,,,0.000000,4.000000,4.000000,4.000000,4.000000,4.000000,4.000000,4.000000,4.000000,4.000000,4.000000,4.000000,4.000000,4.000000,4.000000,4.000000,4.000000,4.000000,4.000000,2.000000,4.000000,4.000000,4.000000,4.000000,4.000000,4.000000,4.000000,4.000000,4.000000,4.000000,4.000000,4.000000,4.000000,83.333336
1614076744.845682,94.000000,0.000000,-2.719700,2.735540,-7.678123,-5.470716,-4.820969,-2.562135,-4.535329,-0.370574,-15.383434,7.720759,7.579662,5.082700,-3.982360,-13.483427,-26.481670,1.433104,-5.493778,-163.458313,-23.331070,-165.840561,-72.631348,-4.856351,-0.526463,-1.648501,-0.709207,-0.808866,5.212075,2.368718,-4.038479,-0.026427,-3.690450,-6.048106,0.000000,193.000000,4.000000,,,,0.000000,4.000000,4.000000,4.000000,4.000000,4.000000,4.000000,4.000000,4.000000,4.000000,4.000000,4.000000,4.000000,4.000000,4.000000,4.000000,4.000000,4.000000,4.000000,2.000000,4.000000,4.000000,4.000000,4.000000,4.000000,4.000000,4.000000,4.000000,4.000000,4.000000,4.000000,4.000000,4.000000,83.333336
1614076744.853431,95.000000,0.000000,-2.716980,3.245625,-7.670444,-7.003706,-5.841789,-2.559572,-4.530794,1.681079,-15.368051,8.738680,8.597724,5.077617,-3.978378,-11.931482,-11.583394,25.534235,-3.437002,-145.346130,-11.512866,-152.854218,-68.456154,-5.877136,8.704833,0.917250,-0.195678,-1.320878,6.232504,2.366349,-4.034441,-0.026400,-3.686760,-6.042058,0.000000,189.000000,4.000000,,,,0.000000,4.000000,4.000000,4.000000,4.000000,4.000000,4.000000,4.000000,4.000000,4.000000,4.000000,4.000000,4.000000,4.000000,4.000000,4.000000,4.000000,4.000000,4.000000,2.000000,4.000000,4.000000,4.000000,4.000000,4.000000,4.000000,4.000000,4.000000,4.000000,4.000000,4.000000,4.000000,4.000000,83.333336
1614076744.861280,96.000000,0.000000,-2.714263,2.729558,-7.149953,-6.483882,-0.707742,-2.557013,-4.526263,2.705039,-11.250118,7.704300,7.563485,5.072539,-3.461579,-2.175961,1.761523,58.329212,3.745922,-112.380280,21.319159,-138.342377,-48.387695,5.923613,12.285872,8.095820,4.419903,0.731725,6.226271,2.363983,-4.030406,4.589011,-3.683073,-6.036016,8064.000000,0.000000,4.000000,,,,0.000000,4.000000,4.000000,4.000000,4.000000,4.000000,4.000000,4.000000,4.000000,4.000000,4.000000,4.000000,4.000000,4.000000,4.000000,4.000000,4.000000,4.000000,4.000000,2.000000,4.000000,4.000000,4.000000,4.000000,4.000000,4.000000,4.000000,4.000000,4.000000,4.000000,4.000000,4.000000,4.000000,83.333336
1614076744.869029,97.000000,0.000000,-2.711549,3.239649,-2.014598,-6.477398,8.010915,-2.554456,-4.521736,2.702334,-7.649125,8.722237,9.094383,5.067467,-3.970938,7.056984,-2.855623,60.322166,7.331920,-89.190971,37.195274,-137.178406,-38.082897,17.712561,10.735124,11.164647,8.005226,2.782275,6.220045,2.361619,-4.026376,8.174166,-3.679390,-6.029980,8064.000000,0.000000,4.000000,,,,0.000000,4.000000,4.000000,4.000000,4.000000,4.000000,4.000000,4.000000,4.000000,4.000000,4.000000,4.000000,4.000000,4.000000,4.000000,4.000000,4.000000,4.000000,4.000000,2.000000,4.000000,4.000000,4.000000,4.000000,4.000000,4.000000,4.000000,4.000000,4.000000,4.000000,4.000000,4.000000,4.000000,83.333336
1614076744.876678,98.000000,0.000000,-2.708838,3.236410,4.654083,-6.470921,11.592648,-2.551902,-4.517215,4.750913,-6.615835,13.328898,11.649391,5.062399,-3.454146,15.767876,5.352361,61.287487,6.811768,-84.486397,38.183723,-138.579681,-38.557636,12.566644,10.724389,9.615022,6.971580,3.292314,4.162543,2.359257,-4.022349,8.165991,-3.675711,-6.023950,8064.000000,0.000000,4.000000,,,,0.000000,4.000000,4.000000,4.000000,4.000000,4.000000,4.000000,4.000000,4.000000,4.000000,4.000000,4.000000,4.000000,4.000000,4.000000,4.000000,4.000000,4.000000,4.000000,2.000000,4.000000,4.000000,4.000000,4.000000,4.000000,4.000000,4.000000,4.000000,4.000000,4.000000,4.000000,4.000000,4.000000,83.333336
1614076744.884427,99.000000,0.000000,-2.706129,0.156250,3.623788,-6.464450,10.042593,-2.549350,-4.512697,6.797444,-7.122039,16.905313,13.176204,5.057337,1.164692,26.008518,23.295727,94.046707,6.804956,-79.786530,30.966051,-136.389816,-37.493435,2.810487,9.688024,9.605407,4.913326,2.776201,2.107098,2.356898,-4.018327,7.645005,-3.672035,-6.017926,8064.000000,0.000000,4.000000,,,,0.000000,4.000000,4.000000,4.000000,4.000000,4.000000,4.000000,4.000000,4.000000,4.000000,4.000000,4.000000,4.000000,4.000000,4.000000,4.000000,4.000000,4.000000,4.000000,2.000000,4.000000,4.000000,4.000000,4.000000,4.000000,4.000000,4.000000,4.000000,4.000000,4.000000,4.000000,4.000000,4.000000,83.333336
1614076744.892076,100.000000,0.000000,-2.703423,-3.946470,0.543241,-5.945165,10.032551,-2.546800,-4.508185,6.790647,-6.602097,15.862767,12.650207,5.052280,3.727630,24.444048,15.580123,96.003944,5.772510,-100.219559,14.524828,-136.253433,-44.635429,4.858959,7.114233,10.621442,3.882772,3.286245,2.104991,2.354541,-3.501488,8.663001,-3.668363,-6.011908,8064.000000,0.000000,4.000000,,,,0.000000,4.000000,4.000000,4.000000,4.000000,4.000000,4.000000,4.000000,4.000000,4.000000,4.000000,4.000000,4.000000,4.000000,4.000000,4.000000,4.000000,4.000000,4.000000,2.000000,4.000000,4.000000,4.000000,4.000000,4.000000,4.000000,4.000000,4.000000,4.000000,4.000000,4.000000,4.000000,4.000000,83.333336
1614076744.899825,101.000000,0.000000,-2.700719,-4.968164,0.029877,-6.452041,10.535338,-2.544253,-4.503676,6.271036,-6.595495,16.359724,11.611916,5.047227,1.672621,7.496527,-0.332893,65.651535,1.664173,-121.657806,6.817996,-139.706924,-56.898487,7.931023,7.107119,10.098000,2.853248,2.770138,2.102886,2.352187,-4.010807,8.141517,-3.664695,-6.005896,8064.000000,0.000000,4.000000,,,,0.000000,4.000000,4.000000,4.000000,4.000000,4.000000,4.000000,4.000000,4.000000,4.000000,4.000000,4.000000,4.000000,4.000000,4.000000,4.000000,4.000000,4.000000,4.000000,2.000000,4.000000,4.000000,4.000000,4.000000,4.000000,4.000000,4.000000,4.000000,4.000000,4.000000,4.000000,4.000000,4.000000,83.333336
1614076744.907475,102.000000,0.000000,-2.698019,-4.450376,0.542668,-6.445589,10.011983,-2.541709,-4.499173,6.264765,-7.101719,16.856186,13.138765,5.555001,0.645307,-3.793021,-3.409483,47.637161,-0.388773,-123.587425,9.888101,-141.618500,-56.841587,6.384631,7.100011,9.575082,3.363216,2.767368,2.100783,2.349834,-4.519617,7.107735,-3.661030,-5.999890,8064.000000,0.000000,4.000000,,,,0.000000,4.000000,4.000000,4.000000,4.000000,4.000000,4.000000,4.000000,4.000000,4.000000,4.000000,4.000000,4.000000,4.000000,4.000000,4.000000,4.000000,4.000000,4.000000,2.000000,4.000000,4.000000,4.000000,4.000000,4.000000,4.000000,4.000000,4.000000,4.000000,4.000000,4.000000,4.000000,4.000000,83.333336
1614076744.915224,103.000000,0.000000,-2.695320,-4.445926,0.029305,-5.926322,10.001970,-2.026347,-4.494674,6.771320,-6.581797,9.659842,12.099985,5.036625,-0.380979,-8.917433,-13.149664,23.999781,0.124436,-137.822815,6.288469,-144.553802,-58.836029,7.916708,7.605732,10.078327,3.359852,3.277421,2.611503,2.347485,-3.489456,8.639089,-3.657369,-5.993890,8064.000000,0.000000,4.000000,,,,0.000000,4.000000,4.000000,4.000000,4.000000,4.000000,4.000000,4.000000,4.000000,4.000000,4.000000,4.000000,4.000000,4.000000,4.000000,4.000000,4.000000,4.000000,4.000000,2.000000,4.000000,4.000000,4.000000,4.000000,4.000000,4.000000,4.000000,4.000000,4.000000,4.000000,4.000000,4.000000,4.000000,83.333336
1614076744.922873,104.000000,0.000000,-2.692625,-4.954300,0.029275,-6.433217,7.940687,-3.049962,-3.977359,5.738908,-7.600856,1.445054,4.395577,5.031589,-6.021624,-19.164927,-28.008308,7.565526,-2.952611,-148.967041,-0.897306,-153.127197,-74.674629,3.806226,7.085306,10.581069,-0.746072,1.735682,1.583251,2.345137,-3.998787,6.579167,-3.653712,-5.987896,8064.000000,0.000000,4.000000,,,,0.000000,4.000000,4.000000,4.000000,4.000000,4.000000,4.000000,4.000000,4.000000,4.000000,4.000000,4.000000,4.000000,4.000000,4.000000,4.000000,4.000000,4.000000,4.000000,2.000000,4.000000,4.000000,4.000000,4.000000,4.000000,4.000000,4.000000,4.000000,4.000000,4.000000,4.000000,4.000000,4.000000,83.333336
1614076744.930622,105.000000,0.000000,-2.177112,-4.436525,0.029246,-11.042168,6.394284,-5.611014,-5.511843,3.681887,-9.644538,0.417968,-2.788305,5.539378,-8.066884,-24.273966,-27.467480,23.455397,-4.488120,-125.741150,-1.922050,-160.153549,-83.317902,-6.453990,4.514118,5.955103,-6.899172,-0.317335,-1.495256,2.342792,-8.610173,-2.658181,-3.650058,-5.981908,8064.000000,0.000000,4.000000,,,,0.000000,4.000000,4.000000,4.000000,4.000000,4.000000,4.000000,4.000000,4.000000,4.000000,4.000000,4.000000,4.000000,4.000000,4.000000,4.000000,4.000000,4.000000,4.000000,2.000000,4.000000,4.000000,4.000000,4.000000,4.000000,4.000000,4.000000,4.000000,4.000000,4.000000,4.000000,4.000000,4.000000,83.333336
1614076744.938271,106.000000,0.000000,-2.687755,-4.432089,0.029217,-14.108049,6.387890,-6.631044,-8.070434,2.139744,-10.660534,0.417550,-3.298337,4.508197,-6.007535,-19.121487,-23.850269,29.072966,-3.457991,-111.256439,-0.381667,-157.942123,-77.593559,-7.985998,3.996783,-2.768800,-8.430734,-1.342659,-2.006581,2.340449,-11.678486,-8.296549,-3.646408,-6.488747,8064.000000,0.000000,4.000000,,,,0.000000,4.000000,4.000000,4.000000,4.000000,4.000000,4.000000,4.000000,4.000000,4.000000,4.000000,4.000000,4.000000,4.000000,4.000000,4.000000,4.000000,4.000000,4.000000,2.000000,4.000000,4.000000,4.000000,4.000000,4.000000,4.000000,4.000000,4.000000,4.000000,4.000000,4.000000,4.000000,4.000000,83.333336
1614076744.946020,107.000000,0.000000,-5.249170,-4.427657,0.029188,-12.042659,6.381502,-6.111593,-8.575184,2.650425,-10.649874,-2.146970,-1.756577,0.401125,-10.616913,-18.076725,-29.980265,6.992611,-11.659661,-137.811844,3.721279,-158.809814,-73.926224,-8.490832,1.428684,-5.842955,-7.396662,-0.828496,-0.466113,2.338109,-9.102705,-5.724150,-3.642761,-5.456617,8064.000000,0.000000,4.000000,,,,0.000000,4.000000,4.000000,4.000000,4.000000,4.000000,4.000000,4.000000,4.000000,4.000000,4.000000,4.000000,4.000000,4.000000,4.000000,4.000000,4.000000,4.000000,4.000000,2.000000,4.000000,4.000000,4.000000,4.000000,4.000000,4.000000,4.000000,4.000000,4.000000,4.000000,4.000000,4.000000,4.000000,83.333336
1614076744.953669,108.000000,0.000000,-6.782382,-4.423229,0.029159,-9.466514,6.375121,-6.618301,-8.053788,3.160595,-10.639224,-2.657643,-3.806103,-2.676199,-20.862705,-20.109930,-36.616951,1.344593,-23.955694,-159.212494,9.871404,-168.907425,-75.903580,-20.277212,-4.726591,-4.811471,-7.902086,-0.827667,-3.542570,2.335771,-7.042320,-3.154323,-3.639119,-3.399879,8064.000000,0.000000,4.000000,,,,0.000000,4.000000,4.000000,4.000000,4.000000,4.000000,4.000000,4.000000,4.000000,4.000000,4.000000,4.000000,4.000000,4.000000,4.000000,4.000000,4.000000,4.000000,4.000000,2.000000,4.000000,4.000000,4.000000,4.000000,4.000000,4.000000,4.000000,4.000000,4.000000,4.000000,4.000000,4.000000,4.000000,83.333336
1614076744.961418,109.000000,0.000000,-6.262780,-4.418806,0.029129,-9.969868,6.881566,-6.098863,-8.558555,0.593332,-10.628585,-2.654986,-5.853579,-2.673523,-22.893126,-12.910333,-35.554691,25.958633,-22.393276,-134.437897,10.887174,-171.302612,-75.314850,-21.795397,-8.311608,-4.806659,-8.407004,-0.826840,-8.154412,2.333435,-8.060919,-3.663989,-3.635479,-1.858017,8064.000000,0.000000,4.000000,,,,0.000000,4.000000,4.000000,4.000000,4.000000,4.000000,4.000000,4.000000,4.000000,4.000000,4.000000,4.000000,4.000000,4.000000,4.000000,4.000000,4.000000,4.000000,4.000000,2.000000,4.000000,4.000000,4.000000,4.000000,4.000000,4.000000,4.000000,4.000000,4.000000,4.000000,4.000000,4.000000,4.000000,83.333336
1614076744.969068,110.000000,0.000000,-6.256517,-4.414387,0.541921,-9.959898,4.823402,-3.528661,-8.549996,-0.945723,-10.617956,-1.626690,-6.360546,-2.158029,-16.203566,-6.743576,-27.314011,47.471134,-12.627294,-107.636795,7.799364,-163.951828,-74.213898,-8.440269,-7.277655,-5.314673,-6.860136,-0.826013,-9.171899,2.331101,-7.540038,-3.660325,-3.631844,-1.856159,8064.000000,0.000000,4.000000,,,,0.000000,4.000000,4.000000,4.000000,4.000000,4.000000,4.000000,4.000000,4.000000,4.000000,4.000000,4.000000,4.000000,4.000000,4.000000,4.000000,4.000000,4.000000,4.000000,2.000000,4.000000,4.000000,4.000000,4.000000,4.000000,4.000000,4.000000,4.000000,4.000000,4.000000,4.000000,4.000000,4.000000,83.333336
1614076744.976817,111.000000,0.000000,-6.250260,-4.409973,-0.484262,-9.437118,-0.822447,-1.986671,-8.028625,-0.944778,-12.145800,-1.625063,-5.841365,-2.668692,-13.623260,-12.890678,-20.620029,36.654434,-13.127487,-137.272751,2.663359,-161.223770,-74.652504,-12.021572,-7.270378,-4.796538,-9.930199,-0.825187,-8.649906,2.328770,-7.532497,-3.143844,-3.628212,-2.367124,8064.000000,0.000000,4.000000,,,,0.000000,4.000000,4.000000,4.000000,4.000000,4.000000,4.000000,4.000000,4.000000,4.000000,4.000000,4.000000,4.000000,4.000000,4.000000,4.000000,4.000000,4.000000,4.000000,2.000000,4.000000,4.000000,4.000000,4.000000,4.000000,4.000000,4.000000,4.000000,4.000000,4.000000,4.000000,4.000000,4.000000,83.333336
1614076744.984466,112.000000,0.000000,-6.244010,-4.405563,-2.022239,-10.966142,-4.411368,-2.497505,-8.533418,-0.943833,-14.184936,-6.751643,-5.835524,-2.153202,-16.173738,-18.518814,-23.676332,10.463933,-16.704103,-169.443161,-1.441869,-165.165115,-74.577850,-24.317242,-7.775928,-4.791741,-14.535653,-0.824362,-8.641256,2.326442,-7.524965,-3.140700,-3.624584,-4.416039,8064.000000,0.000000,4.000000,,,,0.000000,4.000000,4.000000,4.000000,4.000000,4.000000,4.000000,4.000000,4.000000,4.000000,4.000000,4.000000,4.000000,4.000000,4.000000,4.000000,4.000000,4.000000,4.000000,2.000000,4.000000,4.000000,4.000000,4.000000,4.000000,4.000000,4.000000,4.000000,4.000000,4.000000,4.000000,4.000000,4.000000,83.333336
1614076744.992215,113.000000,0.000000,-6.237766,-4.401157,-3.558679,-13.519279,-5.432597,-2.495008,-8.012063,-0.942889,-14.683572,-12.385917,-5.829688,-2.151049,-17.696026,-16.961834,-28.268042,6.863726,-10.533552,-137.991669,2.662138,-164.999939,-74.503273,-15.574977,-7.255332,-4.786950,-15.546759,-0.823537,-9.145435,2.324115,-5.978979,-3.137560,-3.620959,-5.950084,8064.000000,0.000000,4.000000,,,,0.000000,4.000000,4.000000,4.000000,4.000000,4.000000,4.000000,4.000000,4.000000,4.000000,4.000000,4.000000,4.000000,4.000000,4.000000,4.000000,4.000000,4.000000,4.000000,2.000000,4.000000,4.000000,4.000000,4.000000,4.000000,4.000000,4.000000,4.000000,4.000000,4.000000,4.000000,4.000000,4.000000,83.333336
1614076744.999864,114.000000,0.000000,-6.231528,-4.396756,-4.580761,-14.018579,-4.914344,-2.492512,-5.439949,0.596515,-12.104785,-11.347890,-6.336679,-2.148898,-18.191151,-23.611538,-27.726952,15.574811,-3.856352,-105.033173,5.736398,-163.809311,-74.941589,-6.328632,-7.248076,-4.782163,-15.018392,-1.335534,-8.623469,2.321791,-3.921717,-3.134422,-3.617338,-6.456954,8064.000000,0.000000,4.000000,,,,0.000000,4.000000,4.000000,4.000000,4.000000,4.000000,4.000000,4.000000,4.000000,4.000000,4.000000,4.000000,4.000000,4.000000,4.000000,4.000000,4.000000,4.000000,4.000000,2.000000,4.000000,4.000000,4.000000,4.000000,4.000000,4.000000,4.000000,4.000000,4.000000,4.000000,4.000000,4.000000,4.000000,83.333336
1614076745.007713,115.000000,0.000000,-6.225297,-4.392359,-3.037719,-13.491740,-1.832507,-2.490020,-3.896047,3.672842,-10.554219,-8.772440,-5.817522,-2.146749,-17.147318,-32.818695,-27.186405,9.918210,-3.852496,-137.235825,-5.038569,-164.158310,-74.353828,-22.219740,-7.240828,-4.777380,-15.003373,-0.821378,-8.614846,2.319469,-3.404975,-3.131288,-3.613721,-6.450498,8064.000000,0.000000,4.000000,,,,0.000000,4.000000,4.000000,4.000000,4.000000,4.000000,4.000000,4.000000,4.000000,4.000000,4.000000,4.000000,4.000000,4.000000,4.000000,4.000000,4.000000,4.000000,4.000000,2.000000,4.000000,4.000000,4.000000,4.000000,4.000000,4.000000,4.000000,4.000000,4.000000,4.000000,4.000000,4.000000,4.000000,83.333336
1614076745.015462,116.000000,0.000000,-6.219071,-4.387967,1.580703,-13.478249,-0.292213,-1.974710,-3.892151,3.156349,-10.543665,-9.789309,-5.298883,-2.144603,-15.078890,-29.708954,-28.184860,10.421112,-4.874285,-162.739624,-17.854044,-164.506973,-74.279472,-32.966751,-7.233587,-4.772603,-15.501190,-0.307736,-8.606232,2.317150,-3.914391,-3.128156,-3.610107,-5.931226,8064.000000,0.000000,4.000000,,,,0.000000,4.000000,4.000000,4.000000,4.000000,4.000000,4.000000,4.000000,4.000000,4.000000,4.000000,4.000000,4.000000,4.000000,4.000000,4.000000,4.000000,4.000000,4.000000,2.000000,4.000000,4.000000,4.000000,4.000000,4.000000,4.000000,4.000000,4.000000,4.000000,4.000000,4.000000,4.000000,4.000000,83.333336
1614076745.023311,117.000000,0.000000,-5.700032,-4.383579,4.143225,-13.977591,-3.368844,-4.024017,-4.401080,-1.462192,-10.533121,-10.292339,-8.370507,-2.142458,-14.038170,-26.089502,-26.618214,26.308126,-3.843769,-129.756363,-13.220804,-164.855286,-75.230835,-14.985066,-7.226354,-4.255010,-15.485689,-2.358711,-8.597625,2.314833,-3.910476,-3.125028,-3.606497,-6.438116,8064.000000,0.000000,4.000000,,,,0.000000,4.000000,4.000000,4.000000,4.000000,4.000000,4.000000,4.000000,4.000000,4.000000,4.000000,4.000000,4.000000,4.000000,4.000000,4.000000,4.000000,4.000000,4.000000,2.000000,4.000000,4.000000,4.000000,4.000000,4.000000,4.000000,4.000000,4.000000,4.000000,4.000000,4.000000,4.000000,4.000000,83.333336
1614076745.031060,118.000000,0.000000,-7.745614,-4.379195,2.600621,-13.963614,-3.365475,-6.071275,-4.396678,-4.537653,-10.522588,-8.743586,-8.874958,-2.140315,-14.024132,-24.524950,-24.027493,37.563869,-3.839926,-103.472763,1.664211,-163.664795,-72.078682,-2.662389,-7.219127,-5.789217,-14.957383,-4.407634,-8.589027,2.312518,-3.906566,-3.634724,-3.602891,-7.457319,8064.000000,0.000000,4.000000,,,,0.000000,4.000000,4.000000,4.000000,4.000000,4.000000,4.000000,4.000000,4.000000,4.000000,4.000000,4.000000,4.000000,4.000000,4.000000,4.000000,4.000000,4.000000,4.000000,2.000000,4.000000,4.000000,4.000000,4.000000,4.000000,4.000000,4.000000,4.000000,4.000000,4.000000,4.000000,4.000000,4.000000,83.333336
1614076745.038909,119.000000,0.000000,-9.789150,-4.374816,4.649302,-11.385547,3.817378,-6.578024,-3.879461,-4.533115,-10.512065,-6.683560,-4.763519,-1.625355,-14.010107,-13.218374,-22.977823,35.475025,-4.348906,-108.497498,11.406137,-162.475494,-66.365578,-17.018702,-7.211908,-3.732145,-12.378323,-2.351944,-8.580439,2.310205,-3.902659,-2.092628,-3.599288,-2.321656,8064.000000,0.000000,4.000000,,,,0.000000,4.000000,4.000000,4.000000,4.000000,4.000000,4.000000,4.000000,4.000000,4.000000,4.000000,4.000000,4.000000,4.000000,4.000000,4.000000,4.000000,4.000000,4.000000,2.000000,4.000000,4.000000,4.000000,4.000000,4.000000,4.000000,4.000000,4.000000,4.000000,4.000000,4.000000,4.000000,4.000000,83.333336
1614076745.046658,120.000000,0.000000,-9.779361,-4.370441,7.208755,-8.810059,7.403304,-6.058626,-4.388402,-5.554224,-10.501554,-5.138415,-1.681832,-2.136550,-13.996098,-6.025669,-25.006128,22.619038,-4.344557,-114.542847,9.343449,-164.364288,-61.683826,-23.668348,-7.204696,-0.651490,-10.827483,-0.298310,-8.059037,2.307895,-3.898757,0.473568,-3.595689,3.834512,8064.000000,0.000000,4.000000,,,,0.000000,4.000000,4.000000,4.000000,4.000000,4.000000,4.000000,4.000000,4.000000,4.000000,4.000000,4.000000,4.000000,4.000000,4.000000,4.000000,4.000000,4.000000,4.000000,2.000000,4.000000,4.000000,4.000000,4.000000,4.000000,4.000000,4.000000,4.000000,4.000000,4.000000,4.000000,4.000000,4.000000,83.333336
1614076745.054507,121.000000,0.000000,-9.769582,-4.878891,6.175906,-11.365352,6.370260,-6.565387,-6.948117,-8.625592,-10.491052,-6.158917,-1.680150,-4.698516,-13.469280,-6.019643,-22.417019,25.160521,-4.340213,-112.889839,6.770003,-160.097366,-59.058041,-4.157501,-7.197492,-4.753403,-11.329476,-2.349294,-10.102261,2.305587,-4.407679,0.985915,-4.104913,4.856318,8064.000000,0.000000,4.000000,,,,0.000000,4.000000,4.000000,4.000000,4.000000,4.000000,4.000000,4.000000,4.000000,4.000000,4.000000,4.000000,4.000000,4.000000,4.000000,4.000000,4.000000,4.000000,4.000000,2.000000,4.000000,4.000000,4.000000,4.000000,4.000000,4.000000,4.000000,4.000000,4.000000,4.000000,4.000000,4.000000,4.000000,83.333336
1614076745.062256,122.000000,0.000000,-9.759812,-4.361192,9.246653,-8.789884,5.851069,-6.046001,-8.479630,-8.616967,-10.480560,-5.127118,1.398453,-5.719458,-10.378888,2.191505,-11.112551,53.340488,-3.823052,-100.469261,10.865797,-146.603943,-60.537445,6.103067,-6.677474,-7.312752,-10.805326,-4.911047,-11.630620,2.303282,-3.890450,0.472108,-3.587988,7.928385,8064.000000,0.000000,4.000000,,,,0.000000,4.000000,4.000000,4.000000,4.000000,4.000000,4.000000,4.000000,4.000000,4.000000,4.000000,4.000000,4.000000,4.000000,4.000000,4.000000,4.000000,4.000000,4.000000,2.000000,4.000000,4.000000,4.000000,4.000000,4.000000,4.000000,4.000000,4.000000,4.000000,4.000000,4.000000,4.000000,4.000000,83.333336
1614076745.070105,123.000000,0.000000,-9.750052,-2.305549,18.980995,1.988137,6.870859,-3.988673,-7.958330,-8.095530,-10.470080,-1.532247,2.422696,-5.713739,-9.855689,2.702134,-8.024515,54.312790,-4.844870,-100.368790,10.342111,-143.893234,-65.092293,-10.313293,-7.696437,-2.177234,-10.794520,-4.393316,-13.157451,2.300978,-1.322457,0.471636,-1.020297,14.587123,8064.000000,0.000000,4.000000,,,,0.000000,4.000000,4.000000,4.000000,4.000000,4.000000,4.000000,4.000000,4.000000,4.000000,4.000000,4.000000,4.000000,4.000000,4.000000,4.000000,4.000000,4.000000,4.000000,2.000000,4.000000,4.000000,4.000000,4.000000,4.000000,4.000000,4.000000,4.000000,4.000000,4.000000,4.000000,4.000000,4.000000,83.333336
1614076745.077854,124.000000,0.000000,-10.253123,-0.764782,23.064579,3.011790,6.351168,-1.933403,-7.950372,-9.625896,-10.459610,-2.556355,1.394632,-5.708025,-10.871474,-10.633902,-16.221619,22.463604,-7.916948,-124.883804,1.100999,-158.108307,-67.078484,-20.559389,-7.175920,-3.713518,-11.809367,-4.901743,-12.631473,2.298677,-0.808314,0.471165,0.006364,16.110998,8064.000000,0.000000,4.000000,,,,0.000000,4.000000,4.000000,4.000000,4.000000,4.000000,4.000000,4.000000,4.000000,4.000000,4.000000,4.000000,4.000000,4.000000,4.000000,4.000000,4.000000,4.000000,4.000000,2.000000,4.000000,4.000000,4.000000,4.000000,4.000000,4.000000,4.000000,4.000000,4.000000,4.000000,4.000000,4.000000,4.000000,83.333336
1614076745.085703,125.000000,0.000000,-9.730049,-0.764017,21.503054,-1.606606,6.344816,-2.444290,-8.455241,-6.539346,-10.449150,-5.117902,2.931699,-5.189497,-8.296500,-12.161729,-17.231039,23.979601,-7.909031,-132.964050,-3.515486,-166.155334,-65.985764,-11.308061,-6.655924,-12.427753,-10.771916,-4.896842,-11.080379,2.296379,-0.294685,-0.042127,0.006358,16.094887,8064.000000,0.000000,4.000000,,,,0.000000,4.000000,4.000000,4.000000,4.000000,4.000000,4.000000,4.000000,4.000000,4.000000,4.000000,4.000000,4.000000,4.000000,4.000000,4.000000,4.000000,4.000000,4.000000,2.000000,4.000000,4.000000,4.000000,4.000000,4.000000,4.000000,4.000000,4.000000,4.000000,4.000000,4.000000,4.000000,4.000000,83.333336
1614076745.093453,126.000000,0.000000,-9.207499,-0.763253,21.481550,2.497564,6.338471,-2.441846,-7.933966,-3.968704,-10.438702,-4.599963,-1.173797,-6.209948,-11.877947,-12.149568,-22.342012,32.673573,-6.875481,-130.266983,-7.101715,-164.963531,-66.432594,-12.835215,-8.700550,-12.415326,-10.761145,-4.379124,-14.146222,2.294082,0.731250,0.470735,0.006351,19.155714,8064.000000,0.000000,4.000000,,,,0.000000,4.000000,4.000000,4.000000,4.000000,4.000000,4.000000,4.000000,4.000000,4.000000,4.000000,4.000000,4.000000,4.000000,4.000000,4.000000,4.000000,4.000000,4.000000,2.000000,4.000000,4.000000,4.000000,4.000000,4.000000,4.000000,4.000000,4.000000,4.000000,4.000000,4.000000,4.000000,4.000000,83.333336
1614076745.101301,127.000000,0.000000,-10.736753,-2.300951,21.972889,4.033528,6.332133,-2.439404,-8.438852,-10.631402,-10.428263,-10.236389,-14.505957,-8.767840,-26.225044,-33.163059,-42.832493,0.333205,-9.945529,-146.546967,-12.222818,-169.413956,-66.878983,-23.591610,-10.230310,-12.402910,-15.878589,-5.400386,-17.209000,1.778968,-4.397686,-0.042556,-0.506476,17.085278,8064.000000,0.000000,4.000000,,,,0.000000,4.000000,4.000000,4.000000,4.000000,4.000000,4.000000,4.000000,4.000000,4.000000,4.000000,4.000000,4.000000,4.000000,4.000000,4.000000,4.000000,4.000000,4.000000,2.000000,4.000000,4.000000,4.000000,4.000000,4.000000,4.000000,4.000000,4.000000,4.000000,4.000000,4.000000,4.000000,4.000000,83.333336
1614076745.109051,0.000000,0.000000,-8.674734,-4.862753,18.873993,-1.611531,6.325801,-2.436964,-8.430413,-9.595130,-10.417834,-19.456923,-21.158117,-9.784714,-30.814203,-42.873486,-45.353760,-4.795333,-11.474045,-136.144012,-2.979826,-167.706085,-66.299286,-16.388531,-6.630337,-19.057175,-16.375530,-3.343704,-7.961021,2.802830,-6.444571,-0.555334,-0.505969,15.529730,0.000000,210.000000,4.000000,,,,0.000000,4.000000,4.000000,4.000000,4.000000,4.000000,4.000000,4.000000,4.000000,4.000000,4.000000,4.000000,4.000000,4.000000,4.000000,4.000000,4.000000,4.000000,4.000000,2.000000,4.000000,4.000000,4.000000,4.000000,4.000000,4.000000,4.000000,4.000000,4.000000,4.000000,4.000000,4.000000,4.000000,83.333336
1614076745.116700,1.000000,0.000000,-3.537854,-4.345069,17.829477,1.979824,6.832296,-2.434527,-5.345060,4.260619,-10.407416,-16.360542,-16.008755,-8.749289,-20.014158,-23.343433,-28.898151,28.029974,-8.385648,-104.212997,10.869308,-158.307602,-66.232986,-4.064450,-2.521142,-15.448374,-7.641207,4.864769,4.867453,4.851309,3.305464,5.086247,3.597101,23.206509,0.000000,198.000000,4.000000,,,,0.000000,4.000000,4.000000,4.000000,4.000000,4.000000,4.000000,4.000000,4.000000,4.000000,4.000000,4.000000,4.000000,4.000000,4.000000,4.000000,4.000000,4.000000,4.000000,2.000000,4.000000,4.000000,4.000000,4.000000,4.000000,4.000000,4.000000,4.000000,4.000000,4.000000,4.000000,4.000000,4.000000,83.333336
1614076745.124449,2.000000,0.000000,-3.021496,-1.776622,17.811647,8.644511,6.825463,-1.919272,-1.237151,2.717897,-10.397009,-8.139053,-12.403002,-10.279000,-19.481323,-13.063679,-37.074383,25.437841,-9.915724,-120.519043,0.602028,-164.815964,-66.166756,-9.188591,-5.082724,-5.689335,-3.531001,11.013750,4.862586,6.384919,12.020107,11.235007,7.696068,26.260225,0.000000,183.000000,4.000000,,,,0.000000,4.000000,4.000000,4.000000,4.000000,4.000000,4.000000,4.000000,4.000000,4.000000,4.000000,4.000000,4.000000,4.000000,4.000000,4.000000,4.000000,4.000000,4.000000,2.000000,4.000000,4.000000,4.000000,4.000000,4.000000,4.000000,4.000000,4.000000,4.000000,4.000000,4.000000,4.000000,4.000000,83.333336
1614076745.132098,3.000000,0.000000,-6.095397,-0.749204,17.281015,6.071764,5.280176,-2.942994,-0.210273,-8.054051,-10.386612,-9.669375,-13.416240,-12.832824,-29.718252,-18.691641,-54.473206,-6.895288,-14.521193,-147.065186,-15.296010,-175.420380,-66.613411,-16.871710,-7.128923,-3.632364,-4.040291,10.489916,1.267979,5.865714,8.931164,12.249413,7.688372,18.541656,0.000000,189.000000,4.000000,,,,0.000000,4.000000,4.000000,4.000000,4.000000,4.000000,4.000000,4.000000,4.000000,4.000000,4.000000,4.000000,4.000000,4.000000,4.000000,4.000000,4.000000,4.000000,4.000000,2.000000,4.000000,4.000000,4.000000,4.000000,4.000000,4.000000,4.000000,4.000000,4.000000,4.000000,4.000000,4.000000,4.000000,83.333336
1614076745.139847,4.000000,0.000000,-6.089302,-0.748455,18.802197,4.527231,3.736435,-2.427231,-0.722883,-1.379331,-10.376225,-12.736629,-13.402823,-11.281529,-23.534689,-18.160130,-41.085396,-1.760187,-16.045134,-134.097610,-14.255073,-165.501373,-65.008331,-13.265095,-3.532051,-5.167193,-0.959327,9.966605,4.343634,6.372669,5.845310,10.698702,7.167863,14.933372,0.000000,191.000000,4.000000,,,,0.000000,4.000000,4.000000,4.000000,4.000000,4.000000,4.000000,4.000000,4.000000,4.000000,4.000000,4.000000,4.000000,4.000000,4.000000,4.000000,4.000000,4.000000,4.000000,2.000000,4.000000,4.000000,4.000000,4.000000,4.000000,4.000000,4.000000,4.000000,4.000000,4.000000,4.000000,4.000000,4.000000,83.333336
1614076745.147496,5.000000,0.000000,-6.083213,-0.747707,16.732113,4.009883,2.707057,-1.911983,-0.209340,1.698971,-9.853028,-12.211072,-12.363780,-8.706145,-12.229102,-18.141968,-25.146875,13.113368,-15.003447,-129.860947,-10.651074,-155.592270,-64.943321,-9.662086,0.061225,-4.136385,-1.471189,11.495100,1.775188,6.366296,7.377926,11.713645,7.673515,15.431259,0.000000,181.000000,4.000000,,,,0.000000,4.000000,4.000000,4.000000,4.000000,4.000000,4.000000,4.000000,4.000000,4.000000,4.000000,4.000000,4.000000,4.000000,4.000000,4.000000,4.000000,4.000000,4.000000,2.000000,4.000000,4.000000,4.000000,4.000000,4.000000,4.000000,4.000000,4.000000,4.000000,4.000000,4.000000,4.000000,4.000000,83.333336
1614076745.155245,6.000000,0.000000,-5.564309,-0.746959,9.023072,-3.173614,-2.936676,-5.499815,-0.721951,-9.584779,-11.894458,-13.224503,-12.351416,-9.723081,-14.268155,-21.200750,-27.685831,12.074614,-14.988443,-133.320831,-10.640423,-157.487961,-68.980942,-12.216526,0.573984,-4.132248,-7.110743,9.945144,-0.790690,4.821468,7.370548,11.701931,7.153021,8.749161,0.000000,187.000000,4.000000,,,,0.000000,4.000000,4.000000,4.000000,4.000000,4.000000,4.000000,4.000000,4.000000,4.000000,4.000000,4.000000,4.000000,4.000000,4.000000,4.000000,4.000000,4.000000,4.000000,2.000000,4.000000,4.000000,4.000000,4.000000,4.000000,4.000000,4.000000,4.000000,4.000000,4.000000,4.000000,4.000000,4.000000,83.333336
1614076745.162895,7.000000,0.000000,-0.943360,-0.746212,5.937126,-6.760184,-8.061944,-9.084058,-0.208408,-4.446989,-13.933846,-10.647175,-12.339065,-8.174895,-10.664144,-14.000062,-19.453018,27.447153,-11.383711,-116.264435,-6.014398,-152.715088,-67.886322,-10.153028,0.060590,-4.128116,-5.565171,10.448019,6.902409,6.355108,6.850357,10.664588,6.633048,3.099386,0.000000,155.000000,4.000000,,,,0.000000,4.000000,4.000000,4.000000,4.000000,4.000000,4.000000,4.000000,4.000000,4.000000,4.000000,4.000000,4.000000,4.000000,4.000000,4.000000,4.000000,4.000000,4.000000,2.000000,4.000000,4.000000,4.000000,4.000000,4.000000,4.000000,4.000000,4.000000,4.000000,4.000000,4.000000,4.000000,4.000000,83.333336
1614076745.170644,8.000000,0.000000,1.621686,-0.745466,9.520933,-3.163680,-6.515420,-7.536512,2.355903,9.403612,-13.919911,-8.585246,-12.326725,-3.038516,3.705495,-3.729651,-6.613052,31.009451,-7.269763,-113.584068,-0.880178,-145.895706,-63.715874,-4.501849,0.573350,-2.072706,0.081420,10.950392,8.433968,8.400035,6.330686,11.166744,7.652056,5.660389,0.000000,178.000000,4.000000,,,,0.000000,4.000000,4.000000,4.000000,4.000000,4.000000,4.000000,4.000000,4.000000,4.000000,4.000000,4.000000,4.000000,4.000000,4.000000,4.000000,4.000000,4.000000,4.000000,2.000000,4.000000,4.000000,4.000000,4.000000,4.000000,4.000000,4.000000,4.000000,4.000000,4.000000,4.000000,4.000000,4.000000,83.333336
1614076745.178293,9.000000,0.000000,-0.944038,-0.744720,8.998591,-5.724619,-3.944803,-5.477694,0.302265,2.214721,-13.905992,-16.268969,-13.340039,-1.497016,-0.400774,-4.751563,-12.760285,9.439980,-7.262494,-120.649971,1.171984,-150.365204,-68.780365,-3.471706,-1.478506,-0.532172,-1.457123,3.759954,-2.856517,2.237789,6.837176,11.155577,5.080301,8.218831,0.000000,208.000000,4.000000,,,,0.000000,4.000000,4.000000,4.000000,4.000000,4.000000,4.000000,4.000000,4.000000,4.000000,4.000000,4.000000,4.000000,4.000000,4.000000,4.000000,4.000000,4.000000,4.000000,2.000000,4.000000,4.000000,4.000000,4.000000,4.000000,4.000000,4.000000,4.000000,4.000000,4.000000,4.000000,4.000000,4.000000,83.333336
1614076745.186042,10.000000,0.000000,-4.532838,-0.743975,6.425490,-9.821459,-4.966499,-6.497858,-4.313422,-5.479801,-13.892086,-23.945007,-13.326699,-1.495519,-16.297810,-7.823734,-19.927011,11.994642,-7.768052,-111.811371,-0.880470,-152.778946,-76.403893,-6.545158,-3.528309,-2.582922,-5.558230,-4.448935,-10.545968,-5.456757,6.830338,10.118780,3.536760,6.672151,0.000000,206.000000,4.000000,,,,0.000000,4.000000,4.000000,4.000000,4.000000,4.000000,4.000000,4.000000,4.000000,4.000000,4.000000,4.000000,4.000000,4.000000,4.000000,4.000000,4.000000,4.000000,4.000000,2.000000,4.000000,4.000000,4.000000,4.000000,4.000000,4.000000,4.000000,4.000000,4.000000,4.000000,4.000000,4.000000,4.000000,83.333336
1614076745.193691,11.000000,0.000000,-5.553946,-0.743231,10.521629,-4.683432,-4.448712,-5.978539,-4.821929,1.705166,-13.878194,-18.792856,-11.774911,-1.494023,-17.819973,-6.277449,-20.932726,21.726236,-6.734643,-123.494431,-9.084718,-155.190262,-77.865944,-7.564254,-3.524781,-4.631621,-4.014210,-3.418844,-7.971320,-0.835915,6.310688,11.647123,8.148607,9.229582,0.000000,199.000000,4.000000,,,,0.000000,4.000000,4.000000,4.000000,4.000000,4.000000,4.000000,4.000000,4.000000,4.000000,4.000000,4.000000,4.000000,4.000000,4.000000,4.000000,4.000000,4.000000,4.000000,2.000000,4.000000,4.000000,4.000000,4.000000,4.000000,4.000000,4.000000,4.000000,4.000000,4.000000,4.000000,4.000000,4.000000,83.333336
1614076745.201440,12.000000,0.000000,-6.061213,-0.742488,15.126492,1.987918,-1.367340,-2.895637,-3.791466,1.190640,-13.864315,-15.184320,-15.352880,-7.133555,-18.314974,-6.271172,-33.732307,1.704511,-10.317652,-139.781189,-10.614095,-166.317123,-77.275261,-9.607971,-3.521256,-4.626989,-0.420452,-0.338503,-5.912066,6.344408,7.330018,16.250860,14.294305,13.322916,0.000000,189.000000,4.000000,,,,0.000000,4.000000,4.000000,4.000000,4.000000,4.000000,4.000000,4.000000,4.000000,4.000000,4.000000,4.000000,4.000000,4.000000,4.000000,4.000000,4.000000,4.000000,4.000000,2.000000,4.000000,4.000000,4.000000,4.000000,4.000000,4.000000,4.000000,4.000000,4.000000,4.000000,4.000000,4.000000,4.000000,83.333336
1614076745.209089,13.000000,0.000000,-6.055151,-0.741746,14.598545,1.473109,-0.340332,-1.867101,-5.838957,-8.041320,-13.850451,-17.220419,-20.465733,-13.280268,-27.527428,-7.290542,-46.519085,2.728447,-14.922718,-117.590134,1.191391,-170.766190,-69.505676,-10.624004,-3.517735,-5.648003,-0.932852,-1.876626,-5.393334,6.338064,9.373970,18.798712,14.792831,14.335234,0.000000,204.000000,4.000000,,,,0.000000,4.000000,4.000000,4.000000,4.000000,4.000000,4.000000,4.000000,4.000000,4.000000,4.000000,4.000000,4.000000,4.000000,4.000000,4.000000,4.000000,4.000000,4.000000,2.000000,4.000000,4.000000,4.000000,4.000000,4.000000,4.000000,4.000000,4.000000,4.000000,4.000000,4.000000,4.000000,4.000000,83.333336
1614076745.216838,14.000000,0.000000,-6.049096,-0.741004,14.071126,0.445995,-0.852812,-2.378054,-7.884400,-9.571740,-13.836600,-12.074992,-14.804241,-13.266987,-24.935799,-1.129405,-40.318722,34.007771,-15.420616,-109.267410,7.856866,-159.826187,-55.077198,-8.562099,-3.514217,-3.591073,-0.419099,1.714995,-4.875120,5.306085,10.903058,18.779913,13.752398,17.910643,0.000000,204.000000,4.000000,,,,0.000000,4.000000,4.000000,4.000000,4.000000,4.000000,4.000000,4.000000,4.000000,4.000000,4.000000,4.000000,4.000000,4.000000,4.000000,4.000000,4.000000,4.000000,4.000000,2.000000,4.000000,4.000000,4.000000,4.000000,4.000000,4.000000,4.000000,4.000000,4.000000,4.000000,4.000000,4.000000,4.000000,83.333336
1614076745.224488,15.000000,0.000000,-6.043047,-0.740263,14.569875,1.471190,-0.851959,-2.375676,-8.389336,-7.510886,-13.822764,-4.883430,-3.507385,-13.253720,-14.141631,5.025571,-31.560453,31.409660,-15.405195,-130.183792,6.823369,-151.461243,-49.381096,-6.502254,-3.510703,2.566364,8.299269,8.892767,-4.870245,6.326419,10.379334,21.325237,14.764286,24.559399,0.000000,202.000000,4.000000,,,,0.000000,4.000000,4.000000,4.000000,4.000000,4.000000,4.000000,4.000000,4.000000,4.000000,4.000000,4.000000,4.000000,4.000000,4.000000,4.000000,4.000000,4.000000,4.000000,2.000000,4.000000,4.000000,4.000000,4.000000,4.000000,4.000000,4.000000,4.000000,4.000000,4.000000,4.000000,4.000000,4.000000,83.333336
1614076745.232337,16.000000,0.000000,-6.037004,-0.739523,15.068126,1.469719,-0.851107,-1.860480,-7.868126,-8.016196,-13.808941,-4.365726,-0.426955,-13.753287,-12.589028,3.994904,-26.913509,19.583378,-15.389791,-116.720268,16.560135,-152.335419,-49.331715,-8.034214,-3.507192,6.666362,14.957636,10.935156,-4.865375,6.320093,10.368955,22.842373,14.749521,27.611763,0.000000,202.000000,4.000000,,,,0.000000,4.000000,4.000000,4.000000,4.000000,4.000000,4.000000,4.000000,4.000000,4.000000,4.000000,4.000000,4.000000,4.000000,4.000000,4.000000,4.000000,4.000000,4.000000,2.000000,4.000000,4.000000,4.000000,4.000000,4.000000,4.000000,4.000000,4.000000,4.000000,4.000000,4.000000,4.000000,4.000000,83.333336
1614076745.240086,17.000000,0.000000,-6.030967,-0.738783,14.027416,1.981070,-0.337435,-1.858619,-5.808976,-8.008180,-13.795133,-5.387002,-2.477810,-7.072867,-13.089260,0.913986,-20.732750,41.102257,-12.810298,-94.039444,20.133318,-152.183090,-52.359306,-7.513359,-3.503685,6.659696,11.352935,10.411401,-5.373330,5.800952,10.358586,20.255428,13.196311,27.071329,0.000000,196.000000,4.000000,,,,0.000000,4.000000,4.000000,4.000000,4.000000,4.000000,4.000000,4.000000,4.000000,4.000000,4.000000,4.000000,4.000000,4.000000,4.000000,4.000000,4.000000,4.000000,4.000000,2.000000,4.000000,4.000000,4.000000,4.000000,4.000000,4.000000,4.000000,4.000000,4.000000,4.000000,4.000000,4.000000,4.000000,83.333336
1614076745.247935,18.000000,0.000000,-6.024936,-0.738044,7.346723,-0.585014,-0.849918,-3.395222,-4.264706,-8.512992,-13.781337,-5.381615,-1.449691,1.652155,-9.999248,-3.189492,-17.635094,43.112438,-11.259027,-116.509506,-3.989379,-149.979614,-66.665916,-5.967384,-3.500181,6.653036,6.726197,8.862528,-4.855136,5.795151,10.348228,17.671070,11.131832,23.967335,0.000000,204.000000,4.000000,,,,0.000000,4.000000,4.000000,4.000000,4.000000,4.000000,4.000000,4.000000,4.000000,4.000000,4.000000,4.000000,4.000000,4.000000,4.000000,4.000000,4.000000,4.000000,4.000000,2.000000,4.000000,4.000000,4.000000,4.000000,4.000000,4.000000,4.000000,4.000000,4.000000,4.000000,4.000000,4.000000,4.000000,83.333336
1614076745.255684,19.000000,0.000000,-6.531732,-0.737306,3.749632,-3.148531,-2.900351,-5.443109,-4.260441,-7.991659,-13.767556,-5.889054,-0.935421,2.676144,-8.963607,-11.391431,-18.130280,11.787272,-10.734946,-142.034027,-26.036673,-150.855286,-79.932587,-10.063981,-3.496681,3.056639,6.206651,6.289562,-5.363101,5.789356,10.337879,17.653399,10.095059,20.353624,0.000000,198.000000,4.000000,,,,0.000000,4.000000,4.000000,4.000000,4.000000,4.000000,4.000000,4.000000,4.000000,4.000000,4.000000,4.000000,4.000000,4.000000,4.000000,4.000000,4.000000,4.000000,4.000000,2.000000,4.000000,4.000000,4.000000,4.000000,4.000000,4.000000,4.000000,4.000000,4.000000,4.000000,4.000000,4.000000,4.000000,83.333336
1614076745.263533,20.000000,0.000000,-5.499559,-0.736569,4.771523,-1.606921,-4.435912,-5.950487,-4.769001,-4.393923,-13.753788,-4.344703,-2.985768,1.647826,-8.441823,-18.046705,-18.624969,4.083178,-6.621647,-132.661224,-9.600379,-151.730072,-75.237267,-15.182122,-3.493185,-3.100264,6.200444,6.796093,-4.844918,5.783567,10.327541,18.661386,11.110605,19.307631,0.000000,191.000000,4.000000,,,,0.000000,4.000000,4.000000,4.000000,4.000000,4.000000,4.000000,4.000000,4.000000,4.000000,4.000000,4.000000,4.000000,4.000000,4.000000,4.000000,4.000000,4.000000,4.000000,2.000000,4.000000,4.000000,4.000000,4.000000,4.000000,4.000000,4.000000,4.000000,4.000000,4.000000,4.000000,4.000000,4.000000,83.333336
1614076745.271282,21.000000,0.000000,-2.929957,-0.735833,-2.412735,-3.143776,-3.918655,-7.482997,-4.251411,-4.902350,-13.740034,-6.904461,-5.546885,2.671820,-11.510304,-19.054300,-22.708908,14.335505,-2.512462,-118.682404,16.563068,-150.039871,-65.931267,-10.038734,-3.489691,-2.584343,9.783987,9.353400,0.800953,5.777783,10.830034,18.642725,11.612315,17.749861,0.000000,203.000000,4.000000,,,,0.000000,4.000000,4.000000,4.000000,4.000000,4.000000,4.000000,4.000000,4.000000,4.000000,4.000000,4.000000,4.000000,4.000000,4.000000,4.000000,4.000000,4.000000,4.000000,2.000000,4.000000,4.000000,4.000000,4.000000,4.000000,4.000000,4.000000,4.000000,4.000000,4.000000,4.000000,4.000000,4.000000,83.333336
1614076745.279131,22.000000,0.000000,-1.901386,-0.222276,-11.641091,-10.832940,-4.427557,-10.039618,-4.247160,-12.076935,-13.726295,-12.538582,-6.054158,-0.407775,-20.216743,-18.522425,-26.788763,13.295528,-5.074052,-127.281677,3.725992,-155.018036,-64.839691,-4.900491,-3.486202,2.033626,17.979332,9.856867,6.441177,5.772006,10.819204,17.085621,9.036600,12.091085,0.000000,189.000000,4.000000,,,,0.000000,4.000000,4.000000,4.000000,4.000000,4.000000,4.000000,4.000000,4.000000,4.000000,4.000000,4.000000,4.000000,4.000000,4.000000,4.000000,4.000000,4.000000,4.000000,2.000000,4.000000,4.000000,4.000000,4.000000,4.000000,4.000000,4.000000,4.000000,4.000000,4.000000,4.000000,4.000000,4.000000,83.333336
1614076745.286880,23.000000,0.000000,-2.412305,-0.734874,-5.988425,-13.899030,-4.423130,-9.003937,-4.755733,-11.039217,-13.712568,-6.372198,-5.535284,-5.535573,-24.811911,-17.991083,-34.454281,8.154028,-11.735644,-148.180038,-23.457222,-170.760452,-65.800491,-15.152000,-3.482715,3.057234,22.063915,9.847010,5.409095,5.766233,9.782743,21.683920,6.976282,10.540532,0.000000,196.000000,4.000000,,,,0.000000,4.000000,4.000000,4.000000,4.000000,4.000000,4.000000,4.000000,4.000000,4.000000,4.000000,4.000000,4.000000,4.000000,4.000000,4.000000,4.000000,4.000000,4.000000,2.000000,4.000000,4.000000,4.000000,4.000000,4.000000,4.000000,4.000000,4.000000,4.000000,4.000000,4.000000,4.000000,4.000000,83.333336
1614076745.294729,24.000000,0.000000,-2.409893,-0.734140,0.684230,-9.269746,-2.880245,-6.430830,-3.212516,-0.258947,-13.186035,4.916226,-5.529748,-6.042858,-25.812740,-18.485912,-49.804443,-0.059255,-15.826473,-141.365189,-9.587610,-179.820465,-64.709053,-27.444540,-3.479233,1.515715,21.529032,12.914086,6.429327,5.760468,10.798602,26.790442,8.507767,13.094094,0.000000,197.000000,4.000000,,,,0.000000,4.000000,4.000000,4.000000,4.000000,4.000000,4.000000,4.000000,4.000000,4.000000,4.000000,4.000000,4.000000,4.000000,4.000000,4.000000,4.000000,4.000000,4.000000,2.000000,4.000000,4.000000,4.000000,4.000000,4.000000,4.000000,4.000000,4.000000,4.000000,4.000000,4.000000,4.000000,4.000000,83.333336
1614076745.302478,25.000000,0.000000,-1.894662,-0.220585,-8.547223,-9.260476,-5.954288,-5.398758,-0.645201,2.818235,-13.172849,0.295925,-5.524219,-5.523994,-24.248465,-17.954605,-50.267460,2.504907,-14.785006,-108.403305,17.601465,-173.486801,-63.618702,-21.776070,-3.475754,3.052660,19.969042,13.926813,7.961360,5.754707,10.787804,19.584164,3.883875,8.465616,0.000000,216.000000,4.000000,,,,0.000000,4.000000,4.000000,4.000000,4.000000,4.000000,4.000000,4.000000,4.000000,4.000000,4.000000,4.000000,4.000000,4.000000,4.000000,4.000000,4.000000,4.000000,4.000000,2.000000,4.000000,4.000000,4.000000,4.000000,4.000000,4.000000,4.000000,4.000000,4.000000,4.000000,4.000000,4.000000,4.000000,83.333336
1614076745.310327,26.000000,0.000000,-3.944050,-2.784467,-20.846369,-18.481985,-12.615000,-5.393359,-0.131735,-3.338429,-13.672497,-9.447961,-5.518694,-6.544111,-12.429345,-8.705882,-25.601807,33.271633,-14.770221,-100.089775,3.224889,-167.672287,-64.067902,-15.087627,-3.985098,1.511146,16.872149,10.835963,-1.277371,5.748952,4.623169,7.769707,-7.914881,-0.773619,0.000000,127.000000,4.000000,,,,0.000000,4.000000,4.000000,4.000000,4.000000,4.000000,4.000000,4.000000,4.000000,4.000000,4.000000,4.000000,4.000000,4.000000,4.000000,4.000000,4.000000,4.000000,4.000000,2.000000,4.000000,4.000000,4.000000,4.000000,4.000000,4.000000,4.000000,4.000000,4.000000,4.000000,4.000000,4.000000,4.000000,83.333336
1614076745.318076,27.000000,0.000000,-5.991388,-7.397067,-22.876804,-24.617350,-15.166488,-6.926427,-0.644424,-3.335091,-13.146004,-9.438513,-5.000355,-3.973464,0.403597,3.610517,-8.653129,53.751183,-16.293911,-112.297379,-11.650131,-160.837952,-65.542297,-24.303308,-3.468293,-3.618570,13.778354,9.286666,-7.942760,5.743203,-1.022479,5.710656,-12.522351,-5.901051,0.000000,216.000000,4.000000,,,,0.000000,4.000000,4.000000,4.000000,4.000000,4.000000,4.000000,4.000000,4.000000,4.000000,4.000000,4.000000,4.000000,4.000000,4.000000,4.000000,4.000000,4.000000,4.000000,2.000000,4.000000,4.000000,4.000000,4.000000,4.000000,4.000000,4.000000,4.000000,4.000000,4.000000,4.000000,4.000000,4.000000,83.333336
1614076745.325925,28.000000,0.000000,-6.498217,-8.928131,-21.315466,-24.592731,-16.689783,-9.483603,-0.643780,2.822090,-12.620037,-7.377792,-5.508175,1.158714,2.454475,6.683829,-7.106014,51.133327,-10.123772,-90.646622,12.976904,-141.702759,-59.835728,-23.253365,-1.926363,-4.127772,13.764576,9.790199,1.808772,5.737460,-1.534277,7.756227,-8.407265,-6.407970,0.000000,177.000000,4.000000,,,,0.000000,4.000000,4.000000,4.000000,4.000000,4.000000,4.000000,4.000000,4.000000,4.000000,4.000000,4.000000,4.000000,4.000000,4.000000,4.000000,4.000000,4.000000,4.000000,2.000000,4.000000,4.000000,4.000000,4.000000,4.000000,4.000000,4.000000,4.000000,4.000000,4.000000,4.000000,4.000000,4.000000,83.333336
1614076745.333674,29.000000,0.000000,-5.466077,-7.893562,-23.858253,-23.542498,-21.288477,-9.474120,-0.643136,1.793627,-17.222801,-12.498619,-4.989846,2.696017,2.964842,2.061761,-0.945062,57.236042,1.681224,-77.222641,23.220337,-126.689255,-53.109226,0.872452,1.152487,1.004561,14.263632,9.780410,6.935168,6.244543,-0.507102,6.722830,-7.373216,-6.914382,0.000000,198.000000,4.000000,,,,0.000000,4.000000,4.000000,4.000000,4.000000,4.000000,4.000000,4.000000,4.000000,4.000000,4.000000,4.000000,4.000000,4.000000,4.000000,4.000000,4.000000,4.000000,4.000000,2.000000,4.000000,4.000000,4.000000,4.000000,4.000000,4.000000,4.000000,4.000000,4.000000,4.000000,4.000000,4.000000,4.000000,83.333336
1614076745.341323,30.000000,0.000000,-5.973432,-7.885669,-28.449780,-25.057417,-25.369753,-9.977467,-0.642493,-4.874833,-23.359425,-16.588684,-4.984857,1.667680,-0.115046,-11.273634,-5.559502,45.383934,4.756466,-109.453110,-4.495191,-130.152313,-58.697144,8.051067,3.202616,3.567659,11.172444,9.257809,-4.353818,6.238298,-1.019415,6.203286,-8.391484,-6.907468,0.000000,209.000000,4.000000,,,,0.000000,4.000000,4.000000,4.000000,4.000000,4.000000,4.000000,4.000000,4.000000,4.000000,4.000000,4.000000,4.000000,4.000000,4.000000,4.000000,4.000000,4.000000,4.000000,2.000000,4.000000,4.000000,4.000000,4.000000,4.000000,4.000000,4.000000,4.000000,4.000000,4.000000,4.000000,4.000000,4.000000,83.333336
1614076745.349072,31.000000,0.000000,-6.480279,-8.390604,-29.446970,-24.006720,-26.370024,-14.070053,-0.641850,-8.459702,-24.874527,-16.572096,-8.056795,2.178833,-14.986726,-28.185438,-26.579582,13.030857,1.161966,-141.651352,-17.824030,-140.791382,-68.382034,-14.008266,3.712234,2.025630,6.033067,9.248550,-8.964849,5.206419,-1.018396,6.709904,-5.306170,-6.900561,0.000000,190.000000,4.000000,,,,0.000000,4.000000,4.000000,4.000000,4.000000,4.000000,4.000000,4.000000,4.000000,4.000000,4.000000,4.000000,4.000000,4.000000,4.000000,4.000000,4.000000,4.000000,4.000000,2.000000,4.000000,4.000000,4.000000,4.000000,4.000000,4.000000,4.000000,4.000000,4.000000,4.000000,4.000000,4.000000,4.000000,83.333336
1614076745.356721,32.000000,0.000000,-5.448158,-6.330931,-24.802139,-21.418610,-24.805193,-11.491880,-0.641208,-9.989703,-24.336832,-16.042704,-12.664123,2.176654,-25.740971,-33.285458,-36.809414,-5.956533,0.135163,-133.304565,-7.036974,-148.855728,-68.313652,-22.199387,3.708522,2.023604,5.514214,9.752123,-2.802038,6.226854,-1.017377,6.703194,-0.172658,-6.380839,8064.000000,0.000000,4.000000,,,,0.000000,4.000000,4.000000,4.000000,4.000000,4.000000,4.000000,4.000000,4.000000,4.000000,4.000000,4.000000,4.000000,4.000000,4.000000,4.000000,4.000000,4.000000,4.000000,2.000000,4.000000,4.000000,4.000000,4.000000,4.000000,4.000000,4.000000,4.000000,4.000000,4.000000,4.000000,4.000000,4.000000,83.333336
1614076745.364471,33.000000,0.000000,-6.468350,-3.760498,-19.136311,-19.345909,-22.729105,-3.275260,-0.640567,-11.518175,-24.825315,-16.539482,-13.164279,-0.389625,-25.202408,-30.688070,-34.721321,6.869936,-0.377793,-128.555878,-2.927373,-160.501740,-68.245338,-10.382315,3.704813,3.047222,6.534340,9.742371,-2.799236,6.220627,-0.503540,9.773414,2.904438,-3.810356,8064.000000,0.000000,4.000000,,,,0.000000,4.000000,4.000000,4.000000,4.000000,4.000000,4.000000,4.000000,4.000000,4.000000,4.000000,4.000000,4.000000,4.000000,4.000000,4.000000,4.000000,4.000000,4.000000,2.000000,4.000000,4.000000,4.000000,4.000000,4.000000,4.000000,4.000000,4.000000,4.000000,4.000000,4.000000,4.000000,4.000000,83.333336
1614076745.372120,34.000000,0.000000,-11.077267,-3.756737,-17.578712,-20.352203,-21.680735,-3.784806,-0.639927,-12.019478,-23.774849,-16.010120,-12.638294,-5.004621,-25.690027,-29.631741,-35.199421,17.119476,-3.454338,-123.299118,-3.437266,-165.982269,-68.689911,-13.961676,3.701108,2.531354,4.989345,9.219808,-9.463103,1.599022,0.009784,11.302102,3.927174,-1.755264,8064.000000,0.000000,4.000000,,,,0.000000,4.000000,4.000000,4.000000,4.000000,4.000000,4.000000,4.000000,4.000000,4.000000,4.000000,4.000000,4.000000,4.000000,4.000000,4.000000,4.000000,4.000000,4.000000,2.000000,4.000000,4.000000,4.000000,4.000000,4.000000,4.000000,4.000000,4.000000,4.000000,4.000000,4.000000,4.000000,4.000000,83.333336
1614076745.379869,35.000000,0.000000,-14.143113,-4.265801,-18.073956,-20.331852,-22.171875,-9.422047,-0.639287,-12.520279,-21.699793,-13.430009,-12.625656,-7.563718,-21.561773,-18.832878,-30.548838,37.102356,-4.989346,-95.996330,1.694376,-156.072693,-55.800713,-19.075920,3.184587,2.528823,7.548458,9.723409,-10.992102,-2.505141,-1.528687,9.752338,3.923247,-2.779150,8064.000000,0.000000,4.000000,,,,0.000000,4.000000,4.000000,4.000000,4.000000,4.000000,4.000000,4.000000,4.000000,4.000000,4.000000,4.000000,4.000000,4.000000,4.000000,4.000000,4.000000,4.000000,4.000000,2.000000,4.000000,4.000000,4.000000,4.000000,4.000000,4.000000,4.000000,4.000000,4.000000,4.000000,4.000000,4.000000,4.000000,83.333336
1614076745.387518,36.000000,0.000000,-11.564867,-3.235894,-17.543060,-19.285879,-22.149704,-8.899804,-0.638647,-11.482118,-20.139631,-11.878117,-7.997645,-4.479231,-10.770980,-0.352506,-22.825981,57.578075,-4.471536,-80.515724,3.743964,-143.608932,-39.334656,-1.620946,6.258326,3.039114,17.797319,11.764967,-2.775981,-0.964175,1.549765,12.306688,3.919324,-2.263550,8064.000000,0.000000,4.000000,,,,0.000000,4.000000,4.000000,4.000000,4.000000,4.000000,4.000000,4.000000,4.000000,4.000000,4.000000,4.000000,4.000000,4.000000,4.000000,4.000000,4.000000,4.000000,4.000000,2.000000,4.000000,4.000000,4.000000,4.000000,4.000000,4.000000,4.000000,4.000000,4.000000,4.000000,4.000000,4.000000,4.000000,83.333336
1614076745.395267,37.000000,0.000000,-10.014841,-6.309581,-18.038338,-22.343515,-22.127554,-10.942186,-0.638009,-4.803968,-20.632313,-12.379060,-2.861443,2.191914,-5.632004,6.827333,-17.162128,60.084599,-4.979885,-86.589050,5.278681,-140.901215,-36.218395,16.329393,10.354631,5.087357,24.959009,11.753202,7.483205,2.113713,6.676420,16.909767,3.402584,-2.261286,8064.000000,0.000000,4.000000,,,,0.000000,4.000000,4.000000,4.000000,4.000000,4.000000,4.000000,4.000000,4.000000,4.000000,4.000000,4.000000,4.000000,4.000000,4.000000,4.000000,4.000000,4.000000,4.000000,2.000000,4.000000,4.000000,4.000000,4.000000,4.000000,4.000000,4.000000,4.000000,4.000000,4.000000,4.000000,4.000000,4.000000,83.333336
1614076745.402916,38.000000,0.000000,-9.492005,-11.431477,-20.584402,-26.936558,-22.105427,-19.136372,-0.637371,-0.183780,-20.611679,-12.366680,-1.320120,5.779466,-4.087911,4.769224,-6.375736,66.178360,-1.897982,-87.015282,6.811864,-142.298782,-39.259102,15.800242,11.369918,8.672013,23.395588,9.690166,10.552645,2.111599,4.105641,13.303113,3.399181,-6.361589,8064.000000,0.000000,4.000000,,,,0.000000,4.000000,4.000000,4.000000,4.000000,4.000000,4.000000,4.000000,4.000000,4.000000,4.000000,4.000000,4.000000,4.000000,4.000000,4.000000,4.000000,4.000000,4.000000,2.000000,4.000000,4.000000,4.000000,4.000000,4.000000,4.000000,4.000000,4.000000,4.000000,4.000000,4.000000,4.000000,4.000000,83.333336
1614076745.410665,39.000000,0.000000,-9.995334,-11.932866,-22.102280,-27.935261,-22.083321,-21.681339,-0.636733,-0.696417,-20.078247,-12.867134,-1.831620,5.260866,0.531562,4.764455,-0.215514,60.983978,5.796224,-84.364166,4.753770,-141.130829,-37.681381,14.245981,10.845727,10.714623,20.295271,9.167656,9.516451,1.596667,-4.103592,7.135963,3.908603,-12.509073,8064.000000,0.000000,4.000000,,,,0.000000,4.000000,4.000000,4.000000,4.000000,4.000000,4.000000,4.000000,4.000000,4.000000,4.000000,4.000000,4.000000,4.000000,4.000000,4.000000,4.000000,4.000000,4.000000,2.000000,4.000000,4.000000,4.000000,4.000000,4.000000,4.000000,4.000000,4.000000,4.000000,4.000000,4.000000,4.000000,4.000000,83.333336
1614076745.418315,40.000000,0.000000,-10.498159,-11.408113,-22.080177,-27.394506,-22.574059,-20.121195,-0.636097,0.842741,-18.006887,-12.341447,-2.342609,5.255605,2.582312,2.708408,-1.240940,33.743507,10.918633,-88.382362,9.877222,-140.989700,-37.130878,15.770197,10.834882,7.114165,20.274975,7.620027,10.019755,2.107891,-5.125130,6.103187,2.366233,-14.035027,8064.000000,0.000000,4.000000,,,,0.000000,4.000000,4.000000,4.000000,4.000000,4.000000,4.000000,4.000000,4.000000,4.000000,4.000000,4.000000,4.000000,4.000000,4.000000,4.000000,4.000000,4.000000,4.000000,2.000000,4.000000,4.000000,4.000000,4.000000,4.000000,4.000000,4.000000,4.000000,4.000000,4.000000,4.000000,4.000000,4.000000,83.333336
1614076745.426064,41.000000,0.000000,-6.385097,-12.422345,-21.545277,-26.341471,-23.064304,-20.613895,-1.148281,3.918822,-16.963240,-9.765002,-1.314626,5.763170,1.554089,0.141597,8.503891,46.530277,10.907714,-92.909370,17.046831,-142.387177,-42.734776,10.626222,11.336867,3.004487,21.280340,5.048304,10.009735,2.105783,-0.504620,6.609904,-0.200236,-13.508171,8064.000000,0.000000,4.000000,,,,0.000000,4.000000,4.000000,4.000000,4.000000,4.000000,4.000000,4.000000,4.000000,4.000000,4.000000,4.000000,4.000000,4.000000,4.000000,4.000000,4.000000,4.000000,4.000000,2.000000,4.000000,4.000000,4.000000,4.000000,4.000000,4.000000,4.000000,4.000000,4.000000,4.000000,4.000000,4.000000,4.000000,83.333336
1614076745.433713,42.000000,0.000000,0.287955,-10.358641,-21.523731,-24.263847,-19.451496,-20.593281,-0.634312,2.376441,-16.946276,-8.729596,0.737971,5.244586,2.065356,1.167097,15.674874,79.304260,12.948089,-93.842102,5.234913,-141.731964,-49.358707,6.513031,10.812710,6.591226,20.746241,8.632999,9.999725,2.103677,-0.504116,7.116115,-0.712856,-15.033124,8192.000000,0.000000,4.000000,,,,0.000000,4.000000,4.000000,4.000000,4.000000,4.000000,4.000000,4.000000,4.000000,4.000000,4.000000,4.000000,4.000000,4.000000,4.000000,4.000000,4.000000,4.000000,4.000000,2.000000,4.000000,4.000000,4.000000,4.000000,4.000000,4.000000,4.000000,4.000000,4.000000,4.000000,4.000000,4.000000,4.000000,83.333336
1614076745.441562,43.000000,0.000000,2.338949,-5.220077,-22.015028,-23.213942,-15.842301,-16.982944,1.930425,3.399706,-16.929331,-9.233687,1.762874,5.239342,-2.039274,-1.398173,-1.263878,65.891624,15.499243,-90.158516,-5.539553,-141.590240,-50.847809,8.044979,10.801897,10.174378,19.187033,14.265392,12.041008,2.101573,-2.042073,12.237204,-0.199323,-11.941168,8064.000000,0.000000,4.000000,,,,0.000000,4.000000,4.000000,4.000000,4.000000,4.000000,4.000000,4.000000,4.000000,4.000000,4.000000,4.000000,4.000000,4.000000,4.000000,4.000000,4.000000,4.000000,4.000000,2.000000,4.000000,4.000000,4.000000,4.000000,4.000000,4.000000,4.000000,4.000000,4.000000,4.000000,4.000000,4.000000,4.000000,83.333336
1614076745.449311,44.000000,0.000000,1.310969,-3.676395,-20.967371,-23.703548,-15.313639,-12.350576,3.466956,10.062973,-17.425220,-4.609069,1.761111,5.234102,-8.703901,-1.909595,-19.724152,33.518036,12.919641,-83.914513,15.491628,-141.961472,-46.181576,7.011293,10.791095,9.651383,22.757589,15.789588,13.567429,2.099472,2.062533,16.840351,-0.711944,-3.211278,8064.000000,0.000000,4.000000,,,,0.000000,4.000000,4.000000,4.000000,4.000000,4.000000,4.000000,4.000000,4.000000,4.000000,4.000000,4.000000,4.000000,4.000000,4.000000,4.000000,4.000000,4.000000,4.000000,2.000000,4.000000,4.000000,4.000000,4.000000,4.000000,4.000000,4.000000,4.000000,4.000000,4.000000,4.000000,4.000000,4.000000,83.333336
1614076745.457060,45.000000,0.000000,1.309658,-4.185540,-16.331020,-23.679846,-11.195761,-9.774123,2.950668,9.540090,-16.382154,1.549386,4.323453,5.228868,-8.695197,9.374366,-19.191608,47.330673,10.855439,-84.856232,39.065880,-134.127197,-41.520008,5.978641,10.780304,11.693014,29.401499,17.312260,13.041040,2.097372,7.188676,20.926075,-0.711232,1.407318,8064.000000,0.000000,4.000000,,,,0.000000,4.000000,4.000000,4.000000,4.000000,4.000000,4.000000,4.000000,4.000000,4.000000,4.000000,4.000000,4.000000,4.000000,4.000000,4.000000,4.000000,4.000000,4.000000,2.000000,4.000000,4.000000,4.000000,4.000000,4.000000,4.000000,4.000000,4.000000,4.000000,4.000000,4.000000,4.000000,4.000000,83.333336
1614076745.464709,46.000000,0.000000,1.821169,-4.181354,-11.186483,-23.656166,-4.005078,-9.251529,2.947718,2.351062,-11.750388,2.573478,7.908873,5.223639,-6.635220,19.621401,-10.967288,75.488472,12.895866,-82.207275,36.975533,-118.608452,-37.375927,14.690611,10.769524,14.245423,32.449020,22.423153,13.028000,2.095275,6.668666,24.494892,2.366402,1.918731,8064.000000,0.000000,4.000000,,,,0.000000,4.000000,4.000000,4.000000,4.000000,4.000000,4.000000,4.000000,4.000000,4.000000,4.000000,4.000000,4.000000,4.000000,4.000000,4.000000,4.000000,4.000000,4.000000,2.000000,4.000000,4.000000,4.000000,4.000000,4.000000,4.000000,4.000000,4.000000,4.000000,4.000000,4.000000,4.000000,4.000000,83.333336
1614076745.472558,47.000000,0.000000,1.306527,-3.664352,-10.149656,-22.094048,-2.462611,-8.216637,2.944770,5.425634,-8.661715,2.570904,9.439425,5.218416,-5.090123,19.601780,-0.699910,86.182213,14.934253,-63.663532,28.733429,-109.771896,-34.774448,16.727203,10.758754,13.205537,32.416569,24.964832,13.014972,2.093179,7.174819,26.008860,6.466599,3.968095,8064.000000,0.000000,4.000000,,,,0.000000,4.000000,4.000000,4.000000,4.000000,4.000000,4.000000,4.000000,4.000000,4.000000,4.000000,4.000000,4.000000,4.000000,4.000000,4.000000,4.000000,4.000000,4.000000,2.000000,4.000000,4.000000,4.000000,4.000000,4.000000,4.000000,4.000000,4.000000,4.000000,4.000000,4.000000,4.000000,4.000000,83.333336
1614076745.480307,48.000000,0.000000,1.305221,-2.122226,-10.652327,-18.482210,-3.998610,-6.157137,2.941825,10.548413,-9.678694,5.645257,9.429986,5.213197,-3.033751,19.582178,2.377713,83.019104,12.868036,-57.958843,26.653412,-114.790329,-36.278133,0.813040,10.747995,13.705153,29.820051,22.375765,13.514777,2.091086,10.244567,25.982849,7.485774,5.502588,8064.000000,0.000000,4.000000,,,,0.000000,4.000000,4.000000,4.000000,4.000000,4.000000,4.000000,4.000000,4.000000,4.000000,4.000000,4.000000,4.000000,4.000000,4.000000,4.000000,4.000000,4.000000,4.000000,2.000000,4.000000,4.000000,4.000000,4.000000,4.000000,4.000000,4.000000,4.000000,4.000000,4.000000,4.000000,4.000000,4.000000,83.333336
1614076745.488156,49.000000,0.000000,1.303916,-0.068822,-10.128854,-15.899625,-2.456150,-5.125340,2.938883,3.871198,-9.669015,7.178073,9.420556,5.207984,-3.030717,19.562595,-8.393896,50.628395,10.291065,-84.567551,23.549835,-124.931953,-40.857243,-8.418543,10.737247,12.665806,24.149206,19.789288,12.475621,2.088995,9.721501,24.418406,6.965468,4.984265,8192.000000,0.000000,4.000000,,,,0.000000,4.000000,4.000000,4.000000,4.000000,4.000000,4.000000,4.000000,4.000000,4.000000,4.000000,4.000000,4.000000,4.000000,4.000000,4.000000,4.000000,4.000000,4.000000,2.000000,4.000000,4.000000,4.000000,4.000000,4.000000,4.000000,4.000000,4.000000,4.000000,4.000000,4.000000,4.000000,4.000000,83.333336
1614076745.495905,50.000000,0.000000,1.302612,-0.581574,-10.118725,-15.883725,-3.992156,-5.120214,2.935944,-0.748057,-9.146525,4.093972,8.898315,5.202776,-5.591789,16.978931,-15.052169,19.295717,9.767954,-99.354774,20.449364,-128.909576,-41.842026,-0.717816,10.726510,6.499294,20.022491,20.282318,9.899043,2.086906,6.634857,16.701679,6.958502,4.979280,8064.000000,0.000000,4.000000,,,,0.000000,4.000000,4.000000,4.000000,4.000000,4.000000,4.000000,4.000000,4.000000,4.000000,4.000000,4.000000,4.000000,4.000000,4.000000,4.000000,4.000000,4.000000,4.000000,2.000000,4.000000,4.000000,4.000000,4.000000,4.000000,4.000000,4.000000,4.000000,4.000000,4.000000,4.000000,4.000000,4.000000,83.333336
1614076745.503754,51.000000,0.000000,1.301309,-0.580992,-10.621427,-16.380663,-7.577907,-6.140735,2.933008,4.893716,-9.650200,3.064237,9.402237,5.197574,-3.534915,15.936311,-7.857629,40.814884,10.271007,-83.357986,19.403273,-129.293488,-40.774540,-0.717099,10.715784,1.877410,20.002470,20.774857,8.863503,2.084819,6.115402,10.018312,7.464365,3.435840,8064.000000,0.000000,4.000000,,,,0.000000,4.000000,4.000000,4.000000,4.000000,4.000000,4.000000,4.000000,4.000000,4.000000,4.000000,4.000000,4.000000,4.000000,4.000000,4.000000,4.000000,4.000000,4.000000,2.000000,4.000000,4.000000,4.000000,4.000000,4.000000,4.000000,4.000000,4.000000,4.000000,4.000000,4.000000,4.000000,4.000000,83.333336
1614076745.511503,52.000000,0.000000,1.300008,-0.580411,-10.610806,-16.364281,-6.544688,-5.621774,2.930075,6.940104,-9.640550,0.497070,7.341553,5.192376,-5.069842,11.304990,-3.234387,61.286888,9.747915,-78.146423,19.896690,-131.728302,-49.451717,-11.485612,10.705068,1.875533,16.905544,19.215620,9.367460,2.082735,6.622107,9.495472,6.944079,0.868301,8064.000000,0.000000,4.000000,,,,0.000000,4.000000,4.000000,4.000000,4.000000,4.000000,4.000000,4.000000,4.000000,4.000000,4.000000,4.000000,4.000000,4.000000,4.000000,4.000000,4.000000,4.000000,4.000000,2.000000,4.000000,4.000000,4.000000,4.000000,4.000000,4.000000,4.000000,4.000000,4.000000,4.000000,4.000000,4.000000,4.000000,83.333336
1614076745.519352,53.000000,0.000000,1.298708,-0.579831,-10.600195,-15.835096,-8.589425,-5.103331,2.927145,0.779318,-9.630909,-7.195735,1.693186,5.187183,-11.731439,-1.526828,-6.820896,43.276882,9.738167,-94.478531,21.415255,-133.647858,-60.684315,-11.474127,10.694363,2.386478,12.786075,15.606661,8.332452,2.080652,6.615485,10.511618,6.937135,0.354613,8064.000000,0.000000,4.000000,,,,0.000000,4.000000,4.000000,4.000000,4.000000,4.000000,4.000000,4.000000,4.000000,4.000000,4.000000,4.000000,4.000000,4.000000,4.000000,4.000000,4.000000,4.000000,4.000000,2.000000,4.000000,4.000000,4.000000,4.000000,4.000000,4.000000,4.000000,4.000000,4.000000,4.000000,4.000000,4.000000,4.000000,83.333336
1614076745.527101,54.000000,0.000000,1.297409,-0.579251,-10.589595,-16.332083,-17.811605,-7.662331,2.924218,-1.785564,-9.621278,-13.342385,-2.411072,5.181996,-14.283810,-13.320173,-10.403819,36.054119,11.266891,-102.076363,13.188711,-131.975754,-65.239014,-2.231883,10.683668,1.871271,11.747647,12.001310,5.760016,2.078571,6.096049,9.988286,6.930198,0.354258,8064.000000,0.000000,4.000000,,,,0.000000,4.000000,4.000000,4.000000,4.000000,4.000000,4.000000,4.000000,4.000000,4.000000,4.000000,4.000000,4.000000,4.000000,4.000000,4.000000,4.000000,4.000000,4.000000,2.000000,4.000000,4.000000,4.000000,4.000000,4.000000,4.000000,4.000000,4.000000,4.000000,4.000000,4.000000,4.000000,4.000000,83.333336
1614076745.534950,55.000000,0.000000,1.296112,-0.578672,-11.091825,-16.315750,-22.409178,-9.193130,2.921294,-0.758137,-9.611657,-13.329043,-2.921481,5.176815,-12.731065,-15.358134,-11.931876,44.223194,9.717162,-101.461464,0.355010,-132.869415,-65.173775,-4.793754,10.672985,1.869400,13.274362,11.989309,5.241436,2.076493,6.089952,9.978297,6.923268,0.353904,8064.000000,0.000000,4.000000,,,,0.000000,4.000000,4.000000,4.000000,4.000000,4.000000,4.000000,4.000000,4.000000,4.000000,4.000000,4.000000,4.000000,4.000000,4.000000,4.000000,4.000000,4.000000,4.000000,2.000000,4.000000,4.000000,4.000000,4.000000,4.000000,4.000000,4.000000,4.000000,4.000000,4.000000,4.000000,4.000000,4.000000,83.333336
1614076745.542699,56.000000,0.000000,0.781995,-0.578093,-10.055093,-14.248153,-16.745743,-6.107014,2.918373,-0.757379,-9.602045,-10.238791,-1.892918,5.171638,-13.231154,-12.265854,-12.432765,38.025124,6.117701,-99.308723,13.687988,-131.710907,-54.339371,-13.506909,10.662312,2.380351,17.363651,15.054243,5.236195,2.074416,7.622324,10.481140,6.916345,3.430473,8064.000000,0.000000,4.000000,,,,0.000000,4.000000,4.000000,4.000000,4.000000,4.000000,4.000000,4.000000,4.000000,4.000000,4.000000,4.000000,4.000000,4.000000,4.000000,4.000000,4.000000,4.000000,4.000000,2.000000,4.000000,4.000000,4.000000,4.000000,4.000000,4.000000,4.000000,4.000000,4.000000,4.000000,4.000000,4.000000,4.000000,83.333336
1614076745.550548,57.000000,0.000000,1.294034,-0.577515,-7.993755,-12.182622,-13.652075,-1.485522,2.915454,-1.269442,-9.592443,-7.151629,0.673077,4.653646,-13.730743,-8.151024,-7.292127,45.166584,8.675686,-77.158134,38.802505,-120.809959,-34.797852,-2.211351,10.651649,4.942073,22.987312,16.577650,5.743779,2.072342,10.178804,10.470658,6.909429,7.529606,8064.000000,0.000000,4.000000,,,,0.000000,4.000000,4.000000,4.000000,4.000000,4.000000,4.000000,4.000000,4.000000,4.000000,4.000000,4.000000,4.000000,4.000000,4.000000,4.000000,4.000000,4.000000,4.000000,2.000000,4.000000,4.000000,4.000000,4.000000,4.000000,4.000000,4.000000,4.000000,4.000000,4.000000,4.000000,4.000000,4.000000,83.333336
1614076745.558297,58.000000,0.000000,1.292740,-0.576937,-6.447300,-12.170440,-15.176884,-1.484036,2.912539,-0.755352,-9.582850,-5.093195,1.698045,5.161812,-13.204192,-6.091590,-4.207912,69.223984,10.718292,-56.568153,31.071396,-117.099411,-28.609209,13.175476,10.640998,8.526875,24.502787,16.048252,5.225214,2.070269,10.168626,10.460188,6.902519,8.547718,8064.000000,0.000000,4.000000,,,,0.000000,4.000000,4.000000,4.000000,4.000000,4.000000,4.000000,4.000000,4.000000,4.000000,4.000000,4.000000,4.000000,4.000000,4.000000,4.000000,4.000000,4.000000,4.000000,2.000000,4.000000,4.000000,4.000000,4.000000,4.000000,4.000000,4.000000,4.000000,4.000000,4.000000,4.000000,4.000000,4.000000,83.333336
1614076745.566146,59.000000,0.000000,0.778626,-0.576360,-6.953673,-12.671089,-14.648887,-2.508193,2.909626,-0.754597,-9.573268,-5.088102,1.696347,5.156651,-13.703809,-7.111140,-11.896012,57.872707,0.963984,-78.562866,6.424939,-132.366928,-36.785728,-0.171033,10.630357,10.056809,23.965464,16.545025,4.707169,2.068199,10.158457,10.449728,6.895617,8.026350,8064.000000,0.000000,4.000000,,,,0.000000,4.000000,4.000000,4.000000,4.000000,4.000000,4.000000,4.000000,4.000000,4.000000,4.000000,4.000000,4.000000,4.000000,4.000000,4.000000,4.000000,4.000000,4.000000,2.000000,4.000000,4.000000,4.000000,4.000000,4.000000,4.000000,4.000000,4.000000,4.000000,4.000000,4.000000,4.000000,4.000000,83.333336
1614076745.573896,60.000000,0.000000,1.803489,-0.575784,-6.946720,-12.145597,-14.121417,-1.992865,2.906717,-1.266663,-9.563694,-5.083014,2.720292,4.125853,-13.177284,-6.591208,-19.576424,29.609707,-4.165184,-110.791992,0.777489,-144.029434,-40.338688,-18.632401,10.619726,9.533932,23.941498,21.143864,8.292205,2.066131,12.712401,10.439278,6.888721,8.018323,8064.000000,0.000000,4.000000,,,,0.000000,4.000000,4.000000,4.000000,4.000000,4.000000,4.000000,4.000000,4.000000,4.000000,4.000000,4.000000,4.000000,4.000000,4.000000,4.000000,4.000000,4.000000,4.000000,2.000000,4.000000,4.000000,4.000000,4.000000,4.000000,4.000000,4.000000,4.000000,4.000000,4.000000,4.000000,4.000000,4.000000,83.333336
1614076745.581545,61.000000,0.000000,5.904249,-0.575208,-6.939773,-12.133452,-14.620116,-1.990872,2.903810,1.298707,-9.554131,-5.077931,5.281674,5.660189,-9.574364,-4.020514,-14.428642,43.426250,7.121032,-109.655563,1.289532,-140.808472,-42.349628,-6.306076,10.609107,9.524398,24.430378,24.199642,15.463400,2.064065,14.238151,10.428839,6.881832,8.523126,8064.000000,0.000000,4.000000,,,,0.000000,4.000000,4.000000,4.000000,4.000000,4.000000,4.000000,4.000000,4.000000,4.000000,4.000000,4.000000,4.000000,4.000000,4.000000,4.000000,4.000000,4.000000,4.000000,2.000000,4.000000,4.000000,4.000000,4.000000,4.000000,4.000000,4.000000,4.000000,4.000000,4.000000,4.000000,4.000000,4.000000,83.333336
1614076745.589294,62.000000,0.000000,8.975268,-0.574633,-6.932833,-12.634139,-14.605496,-1.988881,2.900906,5.912793,-9.544577,-5.072853,6.302033,10.782733,-4.949404,-2.478032,-5.183444,72.613594,15.831860,-92.622833,-0.250219,-137.590744,-47.435486,12.161769,10.598497,9.514874,23.893127,24.175444,18.012039,2.062001,14.223912,10.418410,6.874950,8.001781,8064.000000,0.000000,4.000000,,,,0.000000,4.000000,4.000000,4.000000,4.000000,4.000000,4.000000,4.000000,4.000000,4.000000,4.000000,4.000000,4.000000,4.000000,4.000000,4.000000,4.000000,4.000000,4.000000,2.000000,4.000000,4.000000,4.000000,4.000000,4.000000,4.000000,4.000000,4.000000,4.000000,4.000000,4.000000,4.000000,4.000000,83.333336
1614076745.596943,63.000000,0.000000,8.453472,-0.574058,-6.925900,-12.621505,-14.590891,-1.986892,2.898005,7.445341,-9.535032,-5.067780,4.244449,13.336053,-4.431634,-4.014016,-3.639799,56.643543,14.790386,-90.991745,4.365416,-139.504440,-49.439331,5.995761,11.100719,9.505359,24.382053,24.151268,16.455566,2.059939,14.209688,10.407991,7.380896,7.993780,8064.000000,0.000000,4.000000,,,,0.000000,4.000000,4.000000,4.000000,4.000000,4.000000,4.000000,4.000000,4.000000,4.000000,4.000000,4.000000,4.000000,4.000000,4.000000,4.000000,4.000000,4.000000,4.000000,2.000000,4.000000,4.000000,4.000000,4.000000,4.000000,4.000000,4.000000,4.000000,4.000000,4.000000,4.000000,4.000000,4.000000,83.333336
1614076745.604692,64.000000,0.000000,8.445019,-0.573484,-6.918974,-12.608884,-14.576300,-1.984905,2.895107,6.412255,-9.012676,-5.062713,1.676102,12.297076,-7.504126,-7.599745,-5.174621,24.279209,13.749955,-103.721268,3.848229,-138.852112,-48.364250,-2.215363,11.089619,10.008674,24.357672,23.614296,17.464750,2.570699,13.682658,10.397584,6.860694,7.985786,0.000000,210.000000,4.000000,,,,0.000000,4.000000,4.000000,4.000000,4.000000,4.000000,4.000000,4.000000,4.000000,4.000000,4.000000,4.000000,4.000000,4.000000,4.000000,4.000000,4.000000,4.000000,4.000000,2.000000,4.000000,4.000000,4.000000,4.000000,4.000000,4.000000,4.000000,4.000000,4.000000,4.000000,4.000000,4.000000,4.000000,83.333336
1614076745.612341,65.000000,0.000000,8.949394,-0.572911,-7.424876,-12.596275,-14.561724,-1.982920,2.892212,6.405843,-9.516484,-5.057650,1.674426,12.797600,-8.522263,-5.540864,-4.143805,31.947237,14.761847,-105.668831,2.818740,-137.687622,-48.315887,4.966340,10.565709,9.485845,23.820494,24.103502,17.447287,2.568129,14.694616,10.387186,6.853834,7.977800,0.000000,198.000000,4.000000,,,,0.000000,4.000000,4.000000,4.000000,4.000000,4.000000,4.000000,4.000000,4.000000,4.000000,4.000000,4.000000,4.000000,4.000000,4.000000,4.000000,4.000000,4.000000,4.000000,2.000000,4.000000,4.000000,4.000000,4.000000,4.000000,4.000000,4.000000,4.000000,4.000000,4.000000,4.000000,4.000000,4.000000,83.333336
1614076745.620090,66.000000,0.000000,8.427625,-0.572338,-6.904631,-12.583678,-14.034341,-1.980937,2.889320,6.912257,-8.994147,-5.052592,2.185572,13.297623,-8.513741,0.618523,-2.088379,63.710163,15.772725,-84.537521,16.149256,-137.037109,-47.241928,9.063937,11.580784,10.502000,24.309494,25.105040,15.378557,2.052740,14.679922,10.889619,7.359800,7.969823,0.000000,198.000000,4.000000,,,,0.000000,4.000000,4.000000,4.000000,4.000000,4.000000,4.000000,4.000000,4.000000,4.000000,4.000000,4.000000,4.000000,4.000000,4.000000,4.000000,4.000000,4.000000,4.000000,2.000000,4.000000,4.000000,4.000000,4.000000,4.000000,4.000000,4.000000,4.000000,4.000000,4.000000,4.000000,4.000000,4.000000,83.333336
1614076745.627739,67.000000,0.000000,8.419197,-0.571766,-4.333623,-12.571095,-13.507486,-1.466136,2.886431,5.366884,-8.472333,-4.534719,-0.380716,6.104838,-14.146253,-0.407736,-6.701675,66.210556,12.680030,-69.581184,20.235670,-136.387253,-46.681866,-2.739998,11.056383,9.978677,24.285185,19.438910,13.311896,2.563508,5.947293,10.365910,4.275517,8.474673,0.000000,187.000000,4.000000,,,,0.000000,4.000000,4.000000,4.000000,4.000000,4.000000,4.000000,4.000000,4.000000,4.000000,4.000000,4.000000,4.000000,4.000000,4.000000,4.000000,4.000000,4.000000,4.000000,2.000000,4.000000,4.000000,4.000000,4.000000,4.000000,4.000000,4.000000,4.000000,4.000000,4.000000,4.000000,4.000000,4.000000,83.333336
1614076745.635489,68.000000,0.000000,8.410778,-0.571194,-2.790828,-12.558524,-14.006800,-3.515952,2.883544,3.310235,-10.515142,-5.043005,-6.534182,-2.106395,-22.850056,-8.612456,-15.412923,46.144344,-1.691625,-80.280838,12.010305,-138.814972,-51.763390,-15.557771,3.353019,6.891776,18.107054,10.701522,8.170380,2.560944,-4.315064,8.304261,0.168678,7.440557,0.000000,191.000000,4.000000,,,,0.000000,4.000000,4.000000,4.000000,4.000000,4.000000,4.000000,4.000000,4.000000,4.000000,4.000000,4.000000,4.000000,4.000000,4.000000,4.000000,4.000000,4.000000,4.000000,2.000000,4.000000,4.000000,4.000000,4.000000,4.000000,4.000000,4.000000,4.000000,4.000000,4.000000,4.000000,4.000000,4.000000,83.333336
1614076745.643138,69.000000,0.000000,8.402367,-0.570623,-3.300858,-12.545965,-15.018434,-5.563718,3.393481,2.794104,-12.555909,-7.089244,-11.143032,-3.129930,-25.391308,-11.167947,-17.448792,41.995636,-15.023267,-90.456963,14.562398,-142.265900,-53.762909,-15.542213,-6.393924,3.295140,9.370997,7.101077,0.469901,-1.544181,-5.849211,6.244675,-1.369952,4.869015,0.000000,202.000000,4.000000,,,,0.000000,4.000000,4.000000,4.000000,4.000000,4.000000,4.000000,4.000000,4.000000,4.000000,4.000000,4.000000,4.000000,4.000000,4.000000,4.000000,4.000000,4.000000,4.000000,2.000000,4.000000,4.000000,4.000000,4.000000,4.000000,4.000000,4.000000,4.000000,4.000000,4.000000,4.000000,4.000000,4.000000,83.333336
1614076745.650887,70.000000,0.000000,8.393965,-0.570052,-3.810378,-13.559060,-13.464953,-6.070975,1.851626,2.278489,-13.056174,-10.671898,-8.567786,-2.101159,-22.801813,-8.079856,-19.482626,34.261333,-16.546705,-104.212662,8.393990,-150.841583,-55.760429,-12.449748,-8.951632,-1.836360,6.284703,8.632437,-2.607491,-5.645201,-3.792080,6.751251,-0.342941,3.325684,0.000000,175.000000,4.000000,,,,0.000000,4.000000,4.000000,4.000000,4.000000,4.000000,4.000000,4.000000,4.000000,4.000000,4.000000,4.000000,4.000000,4.000000,4.000000,4.000000,4.000000,4.000000,4.000000,2.000000,4.000000,4.000000,4.000000,4.000000,4.000000,4.000000,4.000000,4.000000,4.000000,4.000000,4.000000,4.000000,4.000000,83.333336
1614076745.658536,71.000000,0.000000,8.385571,-0.569482,-2.780926,-13.032681,-14.989950,-6.064904,-0.201508,3.301852,-17.145681,-10.661226,-8.046398,-2.611878,-24.830294,-12.687160,-33.309296,1.919378,-15.504517,-134.877686,-16.229790,-168.126633,-70.063644,-19.616785,-7.404220,-9.014011,5.252778,9.649446,-2.092064,-5.639555,-4.813929,6.231679,-0.855419,4.348000,0.000000,158.000000,4.000000,,,,0.000000,4.000000,4.000000,4.000000,4.000000,4.000000,4.000000,4.000000,4.000000,4.000000,4.000000,4.000000,4.000000,4.000000,4.000000,4.000000,4.000000,4.000000,4.000000,2.000000,4.000000,4.000000,4.000000,4.000000,4.000000,4.000000,4.000000,4.000000,4.000000,4.000000,4.000000,4.000000,4.000000,83.333336
1614076745.666285,72.000000,0.000000,8.377185,-0.568913,-4.829427,-11.994007,-27.282652,-8.110121,-1.226947,2.785729,-22.769562,-12.701847,-23.422966,-4.147728,-30.446489,-24.469345,-45.583679,-12.441515,-16.001833,-142.435104,-19.803303,-178.214920,-85.378197,-25.751015,-7.909636,-12.594741,-1.419142,6.050053,-2.089972,-5.121096,-5.321935,3.661345,-0.854563,3.830831,0.000000,200.000000,4.000000,,,,0.000000,4.000000,4.000000,4.000000,4.000000,4.000000,4.000000,4.000000,4.000000,4.000000,4.000000,4.000000,4.000000,4.000000,4.000000,4.000000,4.000000,4.000000,4.000000,2.000000,4.000000,4.000000,4.000000,4.000000,4.000000,4.000000,4.000000,4.000000,4.000000,4.000000,4.000000,4.000000,4.000000,83.333336
1614076745.673934,73.000000,0.000000,8.368808,-1.081164,-9.952803,-14.033295,-36.998959,-10.153293,-1.225720,-4.909364,-25.823715,-29.099401,-36.220058,-6.194862,-35.031425,-32.137184,-46.563736,11.160669,-15.985831,-124.343956,-10.039910,-173.421326,-85.805634,-21.109879,-8.414547,-12.582146,-6.033107,0.915797,-2.087882,-5.628795,-4.290972,2.119222,-0.853709,-0.275564,0.000000,199.000000,4.000000,,,,0.000000,4.000000,4.000000,4.000000,4.000000,4.000000,4.000000,4.000000,4.000000,4.000000,4.000000,4.000000,4.000000,4.000000,4.000000,4.000000,4.000000,4.000000,4.000000,2.000000,4.000000,4.000000,4.000000,4.000000,4.000000,4.000000,4.000000,4.000000,4.000000,4.000000,4.000000,4.000000,4.000000,83.333336
1614076745.681683,74.000000,0.000000,8.360439,-0.567262,-6.865927,-11.967979,-30.295294,-9.630319,-0.198853,-8.494198,-24.259430,-44.454918,-26.440247,-5.675847,-36.534859,-34.156330,-44.978710,15.252073,-15.969846,-133.963196,-23.876024,-170.170975,-84.694191,-13.396461,-7.380491,-13.082384,-6.539895,2.966164,-2.085794,-3.571884,-4.286681,3.142744,-0.340035,0.750353,0.000000,187.000000,4.000000,,,,0.000000,4.000000,4.000000,4.000000,4.000000,4.000000,4.000000,4.000000,4.000000,4.000000,4.000000,4.000000,4.000000,4.000000,4.000000,4.000000,4.000000,4.000000,4.000000,2.000000,4.000000,4.000000,4.000000,4.000000,4.000000,4.000000,4.000000,4.000000,4.000000,4.000000,4.000000,4.000000,4.000000,83.333336
1614076745.689333,75.000000,0.000000,8.352078,1.484587,1.858887,0.864501,-21.034229,-4.492484,1.852628,-1.306217,-13.978761,-28.000206,-12.567653,-3.106069,-31.370117,-29.506788,-37.754246,-0.660615,-12.364132,-150.239502,-33.595737,-168.975159,-85.635139,-13.895885,-5.834649,-12.556481,-5.507714,10.655505,-1.570887,-1.004210,-4.795215,5.703703,1.198767,9.467551,0.000000,204.000000,4.000000,,,,0.000000,4.000000,4.000000,4.000000,4.000000,4.000000,4.000000,4.000000,4.000000,4.000000,4.000000,4.000000,4.000000,4.000000,4.000000,4.000000,4.000000,4.000000,4.000000,2.000000,4.000000,4.000000,4.000000,4.000000,4.000000,4.000000,4.000000,4.000000,4.000000,4.000000,4.000000,4.000000,4.000000,83.333336
1614076745.697182,76.000000,0.000000,8.343726,3.534384,5.446772,13.684150,-21.013195,2.691496,3.389236,3.823294,-2.682730,-0.792719,-12.042265,-2.077322,-21.082336,-16.143948,-23.357517,17.801584,-5.172281,-123.422592,-9.459578,-157.011322,-73.754631,-15.420451,-3.264712,-12.031104,-4.989386,13.721773,0.481966,1.560897,-2.739138,9.287744,4.787312,16.124750,0.000000,166.000000,4.000000,,,,0.000000,4.000000,4.000000,4.000000,4.000000,4.000000,4.000000,4.000000,4.000000,4.000000,4.000000,4.000000,4.000000,4.000000,4.000000,4.000000,4.000000,4.000000,4.000000,2.000000,4.000000,4.000000,4.000000,4.000000,4.000000,4.000000,4.000000,4.000000,4.000000,4.000000,4.000000,4.000000,4.000000,83.333336
1614076745.704931,77.000000,0.000000,8.335382,3.018029,2.877223,13.670465,-22.530643,5.765728,3.385847,2.793830,-1.654407,-0.279106,-13.568684,-2.075244,-14.907409,-5.871393,-16.667492,48.040192,-3.115826,-90.991478,15.165267,-143.520966,-56.244976,-13.353749,1.353938,-13.557535,-6.010037,12.169589,2.532766,2.584977,-0.685117,10.304096,6.833807,15.595805,0.000000,188.000000,4.000000,,,,0.000000,4.000000,4.000000,4.000000,4.000000,4.000000,4.000000,4.000000,4.000000,4.000000,4.000000,4.000000,4.000000,4.000000,4.000000,4.000000,4.000000,4.000000,4.000000,2.000000,4.000000,4.000000,4.000000,4.000000,4.000000,4.000000,4.000000,4.000000,4.000000,4.000000,4.000000,4.000000,4.000000,83.333336
1614076745.712780,78.000000,0.000000,6.275765,3.015011,4.412807,10.067051,-20.969652,5.759962,2.869641,2.791036,-5.755316,-11.560878,-11.503833,-2.073169,-15.918142,-8.429625,-19.214928,43.376770,-4.138351,-91.413307,19.252665,-139.274887,-49.522068,-10.776293,3.916686,-8.928593,-4.978386,12.670240,2.017412,2.582392,-0.684432,10.293793,6.826972,14.554568,0.000000,227.000000,4.000000,,,,0.000000,4.000000,4.000000,4.000000,4.000000,4.000000,4.000000,4.000000,4.000000,4.000000,4.000000,4.000000,4.000000,4.000000,4.000000,4.000000,4.000000,4.000000,4.000000,2.000000,4.000000,4.000000,4.000000,4.000000,4.000000,4.000000,4.000000,4.000000,4.000000,4.000000,4.000000,4.000000,4.000000,83.333336
1614076745.720529,79.000000,0.000000,4.218207,4.037637,9.536599,10.569804,-20.435862,6.267023,3.379592,4.326707,-4.723920,-9.498035,-11.492330,-2.071096,-16.415045,-13.036579,-21.246994,34.102623,-4.134213,-96.962914,15.643669,-139.135605,-50.498184,-10.252696,3.912769,2.362387,3.231720,13.170390,2.015395,2.066989,-0.683747,12.847601,6.820146,15.565655,0.000000,202.000000,4.000000,,,,0.000000,4.000000,4.000000,4.000000,4.000000,4.000000,4.000000,4.000000,4.000000,4.000000,4.000000,4.000000,4.000000,4.000000,4.000000,4.000000,4.000000,4.000000,4.000000,2.000000,4.000000,4.000000,4.000000,4.000000,4.000000,4.000000,4.000000,4.000000,4.000000,4.000000,4.000000,4.000000,4.000000,83.333336
1614076745.728378,80.000000,0.000000,4.726810,2.495138,11.578345,8.507953,-21.441067,5.235115,3.889033,2.783919,-5.232017,-7.437255,-11.480837,-2.069025,-14.347347,-11.997902,-20.712927,46.889034,-3.617258,-95.840309,15.115205,-138.483658,-49.934868,-10.755263,3.396036,7.488230,10.407976,12.644400,2.013380,2.064922,1.368219,14.373215,7.326146,15.550089,0.000000,175.000000,4.000000,,,,0.000000,4.000000,4.000000,4.000000,4.000000,4.000000,4.000000,4.000000,4.000000,4.000000,4.000000,4.000000,4.000000,4.000000,4.000000,4.000000,4.000000,4.000000,4.000000,2.000000,4.000000,4.000000,4.000000,4.000000,4.000000,4.000000,4.000000,4.000000,4.000000,4.000000,4.000000,4.000000,4.000000,83.333336
1614076745.736127,81.000000,0.000000,4.722083,-0.584280,11.053946,2.858419,-21.932446,2.152956,1.321041,2.781135,-8.816528,-11.532382,-12.494997,-2.066956,-15.358641,-9.421802,-18.128113,56.585732,-4.126462,-95.231651,16.638552,-138.345169,-48.859291,-10.744509,3.905461,6.455101,8.859106,12.631755,2.011366,2.062857,3.418133,13.846022,6.805999,15.021718,0.000000,209.000000,4.000000,,,,0.000000,4.000000,4.000000,4.000000,4.000000,4.000000,4.000000,4.000000,4.000000,4.000000,4.000000,4.000000,4.000000,4.000000,4.000000,4.000000,4.000000,4.000000,4.000000,2.000000,4.000000,4.000000,4.000000,4.000000,4.000000,4.000000,4.000000,4.000000,4.000000,4.000000,4.000000,4.000000,4.000000,83.333336
1614076745.743976,82.000000,0.000000,4.717361,-0.583696,10.530071,0.804279,-19.346411,1.637983,-3.295665,4.316815,-9.320532,-8.443926,-13.508143,-2.064889,-17.394564,-8.899559,-15.545881,49.862480,-4.122335,-88.982574,12.006528,-138.719650,-52.400173,-7.656841,3.388735,6.448646,5.773324,12.619123,2.009355,2.060795,2.901894,13.832175,6.799193,15.006697,0.000000,204.000000,4.000000,,,,0.000000,4.000000,4.000000,4.000000,4.000000,4.000000,4.000000,4.000000,4.000000,4.000000,4.000000,4.000000,4.000000,4.000000,4.000000,4.000000,4.000000,4.000000,4.000000,2.000000,4.000000,4.000000,4.000000,4.000000,4.000000,4.000000,4.000000,4.000000,4.000000,4.000000,4.000000,4.000000,4.000000,83.333336
1614076745.751725,83.000000,0.000000,4.712644,-0.070291,11.032362,2.854756,-14.711679,2.149165,-4.830831,-2.354168,-10.336853,-5.871380,-10.930532,-2.062824,-15.838709,-13.506044,-15.530335,41.607491,-4.631033,-89.919235,1.738111,-141.145035,-59.014442,-5.597902,3.385346,3.878094,6.280371,12.606504,2.007345,2.058734,2.898992,13.818343,7.305215,14.991690,0.000000,200.000000,4.000000,,,,0.000000,4.000000,4.000000,4.000000,4.000000,4.000000,4.000000,4.000000,4.000000,4.000000,4.000000,4.000000,4.000000,4.000000,4.000000,4.000000,4.000000,4.000000,4.000000,2.000000,4.000000,4.000000,4.000000,4.000000,4.000000,4.000000,4.000000,4.000000,4.000000,4.000000,4.000000,4.000000,4.000000,83.333336
1614076745.759574,84.000000,0.000000,4.707931,-3.659965,11.021330,-0.737842,-15.209788,-3.494009,-5.338820,-11.582583,-13.916260,-13.557817,-15.022166,-2.060761,-16.848511,-19.646383,-21.668652,37.463318,-4.626402,-112.393417,-2.879011,-144.593628,-62.032349,-9.182048,3.381961,-2.792450,5.248450,12.593898,2.005338,2.056675,2.896093,11.240422,5.759448,12.925416,0.000000,190.000000,4.000000,,,,0.000000,4.000000,4.000000,4.000000,4.000000,4.000000,4.000000,4.000000,4.000000,4.000000,4.000000,4.000000,4.000000,4.000000,4.000000,4.000000,4.000000,4.000000,4.000000,2.000000,4.000000,4.000000,4.000000,4.000000,4.000000,4.000000,4.000000,4.000000,4.000000,4.000000,4.000000,4.000000,4.000000,83.333336
1614076745.767323,85.000000,0.000000,4.703223,-7.758869,11.010308,-6.890950,-18.271502,-10.157182,-7.897584,-10.032539,-17.492086,-20.210924,-25.263554,-4.109982,-29.139355,-21.678020,-33.954674,21.015598,-4.108955,-132.281021,-1.850491,-147.013138,-62.483139,-11.224148,3.378579,-5.866581,2.679099,12.581304,2.003333,2.054618,2.893197,9.690721,3.189586,10.861209,0.000000,209.000000,4.000000,,,,0.000000,4.000000,4.000000,4.000000,4.000000,4.000000,4.000000,4.000000,4.000000,4.000000,4.000000,4.000000,4.000000,4.000000,4.000000,4.000000,4.000000,4.000000,4.000000,2.000000,4.000000,4.000000,4.000000,4.000000,4.000000,4.000000,4.000000,4.000000,4.000000,4.000000,4.000000,4.000000,4.000000,83.333336
1614076745.775172,86.000000,0.000000,5.211340,-8.263930,10.486478,-3.807136,-17.227589,-10.147025,-8.402507,-3.868661,-17.987415,-20.703535,-22.674189,-5.644334,-36.289703,-21.143520,-42.125847,-5.672083,-4.617667,-130.610275,-6.976846,-150.455872,-66.010399,-5.059077,3.375200,-5.347894,1.650779,12.568723,2.001329,2.052564,2.890304,9.681029,2.673576,10.850348,0.000000,206.000000,4.000000,,,,0.000000,4.000000,4.000000,4.000000,4.000000,4.000000,4.000000,4.000000,4.000000,4.000000,4.000000,4.000000,4.000000,4.000000,4.000000,4.000000,4.000000,4.000000,4.000000,2.000000,4.000000,4.000000,4.000000,4.000000,4.000000,4.000000,4.000000,4.000000,4.000000,4.000000,4.000000,4.000000,4.000000,83.333336
1614076745.782921,87.000000,0.000000,5.206129,-7.742846,11.501632,2.350517,-12.082157,-5.008673,-5.317181,-4.890433,-11.302761,-15.554626,-7.266899,-6.151510,-23.432899,-19.583916,-34.391415,-1.051027,-3.587408,-119.197617,-11.072433,-150.305405,-64.405930,-3.002736,3.371825,-4.829725,2.161948,10.504872,1.999328,2.050511,2.887413,10.184169,3.183723,11.352318,0.000000,189.000000,4.000000,,,,0.000000,4.000000,4.000000,4.000000,4.000000,4.000000,4.000000,4.000000,4.000000,4.000000,4.000000,4.000000,4.000000,4.000000,4.000000,4.000000,4.000000,4.000000,4.000000,2.000000,4.000000,4.000000,4.000000,4.000000,4.000000,4.000000,4.000000,4.000000,4.000000,4.000000,4.000000,4.000000,4.000000,83.333336
1614076745.790770,88.000000,0.000000,4.688102,-7.735103,14.567054,-1.754398,-10.018792,-1.926741,-3.773402,-3.347081,-2.573509,-6.308302,0.432676,-6.145359,-9.050492,-13.923306,-17.946768,31.770536,2.057205,-108.822006,0.220690,-136.821777,-56.649212,-10.179220,5.932556,-5.850537,2.159787,8.955906,1.997329,2.048461,2.884526,10.173985,3.180539,11.340965,0.000000,199.000000,4.000000,,,,0.000000,4.000000,4.000000,4.000000,4.000000,4.000000,4.000000,4.000000,4.000000,4.000000,4.000000,4.000000,4.000000,4.000000,4.000000,4.000000,4.000000,4.000000,4.000000,2.000000,4.000000,4.000000,4.000000,4.000000,4.000000,4.000000,4.000000,4.000000,4.000000,4.000000,4.000000,4.000000,4.000000,83.333336
1614076745.798519,89.000000,0.000000,5.196235,-8.240189,13.526845,-5.855207,-10.521594,-1.924814,-4.282450,2.297292,-1.545295,-5.789173,-1.619039,-6.139213,-8.015801,-9.806819,-10.236512,46.610561,7.183352,-97.943954,20.220470,-117.197769,-53.002819,-7.604939,7.977905,-4.819045,2.157627,8.946950,1.995332,2.046412,2.881641,9.650990,3.177359,11.329624,0.000000,206.000000,4.000000,,,,0.000000,4.000000,4.000000,4.000000,4.000000,4.000000,4.000000,4.000000,4.000000,4.000000,4.000000,4.000000,4.000000,4.000000,4.000000,4.000000,4.000000,4.000000,4.000000,2.000000,4.000000,4.000000,4.000000,4.000000,4.000000,4.000000,4.000000,4.000000,4.000000,4.000000,4.000000,4.000000,4.000000,83.333336
1614076745.806368,90.000000,0.000000,4.678218,-7.719128,10.949216,-0.208326,-10.511073,-1.922889,-4.278167,2.294994,-5.133493,-12.450050,-2.643061,-5.620254,-9.546247,-9.797012,-10.226276,26.051130,6.150528,-88.102425,28.918198,-115.029289,-53.462639,3.171897,4.893004,-0.198842,1.642649,8.425182,2.506157,2.044366,2.878760,10.154160,3.174181,11.318295,0.000000,136.000000,4.000000,,,,0.000000,4.000000,4.000000,4.000000,4.000000,4.000000,4.000000,4.000000,4.000000,4.000000,4.000000,4.000000,4.000000,4.000000,4.000000,4.000000,4.000000,4.000000,4.000000,2.000000,4.000000,4.000000,4.000000,4.000000,4.000000,4.000000,4.000000,4.000000,4.000000,4.000000,4.000000,4.000000,4.000000,83.333336
1614076745.814117,91.000000,0.000000,-0.967486,-7.711409,10.425447,0.817523,-9.987741,-1.408146,-4.273889,-0.784224,-5.641181,-8.335036,-3.666059,-6.640274,-8.511060,-8.248754,-11.754511,22.948156,3.580275,-88.014320,18.632870,-130.811691,-54.434814,-1.446660,-0.240094,2.878280,2.666647,8.929578,0.452368,2.042321,2.875881,13.733749,3.171007,11.306976,0.000000,206.000000,4.000000,,,,0.000000,4.000000,4.000000,4.000000,4.000000,4.000000,4.000000,4.000000,4.000000,4.000000,4.000000,4.000000,4.000000,4.000000,4.000000,4.000000,4.000000,4.000000,4.000000,2.000000,4.000000,4.000000,4.000000,4.000000,4.000000,4.000000,4.000000,4.000000,4.000000,4.000000,4.000000,4.000000,4.000000,83.333336
1614076745.821766,92.000000,0.000000,-6.094724,-7.190877,9.389380,-3.798679,-10.490574,-1.919558,-4.269615,-1.296260,-5.122719,2.442529,-5.200854,-5.607993,-6.964087,-2.086659,-9.691475,47.540592,3.063874,-89.464767,9.896288,-141.450119,-55.918842,-13.752905,-0.752674,2.875402,5.228083,9.946289,-1.599366,2.040279,2.873005,12.181554,3.680656,11.808490,0.000000,161.000000,4.000000,,,,0.000000,4.000000,4.000000,4.000000,4.000000,4.000000,4.000000,4.000000,4.000000,4.000000,4.000000,4.000000,4.000000,4.000000,4.000000,4.000000,4.000000,4.000000,4.000000,2.000000,4.000000,4.000000,4.000000,4.000000,4.000000,4.000000,4.000000,4.000000,4.000000,4.000000,4.000000,4.000000,4.000000,83.333336
1614076745.829515,93.000000,0.000000,-6.601449,-8.209327,6.815888,-1.230778,-10.480083,-1.917639,-4.265346,-0.269323,-5.630416,2.440087,-5.195653,0.551461,-3.367379,4.069274,-3.527937,68.518692,3.573631,-73.990685,15.527417,-139.257385,-57.401386,-11.687870,-0.751922,2.359706,6.248496,4.808137,-2.110587,2.038239,2.870132,7.041167,3.164155,11.283861,0.000000,213.000000,4.000000,,,,0.000000,4.000000,4.000000,4.000000,4.000000,4.000000,4.000000,4.000000,4.000000,4.000000,4.000000,4.000000,4.000000,4.000000,4.000000,4.000000,4.000000,4.000000,4.000000,2.000000,4.000000,4.000000,4.000000,4.000000,4.000000,4.000000,4.000000,4.000000,4.000000,4.000000,4.000000,4.000000,4.000000,83.333336
1614076745.837164,94.000000,0.000000,-6.082027,-7.688297,6.809072,2.360197,-10.469604,-1.915721,-4.261080,-1.294694,-5.624786,-1.664917,-5.190458,5.679115,-1.312730,5.090846,-5.062871,60.245045,3.057237,-68.275673,14.999069,-137.066849,-57.343983,-2.958234,-1.263990,2.870167,5.729427,2.239227,-2.108477,2.036201,2.867262,6.008485,3.160991,11.272577,0.000000,196.000000,4.000000,,,,0.000000,4.000000,4.000000,4.000000,4.000000,4.000000,4.000000,4.000000,4.000000,4.000000,4.000000,4.000000,4.000000,4.000000,4.000000,4.000000,4.000000,4.000000,4.000000,2.000000,4.000000,4.000000,4.000000,4.000000,4.000000,4.000000,4.000000,4.000000,4.000000,4.000000,4.000000,4.000000,4.000000,83.333336
1614076745.844914,95.000000,0.000000,-6.588766,-5.116507,7.315084,2.357836,-10.459134,-1.913805,-4.256819,-0.780579,-5.619161,-0.637612,-5.185267,5.673436,-1.311417,1.496011,-17.878321,28.902750,2.541359,-95.899704,-5.528750,-138.468246,-57.286640,-2.955276,3.865479,2.867297,5.723698,9.416474,-1.593548,2.034164,2.864395,10.105041,4.183471,11.774125,0.000000,184.000000,4.000000,,,,0.000000,4.000000,4.000000,4.000000,4.000000,4.000000,4.000000,4.000000,4.000000,4.000000,4.000000,4.000000,4.000000,4.000000,4.000000,4.000000,4.000000,4.000000,4.000000,2.000000,4.000000,4.000000,4.000000,4.000000,4.000000,4.000000,4.000000,4.000000,4.000000,4.000000,4.000000,4.000000,4.000000,83.333336
1614076745.852563,96.000000,0.000000,-4.530895,-4.598569,7.307768,2.868299,-10.448674,-1.911892,-4.252562,1.784304,-5.613542,-0.636974,-5.180082,5.154942,-1.310106,-2.095228,-21.450186,20.668718,3.564459,-111.701241,-19.882196,-138.329773,-57.742176,-4.490782,10.528280,1.838789,5.717974,11.458341,0.459328,2.032130,2.861530,11.120577,1.102365,10.736710,8064.000000,0.000000,4.000000,,,,0.000000,4.000000,4.000000,4.000000,4.000000,4.000000,4.000000,4.000000,4.000000,4.000000,4.000000,4.000000,4.000000,4.000000,4.000000,4.000000,4.000000,4.000000,4.000000,2.000000,4.000000,4.000000,4.000000,4.000000,4.000000,4.000000,4.000000,4.000000,4.000000,4.000000,4.000000,4.000000,4.000000,83.333336
1614076745.860312,97.000000,0.000000,-2.475082,-7.158073,7.300460,-1.749954,-10.438226,-1.909980,-4.248310,3.320981,-5.607928,-3.200439,-5.174902,5.662608,-2.847257,-6.195697,-14.762069,32.442921,6.124997,-96.717743,-12.682826,-137.678619,-58.197254,-3.460650,11.543393,2.862591,3.660974,4.267395,2.510151,2.030098,2.858669,7.519713,-5.052584,6.110589,8064.000000,0.000000,4.000000,,,,0.000000,4.000000,4.000000,4.000000,4.000000,4.000000,4.000000,4.000000,4.000000,4.000000,4.000000,4.000000,4.000000,4.000000,4.000000,4.000000,4.000000,4.000000,4.000000,2.000000,4.000000,4.000000,4.000000,4.000000,4.000000,4.000000,4.000000,4.000000,4.000000,4.000000,4.000000,4.000000,4.000000,83.333336
1614076745.867961,98.000000,0.000000,-2.472607,-8.176557,7.805981,-8.414870,-10.427788,-2.420890,-4.244061,2.804840,-5.602321,-4.735701,-5.169727,5.656945,-5.408513,-9.779245,-17.311409,19.589966,7.144513,-96.108208,-3.952195,-140.105042,-60.703159,-2.944369,10.506208,3.372549,2.118851,1.186204,2.507641,2.028068,2.855810,3.409629,-8.637275,3.540375,8064.000000,0.000000,4.000000,,,,0.000000,4.000000,4.000000,4.000000,4.000000,4.000000,4.000000,4.000000,4.000000,4.000000,4.000000,4.000000,4.000000,4.000000,4.000000,4.000000,4.000000,4.000000,4.000000,2.000000,4.000000,4.000000,4.000000,4.000000,4.000000,4.000000,4.000000,4.000000,4.000000,4.000000,4.000000,4.000000,4.000000,83.333336
1614076745.875710,99.000000,0.000000,-2.470134,-7.142739,7.285354,-5.842353,-10.930181,-1.905649,-4.239817,2.802035,-5.596718,-5.243785,-5.677378,5.651288,-4.890284,-10.795107,-19.345381,12.390889,6.624548,-105.755684,-6.512345,-141.503403,-61.668095,-3.454245,10.495702,-2.271850,1.603912,2.210659,2.505133,2.026040,2.852954,2.380578,-7.602996,3.536835,8064.000000,0.000000,4.000000,,,,0.000000,4.000000,4.000000,4.000000,4.000000,4.000000,4.000000,4.000000,4.000000,4.000000,4.000000,4.000000,4.000000,4.000000,4.000000,4.000000,4.000000,4.000000,4.000000,2.000000,4.000000,4.000000,4.000000,4.000000,4.000000,4.000000,4.000000,4.000000,4.000000,4.000000,4.000000,4.000000,4.000000,83.333336
1614076745.883359,100.000000,0.000000,-2.467664,-7.648417,6.765248,-0.708306,-10.406429,0.147539,-4.235578,2.799233,-5.591122,-4.725721,-5.158880,4.619996,-6.423855,-9.758671,-15.223471,42.122089,7.130744,-95.906342,-1.377628,-136.746521,-57.503864,-3.450791,10.998027,-8.423424,2.115129,1.182807,2.502628,2.024014,2.850101,2.891018,-7.595394,4.046119,8064.000000,0.000000,4.000000,,,,0.000000,4.000000,4.000000,4.000000,4.000000,4.000000,4.000000,4.000000,4.000000,4.000000,4.000000,4.000000,4.000000,4.000000,4.000000,4.000000,4.000000,4.000000,4.000000,2.000000,4.000000,4.000000,4.000000,4.000000,4.000000,4.000000,4.000000,4.000000,4.000000,4.000000,4.000000,4.000000,4.000000,83.333336
1614076745.891108,101.000000,0.000000,-2.465197,-7.640768,7.784124,-2.758879,-9.883203,2.198673,-4.231342,3.309254,-5.585530,-4.208175,-5.153721,2.564094,-10.519995,-13.338655,-21.362093,51.310734,6.097972,-84.528381,15.034006,-130.455917,-48.728413,-3.447340,10.987029,-6.876539,4.164295,4.258548,0.961664,2.021990,2.847251,2.888127,-8.100618,4.554893,8064.000000,0.000000,4.000000,,,,0.000000,4.000000,4.000000,4.000000,4.000000,4.000000,4.000000,4.000000,4.000000,4.000000,4.000000,4.000000,4.000000,4.000000,4.000000,4.000000,4.000000,4.000000,4.000000,2.000000,4.000000,4.000000,4.000000,4.000000,4.000000,4.000000,4.000000,4.000000,4.000000,4.000000,4.000000,4.000000,4.000000,83.333336
1614076745.898758,102.000000,0.000000,-2.462731,-7.633127,7.263519,-5.833044,-11.924602,1.683654,-4.227110,2.280304,-5.579945,-9.844993,-5.661388,1.535888,-13.073578,-18.453522,-28.007399,36.900452,3.527772,-81.366936,23.736921,-127.761360,-42.013016,-3.443892,9.437580,-2.254278,5.698593,4.767110,3.011984,2.019968,2.844404,2.372418,-7.579698,1.986235,8064.000000,0.000000,4.000000,,,,0.000000,4.000000,4.000000,4.000000,4.000000,4.000000,4.000000,4.000000,4.000000,4.000000,4.000000,4.000000,4.000000,4.000000,4.000000,4.000000,4.000000,4.000000,4.000000,2.000000,4.000000,4.000000,4.000000,4.000000,4.000000,4.000000,4.000000,4.000000,4.000000,4.000000,4.000000,4.000000,4.000000,83.333336
1614076745.906507,103.000000,0.000000,-2.460269,-7.625494,1.615230,-5.314390,-13.963959,1.681970,-4.222884,0.226741,-5.574365,-15.988994,-4.630085,2.047173,-12.547684,-12.281222,-18.235802,39.940472,3.524244,-83.849670,14.482415,-128.659241,-41.971004,-2.927628,7.376861,-1.226382,5.692894,-4.468427,1.470511,2.017948,2.841560,2.882867,-8.084938,-3.656776,8064.000000,0.000000,4.000000,,,,0.000000,4.000000,4.000000,4.000000,4.000000,4.000000,4.000000,4.000000,4.000000,4.000000,4.000000,4.000000,4.000000,4.000000,4.000000,4.000000,4.000000,4.000000,4.000000,2.000000,4.000000,4.000000,4.000000,4.000000,4.000000,4.000000,4.000000,4.000000,4.000000,4.000000,4.000000,4.000000,4.000000,83.333336
1614076745.914156,104.000000,0.000000,-2.457808,-7.617869,-0.437667,-5.309076,-8.821790,1.680288,-4.218660,-1.824767,-5.568790,-11.870440,-0.010071,1.532305,-12.535135,0.551572,-10.012437,36.823608,3.007899,-100.688896,3.698702,-131.094681,-47.057236,-2.411880,7.369484,-1.225156,5.687201,-9.592163,-6.736088,2.015930,2.838718,2.879984,-7.564033,-3.140299,8064.000000,0.000000,4.000000,,,,0.000000,4.000000,4.000000,4.000000,4.000000,4.000000,4.000000,4.000000,4.000000,4.000000,4.000000,4.000000,4.000000,4.000000,4.000000,4.000000,4.000000,4.000000,4.000000,2.000000,4.000000,4.000000,4.000000,4.000000,4.000000,4.000000,4.000000,4.000000,4.000000,4.000000,4.000000,4.000000,4.000000,83.333336
1614076745.921905,105.000000,0.000000,-2.455351,-7.610251,4.178155,-4.278126,-2.659122,1.678608,-4.214442,-1.310122,-5.563222,-4.679083,3.066863,1.530773,-12.522600,7.730507,-7.951142,33.709862,3.004891,-102.126671,5.746285,-131.989227,-48.548641,-3.435109,7.362114,-0.711110,6.194335,-4.454366,-6.729352,2.013914,2.835879,2.877104,-4.992366,2.503867,8064.000000,0.000000,4.000000,,,,0.000000,4.000000,4.000000,4.000000,4.000000,4.000000,4.000000,4.000000,4.000000,4.000000,4.000000,4.000000,4.000000,4.000000,4.000000,4.000000,4.000000,4.000000,4.000000,2.000000,4.000000,4.000000,4.000000,4.000000,4.000000,4.000000,4.000000,4.000000,4.000000,4.000000,4.000000,4.000000,4.000000,83.333336
1614076745.929554,106.000000,0.000000,-2.452895,-7.602641,8.276541,-2.222565,-2.143642,1.676930,-4.210227,0.742470,-5.557659,-4.161583,1.525334,2.042063,-12.510077,5.671494,-3.840627,54.701794,4.540348,-74.845055,11.381564,-131.344421,-47.474453,-4.457315,6.329111,-0.710399,5.675320,-0.860168,4.046608,2.011900,2.833044,2.874227,-3.448912,5.065465,8064.000000,0.000000,4.000000,,,,0.000000,4.000000,4.000000,4.000000,4.000000,4.000000,4.000000,4.000000,4.000000,4.000000,4.000000,4.000000,4.000000,4.000000,4.000000,4.000000,4.000000,4.000000,4.000000,2.000000,4.000000,4.000000,4.000000,4.000000,4.000000,4.000000,4.000000,4.000000,4.000000,4.000000,4.000000,4.000000,4.000000,83.333336
1614076745.937403,107.000000,0.000000,-3.988904,-7.082217,7.242624,-1.194702,-3.167140,1.675253,-4.206017,-1.822375,-5.552101,-5.183063,-2.578755,-1.549723,-12.497568,-4.077766,-11.529094,50.544529,-0.592398,-71.693283,7.267619,-136.341278,-56.657745,-2.401576,7.861244,-0.709689,5.669644,-2.397769,5.581023,2.009888,2.830210,2.871352,-3.958284,4.034759,8064.000000,0.000000,4.000000,,,,0.000000,4.000000,4.000000,4.000000,4.000000,4.000000,4.000000,4.000000,4.000000,4.000000,4.000000,4.000000,4.000000,4.000000,4.000000,4.000000,4.000000,4.000000,4.000000,2.000000,4.000000,4.000000,4.000000,4.000000,4.000000,4.000000,4.000000,4.000000,4.000000,4.000000,4.000000,4.000000,4.000000,83.333336
1614076745.945152,108.000000,0.000000,-6.549017,-7.587955,6.722560,-1.706328,-3.163973,1.673577,-4.201811,-5.923117,-5.546549,-4.152238,-5.653100,-6.163558,-12.485070,-12.791637,-28.440641,22.801676,-10.335395,-99.313904,-2.483239,-144.922897,-69.934425,-8.040200,5.802100,-2.247441,5.663975,-2.395372,-3.655327,2.007878,2.827380,2.868481,-3.954326,4.543545,8064.000000,0.000000,4.000000,,,,0.000000,4.000000,4.000000,4.000000,4.000000,4.000000,4.000000,4.000000,4.000000,4.000000,4.000000,4.000000,4.000000,4.000000,4.000000,4.000000,4.000000,4.000000,4.000000,2.000000,4.000000,4.000000,4.000000,4.000000,4.000000,4.000000,4.000000,4.000000,4.000000,4.000000,4.000000,4.000000,4.000000,83.333336
1614076745.953001,109.000000,0.000000,-6.029648,-7.580368,8.254299,-1.704621,-2.647988,1.671904,-3.684789,1.262294,-5.541002,-4.148087,-5.134626,-6.157394,-12.472586,-13.804487,-34.566048,23.804514,-12.889162,-117.676125,-9.660243,-150.931808,-73.454231,-22.903954,-2.921651,-5.322116,3.607029,-1.367335,-6.728595,2.518691,2.824553,2.865613,-3.950372,4.539001,8064.000000,0.000000,4.000000,,,,0.000000,4.000000,4.000000,4.000000,4.000000,4.000000,4.000000,4.000000,4.000000,4.000000,4.000000,4.000000,4.000000,4.000000,4.000000,4.000000,4.000000,4.000000,4.000000,2.000000,4.000000,4.000000,4.000000,4.000000,4.000000,4.000000,4.000000,4.000000,4.000000,4.000000,4.000000,4.000000,4.000000,83.333336
1614076745.960750,110.000000,0.000000,-3.459516,-7.059967,6.707583,-1.702917,-2.645340,2.183052,-4.706745,7.414877,-5.535461,-4.656759,-4.616671,-5.125596,-12.972933,-13.790683,-34.018661,23.780710,-11.337811,-122.686653,-14.778788,-155.909088,-72.355133,-25.445152,-8.559754,-9.419358,2.064960,-1.878788,-4.157764,2.003352,2.821728,2.862747,-3.946421,4.534462,8064.000000,0.000000,4.000000,,,,0.000000,4.000000,4.000000,4.000000,4.000000,4.000000,4.000000,4.000000,4.000000,4.000000,4.000000,4.000000,4.000000,4.000000,4.000000,4.000000,4.000000,4.000000,4.000000,2.000000,4.000000,4.000000,4.000000,4.000000,4.000000,4.000000,4.000000,4.000000,4.000000,4.000000,4.000000,4.000000,4.000000,83.333336
1614076745.968599,111.000000,0.000000,-2.430415,-8.591369,3.623953,-1.188393,-7.258080,0.642408,-7.266141,-4.387409,-5.529926,-7.729025,-11.278721,-7.171752,-12.447140,-20.956379,-31.933361,16.064621,-13.377756,-111.281914,-6.558880,-152.676254,-69.205856,-9.009452,-8.551195,-16.589426,1.550075,-2.389730,-5.179247,-0.562754,2.818907,2.859884,-3.942475,3.504287,8064.000000,0.000000,4.000000,,,,0.000000,4.000000,4.000000,4.000000,4.000000,4.000000,4.000000,4.000000,4.000000,4.000000,4.000000,4.000000,4.000000,4.000000,4.000000,4.000000,4.000000,4.000000,4.000000,2.000000,4.000000,4.000000,4.000000,4.000000,4.000000,4.000000,4.000000,4.000000,4.000000,4.000000,4.000000,4.000000,4.000000,83.333336
1614076745.976348,112.000000,0.000000,-2.427985,-10.634059,3.620329,-2.725667,-13.917488,-1.409517,-8.284515,-11.562509,-5.524396,-10.798219,-16.395647,-8.703042,-11.921872,-27.089270,-23.696299,30.407532,-6.697711,-84.503967,18.575884,-134.574860,-56.316139,2.281609,-7.517003,-19.649759,1.548524,-2.900161,-7.738171,-2.100653,2.816088,2.344204,-4.964173,-0.601782,8064.000000,0.000000,4.000000,,,,0.000000,4.000000,4.000000,4.000000,4.000000,4.000000,4.000000,4.000000,4.000000,4.000000,4.000000,4.000000,4.000000,4.000000,4.000000,4.000000,4.000000,4.000000,4.000000,2.000000,4.000000,4.000000,4.000000,4.000000,4.000000,4.000000,4.000000,4.000000,4.000000,4.000000,4.000000,4.000000,4.000000,83.333336
1614076745.984197,113.000000,0.000000,-2.425557,-11.136246,4.129529,-4.774223,-13.390750,-2.433748,-7.763411,1.269566,-5.518871,-12.325883,-7.148482,-6.643057,-12.935591,-21.933975,-22.134140,27.813021,8.180781,-86.983566,26.762436,-117.004387,-45.490593,-1.823236,-4.945383,-12.963444,1.546976,-1.871620,-2.089407,-1.585732,2.813272,2.854680,-3.933568,-5.729385,8064.000000,0.000000,4.000000,,,,0.000000,4.000000,4.000000,4.000000,4.000000,4.000000,4.000000,4.000000,4.000000,4.000000,4.000000,4.000000,4.000000,4.000000,4.000000,4.000000,4.000000,4.000000,4.000000,2.000000,4.000000,4.000000,4.000000,4.000000,4.000000,4.000000,4.000000,4.000000,4.000000,4.000000,4.000000,4.000000,4.000000,83.333336
1614076745.991946,114.000000,0.000000,-2.423131,-11.125110,0.535656,-5.795090,-10.300436,-1.918494,-7.755647,7.422143,-5.513352,-11.800736,2.602256,-5.097952,-11.897015,-10.629989,-20.060724,18.041618,10.223883,-103.819656,13.402340,-115.348923,-43.906639,-4.898336,-0.837874,-5.258172,2.058249,-1.356928,6.117811,-1.584146,2.810458,2.851825,-3.929634,-7.774938,8064.000000,0.000000,4.000000,,,,0.000000,4.000000,4.000000,4.000000,4.000000,4.000000,4.000000,4.000000,4.000000,4.000000,4.000000,4.000000,4.000000,4.000000,4.000000,4.000000,4.000000,4.000000,4.000000,2.000000,4.000000,4.000000,4.000000,4.000000,4.000000,4.000000,4.000000,4.000000,4.000000,4.000000,4.000000,4.000000,4.000000,83.333336
1614076745.999795,115.000000,0.000000,-2.420708,-11.113984,-4.080264,-5.276474,-11.828597,-1.916575,-7.747892,2.799336,-5.507839,-11.788936,3.112474,-6.118495,-5.218451,-4.978333,-5.168869,50.844090,3.546992,-81.664558,11.850476,-116.259216,-44.375553,1.773229,0.188605,-4.227273,1.030550,-3.406853,3.547590,-1.582562,2.807648,2.848974,-5.464166,-7.767163,8064.000000,0.000000,4.000000,,,,0.000000,4.000000,4.000000,4.000000,4.000000,4.000000,4.000000,4.000000,4.000000,4.000000,4.000000,4.000000,4.000000,4.000000,4.000000,4.000000,4.000000,4.000000,4.000000,2.000000,4.000000,4.000000,4.000000,4.000000,4.000000,4.000000,4.000000,4.000000,4.000000,4.000000,4.000000,4.000000,4.000000,83.333336
1614076746.007544,116.000000,0.000000,-0.367005,-9.051588,-4.076184,-5.271198,-14.380871,-1.914659,-7.740144,6.899101,-5.502331,-11.777146,2.596541,-4.573915,-0.597848,-5.486176,-1.061136,73.357346,2.517804,-62.608536,17.992472,-114.604492,-46.895279,0.232994,-0.324404,-5.248687,3.080802,1.211939,0.979940,-1.580979,2.292020,4.384586,-0.843318,-4.682473,8064.000000,0.000000,4.000000,,,,0.000000,4.000000,4.000000,4.000000,4.000000,4.000000,4.000000,4.000000,4.000000,4.000000,4.000000,4.000000,4.000000,4.000000,4.000000,4.000000,4.000000,4.000000,4.000000,2.000000,4.000000,4.000000,4.000000,4.000000,4.000000,4.000000,4.000000,4.000000,4.000000,4.000000,4.000000,4.000000,4.000000,83.333336
1614076746.015393,117.000000,0.000000,1.684644,-6.991254,-3.559287,-5.265926,-13.853670,-1.912744,-7.732404,7.917843,-5.496829,-11.765369,-0.482979,-2.005239,-5.212635,-8.557612,-15.931870,40.976299,4.053748,-89.725410,11.307813,-117.566811,-51.976589,-7.972367,-0.324079,-4.730618,10.257208,13.518419,12.261012,-1.579398,4.341010,8.482766,8.901115,1.988877,8064.000000,0.000000,4.000000,,,,0.000000,4.000000,4.000000,4.000000,4.000000,4.000000,4.000000,4.000000,4.000000,4.000000,4.000000,4.000000,4.000000,4.000000,4.000000,4.000000,4.000000,4.000000,4.000000,2.000000,4.000000,4.000000,4.000000,4.000000,4.000000,4.000000,4.000000,4.000000,4.000000,4.000000,4.000000,4.000000,4.000000,83.333336
1614076746.023142,118.000000,0.000000,1.170138,-7.497084,-4.068549,-5.260661,-13.839816,-1.910831,-7.724671,-2.346485,-5.491332,-11.753604,-10.226086,-1.490413,-9.309986,-11.625978,-23.608246,21.448143,3.024053,-108.610046,4.629838,-122.577454,-52.950256,-1.810549,-0.323755,-4.213067,13.836695,18.120285,17.376955,-1.577819,6.387951,10.525565,9.917855,5.063811,8064.000000,0.000000,4.000000,,,,0.000000,4.000000,4.000000,4.000000,4.000000,4.000000,4.000000,4.000000,4.000000,4.000000,4.000000,4.000000,4.000000,4.000000,4.000000,4.000000,4.000000,4.000000,4.000000,2.000000,4.000000,4.000000,4.000000,4.000000,4.000000,4.000000,4.000000,4.000000,4.000000,4.000000,4.000000,4.000000,4.000000,83.333336
1614076746.030991,119.000000,0.000000,1.168968,-7.489587,-3.551659,-5.255400,-13.825976,-1.908921,-8.229767,-5.933882,-5.485841,-11.741850,-13.292782,-2.001743,-8.787855,-15.204096,-22.046175,24.503618,2.508209,-101.834770,6.676490,-126.557434,-52.384483,11.011775,-0.323431,-2.157571,12.797216,10.409857,3.513425,-1.576241,6.894383,8.463758,6.831015,4.033106,8064.000000,0.000000,4.000000,,,,0.000000,4.000000,4.000000,4.000000,4.000000,4.000000,4.000000,4.000000,4.000000,4.000000,4.000000,4.000000,4.000000,4.000000,4.000000,4.000000,4.000000,4.000000,4.000000,2.000000,4.000000,4.000000,4.000000,4.000000,4.000000,4.000000,4.000000,4.000000,4.000000,4.000000,4.000000,4.000000,4.000000,83.333336
1614076746.038740,120.000000,0.000000,1.167799,-7.482097,-3.548108,-5.250144,-12.786510,-1.907012,-7.708717,-4.389487,-5.480355,-11.730108,-9.689746,-1.999742,-9.291888,-17.752995,-20.998489,19.350908,2.505700,-101.220116,3.080070,-133.097549,-55.409023,5.359737,-0.323108,-0.616952,12.784420,4.758422,-2.131114,-1.574665,6.374669,6.404012,7.849824,4.541893,8064.000000,0.000000,4.000000,,,,0.000000,4.000000,4.000000,4.000000,4.000000,4.000000,4.000000,4.000000,4.000000,4.000000,4.000000,4.000000,4.000000,4.000000,4.000000,4.000000,4.000000,4.000000,4.000000,2.000000,4.000000,4.000000,4.000000,4.000000,4.000000,4.000000,4.000000,4.000000,4.000000,4.000000,4.000000,4.000000,4.000000,83.333336
1614076746.046390,121.000000,0.000000,1.166632,-7.474615,-6.108662,-5.244894,-14.825005,-1.905105,-5.136906,-4.897918,-5.474874,-11.718378,-9.680057,-1.997742,-5.692853,-16.196779,-17.900566,34.203354,3.016015,-94.452225,3.076990,-138.092651,-56.892075,-7.978956,-0.835605,-1.129156,13.284455,5.266484,5.563325,-1.573090,6.368294,6.397608,3.739411,4.537352,8064.000000,0.000000,4.000000,,,,0.000000,4.000000,4.000000,4.000000,4.000000,4.000000,4.000000,4.000000,4.000000,4.000000,4.000000,4.000000,4.000000,4.000000,4.000000,4.000000,4.000000,4.000000,4.000000,2.000000,4.000000,4.000000,4.000000,4.000000,4.000000,4.000000,4.000000,4.000000,4.000000,4.000000,4.000000,4.000000,4.000000,83.333336
1614076746.054139,122.000000,0.000000,1.165465,-7.467140,-7.641015,-5.239649,-13.271718,-1.903200,-3.593307,-1.303276,-5.469400,-11.706660,-6.593453,-1.995744,2.517968,-11.565198,-15.318563,46.476841,4.551461,-82.050079,12.817503,-135.390457,-52.219799,-6.945336,-0.321949,-1.128027,12.758350,5.774038,2.993659,-1.571517,6.361926,6.391210,-3.443816,4.532814,8064.000000,0.000000,4.000000,,,,0.000000,4.000000,4.000000,4.000000,4.000000,4.000000,4.000000,4.000000,4.000000,4.000000,4.000000,4.000000,4.000000,4.000000,4.000000,4.000000,4.000000,4.000000,4.000000,2.000000,4.000000,4.000000,4.000000,4.000000,4.000000,4.000000,4.000000,4.000000,4.000000,4.000000,4.000000,4.000000,4.000000,83.333336
1614076746.061788,123.000000,0.000000,1.164299,-7.972494,-7.633374,-5.234410,-5.566139,-1.901296,-4.615355,3.313411,-5.463931,-11.694953,2.643910,-1.993748,6.618014,-9.502351,-13.251964,32.071392,5.572550,-93.250084,14.855968,-126.537117,-48.065014,-0.784544,1.729655,-1.126899,12.745592,4.742623,-5.727283,-1.569946,6.355564,6.384819,-2.927552,4.528281,8064.000000,0.000000,4.000000,,,,0.000000,4.000000,4.000000,4.000000,4.000000,4.000000,4.000000,4.000000,4.000000,4.000000,4.000000,4.000000,4.000000,4.000000,4.000000,4.000000,4.000000,4.000000,4.000000,2.000000,4.000000,4.000000,4.000000,4.000000,4.000000,4.000000,4.000000,4.000000,4.000000,4.000000,4.000000,4.000000,4.000000,83.333336
1614076746.069537,124.000000,0.000000,1.163135,-6.938880,-7.112920,-5.229175,-4.022111,-1.899395,-4.097919,2.797278,-5.458467,-11.683258,7.769471,-1.991755,6.098576,-6.415926,-6.059224,38.193165,10.182363,-102.387604,4.584702,-114.615707,-48.016949,6.908548,3.779207,-1.125772,12.732847,4.737880,-2.131813,-1.568376,6.349208,6.378434,0.152299,2.985291,8064.000000,0.000000,4.000000,,,,0.000000,4.000000,4.000000,4.000000,4.000000,4.000000,4.000000,4.000000,4.000000,4.000000,4.000000,4.000000,4.000000,4.000000,4.000000,4.000000,4.000000,4.000000,4.000000,2.000000,4.000000,4.000000,4.000000,4.000000,4.000000,4.000000,4.000000,4.000000,4.000000,4.000000,4.000000,4.000000,4.000000,83.333336
1614076746.077186,125.000000,0.000000,1.161972,-4.880659,-7.105807,-5.223946,-12.223217,-1.897496,-1.529719,3.307301,-5.965828,-11.671575,7.248881,-1.476942,7.630939,-4.358228,-0.924960,44.308819,15.813206,-90.490341,1.503194,-107.834427,-48.481754,9.465742,5.826710,-1.124646,13.232934,5.245963,3.511345,-1.053987,6.342859,4.833594,-0.360674,-0.607437,8064.000000,0.000000,4.000000,,,,0.000000,4.000000,4.000000,4.000000,4.000000,4.000000,4.000000,4.000000,4.000000,4.000000,4.000000,4.000000,4.000000,4.000000,4.000000,4.000000,4.000000,4.000000,4.000000,2.000000,4.000000,4.000000,4.000000,4.000000,4.000000,4.000000,4.000000,4.000000,4.000000,4.000000,4.000000,4.000000,4.000000,83.333336
1614076746.084935,126.000000,0.000000,1.160810,-3.337317,-7.098701,-5.218722,-15.287917,-1.895598,0.010273,5.868096,-4.934222,-11.659904,6.215991,-1.988286,5.572026,-6.917972,-3.488137,22.213228,11.182008,-91.425491,3.040152,-117.470184,-46.894810,-3.877057,7.359345,-1.123521,13.219702,6.266358,1.969372,-1.565753,6.849337,2.777478,-0.873134,-3.170933,8064.000000,0.000000,4.000000,,,,0.000000,4.000000,4.000000,4.000000,4.000000,4.000000,4.000000,4.000000,4.000000,4.000000,4.000000,4.000000,4.000000,4.000000,4.000000,4.000000,4.000000,4.000000,4.000000,2.000000,4.000000,4.000000,4.000000,4.000000,4.000000,4.000000,4.000000,4.000000,4.000000,4.000000,4.000000,4.000000,4.000000,83.333336
1614076746.092584,127.000000,0.000000,1.159649,-3.846800,-6.065962,-5.213503,-9.631603,-1.893703,0.010262,7.400690,-2.878006,-9.596962,5.696955,-1.986297,5.566454,-2.808490,-2.459008,34.498707,8.093903,-94.923813,2.011471,-124.019379,-47.873558,-9.514206,6.839165,-0.609577,12.693662,5.234450,1.967403,-1.051367,6.329667,2.774701,0.153380,-3.680582,8064.000000,0.000000,4.000000,,,,0.000000,4.000000,4.000000,4.000000,4.000000,4.000000,4.000000,4.000000,4.000000,4.000000,4.000000,4.000000,4.000000,4.000000,4.000000,4.000000,4.000000,4.000000,4.000000,2.000000,4.000000,4.000000,4.000000,4.000000,4.000000,4.000000,4.000000,4.000000,4.000000,4.000000,4.000000,4.000000,4.000000,83.333336
1614076746.100334,0.000000,0.000000,1.671310,-3.842953,-3.495793,-5.208290,-6.032228,-1.891809,0.010252,6.880468,-1.336666,-7.536082,8.255360,-0.958670,10.689093,7.963550,1.646015,67.284721,16.803757,-66.623764,9.188947,-112.613312,-47.825684,6.392745,7.345146,-1.121788,13.193789,5.229216,2.991076,-1.050316,6.323337,2.771926,-0.359593,-3.164081,0.000000,203.000000,4.000000,,,,0.000000,4.000000,4.000000,4.000000,4.000000,4.000000,4.000000,4.000000,4.000000,4.000000,4.000000,4.000000,4.000000,4.000000,4.000000,4.000000,4.000000,4.000000,4.000000,2.000000,4.000000,4.000000,4.000000,4.000000,4.000000,4.000000,4.000000,4.000000,4.000000,4.000000,4.000000,4.000000,4.000000,83.333336
1614076746.107983,1.000000,0.000000,1.156818,-3.839111,-2.466656,-5.203082,-6.539017,-1.889917,-1.015399,5.847947,-1.848150,-8.554188,1.580438,-3.008994,2.986096,1.288919,-7.073580,51.320000,14.222851,-58.864830,15.333604,-111.987877,-46.752216,3.309428,7.850622,-0.607846,12.154953,6.762448,-1.114479,-4.639009,7.342655,2.769154,-0.359234,-3.160917,0.000000,198.000000,4.000000,,,,0.000000,4.000000,4.000000,4.000000,4.000000,4.000000,4.000000,4.000000,4.000000,4.000000,4.000000,4.000000,4.000000,4.000000,4.000000,4.000000,4.000000,4.000000,4.000000,2.000000,4.000000,4.000000,4.000000,4.000000,4.000000,4.000000,4.000000,4.000000,4.000000,4.000000,4.000000,4.000000,4.000000,83.333336
1614076746.115732,2.000000,0.000000,-1.408441,-3.835271,-5.541113,-5.197878,-6.532478,-1.888027,-4.604127,3.790817,-1.333481,-11.109735,-16.882681,-10.185472,-18.042532,-19.738010,-25.015224,18.960987,-5.791372,-91.113655,4.036219,-134.439987,-53.884953,-20.796446,4.253027,-0.607238,7.014593,2.140301,-5.215929,-8.736934,5.284030,3.279206,0.153946,-3.157756,0.000000,199.000000,4.000000,,,,0.000000,4.000000,4.000000,4.000000,4.000000,4.000000,4.000000,4.000000,4.000000,4.000000,4.000000,4.000000,4.000000,4.000000,4.000000,4.000000,4.000000,4.000000,4.000000,2.000000,4.000000,4.000000,4.000000,4.000000,4.000000,4.000000,4.000000,4.000000,4.000000,4.000000,4.000000,4.000000,4.000000,83.333336
1614076746.123381,3.000000,0.000000,-2.945494,-3.831436,-9.638136,-5.192681,-6.013125,-2.398960,-7.676446,0.710103,-0.819327,-12.124268,-23.532465,-14.277850,-20.588591,-24.333658,-30.631235,15.865104,-15.016350,-107.432800,-0.070382,-147.126068,-65.625938,-17.185905,-0.366610,-4.709195,0.340912,-7.605429,-5.723533,-9.241017,-1.387921,2.763106,-1.897490,-3.154598,0.000000,187.000000,4.000000,,,,0.000000,4.000000,4.000000,4.000000,4.000000,4.000000,4.000000,4.000000,4.000000,4.000000,4.000000,4.000000,4.000000,4.000000,4.000000,4.000000,4.000000,4.000000,4.000000,2.000000,4.000000,4.000000,4.000000,4.000000,4.000000,4.000000,4.000000,4.000000,4.000000,4.000000,4.000000,4.000000,4.000000,83.333336
1614076746.131130,4.000000,0.000000,-2.429728,-3.827605,-11.166959,-5.187488,-6.007112,-1.370920,-8.181590,-0.829069,-2.356969,-12.112143,-13.252522,-11.699470,-5.696208,-14.052914,-22.395475,36.362061,-10.385949,-82.197159,2.493791,-142.876373,-70.688515,0.779999,-0.879064,-11.883973,-3.761993,-13.751670,-7.256271,-8.718956,-5.489097,0.709061,-3.946875,-3.151443,0.000000,201.000000,4.000000,,,,0.000000,4.000000,4.000000,4.000000,4.000000,4.000000,4.000000,4.000000,4.000000,4.000000,4.000000,4.000000,4.000000,4.000000,4.000000,4.000000,4.000000,4.000000,4.000000,2.000000,4.000000,4.000000,4.000000,4.000000,4.000000,4.000000,4.000000,4.000000,4.000000,4.000000,4.000000,4.000000,4.000000,83.333336
1614076746.138779,5.000000,0.000000,-2.940119,-3.823777,-10.642972,-5.182301,-6.513925,0.681733,-7.660588,-1.341060,-0.816151,-9.535928,-7.598244,-9.123668,-4.152050,-11.987578,-17.244875,37.864159,-11.914024,-88.781631,-19.047163,-145.297592,-72.669113,-11.528474,-1.391006,-15.461833,-5.296692,-13.225098,-9.813117,-8.710238,-4.970788,-0.830110,-4.455748,-2.635472,0.000000,221.000000,4.000000,,,,0.000000,4.000000,4.000000,4.000000,4.000000,4.000000,4.000000,4.000000,4.000000,4.000000,4.000000,4.000000,4.000000,4.000000,4.000000,4.000000,4.000000,4.000000,4.000000,2.000000,4.000000,4.000000,4.000000,4.000000,4.000000,4.000000,4.000000,4.000000,4.000000,4.000000,4.000000,4.000000,4.000000,83.333336
1614076746.146528,6.000000,0.000000,-1.911538,-3.819953,-10.632329,-5.177118,-6.507411,2.219513,-7.652927,-0.826899,1.748768,-5.423828,-8.616286,-9.114544,-6.712001,-15.052514,-19.278912,31.672449,-12.927752,-109.718491,-33.899910,-147.203583,-73.109261,-23.311817,-3.953717,-17.497652,-5.804216,-12.699052,-7.752022,-6.137424,-4.452996,-0.829280,-3.938472,-3.145657,0.000000,183.000000,4.000000,,,,0.000000,4.000000,4.000000,4.000000,4.000000,4.000000,4.000000,4.000000,4.000000,4.000000,4.000000,4.000000,4.000000,4.000000,4.000000,4.000000,4.000000,4.000000,4.000000,2.000000,4.000000,4.000000,4.000000,4.000000,4.000000,4.000000,4.000000,4.000000,4.000000,4.000000,4.000000,4.000000,4.000000,83.333336
1614076746.154177,7.000000,0.000000,0.654476,-3.816133,-11.134517,-5.171941,-6.500904,1.704473,-7.645275,-0.826072,-3.894006,-3.879943,-5.530747,-9.105430,1.499840,-9.909256,-16.695530,41.384365,-2.145593,-84.993385,-2.071140,-132.697403,-63.805382,-3.801326,-4.462584,-19.018616,-5.798412,-13.199173,-5.180168,-4.592825,-4.961364,-2.366912,-3.934534,-4.680973,0.000000,182.000000,4.000000,,,,0.000000,4.000000,4.000000,4.000000,4.000000,4.000000,4.000000,4.000000,4.000000,4.000000,4.000000,4.000000,4.000000,4.000000,4.000000,4.000000,4.000000,4.000000,4.000000,2.000000,4.000000,4.000000,4.000000,4.000000,4.000000,4.000000,4.000000,4.000000,4.000000,4.000000,4.000000,4.000000,4.000000,83.333336
1614076746.162026,8.000000,0.000000,1.679463,-3.812317,-10.610562,-5.679590,-5.981582,1.702769,-7.637630,-0.825246,-12.608061,-3.363242,-6.038037,-9.096324,-0.040122,-5.283962,-16.678835,45.958366,4.523220,-67.472496,18.956572,-119.231377,-53.485168,8.510168,-3.945301,-19.512419,-5.279793,-13.185974,-5.174987,-5.613873,-4.443582,-4.928648,-3.930599,-7.240394,0.000000,178.000000,4.000000,,,,0.000000,4.000000,4.000000,4.000000,4.000000,4.000000,4.000000,4.000000,4.000000,4.000000,4.000000,4.000000,4.000000,4.000000,4.000000,4.000000,4.000000,4.000000,4.000000,2.000000,4.000000,4.000000,4.000000,4.000000,4.000000,4.000000,4.000000,4.000000,4.000000,4.000000,4.000000,4.000000,4.000000,83.333336
1614076746.169776,9.000000,0.000000,1.164963,-3.808505,-10.599952,-5.161089,-6.488421,1.701066,-7.629992,-0.824420,-13.621094,-4.385520,-11.160204,-9.087228,-14.911877,-7.329960,-28.969849,26.425228,-1.635150,-95.097328,-0.549564,-125.778809,-55.482964,-6.370137,-3.941355,-18.980085,-5.274514,-12.659967,-5.169813,-4.582619,-4.439138,-4.923719,-3.926668,-6.720333,0.000000,214.000000,4.000000,,,,0.000000,4.000000,4.000000,4.000000,4.000000,4.000000,4.000000,4.000000,4.000000,4.000000,4.000000,4.000000,4.000000,4.000000,4.000000,4.000000,4.000000,4.000000,4.000000,2.000000,4.000000,4.000000,4.000000,4.000000,4.000000,4.000000,4.000000,4.000000,4.000000,4.000000,4.000000,4.000000,4.000000,83.333336
1614076746.177625,10.000000,0.000000,1.676618,-4.317517,-10.589352,-4.130288,-8.020394,1.699365,-7.622362,-0.823596,-12.069012,-9.509339,-12.687506,-9.078141,-21.563631,-8.861092,-34.069084,23.834700,-7.787361,-104.233002,-4.138758,-136.422256,-60.555687,-16.620176,-4.450235,-18.961105,-5.269239,-12.647307,-5.164643,-2.013933,-4.434699,-4.405975,-3.922742,-5.687972,0.000000,198.000000,4.000000,,,,0.000000,4.000000,4.000000,4.000000,4.000000,4.000000,4.000000,4.000000,4.000000,4.000000,4.000000,4.000000,4.000000,4.000000,4.000000,4.000000,4.000000,4.000000,4.000000,2.000000,4.000000,4.000000,4.000000,4.000000,4.000000,4.000000,4.000000,4.000000,4.000000,4.000000,4.000000,4.000000,4.000000,83.333336
1614076746.185374,11.000000,0.000000,0.136480,-3.800379,-10.578762,-5.664618,-10.063656,1.697665,-7.614739,-0.822772,-13.082583,-15.140856,-11.649177,-9.069062,-18.977964,-9.365051,-24.291424,47.913429,-9.830855,-84.641594,10.224356,-138.337128,-62.033592,-13.526634,-7.009887,-18.942144,-5.263970,-12.634660,-5.159478,-0.986279,-4.430264,-4.401569,-3.405998,-6.707925,0.000000,199.000000,4.000000,,,,0.000000,4.000000,4.000000,4.000000,4.000000,4.000000,4.000000,4.000000,4.000000,4.000000,4.000000,4.000000,4.000000,4.000000,4.000000,4.000000,4.000000,4.000000,4.000000,2.000000,4.000000,4.000000,4.000000,4.000000,4.000000,4.000000,4.000000,4.000000,4.000000,4.000000,4.000000,4.000000,4.000000,83.333336
1614076746.193223,12.000000,0.000000,-4.479041,-1.745296,-11.081004,-5.146133,-10.566413,1.695968,-7.607125,-0.821950,-12.556681,-16.151356,-12.663169,-9.572814,-20.497448,-14.483891,-24.779953,40.686028,-10.333845,-85.582588,2.521823,-140.250061,-65.048485,-13.000287,-8.028518,-18.923203,-5.258706,-12.622025,-5.154318,-1.498113,-4.425834,-4.397167,-3.402592,-6.701217,0.000000,205.000000,4.000000,,,,0.000000,4.000000,4.000000,4.000000,4.000000,4.000000,4.000000,4.000000,4.000000,4.000000,4.000000,4.000000,4.000000,4.000000,4.000000,4.000000,4.000000,4.000000,4.000000,2.000000,4.000000,4.000000,4.000000,4.000000,4.000000,4.000000,4.000000,4.000000,4.000000,4.000000,4.000000,4.000000,4.000000,83.333336
1614076746.200972,13.000000,0.000000,-6.013023,0.307731,-11.582744,2.551320,-10.043026,1.694272,-6.061056,-0.821128,-9.980021,-15.109564,-12.650506,-8.537601,-19.451311,-17.546331,-31.421841,9.876112,-9.297871,-93.702133,-0.557622,-145.750839,-66.521896,-15.038568,-5.969208,-18.904280,-5.253447,-12.609404,-5.149164,-1.496615,-3.908588,-4.392770,-3.912010,-2.591952,0.000000,196.000000,4.000000,,,,0.000000,4.000000,4.000000,4.000000,4.000000,4.000000,4.000000,4.000000,4.000000,4.000000,4.000000,4.000000,4.000000,4.000000,4.000000,4.000000,4.000000,4.000000,4.000000,2.000000,4.000000,4.000000,4.000000,4.000000,4.000000,4.000000,4.000000,4.000000,4.000000,4.000000,4.000000,4.000000,4.000000,83.333336
1614076746.208821,14.000000,0.000000,-3.955728,-0.205397,-10.545520,5.112872,-10.545803,1.692577,-4.003713,-1.333127,-8.431580,-15.094454,-12.125034,-3.913678,-11.739552,-15.990323,-24.723751,16.020082,-8.262932,-92.582794,8.160885,-147.143555,-64.916908,-14.510710,-4.424777,-18.885374,-4.735373,-12.596794,-5.144015,-1.495118,-3.904679,-4.388377,-3.395278,-3.102180,0.000000,203.000000,4.000000,,,,0.000000,4.000000,4.000000,4.000000,4.000000,4.000000,4.000000,4.000000,4.000000,4.000000,4.000000,4.000000,4.000000,4.000000,4.000000,4.000000,4.000000,4.000000,4.000000,2.000000,4.000000,4.000000,4.000000,4.000000,4.000000,4.000000,4.000000,4.000000,4.000000,4.000000,4.000000,4.000000,4.000000,83.333336
1614076746.216570,15.000000,0.000000,-2.413311,-0.205192,-10.534974,-5.661472,-12.073719,1.690885,-3.999709,-0.818973,-8.935968,-16.105001,-12.625731,-1.345662,-7.625247,-18.538435,-20.596464,33.439960,-7.229028,-99.156876,-4.667789,-145.457947,-69.467377,-13.983378,-3.907531,-18.866489,-6.781920,-12.584197,-5.138871,-1.493623,-5.952056,-4.383989,-3.904703,-12.842668,0.000000,206.000000,4.000000,,,,0.000000,4.000000,4.000000,4.000000,4.000000,4.000000,4.000000,4.000000,4.000000,4.000000,4.000000,4.000000,4.000000,4.000000,4.000000,4.000000,4.000000,4.000000,4.000000,2.000000,4.000000,4.000000,4.000000,4.000000,4.000000,4.000000,4.000000,4.000000,4.000000,4.000000,4.000000,4.000000,4.000000,83.333336
1614076746.224419,16.000000,0.000000,-2.410898,-0.204987,-13.088542,-12.322477,-14.625748,1.176374,-3.995709,-0.305334,-9.439853,-15.063254,-11.587463,-1.857137,-8.130443,-19.545538,-22.627150,26.227032,-5.170516,-99.570541,-18.509275,-145.825317,-74.013298,-13.969395,-1.852342,-19.360443,-8.826420,-12.571613,-5.133732,-1.492129,-7.484566,-4.379605,-8.003363,-18.470850,0.000000,186.000000,4.000000,,,,0.000000,4.000000,4.000000,4.000000,4.000000,4.000000,4.000000,4.000000,4.000000,4.000000,4.000000,4.000000,4.000000,4.000000,4.000000,4.000000,4.000000,4.000000,4.000000,2.000000,4.000000,4.000000,4.000000,4.000000,4.000000,4.000000,4.000000,4.000000,4.000000,4.000000,4.000000,4.000000,4.000000,83.333336
1614076746.232168,17.000000,0.000000,-2.408487,-0.204782,-4.870325,-7.694770,-13.072660,1.688018,-3.991714,-1.330670,-7.379131,-9.407166,-6.960491,-1.342459,-8.122313,-7.218300,-16.450676,31.329010,-3.626884,-84.599174,-4.131792,-144.653839,-62.144413,-13.442605,0.200792,-18.315441,-8.817594,-12.046221,-5.128599,-0.977817,-7.989902,-4.375226,-11.585103,-15.888277,0.000000,193.000000,4.000000,,,,0.000000,4.000000,4.000000,4.000000,4.000000,4.000000,4.000000,4.000000,4.000000,4.000000,4.000000,4.000000,4.000000,4.000000,4.000000,4.000000,4.000000,4.000000,4.000000,2.000000,4.000000,4.000000,4.000000,4.000000,4.000000,4.000000,4.000000,4.000000,4.000000,4.000000,4.000000,4.000000,4.000000,83.333336
1614076746.240017,18.000000,0.000000,-1.893258,-0.204577,11.544802,-4.097332,-6.392921,4.250432,-3.987722,-0.303698,-3.782008,-2.731092,-1.825326,-0.828296,-5.550087,6.635072,-10.280379,59.502811,-4.136078,-75.796631,8.180033,-141.945084,-49.261753,-13.429162,0.200592,-15.733024,-7.783135,-12.546995,-4.610650,-0.976839,-9.520373,-4.370850,-11.060698,-13.821107,0.000000,219.000000,4.000000,,,,0.000000,4.000000,4.000000,4.000000,4.000000,4.000000,4.000000,4.000000,4.000000,4.000000,4.000000,4.000000,4.000000,4.000000,4.000000,4.000000,4.000000,4.000000,4.000000,2.000000,4.000000,4.000000,4.000000,4.000000,4.000000,4.000000,4.000000,4.000000,4.000000,4.000000,4.000000,4.000000,4.000000,83.333336
1614076746.247766,19.000000,0.000000,-2.404185,-0.204372,14.610180,-4.093235,-2.283964,5.784643,-3.983734,4.824811,-1.726944,-3.754002,1.253423,-2.365929,-4.006076,0.474591,-12.834202,63.033051,-4.131942,-79.310577,7.146212,-140.777496,-53.827877,-14.441374,-0.312430,-15.204471,-9.313813,-12.534449,-5.118859,-1.488683,-11.562136,-4.366479,-11.049637,-11.243183,0.000000,190.000000,4.000000,,,,0.000000,4.000000,4.000000,4.000000,4.000000,4.000000,4.000000,4.000000,4.000000,4.000000,4.000000,4.000000,4.000000,4.000000,4.000000,4.000000,4.000000,4.000000,4.000000,2.000000,4.000000,4.000000,4.000000,4.000000,4.000000,4.000000,4.000000,4.000000,4.000000,4.000000,4.000000,4.000000,4.000000,83.333336
1614076746.255615,20.000000,0.000000,-2.401781,-0.204168,8.441724,-2.037859,-2.281680,5.266038,-3.979751,5.845627,-0.699576,-6.827171,-2.337574,-0.825102,-5.027711,-18.500242,-18.462393,30.662325,-4.127810,-100.256905,6.113424,-140.636719,-57.876614,-14.939754,0.200703,-14.676445,-7.766038,-8.419350,-5.113740,-0.974373,-12.063394,-4.362113,-11.551407,-3.539633,0.000000,190.000000,4.000000,,,,0.000000,4.000000,4.000000,4.000000,4.000000,4.000000,4.000000,4.000000,4.000000,4.000000,4.000000,4.000000,4.000000,4.000000,4.000000,4.000000,4.000000,4.000000,4.000000,2.000000,4.000000,4.000000,4.000000,4.000000,4.000000,4.000000,4.000000,4.000000,4.000000,4.000000,4.000000,4.000000,4.000000,83.333336
1614076746.263364,21.000000,0.000000,-1.373738,-0.203964,6.894821,-1.523001,-2.792219,5.773592,-3.975771,1.224397,-2.750159,-7.333164,-15.668571,-2.362738,-10.150888,-26.686871,-31.777264,-1.676029,-4.636503,-126.310493,-3.123458,-142.034546,-56.280277,-12.873531,-0.312318,-11.584846,-4.681349,-4.821187,-4.082985,-0.973399,-11.538509,-4.357751,-8.975754,1.079292,0.000000,194.000000,4.000000,,,,0.000000,4.000000,4.000000,4.000000,4.000000,4.000000,4.000000,4.000000,4.000000,4.000000,4.000000,4.000000,4.000000,4.000000,4.000000,4.000000,4.000000,4.000000,4.000000,2.000000,4.000000,4.000000,4.000000,4.000000,4.000000,4.000000,4.000000,4.000000,4.000000,4.000000,4.000000,4.000000,4.000000,83.333336
1614076746.271213,22.000000,0.000000,-3.936467,-0.203760,4.323823,-1.521478,-5.353529,3.716537,-3.458975,-0.828110,-7.875614,-13.479677,-24.370850,-12.103965,-14.243301,-28.198645,-40.976257,24.479492,-4.119046,-116.440590,-14.915207,-147.020721,-73.659889,-16.963223,-3.388929,-11.060441,-9.292052,-6.867648,-7.668646,-6.100631,-11.526971,-4.353393,-7.428316,1.078212,0.000000,199.000000,4.000000,,,,0.000000,4.000000,4.000000,4.000000,4.000000,4.000000,4.000000,4.000000,4.000000,4.000000,4.000000,4.000000,4.000000,4.000000,4.000000,4.000000,4.000000,4.000000,4.000000,2.000000,4.000000,4.000000,4.000000,4.000000,4.000000,4.000000,4.000000,4.000000,4.000000,4.000000,4.000000,4.000000,4.000000,83.333336
1614076746.278962,23.000000,0.000000,-9.060736,-0.203556,0.216935,-1.519956,-10.476381,-2.953846,-5.506798,-1.852922,-12.995943,-25.261070,-23.320839,-21.835451,-15.254700,-33.811474,-38.371178,57.275528,-4.114927,-99.401077,-13.361830,-152.514725,-96.150337,-25.664207,-7.488104,-14.126303,-18.000710,-8.912062,-15.353285,-12.248376,-12.028265,-4.861860,-7.420888,-0.461327,0.000000,187.000000,4.000000,,,,0.000000,4.000000,4.000000,4.000000,4.000000,4.000000,4.000000,4.000000,4.000000,4.000000,4.000000,4.000000,4.000000,4.000000,4.000000,4.000000,4.000000,4.000000,4.000000,2.000000,4.000000,4.000000,4.000000,4.000000,4.000000,4.000000,4.000000,4.000000,4.000000,4.000000,4.000000,4.000000,4.000000,83.333336
1614076746.286611,24.000000,0.000000,-9.564495,-0.203353,2.268000,-2.031257,-9.953084,-6.027815,-8.065393,-7.492095,-14.008589,-26.774269,-23.810337,-20.275154,-17.290726,-36.341763,-41.409729,31.577225,-4.623632,-114.173470,-8.220263,-152.875031,-94.515724,-21.023159,-9.019077,-15.650639,-21.572453,-8.903150,-16.876394,-13.261769,-11.503416,-4.344178,-7.413467,1.077596,0.000000,190.000000,4.000000,,,,0.000000,4.000000,4.000000,4.000000,4.000000,4.000000,4.000000,4.000000,4.000000,4.000000,4.000000,4.000000,4.000000,4.000000,4.000000,4.000000,4.000000,4.000000,4.000000,2.000000,4.000000,4.000000,4.000000,4.000000,4.000000,4.000000,4.000000,4.000000,4.000000,4.000000,4.000000,4.000000,4.000000,83.333336
1614076746.294360,25.000000,0.000000,-6.478008,-0.203149,3.291373,1.047697,-6.866208,-2.944865,-6.006046,-7.484603,-11.430477,-14.952624,-20.709604,-11.024110,-16.247795,-31.177216,-39.829857,6.417443,-1.029265,-111.495193,-8.724863,-146.568314,-81.600693,-4.591879,-5.933135,-15.122168,-20.525238,-8.894247,-16.346697,-12.222866,-8.414989,-4.339834,-7.918874,5.179082,0.000000,206.000000,4.000000,,,,0.000000,4.000000,4.000000,4.000000,4.000000,4.000000,4.000000,4.000000,4.000000,4.000000,4.000000,4.000000,4.000000,4.000000,4.000000,4.000000,4.000000,4.000000,4.000000,2.000000,4.000000,4.000000,4.000000,4.000000,4.000000,4.000000,4.000000,4.000000,4.000000,4.000000,4.000000,4.000000,4.000000,83.333336
1614076746.302009,26.000000,0.000000,-5.445889,-0.202946,3.800903,5.149214,-6.346521,1.160644,-0.871835,2.266471,-5.265201,-7.245364,-6.842741,-3.833598,-4.436675,-27.556295,-19.790028,33.590511,3.587149,-89.845238,-8.716138,-140.267899,-77.929352,-2.023185,-1.311817,-15.107045,-17.940611,-8.885352,-17.355991,-12.723464,-7.893754,-5.361135,-6.885314,7.738006,0.000000,144.000000,4.000000,,,,0.000000,4.000000,4.000000,4.000000,4.000000,4.000000,4.000000,4.000000,4.000000,4.000000,4.000000,4.000000,4.000000,4.000000,4.000000,4.000000,4.000000,4.000000,4.000000,2.000000,4.000000,4.000000,4.000000,4.000000,4.000000,4.000000,4.000000,4.000000,4.000000,4.000000,4.000000,4.000000,4.000000,83.333336
1614076746.309758,27.000000,0.000000,-6.466084,-2.254025,6.874025,6.169705,-6.340175,1.672304,1.180319,6.879590,-0.644551,-7.750939,0.343589,-1.265662,3.260069,-23.426174,-15.154854,36.121025,2.045100,-107.704109,-8.707422,-140.127625,-76.825783,-7.662187,0.227956,-15.091938,-17.409849,-8.876468,-11.184789,-12.710740,-8.398681,-2.791671,-4.827147,8.755909,0.000000,195.000000,4.000000,,,,0.000000,4.000000,4.000000,4.000000,4.000000,4.000000,4.000000,4.000000,4.000000,4.000000,4.000000,4.000000,4.000000,4.000000,4.000000,4.000000,4.000000,4.000000,4.000000,2.000000,4.000000,4.000000,4.000000,4.000000,4.000000,4.000000,4.000000,4.000000,4.000000,4.000000,4.000000,4.000000,4.000000,83.333336
1614076746.317408,28.000000,0.000000,-5.946797,-3.790233,6.867151,5.650715,-6.333835,1.670632,-1.897784,2.257325,-1.156727,-7.743188,-4.784960,-2.802858,-3.409858,-17.761723,-30.524315,14.033621,-3.085150,-117.339996,-7.673074,-139.987503,-72.133568,1.576244,-0.285092,-15.589666,-16.366798,-9.380411,-1.942835,-12.185209,-4.800539,2.339326,-3.796679,10.285614,0.000000,151.000000,4.000000,,,,0.000000,4.000000,4.000000,4.000000,4.000000,4.000000,4.000000,4.000000,4.000000,4.000000,4.000000,4.000000,4.000000,4.000000,4.000000,4.000000,4.000000,4.000000,4.000000,2.000000,4.000000,4.000000,2.000000,4.000000,4.000000,4.000000,4.000000,4.000000,4.000000,4.000000,4.000000,4.000000,4.000000,66.666664
1614076746.325157,29.000000,0.000000,-5.940850,-3.786443,7.885924,5.645065,-6.327501,1.668961,-6.511271,-1.334676,-1.668391,-6.709804,-8.369919,-4.851337,-8.021832,-15.692679,-27.416866,40.686253,-4.620526,-84.402145,-2.537195,-131.129562,-60.779385,12.343899,-0.284807,-15.061256,-6.094021,-7.832569,-1.940892,-10.121741,1.870929,3.875448,-2.767241,12.326611,0.000000,200.000000,4.000000,,,,0.000000,4.000000,4.000000,4.000000,4.000000,4.000000,4.000000,4.000000,4.000000,4.000000,4.000000,4.000000,4.000000,4.000000,4.000000,4.000000,4.000000,4.000000,4.000000,2.000000,4.000000,4.000000,2.000000,4.000000,4.000000,4.000000,4.000000,4.000000,4.000000,4.000000,4.000000,4.000000,4.000000,66.666664
1614076746.332806,30.000000,0.000000,-5.934910,-3.782656,15.570346,6.152240,-6.321173,2.180113,-8.043221,-0.820520,-1.153902,-7.215914,-4.258985,-5.359306,0.191318,-9.010320,-12.004834,73.466080,-3.590265,-70.471588,2.593547,-124.331764,-53.026299,4.126427,0.228298,-11.969272,5.194124,-5.260634,-5.015874,-6.521876,3.920340,2.845932,-0.200371,11.288643,0.000000,194.000000,4.000000,,,,0.000000,4.000000,4.000000,4.000000,4.000000,4.000000,4.000000,4.000000,4.000000,4.000000,4.000000,4.000000,4.000000,4.000000,4.000000,4.000000,4.000000,4.000000,4.000000,2.000000,4.000000,4.000000,2.000000,4.000000,4.000000,4.000000,4.000000,4.000000,4.000000,4.000000,4.000000,4.000000,4.000000,66.666664
1614076746.340555,31.000000,0.000000,-5.928975,-3.778873,16.580418,8.710191,-6.314852,1.665112,-7.522357,-0.306879,-1.152748,-7.208698,-3.229084,-4.841126,5.319332,1.255100,-10.454368,70.828514,-4.099495,-94.503677,4.129415,-124.207436,-56.563015,-6.646930,-0.284751,-7.854739,3.137648,-4.742553,-1.933935,-4.464073,3.403599,3.355906,0.312650,11.277354,0.000000,180.000000,4.000000,,,,0.000000,4.000000,4.000000,4.000000,4.000000,4.000000,4.000000,4.000000,4.000000,4.000000,4.000000,4.000000,4.000000,4.000000,4.000000,4.000000,4.000000,4.000000,4.000000,2.000000,4.000000,4.000000,2.000000,4.000000,4.000000,4.000000,4.000000,4.000000,4.000000,4.000000,4.000000,4.000000,4.000000,66.666664
1614076746.348204,32.000000,0.000000,-5.923046,-3.775095,8.871529,9.727121,-6.308537,1.663447,-7.514835,-1.332214,-2.177236,-7.201489,-8.866881,-5.349106,-2.891116,-11.053847,-23.264427,38.449993,-4.095396,-107.229691,3.099644,-123.057587,-59.583374,-6.640284,-0.284466,-7.334064,-1.480874,-5.250631,0.119281,-4.972429,2.887375,3.352550,-0.200483,11.778897,8064.000000,0.000000,4.000000,,,,0.000000,4.000000,4.000000,4.000000,4.000000,4.000000,4.000000,4.000000,4.000000,4.000000,4.000000,4.000000,4.000000,4.000000,4.000000,4.000000,4.000000,4.000000,4.000000,2.000000,4.000000,4.000000,2.000000,4.000000,4.000000,4.000000,4.000000,4.000000,4.000000,4.000000,4.000000,4.000000,4.000000,66.666664
1614076746.355953,33.000000,0.000000,-5.917123,-3.258499,5.785734,9.204574,-6.302229,1.661784,-8.020141,-0.818061,-4.739161,-11.809672,-15.011860,-6.882218,-14.683097,-37.709461,-40.164238,6.103849,-6.142582,-124.045532,-2.544481,-127.549911,-60.036613,-7.146464,-0.284182,-7.839550,-1.479394,-4.219739,-4.496223,-4.967456,3.910129,3.349198,-0.200283,10.741478,8064.000000,0.000000,4.000000,,,,0.000000,4.000000,4.000000,4.000000,4.000000,4.000000,4.000000,4.000000,4.000000,4.000000,4.000000,4.000000,4.000000,4.000000,4.000000,4.000000,4.000000,4.000000,4.000000,2.000000,4.000000,4.000000,2.000000,4.000000,4.000000,4.000000,4.000000,4.000000,4.000000,4.000000,4.000000,4.000000,4.000000,66.666664
1614076746.363602,34.000000,0.000000,-5.911206,-4.280881,7.318410,9.708190,-6.295927,1.660122,-7.499300,-0.817243,-5.247243,-14.361966,-16.022490,-8.926619,-16.719696,-41.261494,-40.124073,16.866976,-10.239004,-136.742004,-11.259885,-142.806976,-71.771446,-12.780343,-0.283897,-7.318890,-5.580478,-7.292443,-9.107112,-4.449668,3.393398,3.345849,-0.200082,8.679454,8064.000000,0.000000,4.000000,,,,0.000000,4.000000,4.000000,4.000000,4.000000,4.000000,4.000000,4.000000,4.000000,4.000000,4.000000,4.000000,4.000000,4.000000,4.000000,4.000000,4.000000,4.000000,4.000000,2.000000,4.000000,4.000000,2.000000,4.000000,4.000000,4.000000,4.000000,4.000000,4.000000,4.000000,4.000000,4.000000,4.000000,66.666664
1614076746.371451,35.000000,0.000000,-5.905294,-3.250960,7.311092,7.647199,-6.289630,1.658462,-7.491801,-0.816426,-4.729175,-12.296322,-15.493647,-8.917691,-12.600412,-28.912540,-27.263437,49.670624,-10.741586,-118.143723,-13.299908,-151.382126,-78.879166,-14.818845,-0.283613,-9.362853,-9.164641,-11.900535,-9.098004,-4.958039,-0.199739,0.265580,-0.199882,7.132313,8064.000000,0.000000,4.000000,,,,0.000000,4.000000,4.000000,4.000000,4.000000,4.000000,4.000000,4.000000,4.000000,4.000000,4.000000,4.000000,4.000000,4.000000,4.000000,4.000000,4.000000,4.000000,4.000000,2.000000,4.000000,4.000000,2.000000,4.000000,4.000000,4.000000,4.000000,4.000000,4.000000,4.000000,4.000000,4.000000,4.000000,66.666664
1614076746.379201,36.000000,0.000000,-5.899389,-2.734888,7.816601,3.536988,-5.770520,1.656803,-7.484309,-0.815609,-6.775728,-11.258385,-15.478153,-8.908774,-14.126273,-27.345165,-34.928482,30.133772,-12.269305,-113.410194,-10.722505,-151.230743,-69.056694,-14.291205,-0.283330,-12.430413,-9.668297,-12.914275,-8.063265,-4.953081,-4.302104,-3.837250,-0.199682,7.638001,8064.000000,0.000000,4.000000,,,,0.000000,4.000000,4.000000,4.000000,4.000000,4.000000,4.000000,4.000000,4.000000,4.000000,4.000000,4.000000,4.000000,4.000000,4.000000,4.000000,4.000000,4.000000,4.000000,2.000000,4.000000,4.000000,2.000000,4.000000,4.000000,4.000000,4.000000,4.000000,4.000000,4.000000,4.000000,4.000000,4.000000,66.666664
1614076746.387049,37.000000,0.000000,-5.893490,-6.834717,5.244682,1.482169,-6.277570,2.167967,-7.476825,-0.814794,-8.820234,-10.734305,-15.975495,-8.899865,-17.189070,-26.805000,-42.585861,10.103638,-12.769856,-118.937813,-13.275885,-151.079514,-63.859432,-13.764093,-0.795867,-14.982085,-10.171450,-12.901361,-9.080843,-4.948128,-4.810622,-5.371874,-0.199483,7.630363,8064.000000,0.000000,4.000000,,,,0.000000,4.000000,4.000000,4.000000,4.000000,4.000000,4.000000,4.000000,4.000000,4.000000,4.000000,4.000000,4.000000,4.000000,4.000000,4.000000,4.000000,4.000000,4.000000,2.000000,4.000000,4.000000,2.000000,4.000000,4.000000,4.000000,4.000000,4.000000,4.000000,4.000000,4.000000,4.000000,4.000000,66.666664
1614076746.394799,38.000000,0.000000,-5.887596,-10.930447,3.188155,1.993507,-6.271293,1.140158,-7.469348,-0.813979,-9.324235,-6.621007,-15.446699,-8.890965,-12.043675,-15.496144,-21.517633,42.914047,-3.013497,-88.049644,-11.211327,-142.210480,-59.693008,-11.699047,-0.282251,-15.479924,-4.007432,-12.375639,-8.558942,-4.943180,-4.292991,-4.340861,-0.199283,7.622733,8064.000000,0.000000,4.000000,,,,0.000000,4.000000,4.000000,4.000000,4.000000,4.000000,4.000000,4.000000,4.000000,4.000000,4.000000,4.000000,4.000000,4.000000,4.000000,4.000000,4.000000,4.000000,4.000000,2.000000,4.000000,4.000000,2.000000,4.000000,4.000000,4.000000,4.000000,4.000000,4.000000,4.000000,4.000000,4.000000,4.000000,66.666664
1614076746.402648,39.000000,0.000000,-5.881709,-8.355413,8.825993,2.504334,-3.700919,2.164659,-7.461879,-0.300344,-8.802090,-3.024642,-15.431252,-8.882074,-7.929068,-10.865263,-17.393553,53.640366,-0.959201,-77.192360,5.210141,-127.196472,-45.787163,-9.123246,0.230852,-12.387521,9.842730,-7.747879,-5.986280,-4.938237,-4.288698,-2.285239,-0.199084,8.127931,8064.000000,0.000000,4.000000,,,,0.000000,4.000000,4.000000,4.000000,4.000000,4.000000,4.000000,4.000000,4.000000,4.000000,4.000000,4.000000,4.000000,4.000000,4.000000,4.000000,4.000000,4.000000,4.000000,2.000000,4.000000,4.000000,2.000000,4.000000,4.000000,4.000000,4.000000,4.000000,4.000000,4.000000,4.000000,4.000000,4.000000,66.666664
1614076746.410397,40.000000,0.000000,-6.388648,-5.782956,9.329988,1.476189,-2.671577,5.239418,-7.454417,-0.812864,-8.793287,-4.047259,-15.928641,-8.873192,-9.972421,-11.880039,-40.965904,21.279032,-14.804396,-109.422859,16.999802,-128.094925,-46.254196,-10.652584,-1.820661,-8.272570,14.961092,-4.663208,-4.441833,-4.933299,-4.284409,-0.231671,-0.198885,6.068521,8064.000000,0.000000,4.000000,,,,0.000000,4.000000,4.000000,4.000000,4.000000,4.000000,4.000000,4.000000,4.000000,4.000000,4.000000,4.000000,4.000000,4.000000,4.000000,4.000000,4.000000,4.000000,4.000000,2.000000,4.000000,4.000000,2.000000,4.000000,4.000000,4.000000,4.000000,4.000000,4.000000,4.000000,4.000000,4.000000,4.000000,66.666664
1614076746.418246,41.000000,0.000000,-5.869438,-11.931019,-2.474215,-0.576569,-4.720188,3.695716,-7.446962,-2.863334,-9.297315,-4.043211,-15.399893,-8.864319,-1.244500,-5.714313,-31.181347,36.642368,-14.789592,-103.159592,8.264853,-132.582214,-61.079735,-10.641932,-3.357302,-7.238656,10.843567,-7.735468,-4.950211,-4.928365,-5.818586,-1.769901,-0.198686,1.959888,8064.000000,0.000000,4.000000,,,,0.000000,4.000000,4.000000,4.000000,4.000000,4.000000,4.000000,4.000000,4.000000,4.000000,4.000000,4.000000,4.000000,4.000000,4.000000,4.000000,4.000000,4.000000,4.000000,2.000000,4.000000,4.000000,2.000000,4.000000,4.000000,4.000000,4.000000,4.000000,4.000000,4.000000,4.000000,4.000000,4.000000,66.666664
1614076746.425995,42.000000,0.000000,-3.299466,-17.560114,-8.625587,-2.114454,-6.766749,-1.949005,-7.439516,-4.911752,-8.775197,-3.526348,-15.384493,-6.804173,10.038796,-4.682958,-4.483499,69.426239,3.686737,-70.235916,-1.487001,-120.141937,-63.582760,-6.015905,0.235799,-7.744237,9.807082,-9.266194,-4.945261,-4.923437,-7.864049,-4.332234,0.314333,0.419467,8192.000000,0.000000,4.000000,,,,0.000000,4.000000,4.000000,4.000000,4.000000,4.000000,4.000000,4.000000,4.000000,4.000000,4.000000,4.000000,4.000000,4.000000,4.000000,4.000000,4.000000,4.000000,4.000000,2.000000,4.000000,4.000000,2.000000,4.000000,4.000000,4.000000,4.000000,4.000000,4.000000,4.000000,4.000000,4.000000,4.000000,66.666664
1614076746.433844,43.000000,0.000000,-1.757705,-15.491271,-4.514397,-1.086699,-5.734342,-1.947056,-7.432076,-4.394020,-8.766422,-3.522821,-16.394749,-4.746087,2.336450,-15.960326,-13.196964,38.587582,6.759973,-82.473373,0.052948,-116.432045,-64.544815,-7.548350,4.338128,-7.223673,9.797275,-8.231287,-4.427495,-4.918514,-7.856185,-4.327902,0.314019,-0.093773,8064.000000,0.000000,4.000000,,,,0.000000,4.000000,4.000000,4.000000,4.000000,4.000000,4.000000,4.000000,4.000000,4.000000,4.000000,4.000000,4.000000,4.000000,4.000000,4.000000,4.000000,4.000000,4.000000,2.000000,4.000000,4.000000,2.000000,4.000000,4.000000,4.000000,4.000000,4.000000,4.000000,4.000000,4.000000,4.000000,4.000000,66.666664
1614076746.441593,44.000000,0.000000,-2.268768,-13.937319,-3.484241,-2.111253,-5.728607,1.131814,-7.424644,-3.876806,-8.757655,-3.519299,-14.327072,-5.254161,-9.460759,-16.457186,-28.568382,6.241301,-3.503197,-110.596031,-0.459926,-135.802795,-72.685402,-15.233109,2.795328,-6.703629,6.710555,-8.223056,-4.935888,-4.913595,-7.848330,-3.810753,-0.199116,-2.657782,8064.000000,0.000000,4.000000,,,,0.000000,4.000000,4.000000,4.000000,4.000000,4.000000,4.000000,4.000000,4.000000,4.000000,4.000000,4.000000,4.000000,4.000000,4.000000,4.000000,4.000000,4.000000,4.000000,2.000000,4.000000,4.000000,2.000000,4.000000,4.000000,4.000000,4.000000,4.000000,4.000000,4.000000,4.000000,4.000000,4.000000,66.666664
1614076746.449442,45.000000,0.000000,-2.266499,-14.436202,-2.455116,-1.596321,-6.748520,1.643503,-7.417219,-5.411390,-8.748898,-4.541420,-7.646079,-5.248907,-6.374375,-3.107396,-21.360327,23.670958,-3.499694,-100.741844,-0.972286,-139.769562,-64.920410,-9.576851,3.305353,-8.235387,4.652562,-8.727653,-4.930952,-4.908681,-7.840481,-4.319763,0.313904,-3.680765,8064.000000,0.000000,4.000000,,,,0.000000,4.000000,4.000000,4.000000,4.000000,4.000000,4.000000,4.000000,4.000000,4.000000,4.000000,4.000000,4.000000,4.000000,4.000000,4.000000,4.000000,4.000000,4.000000,2.000000,4.000000,4.000000,2.000000,4.000000,4.000000,4.000000,4.000000,4.000000,4.000000,4.000000,4.000000,4.000000,4.000000,66.666664
1614076746.457191,46.000000,0.000000,-2.264233,-14.421765,3.188365,3.533480,-5.716130,3.180321,-7.409802,-4.380338,-6.688867,-2.998417,-3.535869,-5.243658,-0.214154,0.485455,-14.159479,55.954979,1.632011,-81.153923,8.772276,-123.732353,-47.932411,1.714777,6.891791,-7.201510,6.186371,-8.206104,-4.413201,-4.903773,-7.832641,-4.315443,0.826411,-2.138623,8064.000000,0.000000,4.000000,,,,0.000000,4.000000,4.000000,4.000000,4.000000,4.000000,4.000000,4.000000,4.000000,4.000000,4.000000,4.000000,4.000000,4.000000,4.000000,4.000000,4.000000,4.000000,4.000000,2.000000,4.000000,4.000000,2.000000,4.000000,4.000000,4.000000,4.000000,4.000000,4.000000,4.000000,4.000000,4.000000,4.000000,66.666664
1614076746.465040,47.000000,0.000000,-2.261969,-15.432984,4.210817,5.068408,-5.710414,6.254064,-7.402392,-0.273393,-4.630896,-3.508240,-4.045153,-5.238414,-0.726761,-6.181697,-14.658140,60.001587,0.604738,-80.047127,11.840426,-126.685539,-49.935760,-8.543348,4.833617,-4.117385,6.180185,-8.197899,-5.434429,-4.898869,-9.363270,-4.311128,-4.302621,-4.700587,8064.000000,0.000000,4.000000,,,,0.000000,4.000000,4.000000,4.000000,4.000000,4.000000,4.000000,4.000000,4.000000,4.000000,4.000000,4.000000,4.000000,4.000000,4.000000,4.000000,4.000000,4.000000,4.000000,2.000000,4.000000,4.000000,2.000000,4.000000,4.000000,4.000000,4.000000,4.000000,4.000000,4.000000,4.000000,4.000000,4.000000,66.666664
1614076746.472789,48.000000,0.000000,-2.259706,-17.981655,0.616863,-1.603327,-9.294447,3.170887,-7.394990,-2.837223,-5.139086,-12.222680,-6.092390,-5.233176,-3.290137,-12.329361,-21.822969,44.044151,-4.524072,-94.838875,0.033714,-144.507568,-62.193516,-25.457882,-0.299421,-7.703012,-0.492662,-10.240983,-7.480276,-4.893970,-11.405189,-5.845278,-10.964985,-12.388194,8064.000000,0.000000,4.000000,,,,0.000000,4.000000,4.000000,4.000000,4.000000,4.000000,4.000000,4.000000,4.000000,4.000000,4.000000,4.000000,4.000000,4.000000,4.000000,4.000000,4.000000,4.000000,4.000000,2.000000,4.000000,4.000000,2.000000,4.000000,4.000000,4.000000,4.000000,4.000000,4.000000,4.000000,4.000000,4.000000,4.000000,66.666664
1614076746.480638,49.000000,0.000000,-2.257447,-18.476494,-0.409395,-6.217108,-13.900537,-1.960490,-7.900415,-11.552334,-5.646767,-19.389944,-10.701682,-5.227942,-7.902231,-25.137545,-34.621658,19.897543,-8.622112,-112.179932,-6.632986,-144.875885,-64.182602,-14.663193,0.213699,-14.874796,-4.594734,-12.282023,-8.498437,-4.889076,-11.906604,-8.403536,-11.979661,-15.452729,8064.000000,0.000000,4.000000,,,,0.000000,4.000000,4.000000,4.000000,4.000000,4.000000,4.000000,4.000000,4.000000,4.000000,4.000000,4.000000,4.000000,4.000000,4.000000,4.000000,4.000000,4.000000,4.000000,2.000000,4.000000,4.000000,2.000000,4.000000,4.000000,4.000000,4.000000,4.000000,4.000000,4.000000,4.000000,4.000000,4.000000,66.666664
1614076746.488387,50.000000,0.000000,-2.255189,-17.945196,0.103835,-5.185250,-13.886637,-2.471349,-6.866874,-10.515141,-5.128300,-18.857735,-16.844828,-5.222714,-12.509713,-42.035484,-36.638321,13.723799,-5.536567,-111.042114,-4.062251,-135.500244,-62.579960,5.351470,3.290408,-13.834280,0.025246,-12.269742,-9.002759,-4.884187,-11.381876,-8.907952,-10.942040,-13.898815,8064.000000,0.000000,4.000000,,,,0.000000,4.000000,4.000000,4.000000,4.000000,4.000000,4.000000,4.000000,4.000000,4.000000,4.000000,4.000000,4.000000,4.000000,4.000000,4.000000,4.000000,4.000000,4.000000,2.000000,4.000000,4.000000,2.000000,4.000000,4.000000,4.000000,4.000000,4.000000,4.000000,4.000000,4.000000,4.000000,4.000000,66.666664
1614076746.496236,51.000000,0.000000,-2.252934,-18.440071,0.103731,-4.667244,-13.359930,-1.956058,-4.808725,-0.761036,-5.123171,-18.838877,-14.263880,-5.217492,-12.497204,-37.378063,-29.422194,27.556229,-0.915646,-105.290047,-5.596650,-133.826279,-64.055840,0.730734,3.287117,-8.179420,3.102144,-12.257472,-8.993756,-4.879303,-11.370495,-7.360583,-11.443919,-14.910557,8064.000000,0.000000,4.000000,,,,0.000000,4.000000,4.000000,4.000000,4.000000,4.000000,4.000000,4.000000,4.000000,4.000000,4.000000,4.000000,4.000000,4.000000,4.000000,4.000000,4.000000,4.000000,4.000000,2.000000,4.000000,4.000000,2.000000,4.000000,4.000000,4.000000,4.000000,4.000000,4.000000,4.000000,4.000000,4.000000,4.000000,66.666664
1614076746.503985,52.000000,0.000000,-2.250681,-17.908812,-0.409193,-6.201038,-13.859390,-2.466922,-3.778275,-2.298736,-6.143689,-18.307217,-7.070128,-5.212275,-12.484707,-12.725301,-26.828671,41.887646,-3.478833,-108.261681,-6.103874,-134.205276,-65.530251,-11.577689,2.771010,-7.658420,0.022118,-12.245214,-6.420660,-4.874424,-11.871944,-8.378863,-11.432475,-13.870006,8064.000000,0.000000,4.000000,,,,0.000000,4.000000,4.000000,4.000000,4.000000,4.000000,4.000000,4.000000,4.000000,4.000000,4.000000,4.000000,4.000000,4.000000,4.000000,4.000000,4.000000,4.000000,4.000000,2.000000,4.000000,4.000000,2.000000,4.000000,4.000000,4.000000,4.000000,4.000000,4.000000,4.000000,4.000000,4.000000,4.000000,66.666664
1614076746.511634,53.000000,0.000000,-2.248430,-16.352440,-0.408784,-5.169197,-9.742967,-1.951635,-4.287317,-8.450284,-3.573443,-11.622243,-5.011776,-5.207062,-12.985043,2.672040,-28.340302,49.538067,-9.116380,-94.307266,-1.482385,-133.045425,-62.900616,-7.463547,3.281060,-8.163582,4.124660,-12.232969,-4.875778,-5.382370,-11.347252,-8.883305,-10.908222,-7.189469,8064.000000,0.000000,4.000000,,,,0.000000,4.000000,4.000000,4.000000,4.000000,4.000000,4.000000,4.000000,4.000000,4.000000,4.000000,4.000000,4.000000,4.000000,4.000000,4.000000,4.000000,4.000000,4.000000,2.000000,4.000000,4.000000,2.000000,4.000000,4.000000,4.000000,4.000000,4.000000,4.000000,4.000000,4.000000,4.000000,4.000000,66.666664
1614076746.519383,54.000000,0.000000,-2.246182,-13.259165,2.155727,-2.599925,-4.092198,1.640061,-3.770210,-4.339269,1.558336,-6.482416,-3.468303,-5.201855,-7.331032,1.643726,-26.260679,51.026989,-7.055981,-74.212959,-1.480903,-133.425201,-59.760792,-1.302237,2.764958,-7.642598,13.864125,-12.220737,-5.383722,-4.351346,-6.720520,-0.669294,-8.333211,-2.054074,8064.000000,0.000000,4.000000,,,,0.000000,4.000000,4.000000,4.000000,4.000000,4.000000,4.000000,4.000000,4.000000,4.000000,4.000000,4.000000,4.000000,4.000000,4.000000,4.000000,4.000000,4.000000,4.000000,2.000000,4.000000,4.000000,2.000000,4.000000,4.000000,4.000000,4.000000,4.000000,4.000000,4.000000,4.000000,4.000000,4.000000,66.666664
1614076746.527032,55.000000,0.000000,-2.243936,-8.630522,5.743315,-1.571684,-2.036824,5.228164,-4.279260,2.331737,3.095239,-6.988754,3.714653,-5.196653,2.419889,3.180544,-20.080574,57.129810,0.130562,-74.138741,-0.453781,-126.112289,-57.649750,-3.352217,3.787834,-8.147776,17.952826,-12.208516,-2.814236,-2.295713,-3.636877,9.587786,-4.735135,-2.564841,8064.000000,0.000000,4.000000,,,,0.000000,4.000000,4.000000,4.000000,4.000000,4.000000,4.000000,4.000000,4.000000,4.000000,4.000000,4.000000,4.000000,4.000000,4.000000,4.000000,4.000000,4.000000,4.000000,2.000000,4.000000,4.000000,2.000000,4.000000,4.000000,4.000000,4.000000,4.000000,4.000000,4.000000,4.000000,4.000000,4.000000,66.666664
1614076746.534782,56.000000,0.000000,-2.241692,-6.570609,7.788854,-1.570112,-2.547608,5.735756,-4.274981,2.842225,2.066503,-7.494586,7.813502,-5.704277,7.545674,9.331210,-9.291262,70.406013,6.284277,-63.808193,16.982571,-107.011818,-44.258766,1.266520,8.399430,-6.601167,16.396412,-12.196307,4.880886,-0.754956,-3.633240,8.552557,-3.191938,-3.075096,8192.000000,0.000000,4.000000,,,,0.000000,4.000000,4.000000,4.000000,4.000000,4.000000,4.000000,4.000000,4.000000,4.000000,4.000000,4.000000,4.000000,4.000000,4.000000,4.000000,4.000000,4.000000,4.000000,2.000000,4.000000,4.000000,2.000000,4.000000,4.000000,4.000000,4.000000,4.000000,4.000000,4.000000,4.000000,4.000000,4.000000,66.666664
1614076746.542431,57.000000,0.000000,-2.752271,-6.564038,7.781065,-1.568542,-3.057880,5.217200,-0.680962,4.377845,2.064436,-6.974270,6.780047,-4.672932,6.512488,7.783417,-4.153766,66.745865,7.303634,-43.231564,36.452766,-95.622757,-23.701687,12.547304,10.955133,-0.953540,16.380014,-12.184111,7.440107,-1.267021,-4.142427,2.902979,-3.701566,-2.559201,8064.000000,0.000000,4.000000,,,,0.000000,4.000000,4.000000,4.000000,4.000000,4.000000,4.000000,4.000000,4.000000,4.000000,4.000000,4.000000,4.000000,4.000000,4.000000,4.000000,4.000000,4.000000,4.000000,2.000000,4.000000,4.000000,2.000000,4.000000,4.000000,4.000000,4.000000,4.000000,4.000000,4.000000,4.000000,4.000000,4.000000,66.666664
1614076746.550180,58.000000,0.000000,-2.236698,-3.480551,7.260464,-2.079794,-1.516361,5.211983,3.422283,5.911928,2.575192,-6.967296,6.260447,-2.104156,5.480334,1.621787,-5.175253,58.986809,6.270689,-53.957565,33.339390,-105.783546,-25.216446,9.457834,10.431358,3.149978,16.876455,-12.684748,4.355744,-1.265754,-3.625464,2.900076,-3.697865,-2.556641,8192.000000,0.000000,4.000000,,,,0.000000,4.000000,4.000000,4.000000,4.000000,4.000000,4.000000,4.000000,4.000000,4.000000,4.000000,4.000000,4.000000,4.000000,4.000000,4.000000,4.000000,4.000000,4.000000,2.000000,4.000000,4.000000,2.000000,4.000000,4.000000,4.000000,4.000000,4.000000,4.000000,4.000000,4.000000,4.000000,4.000000,66.666664
1614076746.557829,59.000000,0.000000,-2.234461,0.112673,7.766024,-1.564894,2.587719,5.206771,3.931681,3.341914,1.546976,-5.934688,6.767007,-1.589232,7.013315,1.620166,-4.657257,65.081673,7.802880,-79.544632,16.382975,-119.011093,-40.063026,-4.910598,10.420927,3.659648,16.346758,-11.646421,2.300107,-1.264488,-4.134659,3.922817,-3.181346,-3.066905,8064.000000,0.000000,4.000000,,,,0.000000,4.000000,4.000000,4.000000,4.000000,4.000000,4.000000,4.000000,4.000000,4.000000,4.000000,4.000000,4.000000,4.000000,4.000000,4.000000,4.000000,4.000000,4.000000,2.000000,4.000000,4.000000,2.000000,4.000000,4.000000,4.000000,4.000000,4.000000,4.000000,4.000000,4.000000,4.000000,4.000000,66.666664
1614076746.565578,60.000000,0.000000,-2.745047,0.625381,7.758257,1.513594,5.662055,5.201564,3.414929,7.441136,2.058249,-3.877471,6.247419,-1.587642,5.980661,3.157007,-7.216702,51.683254,6.769436,-89.721497,9.187105,-120.943367,-43.612705,-11.059534,10.923326,3.143168,16.330412,-9.070672,2.810627,-1.263224,-4.130525,2.893253,-3.690985,-3.063838,8064.000000,0.000000,4.000000,,,,0.000000,4.000000,4.000000,4.000000,4.000000,4.000000,4.000000,4.000000,4.000000,4.000000,4.000000,4.000000,4.000000,4.000000,4.000000,4.000000,4.000000,4.000000,4.000000,2.000000,4.000000,4.000000,2.000000,4.000000,4.000000,4.000000,4.000000,4.000000,4.000000,4.000000,4.000000,4.000000,4.000000,66.666664
1614076746.573227,61.000000,0.000000,-1.716661,0.111935,6.212038,2.024901,4.117931,5.196362,3.924335,14.100362,2.056191,-3.873594,6.241172,-1.586055,2.384937,-0.435894,-14.901793,34.195675,1.121642,-95.785622,10.203559,-123.386528,-49.722939,-10.022833,10.399583,3.652845,16.314081,-8.035961,2.294996,-1.261961,-4.126394,3.403180,-3.687294,-3.060775,8064.000000,0.000000,4.000000,,,,0.000000,4.000000,4.000000,4.000000,4.000000,4.000000,4.000000,4.000000,4.000000,4.000000,4.000000,4.000000,4.000000,4.000000,4.000000,4.000000,4.000000,4.000000,4.000000,2.000000,4.000000,4.000000,2.000000,4.000000,4.000000,4.000000,4.000000,4.000000,4.000000,4.000000,4.000000,4.000000,4.000000,66.666664
1614076746.580976,62.000000,0.000000,0.849158,0.111823,3.641723,-1.566867,1.549711,5.191166,3.407590,12.547800,1.541314,-5.408182,6.234931,-1.584469,2.895372,-1.973919,-15.912533,54.161476,-0.417942,-95.177017,9.680534,-129.416977,-58.391163,-9.499990,10.389183,3.649193,16.297768,-9.053566,2.292701,-1.260699,-4.635088,0.322854,-3.683607,-3.057714,8064.000000,0.000000,4.000000,,,,0.000000,4.000000,4.000000,4.000000,4.000000,4.000000,4.000000,4.000000,4.000000,4.000000,4.000000,4.000000,4.000000,4.000000,4.000000,4.000000,4.000000,4.000000,4.000000,2.000000,4.000000,4.000000,2.000000,4.000000,4.000000,4.000000,4.000000,4.000000,4.000000,4.000000,4.000000,4.000000,4.000000,66.666664
1614076746.588625,63.000000,0.000000,1.873950,0.111711,3.125261,-1.565300,0.522520,5.185975,3.404182,9.971149,2.565414,-1.813030,6.228696,-1.070064,8.020682,2.643439,-14.870979,66.927826,4.197861,-85.338249,8.132393,-124.159363,-51.153286,-7.439208,10.378794,3.132723,16.281469,-8.018871,2.290408,-1.259438,-4.117632,-4.292853,-3.679924,-3.054656,8064.000000,0.000000,4.000000,,,,0.000000,4.000000,4.000000,4.000000,4.000000,4.000000,4.000000,4.000000,4.000000,4.000000,4.000000,4.000000,4.000000,4.000000,4.000000,4.000000,4.000000,4.000000,4.000000,2.000000,4.000000,4.000000,2.000000,4.000000,4.000000,4.000000,4.000000,4.000000,4.000000,4.000000,4.000000,4.000000,4.000000,66.666664
1614076746.596375,64.000000,0.000000,1.359255,0.111600,3.634956,1.513188,1.547638,5.180789,3.913599,9.961178,7.178233,7.419552,6.222467,0.982288,10.576764,7.256181,-15.368929,53.527569,7.783407,-88.842659,9.149901,-116.342896,-46.486748,-5.893307,10.368415,3.129590,16.265188,-4.933929,2.288118,-1.258179,-1.549412,-4.288560,-3.676244,-3.051601,0.000000,192.000000,4.000000,,,,0.000000,4.000000,4.000000,4.000000,4.000000,4.000000,4.000000,4.000000,4.000000,4.000000,4.000000,4.000000,4.000000,4.000000,4.000000,4.000000,4.000000,4.000000,4.000000,2.000000,4.000000,4.000000,2.000000,4.000000,4.000000,4.000000,4.000000,4.000000,4.000000,4.000000,4.000000,4.000000,4.000000,66.666664
1614076746.604024,65.000000,0.000000,1.870716,0.111488,3.631321,2.537316,4.110193,5.175608,1.858403,4.310191,9.735158,13.053159,6.216245,2.519768,9.540546,6.736104,-7.661252,62.191990,7.262803,-93.882019,9.653572,-119.303474,-53.619747,-6.913055,10.358047,3.639281,16.761744,-3.903354,2.285830,-1.256920,-0.009401,-3.771451,-3.672567,-3.048550,0.000000,218.000000,4.000000,,,,0.000000,4.000000,4.000000,4.000000,4.000000,4.000000,4.000000,4.000000,4.000000,4.000000,4.000000,4.000000,4.000000,4.000000,4.000000,4.000000,4.000000,4.000000,4.000000,2.000000,4.000000,4.000000,2.000000,4.000000,4.000000,4.000000,4.000000,4.000000,4.000000,4.000000,4.000000,4.000000,4.000000,66.666664
1614076746.611773,66.000000,0.000000,1.868846,0.111376,3.627690,2.021958,4.618904,5.170433,-0.194738,-2.360785,9.212602,10.988823,6.722849,2.004427,9.531006,5.190906,0.038717,81.616974,6.229899,-73.788139,11.182380,-119.184174,-47.925102,-4.854860,10.347689,2.610001,16.232161,-5.437912,2.283544,-1.255664,-0.009392,-5.306141,-3.668895,-3.045501,0.000000,222.000000,4.000000,,,,0.000000,4.000000,4.000000,4.000000,4.000000,4.000000,4.000000,4.000000,4.000000,4.000000,4.000000,4.000000,4.000000,4.000000,4.000000,4.000000,4.000000,4.000000,4.000000,2.000000,4.000000,4.000000,2.000000,4.000000,4.000000,4.000000,4.000000,4.000000,4.000000,4.000000,4.000000,4.000000,4.000000,66.666664
1614076746.619422,67.000000,0.000000,0.841336,0.624086,3.624062,1.507115,5.127105,4.652442,-0.707363,0.205678,9.203389,10.465014,6.203306,2.002423,10.034295,6.724177,3.628422,88.714844,7.762130,-52.175884,13.222480,-107.782936,-36.082306,-6.901287,10.850162,0.043288,16.728748,-4.919654,2.281260,-1.254408,-0.522203,-2.223912,-4.178047,-3.042456,0.000000,187.000000,4.000000,,,,0.000000,4.000000,4.000000,4.000000,4.000000,4.000000,4.000000,4.000000,4.000000,4.000000,4.000000,4.000000,4.000000,4.000000,4.000000,4.000000,4.000000,4.000000,4.000000,2.000000,4.000000,4.000000,2.000000,4.000000,4.000000,4.000000,4.000000,4.000000,4.000000,4.000000,4.000000,4.000000,4.000000,66.666664
1614076746.627271,68.000000,0.000000,1.866136,-0.402179,3.620438,2.531250,5.121978,5.673430,-0.193836,6.872139,8.168545,13.018652,6.709923,2.000421,10.024261,6.204632,4.650434,88.626129,7.754368,-59.303196,15.260539,-105.623871,-36.559044,-17.663616,9.813670,-0.469576,16.712021,-3.889093,2.791799,-1.253153,-0.521681,-1.196047,-3.148227,-2.526593,0.000000,192.000000,4.000000,,,,0.000000,4.000000,4.000000,4.000000,4.000000,4.000000,4.000000,4.000000,4.000000,4.000000,4.000000,4.000000,4.000000,4.000000,4.000000,4.000000,4.000000,4.000000,4.000000,2.000000,4.000000,4.000000,2.000000,4.000000,4.000000,4.000000,4.000000,4.000000,4.000000,4.000000,4.000000,4.000000,4.000000,66.666664
1614076746.635020,69.000000,0.000000,1.351449,0.623864,4.129638,2.528718,0.501472,5.154936,-0.193642,4.301164,5.596274,8.390248,7.216033,1.998420,7.450134,-2.006701,-10.738832,56.229813,2.618409,-84.884918,18.322203,-117.825943,-40.112228,-24.312620,7.239754,-0.981927,12.592744,-9.526230,1.763367,-1.251900,-0.008339,-9.399980,-3.657900,-2.524066,0.000000,221.000000,4.000000,,,,0.000000,4.000000,4.000000,4.000000,4.000000,4.000000,4.000000,4.000000,4.000000,4.000000,4.000000,4.000000,4.000000,4.000000,4.000000,4.000000,4.000000,4.000000,4.000000,2.000000,4.000000,4.000000,2.000000,4.000000,4.000000,4.000000,4.000000,4.000000,4.000000,4.000000,4.000000,4.000000,4.000000,66.666664
1614076746.642869,70.000000,0.000000,-3.778108,0.623240,2.074227,-0.037913,-5.652876,2.585679,-0.193448,-1.856983,5.077857,-2.900193,3.619074,1.996422,3.340120,-11.748283,-31.240913,23.865891,-5.589338,-103.261574,14.201316,-127.451706,-44.174683,-19.672922,6.206873,-5.083508,6.426305,-16.696192,-0.802499,-1.250648,-1.546792,-15.544426,-5.705524,-3.547183,0.000000,182.000000,4.000000,,,,0.000000,4.000000,4.000000,4.000000,4.000000,4.000000,4.000000,4.000000,4.000000,4.000000,4.000000,4.000000,4.000000,4.000000,4.000000,4.000000,4.000000,4.000000,4.000000,2.000000,4.000000,4.000000,2.000000,4.000000,4.000000,4.000000,4.000000,4.000000,4.000000,4.000000,4.000000,4.000000,4.000000,66.666664
1614076746.650618,71.000000,0.000000,-6.338432,-3.479948,0.533691,-1.063516,-6.672864,1.557452,-0.193255,-0.316665,5.585600,-9.051139,0.025711,1.994425,1.798318,-12.762177,-26.081467,46.918949,-8.147851,-110.337799,-7.351347,-130.914001,-53.874096,-15.550685,6.713487,-8.155348,4.368597,-14.115392,-1.827338,-1.249398,-3.596527,-12.964779,-6.725460,-3.030815,0.000000,169.000000,4.000000,,,,0.000000,4.000000,4.000000,4.000000,4.000000,4.000000,4.000000,4.000000,4.000000,4.000000,4.000000,4.000000,4.000000,4.000000,4.000000,4.000000,4.000000,4.000000,4.000000,2.000000,4.000000,4.000000,2.000000,4.000000,4.000000,4.000000,4.000000,4.000000,4.000000,4.000000,4.000000,4.000000,4.000000,66.666664
1614076746.658467,72.000000,0.000000,-3.255171,-7.066211,0.533157,1.501650,-5.640550,3.607177,-0.193061,0.196473,5.580014,-8.016447,-2.025596,1.992431,2.309340,-9.159671,-19.901539,63.795105,-7.626883,-114.330025,-21.190149,-135.911285,-59.974068,-20.150518,5.168312,-8.147193,5.389869,-5.896149,-1.312690,-1.248148,-4.618572,-10.387712,-4.154631,-2.002144,0.000000,194.000000,4.000000,,,,0.000000,4.000000,4.000000,4.000000,4.000000,4.000000,4.000000,4.000000,4.000000,4.000000,4.000000,4.000000,4.000000,4.000000,4.000000,4.000000,4.000000,4.000000,4.000000,2.000000,4.000000,4.000000,2.000000,4.000000,4.000000,4.000000,4.000000,4.000000,4.000000,4.000000,4.000000,4.000000,4.000000,66.666664
1614076746.666216,73.000000,0.000000,-2.739095,-5.007863,-1.005838,0.987328,-6.660551,3.090749,-0.192868,-10.572955,5.574434,-8.008430,-7.151776,1.990438,1.794211,-9.150511,-33.214970,31.423618,-8.644897,-101.395180,-4.245883,-135.262558,-59.914093,-22.694471,2.086221,-7.626225,4.871659,-4.864612,-1.311377,-1.246900,-4.101132,-11.915785,-3.124836,-6.615526,0.000000,192.000000,4.000000,,,,0.000000,4.000000,4.000000,4.000000,4.000000,4.000000,4.000000,4.000000,4.000000,4.000000,4.000000,4.000000,4.000000,4.000000,4.000000,4.000000,4.000000,4.000000,4.000000,2.000000,4.000000,4.000000,2.000000,4.000000,4.000000,4.000000,4.000000,4.000000,4.000000,4.000000,4.000000,4.000000,4.000000,66.666664
1614076746.674065,74.000000,0.000000,-2.223535,-3.977214,-3.056114,-1.064942,-6.653890,1.036376,-0.192675,-14.664946,5.568860,-8.513243,-8.170265,1.988448,3.330878,-9.141360,-24.976627,42.161427,-5.559329,-75.652763,17.809645,-122.819603,-57.802898,-13.953828,3.622596,-8.131419,4.866787,-8.449491,-1.310066,-1.245653,-4.097032,-11.903870,-3.634531,-13.275578,0.000000,221.000000,4.000000,,,,0.000000,4.000000,4.000000,4.000000,4.000000,4.000000,4.000000,4.000000,4.000000,4.000000,4.000000,4.000000,4.000000,4.000000,4.000000,4.000000,4.000000,4.000000,4.000000,2.000000,4.000000,4.000000,2.000000,4.000000,4.000000,4.000000,4.000000,4.000000,4.000000,4.000000,4.000000,4.000000,4.000000,66.666664
1614076746.681814,75.000000,0.000000,0.855611,-6.537339,-3.565878,0.987405,-5.108775,1.548160,-0.192483,-5.932332,5.563291,-7.479088,-1.495428,1.986459,6.917291,-7.593758,0.176554,74.939781,1.112897,-78.654030,15.740554,-111.927551,-53.129711,-2.657823,6.183076,-7.097647,5.374741,-8.441041,-1.308756,-1.244408,-4.092935,-10.866324,-3.118076,-12.236661,0.000000,188.000000,4.000000,,,,0.000000,4.000000,4.000000,4.000000,4.000000,4.000000,4.000000,4.000000,4.000000,4.000000,4.000000,4.000000,4.000000,4.000000,4.000000,4.000000,4.000000,4.000000,4.000000,2.000000,4.000000,4.000000,2.000000,4.000000,4.000000,4.000000,4.000000,4.000000,4.000000,4.000000,4.000000,4.000000,4.000000,66.666664
1614076746.689663,76.000000,0.000000,0.854756,-7.043622,-6.639235,1.499238,-8.693410,1.546612,-0.192290,-7.464861,5.557728,-8.497251,-2.519574,1.984473,6.397553,-8.611805,-5.464648,60.505863,2.650246,-99.088196,5.468402,-112.328445,-53.589401,-2.142344,6.689713,-4.526447,5.369366,-7.919779,-1.820268,-1.243163,-4.088841,-11.368279,-4.140599,-9.660321,0.000000,177.000000,4.000000,,,,0.000000,4.000000,4.000000,4.000000,4.000000,4.000000,4.000000,4.000000,4.000000,4.000000,4.000000,4.000000,4.000000,4.000000,4.000000,4.000000,4.000000,4.000000,4.000000,2.000000,4.000000,4.000000,2.000000,4.000000,4.000000,4.000000,4.000000,4.000000,4.000000,4.000000,4.000000,4.000000,4.000000,66.666664
1614076746.697412,77.000000,0.000000,2.392363,-8.062220,-10.735160,-3.630466,-12.787280,1.032245,-0.192098,-12.585602,5.552170,-6.950292,-5.593977,1.982489,5.365514,-9.116014,-15.202773,50.701767,-0.429327,-89.245522,2.898832,-114.780220,-54.048634,-2.140202,6.683023,-3.496279,5.363997,-8.424680,-1.305627,-1.241920,-4.084753,-11.356911,-6.700561,-10.163482,0.000000,198.000000,4.000000,,,,0.000000,4.000000,4.000000,4.000000,4.000000,4.000000,4.000000,4.000000,4.000000,4.000000,4.000000,4.000000,4.000000,4.000000,4.000000,4.000000,4.000000,4.000000,4.000000,2.000000,4.000000,4.000000,2.000000,4.000000,4.000000,4.000000,4.000000,4.000000,4.000000,4.000000,4.000000,4.000000,4.000000,66.666664
1614076746.705261,78.000000,0.000000,7.518175,-10.105440,-11.237246,-6.190938,-9.697570,3.595315,-0.191906,0.247497,5.546618,-0.276675,5.180847,2.493327,9.462713,-2.953051,-1.341417,76.292091,-0.428898,-71.207558,3.921574,-114.665436,-44.763813,6.579887,6.676341,-4.005604,5.358633,-8.416255,-1.304321,-1.240678,-4.080668,-11.345553,-7.719501,-9.640497,0.000000,180.000000,4.000000,,,,0.000000,4.000000,4.000000,4.000000,4.000000,4.000000,4.000000,4.000000,4.000000,4.000000,4.000000,4.000000,4.000000,4.000000,4.000000,4.000000,4.000000,4.000000,4.000000,2.000000,4.000000,4.000000,2.000000,4.000000,4.000000,4.000000,4.000000,4.000000,4.000000,4.000000,4.000000,4.000000,4.000000,66.666664
1614076746.713010,79.000000,0.000000,7.510657,-8.556872,-11.226008,-5.159106,-7.123770,4.104541,-0.191714,8.965198,5.541071,4.338987,8.252589,1.465192,8.427609,-2.437278,-3.904178,61.856827,0.084351,-82.931221,1.866370,-116.089233,-41.129307,7.086127,6.669664,-4.001598,5.353274,-8.407839,-3.867120,-1.239438,-4.076587,-11.334208,-7.198962,-12.707780,0.000000,213.000000,4.000000,,,,0.000000,4.000000,4.000000,4.000000,4.000000,4.000000,4.000000,4.000000,4.000000,4.000000,4.000000,4.000000,4.000000,4.000000,4.000000,4.000000,4.000000,4.000000,4.000000,2.000000,4.000000,4.000000,2.000000,4.000000,4.000000,4.000000,4.000000,4.000000,4.000000,4.000000,4.000000,4.000000,4.000000,66.666664
1614076746.720859,80.000000,0.000000,2.887762,-7.522675,-14.291705,-5.153947,-9.680749,2.049154,-0.191522,1.263925,5.535530,2.283366,-6.627458,-1.613196,-3.888511,-12.691251,-27.490017,29.487276,-2.479836,-94.130341,-0.186778,-115.973145,-46.216381,-2.664548,5.637353,-3.997597,5.347921,-8.399431,-4.888894,-1.751019,-4.072511,-11.322874,-7.191763,-19.361738,0.000000,190.000000,4.000000,,,,0.000000,4.000000,4.000000,4.000000,4.000000,4.000000,4.000000,4.000000,4.000000,4.000000,4.000000,4.000000,4.000000,4.000000,4.000000,4.000000,4.000000,4.000000,4.000000,2.000000,4.000000,4.000000,2.000000,4.000000,4.000000,4.000000,4.000000,4.000000,4.000000,4.000000,4.000000,4.000000,4.000000,66.666664
1614076746.728608,81.000000,0.000000,2.884874,-10.079255,-14.790235,-5.661613,-9.158247,3.585567,-0.191331,2.288302,5.529994,-0.283020,-12.261856,-2.124403,-10.551289,-15.755483,-32.590733,36.124454,-4.015817,-91.984932,2.377511,-115.857170,-46.682987,-7.277268,6.657357,-5.019240,5.342573,-8.391032,-1.807081,-1.236447,-4.068438,-11.311551,-7.184571,-20.368019,0.000000,181.000000,4.000000,,,,0.000000,4.000000,4.000000,4.000000,4.000000,4.000000,4.000000,4.000000,4.000000,4.000000,4.000000,4.000000,4.000000,4.000000,4.000000,4.000000,4.000000,4.000000,4.000000,2.000000,4.000000,4.000000,2.000000,4.000000,4.000000,4.000000,4.000000,4.000000,4.000000,4.000000,4.000000,4.000000,4.000000,66.666664
1614076746.736457,82.000000,0.000000,5.446092,-11.094816,-14.262624,-5.143131,-6.072166,5.633263,-0.191139,5.875758,5.524465,-0.282737,-5.582928,-2.122279,-7.976635,-5.996138,-26.917116,49.934486,-4.011802,-108.303200,1.349493,-124.459259,-51.764507,-7.269991,6.650700,-3.988580,5.337231,-8.382641,-1.292454,-1.235211,-4.064370,-11.300240,-7.177386,-17.783548,0.000000,208.000000,4.000000,,,,0.000000,4.000000,4.000000,4.000000,4.000000,4.000000,4.000000,4.000000,4.000000,4.000000,4.000000,4.000000,4.000000,4.000000,4.000000,4.000000,4.000000,4.000000,4.000000,2.000000,4.000000,4.000000,2.000000,4.000000,4.000000,4.000000,4.000000,4.000000,4.000000,4.000000,4.000000,4.000000,4.000000,66.666664
1614076746.744206,83.000000,0.000000,4.927825,-10.058081,-14.248361,-5.137988,-5.553273,5.114809,-0.190948,-1.822426,5.518940,-0.282454,-5.064524,-2.632977,-6.430197,0.163705,-26.890200,41.166603,-4.520610,-123.066689,-9.421087,-131.514297,-60.943512,-5.724260,5.618408,-3.984591,5.331893,-8.374258,-1.291161,-1.746796,-4.060305,-11.288939,-7.170209,-16.740124,0.000000,211.000000,4.000000,,,,0.000000,4.000000,4.000000,4.000000,4.000000,4.000000,4.000000,4.000000,4.000000,4.000000,4.000000,4.000000,4.000000,4.000000,4.000000,4.000000,4.000000,4.000000,4.000000,2.000000,4.000000,4.000000,2.000000,4.000000,4.000000,4.000000,4.000000,4.000000,4.000000,4.000000,4.000000,4.000000,4.000000,66.666664
1614076746.751856,84.000000,0.000000,4.410077,-10.560843,-14.234113,-5.132850,-6.060541,4.596874,-0.190757,0.743499,5.513421,1.256289,0.581566,4.036323,1.268541,4.266105,-17.632540,43.176716,1.637756,-101.917984,-4.283462,-117.023804,-48.574879,6.589157,10.228174,-5.006248,5.839382,-8.365884,4.351155,-0.719408,-4.056245,-11.790471,-7.163039,-17.236204,0.000000,174.000000,4.000000,,,,0.000000,4.000000,4.000000,4.000000,4.000000,4.000000,4.000000,4.000000,4.000000,4.000000,4.000000,4.000000,4.000000,4.000000,4.000000,4.000000,4.000000,4.000000,4.000000,2.000000,4.000000,4.000000,2.000000,4.000000,4.000000,4.000000,4.000000,4.000000,4.000000,4.000000,4.000000,4.000000,4.000000,66.666664
1614076746.759605,85.000000,0.000000,6.969769,-10.037462,-14.219878,-5.127717,-6.054480,5.105098,-0.190567,12.537627,5.507908,3.306315,14.427138,15.314338,18.190350,10.928506,3.410734,74.415588,15.482272,-73.610939,22.900309,-94.342674,-26.987841,16.326157,22.012817,1.152605,4.807901,-8.870338,9.475009,1.845414,-4.052189,-11.265860,-7.155876,-17.731789,0.000000,160.000000,4.000000,,,,0.000000,4.000000,4.000000,4.000000,4.000000,4.000000,4.000000,4.000000,4.000000,4.000000,4.000000,4.000000,4.000000,4.000000,4.000000,4.000000,4.000000,4.000000,4.000000,2.000000,4.000000,4.000000,2.000000,4.000000,4.000000,4.000000,4.000000,4.000000,4.000000,4.000000,4.000000,4.000000,4.000000,66.666664
1614076746.767254,86.000000,0.000000,9.014082,-7.463322,-14.205659,-5.122590,-5.535605,5.099992,-0.190376,12.012269,5.502400,3.303009,19.540916,17.863125,24.326006,14.507321,15.715015,106.648865,19.056534,-66.357841,35.185101,-88.094482,-22.345469,13.745728,26.606190,11.407863,5.315914,-7.835827,10.491176,2.869210,-4.048137,-7.152030,-7.148720,-16.175594,0.000000,195.000000,4.000000,,,,0.000000,4.000000,4.000000,4.000000,4.000000,4.000000,4.000000,4.000000,4.000000,4.000000,4.000000,4.000000,4.000000,4.000000,4.000000,4.000000,4.000000,4.000000,4.000000,2.000000,4.000000,4.000000,2.000000,4.000000,4.000000,4.000000,4.000000,4.000000,4.000000,4.000000,4.000000,4.000000,4.000000,66.666664
1614076746.775003,87.000000,0.000000,9.005068,-6.430217,-13.678633,-3.066185,-2.965967,5.094893,-0.190186,5.846411,5.496897,3.299706,17.470093,14.768339,18.660654,11.928711,8.519814,92.696068,5.704144,-71.419685,21.816584,-93.647415,-26.425688,13.731983,19.912916,13.960557,7.874701,-4.751068,10.480684,2.353520,-4.044088,-3.555134,-7.141571,-11.544034,0.000000,196.000000,4.000000,,,,0.000000,4.000000,4.000000,4.000000,4.000000,4.000000,4.000000,4.000000,4.000000,4.000000,4.000000,4.000000,4.000000,4.000000,4.000000,4.000000,4.000000,4.000000,4.000000,2.000000,4.000000,4.000000,2.000000,4.000000,4.000000,4.000000,4.000000,4.000000,4.000000,4.000000,4.000000,4.000000,4.000000,66.666664
1614076746.782652,88.000000,0.000000,7.457601,-6.936608,-14.177774,-1.011837,-1.424539,5.089797,-0.189995,4.814923,5.491400,3.296406,16.939802,13.727930,16.077890,5.250115,-7.386142,60.295677,-5.070791,-80.579041,14.615279,-102.784538,-32.040287,9.615686,14.251978,11.382494,6.328364,-4.233497,3.290716,2.351166,-4.040044,-3.551579,-7.134429,-9.994029,0.000000,173.000000,4.000000,,,,0.000000,4.000000,4.000000,4.000000,4.000000,4.000000,4.000000,4.000000,4.000000,4.000000,4.000000,4.000000,4.000000,4.000000,4.000000,4.000000,4.000000,4.000000,4.000000,2.000000,4.000000,4.000000,2.000000,4.000000,4.000000,4.000000,4.000000,4.000000,4.000000,4.000000,4.000000,4.000000,4.000000,66.666664
1614076746.790401,89.000000,0.000000,4.886041,-6.929671,-16.727699,-2.036466,-3.474397,5.084708,-0.189805,4.297288,5.485909,3.293110,14.358760,8.073176,18.113094,-0.908981,-16.609526,49.466152,-4.552899,-91.267685,18.703228,-114.476624,-43.803120,-15.009314,12.186444,6.242907,1.706652,-7.306186,-7.481805,2.348815,-4.036004,-4.060848,-7.127295,-14.599420,0.000000,206.000000,4.000000,,,,0.000000,4.000000,4.000000,4.000000,4.000000,4.000000,4.000000,4.000000,4.000000,4.000000,4.000000,4.000000,4.000000,4.000000,4.000000,4.000000,4.000000,4.000000,4.000000,2.000000,4.000000,4.000000,2.000000,4.000000,4.000000,4.000000,4.000000,4.000000,4.000000,4.000000,4.000000,4.000000,4.000000,66.666664
1614076746.798050,90.000000,0.000000,4.881155,-6.409921,-17.736612,-1.521609,-5.522204,5.592443,0.323205,2.754529,5.480423,3.289817,10.241838,2.424078,17.069340,-2.446533,-16.592916,69.416687,-3.522706,-89.637962,16.120422,-122.567276,-51.964443,-25.250715,10.635797,-2.481285,0.166483,-8.837341,-9.012785,2.346466,-4.031968,-3.543967,-7.120168,-17.661743,0.000000,130.000000,4.000000,,,,0.000000,4.000000,4.000000,4.000000,4.000000,4.000000,4.000000,4.000000,4.000000,4.000000,4.000000,4.000000,4.000000,4.000000,4.000000,4.000000,4.000000,4.000000,4.000000,2.000000,4.000000,4.000000,2.000000,4.000000,4.000000,4.000000,4.000000,4.000000,4.000000,4.000000,4.000000,4.000000,4.000000,66.666664
1614076746.805800,91.000000,0.000000,4.876274,-6.916331,-17.718876,-1.007267,-6.029503,3.535569,-1.215580,2.238954,5.474943,3.286527,9.205955,4.472936,16.026630,-1.418446,-14.012220,79.090858,-5.057644,-79.804733,12.001738,-122.957535,-51.399658,-2.148540,11.137980,-4.530086,4.268881,-8.315683,-5.926849,2.344120,-4.027936,-3.540422,-7.113048,-16.618441,0.000000,204.000000,4.000000,,,,0.000000,4.000000,4.000000,4.000000,4.000000,4.000000,4.000000,4.000000,4.000000,4.000000,4.000000,4.000000,4.000000,4.000000,4.000000,4.000000,4.000000,4.000000,4.000000,2.000000,4.000000,4.000000,2.000000,4.000000,4.000000,4.000000,4.000000,4.000000,4.000000,4.000000,4.000000,4.000000,4.000000,66.666664
1614076746.813449,92.000000,0.000000,1.794474,-6.909415,-19.752439,-5.108824,-7.561935,1.480751,-3.265646,2.749536,5.469468,3.283240,9.709569,3.442822,17.036243,-1.929848,-13.485388,77.986122,-5.052587,-86.391594,13.528197,-121.808929,-50.835438,7.084377,13.178125,1.115470,8.367176,-8.307368,-6.433743,2.341776,-4.023909,-4.049703,-7.105935,-16.601822,0.000000,149.000000,4.000000,,,,0.000000,4.000000,4.000000,4.000000,4.000000,4.000000,4.000000,4.000000,4.000000,4.000000,4.000000,4.000000,4.000000,4.000000,4.000000,4.000000,4.000000,4.000000,4.000000,2.000000,4.000000,4.000000,2.000000,4.000000,4.000000,4.000000,4.000000,4.000000,4.000000,4.000000,4.000000,4.000000,4.000000,66.666664
1614076746.821198,93.000000,0.000000,1.279859,-6.902506,-21.783968,-8.180638,-9.605655,1.479271,-4.288022,5.823709,5.463998,3.279957,10.212680,-1.688826,16.506388,-1.415097,-12.959082,67.138908,-4.021893,-106.818024,10.950566,-121.174301,-49.758965,-8.820143,13.677768,3.678457,8.871630,-8.299061,-1.811924,2.339434,-4.019885,-4.045653,-7.098829,-17.098040,0.000000,175.000000,4.000000,,,,0.000000,4.000000,4.000000,4.000000,4.000000,4.000000,4.000000,4.000000,4.000000,4.000000,4.000000,4.000000,4.000000,4.000000,4.000000,4.000000,4.000000,4.000000,4.000000,2.000000,4.000000,4.000000,2.000000,4.000000,4.000000,4.000000,4.000000,4.000000,4.000000,4.000000,4.000000,4.000000,4.000000,66.666664
1614076746.828847,94.000000,0.000000,4.355503,-6.895603,-21.249365,-4.069893,-10.108870,0.964971,-3.770913,4.792244,5.971355,3.789498,9.176826,-0.661496,13.412958,-1.413682,-11.407661,53.225616,-4.017871,-106.711205,9.913975,-119.001846,-48.170742,-6.247221,13.151269,3.161958,8.862758,-8.290762,8.959118,2.337095,-4.015864,-4.041607,-7.091730,-17.080942,0.000000,194.000000,4.000000,,,,0.000000,4.000000,4.000000,4.000000,4.000000,4.000000,4.000000,4.000000,4.000000,4.000000,4.000000,4.000000,4.000000,4.000000,4.000000,4.000000,4.000000,4.000000,4.000000,2.000000,4.000000,4.000000,2.000000,4.000000,4.000000,4.000000,4.000000,4.000000,4.000000,4.000000,4.000000,4.000000,4.000000,66.666664
1614076746.836596,95.000000,0.000000,3.838326,-6.888708,-21.740934,-0.988900,-10.098761,1.989647,-3.767142,-1.879215,4.426922,3.272888,5.577906,2.416088,12.373904,-0.899448,-7.806510,72.146751,-4.526674,-79.425003,20.673292,-116.831566,-46.071289,10.169283,13.650938,3.158796,8.853895,-8.282471,11.001441,2.334757,-4.011849,-4.037566,-7.084638,-17.063862,0.000000,191.000000,4.000000,,,,0.000000,4.000000,4.000000,4.000000,4.000000,4.000000,4.000000,4.000000,4.000000,4.000000,4.000000,4.000000,4.000000,4.000000,4.000000,4.000000,4.000000,4.000000,4.000000,2.000000,4.000000,4.000000,2.000000,4.000000,4.000000,4.000000,4.000000,4.000000,4.000000,4.000000,4.000000,4.000000,4.000000,66.666664
1614076746.844245,96.000000,0.000000,1.783206,-6.881819,-21.206373,-1.500732,-8.550200,4.551760,-3.763375,-4.954258,2.371213,3.269615,7.110790,1.900852,13.387171,1.665554,-3.183319,101.818192,-4.009327,-62.935326,25.780823,-112.612167,-41.409832,6.569370,13.637287,1.617176,9.870683,-8.274188,7.400696,2.332422,-3.495016,-3.520708,-7.077554,-17.046797,8064.000000,0.000000,4.000000,,,,0.000000,4.000000,4.000000,4.000000,4.000000,4.000000,4.000000,4.000000,4.000000,4.000000,4.000000,4.000000,4.000000,4.000000,4.000000,4.000000,4.000000,4.000000,4.000000,2.000000,4.000000,4.000000,2.000000,4.000000,4.000000,4.000000,4.000000,4.000000,4.000000,4.000000,4.000000,4.000000,4.000000,66.666664
1614076746.851994,97.000000,0.000000,2.294243,-6.874937,-16.056963,-0.986411,-6.490368,5.060029,-3.759612,-4.436484,1.856021,4.291986,7.103679,1.898951,10.809682,2.176709,-4.205777,91.972786,-2.979676,-75.692902,11.908889,-113.012375,-43.932526,-6.770532,13.623651,0.589918,9.860811,-8.265914,6.880475,2.842911,-5.029983,-3.004366,-7.070476,-16.516930,8064.000000,0.000000,4.000000,,,,0.000000,4.000000,4.000000,4.000000,4.000000,4.000000,4.000000,4.000000,4.000000,4.000000,4.000000,4.000000,4.000000,4.000000,4.000000,4.000000,4.000000,4.000000,4.000000,2.000000,4.000000,4.000000,2.000000,4.000000,4.000000,4.000000,4.000000,4.000000,4.000000,4.000000,4.000000,4.000000,4.000000,66.666664
1614076746.859644,98.000000,0.000000,-2.836256,-6.868062,-14.502443,-4.062347,-7.509519,1.978046,-3.755852,-4.432047,0.315704,0.185130,-3.159835,2.409872,6.183487,-1.928032,-14.457981,63.162865,-5.540799,-93.053108,0.614929,-121.617310,-54.657825,-7.276582,13.610026,-0.436313,8.312490,-8.257648,5.335133,2.327247,-7.076235,-5.565464,-7.063406,-17.013233,8064.000000,0.000000,4.000000,,,,0.000000,4.000000,4.000000,4.000000,4.000000,4.000000,4.000000,4.000000,4.000000,4.000000,4.000000,4.000000,4.000000,4.000000,4.000000,4.000000,4.000000,4.000000,4.000000,2.000000,4.000000,4.000000,2.000000,4.000000,4.000000,4.000000,4.000000,4.000000,4.000000,4.000000,4.000000,4.000000,4.000000,66.666664
1614076746.867492,99.000000,0.000000,-8.987266,-6.861194,-17.052044,-8.160850,-10.066113,0.950426,-3.752096,-4.427615,-1.735894,-5.968901,-12.900265,1.381821,4.638842,-9.105591,-23.674292,44.125340,-7.586541,-102.703644,4.204057,-122.521332,-56.141628,-2.141101,14.109237,-6.589723,9.329818,-8.249391,3.278516,2.324920,-8.094800,-7.098361,-7.056342,-16.996222,8064.000000,0.000000,4.000000,,,,0.000000,4.000000,4.000000,4.000000,4.000000,4.000000,4.000000,4.000000,4.000000,4.000000,4.000000,4.000000,4.000000,4.000000,4.000000,4.000000,4.000000,4.000000,4.000000,2.000000,4.000000,4.000000,2.000000,4.000000,4.000000,4.000000,4.000000,4.000000,4.000000,4.000000,4.000000,4.000000,4.000000,66.666664
1614076746.875242,100.000000,0.000000,-5.901356,-6.854333,-17.547812,-6.614227,-9.543225,1.462297,-3.235524,-5.448829,-1.734158,-8.527035,-12.887364,2.918901,5.659844,-13.199050,-24.676258,37.927368,-2.963569,-109.780426,6.251135,-116.757790,-49.931641,-3.164601,13.582307,-8.121595,9.833308,-8.241141,2.249596,3.348236,-7.573884,-7.091262,-7.049286,-16.466404,8064.000000,0.000000,4.000000,,,,0.000000,4.000000,4.000000,4.000000,4.000000,4.000000,4.000000,4.000000,4.000000,4.000000,4.000000,4.000000,4.000000,4.000000,4.000000,4.000000,4.000000,4.000000,4.000000,2.000000,4.000000,4.000000,2.000000,4.000000,4.000000,4.000000,4.000000,4.000000,4.000000,4.000000,4.000000,4.000000,4.000000,66.666664
1614076746.883091,101.000000,0.000000,-3.844172,-6.847478,-18.555906,-4.556331,-9.020862,1.460834,-4.257929,-10.058764,-3.270885,-8.005688,-11.336016,2.403162,5.654184,-12.673030,-22.600300,57.889442,-0.396503,-105.055260,1.116679,-122.282059,-57.574017,-7.776821,9.978981,-4.010910,1.105526,-8.232901,-3.393679,0.780785,-7.566310,-11.699555,-7.042236,-17.475578,8064.000000,0.000000,4.000000,,,,0.000000,4.000000,4.000000,4.000000,4.000000,4.000000,4.000000,4.000000,4.000000,4.000000,4.000000,4.000000,4.000000,4.000000,4.000000,4.000000,4.000000,4.000000,4.000000,2.000000,4.000000,4.000000,2.000000,4.000000,4.000000,4.000000,4.000000,4.000000,4.000000,4.000000,4.000000,4.000000,4.000000,66.666664
1614076746.890840,102.000000,0.000000,-9.481354,-6.840631,-20.588633,-5.064595,-10.037482,1.459373,-6.817774,-12.612808,-5.318897,-7.484861,-12.350321,-4.265908,4.110069,-12.147536,-23.603342,77.831551,-7.062773,-93.668152,0.089921,-131.903366,-68.798492,-9.820326,6.379259,-9.647924,-9.151989,-8.224668,-9.031311,-5.886662,-8.071565,-18.354523,-7.035194,-20.535027,8064.000000,0.000000,4.000000,,,,0.000000,4.000000,4.000000,4.000000,4.000000,4.000000,4.000000,4.000000,4.000000,4.000000,4.000000,4.000000,4.000000,4.000000,4.000000,4.000000,4.000000,4.000000,4.000000,2.000000,4.000000,4.000000,2.000000,4.000000,4.000000,4.000000,4.000000,4.000000,4.000000,4.000000,4.000000,4.000000,4.000000,66.666664
1614076746.898689,103.000000,0.000000,-9.471872,-6.833790,-17.491119,-5.572351,-8.488983,1.457914,-7.836597,-11.574554,-3.775116,-5.426094,-12.337971,-8.877027,1.541856,-13.161030,-24.092558,59.805004,-12.183916,-94.600128,2.653934,-132.284286,-68.729698,-10.323326,5.860059,-18.356224,-8.117196,-8.216443,-9.535100,-8.957699,-7.550673,-16.797707,-7.028159,-21.027311,8064.000000,0.000000,4.000000,,,,0.000000,4.000000,4.000000,4.000000,4.000000,4.000000,4.000000,4.000000,4.000000,4.000000,4.000000,4.000000,4.000000,4.000000,4.000000,4.000000,4.000000,4.000000,4.000000,2.000000,4.000000,4.000000,2.000000,4.000000,4.000000,4.000000,4.000000,4.000000,4.000000,4.000000,4.000000,4.000000,4.000000,66.666664
1614076746.906438,104.000000,0.000000,-3.308554,-6.826957,-13.371065,-5.053957,-6.429212,1.456456,-7.315940,-11.562980,-1.720059,-3.882206,-11.812812,-6.816868,2.565955,-3.404279,-23.042826,53.591351,-11.146091,-99.633736,3.164101,-130.100708,-64.558403,-10.313003,6.367019,-14.748125,-2.468054,-8.208226,-7.987103,-8.948741,-7.543122,-11.652704,-7.021131,-17.929361,8064.000000,0.000000,4.000000,,,,0.000000,4.000000,4.000000,4.000000,4.000000,4.000000,4.000000,4.000000,4.000000,4.000000,4.000000,4.000000,4.000000,4.000000,4.000000,4.000000,4.000000,4.000000,4.000000,2.000000,4.000000,4.000000,2.000000,4.000000,4.000000,4.000000,4.000000,4.000000,4.000000,4.000000,4.000000,4.000000,4.000000,66.666664
1614076746.914287,105.000000,0.000000,-1.766784,-6.820130,-13.357694,-5.048904,-5.397141,1.455000,-7.308624,-12.064238,-1.718339,-3.878324,-11.801000,-4.758769,5.640312,13.522202,-17.891577,86.358276,-11.134945,-84.149483,2.135295,-129.970612,-61.416920,-9.277049,5.847832,-7.041069,-1.952765,-8.200018,-9.004757,-8.939792,-8.048399,-10.615410,-7.014110,-16.885790,8064.000000,0.000000,4.000000,,,,0.000000,4.000000,4.000000,4.000000,4.000000,4.000000,4.000000,4.000000,4.000000,4.000000,4.000000,4.000000,4.000000,4.000000,4.000000,4.000000,4.000000,4.000000,4.000000,2.000000,4.000000,4.000000,2.000000,4.000000,4.000000,4.000000,4.000000,4.000000,4.000000,4.000000,4.000000,4.000000,4.000000,66.666664
1614076746.922036,106.000000,0.000000,-2.790658,-6.813310,-13.857157,-5.043855,-5.904565,1.453545,-7.301315,-10.513712,-1.716621,-3.874446,-11.789198,-5.779651,6.147492,15.559962,-14.283942,104.733452,-10.610990,-61.501232,9.825468,-125.738083,-55.714478,-9.780592,6.354805,-7.034028,-2.976453,-8.191818,-8.995752,-8.930852,-7.014710,-11.630436,-7.007096,-16.868904,8192.000000,0.000000,4.000000,,,,0.000000,4.000000,4.000000,4.000000,4.000000,4.000000,4.000000,4.000000,4.000000,4.000000,4.000000,4.000000,4.000000,4.000000,4.000000,4.000000,4.000000,4.000000,4.000000,2.000000,4.000000,4.000000,2.000000,4.000000,4.000000,4.000000,4.000000,4.000000,4.000000,4.000000,4.000000,4.000000,4.000000,66.666664
1614076746.929885,107.000000,0.000000,-2.275047,-6.806496,-13.843300,-5.551631,-7.437122,1.452091,-7.294014,-8.451916,-2.227725,-3.870572,-11.777409,-5.261051,5.628525,3.236710,-15.295299,73.859489,-8.036276,-68.619217,24.174616,-120.996956,-52.069019,-10.796453,6.348450,-8.565455,-2.460656,-8.183626,-8.473936,-8.409101,-4.956413,-11.618805,-7.000089,-12.236651,8064.000000,0.000000,4.000000,,,,0.000000,4.000000,4.000000,4.000000,4.000000,4.000000,4.000000,4.000000,4.000000,4.000000,4.000000,4.000000,4.000000,4.000000,4.000000,4.000000,4.000000,4.000000,4.000000,2.000000,4.000000,4.000000,2.000000,4.000000,4.000000,4.000000,4.000000,4.000000,4.000000,4.000000,4.000000,4.000000,4.000000,66.666664
1614076746.937634,108.000000,0.000000,-1.759952,-6.799690,-13.316635,-5.033259,-9.480967,1.450639,-7.286720,-7.417823,-4.789599,-3.353880,-11.252811,-5.255790,5.622896,-1.381912,-15.792824,56.862553,-7.002598,-92.140343,22.611980,-117.799034,-52.529770,-3.093348,6.342101,-7.018429,-0.919734,-7.662622,-7.952642,-8.913512,-3.925816,-10.068725,-6.993088,-6.583389,8064.000000,0.000000,4.000000,,,,0.000000,4.000000,4.000000,4.000000,4.000000,4.000000,4.000000,4.000000,4.000000,4.000000,4.000000,4.000000,4.000000,4.000000,4.000000,4.000000,4.000000,4.000000,4.000000,2.000000,4.000000,4.000000,2.000000,4.000000,4.000000,4.000000,4.000000,4.000000,4.000000,4.000000,4.000000,4.000000,4.000000,66.666664
1614076746.945483,109.000000,0.000000,-2.271012,-6.792890,-13.816139,-2.464123,-9.471486,1.449188,-7.279433,-7.923225,-5.810451,-3.863347,-11.241558,-4.737714,6.130094,0.157932,-14.238570,59.369793,-6.995596,-98.714867,-2.538836,-118.194061,-52.477242,6.140514,6.335759,-7.011410,1.132468,-7.654959,-8.457510,-6.340496,-2.896249,-5.443272,-6.986095,-5.038344,8064.000000,0.000000,4.000000,,,,0.000000,4.000000,4.000000,4.000000,4.000000,4.000000,4.000000,4.000000,4.000000,4.000000,4.000000,4.000000,4.000000,4.000000,4.000000,4.000000,4.000000,4.000000,4.000000,2.000000,4.000000,4.000000,2.000000,4.000000,4.000000,4.000000,4.000000,4.000000,4.000000,4.000000,4.000000,4.000000,4.000000,66.666664
1614076746.953232,110.000000,0.000000,-2.268741,-6.786097,-13.802323,-0.923198,-9.462014,1.447739,-7.272154,-7.915302,-5.291820,-3.859484,-11.743137,-4.732976,5.098322,-2.406329,-20.890999,40.336063,-8.014241,-104.769997,-19.972195,-125.768173,-52.424763,-2.070755,6.842244,-7.517220,2.156976,-8.160125,-8.449052,-1.205951,-0.842071,-2.873726,-6.979109,-5.546126,8064.000000,0.000000,4.000000,,,,0.000000,4.000000,4.000000,4.000000,4.000000,4.000000,4.000000,4.000000,4.000000,4.000000,4.000000,4.000000,4.000000,4.000000,4.000000,4.000000,4.000000,4.000000,4.000000,2.000000,4.000000,4.000000,2.000000,4.000000,4.000000,4.000000,4.000000,4.000000,4.000000,4.000000,4.000000,4.000000,4.000000,66.666664
1614076746.960981,111.000000,0.000000,-2.266473,-6.779311,-13.275701,-1.435095,-9.452553,1.446291,-7.264882,-7.394567,-5.286528,-3.342804,-11.731394,-6.779525,1.503481,-4.455204,-32.152157,21.834190,-11.595971,-117.485741,-7.644531,-133.334717,-54.423622,-16.940479,5.809761,-7.509702,2.154819,-7.639144,-7.927783,-1.204745,0.184412,-5.434955,-6.972130,-5.540580,8064.000000,0.000000,4.000000,,,,0.000000,4.000000,4.000000,4.000000,4.000000,4.000000,4.000000,4.000000,4.000000,4.000000,4.000000,4.000000,4.000000,4.000000,4.000000,4.000000,4.000000,4.000000,4.000000,2.000000,4.000000,4.000000,2.000000,4.000000,4.000000,4.000000,4.000000,4.000000,4.000000,4.000000,4.000000,4.000000,4.000000,66.666664
1614076746.968730,112.000000,0.000000,-2.264206,-6.772532,-11.211143,-1.946481,-9.443100,1.444845,-7.257617,-7.899992,-5.281241,-4.365102,-11.206842,-8.824027,-1.062125,-5.989211,-33.658466,36.684151,-14.661298,-111.214409,7.747729,-133.714203,-54.882019,-16.923538,3.239848,-6.989372,2.665485,-7.631505,-9.458317,-4.280463,0.184228,-7.480802,-7.477979,-6.560681,8064.000000,0.000000,4.000000,,,,0.000000,4.000000,4.000000,4.000000,4.000000,4.000000,4.000000,4.000000,4.000000,4.000000,4.000000,4.000000,4.000000,4.000000,4.000000,4.000000,4.000000,4.000000,4.000000,2.000000,4.000000,4.000000,2.000000,4.000000,4.000000,4.000000,4.000000,4.000000,4.000000,4.000000,4.000000,4.000000,4.000000,66.666664
1614076746.976379,113.000000,0.000000,-2.261942,-6.765759,-10.174291,-1.431714,-9.433657,1.443400,-7.250359,-7.892092,-5.275960,-8.463301,-14.272558,-8.815204,-2.086704,-15.213991,-31.060707,43.826954,-15.159457,-104.949348,-0.977967,-133.067657,-58.929699,-14.342512,0.672506,-8.520844,-2.465386,-11.726438,-11.500140,-4.789003,-0.841597,-7.473321,-6.957680,-2.964376,8064.000000,0.000000,4.000000,,,,0.000000,4.000000,4.000000,4.000000,4.000000,4.000000,4.000000,4.000000,4.000000,4.000000,4.000000,4.000000,4.000000,4.000000,4.000000,4.000000,4.000000,4.000000,4.000000,2.000000,4.000000,4.000000,2.000000,4.000000,4.000000,4.000000,4.000000,4.000000,4.000000,4.000000,4.000000,4.000000,4.000000,66.666664
1614076746.984128,114.000000,0.000000,-2.259680,-6.758994,-10.164116,-1.430282,-9.424223,0.416316,-7.243109,-7.884200,-5.270684,-11.018940,-18.873671,-8.806388,-2.597438,-23.916725,-32.055286,26.860050,-14.631477,-117.664917,-10.207758,-133.960236,-63.998974,-18.943554,-0.866628,-10.563605,-9.129587,-15.304455,-12.001461,-5.809855,-5.968961,-9.004309,-6.950722,-1.935771,8064.000000,0.000000,4.000000,,,,0.000000,4.000000,4.000000,4.000000,4.000000,4.000000,4.000000,4.000000,4.000000,4.000000,4.000000,4.000000,4.000000,4.000000,4.000000,4.000000,4.000000,4.000000,4.000000,2.000000,4.000000,4.000000,2.000000,4.000000,4.000000,4.000000,4.000000,4.000000,4.000000,4.000000,4.000000,4.000000,4.000000,66.666664
1614076746.991777,115.000000,0.000000,-2.257420,-6.239414,-10.153953,-1.941672,-9.414799,-2.148203,-7.235866,-7.363495,-5.265414,-11.520741,-18.854797,-8.797582,-1.056379,-19.790245,-23.818104,39.653702,-12.565563,-102.162636,3.135783,-127.672432,-56.242668,-12.770764,-1.378582,-11.065863,-10.146098,-15.801970,-11.989459,-8.368148,-12.116838,-11.046587,-7.456592,-12.703066,8064.000000,0.000000,4.000000,,,,0.000000,4.000000,4.000000,4.000000,4.000000,4.000000,4.000000,4.000000,4.000000,4.000000,4.000000,4.000000,4.000000,4.000000,4.000000,4.000000,4.000000,4.000000,4.000000,2.000000,4.000000,4.000000,2.000000,4.000000,4.000000,4.000000,4.000000,4.000000,4.000000,4.000000,4.000000,4.000000,4.000000,66.666664
1614076746.999527,116.000000,0.000000,-2.255163,-7.258816,-10.656619,-1.426910,-9.918204,-3.171696,-7.228630,-9.407414,-5.260149,-12.534863,-15.246199,-8.788784,-2.593784,-15.155070,-19.178900,62.178150,-11.014536,-74.368164,11.337775,-121.390907,-45.930016,0.062519,-0.864383,-11.054796,-9.623132,-15.786169,-11.977469,-9.385421,-12.617541,-12.574002,-6.936315,-16.792927,8064.000000,0.000000,4.000000,,,,0.000000,4.000000,4.000000,4.000000,4.000000,4.000000,4.000000,4.000000,4.000000,4.000000,4.000000,4.000000,4.000000,4.000000,4.000000,4.000000,4.000000,4.000000,4.000000,2.000000,4.000000,4.000000,2.000000,4.000000,4.000000,4.000000,4.000000,4.000000,4.000000,4.000000,4.000000,4.000000,4.000000,66.666664
1614076747.007176,117.000000,0.000000,-2.765728,-6.738736,-8.594680,0.625799,-9.395466,-1.117242,-7.221401,-11.449288,-5.254888,-8.419764,-15.743773,-9.292816,-9.257857,-16.165556,-35.569977,33.398026,-11.516342,-96.345078,-4.058178,-123.320801,-50.499470,-0.450364,-1.376339,-11.043741,-9.613508,-15.770383,-11.965492,-7.837574,-6.963898,-11.535787,-2.826815,-2.417160,8064.000000,0.000000,4.000000,,,,0.000000,4.000000,4.000000,4.000000,4.000000,4.000000,4.000000,4.000000,4.000000,4.000000,4.000000,4.000000,4.000000,4.000000,4.000000,4.000000,4.000000,4.000000,4.000000,2.000000,4.000000,4.000000,2.000000,4.000000,4.000000,4.000000,4.000000,4.000000,4.000000,4.000000,4.000000,4.000000,4.000000,66.666664
1614076747.014925,118.000000,0.000000,-2.762962,-3.655074,-6.534803,2.676455,-9.386070,0.935157,-7.214180,-9.899378,-5.249633,0.819426,-15.728029,-8.770702,-8.222959,-12.559647,-38.611332,17.467190,-9.966365,-115.223091,-9.695146,-124.735939,-57.115639,-1.475555,-1.374963,-11.032698,-6.526972,-12.677690,-11.953526,-5.778454,-0.803088,-6.396046,0.765756,9.892950,8064.000000,0.000000,4.000000,,,,0.000000,4.000000,4.000000,4.000000,4.000000,4.000000,4.000000,4.000000,4.000000,4.000000,4.000000,4.000000,4.000000,4.000000,4.000000,4.000000,4.000000,4.000000,4.000000,2.000000,4.000000,4.000000,2.000000,4.000000,4.000000,4.000000,4.000000,4.000000,4.000000,4.000000,4.000000,4.000000,4.000000,66.666664
1614076747.022574,119.000000,0.000000,0.316724,-4.164240,-6.528268,2.160958,-9.889505,1.447043,-7.206966,-7.325376,-5.244384,4.921171,-10.584096,-6.197829,2.041675,-6.906061,-12.418874,50.270237,-7.392295,-83.825813,7.237627,-119.483002,-55.520061,2.628485,-0.860767,-11.021666,-4.981984,-11.639371,-11.941573,-4.234214,0.223356,-5.364009,0.252169,9.370236,8064.000000,0.000000,4.000000,,,,0.000000,4.000000,4.000000,4.000000,4.000000,4.000000,4.000000,4.000000,4.000000,4.000000,4.000000,4.000000,4.000000,4.000000,4.000000,4.000000,4.000000,4.000000,4.000000,2.000000,4.000000,4.000000,2.000000,4.000000,4.000000,4.000000,4.000000,4.000000,4.000000,4.000000,4.000000,4.000000,4.000000,66.666664
1614076747.030323,120.000000,0.000000,1.854868,-6.724178,-5.496099,2.158797,-7.315513,1.445596,-7.199759,-7.830871,-5.239139,3.377788,-8.009409,-5.678811,4.090915,-7.924797,-5.739788,58.425095,-12.000288,-80.665070,12.871414,-117.825058,-58.028645,-7.630554,-1.372727,-11.010643,-6.002643,-12.140552,-11.929631,-4.742800,-0.802509,-7.922747,-0.260903,7.822404,8064.000000,0.000000,4.000000,,,,0.000000,4.000000,4.000000,4.000000,4.000000,4.000000,4.000000,4.000000,4.000000,4.000000,4.000000,4.000000,4.000000,4.000000,4.000000,4.000000,4.000000,4.000000,4.000000,2.000000,4.000000,4.000000,2.000000,4.000000,4.000000,4.000000,4.000000,4.000000,4.000000,4.000000,4.000000,4.000000,4.000000,66.666664
1614076747.037972,121.000000,0.000000,-1.736730,-4.153351,-2.926501,2.156639,-2.692813,4.008253,-7.192559,-8.335861,-5.746721,3.374410,-6.975759,-4.647491,-1.554201,-12.532256,-24.708408,26.058977,-14.552390,-112.892097,-0.474790,-123.348259,-64.637283,-13.263948,-0.858534,-10.999633,-3.432537,-7.513027,-11.917702,-4.738058,0.736755,-1.248158,2.303460,9.353044,8064.000000,0.000000,4.000000,,,,0.000000,4.000000,4.000000,4.000000,4.000000,4.000000,4.000000,4.000000,4.000000,4.000000,4.000000,4.000000,4.000000,4.000000,4.000000,4.000000,4.000000,4.000000,4.000000,2.000000,4.000000,4.000000,2.000000,4.000000,4.000000,4.000000,4.000000,4.000000,4.000000,4.000000,4.000000,4.000000,4.000000,66.666664
1614076747.045721,122.000000,0.000000,-1.734993,0.466186,-2.410753,2.154482,-1.151658,5.542706,-7.185367,-5.763422,-5.740974,3.371036,-1.840578,0.485361,-0.014185,-13.032544,-18.017033,25.520098,-6.845530,-107.138176,-8.679443,-125.276192,-62.008541,3.672392,1.193607,-10.988633,1.699100,-0.326026,-11.905785,-2.682038,3.300121,10.035142,3.839618,9.343691,8064.000000,0.000000,4.000000,,,,0.000000,4.000000,4.000000,4.000000,4.000000,4.000000,4.000000,4.000000,4.000000,4.000000,4.000000,4.000000,4.000000,4.000000,4.000000,4.000000,4.000000,4.000000,4.000000,2.000000,4.000000,4.000000,2.000000,4.000000,4.000000,4.000000,4.000000,4.000000,4.000000,4.000000,4.000000,4.000000,4.000000,66.666664
1614076747.053371,123.000000,0.000000,3.394947,0.978541,-2.921163,2.152328,-4.227430,5.537163,-7.178181,-3.706377,-5.222413,3.880485,-2.351558,2.023338,6.139675,-10.968230,2.000985,58.315090,-4.787403,-83.954117,-3.542559,-124.125275,-59.382431,1.617438,3.243695,-10.977645,2.723042,0.187120,-11.893879,-1.140894,3.809642,11.050747,4.348599,8.821527,8064.000000,0.000000,4.000000,,,,0.000000,4.000000,4.000000,4.000000,4.000000,4.000000,4.000000,4.000000,4.000000,4.000000,4.000000,4.000000,4.000000,4.000000,4.000000,4.000000,4.000000,4.000000,4.000000,2.000000,4.000000,4.000000,2.000000,4.000000,4.000000,4.000000,4.000000,4.000000,4.000000,4.000000,4.000000,4.000000,4.000000,66.666664
1614076747.061120,124.000000,0.000000,4.417193,-0.048079,-2.918242,2.150175,-6.274485,5.018806,-7.171003,-5.753953,-5.217190,3.876605,-11.067155,-3.619711,6.133535,-13.008544,-9.795888,51.590107,-10.423640,-99.254776,-0.462093,-126.052429,-60.861507,-19.922642,2.727631,-10.966667,-0.869424,-2.889990,-11.881985,-1.139753,3.293011,6.937132,4.344251,5.222961,8064.000000,0.000000,4.000000,,,,0.000000,4.000000,4.000000,4.000000,4.000000,4.000000,4.000000,4.000000,4.000000,4.000000,4.000000,4.000000,4.000000,4.000000,4.000000,4.000000,4.000000,4.000000,4.000000,2.000000,4.000000,4.000000,2.000000,4.000000,4.000000,4.000000,4.000000,4.000000,4.000000,4.000000,4.000000,4.000000,4.000000,66.666664
1614076747.068769,125.000000,0.000000,1.848673,0.464790,-2.915324,2.148025,-2.678466,5.013787,-7.163832,-8.312301,-6.237614,1.821446,-12.081729,-5.667374,5.101760,-12.482715,-24.657887,26.923134,-9.387576,-106.335007,-3.025734,-121.823814,-52.082699,-4.518103,2.212083,-11.468521,-2.407017,-3.912741,-11.357282,-1.138613,3.289718,7.955836,3.314265,0.602354,8064.000000,0.000000,4.000000,,,,0.000000,4.000000,4.000000,4.000000,4.000000,4.000000,4.000000,4.000000,4.000000,4.000000,4.000000,4.000000,4.000000,4.000000,4.000000,4.000000,4.000000,4.000000,4.000000,2.000000,4.000000,4.000000,2.000000,4.000000,4.000000,4.000000,4.000000,4.000000,4.000000,4.000000,4.000000,4.000000,4.000000,66.666664
1614076747.076618,126.000000,0.000000,3.385286,0.977146,-2.912409,2.145877,1.426776,7.060055,-7.156668,-4.714245,-1.103171,8.486291,-2.838878,-2.071963,6.122300,3.940025,-10.787075,52.024414,-3.737163,-83.151749,2.105497,-106.830193,-36.133179,22.153082,3.748333,-9.918591,0.672314,-4.421649,-8.269002,-1.137475,3.286429,7.947881,0.746849,0.601751,8064.000000,0.000000,4.000000,,,,0.000000,4.000000,4.000000,4.000000,4.000000,4.000000,4.000000,4.000000,4.000000,4.000000,4.000000,4.000000,4.000000,4.000000,4.000000,4.000000,4.000000,4.000000,4.000000,2.000000,4.000000,4.000000,2.000000,4.000000,4.000000,4.000000,4.000000,4.000000,4.000000,4.000000,4.000000,4.000000,4.000000,66.666664
1614076747.084367,127.000000,0.000000,5.433183,0.463348,-2.396676,2.656552,1.938170,9.617098,-7.149511,-0.094146,8.128701,17.195753,0.753705,-0.531429,6.116178,18.295059,-2.571160,71.459572,-3.220605,-73.325012,14.923904,-101.595161,-32.507305,4.695031,6.308687,-6.318929,2.210103,-3.904407,-5.183810,-0.623517,3.283142,7.427112,-0.279539,1.113970,8064.000000,0.000000,4.000000,,,,0.000000,4.000000,4.000000,4.000000,4.000000,4.000000,4.000000,4.000000,4.000000,4.000000,4.000000,4.000000,4.000000,4.000000,4.000000,4.000000,4.000000,4.000000,4.000000,2.000000,4.000000,4.000000,2.000000,4.000000,4.000000,4.000000,4.000000,4.000000,4.000000,4.000000,4.000000,4.000000,4.000000,66.666664
1614076747.092216,0.000000,0.000000,5.427750,0.462885,-2.907099,2.653895,0.910591,8.069018,-7.142362,-0.606873,8.120573,12.563173,-1.298331,-2.069359,5.597241,12.635738,-14.876281,51.900932,-4.243026,-78.892708,15.421801,-107.134590,-38.628643,-10.181458,6.302378,-3.748507,1.695072,-1.849220,-4.152985,-1.135714,3.792680,7.932506,0.233561,1.112856,0.000000,208.000000,4.000000,,,,0.000000,4.000000,4.000000,4.000000,4.000000,4.000000,4.000000,4.000000,4.000000,4.000000,4.000000,4.000000,4.000000,4.000000,4.000000,4.000000,4.000000,4.000000,4.000000,2.000000,4.000000,4.000000,2.000000,4.000000,4.000000,4.000000,4.000000,4.000000,4.000000,4.000000,4.000000,4.000000,4.000000,66.666664
1614076747.099965,1.000000,0.000000,5.422322,0.975242,-2.391372,2.138421,1.422501,4.984027,-7.135220,-0.093445,2.984247,1.781379,0.241429,-1.554469,6.104464,4.417974,-18.963968,42.105442,-3.725962,-76.762535,0.534584,-108.053101,-41.154118,11.880005,6.808896,-3.231938,2.719018,-3.385833,-4.148832,-1.134578,2.250426,4.334829,0.233327,1.111743,0.000000,195.000000,4.000000,,,,0.000000,4.000000,4.000000,4.000000,4.000000,4.000000,4.000000,4.000000,4.000000,4.000000,4.000000,4.000000,4.000000,4.000000,4.000000,4.000000,4.000000,4.000000,4.000000,2.000000,4.000000,4.000000,2.000000,4.000000,4.000000,4.000000,4.000000,4.000000,4.000000,4.000000,4.000000,4.000000,4.000000,66.666664
1614076747.107814,2.000000,0.000000,2.339977,-0.051374,-2.901801,3.161923,1.933899,5.491863,-7.128084,0.932289,1.955622,-2.835787,-0.271633,-0.527274,6.098360,1.336633,-18.945005,40.524876,-3.209415,-77.198593,-5.619796,-113.073250,-44.702705,16.996330,7.314908,-2.715886,0.152197,-8.510652,-5.170324,-0.620623,-0.315928,-3.874634,0.233094,0.597811,0.000000,217.000000,4.000000,,,,0.000000,4.000000,4.000000,4.000000,4.000000,4.000000,4.000000,4.000000,4.000000,4.000000,4.000000,4.000000,4.000000,4.000000,4.000000,4.000000,4.000000,4.000000,4.000000,2.000000,4.000000,4.000000,2.000000,4.000000,4.000000,4.000000,4.000000,4.000000,4.000000,4.000000,4.000000,4.000000,4.000000,66.666664
1614076747.115563,3.000000,0.000000,-2.277748,-2.615425,-6.488643,0.594659,1.419144,4.973551,-7.120956,-5.735310,0.928025,-7.961156,-8.476490,-3.603670,3.528159,-10.972396,-31.233753,26.638195,-3.719027,-85.839340,-5.101356,-130.396072,-55.427235,-9.174513,2.692208,-5.790093,-9.591545,-13.630346,-7.216436,-2.158464,-0.828432,-10.024605,0.232861,-0.941248,0.000000,188.000000,4.000000,,,,0.000000,4.000000,4.000000,4.000000,4.000000,4.000000,4.000000,4.000000,4.000000,4.000000,4.000000,4.000000,4.000000,4.000000,4.000000,4.000000,4.000000,4.000000,4.000000,2.000000,4.000000,4.000000,2.000000,4.000000,4.000000,4.000000,4.000000,4.000000,4.000000,4.000000,4.000000,4.000000,4.000000,66.666664
1614076747.123412,4.000000,0.000000,-2.788291,-5.176912,-10.071898,-6.585423,1.417725,0.353193,-7.113835,-14.960343,-3.688288,-12.568580,-16.673141,-9.753912,0.960528,-19.679373,-30.689697,37.380787,-3.715308,-85.753502,-6.634717,-136.932343,-64.089752,-20.960211,-3.977151,-10.912508,-17.274261,-15.667998,-8.234860,-4.720408,-0.314783,-11.040221,0.232628,-3.504410,0.000000,167.000000,4.000000,,,,0.000000,4.000000,4.000000,4.000000,4.000000,4.000000,4.000000,4.000000,4.000000,4.000000,4.000000,4.000000,4.000000,4.000000,4.000000,4.000000,4.000000,4.000000,4.000000,2.000000,4.000000,4.000000,2.000000,4.000000,4.000000,4.000000,4.000000,4.000000,4.000000,4.000000,4.000000,4.000000,4.000000,66.666664
1614076747.131161,5.000000,0.000000,-3.811144,-6.710197,-10.574646,-12.219863,1.416307,-3.236904,-7.106721,-15.971025,-6.248702,-12.043190,-16.143648,-12.821081,2.498029,-13.505847,-18.351316,60.420330,-3.711592,-82.590828,-0.987056,-133.718491,-64.025665,-16.323866,-5.511635,-11.414415,-17.256987,-15.652330,-9.765087,-5.228508,-0.314468,-11.542002,0.232395,-5.552187,0.000000,200.000000,4.000000,,,,0.000000,4.000000,4.000000,4.000000,4.000000,4.000000,4.000000,4.000000,4.000000,4.000000,4.000000,4.000000,4.000000,4.000000,4.000000,4.000000,4.000000,4.000000,4.000000,2.000000,4.000000,4.000000,2.000000,4.000000,4.000000,4.000000,4.000000,4.000000,4.000000,4.000000,4.000000,4.000000,4.000000,66.666664
1614076747.139010,6.000000,0.000000,-5.858614,-6.703487,-10.051251,-12.720464,1.414891,-2.720847,-7.099615,-14.929413,-5.216812,-12.031147,-14.589043,-12.808260,0.957070,-14.005161,-30.127836,37.282986,-3.707881,-96.354393,1.065213,-140.764252,-62.423180,-17.333183,-4.993303,-10.377360,-16.214088,-15.123857,-12.319425,-4.710459,-0.314154,-11.530459,0.232163,-6.572276,0.000000,186.000000,4.000000,,,,0.000000,4.000000,4.000000,4.000000,4.000000,4.000000,4.000000,4.000000,4.000000,4.000000,4.000000,4.000000,4.000000,4.000000,4.000000,4.000000,4.000000,4.000000,4.000000,2.000000,4.000000,4.000000,2.000000,4.000000,4.000000,4.000000,4.000000,4.000000,4.000000,4.000000,4.000000,4.000000,4.000000,66.666664
1614076747.146759,7.000000,0.000000,-3.288653,-6.696784,-10.041200,-12.194923,1.413476,-2.718126,-7.092515,-15.427303,-5.724416,-12.019116,-17.138556,-12.795452,-2.633631,-20.145002,-44.456684,10.066216,-3.191352,-112.668297,-11.756365,-140.623489,-64.412041,-14.751746,-3.449848,-16.008009,-17.223516,-16.134375,-12.307105,-4.705749,-0.313840,-11.518929,0.231931,-6.052884,0.000000,155.000000,4.000000,,,,0.000000,4.000000,4.000000,4.000000,4.000000,4.000000,4.000000,4.000000,4.000000,4.000000,4.000000,4.000000,4.000000,4.000000,4.000000,4.000000,4.000000,4.000000,4.000000,2.000000,4.000000,4.000000,2.000000,4.000000,4.000000,4.000000,4.000000,4.000000,4.000000,4.000000,4.000000,4.000000,4.000000,66.666664
1614076747.154608,8.000000,0.000000,1.330020,-6.690086,-7.979877,-12.695549,1.412063,-2.202587,-7.085423,-10.796492,-5.205871,-5.853251,-13.531674,-9.705733,1.471567,-11.919729,-25.950687,37.235638,-0.624058,-94.606903,-7.642045,-118.431587,-60.245060,-4.480585,0.143345,-18.556103,-14.642190,-14.579779,-9.730696,-4.701043,-0.313526,-11.507410,0.231699,-6.046831,0.000000,194.000000,4.000000,,,,0.000000,4.000000,4.000000,4.000000,4.000000,4.000000,4.000000,4.000000,4.000000,4.000000,4.000000,4.000000,4.000000,4.000000,4.000000,4.000000,4.000000,4.000000,4.000000,2.000000,4.000000,4.000000,2.000000,4.000000,4.000000,4.000000,4.000000,4.000000,4.000000,4.000000,4.000000,4.000000,4.000000,66.666664
1614076747.162357,9.000000,0.000000,1.841510,-6.683396,-5.920615,-12.682853,1.410651,0.363718,-7.078337,-4.631849,-2.636563,-0.206372,-3.774553,-5.080643,11.213685,1.425524,-3.873455,67.967636,0.915027,-66.819992,17.493803,-100.364441,-50.954048,-0.886360,3.220125,-11.870880,-9.499343,-9.949814,-7.669683,-4.696342,-0.313212,-7.906159,0.231467,-6.040784,0.000000,199.000000,4.000000,,,,0.000000,4.000000,4.000000,4.000000,4.000000,4.000000,4.000000,4.000000,4.000000,4.000000,4.000000,4.000000,4.000000,4.000000,4.000000,4.000000,4.000000,4.000000,4.000000,2.000000,4.000000,4.000000,2.000000,4.000000,4.000000,4.000000,4.000000,4.000000,4.000000,4.000000,4.000000,4.000000,4.000000,66.666664
1614076747.170206,10.000000,0.000000,1.326848,-6.676713,-6.427515,-12.157350,1.409240,1.388995,-7.071259,-4.627217,-1.095464,0.306655,0.844607,-4.562742,12.228112,4.501021,-5.408043,62.771461,-1.137170,-74.958298,16.963488,-103.340996,-46.800529,-2.423936,3.216905,-6.217984,-5.387280,-6.862941,-8.174833,-4.691645,-0.312899,-4.308510,0.231236,-6.034743,0.000000,201.000000,4.000000,,,,0.000000,4.000000,4.000000,4.000000,4.000000,4.000000,4.000000,4.000000,4.000000,4.000000,4.000000,4.000000,4.000000,4.000000,4.000000,4.000000,4.000000,4.000000,4.000000,2.000000,4.000000,4.000000,2.000000,4.000000,4.000000,4.000000,4.000000,4.000000,4.000000,4.000000,4.000000,4.000000,4.000000,66.666664
1614076747.177955,11.000000,0.000000,1.325522,-6.670036,-6.421087,-12.145192,1.407831,1.387606,-7.064188,-7.699513,-1.607190,1.844810,-0.181879,-5.071000,9.138961,5.522161,-8.992379,58.093304,-3.700135,-91.293602,-2.027834,-109.391502,-47.266548,-1.908691,2.700868,-6.724586,-4.869071,-7.881719,-7.653838,-4.686954,-0.312586,-3.278560,0.231004,-6.541529,0.000000,182.000000,4.000000,,,,0.000000,4.000000,4.000000,4.000000,4.000000,4.000000,4.000000,4.000000,4.000000,4.000000,4.000000,4.000000,4.000000,4.000000,4.000000,4.000000,4.000000,4.000000,4.000000,2.000000,4.000000,4.000000,2.000000,4.000000,4.000000,4.000000,4.000000,4.000000,4.000000,4.000000,4.000000,4.000000,4.000000,66.666664
1614076747.185804,12.000000,0.000000,1.837017,-6.663366,-6.414666,-12.133047,1.406423,1.386219,-7.057123,-7.691813,-1.605582,3.894247,-0.694518,-4.040288,9.642642,7.567922,-6.419284,52.907005,-3.696435,-77.868973,10.794706,-106.718010,-45.167999,-0.881141,3.210987,-7.743503,-5.377023,-7.873837,-5.594902,-4.682267,-0.312274,-3.275281,0.743594,-4.996526,0.000000,173.000000,4.000000,,,,0.000000,4.000000,4.000000,4.000000,4.000000,4.000000,4.000000,4.000000,4.000000,4.000000,4.000000,4.000000,4.000000,4.000000,4.000000,4.000000,4.000000,4.000000,4.000000,2.000000,4.000000,4.000000,2.000000,4.000000,4.000000,4.000000,4.000000,4.000000,4.000000,4.000000,4.000000,4.000000,4.000000,66.666664
1614076747.193553,13.000000,0.000000,1.835180,-6.656703,-6.408251,-12.120914,1.405017,1.384832,-7.050066,-7.171301,-1.603977,3.890353,-1.206644,-7.625991,7.068897,3.457789,-6.412865,37.469482,-4.205559,-58.816742,33.348015,-106.098473,-44.097191,-4.982824,2.694956,-6.710118,-4.858825,-7.353143,-4.050846,-4.677585,-0.311961,-4.297647,0.230030,-1.914606,0.000000,197.000000,4.000000,,,,0.000000,4.000000,4.000000,4.000000,4.000000,4.000000,4.000000,4.000000,4.000000,4.000000,4.000000,4.000000,4.000000,4.000000,4.000000,4.000000,4.000000,4.000000,4.000000,2.000000,4.000000,4.000000,2.000000,4.000000,4.000000,4.000000,4.000000,4.000000,4.000000,4.000000,4.000000,4.000000,4.000000,66.666664
1614076747.201402,14.000000,0.000000,-1.756399,-6.650046,-6.401843,-12.108793,1.403612,1.896268,-7.043016,-7.676950,-1.602373,3.373642,-4.282360,-12.233749,1.933623,-1.161053,-6.919272,46.149963,-6.765456,-62.347672,18.442871,-111.120575,-48.155659,-10.106047,2.692261,-6.190588,-4.853967,-7.858611,-4.046795,-4.672907,-0.311649,-6.857452,-2.334303,-3.963974,0.000000,206.000000,4.000000,,,,0.000000,4.000000,4.000000,4.000000,4.000000,4.000000,4.000000,4.000000,4.000000,4.000000,4.000000,4.000000,4.000000,4.000000,4.000000,4.000000,4.000000,4.000000,4.000000,2.000000,4.000000,4.000000,2.000000,4.000000,4.000000,4.000000,4.000000,4.000000,4.000000,4.000000,4.000000,4.000000,4.000000,66.666664
1614076747.209151,15.000000,0.000000,-4.831566,-6.643396,-6.395442,-12.096684,1.402208,3.945654,-7.035973,-7.669273,-1.600770,3.370268,-4.278078,-12.221516,2.444510,-1.672712,-11.014917,56.360222,-7.784332,-83.823784,-5.678135,-117.163300,-51.697247,-10.095941,2.689569,-8.235680,-5.361933,-7.850752,-5.581210,-4.668234,-0.311338,-7.876236,-3.870430,-4.472830,0.000000,203.000000,4.000000,,,,0.000000,4.000000,4.000000,4.000000,4.000000,4.000000,4.000000,4.000000,4.000000,4.000000,4.000000,4.000000,4.000000,4.000000,4.000000,4.000000,4.000000,4.000000,4.000000,2.000000,4.000000,4.000000,2.000000,4.000000,4.000000,4.000000,4.000000,4.000000,4.000000,4.000000,4.000000,4.000000,4.000000,66.666664
1614076747.216800,16.000000,0.000000,-1.236991,-6.636753,-6.389046,-12.084588,1.400806,5.480170,-7.028937,-7.661604,-1.599170,3.879719,-3.760979,-12.722115,0.903604,-5.773604,-19.209030,31.688478,-7.263727,-102.714317,-2.082714,-119.610245,-51.132729,-9.060204,2.686879,-10.278726,-5.356571,-7.842901,-7.626911,-4.663566,-0.311026,-7.355539,-3.353739,-0.365793,0.000000,180.000000,4.000000,,,,0.000000,4.000000,4.000000,4.000000,4.000000,4.000000,4.000000,4.000000,4.000000,4.000000,4.000000,4.000000,4.000000,4.000000,4.000000,4.000000,4.000000,4.000000,4.000000,2.000000,4.000000,4.000000,2.000000,4.000000,4.000000,4.000000,4.000000,4.000000,4.000000,4.000000,4.000000,4.000000,4.000000,66.666664
1614076747.224550,17.000000,0.000000,1.841169,-6.630116,-6.382657,-12.072503,1.399405,4.961869,-7.021908,-7.653943,-1.597570,3.363018,-4.782859,-12.196572,-2.174223,-8.331933,-23.292385,21.400379,-7.256463,-102.098785,4.586036,-117.952171,-50.568775,-12.640887,2.684192,-10.781267,-5.351214,-7.835058,-8.132104,-4.658902,-0.310715,-7.348184,-3.350385,-1.391068,0.000000,195.000000,4.000000,,,,0.000000,4.000000,4.000000,4.000000,4.000000,4.000000,4.000000,4.000000,4.000000,4.000000,4.000000,4.000000,4.000000,4.000000,4.000000,4.000000,4.000000,4.000000,4.000000,2.000000,4.000000,4.000000,2.000000,4.000000,4.000000,4.000000,4.000000,4.000000,4.000000,4.000000,4.000000,4.000000,4.000000,66.666664
1614076747.232199,18.000000,0.000000,1.839328,-6.623486,-5.863454,-12.060431,1.398005,4.956907,-7.014886,-7.646288,-1.595973,3.359655,-4.265256,-5.004889,2.956157,-4.221037,-20.704990,43.943081,-7.249207,-92.765915,-3.110858,-118.347038,-51.543846,-11.602605,3.194328,-10.257666,-5.345863,-7.827223,-8.123972,-4.654243,-0.310405,-7.340835,-3.347035,-6.005062,0.000000,204.000000,4.000000,,,,0.000000,4.000000,4.000000,4.000000,4.000000,4.000000,4.000000,4.000000,4.000000,4.000000,4.000000,4.000000,4.000000,4.000000,4.000000,4.000000,4.000000,4.000000,4.000000,2.000000,4.000000,4.000000,2.000000,4.000000,4.000000,4.000000,4.000000,4.000000,4.000000,4.000000,4.000000,4.000000,4.000000,66.666664
1614076747.239948,19.000000,0.000000,1.837489,-6.616862,-6.883231,-12.048370,1.396608,4.951950,-7.007872,-7.638642,-1.594377,3.869116,-3.748170,-0.384499,8.594226,-0.627072,-18.120182,40.309395,-7.241958,-92.160332,-1.056465,-118.741508,-49.953842,-6.462798,2.678313,-11.273049,-5.340518,-7.306575,-8.115849,-4.649589,-0.310094,-7.333495,-2.830868,-6.511877,0.000000,178.000000,4.000000,,,,0.000000,4.000000,4.000000,4.000000,4.000000,4.000000,4.000000,4.000000,4.000000,4.000000,4.000000,4.000000,4.000000,4.000000,4.000000,4.000000,4.000000,4.000000,4.000000,2.000000,4.000000,4.000000,2.000000,4.000000,4.000000,4.000000,4.000000,4.000000,4.000000,4.000000,4.000000,4.000000,4.000000,66.666664
1614076747.247597,20.000000,0.000000,-1.754092,-6.610246,-9.440451,-12.036322,1.395211,4.946998,-7.000864,-7.118183,-1.592782,2.326786,-7.846986,-6.025140,2.944606,-3.190548,-19.127705,22.833187,-7.234715,-87.965607,14.329206,-116.058670,-44.262863,-5.943514,2.675635,-9.723314,-5.335177,-7.812089,-8.107732,-4.644939,-0.309784,-7.326161,-4.366498,-5.479724,0.000000,199.000000,4.000000,,,,0.000000,4.000000,4.000000,4.000000,4.000000,4.000000,4.000000,4.000000,4.000000,4.000000,4.000000,4.000000,4.000000,4.000000,4.000000,4.000000,4.000000,4.000000,4.000000,2.000000,4.000000,4.000000,2.000000,4.000000,4.000000,4.000000,4.000000,4.000000,4.000000,4.000000,4.000000,4.000000,4.000000,66.666664
1614076747.255346,21.000000,0.000000,-5.342082,-6.603635,-10.456651,-12.024285,1.393816,4.942051,-6.993863,-7.623886,-1.591190,-0.239644,-11.941703,-12.685781,-2.186543,-4.725819,-24.236782,36.656509,-7.227481,-80.698151,14.314878,-113.378502,-43.192959,-4.911930,3.698601,-7.149488,-5.329842,-9.855559,-8.099625,-4.640295,0.203346,-7.318835,-6.413414,-5.987065,0.000000,166.000000,4.000000,,,,0.000000,4.000000,4.000000,4.000000,4.000000,4.000000,4.000000,4.000000,4.000000,4.000000,4.000000,4.000000,4.000000,4.000000,4.000000,4.000000,4.000000,4.000000,4.000000,2.000000,4.000000,4.000000,2.000000,4.000000,4.000000,4.000000,4.000000,4.000000,4.000000,4.000000,4.000000,4.000000,4.000000,66.666664
1614076747.262995,22.000000,0.000000,-5.336740,-6.597032,-9.933374,-12.012261,1.392422,4.937109,-6.986869,-7.616261,-1.589599,0.273416,-8.340018,-12.160275,0.379746,-1.644170,-24.212545,49.953186,-7.220253,-83.181557,0.967229,-117.367691,-47.765152,-1.830095,0.105158,-8.167980,-4.811691,-11.384166,-8.091525,-4.122834,-0.822498,-7.311516,-7.432642,-5.981078,0.000000,173.000000,4.000000,,,,0.000000,4.000000,4.000000,4.000000,4.000000,4.000000,4.000000,4.000000,4.000000,4.000000,4.000000,4.000000,4.000000,4.000000,4.000000,4.000000,4.000000,4.000000,4.000000,2.000000,4.000000,4.000000,2.000000,4.000000,4.000000,4.000000,4.000000,4.000000,4.000000,4.000000,4.000000,4.000000,4.000000,66.666664
1614076747.270744,23.000000,0.000000,-8.408326,-6.590435,-9.923441,-12.000249,1.903850,4.932172,-6.979882,-5.044543,-1.588009,2.324425,-3.716293,-11.635295,2.430648,-0.616884,-20.085768,43.236565,-7.213033,-84.636841,-0.059379,-123.916992,-51.307129,-8.494931,-6.048793,-10.723914,-5.319700,-11.372781,-8.083433,-4.118711,-3.898599,-7.304204,-6.912388,-5.975097,0.000000,187.000000,4.000000,,,,0.000000,4.000000,4.000000,4.000000,4.000000,4.000000,4.000000,4.000000,4.000000,4.000000,4.000000,4.000000,4.000000,4.000000,4.000000,4.000000,4.000000,4.000000,4.000000,2.000000,4.000000,4.000000,2.000000,4.000000,4.000000,4.000000,4.000000,4.000000,4.000000,4.000000,4.000000,4.000000,4.000000,66.666664
1614076747.278394,24.000000,0.000000,-12.502481,-6.583844,-9.913517,-11.988249,1.389126,4.927240,-6.972902,-5.552319,-1.586421,3.347742,-4.738218,-12.649301,1.402576,-1.129088,-18.527220,43.706150,-7.205820,-80.449638,6.094527,-124.818718,-50.743000,-16.691565,-9.119667,-10.713191,-5.314381,-10.848588,-8.075350,-5.140233,-3.894700,-7.296900,-6.905476,-5.969122,0.000000,196.000000,4.000000,,,,0.000000,4.000000,4.000000,4.000000,4.000000,4.000000,4.000000,4.000000,4.000000,4.000000,4.000000,4.000000,4.000000,4.000000,4.000000,4.000000,4.000000,4.000000,4.000000,2.000000,4.000000,4.000000,2.000000,4.000000,4.000000,4.000000,4.000000,4.000000,4.000000,4.000000,4.000000,4.000000,4.000000,66.666664
1614076747.286143,25.000000,0.000000,-10.951518,-6.064440,-9.903604,-12.489081,-0.663546,5.435133,-6.965929,-10.162151,-1.584834,3.857214,-4.733479,-12.636651,1.401174,-1.127959,-16.457411,50.841930,-7.198614,-82.933289,5.575612,-121.616974,-49.666618,-13.597950,-8.084907,-11.215298,-4.796246,-11.350560,-8.067274,-3.596632,-3.377985,-7.289603,-6.898570,-5.963153,0.000000,182.000000,4.000000,,,,0.000000,4.000000,4.000000,4.000000,4.000000,4.000000,4.000000,4.000000,4.000000,4.000000,4.000000,4.000000,4.000000,4.000000,4.000000,4.000000,4.000000,4.000000,4.000000,2.000000,4.000000,4.000000,2.000000,4.000000,4.000000,4.000000,4.000000,4.000000,4.000000,4.000000,4.000000,4.000000,4.000000,66.666664
1614076747.293792,26.000000,0.000000,-10.940566,-6.571196,-9.893700,-11.963772,-2.201344,4.916878,-6.446143,-11.690451,-1.583250,1.289255,-3.190285,-12.111194,1.912593,-1.126831,-14.389671,50.278267,-7.191416,-83.875999,5.570036,-120.982536,-53.206696,-15.122813,-8.076821,-10.178442,-7.868372,-13.390491,-8.572028,-5.131496,-7.477171,-7.795134,-6.891672,-5.957190,0.000000,128.000000,4.000000,,,,0.000000,4.000000,4.000000,4.000000,4.000000,4.000000,4.000000,4.000000,4.000000,4.000000,4.000000,4.000000,4.000000,4.000000,4.000000,4.000000,4.000000,4.000000,4.000000,2.000000,4.000000,4.000000,2.000000,4.000000,4.000000,4.000000,4.000000,4.000000,4.000000,4.000000,4.000000,4.000000,4.000000,66.666664
1614076747.301541,27.000000,0.000000,-13.493729,-9.128727,-9.883806,-11.951808,-2.711963,2.860679,-8.490978,-11.678760,-2.094487,-3.840240,-7.289659,-12.099083,1.397860,-1.125704,-21.554770,48.689529,-7.184224,-77.125458,4.026004,-121.374374,-58.794514,-18.697433,-9.094386,-11.193904,-13.501530,-15.428383,-8.050635,-14.869955,-11.572258,-7.274518,-6.884780,-5.951232,0.000000,205.000000,4.000000,,,,0.000000,4.000000,4.000000,4.000000,4.000000,4.000000,4.000000,4.000000,4.000000,4.000000,4.000000,4.000000,4.000000,4.000000,4.000000,4.000000,4.000000,4.000000,4.000000,2.000000,4.000000,4.000000,2.000000,4.000000,4.000000,4.000000,4.000000,4.000000,4.000000,4.000000,4.000000,4.000000,4.000000,66.666664
1614076747.309190,28.000000,0.000000,-9.377670,-10.145240,-9.873922,-12.965497,-2.196430,0.806536,-10.020949,-11.154261,-1.579572,-4.349220,-7.282369,-12.086984,2.422103,-1.637399,-25.635778,47.615196,-7.177040,-78.073967,-3.670329,-120.740181,-57.197258,-1.242839,-7.034009,-17.336557,-12.975207,-15.412954,-7.529764,-17.932007,-11.560686,-7.267244,-6.877895,-5.945281,0.000000,164.000000,4.000000,,,,0.000000,4.000000,4.000000,4.000000,4.000000,4.000000,4.000000,4.000000,4.000000,4.000000,4.000000,4.000000,4.000000,4.000000,4.000000,4.000000,4.000000,4.000000,4.000000,2.000000,4.000000,4.000000,4.000000,4.000000,4.000000,4.000000,4.000000,4.000000,4.000000,4.000000,4.000000,4.000000,4.000000,83.333336
1614076747.316939,29.000000,0.000000,-5.778549,-10.135095,-9.351228,-10.901249,-2.194234,1.318550,-7.959646,-6.527722,0.473290,-1.267948,0.930042,-11.562077,4.983784,-1.122941,-19.456297,49.618866,-7.169863,-83.636925,-1.615377,-120.619438,-51.499035,9.527635,-4.975693,-16.806400,-10.910951,-14.884721,-9.060696,-10.734589,-11.036304,-7.772798,-6.871017,-5.939336,0.000000,196.000000,4.000000,,,,0.000000,4.000000,4.000000,4.000000,4.000000,4.000000,4.000000,4.000000,4.000000,4.000000,4.000000,4.000000,4.000000,4.000000,4.000000,4.000000,4.000000,4.000000,4.000000,2.000000,4.000000,4.000000,4.000000,4.000000,4.000000,4.000000,4.000000,4.000000,4.000000,4.000000,4.000000,4.000000,4.000000,83.333336
1614076747.324588,30.000000,0.000000,-6.285591,-10.637780,-9.854697,-4.223681,-2.192039,1.830052,-6.413225,-3.444271,2.524098,-0.241039,2.467573,-12.576155,5.491621,-1.121818,-20.975302,48.543606,-7.162693,-83.553284,7.617008,-120.498817,-50.934715,-6.379329,-4.457897,-7.046003,-9.874398,-15.382657,-7.513174,-8.159751,-11.538089,-6.739384,-6.864146,-5.933397,0.000000,194.000000,4.000000,,,,0.000000,4.000000,4.000000,4.000000,4.000000,4.000000,4.000000,4.000000,4.000000,4.000000,4.000000,4.000000,4.000000,4.000000,4.000000,4.000000,4.000000,4.000000,4.000000,2.000000,4.000000,4.000000,4.000000,4.000000,4.000000,4.000000,4.000000,4.000000,4.000000,4.000000,4.000000,4.000000,4.000000,83.333336
1614076747.332437,31.000000,0.000000,0.387361,-6.524578,-9.844843,-0.629714,-2.189847,0.802581,-7.945273,-3.953647,2.008754,0.784843,-0.611817,-12.050758,4.973308,-1.633517,-25.569712,36.187370,-7.155530,-83.469734,7.096570,-117.814217,-48.319675,-10.988335,-3.427798,-2.936393,-1.146575,-12.290351,-0.838994,-7.125951,-8.449628,-2.117260,-6.857282,-5.927463,0.000000,190.000000,4.000000,,,,0.000000,4.000000,4.000000,4.000000,4.000000,4.000000,4.000000,4.000000,4.000000,4.000000,4.000000,4.000000,4.000000,4.000000,4.000000,4.000000,4.000000,4.000000,4.000000,2.000000,4.000000,4.000000,4.000000,4.000000,4.000000,4.000000,4.000000,4.000000,4.000000,4.000000,4.000000,4.000000,4.000000,83.333336
1614076747.340186,32.000000,0.000000,9.104922,0.148613,-9.322177,-0.629084,-1.674837,1.314599,-5.373226,-1.385591,2.006745,2.835340,6.568282,-7.423323,8.045258,-0.606242,-14.774911,34.099899,-7.661195,-80.822159,6.063833,-115.132301,-39.040588,8.509833,-0.860268,-3.446277,11.162264,-6.637035,3.777230,0.060663,-4.338614,0.448960,-6.850425,-5.921536,8064.000000,0.000000,4.000000,,,,0.000000,4.000000,4.000000,4.000000,4.000000,4.000000,4.000000,4.000000,4.000000,4.000000,4.000000,4.000000,4.000000,4.000000,4.000000,4.000000,4.000000,4.000000,4.000000,2.000000,4.000000,4.000000,4.000000,4.000000,4.000000,4.000000,4.000000,4.000000,4.000000,4.000000,4.000000,4.000000,4.000000,83.333336
1614076747.348035,33.000000,0.000000,10.121459,0.661285,-10.851316,-1.141276,-2.698803,4.390207,-2.803750,-0.871385,3.030379,3.858146,13.741200,-4.851797,11.626956,2.984107,-3.478085,45.347851,-7.653534,-78.177231,8.109051,-112.453064,-34.898983,13.116708,-0.346587,0.659733,13.715203,-3.553475,2.747812,2.111884,-3.308634,-0.064309,-6.843575,-5.915614,8064.000000,0.000000,4.000000,,,,0.000000,4.000000,4.000000,4.000000,4.000000,4.000000,4.000000,4.000000,4.000000,4.000000,4.000000,4.000000,4.000000,4.000000,4.000000,4.000000,4.000000,4.000000,4.000000,2.000000,4.000000,4.000000,4.000000,4.000000,4.000000,4.000000,4.000000,4.000000,4.000000,4.000000,4.000000,4.000000,4.000000,83.333336
1614076747.355784,34.000000,0.000000,8.060055,-2.929120,-12.891747,-2.678596,-4.747386,4.898637,-7.416331,-5.485898,-0.049574,2.828647,8.086433,-5.872586,12.128150,6.570867,-3.474607,50.430706,-7.645881,-75.534958,2.972737,-111.314972,-35.889725,1.308720,-0.859061,4.248817,9.086104,-4.062742,2.745064,-3.531254,-3.818146,-0.064245,-6.836731,-5.909698,8064.000000,0.000000,4.000000,,,,0.000000,4.000000,4.000000,4.000000,4.000000,4.000000,4.000000,4.000000,4.000000,4.000000,4.000000,4.000000,4.000000,4.000000,4.000000,4.000000,4.000000,4.000000,4.000000,2.000000,4.000000,4.000000,4.000000,4.000000,4.000000,4.000000,4.000000,4.000000,4.000000,4.000000,4.000000,4.000000,4.000000,83.333336
1614076747.363633,35.000000,0.000000,9.077636,-2.926191,-13.391676,-4.214379,-6.281101,1.816816,-8.947376,-7.531694,-5.690550,1.800177,2.950142,-4.841073,13.141663,6.051476,-1.419850,61.662327,-7.125414,-65.203011,7.072328,-109.665192,-32.776913,1.820231,-0.858202,4.757389,9.077018,-4.058679,5.819242,-5.579004,-3.814328,0.448640,-6.829894,-5.903789,8064.000000,0.000000,4.000000,,,,0.000000,4.000000,4.000000,4.000000,4.000000,4.000000,4.000000,4.000000,4.000000,4.000000,4.000000,4.000000,4.000000,4.000000,4.000000,4.000000,4.000000,4.000000,4.000000,2.000000,4.000000,4.000000,4.000000,4.000000,4.000000,4.000000,4.000000,4.000000,4.000000,4.000000,4.000000,4.000000,4.000000,83.333336
1614076747.371383,36.000000,0.000000,9.068559,-2.410444,-13.378284,-2.158883,-6.274820,2.840640,-2.271762,-8.036983,-5.172039,7.439403,1.921551,-4.836232,12.615701,4.506963,0.632852,75.446823,-5.067007,-58.471138,25.013973,-104.427322,-28.128752,9.510719,-1.370164,8.342375,10.093582,-3.541800,6.839064,-4.034964,-3.297693,-0.064629,-6.823064,-5.897885,8064.000000,0.000000,4.000000,,,,0.000000,4.000000,4.000000,4.000000,4.000000,4.000000,4.000000,4.000000,4.000000,4.000000,4.000000,4.000000,4.000000,4.000000,4.000000,4.000000,4.000000,4.000000,4.000000,2.000000,4.000000,4.000000,4.000000,4.000000,4.000000,4.000000,4.000000,4.000000,4.000000,4.000000,4.000000,4.000000,4.000000,83.333336
1614076747.379232,37.000000,0.000000,8.546669,-2.920854,-12.852086,-0.618262,-5.242904,5.401902,1.320254,-8.541767,-2.602764,16.149912,3.458091,-5.857037,11.064624,9.117840,0.119399,63.576500,-0.446555,-55.848568,31.142805,-98.681870,-28.100622,8.988388,0.169667,11.923776,8.545027,-4.051079,6.832224,-4.543749,-3.807216,-0.064565,-6.816241,-5.891987,8064.000000,0.000000,4.000000,,,,0.000000,4.000000,4.000000,4.000000,4.000000,4.000000,4.000000,4.000000,4.000000,4.000000,4.000000,4.000000,4.000000,4.000000,4.000000,4.000000,4.000000,4.000000,4.000000,2.000000,4.000000,4.000000,4.000000,4.000000,4.000000,4.000000,4.000000,4.000000,4.000000,4.000000,4.000000,4.000000,4.000000,83.333336
1614076747.386981,38.000000,0.000000,8.538122,-2.917933,-13.352055,-1.130464,-3.186379,4.370859,0.806113,2.236006,-3.112982,18.697865,17.300787,5.430872,20.284328,18.339491,10.375690,59.410362,7.246199,-38.356819,28.034740,-96.531906,-29.098164,7.953758,3.759241,11.399032,10.074944,-3.534207,6.312572,-5.052026,-3.803409,-0.577321,-6.809425,-5.886095,8064.000000,0.000000,4.000000,,,,0.000000,4.000000,4.000000,4.000000,4.000000,4.000000,4.000000,4.000000,4.000000,4.000000,4.000000,4.000000,4.000000,4.000000,4.000000,4.000000,4.000000,4.000000,4.000000,2.000000,4.000000,4.000000,4.000000,4.000000,4.000000,4.000000,4.000000,4.000000,4.000000,4.000000,4.000000,4.000000,4.000000,83.333336
1614076747.394830,39.000000,0.000000,9.042405,-2.915015,-13.338702,-1.129334,-1.644731,5.392129,2.856589,14.028642,3.556798,17.653526,33.180923,20.297235,33.084557,22.423716,21.647366,82.940697,14.418440,-35.241539,26.981064,-94.384094,-27.530603,11.022728,6.319585,10.874812,12.628971,-1.479391,6.306259,-4.534153,-3.799605,-0.063923,-6.802616,-5.367389,8064.000000,0.000000,4.000000,,,,0.000000,4.000000,4.000000,4.000000,4.000000,4.000000,4.000000,4.000000,4.000000,4.000000,4.000000,4.000000,4.000000,4.000000,4.000000,4.000000,4.000000,4.000000,4.000000,2.000000,4.000000,4.000000,4.000000,4.000000,4.000000,4.000000,4.000000,4.000000,4.000000,4.000000,4.000000,4.000000,4.000000,83.333336
1614076747.402579,40.000000,0.000000,8.520542,-2.912100,-11.786901,-1.128205,-1.643086,6.412378,3.366553,6.835126,13.296830,18.661514,31.096458,20.789759,29.461729,20.350010,12.394949,72.088524,15.942483,-67.513992,10.031006,-93.264069,-26.990252,11.524526,6.313265,11.376758,13.641983,0.060550,6.812773,-4.529620,-3.795806,0.961782,-6.795813,-5.362021,8064.000000,0.000000,4.000000,,,,0.000000,4.000000,4.000000,4.000000,4.000000,4.000000,4.000000,4.000000,4.000000,4.000000,4.000000,4.000000,4.000000,4.000000,4.000000,4.000000,4.000000,4.000000,4.000000,2.000000,4.000000,4.000000,4.000000,4.000000,4.000000,4.000000,4.000000,4.000000,4.000000,4.000000,4.000000,4.000000,4.000000,83.333336
1614076747.410428,41.000000,0.000000,5.435099,-2.909188,-14.339217,-3.178359,-1.641443,-1.286342,0.286263,-4.966581,7.129687,16.591570,21.321772,12.051021,17.637394,18.278378,-4.027703,45.349766,10.798335,-91.549042,-5.876461,-96.247726,-29.527365,6.897616,6.306952,11.878201,13.115520,0.060489,5.780320,-4.525090,-4.304831,-1.090462,-6.276196,-6.895121,8064.000000,0.000000,4.000000,,,,0.000000,4.000000,4.000000,4.000000,4.000000,4.000000,4.000000,4.000000,4.000000,4.000000,4.000000,4.000000,4.000000,4.000000,4.000000,4.000000,4.000000,4.000000,4.000000,2.000000,4.000000,4.000000,4.000000,4.000000,4.000000,4.000000,4.000000,4.000000,4.000000,4.000000,4.000000,4.000000,4.000000,83.333336
1614076747.418177,42.000000,0.000000,4.916843,-2.906279,-18.940264,-4.713642,-2.152622,-3.849158,0.285977,-4.448794,-1.082571,10.421132,21.300451,9.474867,15.568476,17.234459,-4.023675,67.355698,7.197793,-58.636978,12.078134,-97.689941,-27.446554,4.839437,6.300645,9.815042,12.589584,-0.452392,3.210437,-4.520565,-2.762064,1.474731,-6.269920,-8.939507,8192.000000,0.000000,4.000000,,,,0.000000,4.000000,4.000000,4.000000,4.000000,4.000000,4.000000,4.000000,4.000000,4.000000,4.000000,4.000000,4.000000,4.000000,4.000000,4.000000,4.000000,4.000000,4.000000,2.000000,4.000000,4.000000,4.000000,4.000000,4.000000,4.000000,4.000000,4.000000,4.000000,4.000000,4.000000,4.000000,4.000000,83.333336
1614076747.426026,43.000000,0.000000,5.937567,-2.903373,-17.382860,-4.708928,-1.124829,6.411101,0.798511,-1.880243,4.046717,9.897890,21.791971,9.978212,17.091368,17.217224,-1.968369,81.647316,8.729057,-34.475777,30.014774,-96.053787,-22.803724,3.808956,6.294344,7.753944,14.115457,0.060881,2.181585,-4.516044,-0.195200,10.191205,-6.776471,-8.930568,8064.000000,0.000000,4.000000,,,,0.000000,4.000000,4.000000,4.000000,4.000000,4.000000,4.000000,4.000000,4.000000,4.000000,4.000000,4.000000,4.000000,4.000000,4.000000,4.000000,4.000000,4.000000,4.000000,2.000000,4.000000,4.000000,4.000000,4.000000,4.000000,4.000000,4.000000,4.000000,4.000000,4.000000,4.000000,4.000000,4.000000,83.333336
1614076747.433775,44.000000,0.000000,0.290604,-2.387649,-16.852657,-5.729860,-1.636524,7.430331,-1.253569,-4.955286,3.017030,11.939275,13.052230,5.352850,14.510175,16.687187,-12.735632,49.257980,5.130585,-61.620789,13.061682,-100.573120,-33.550152,0.728224,6.288050,7.746191,11.537238,0.573641,3.205045,-4.511528,-0.707825,7.616911,-6.256874,-8.921638,8064.000000,0.000000,4.000000,,,,0.000000,4.000000,4.000000,4.000000,4.000000,4.000000,4.000000,4.000000,4.000000,4.000000,4.000000,4.000000,4.000000,4.000000,4.000000,4.000000,4.000000,4.000000,4.000000,2.000000,4.000000,4.000000,4.000000,4.000000,4.000000,4.000000,4.000000,4.000000,4.000000,4.000000,4.000000,4.000000,4.000000,83.333336
1614076747.441524,45.000000,0.000000,-5.863533,-3.923723,-25.553753,-6.749771,-9.840016,-4.884791,-3.303598,-9.565715,-7.755219,7.824771,2.269947,-2.857631,11.931561,8.978192,-23.492126,37.926670,-4.618135,-86.174553,-3.361636,-109.703316,-52.490959,1.753137,6.281762,5.687162,0.243650,-2.503856,2.689019,-4.507017,-3.271219,-6.749680,-5.737797,-11.476818,8064.000000,0.000000,4.000000,,,,0.000000,4.000000,4.000000,4.000000,4.000000,4.000000,4.000000,4.000000,4.000000,4.000000,4.000000,4.000000,4.000000,4.000000,4.000000,4.000000,4.000000,4.000000,4.000000,2.000000,4.000000,4.000000,4.000000,4.000000,4.000000,4.000000,4.000000,4.000000,4.000000,4.000000,4.000000,4.000000,4.000000,83.333336
1614076747.449273,46.000000,0.000000,-6.370490,-7.509542,-31.682047,-11.358406,-19.573765,-10.520932,-5.351576,-11.607431,-10.311565,-1.413823,-1.834887,-10.034261,8.842707,-3.851299,-22.955814,63.529770,-8.716082,-80.960175,7.410956,-113.183357,-51.925648,4.315486,6.788301,-0.985192,-9.500184,-7.116736,-0.903413,-4.502510,-3.780769,-12.896776,-9.834623,-18.132008,8064.000000,0.000000,4.000000,,,,0.000000,4.000000,4.000000,4.000000,4.000000,4.000000,4.000000,4.000000,4.000000,4.000000,4.000000,4.000000,4.000000,4.000000,4.000000,4.000000,4.000000,4.000000,4.000000,2.000000,4.000000,4.000000,4.000000,4.000000,4.000000,4.000000,4.000000,4.000000,4.000000,4.000000,4.000000,4.000000,4.000000,83.333336
1614076747.456922,47.000000,0.000000,-7.389760,-9.553315,-31.137543,-15.962432,-21.092653,-11.023232,-6.884686,-11.083003,-8.249972,-5.514973,-1.320232,-12.588329,4.731300,-10.001294,-21.907217,52.697006,-7.168904,-77.802292,15.608673,-111.531715,-42.642952,-1.842675,6.268692,-4.061130,-10.003504,-8.135261,-4.492254,-4.498007,-4.802629,-10.319777,-16.491455,-24.780542,8064.000000,0.000000,4.000000,,,,0.000000,4.000000,4.000000,4.000000,4.000000,4.000000,4.000000,4.000000,4.000000,4.000000,4.000000,4.000000,4.000000,4.000000,4.000000,4.000000,4.000000,4.000000,4.000000,2.000000,4.000000,4.000000,4.000000,4.000000,4.000000,4.000000,4.000000,4.000000,4.000000,4.000000,4.000000,4.000000,4.000000,83.333336
1614076747.464671,48.000000,0.000000,-9.433653,-10.056582,-34.183331,-14.408009,-20.045919,-13.063491,-6.877801,-11.071920,-9.267364,-4.483817,-0.293270,-12.575741,4.726569,-6.914370,-23.423771,29.054567,-8.187376,-89.006538,5.849475,-111.420181,-47.215694,-6.969038,6.262423,-3.544248,-8.967859,-8.639946,-4.487761,-4.493509,-7.361929,-10.822278,-18.526245,-27.319864,8064.000000,0.000000,4.000000,,,,0.000000,4.000000,4.000000,4.000000,4.000000,4.000000,4.000000,4.000000,4.000000,4.000000,4.000000,4.000000,4.000000,4.000000,4.000000,4.000000,4.000000,4.000000,4.000000,2.000000,4.000000,4.000000,4.000000,4.000000,4.000000,4.000000,4.000000,4.000000,4.000000,4.000000,4.000000,4.000000,4.000000,83.333336
1614076747.472320,49.000000,0.000000,-7.372937,-10.559346,-38.764530,-18.496164,-20.538694,-12.024786,-6.358103,-11.060848,-8.745275,-3.966513,3.296767,-12.563165,8.824407,-4.856173,-13.656758,50.051155,-6.640727,-87.379074,-1.335862,-111.821579,-55.373608,-2.859505,6.768981,-5.079165,-9.471712,-11.195409,-5.508914,-4.489016,-7.354567,-11.324276,-17.482079,-27.292545,8064.000000,0.000000,4.000000,,,,0.000000,4.000000,4.000000,4.000000,4.000000,4.000000,4.000000,4.000000,4.000000,4.000000,4.000000,4.000000,4.000000,4.000000,4.000000,4.000000,4.000000,4.000000,4.000000,2.000000,4.000000,4.000000,4.000000,4.000000,4.000000,4.000000,4.000000,4.000000,4.000000,4.000000,4.000000,4.000000,4.000000,83.333336
1614076747.480069,50.000000,0.000000,-6.852744,-13.112889,-38.725765,-31.298182,-20.518156,-18.166607,-8.403028,-10.536967,-9.762171,-4.475367,1.755008,-12.550602,9.841223,-4.851317,-2.361050,73.590843,0.032580,-63.701950,3.793679,-110.171295,-53.779774,-1.831004,5.736571,-7.125368,-9.462240,-11.184214,-8.067509,-4.484527,-8.885674,-11.825772,-17.464596,-31.367817,8064.000000,0.000000,4.000000,,,,0.000000,4.000000,4.000000,4.000000,4.000000,4.000000,4.000000,4.000000,4.000000,4.000000,4.000000,4.000000,4.000000,4.000000,4.000000,4.000000,4.000000,4.000000,4.000000,2.000000,4.000000,4.000000,4.000000,4.000000,4.000000,4.000000,4.000000,4.000000,4.000000,4.000000,4.000000,4.000000,4.000000,83.333336
1614076747.487719,51.000000,0.000000,-9.409993,-15.663879,-38.174221,-32.805344,-20.497637,-26.866390,-10.445906,-12.577712,-14.880614,-4.470891,-6.964695,-11.512410,8.292920,-5.359286,-6.974074,59.158279,-0.480273,-55.433117,2.251424,-111.086769,-52.187531,-7.983019,1.115450,-8.143884,-8.939958,-11.173029,-8.572261,-4.480042,-10.928070,-13.865229,-17.959951,-35.951832,8064.000000,0.000000,4.000000,,,,0.000000,4.000000,4.000000,4.000000,4.000000,4.000000,4.000000,4.000000,4.000000,4.000000,4.000000,4.000000,4.000000,4.000000,4.000000,4.000000,4.000000,4.000000,4.000000,2.000000,4.000000,4.000000,4.000000,4.000000,4.000000,4.000000,4.000000,4.000000,4.000000,4.000000,4.000000,4.000000,4.000000,83.333336
1614076747.495468,52.000000,0.000000,-9.913404,-17.186676,-38.648865,-21.490488,-19.451498,-20.685677,-10.948280,-13.590775,-15.378554,-2.927959,-7.470551,-12.013719,9.310268,-5.353927,-11.069664,49.868355,-3.556716,-75.890503,-11.084161,-111.488503,-53.673805,-7.975036,-0.936947,-10.699842,-8.931018,-10.649035,-8.050869,-4.475562,-11.429963,-14.364183,-17.429173,-34.890240,8064.000000,0.000000,4.000000,,,,0.000000,4.000000,4.000000,4.000000,4.000000,4.000000,4.000000,4.000000,4.000000,4.000000,4.000000,4.000000,4.000000,4.000000,4.000000,4.000000,4.000000,4.000000,4.000000,2.000000,4.000000,4.000000,4.000000,4.000000,4.000000,4.000000,4.000000,4.000000,4.000000,4.000000,4.000000,4.000000,4.000000,83.333336
1614076747.503117,53.000000,0.000000,-9.390670,-17.169491,-38.097397,-17.366434,-17.380766,-12.972684,-10.424512,-11.013082,-12.286252,-0.360928,-1.309234,-12.514525,8.788137,-3.810112,-6.956030,64.690277,-2.014698,-86.071022,-12.098718,-109.838554,-53.620132,-3.351677,-0.936011,-9.663502,-8.922087,-10.638387,-8.042818,-4.471087,-10.905712,-14.349819,-17.411743,-30.239965,8064.000000,0.000000,4.000000,,,,0.000000,4.000000,4.000000,4.000000,4.000000,4.000000,4.000000,4.000000,4.000000,4.000000,4.000000,4.000000,4.000000,4.000000,4.000000,4.000000,4.000000,4.000000,4.000000,2.000000,4.000000,4.000000,4.000000,4.000000,4.000000,4.000000,4.000000,4.000000,4.000000,4.000000,4.000000,4.000000,4.000000,83.333336
1614076747.510866,54.000000,0.000000,-9.381279,-17.152321,-39.084942,-19.400349,-16.337744,-18.087915,-10.414087,-11.514890,-12.273966,-0.873388,-3.872028,-11.476370,-3.015522,-6.370404,-20.795227,43.599949,-8.679350,-85.472137,-0.291747,-113.831276,-53.053692,-1.809863,-2.986356,-4.525633,-10.451626,-13.704671,-8.034775,-3.953795,-10.894807,-16.899572,-17.394331,-31.235367,8064.000000,0.000000,4.000000,,,,0.000000,4.000000,4.000000,4.000000,4.000000,4.000000,4.000000,4.000000,4.000000,4.000000,4.000000,4.000000,4.000000,4.000000,4.000000,4.000000,4.000000,4.000000,4.000000,2.000000,4.000000,4.000000,4.000000,4.000000,4.000000,4.000000,4.000000,4.000000,4.000000,4.000000,4.000000,4.000000,4.000000,83.333336
1614076747.518515,55.000000,0.000000,-8.859077,-17.135168,-38.020214,-18.868128,-16.321405,-17.557009,-10.916493,-15.093118,-13.287333,-2.923797,-12.586104,-13.003355,-15.833019,-15.081983,-44.364178,11.248656,-23.542465,-101.796921,-9.009404,-124.999496,-53.000637,-1.808054,-5.034652,-4.008287,-12.492456,-18.306351,-8.026740,-5.488303,-10.883912,-18.421135,-17.376936,-32.229771,8064.000000,0.000000,4.000000,,,,0.000000,4.000000,4.000000,4.000000,4.000000,4.000000,4.000000,4.000000,4.000000,4.000000,4.000000,4.000000,4.000000,4.000000,4.000000,4.000000,4.000000,4.000000,4.000000,2.000000,4.000000,4.000000,4.000000,4.000000,4.000000,4.000000,4.000000,4.000000,4.000000,4.000000,4.000000,4.000000,4.000000,83.333336
1614076747.526264,56.000000,0.000000,-10.901501,-17.118032,-30.289886,-18.336439,-16.305084,-9.334323,-10.392756,-14.052384,-11.735584,-4.459334,-11.547877,-18.631376,-11.201802,-14.041259,-36.627502,20.468176,-26.595846,-109.900253,-24.385010,-129.489883,-52.947636,-3.344707,-4.516797,-7.081202,-12.479964,-18.800865,-8.018713,-8.046917,-10.873028,-17.889893,-17.872379,-23.992414,7936.000000,0.000000,4.000000,,,,0.000000,4.000000,4.000000,4.000000,4.000000,4.000000,4.000000,4.000000,4.000000,4.000000,4.000000,4.000000,4.000000,4.000000,4.000000,4.000000,4.000000,4.000000,4.000000,2.000000,4.000000,4.000000,4.000000,4.000000,4.000000,4.000000,4.000000,4.000000,4.000000,4.000000,4.000000,4.000000,4.000000,83.333336
1614076747.533913,57.000000,0.000000,-12.429061,-17.100914,-24.105751,-17.805283,-16.288780,-8.299347,-9.869544,-14.551152,-11.723848,-3.942055,-8.459407,-19.638386,1.629913,-2.745167,-15.565236,53.268223,-20.415403,-88.764709,-7.437548,-122.693726,-52.894688,-8.469567,-6.050742,-7.586941,-10.416202,-17.756424,-8.010695,-8.038870,-10.862155,-17.872002,-16.316046,-11.147909,8064.000000,0.000000,4.000000,,,,0.000000,4.000000,4.000000,4.000000,4.000000,4.000000,4.000000,4.000000,4.000000,4.000000,4.000000,4.000000,4.000000,4.000000,4.000000,4.000000,4.000000,4.000000,4.000000,2.000000,4.000000,4.000000,4.000000,4.000000,4.000000,4.000000,4.000000,4.000000,4.000000,4.000000,4.000000,4.000000,4.000000,83.333336
1614076747.541762,58.000000,0.000000,-10.878170,-17.083815,-21.517542,-15.223374,-15.246849,-8.291048,-10.372495,-19.151985,-13.250587,-0.861189,-8.450947,-10.900800,4.705206,-0.691139,-10.934286,59.368801,-16.292423,-64.573380,15.133992,-114.365906,-52.841793,-8.973918,-8.095973,-6.553713,-8.867324,-18.251488,-8.002684,-7.518011,-10.851293,-17.854130,-14.761269,-7.034197,8064.000000,0.000000,4.000000,,,,0.000000,4.000000,4.000000,4.000000,4.000000,4.000000,4.000000,4.000000,4.000000,4.000000,4.000000,4.000000,4.000000,4.000000,4.000000,4.000000,4.000000,4.000000,4.000000,2.000000,4.000000,4.000000,4.000000,4.000000,4.000000,4.000000,4.000000,4.000000,4.000000,4.000000,4.000000,4.000000,4.000000,83.333336
1614076747.549511,59.000000,0.000000,-9.328830,-17.066730,-18.419102,-15.208151,-11.641859,-3.154552,-9.849301,-12.978988,-5.545028,2.216595,-0.237368,-3.710412,8.290244,-0.177628,-3.231044,60.847893,-9.096644,-52.713936,9.477833,-110.661797,-52.788952,-2.811098,-5.523775,-7.059980,-8.858457,-18.233236,-7.994681,-8.023314,-10.840442,-18.349096,-13.208046,-9.078445,8064.000000,0.000000,4.000000,,,,0.000000,4.000000,4.000000,4.000000,4.000000,4.000000,4.000000,4.000000,4.000000,4.000000,4.000000,4.000000,4.000000,4.000000,4.000000,4.000000,4.000000,4.000000,4.000000,2.000000,4.000000,4.000000,4.000000,4.000000,4.000000,4.000000,4.000000,4.000000,4.000000,4.000000,4.000000,4.000000,4.000000,83.333336
1614076747.557261,60.000000,0.000000,-8.806681,-17.049664,-14.810939,-14.680122,-7.527653,-0.587295,-7.275350,0.880145,6.768209,4.778481,12.583383,-1.142599,16.999903,9.566139,11.643982,84.889610,-0.882420,-56.763786,-0.788056,-108.499847,-52.736164,-2.808287,0.122775,-7.052920,-8.849599,-18.215002,-7.473866,-7.502469,-10.829601,-17.817926,-11.656376,-8.556546,8064.000000,0.000000,4.000000,,,,0.000000,4.000000,4.000000,4.000000,4.000000,4.000000,4.000000,4.000000,4.000000,4.000000,4.000000,4.000000,4.000000,4.000000,4.000000,4.000000,4.000000,4.000000,4.000000,2.000000,4.000000,4.000000,4.000000,4.000000,4.000000,4.000000,4.000000,4.000000,4.000000,4.000000,4.000000,4.000000,4.000000,83.333336
1614076747.564910,61.000000,0.000000,-5.720951,-17.032614,-15.821769,-11.588519,-8.545767,-2.125169,-7.268075,-4.761760,5.735800,4.260882,7.955414,-0.115815,13.393159,8.530932,4.452851,59.676514,1.169745,-81.835228,2.289655,-110.955452,-52.170605,-6.908043,0.122652,-7.045867,-8.327929,-18.196787,-4.902289,-7.494967,-10.818771,-17.287289,-9.593438,-8.035170,8064.000000,0.000000,4.000000,,,,0.000000,4.000000,4.000000,4.000000,4.000000,4.000000,4.000000,4.000000,4.000000,4.000000,4.000000,4.000000,4.000000,4.000000,4.000000,4.000000,4.000000,4.000000,4.000000,2.000000,4.000000,4.000000,4.000000,4.000000,4.000000,4.000000,4.000000,4.000000,4.000000,4.000000,4.000000,4.000000,4.000000,83.333336
1614076747.572759,62.000000,0.000000,-7.253692,-17.015581,-16.318768,-12.089751,-15.203887,-2.123044,-10.850550,-18.090332,-7.090448,-3.948507,-4.873054,-2.679802,2.610535,-6.862214,-6.833653,27.309145,2.707037,-92.522621,3.825827,-113.408600,-52.118435,-2.798571,-1.415932,-6.526000,-8.832421,-18.178591,-3.358926,-11.077215,-10.807953,-18.295643,-9.583844,-8.539954,8064.000000,0.000000,4.000000,,,,0.000000,4.000000,4.000000,4.000000,4.000000,4.000000,4.000000,4.000000,4.000000,4.000000,4.000000,4.000000,4.000000,4.000000,4.000000,4.000000,4.000000,4.000000,4.000000,2.000000,4.000000,4.000000,4.000000,4.000000,4.000000,4.000000,4.000000,4.000000,4.000000,4.000000,4.000000,4.000000,4.000000,83.333336
1614076747.580508,63.000000,0.000000,-11.861823,-16.998566,-15.789628,-14.128943,-20.316889,-1.608100,-13.403802,-17.559422,-13.237205,-14.200969,-6.919463,-8.318148,2.607925,-11.470737,-4.775537,55.486965,-0.372593,-72.430099,1.770719,-111.756729,-52.066319,-0.744490,1.149586,-6.519475,-8.310768,-17.647593,-5.406849,-15.168702,-10.284325,-17.764526,-10.087081,-9.044235,8064.000000,0.000000,4.000000,,,,0.000000,4.000000,4.000000,4.000000,4.000000,4.000000,4.000000,4.000000,4.000000,4.000000,4.000000,4.000000,4.000000,4.000000,4.000000,4.000000,4.000000,4.000000,4.000000,2.000000,4.000000,4.000000,4.000000,4.000000,4.000000,4.000000,4.000000,4.000000,4.000000,4.000000,4.000000,4.000000,4.000000,83.333336
1614076747.588357,64.000000,0.000000,-12.875602,-16.981567,-16.286659,-12.576353,-20.296572,-2.119313,-13.903218,-20.105965,-11.685506,-15.725229,-10.502287,-13.438035,-6.625453,-14.536189,-18.104095,52.354553,-15.244016,-67.742287,1.256128,-113.696259,-52.014252,-13.051438,-2.441307,-7.025775,-8.302457,-18.142765,-7.965545,-15.666354,-10.786860,-13.131377,-9.564174,-9.035191,0.000000,193.000000,4.000000,,,,0.000000,4.000000,4.000000,4.000000,4.000000,4.000000,4.000000,4.000000,4.000000,4.000000,4.000000,4.000000,4.000000,4.000000,4.000000,4.000000,4.000000,4.000000,4.000000,2.000000,4.000000,4.000000,4.000000,4.000000,4.000000,4.000000,4.000000,4.000000,4.000000,4.000000,4.000000,4.000000,4.000000,83.333336
1614076747.596106,65.000000,0.000000,-13.375546,-16.964586,-16.270372,-11.025315,-20.276276,-2.117193,-13.889316,-31.880730,-12.186641,-14.683864,-21.773836,-20.604084,-26.106007,-25.290884,-42.188557,19.994507,-27.023643,-90.238647,1.254872,-124.351791,-51.962238,-24.833258,-15.259378,-5.993109,-9.319796,-17.611801,-7.957579,-15.137867,-10.776073,-9.528502,-10.067430,-9.026155,0.000000,198.000000,4.000000,,,,0.000000,4.000000,4.000000,4.000000,4.000000,4.000000,4.000000,4.000000,4.000000,4.000000,4.000000,4.000000,4.000000,4.000000,4.000000,4.000000,4.000000,4.000000,4.000000,2.000000,4.000000,4.000000,4.000000,4.000000,4.000000,4.000000,4.000000,4.000000,4.000000,4.000000,4.000000,4.000000,4.000000,83.333336
1614076747.603955,66.000000,0.000000,-15.926273,-16.947620,-16.254103,-11.014290,-20.255999,-2.115076,-13.875426,-29.284746,-13.200095,-15.694820,-19.700781,-24.173223,-24.541439,-21.675848,-41.120728,37.410408,-26.483799,-98.353531,2.279258,-131.919739,-54.474377,-24.808426,-23.962069,-8.038398,-11.361758,-17.594191,-11.026545,-15.122729,-10.252477,-10.544615,-10.057363,-9.017130,0.000000,181.000000,4.000000,,,,0.000000,4.000000,4.000000,4.000000,4.000000,4.000000,4.000000,4.000000,4.000000,4.000000,4.000000,4.000000,4.000000,4.000000,4.000000,4.000000,4.000000,4.000000,4.000000,2.000000,4.000000,4.000000,4.000000,4.000000,4.000000,4.000000,4.000000,4.000000,4.000000,4.000000,4.000000,4.000000,4.000000,83.333336
1614076747.611704,67.000000,0.000000,-16.935989,-16.930674,-17.776310,-8.951994,-15.620358,-2.112961,-13.861550,-18.999052,-12.161254,-15.166306,-8.911849,-22.610588,-14.260488,-10.372122,-33.900120,64.552490,-24.918854,-88.511589,2.276979,-131.275009,-59.548107,-24.270796,-22.912464,-14.184205,-13.914499,-19.627878,-17.682184,-15.107607,-11.267865,-10.534070,-10.047305,-9.520933,0.000000,188.000000,4.000000,,,,0.000000,4.000000,4.000000,4.000000,4.000000,4.000000,4.000000,4.000000,4.000000,4.000000,4.000000,4.000000,4.000000,4.000000,4.000000,4.000000,4.000000,4.000000,4.000000,2.000000,4.000000,4.000000,4.000000,4.000000,4.000000,4.000000,4.000000,4.000000,4.000000,4.000000,4.000000,4.000000,4.000000,83.333336
1614076747.619553,68.000000,0.000000,-18.457514,-16.913742,-15.707252,-7.404580,-12.527815,-4.162130,-13.847689,-24.108257,-12.149093,-14.638318,-9.415757,-23.613619,-15.784688,-16.515596,-42.584167,32.180241,-26.945217,-92.525642,-3.366324,-131.143738,-63.591125,-24.246525,-22.376732,-18.272585,-18.003149,-21.659533,-23.305529,-15.092499,-13.820701,-10.010715,-10.037257,-8.998591,0.000000,171.000000,4.000000,,,,0.000000,4.000000,4.000000,4.000000,4.000000,4.000000,4.000000,4.000000,4.000000,4.000000,4.000000,4.000000,4.000000,4.000000,4.000000,4.000000,4.000000,4.000000,4.000000,2.000000,4.000000,4.000000,4.000000,4.000000,4.000000,4.000000,4.000000,4.000000,4.000000,4.000000,4.000000,4.000000,4.000000,83.333336
1614076747.627302,69.000000,0.000000,-20.490339,-16.896830,-11.076159,-7.909996,-12.515287,-6.209250,-13.833841,-25.109791,-12.649764,-15.649321,-11.457623,-23.077185,-9.615057,-24.191387,-37.413376,28.045498,-24.866989,-98.586967,-7.978342,-131.525406,-64.553177,-14.991509,-23.892817,-18.254313,-20.036427,-21.637873,-22.769402,-15.077407,-14.832520,-10.513526,-10.027221,-8.989593,0.000000,180.000000,4.000000,,,,0.000000,4.000000,4.000000,4.000000,4.000000,4.000000,4.000000,4.000000,4.000000,4.000000,4.000000,4.000000,4.000000,4.000000,4.000000,4.000000,4.000000,4.000000,4.000000,2.000000,4.000000,4.000000,4.000000,4.000000,4.000000,4.000000,4.000000,4.000000,4.000000,4.000000,4.000000,4.000000,4.000000,83.333336
1614076747.635151,70.000000,0.000000,-18.418566,-17.392752,-10.039442,-8.414907,-9.938669,-6.715861,-13.820007,-11.238527,-11.098653,-12.556748,-3.241038,-12.797697,7.317635,-15.449247,-11.734939,60.837963,-14.585712,-80.026840,-0.790876,-124.214394,-61.924519,-6.258570,-21.304821,-18.236059,-20.016392,-21.616234,-20.182529,-15.062329,-14.304868,-9.990191,-10.017193,-10.006245,0.000000,187.000000,4.000000,,,,0.000000,4.000000,4.000000,4.000000,4.000000,4.000000,4.000000,4.000000,4.000000,4.000000,4.000000,4.000000,4.000000,4.000000,4.000000,4.000000,4.000000,4.000000,4.000000,2.000000,4.000000,4.000000,4.000000,4.000000,4.000000,4.000000,4.000000,4.000000,4.000000,4.000000,4.000000,4.000000,4.000000,83.333336
1614076747.642900,71.000000,0.000000,-16.348866,-17.888180,-8.490941,-8.919312,-5.826166,-6.196325,-13.806188,-8.150366,-9.036272,-6.390346,1.377588,-4.066951,8.335958,-7.741491,-0.953973,62.828407,-3.801896,-64.049377,3.312479,-117.936333,-56.221569,-5.739491,-16.155312,-15.653720,-19.996374,-21.594618,-19.136707,-15.047267,-14.803383,-7.928919,-10.519997,-7.432136,0.000000,164.000000,4.000000,,,,0.000000,4.000000,4.000000,4.000000,4.000000,4.000000,4.000000,4.000000,4.000000,4.000000,4.000000,4.000000,4.000000,4.000000,4.000000,4.000000,4.000000,4.000000,4.000000,2.000000,4.000000,4.000000,4.000000,4.000000,4.000000,4.000000,4.000000,4.000000,4.000000,4.000000,4.000000,4.000000,4.000000,83.333336
1614076747.650749,72.000000,0.000000,-16.332518,-16.844650,-0.277322,-7.884752,-4.281878,-5.677308,-13.792381,-17.885805,-8.001595,-3.307032,-0.675072,-5.088525,1.660955,-8.246570,-6.081223,44.304043,-1.746812,-82.446861,-14.639552,-119.356857,-56.165348,-2.144007,-14.087873,-11.022681,-19.463558,-19.008921,-18.604750,-15.032220,-14.275760,-6.382529,-9.483835,-2.809319,0.000000,167.000000,4.000000,,,,0.000000,4.000000,4.000000,4.000000,4.000000,4.000000,4.000000,4.000000,4.000000,4.000000,4.000000,4.000000,4.000000,4.000000,4.000000,4.000000,4.000000,4.000000,4.000000,2.000000,4.000000,4.000000,4.000000,4.000000,4.000000,4.000000,4.000000,4.000000,4.000000,4.000000,4.000000,4.000000,4.000000,83.333336
1614076747.658498,73.000000,0.000000,-16.316185,-16.314985,2.799878,-8.389688,-5.816058,-6.184451,-13.778589,-16.842278,-9.019234,-3.303725,-0.674397,-8.673180,1.659294,-8.238323,-6.587963,61.182816,-3.796348,-96.723389,-25.906963,-119.237503,-56.622002,0.422239,-15.612247,-9.986018,-19.956915,-17.451450,-19.098965,-15.530007,-14.261483,-6.376146,-10.499992,-1.268048,0.000000,199.000000,4.000000,,,,0.000000,4.000000,4.000000,4.000000,4.000000,4.000000,4.000000,4.000000,4.000000,4.000000,4.000000,4.000000,4.000000,4.000000,4.000000,4.000000,4.000000,4.000000,4.000000,2.000000,4.000000,4.000000,4.000000,4.000000,4.000000,4.000000,4.000000,4.000000,4.000000,4.000000,4.000000,4.000000,4.000000,83.333336
1614076747.666147,74.000000,0.000000,-17.838329,-18.349953,1.771438,-9.919760,-5.810242,-5.665446,-13.764811,-7.594666,-9.010215,-4.326063,-0.160902,-8.151687,2.170456,-8.230084,-8.119837,73.429321,-2.254090,-69.959999,2.836892,-108.349037,-46.308968,-6.244850,-14.570994,-10.488853,-19.936958,-18.459641,-18.567045,-15.001657,-14.760042,-6.882591,-11.002313,-1.779600,0.000000,199.000000,4.000000,,,,0.000000,4.000000,4.000000,4.000000,4.000000,4.000000,4.000000,4.000000,4.000000,4.000000,4.000000,4.000000,4.000000,4.000000,4.000000,4.000000,4.000000,4.000000,4.000000,2.000000,4.000000,4.000000,4.000000,4.000000,4.000000,4.000000,4.000000,4.000000,4.000000,4.000000,4.000000,4.000000,4.000000,83.333336
1614076747.673896,75.000000,0.000000,-14.230747,-12.177757,13.564538,-0.166250,3.426337,3.570988,-13.751045,-6.048610,-1.821717,-3.296096,-0.160741,-7.117894,2.168285,-7.196214,-14.778383,57.458458,-1.739015,-53.992607,27.962261,-99.009918,-36.519070,-7.264246,-9.941038,-9.965543,-14.788815,-17.415539,-14.958735,-12.422553,-12.694000,-6.362887,-5.863106,2.837564,0.000000,178.000000,4.000000,,,,0.000000,4.000000,4.000000,4.000000,4.000000,4.000000,4.000000,4.000000,4.000000,4.000000,4.000000,4.000000,4.000000,4.000000,4.000000,4.000000,4.000000,4.000000,4.000000,2.000000,4.000000,4.000000,4.000000,4.000000,4.000000,4.000000,4.000000,4.000000,4.000000,4.000000,4.000000,4.000000,4.000000,83.333336
1614076747.681546,76.000000,0.000000,-7.549850,3.731857,24.833025,18.295454,16.243423,14.849468,-13.737294,-7.068202,6.385232,2.861047,0.352240,-7.110776,2.678937,-3.599274,-18.866169,40.477924,-8.916763,-75.989899,5.883016,-107.628853,-39.559475,-0.077494,-6.854175,-9.955577,-8.107360,-11.757098,-10.328392,-10.871669,-8.578742,-5.330884,0.809424,6.424470,0.000000,188.000000,4.000000,,,,0.000000,4.000000,4.000000,4.000000,4.000000,4.000000,4.000000,4.000000,4.000000,4.000000,4.000000,4.000000,4.000000,4.000000,4.000000,4.000000,4.000000,4.000000,4.000000,2.000000,4.000000,4.000000,4.000000,4.000000,4.000000,4.000000,4.000000,4.000000,4.000000,4.000000,4.000000,4.000000,4.000000,83.333336
1614076747.689295,77.000000,0.000000,-8.055120,8.343510,18.141525,22.892544,16.740002,13.808978,-13.723557,-6.035493,5.353206,5.935109,-1.186573,-9.154947,-3.990408,-1.031572,-19.360123,46.078472,-15.574513,-77.965187,-8.994662,-120.341736,-45.160942,-3.154340,-7.360141,-9.945621,-7.586432,-10.206880,-10.830884,-11.373618,-7.031702,-9.428117,1.834256,5.392405,0.000000,197.000000,4.000000,,,,0.000000,4.000000,4.000000,4.000000,4.000000,4.000000,4.000000,4.000000,4.000000,4.000000,4.000000,4.000000,4.000000,4.000000,4.000000,4.000000,4.000000,4.000000,4.000000,2.000000,4.000000,4.000000,4.000000,4.000000,4.000000,4.000000,4.000000,4.000000,4.000000,4.000000,4.000000,4.000000,4.000000,83.333336
1614076747.696944,78.000000,0.000000,-8.047066,-0.382783,8.892614,16.202984,11.082235,8.154143,-13.709834,-9.106381,1.758109,2.339430,-0.672566,-8.120152,-3.986418,-0.517720,-15.238199,69.109314,-11.969195,-55.835941,15.629718,-116.118835,-44.090137,-9.305032,-7.865601,-10.448497,-8.604486,-10.196672,-11.845694,-11.362245,-5.999029,-14.034073,0.806780,5.899833,0.000000,204.000000,4.000000,,,,0.000000,4.000000,4.000000,4.000000,4.000000,4.000000,4.000000,4.000000,4.000000,4.000000,4.000000,4.000000,4.000000,4.000000,4.000000,4.000000,4.000000,4.000000,4.000000,2.000000,4.000000,4.000000,4.000000,4.000000,4.000000,4.000000,4.000000,4.000000,4.000000,4.000000,4.000000,4.000000,4.000000,83.333336
1614076747.704693,79.000000,0.000000,-1.885172,-1.920861,7.858080,15.673962,10.558332,10.197271,-13.696124,-13.199839,3.807633,0.285809,1.379388,-0.932544,4.735518,-0.004382,-13.171679,50.578667,-6.316200,-73.216003,18.178190,-109.848869,-43.533230,-4.680342,-7.344915,-11.463689,-8.083062,-6.083912,-10.295386,-10.838061,-3.941748,-10.943116,1.318794,5.381112,0.000000,183.000000,4.000000,,,,0.000000,4.000000,4.000000,4.000000,4.000000,4.000000,4.000000,4.000000,4.000000,4.000000,4.000000,4.000000,4.000000,4.000000,4.000000,4.000000,4.000000,4.000000,4.000000,2.000000,4.000000,4.000000,4.000000,4.000000,4.000000,4.000000,4.000000,4.000000,4.000000,4.000000,4.000000,4.000000,4.000000,83.333336
1614076747.712342,80.000000,0.000000,-6.498672,-2.431761,1.696376,12.068543,3.368287,7.110151,-13.682427,-14.212280,-1.324379,-4.329862,-6.314299,-3.495714,0.115397,-7.696685,-23.927738,18.220398,-6.822704,-103.399193,-2.865629,-116.918503,-46.053799,-0.573098,-7.337570,-9.400944,-9.100620,-9.667572,-12.336373,-11.340044,-3.937807,-11.444994,-1.246627,-4.880679,0.000000,206.000000,4.000000,,,,0.000000,4.000000,4.000000,4.000000,4.000000,4.000000,4.000000,4.000000,4.000000,4.000000,4.000000,4.000000,4.000000,4.000000,4.000000,4.000000,4.000000,4.000000,4.000000,2.000000,4.000000,4.000000,4.000000,4.000000,4.000000,4.000000,4.000000,4.000000,4.000000,4.000000,4.000000,4.000000,4.000000,83.333336
1614076747.720091,81.000000,0.000000,-16.748583,-13.711381,-5.484807,-2.302499,-12.019697,-5.717472,-13.668745,-17.787811,-12.092286,-13.043481,-17.077215,-16.825552,-9.115487,-15.894116,-25.955091,29.484228,-6.815882,-85.347076,5.855186,-117.314407,-48.059025,-3.649448,-7.843053,-9.904363,-12.168443,-19.914314,-20.529165,-11.328704,-7.010792,-19.638678,-5.347945,-17.696312,0.000000,191.000000,4.000000,,,,0.000000,4.000000,4.000000,4.000000,4.000000,4.000000,4.000000,4.000000,4.000000,4.000000,4.000000,4.000000,4.000000,4.000000,4.000000,4.000000,4.000000,4.000000,4.000000,2.000000,4.000000,4.000000,4.000000,4.000000,4.000000,4.000000,4.000000,4.000000,4.000000,4.000000,4.000000,4.000000,4.000000,83.333336
1614076747.727740,82.000000,0.000000,-11.090809,-15.236131,-0.863938,-7.428402,-11.494857,-10.839959,-13.655076,-21.359768,-11.567373,-13.030437,-13.983215,-17.321547,-0.388423,-11.262837,-11.057343,62.275257,-0.655220,-61.671989,21.233946,-106.427864,-48.523788,-5.697080,-7.835210,-16.048306,-12.156274,-18.868759,-22.559917,-11.317375,-7.516602,-21.157499,-6.368238,-16.140154,0.000000,218.000000,4.000000,,,,0.000000,4.000000,4.000000,4.000000,4.000000,4.000000,4.000000,4.000000,4.000000,4.000000,4.000000,4.000000,4.000000,4.000000,4.000000,4.000000,4.000000,4.000000,4.000000,2.000000,4.000000,4.000000,4.000000,4.000000,4.000000,4.000000,4.000000,4.000000,4.000000,4.000000,4.000000,4.000000,4.000000,83.333336
1614076747.735489,83.000000,0.000000,-0.823308,-1.887561,5.803593,2.835437,1.849972,-4.675273,-13.641421,-19.287125,-3.350677,-5.325099,-8.841026,-8.073456,6.278632,-4.072088,-8.482183,62.212982,1.909538,-73.918007,14.033224,-103.757332,-47.449623,-2.614460,-5.776093,-13.980974,-10.092835,-11.157582,-15.357871,-11.306058,-6.483444,-15.495317,-6.361869,-5.354783,0.000000,213.000000,4.000000,,,,0.000000,4.000000,4.000000,4.000000,4.000000,4.000000,4.000000,4.000000,4.000000,4.000000,4.000000,4.000000,4.000000,4.000000,4.000000,4.000000,4.000000,4.000000,4.000000,2.000000,4.000000,4.000000,4.000000,4.000000,4.000000,4.000000,4.000000,4.000000,4.000000,4.000000,4.000000,4.000000,4.000000,83.333336
1614076747.743139,84.000000,0.000000,-2.360946,2.729711,5.284969,7.447986,5.950686,-2.106496,-13.627780,-17.216557,-0.270404,-3.268492,-11.909109,-9.603844,-3.984057,-7.657759,-21.294212,39.073845,-4.759038,-88.203064,5.301242,-108.781776,-47.402172,-0.560564,-3.719035,-1.659301,-7.518640,-9.607964,-10.214308,-11.294752,-6.989781,-13.428539,-6.355508,-1.759684,0.000000,191.000000,4.000000,,,,0.000000,4.000000,4.000000,4.000000,4.000000,4.000000,4.000000,4.000000,4.000000,4.000000,4.000000,4.000000,4.000000,4.000000,4.000000,4.000000,4.000000,4.000000,4.000000,2.000000,4.000000,4.000000,4.000000,4.000000,4.000000,4.000000,4.000000,4.000000,4.000000,4.000000,4.000000,4.000000,4.000000,83.333336
1614076747.750888,85.000000,0.000000,-5.948329,-1.888403,4.766863,5.389256,4.406273,-3.130030,-13.101332,-17.712160,-1.808595,-4.803685,-10.871558,-15.748086,-11.159560,-12.265486,-26.401125,43.650158,-10.395305,-87.602043,-3.934828,-111.237099,-52.482975,-4.662567,-4.740957,0.906461,-9.049583,-10.623997,-12.255376,-11.796277,-6.982791,-13.927931,-6.349152,-2.270745,0.000000,192.000000,4.000000,,,,0.000000,4.000000,4.000000,4.000000,4.000000,4.000000,4.000000,4.000000,4.000000,4.000000,4.000000,4.000000,4.000000,4.000000,4.000000,4.000000,4.000000,4.000000,4.000000,2.000000,4.000000,4.000000,4.000000,4.000000,4.000000,4.000000,4.000000,4.000000,4.000000,4.000000,4.000000,4.000000,4.000000,83.333336
1614076747.758537,86.000000,0.000000,-5.942381,-2.399336,4.249276,6.922328,5.940329,-2.614079,-14.113872,-18.207268,-1.293966,-4.798882,-7.783764,-17.783621,-9.097118,-11.740400,-27.913185,48.221889,-10.897730,-83.411873,-6.494996,-115.741249,-58.584339,-10.811750,-7.300318,-6.786753,-13.143098,-11.126193,-14.807223,-11.271661,-6.975809,-15.452465,-7.368444,-0.730013,0.000000,202.000000,4.000000,,,,0.000000,4.000000,4.000000,4.000000,4.000000,4.000000,4.000000,4.000000,4.000000,4.000000,4.000000,4.000000,4.000000,4.000000,4.000000,4.000000,4.000000,4.000000,4.000000,2.000000,4.000000,4.000000,4.000000,4.000000,4.000000,4.000000,4.000000,4.000000,4.000000,4.000000,4.000000,4.000000,4.000000,83.333336
1614076747.766386,87.000000,0.000000,-8.500541,-5.473859,1.680924,4.351304,3.883106,-2.611465,-13.586937,-18.189060,-0.779851,-3.255621,-11.365724,-19.304298,-9.088021,-12.241480,-32.500656,43.045464,-9.861191,-81.790001,13.511499,-120.240891,-59.038574,-13.877862,-7.805839,-11.395351,-15.694057,-16.243273,-14.792416,-10.747568,-6.968832,-20.052397,-9.925179,-5.857488,0.000000,196.000000,4.000000,,,,0.000000,4.000000,4.000000,4.000000,4.000000,4.000000,4.000000,4.000000,4.000000,4.000000,4.000000,4.000000,4.000000,4.000000,4.000000,4.000000,4.000000,4.000000,4.000000,2.000000,4.000000,4.000000,4.000000,4.000000,4.000000,4.000000,4.000000,4.000000,4.000000,4.000000,4.000000,4.000000,4.000000,83.333336
1614076747.774135,88.000000,0.000000,-9.004861,-9.058129,1.679243,0.244388,2.853582,-0.557572,-8.957966,-17.145231,-1.291892,-3.765186,-6.226153,-17.746532,-9.591754,-11.203598,-31.442514,36.848572,-10.876971,-99.656929,12.985168,-124.223213,-58.979538,-13.351164,-7.798032,-13.948058,-16.191183,-17.765490,-14.264803,-11.762462,-6.961864,-20.032345,-10.428074,-7.902913,0.000000,175.000000,4.000000,,,,0.000000,4.000000,4.000000,4.000000,4.000000,4.000000,4.000000,4.000000,4.000000,4.000000,4.000000,4.000000,4.000000,4.000000,4.000000,4.000000,4.000000,4.000000,4.000000,2.000000,4.000000,4.000000,4.000000,4.000000,4.000000,4.000000,4.000000,4.000000,4.000000,4.000000,4.000000,4.000000,4.000000,83.333336
1614076747.781984,89.000000,0.000000,-5.918933,-5.972148,4.754487,4.859528,9.004575,5.596832,-5.872085,-17.640905,-1.803420,-5.812703,5.062125,-13.626222,-10.094983,-6.064189,-29.872610,26.555313,-10.866094,-115.454712,-15.745767,-129.740021,-58.920555,-10.773710,-7.790235,-18.036674,-16.174992,-15.183622,-15.276179,-10.212238,-6.954902,-14.884107,-9.904825,3.387042,0.000000,208.000000,4.000000,,,,0.000000,4.000000,4.000000,4.000000,4.000000,4.000000,4.000000,4.000000,4.000000,4.000000,4.000000,4.000000,4.000000,4.000000,4.000000,4.000000,4.000000,4.000000,4.000000,2.000000,4.000000,4.000000,4.000000,4.000000,4.000000,4.000000,4.000000,4.000000,4.000000,4.000000,4.000000,4.000000,4.000000,83.333336
1614076747.789733,90.000000,0.000000,-5.913014,-1.863612,5.775373,10.495694,13.098134,9.693799,-5.866212,-19.161726,-1.288797,-0.165864,8.133986,-11.048492,-9.059247,-5.032484,-26.252995,29.092861,-8.291125,-93.287971,-9.576175,-121.405151,-52.194969,-6.660372,-7.782444,-18.018639,-14.620356,-14.655618,-14.748082,-5.586641,-6.947947,-14.356402,-9.894920,6.973398,0.000000,126.000000,4.000000,,,,0.000000,4.000000,4.000000,4.000000,4.000000,4.000000,4.000000,4.000000,4.000000,4.000000,4.000000,4.000000,4.000000,4.000000,4.000000,4.000000,4.000000,4.000000,4.000000,2.000000,4.000000,4.000000,4.000000,4.000000,4.000000,4.000000,4.000000,4.000000,4.000000,4.000000,4.000000,4.000000,4.000000,83.333336
1614076747.797582,91.000000,0.000000,-8.471204,-2.374568,3.205496,10.485199,13.085036,8.658464,-6.373167,-13.501539,1.276595,13.680455,7.613031,-7.960521,-4.947623,-4.001811,-12.893408,47.525307,-6.231552,-72.169044,13.510324,-104.873489,-44.450466,-4.602430,-7.261841,-14.923697,-12.041633,-12.076859,-12.169231,-5.068234,-6.940999,-11.777944,-10.910666,-0.725883,0.000000,217.000000,4.000000,,,,0.000000,4.000000,4.000000,4.000000,4.000000,4.000000,4.000000,4.000000,4.000000,4.000000,4.000000,4.000000,4.000000,4.000000,4.000000,4.000000,4.000000,4.000000,4.000000,2.000000,4.000000,4.000000,4.000000,4.000000,4.000000,4.000000,4.000000,4.000000,4.000000,4.000000,4.000000,4.000000,4.000000,83.333336
1614076747.805331,92.000000,0.000000,-9.488374,-2.885015,1.151008,9.449073,15.636054,8.649806,-5.853973,-3.744448,2.300959,20.333441,10.682341,-4.362817,-0.327291,2.668858,-2.624104,70.554703,-6.738141,-70.558411,5.291686,-103.742973,-42.867554,-5.623468,-7.767400,-11.319029,-11.516770,-4.372475,-10.618601,-7.627268,-6.934058,-3.561037,-8.848474,0.300484,0.000000,190.000000,4.000000,,,,0.000000,4.000000,4.000000,4.000000,4.000000,4.000000,4.000000,4.000000,4.000000,4.000000,4.000000,4.000000,4.000000,4.000000,4.000000,4.000000,4.000000,4.000000,4.000000,2.000000,4.000000,4.000000,4.000000,4.000000,4.000000,4.000000,4.000000,4.000000,4.000000,4.000000,4.000000,4.000000,4.000000,83.333336
1614076747.813180,93.000000,0.000000,-8.453244,-1.856488,2.175498,10.465264,17.158878,9.666797,-6.360940,-5.279165,2.811479,17.749006,11.184480,-2.819993,2.237139,8.307215,-0.057377,95.099533,-6.218583,-46.385292,7.337677,-104.664871,-43.337509,-5.105024,-7.246812,-9.769248,-12.018074,-3.342462,-11.120803,-7.106821,-6.927124,-4.583117,-3.711420,5.941209,0.000000,191.000000,4.000000,,,,0.000000,4.000000,4.000000,4.000000,4.000000,4.000000,4.000000,4.000000,4.000000,4.000000,4.000000,4.000000,4.000000,4.000000,4.000000,4.000000,4.000000,4.000000,4.000000,2.000000,4.000000,4.000000,4.000000,4.000000,4.000000,4.000000,4.000000,4.000000,4.000000,4.000000,4.000000,4.000000,4.000000,83.333336
1614076747.820929,94.000000,0.000000,-9.983253,-1.854632,4.737425,9.941978,16.116079,8.631489,-6.354578,-9.889271,5.372770,18.244078,11.173295,-3.329993,2.747722,6.247626,-1.082961,88.337769,-6.212364,-37.108135,23.740595,-100.970459,-43.294170,-6.125560,-7.239565,-10.272300,-12.006057,-6.416042,-11.109682,-7.612534,-6.920197,-9.706739,-2.169247,3.371166,0.000000,200.000000,4.000000,,,,0.000000,4.000000,4.000000,4.000000,4.000000,4.000000,4.000000,4.000000,4.000000,4.000000,4.000000,4.000000,4.000000,4.000000,4.000000,4.000000,4.000000,4.000000,4.000000,2.000000,4.000000,4.000000,4.000000,4.000000,4.000000,4.000000,4.000000,4.000000,4.000000,4.000000,4.000000,4.000000,4.000000,83.333336
1614076747.828778,95.000000,0.000000,-12.537372,-4.416880,6.271149,9.932036,17.638424,9.135678,-6.348224,-7.315279,5.367397,19.764294,10.649301,-7.429227,0.693692,5.728558,-15.440852,55.941738,-10.821536,-69.378723,4.742496,-112.664368,-45.814980,-9.709178,-10.309249,-9.749207,-11.481230,-5.896806,-10.585752,-10.169024,-6.913277,-9.697033,-2.679898,1.316512,0.000000,185.000000,4.000000,,,,0.000000,4.000000,4.000000,4.000000,4.000000,4.000000,4.000000,4.000000,4.000000,4.000000,4.000000,4.000000,4.000000,4.000000,4.000000,4.000000,4.000000,4.000000,4.000000,2.000000,4.000000,4.000000,4.000000,4.000000,4.000000,4.000000,4.000000,4.000000,4.000000,4.000000,4.000000,4.000000,4.000000,83.333336
1614076747.836527,96.000000,0.000000,-13.037655,-5.950924,3.700775,8.896463,14.031043,9.126542,-6.341876,-10.897707,2.797927,10.513762,1.407882,-15.114105,-4.948027,7.774111,-30.810026,38.449898,-16.964561,-87.770882,-12.185324,-126.397850,-49.871727,-12.776392,-14.914324,-9.739457,-11.982569,-9.993473,-11.087987,-11.184496,-6.906363,-13.789900,-2.164398,1.315196,8064.000000,0.000000,4.000000,,,,0.000000,4.000000,4.000000,4.000000,4.000000,4.000000,4.000000,4.000000,4.000000,4.000000,4.000000,4.000000,4.000000,4.000000,4.000000,4.000000,4.000000,4.000000,4.000000,2.000000,4.000000,4.000000,4.000000,4.000000,4.000000,4.000000,4.000000,4.000000,4.000000,4.000000,4.000000,4.000000,4.000000,83.333336
1614076747.844376,97.000000,0.000000,-12.511797,-5.944973,-0.918310,6.323464,1.196499,5.527672,-6.335534,-19.091938,1.769488,-0.778804,-8.337115,-19.201555,-7.507182,3.663773,-28.727934,68.155037,-18.486057,-54.862595,8.339682,-120.630432,-51.360317,-12.763616,-15.412230,-11.781000,-12.483407,-17.162968,-11.076899,-12.198953,-6.899457,-20.442776,-3.700695,-2.788683,8064.000000,0.000000,4.000000,,,,0.000000,4.000000,4.000000,4.000000,4.000000,4.000000,4.000000,4.000000,4.000000,4.000000,4.000000,4.000000,4.000000,4.000000,4.000000,4.000000,4.000000,4.000000,4.000000,2.000000,4.000000,4.000000,4.000000,4.000000,4.000000,4.000000,4.000000,4.000000,4.000000,4.000000,4.000000,4.000000,4.000000,83.333336
1614076747.852125,98.000000,0.000000,-12.499285,-5.939029,-2.455853,5.804320,-1.368800,1.419581,-6.329198,-13.431820,2.793360,-0.778025,-8.841599,-19.695175,-9.550957,-4.545019,-32.288952,63.984318,-18.467571,-58.397476,5.767240,-119.484161,-50.796139,-12.750853,-14.883998,-13.820501,-11.445283,-16.120163,-11.065822,-14.750856,-6.892558,-15.806949,-5.748276,-5.862818,8064.000000,0.000000,4.000000,,,,0.000000,4.000000,4.000000,4.000000,4.000000,4.000000,4.000000,4.000000,4.000000,4.000000,4.000000,4.000000,4.000000,4.000000,4.000000,4.000000,4.000000,4.000000,4.000000,2.000000,4.000000,4.000000,4.000000,4.000000,4.000000,4.000000,4.000000,4.000000,4.000000,4.000000,4.000000,4.000000,4.000000,83.333336
1614076747.859974,99.000000,0.000000,-12.486786,-5.933090,-1.940577,7.849798,6.837697,3.469443,-6.322869,-3.161978,2.277746,5.889420,-7.294295,-18.649837,-10.567046,-4.027654,-42.513073,34.176746,-14.859361,-90.646774,-21.930836,-127.569801,-51.258160,-12.738101,-15.381934,-13.806681,-8.869735,-10.463017,-11.054756,-14.736106,-6.372845,-9.124475,-3.691246,-5.344134,8064.000000,0.000000,4.000000,,,,0.000000,4.000000,4.000000,4.000000,4.000000,4.000000,4.000000,4.000000,4.000000,4.000000,4.000000,4.000000,4.000000,4.000000,4.000000,4.000000,4.000000,4.000000,4.000000,2.000000,4.000000,4.000000,4.000000,4.000000,4.000000,4.000000,4.000000,4.000000,4.000000,4.000000,4.000000,4.000000,4.000000,83.333336
1614076747.867723,100.000000,0.000000,-12.474298,-3.363054,-1.938636,9.893230,6.318038,6.542897,-6.316546,-5.722919,2.275468,7.934812,-8.312642,-15.041445,-4.915454,1.617400,-27.598764,50.552826,-8.177835,-76.709969,-10.114033,-121.801208,-51.719723,-12.725364,-14.340911,-13.792874,-7.835224,-9.939734,-11.043701,-11.644446,-3.802369,-9.628171,-3.174734,-5.338790,8064.000000,0.000000,4.000000,,,,0.000000,4.000000,4.000000,4.000000,4.000000,4.000000,4.000000,4.000000,4.000000,4.000000,4.000000,4.000000,4.000000,4.000000,4.000000,4.000000,4.000000,4.000000,4.000000,2.000000,4.000000,4.000000,4.000000,4.000000,4.000000,4.000000,4.000000,4.000000,4.000000,4.000000,4.000000,4.000000,4.000000,83.333336
1614076747.875572,101.000000,0.000000,-12.461824,-1.308409,-2.449518,9.883337,-1.893408,3.459431,-6.310230,-10.845401,2.273193,4.337134,-8.304330,-10.923840,4.320231,3.154244,-7.058344,83.322784,-5.605554,-43.812748,19.126850,-113.474281,-50.129543,-12.712638,-11.762467,-14.291902,-8.853030,-10.955435,-11.032658,-10.607161,-2.260105,-10.644184,-5.735662,-4.820631,8064.000000,0.000000,4.000000,,,,0.000000,4.000000,4.000000,4.000000,4.000000,4.000000,4.000000,4.000000,4.000000,4.000000,4.000000,4.000000,4.000000,4.000000,4.000000,4.000000,4.000000,4.000000,4.000000,2.000000,4.000000,4.000000,4.000000,4.000000,4.000000,4.000000,4.000000,4.000000,4.000000,4.000000,4.000000,4.000000,4.000000,83.333336
1614076747.883321,102.000000,0.000000,-12.449363,-3.358382,-1.934248,9.873454,-3.942796,-1.672234,-6.303919,-10.321735,2.270920,2.794335,-7.783205,-10.912915,6.880013,2.125448,-11.153851,66.829208,-6.625590,-47.358681,10.902596,-114.386444,-51.105053,-12.699925,-10.725064,-13.251968,-7.818536,-9.918839,-11.021625,-11.109374,-4.309127,-9.607899,-6.755568,-6.354272,8064.000000,0.000000,4.000000,,,,0.000000,4.000000,4.000000,4.000000,4.000000,4.000000,4.000000,4.000000,4.000000,4.000000,4.000000,4.000000,4.000000,4.000000,4.000000,4.000000,4.000000,4.000000,4.000000,2.000000,4.000000,4.000000,4.000000,4.000000,4.000000,4.000000,4.000000,4.000000,4.000000,4.000000,4.000000,4.000000,4.000000,83.333336
1614076747.890971,103.000000,0.000000,-12.436913,-5.406306,-1.419493,10.376401,-1.374751,-2.696203,-6.297616,-10.824234,2.781469,4.330002,-7.775422,-11.414824,5.334672,2.636144,-18.322184,42.146992,-6.106143,-66.285683,-6.544204,-111.707954,-51.053947,-11.661584,-11.227160,-13.751537,-4.733794,-9.908919,-11.010603,-11.098265,-6.868920,-9.598291,-5.723171,-10.450481,8064.000000,0.000000,4.000000,,,,0.000000,4.000000,4.000000,4.000000,4.000000,4.000000,4.000000,4.000000,4.000000,4.000000,4.000000,4.000000,4.000000,4.000000,4.000000,4.000000,4.000000,4.000000,4.000000,2.000000,4.000000,4.000000,4.000000,4.000000,4.000000,4.000000,4.000000,4.000000,4.000000,4.000000,4.000000,4.000000,4.000000,83.333336
1614076747.898720,104.000000,0.000000,-12.424477,-5.913720,-2.956535,10.366025,-1.373376,-3.206327,-6.291318,-13.890332,0.214585,1.761570,-7.767646,-11.403408,5.842157,3.146328,-12.662836,72.361252,-7.638499,-53.911701,7.821314,-106.980865,-40.746483,-12.162744,-11.215933,-14.250607,-4.216240,-9.899011,-10.999593,-10.574346,-6.862051,-9.588693,-6.230268,-12.491313,8064.000000,0.000000,4.000000,,,,0.000000,4.000000,4.000000,4.000000,4.000000,4.000000,4.000000,4.000000,4.000000,4.000000,4.000000,4.000000,4.000000,4.000000,4.000000,4.000000,4.000000,4.000000,4.000000,2.000000,4.000000,4.000000,4.000000,4.000000,4.000000,4.000000,4.000000,4.000000,4.000000,4.000000,4.000000,4.000000,4.000000,83.333336
1614076747.906569,105.000000,0.000000,-13.437693,-5.907806,-5.517682,9.330018,-3.936105,-6.280044,-6.285027,-14.902083,-4.913835,-4.906858,-8.272699,-11.392005,3.785033,2.630361,-7.009147,105.109406,-10.194963,-21.550097,30.890415,-102.258499,-29.423687,-14.201862,-11.204717,-8.595330,-5.237665,-10.401932,-10.988593,-11.076592,-6.855190,-10.091925,-6.736858,-13.504463,8064.000000,0.000000,4.000000,,,,0.000000,4.000000,4.000000,4.000000,4.000000,4.000000,4.000000,4.000000,4.000000,4.000000,4.000000,4.000000,4.000000,4.000000,4.000000,4.000000,4.000000,4.000000,4.000000,2.000000,4.000000,4.000000,4.000000,4.000000,4.000000,4.000000,4.000000,4.000000,4.000000,4.000000,4.000000,4.000000,4.000000,83.333336
1614076747.914318,106.000000,0.000000,-12.398614,-5.901899,-6.024984,10.346329,-0.855246,-6.273764,-6.278742,-13.861540,-5.934562,-1.825029,-8.264426,-10.867792,0.191505,2.627731,-12.130343,72.696602,-10.184768,-31.272137,19.064653,-101.130600,-30.932724,-12.649199,-11.193512,-1.920068,-5.232427,-10.904350,-10.977604,-11.065516,-7.361155,-10.081833,-5.704481,-12.978138,8064.000000,0.000000,4.000000,,,,0.000000,4.000000,4.000000,4.000000,4.000000,4.000000,4.000000,4.000000,4.000000,4.000000,4.000000,4.000000,4.000000,4.000000,4.000000,4.000000,4.000000,4.000000,4.000000,2.000000,4.000000,4.000000,4.000000,4.000000,4.000000,4.000000,4.000000,4.000000,4.000000,4.000000,4.000000,4.000000,4.000000,83.333336
1614076747.921967,107.000000,0.000000,-11.873395,-5.895997,-5.506139,10.335982,7.350738,-2.677746,-6.272463,-13.334858,-3.364525,6.381925,-7.743341,-11.882565,-1.859969,3.137923,-22.887444,40.316216,-11.200224,-63.548557,-13.262103,-114.875618,-40.645382,-12.636550,-11.182319,-4.995071,-4.201553,-9.867805,-10.966627,-11.054450,-6.840973,-10.071751,-6.211596,-8.862596,8064.000000,0.000000,4.000000,,,,0.000000,4.000000,4.000000,4.000000,4.000000,4.000000,4.000000,4.000000,4.000000,4.000000,4.000000,4.000000,4.000000,4.000000,4.000000,4.000000,4.000000,4.000000,4.000000,2.000000,4.000000,4.000000,4.000000,4.000000,4.000000,4.000000,4.000000,4.000000,4.000000,4.000000,4.000000,4.000000,4.000000,83.333336
1614076747.929716,108.000000,0.000000,-13.912804,-6.915742,-6.013453,5.197441,6.830566,-2.675069,-6.266191,-15.372806,-1.309878,4.837081,-8.761239,-11.357862,-3.909391,2.109145,-22.351736,59.763081,-10.163383,-77.843987,-14.274482,-126.042793,-46.758583,-23.905964,-11.683956,-10.118281,-6.248634,-11.396399,-10.955660,-11.043396,-7.346953,-11.087320,-9.282308,-10.905015,8064.000000,0.000000,4.000000,,,,0.000000,4.000000,4.000000,4.000000,4.000000,4.000000,4.000000,4.000000,4.000000,4.000000,4.000000,4.000000,4.000000,4.000000,4.000000,4.000000,4.000000,4.000000,4.000000,2.000000,4.000000,4.000000,4.000000,4.000000,4.000000,4.000000,4.000000,4.000000,4.000000,4.000000,4.000000,4.000000,4.000000,83.333336
1614076747.937365,109.000000,0.000000,-9.283506,-9.472929,-5.494619,-0.961602,1.695530,-2.672394,-6.259924,-13.818971,-1.821389,2.268142,-6.188375,-7.243941,1.222724,2.107035,-7.457589,92.523827,-0.922450,-44.945625,17.021843,-112.070602,-47.224644,-28.497444,-10.646631,-10.108163,-9.319308,-14.974746,-10.944704,-11.545173,-7.339606,-14.153156,-10.298667,-16.535135,8064.000000,0.000000,4.000000,,,,0.000000,4.000000,4.000000,4.000000,4.000000,4.000000,4.000000,4.000000,4.000000,4.000000,4.000000,4.000000,4.000000,4.000000,4.000000,4.000000,4.000000,4.000000,4.000000,2.000000,4.000000,4.000000,4.000000,4.000000,4.000000,4.000000,4.000000,4.000000,4.000000,4.000000,4.000000,4.000000,4.000000,83.333336
1614076747.945114,110.000000,0.000000,3.033469,-9.463456,-3.437842,-1.473461,8.360501,2.458484,-6.253664,-3.548742,-1.819567,8.419720,3.048582,-3.646953,13.016373,6.720313,2.293458,101.662071,8.309241,-13.618629,25.209949,-93.496994,-38.972290,-6.417664,-6.020600,-10.098055,-5.207425,-11.370028,-10.933760,-10.507987,-3.229702,-13.626183,-8.237086,-9.339113,8064.000000,0.000000,4.000000,,,,0.000000,4.000000,4.000000,4.000000,4.000000,4.000000,4.000000,4.000000,4.000000,4.000000,4.000000,4.000000,4.000000,4.000000,4.000000,4.000000,4.000000,4.000000,4.000000,2.000000,4.000000,4.000000,4.000000,4.000000,4.000000,4.000000,4.000000,4.000000,4.000000,4.000000,4.000000,4.000000,4.000000,83.333336
1614076747.952763,111.000000,0.000000,7.133000,-6.377069,-1.383123,-0.446347,17.582911,6.045769,-6.247411,1.583012,-1.304927,12.001043,10.225021,-3.643306,16.080280,10.816156,0.752703,91.304001,9.326573,-25.399883,7.748843,-92.377853,-29.702551,13.075933,-3.450477,-8.549495,1.977270,-3.666350,-10.922826,-7.933376,0.876092,-8.484351,-5.664746,0.926636,8064.000000,0.000000,4.000000,,,,0.000000,4.000000,4.000000,4.000000,4.000000,4.000000,4.000000,4.000000,4.000000,4.000000,4.000000,4.000000,4.000000,4.000000,4.000000,4.000000,4.000000,4.000000,4.000000,2.000000,4.000000,4.000000,4.000000,4.000000,4.000000,4.000000,4.000000,4.000000,4.000000,4.000000,4.000000,4.000000,4.000000,83.333336
1614076747.960512,112.000000,0.000000,1.484841,-5.345051,-1.894560,-1.471542,12.949943,4.501262,-6.241163,-5.085238,-1.303622,10.450581,11.240437,-4.152483,8.371891,8.754059,0.239130,89.674240,6.240324,-31.015509,5.689812,-93.823936,-28.134386,4.857729,-3.959847,-4.438381,3.513754,-3.662684,-10.911903,-6.899802,0.875216,-5.398943,-6.171902,-1.638394,8064.000000,0.000000,4.000000,,,,0.000000,4.000000,4.000000,4.000000,4.000000,4.000000,4.000000,4.000000,4.000000,4.000000,4.000000,4.000000,4.000000,4.000000,4.000000,4.000000,4.000000,4.000000,4.000000,2.000000,4.000000,4.000000,4.000000,4.000000,4.000000,4.000000,4.000000,4.000000,4.000000,4.000000,4.000000,4.000000,4.000000,83.333336
1614076747.968162,113.000000,0.000000,-2.106387,-5.852527,-1.892665,-1.470070,5.244685,5.522402,-6.234922,-5.592973,-1.302319,10.440130,10.203555,-4.148331,3.748135,6.181202,1.777352,83.430717,5.208442,-24.830647,14.914891,-92.704475,-28.106251,-5.916359,-3.955887,-1.869841,2.484599,-6.223124,-10.900991,-7.405722,0.361520,-6.419186,-6.678551,-4.200858,8064.000000,0.000000,4.000000,,,,0.000000,4.000000,4.000000,4.000000,4.000000,4.000000,4.000000,4.000000,4.000000,4.000000,4.000000,4.000000,4.000000,4.000000,4.000000,4.000000,4.000000,4.000000,4.000000,2.000000,4.000000,4.000000,4.000000,4.000000,4.000000,4.000000,4.000000,4.000000,4.000000,4.000000,4.000000,4.000000,4.000000,83.333336
1614076747.975911,114.000000,0.000000,-1.078640,-5.846674,-1.890773,-0.442959,4.726620,11.670726,-6.228687,-2.510457,1.263086,10.942511,11.218993,-3.631362,6.821310,9.251944,2.288396,88.475487,4.690413,-25.831457,15.925617,-91.586128,-27.052504,-2.833520,-3.439111,-2.893612,2.994935,-3.652798,-8.325988,-7.398317,0.873979,-5.899946,-2.569308,-2.145375,8064.000000,0.000000,4.000000,,,,0.000000,4.000000,4.000000,4.000000,4.000000,4.000000,4.000000,4.000000,4.000000,4.000000,4.000000,4.000000,4.000000,4.000000,4.000000,4.000000,4.000000,4.000000,4.000000,2.000000,4.000000,4.000000,4.000000,4.000000,4.000000,4.000000,4.000000,4.000000,4.000000,4.000000,4.000000,4.000000,4.000000,83.333336
1614076747.983560,115.000000,0.000000,-0.564740,-5.328007,-1.888882,-3.006618,6.260355,11.146235,-5.709638,-8.661793,2.800285,10.931568,11.207774,-3.627731,8.352950,11.293974,1.260466,103.258812,4.172902,-27.856907,12.832768,-84.827873,-29.076735,0.246237,-3.948492,-2.890718,2.991940,-3.136325,-4.727918,-6.878098,0.360284,-6.406867,1.535825,-5.220152,8064.000000,0.000000,4.000000,,,,0.000000,4.000000,4.000000,4.000000,4.000000,4.000000,4.000000,4.000000,4.000000,4.000000,4.000000,4.000000,4.000000,4.000000,4.000000,4.000000,4.000000,4.000000,4.000000,2.000000,4.000000,4.000000,4.000000,4.000000,4.000000,4.000000,4.000000,4.000000,4.000000,4.000000,4.000000,4.000000,4.000000,83.333336
1614076747.991309,116.000000,0.000000,-2.102637,-5.835499,-1.886993,-7.618997,4.715633,6.519703,-6.729569,-13.268516,2.797484,11.433457,10.170925,-4.649744,8.344597,6.667295,0.746385,89.822220,4.168729,-31.418795,12.307116,-82.178940,-30.586119,-2.318112,-3.944544,-2.375007,2.988948,-6.722932,-3.184729,-7.384040,0.359924,-10.503024,1.021469,-8.804676,8064.000000,0.000000,4.000000,,,,0.000000,4.000000,4.000000,4.000000,4.000000,4.000000,4.000000,4.000000,4.000000,4.000000,4.000000,4.000000,4.000000,4.000000,4.000000,4.000000,4.000000,4.000000,4.000000,2.000000,4.000000,4.000000,4.000000,4.000000,4.000000,4.000000,4.000000,4.000000,4.000000,4.000000,4.000000,4.000000,4.000000,83.333336
1614076747.998958,117.000000,0.000000,-2.613355,-5.316844,-1.885106,-8.637018,4.710917,4.974722,-5.697199,-7.101400,2.794687,6.293818,10.673574,-3.619453,9.361894,2.558064,2.284100,61.014446,6.728663,-40.618145,15.371731,-86.199326,-31.068354,-4.367076,-3.940599,-2.885452,1.960318,-7.229030,-3.694365,-7.376656,0.359564,-13.569444,1.533268,-8.795871,8064.000000,0.000000,4.000000,,,,0.000000,4.000000,4.000000,4.000000,4.000000,4.000000,4.000000,4.000000,4.000000,4.000000,4.000000,4.000000,4.000000,4.000000,4.000000,4.000000,4.000000,4.000000,4.000000,2.000000,4.000000,4.000000,4.000000,4.000000,4.000000,4.000000,4.000000,4.000000,4.000000,4.000000,4.000000,4.000000,4.000000,83.333336
1614076748.006707,118.000000,0.000000,0.979002,-5.824347,-1.883221,-7.602740,5.731847,2.405645,-2.614578,-0.940453,0.740610,0.133678,10.150081,-0.538911,8.839711,2.042685,-0.282286,56.850868,8.260396,-49.295475,13.305078,-89.190048,-39.242413,-5.388350,-3.936659,-2.882567,-0.605745,-6.196159,-3.690670,-7.369279,0.359205,-13.555874,1.531735,-14.428101,8064.000000,0.000000,4.000000,,,,0.000000,4.000000,4.000000,4.000000,4.000000,4.000000,4.000000,4.000000,4.000000,4.000000,4.000000,4.000000,4.000000,4.000000,4.000000,4.000000,4.000000,4.000000,4.000000,2.000000,4.000000,4.000000,4.000000,4.000000,4.000000,4.000000,4.000000,4.000000,4.000000,4.000000,4.000000,4.000000,4.000000,83.333336
1614076748.014356,119.000000,0.000000,2.003664,-7.869805,-1.881338,-10.159241,4.187654,-4.263428,-4.150425,-2.990795,-3.875515,-0.892096,5.011725,-4.128115,2.677025,-0.010639,-12.076876,63.460686,4.662392,-53.348743,-0.554381,-93.716248,-49.972401,-5.382962,-3.932722,-2.879684,-1.630780,-6.702784,-3.174159,-7.361910,0.358845,-15.080780,-5.649284,-20.567518,8064.000000,0.000000,4.000000,,,,0.000000,4.000000,4.000000,4.000000,4.000000,4.000000,4.000000,4.000000,4.000000,4.000000,4.000000,4.000000,4.000000,4.000000,4.000000,4.000000,4.000000,4.000000,4.000000,2.000000,4.000000,4.000000,4.000000,4.000000,4.000000,4.000000,4.000000,4.000000,4.000000,4.000000,4.000000,4.000000,4.000000,83.333336
1614076748.022106,120.000000,0.000000,-5.177827,-8.887576,-1.879456,-12.200363,1.619364,-7.336087,-9.787301,-10.680112,-5.410101,-2.429666,-0.121491,-10.790654,-5.017960,-4.626013,-21.295568,58.269016,1.067986,-54.833858,-8.246135,-102.340477,-51.460892,-5.377579,-3.928789,-2.876805,-0.603508,-6.696081,-3.683805,-7.354548,0.358487,-17.116982,-9.746199,-20.034130,8064.000000,0.000000,4.000000,,,,0.000000,4.000000,4.000000,4.000000,4.000000,4.000000,4.000000,4.000000,4.000000,4.000000,4.000000,4.000000,4.000000,4.000000,4.000000,4.000000,4.000000,4.000000,4.000000,2.000000,4.000000,4.000000,4.000000,4.000000,4.000000,4.000000,4.000000,4.000000,4.000000,4.000000,4.000000,4.000000,4.000000,83.333336
1614076748.029755,121.000000,0.000000,-8.762393,-7.340227,-1.877577,-12.188163,1.617744,-5.790289,-9.777514,-14.771996,-5.917511,-3.965698,-1.147011,-10.267043,-5.525762,-7.185490,-22.299913,60.262032,0.554098,-54.779022,-3.622504,-104.802238,-49.870968,-5.372201,-3.412040,-2.873928,-2.654187,-6.689385,-3.680121,-6.834373,0.358128,-17.612684,-5.121068,-18.988457,8064.000000,0.000000,4.000000,,,,0.000000,4.000000,4.000000,4.000000,4.000000,4.000000,4.000000,4.000000,4.000000,4.000000,4.000000,4.000000,4.000000,4.000000,4.000000,4.000000,4.000000,4.000000,4.000000,2.000000,4.000000,4.000000,4.000000,4.000000,4.000000,4.000000,4.000000,4.000000,4.000000,4.000000,4.000000,4.000000,4.000000,83.333336
1614076748.037604,122.000000,0.000000,-6.189528,-5.281605,-1.875699,-12.175975,2.128947,-6.297320,-6.690813,-3.475172,-4.885953,2.192114,-1.145864,-7.692673,-2.956134,-0.511638,-21.251972,74.560745,-0.984918,-54.211422,-5.157343,-103.671799,-50.846737,-5.366829,-3.921448,-2.358233,-5.215635,-6.682695,-3.676441,-4.776257,0.357770,-17.082253,-2.039024,-19.995108,8064.000000,0.000000,4.000000,,,,0.000000,4.000000,4.000000,4.000000,4.000000,4.000000,4.000000,4.000000,4.000000,4.000000,4.000000,4.000000,4.000000,4.000000,4.000000,4.000000,4.000000,4.000000,4.000000,2.000000,4.000000,4.000000,4.000000,4.000000,4.000000,4.000000,4.000000,4.000000,4.000000,4.000000,4.000000,4.000000,4.000000,83.333336
1614076748.045353,123.000000,0.000000,-4.644876,-3.225041,-1.873824,-11.650978,0.588357,-6.291022,-5.658481,5.246252,0.759959,7.318127,-0.119077,-7.172160,-1.414716,12.309387,-20.205080,72.947723,-2.522395,-55.182854,-6.177827,-104.593765,-50.283070,-5.361462,-6.481629,-4.407157,-4.697599,-6.676013,-3.672765,-2.720199,0.357412,-17.065168,-2.549805,-19.462294,8064.000000,0.000000,4.000000,,,,0.000000,4.000000,4.000000,4.000000,4.000000,4.000000,4.000000,4.000000,4.000000,4.000000,4.000000,4.000000,4.000000,4.000000,4.000000,4.000000,4.000000,4.000000,4.000000,2.000000,4.000000,4.000000,4.000000,4.000000,4.000000,4.000000,4.000000,4.000000,4.000000,4.000000,4.000000,4.000000,4.000000,83.333336
1614076748.053202,124.000000,0.000000,-5.153052,-1.683354,-1.871950,-11.126507,-1.976334,-5.771911,-5.652822,-5.015405,1.784840,4.746706,0.393863,-6.652167,-1.413301,14.348359,-20.697695,59.028618,-4.058334,-56.666130,-0.017803,-106.540459,-49.719967,-5.356101,-7.500789,-6.454032,-4.180081,-6.669337,-3.156272,-4.768760,0.357055,-17.048103,-3.060076,-19.442831,8064.000000,0.000000,4.000000,,,,0.000000,4.000000,4.000000,4.000000,4.000000,4.000000,4.000000,4.000000,4.000000,4.000000,4.000000,4.000000,4.000000,4.000000,4.000000,4.000000,4.000000,4.000000,4.000000,2.000000,4.000000,4.000000,4.000000,4.000000,4.000000,4.000000,4.000000,4.000000,4.000000,4.000000,4.000000,4.000000,4.000000,83.333336
1614076748.060951,125.000000,0.000000,-5.147899,-4.245774,-1.357257,-13.166662,-2.487178,-6.278960,-7.185631,-11.677056,-2.832330,2.690678,-4.221916,-9.209618,-2.950350,5.103242,-21.702639,66.149078,-7.131198,-46.865875,0.495036,-107.459557,-50.183067,-4.325104,-7.493288,-6.447578,-5.714362,-6.662667,-3.665936,-6.815274,0.356698,-17.031055,-7.159580,-19.423388,8064.000000,0.000000,4.000000,,,,0.000000,4.000000,4.000000,4.000000,4.000000,4.000000,4.000000,4.000000,4.000000,4.000000,4.000000,4.000000,4.000000,4.000000,4.000000,4.000000,4.000000,4.000000,4.000000,2.000000,4.000000,4.000000,4.000000,4.000000,4.000000,4.000000,4.000000,4.000000,4.000000,4.000000,4.000000,4.000000,4.000000,83.333336
1614076748.068800,126.000000,0.000000,-5.655572,-5.267169,-1.868721,-9.563752,-1.971871,-3.708578,-4.614343,-2.947430,3.837169,3.713628,-2.166412,-5.097844,0.129524,3.046856,-8.860423,90.698311,-5.072785,-23.742086,10.238131,-101.711067,-46.543140,-4.833599,-7.485795,-5.928310,-8.272751,-6.656005,-3.662270,-7.321279,0.356341,-17.014025,-10.229343,-19.403965,8064.000000,0.000000,4.000000,,,,0.000000,4.000000,4.000000,4.000000,4.000000,4.000000,4.000000,4.000000,4.000000,4.000000,4.000000,4.000000,4.000000,4.000000,4.000000,4.000000,4.000000,4.000000,4.000000,2.000000,4.000000,4.000000,4.000000,4.000000,4.000000,4.000000,4.000000,4.000000,4.000000,4.000000,4.000000,4.000000,4.000000,83.333336
1614076748.076549,127.000000,0.000000,-1.547352,-2.697799,-1.354031,0.189402,-1.969899,3.474618,1.031297,3.209363,14.602563,4.222735,6.553703,5.676485,6.283241,7.146374,3.456130,93.684540,0.060493,-20.641422,24.074045,-96.993973,-41.368393,-5.854406,-6.965488,-6.435202,-8.264478,-6.649349,-2.632967,-6.801137,0.355985,-16.997011,-6.116550,-19.384560,8064.000000,0.000000,4.000000,,,,0.000000,4.000000,4.000000,4.000000,4.000000,4.000000,4.000000,4.000000,4.000000,4.000000,4.000000,4.000000,4.000000,4.000000,4.000000,4.000000,4.000000,4.000000,4.000000,2.000000,4.000000,4.000000,4.000000,4.000000,4.000000,4.000000,4.000000,4.000000,4.000000,4.000000,4.000000,4.000000,4.000000,83.333336
1614076748.084398,0.000000,0.000000,-1.545805,-1.669460,-1.865498,2.753315,-1.967929,6.548066,-1.533837,-0.383590,8.434114,2.680051,-1.145158,-0.483038,-2.953812,-4.142824,-15.521686,61.283161,-3.016491,-52.928471,4.562792,-109.204674,-43.378307,-1.745988,-7.471344,-5.915946,-8.769033,-6.642699,-5.707257,-7.307157,-1.182833,-16.980015,-2.007869,-19.365175,0.000000,167.000000,4.000000,,,,0.000000,4.000000,4.000000,4.000000,4.000000,4.000000,4.000000,4.000000,4.000000,4.000000,4.000000,4.000000,4.000000,4.000000,4.000000,4.000000,4.000000,4.000000,4.000000,2.000000,4.000000,4.000000,4.000000,4.000000,4.000000,4.000000,4.000000,4.000000,4.000000,4.000000,4.000000,4.000000,4.000000,83.333336
1614076748.092147,1.000000,0.000000,-11.287848,-2.180611,-5.966197,-2.890464,-1.965961,3.977416,-8.711790,-4.998591,-4.394833,-3.476475,-19.605551,-18.944094,-19.361115,-24.138681,-42.685650,28.914186,-10.192962,-83.644775,-16.980232,-124.480087,-49.488773,-1.231421,-11.566437,-6.422851,-11.324368,-6.636057,-10.316934,-7.299850,-4.258573,-16.963034,-2.005862,-19.345810,0.000000,207.000000,4.000000,,,,0.000000,4.000000,4.000000,4.000000,4.000000,4.000000,4.000000,4.000000,4.000000,4.000000,4.000000,4.000000,4.000000,4.000000,4.000000,4.000000,4.000000,4.000000,4.000000,2.000000,4.000000,4.000000,4.000000,4.000000,4.000000,4.000000,4.000000,4.000000,4.000000,4.000000,4.000000,4.000000,4.000000,83.333336
1614076748.099996,2.000000,0.000000,-15.891946,-2.178431,-13.652538,-4.938856,-1.963995,1.409336,-10.241540,-8.583336,-6.441720,-8.088384,-20.611588,-22.514893,-20.880215,-27.191465,-37.514759,34.526299,-11.208410,-69.714973,1.498287,-123.842781,-50.464928,-12.512241,-15.144613,-8.467710,-12.338684,-6.116600,-11.332258,-6.779729,-6.818417,-16.946072,-2.003856,-19.326466,0.000000,213.000000,4.000000,,,,0.000000,4.000000,4.000000,4.000000,4.000000,4.000000,4.000000,4.000000,4.000000,4.000000,4.000000,4.000000,4.000000,4.000000,4.000000,4.000000,4.000000,4.000000,4.000000,2.000000,4.000000,4.000000,4.000000,4.000000,4.000000,4.000000,4.000000,4.000000,4.000000,4.000000,4.000000,4.000000,4.000000,83.333336
1614076748.107745,3.000000,0.000000,-10.747849,-2.176252,-17.228628,-5.446737,-1.962031,1.407926,-10.231298,-11.138855,-4.383996,-8.593116,-11.873027,-15.312891,-13.679848,-15.882223,-20.554169,67.312286,-9.658740,-49.645260,12.778840,-122.180481,-49.901642,-21.730497,-14.616649,-9.997705,-11.813525,-6.623304,-10.808105,-8.311411,-6.811599,-16.929125,-4.053134,-19.307138,0.000000,171.000000,4.000000,,,,0.000000,4.000000,4.000000,4.000000,4.000000,4.000000,4.000000,4.000000,4.000000,4.000000,4.000000,4.000000,4.000000,4.000000,4.000000,4.000000,4.000000,4.000000,4.000000,2.000000,4.000000,4.000000,4.000000,4.000000,4.000000,4.000000,4.000000,4.000000,4.000000,4.000000,4.000000,4.000000,4.000000,83.333336
1614076748.115594,4.000000,0.000000,-7.660178,-1.661256,-16.698580,-8.005393,-1.960069,1.406518,-13.297990,-10.614896,-5.405253,-7.558881,-11.348333,-14.784758,-12.640527,-10.738135,-20.533615,78.014206,-10.674722,-56.775105,-4.669837,-126.673683,-53.954304,-17.606203,-15.627673,-11.013348,-11.801711,-6.616681,-10.797297,-10.354382,-6.804787,-16.912195,-8.664466,-18.775011,0.000000,183.000000,4.000000,,,,0.000000,4.000000,4.000000,4.000000,4.000000,4.000000,4.000000,4.000000,4.000000,4.000000,4.000000,4.000000,4.000000,4.000000,4.000000,4.000000,4.000000,4.000000,4.000000,2.000000,4.000000,4.000000,4.000000,4.000000,4.000000,4.000000,4.000000,4.000000,4.000000,4.000000,4.000000,4.000000,4.000000,83.333336
1614076748.123343,5.000000,0.000000,-9.190979,-1.659594,-16.169062,-7.997388,-1.958109,1.405112,-13.797513,-9.578640,-5.399848,-5.500041,-9.798523,-15.795613,-13.653527,-12.778679,-22.564363,68.705421,-10.151227,-59.282429,-3.126705,-126.034187,-54.413170,-15.024495,-18.688969,-13.053617,-11.789909,-6.097244,-11.299320,-10.856848,-6.797982,-16.895283,-10.194263,-16.192133,0.000000,204.000000,4.000000,,,,0.000000,4.000000,4.000000,4.000000,4.000000,4.000000,4.000000,4.000000,4.000000,4.000000,4.000000,4.000000,4.000000,4.000000,4.000000,4.000000,4.000000,4.000000,4.000000,2.000000,4.000000,4.000000,4.000000,4.000000,4.000000,4.000000,4.000000,4.000000,4.000000,4.000000,4.000000,4.000000,4.000000,83.333336
1614076748.131192,6.000000,0.000000,-9.181787,-2.170755,-17.178534,-8.502211,-1.956151,1.403707,-13.783715,-12.133163,-5.394448,-2.930438,-4.147699,-15.779819,-12.614233,-12.253080,-20.490517,78.380302,-10.653896,-45.376995,13.799499,-120.267128,-41.025425,-21.163317,-18.157459,-14.579024,-11.778120,-7.629608,-11.288021,-10.845991,-6.791184,-16.878387,-9.671247,-15.150300,0.000000,186.000000,4.000000,,,,0.000000,4.000000,4.000000,4.000000,4.000000,4.000000,4.000000,4.000000,4.000000,4.000000,4.000000,4.000000,4.000000,4.000000,4.000000,4.000000,4.000000,4.000000,4.000000,2.000000,4.000000,4.000000,4.000000,4.000000,4.000000,4.000000,4.000000,4.000000,4.000000,4.000000,4.000000,4.000000,4.000000,83.333336
1614076748.138941,7.000000,0.000000,-8.146965,-1.655764,-16.135714,-7.980888,-2.467015,1.402303,-13.769932,-14.685133,-5.389054,-4.978789,-3.117910,-14.738398,-12.601619,-10.702366,-20.982847,92.660896,-10.130422,-38.664951,14.811340,-110.916092,-26.625423,-14.988307,-15.575198,-12.513163,-11.766341,-9.673261,-10.251092,-10.835145,-6.784393,-16.861509,-9.661576,-15.647970,0.000000,159.000000,4.000000,,,,0.000000,4.000000,4.000000,4.000000,4.000000,4.000000,4.000000,4.000000,4.000000,4.000000,4.000000,4.000000,4.000000,4.000000,4.000000,4.000000,4.000000,4.000000,4.000000,2.000000,4.000000,4.000000,4.000000,4.000000,4.000000,4.000000,4.000000,4.000000,4.000000,4.000000,4.000000,4.000000,4.000000,83.333336
1614076748.146590,8.000000,0.000000,-6.600357,-1.141288,-13.555475,-0.793420,-1.438907,1.400901,-8.115136,-9.542243,0.770181,-2.922529,-3.627613,-6.518531,-10.537735,-11.204484,-14.295197,91.542595,-6.017727,-36.062183,19.411913,-93.882103,-22.496235,4.513861,-12.482700,-9.936547,-11.241755,-10.176408,-7.676738,-10.824309,-6.777609,-16.331827,-9.651915,-15.632322,0.000000,196.000000,4.000000,,,,0.000000,4.000000,4.000000,4.000000,4.000000,4.000000,4.000000,4.000000,4.000000,4.000000,4.000000,4.000000,4.000000,4.000000,4.000000,4.000000,4.000000,4.000000,4.000000,2.000000,4.000000,4.000000,4.000000,4.000000,4.000000,4.000000,4.000000,4.000000,4.000000,4.000000,4.000000,4.000000,4.000000,83.333336
1614076748.154339,9.000000,0.000000,-4.542474,-6.781172,-12.516278,2.797117,1.126634,1.399500,-1.953175,-3.891675,5.384796,5.285522,-1.572703,1.180296,-4.373351,-11.193279,-3.511671,84.784386,-2.421966,-36.026119,28.110451,-86.095909,-21.960917,10.150373,-10.931756,-9.413790,-11.743334,-10.166231,-6.130600,-10.813485,-6.258010,-16.828316,-9.642263,-15.616690,0.000000,179.000000,4.000000,,,,0.000000,4.000000,4.000000,4.000000,4.000000,4.000000,4.000000,4.000000,4.000000,4.000000,4.000000,4.000000,4.000000,4.000000,4.000000,4.000000,4.000000,4.000000,4.000000,2.000000,4.000000,4.000000,4.000000,4.000000,4.000000,4.000000,4.000000,4.000000,4.000000,4.000000,4.000000,4.000000,4.000000,83.333336
1614076748.161989,10.000000,0.000000,-5.050752,-12.928237,-13.016582,-3.872347,1.125508,1.398100,-1.951221,-9.528809,1.789667,5.280237,0.480152,-0.872167,-1.292054,-11.694906,-0.431236,86.238060,-2.419544,-42.656761,12.697724,-90.625198,-26.041521,3.473556,-10.920824,-9.917197,-11.731590,-10.156065,-7.150111,-10.802671,-7.790214,-17.324308,-9.632621,-16.113894,0.000000,199.000000,4.000000,,,,0.000000,4.000000,4.000000,4.000000,4.000000,4.000000,4.000000,4.000000,4.000000,4.000000,4.000000,4.000000,4.000000,4.000000,4.000000,4.000000,4.000000,4.000000,4.000000,2.000000,4.000000,4.000000,4.000000,4.000000,4.000000,4.000000,4.000000,4.000000,4.000000,4.000000,4.000000,4.000000,4.000000,83.333336
1614076748.169738,11.000000,0.000000,-5.045702,-12.915309,-12.490746,-8.996680,-1.439720,1.396702,-2.462091,-14.647485,-2.314686,-2.930172,-0.033149,-3.948218,-1.290762,-12.708853,-1.456446,89.228752,-2.929945,-40.562824,-7.827794,-91.560211,-40.374454,2.957261,-9.884262,-9.907280,-10.694218,-9.633088,-6.630140,-10.791869,-9.833706,-16.281343,-9.110168,-15.584959,0.000000,219.000000,4.000000,,,,0.000000,4.000000,4.000000,4.000000,4.000000,4.000000,4.000000,4.000000,4.000000,4.000000,4.000000,4.000000,4.000000,4.000000,4.000000,4.000000,4.000000,4.000000,4.000000,2.000000,4.000000,4.000000,4.000000,4.000000,4.000000,4.000000,4.000000,4.000000,4.000000,4.000000,4.000000,4.000000,4.000000,83.333336
1614076748.177387,12.000000,0.000000,-4.527835,-15.466496,-12.478255,-7.449222,-2.463922,1.395306,-1.946808,-8.991812,-1.286731,-4.978524,-3.622860,-3.431449,-1.802292,-11.157682,-2.993451,75.806183,-2.414195,-42.573544,-8.332787,-98.135323,-50.590488,-1.148260,-10.387198,-9.384552,-12.221985,-11.161917,-6.110689,-10.781077,-10.336693,-16.265062,-11.665160,-16.595015,0.000000,189.000000,4.000000,,,,0.000000,4.000000,4.000000,4.000000,4.000000,4.000000,4.000000,4.000000,4.000000,4.000000,4.000000,4.000000,4.000000,4.000000,4.000000,4.000000,4.000000,4.000000,4.000000,2.000000,4.000000,4.000000,4.000000,4.000000,4.000000,4.000000,4.000000,4.000000,4.000000,4.000000,4.000000,4.000000,4.000000,83.333336
1614076748.185136,13.000000,0.000000,-6.061769,-20.579235,-12.978597,-8.467413,-1.948637,0.881090,-1.944861,-5.905897,-0.772623,-3.947904,-7.721801,-4.966479,-3.851772,-12.684986,-13.759688,44.448330,-2.924601,-67.146355,-4.221890,-117.011543,-50.027077,-11.916343,-15.505016,-9.375167,-17.337969,-13.202037,-10.207143,-10.770296,-10.839176,-19.325720,-16.781700,-16.065599,0.000000,172.000000,4.000000,,,,0.000000,4.000000,4.000000,4.000000,4.000000,4.000000,4.000000,4.000000,4.000000,4.000000,4.000000,4.000000,4.000000,4.000000,4.000000,4.000000,4.000000,4.000000,4.000000,2.000000,4.000000,4.000000,4.000000,4.000000,4.000000,4.000000,4.000000,4.000000,4.000000,4.000000,4.000000,4.000000,4.000000,83.333336
1614076748.192785,14.000000,0.000000,-8.619810,-16.456091,-9.375875,-8.458946,-1.946689,1.393029,-2.455737,-8.976914,-1.797492,-7.020879,-8.226899,-7.525615,-8.463305,-18.826147,-26.566441,26.967983,-2.921676,-75.284332,-5.243309,-125.099663,-49.464230,-8.827503,-17.027973,-11.417074,-18.859091,-14.214476,-14.299500,-10.759526,-9.289876,-19.306395,-16.252098,-10.408508,0.000000,222.000000,4.000000,,,,0.000000,4.000000,4.000000,4.000000,4.000000,4.000000,4.000000,4.000000,4.000000,4.000000,4.000000,4.000000,4.000000,4.000000,4.000000,4.000000,4.000000,4.000000,4.000000,2.000000,4.000000,4.000000,4.000000,4.000000,4.000000,4.000000,4.000000,4.000000,4.000000,4.000000,4.000000,4.000000,4.000000,83.333336
1614076748.200534,15.000000,0.000000,-9.124010,-9.260148,-1.161371,-3.322282,-1.944742,3.442918,-2.453281,-8.967937,-1.282874,-7.526679,-7.705852,-8.030910,-9.480482,-17.268860,-29.103977,45.402554,-2.918755,-56.747513,-5.238066,-122.410461,-48.389126,-6.767394,-12.395560,-13.456939,-16.276131,-13.687441,-14.798020,-10.748766,-4.665201,-14.671703,-8.543538,-2.705792,0.000000,200.000000,4.000000,,,,0.000000,4.000000,4.000000,4.000000,4.000000,4.000000,4.000000,4.000000,4.000000,4.000000,4.000000,4.000000,4.000000,4.000000,4.000000,4.000000,4.000000,4.000000,4.000000,2.000000,4.000000,4.000000,4.000000,4.000000,4.000000,4.000000,4.000000,4.000000,4.000000,4.000000,4.000000,4.000000,4.000000,83.333336
1614076748.208183,16.000000,0.000000,-8.602066,-8.738068,2.429534,-0.754857,-1.942797,5.490757,-2.450828,-5.882046,-1.281591,-3.929409,-7.698146,-7.510058,-4.855618,-3.405437,-27.536411,77.664841,-2.915836,-53.101021,-4.207187,-123.313690,-43.725353,-18.042677,-10.331883,-13.443482,-14.721393,-13.673754,-14.270402,-10.738018,-2.609254,-12.605749,-2.893969,2.937939,0.000000,201.000000,4.000000,,,,0.000000,4.000000,4.000000,4.000000,4.000000,4.000000,4.000000,4.000000,4.000000,4.000000,4.000000,4.000000,4.000000,4.000000,4.000000,4.000000,4.000000,4.000000,4.000000,2.000000,4.000000,4.000000,4.000000,4.000000,4.000000,4.000000,4.000000,4.000000,4.000000,4.000000,4.000000,4.000000,4.000000,83.333336
1614076748.215932,17.000000,0.000000,-8.593464,-7.703688,1.914284,-0.754102,-1.940854,4.972446,-2.448377,-5.876164,-1.280309,-4.438300,-8.203269,-8.015369,-1.261018,6.341558,-29.047337,95.023079,-2.912920,-44.329971,1.438046,-117.549347,-38.040600,-14.947712,-10.834372,-13.430038,-15.732312,-14.172900,-14.256132,-10.727280,-3.119465,-13.105965,-2.378254,7.550386,0.000000,191.000000,4.000000,,,,0.000000,4.000000,4.000000,4.000000,4.000000,4.000000,4.000000,4.000000,4.000000,4.000000,4.000000,4.000000,4.000000,4.000000,4.000000,4.000000,4.000000,4.000000,4.000000,2.000000,4.000000,4.000000,4.000000,4.000000,4.000000,4.000000,4.000000,4.000000,4.000000,4.000000,4.000000,4.000000,4.000000,83.333336
1614076748.223582,18.000000,0.000000,-8.584870,-5.131882,3.450831,2.836396,-1.938914,4.967474,-2.445929,-7.921570,-1.279029,-6.997964,-8.195065,-7.494533,-1.772578,5.309576,-29.018290,98.004974,-3.422827,-13.003590,11.693019,-99.995903,-30.310253,5.580057,-10.823537,-13.929429,-15.203759,-13.645906,-14.241876,-10.716553,-3.116346,-12.580038,-2.375876,10.619759,0.000000,183.000000,4.000000,,,,0.000000,4.000000,4.000000,4.000000,4.000000,4.000000,4.000000,4.000000,4.000000,4.000000,4.000000,4.000000,4.000000,4.000000,4.000000,4.000000,4.000000,4.000000,4.000000,2.000000,4.000000,4.000000,4.000000,4.000000,4.000000,4.000000,4.000000,4.000000,4.000000,4.000000,4.000000,4.000000,4.000000,83.333336
1614076748.231431,19.000000,0.000000,-9.089106,-5.126750,6.011483,7.448944,-1.936975,4.962506,-2.443483,-9.964931,-1.790570,-7.503787,-7.161229,-7.487039,-1.770805,3.252984,-27.450809,91.753128,-2.906584,-26.836740,10.142864,-95.280525,-30.279942,9.677041,-12.863996,-13.402679,-14.675735,-13.632261,-14.227633,-10.705835,-4.138871,-13.593099,-1.860680,10.609138,0.000000,217.000000,4.000000,,,,0.000000,4.000000,4.000000,4.000000,4.000000,4.000000,4.000000,4.000000,4.000000,4.000000,4.000000,4.000000,4.000000,4.000000,4.000000,4.000000,4.000000,4.000000,4.000000,2.000000,4.000000,4.000000,4.000000,4.000000,4.000000,4.000000,4.000000,4.000000,4.000000,4.000000,4.000000,4.000000,4.000000,83.333336
1614076748.239180,20.000000,0.000000,-8.054376,-5.634444,6.005472,6.928674,-1.935038,4.957543,-2.441039,-9.954966,-1.275959,-6.983462,-6.641248,-7.479552,-0.743393,4.275373,-26.910540,76.276756,-2.390857,-59.117596,-5.764715,-106.980118,-45.634277,-2.640329,-13.363953,-13.389277,-15.173880,-14.131449,-14.213407,-10.695130,-7.211655,-16.143608,-2.371639,9.572888,0.000000,184.000000,4.000000,,,,0.000000,4.000000,4.000000,4.000000,4.000000,4.000000,4.000000,4.000000,4.000000,4.000000,4.000000,4.000000,4.000000,4.000000,4.000000,4.000000,4.000000,4.000000,4.000000,2.000000,4.000000,4.000000,4.000000,4.000000,4.000000,4.000000,4.000000,4.000000,4.000000,4.000000,4.000000,4.000000,4.000000,83.333336
1614076748.247029,21.000000,0.000000,-3.430937,-5.628809,5.486646,6.408925,-1.933103,4.952586,-2.438598,-7.380908,0.776599,-7.489299,-8.685888,-3.369508,-1.255470,3.758276,-25.857986,64.405609,-3.414107,-64.699501,-12.425616,-115.078262,-55.845055,-5.201791,-8.735204,-13.375887,-14.133064,-13.091677,-14.199193,-10.684435,-6.691623,-14.589004,-1.856447,10.076137,0.000000,193.000000,4.000000,,,,0.000000,4.000000,4.000000,4.000000,4.000000,4.000000,4.000000,4.000000,4.000000,4.000000,4.000000,4.000000,4.000000,4.000000,4.000000,4.000000,4.000000,4.000000,4.000000,2.000000,4.000000,4.000000,4.000000,4.000000,4.000000,4.000000,4.000000,4.000000,4.000000,4.000000,4.000000,4.000000,4.000000,83.333336
1614076748.254778,22.000000,0.000000,-0.863403,-5.623181,5.481159,6.915337,-1.931170,4.947633,-2.436160,-5.835066,2.827104,-7.481810,-5.087459,2.274887,-1.767035,3.754518,-17.114180,62.289921,-1.872232,-40.532242,-0.105499,-105.732414,-49.635361,-2.119666,-6.675187,-12.849691,-12.580470,-10.514482,-14.184994,-8.622468,-1.556726,-12.523132,3.273614,9.553240,0.000000,192.000000,4.000000,,,,0.000000,4.000000,4.000000,4.000000,4.000000,4.000000,4.000000,4.000000,4.000000,4.000000,4.000000,4.000000,4.000000,4.000000,4.000000,4.000000,4.000000,4.000000,4.000000,2.000000,4.000000,4.000000,4.000000,4.000000,4.000000,4.000000,4.000000,4.000000,4.000000,4.000000,4.000000,4.000000,4.000000,83.333336
1614076748.262627,23.000000,0.000000,-0.862540,-5.617558,5.475678,6.395601,-1.416418,4.942686,-1.920903,-6.342051,2.824277,-7.474329,3.635577,5.862356,-0.739627,3.237943,-2.225271,63.766090,3.257846,-34.337860,15.792043,-90.242065,-44.457523,-1.091905,-6.668511,-11.298380,-11.542249,-9.478327,-13.657988,-6.562564,1.008933,-13.023430,5.834443,9.543686,0.000000,201.000000,4.000000,,,,0.000000,4.000000,4.000000,4.000000,4.000000,4.000000,4.000000,4.000000,4.000000,4.000000,4.000000,4.000000,4.000000,4.000000,4.000000,4.000000,4.000000,4.000000,4.000000,2.000000,4.000000,4.000000,4.000000,4.000000,4.000000,4.000000,4.000000,4.000000,4.000000,4.000000,4.000000,4.000000,4.000000,83.333336
1614076748.270376,24.000000,0.000000,-0.861678,-5.611940,5.470202,6.389205,-2.440642,4.937743,-3.457444,-8.386992,1.795812,-9.005316,2.606301,2.779571,-3.815811,-3.944782,-1.197405,67.292068,4.280229,-29.175320,13.724969,-90.664642,-44.413063,-1.090813,-6.149022,-9.235799,-9.479424,-9.981669,-14.157150,-7.068822,0.495104,-13.523227,3.264506,9.534142,0.000000,198.000000,4.000000,,,,0.000000,4.000000,4.000000,4.000000,4.000000,4.000000,4.000000,4.000000,4.000000,4.000000,4.000000,4.000000,4.000000,4.000000,4.000000,4.000000,4.000000,4.000000,4.000000,2.000000,4.000000,4.000000,4.000000,4.000000,4.000000,4.000000,4.000000,4.000000,4.000000,4.000000,4.000000,4.000000,4.000000,83.333336
1614076748.278225,25.000000,0.000000,-1.886457,-5.606328,5.464732,6.895637,-5.002305,4.932806,-6.018089,-9.917066,-1.795728,-11.047592,-10.216819,-9.018081,-10.991482,-14.710068,-21.196207,60.045292,-2.903538,-32.223068,-7.314397,-111.086800,-47.958393,-11.346133,-13.322360,-8.713743,-15.110970,-9.971687,-16.194275,-7.061753,0.494609,-12.484062,0.697139,9.524609,0.000000,200.000000,4.000000,,,,0.000000,4.000000,4.000000,4.000000,4.000000,4.000000,4.000000,4.000000,4.000000,4.000000,4.000000,4.000000,4.000000,4.000000,4.000000,4.000000,4.000000,4.000000,4.000000,2.000000,4.000000,4.000000,4.000000,4.000000,4.000000,4.000000,4.000000,4.000000,4.000000,4.000000,4.000000,4.000000,4.000000,83.333336
1614076748.285974,26.000000,0.000000,-4.448673,-5.600722,5.459267,4.837459,-6.022943,4.927873,-6.012071,-9.907148,-4.870855,-11.036545,-16.360447,-18.752653,-16.108696,-19.310743,-41.175011,36.908321,-9.567302,-53.216484,-20.640417,-129.437256,-59.192486,-26.719402,-21.514166,-12.294773,-25.352270,-9.448895,-17.203722,-7.054691,1.006935,-12.984399,1.209262,9.515084,0.000000,139.000000,4.000000,,,,0.000000,4.000000,4.000000,4.000000,4.000000,4.000000,4.000000,4.000000,4.000000,4.000000,4.000000,4.000000,4.000000,4.000000,4.000000,4.000000,4.000000,4.000000,4.000000,2.000000,4.000000,4.000000,4.000000,4.000000,4.000000,4.000000,4.000000,4.000000,4.000000,4.000000,4.000000,4.000000,4.000000,83.333336
1614076748.293823,27.000000,0.000000,-5.469865,-5.595121,5.453808,2.781339,-5.504100,4.922945,-6.006059,-9.897242,-5.378805,-11.025508,-14.805626,-19.246721,-16.605408,-18.778612,-42.672298,33.281670,-10.583375,-53.163269,-13.440289,-127.256531,-60.671757,-26.692682,-18.928549,-16.385042,-21.737173,-9.439446,-14.622416,-7.047637,1.518748,-12.458594,1.720874,9.505569,0.000000,207.000000,4.000000,,,,0.000000,4.000000,4.000000,4.000000,4.000000,4.000000,4.000000,4.000000,4.000000,4.000000,4.000000,4.000000,4.000000,4.000000,4.000000,4.000000,4.000000,4.000000,4.000000,2.000000,4.000000,4.000000,4.000000,4.000000,4.000000,4.000000,4.000000,4.000000,4.000000,4.000000,4.000000,4.000000,4.000000,83.333336
1614076748.301572,28.000000,0.000000,-4.951575,-5.589526,5.448354,2.265738,-5.498596,4.918022,-6.000052,-9.887344,-4.860605,-11.014482,-14.790820,-18.201832,-16.075981,-16.708551,-33.398857,60.427876,-10.059972,-35.674206,-4.196079,-111.231842,-46.252110,-11.794195,-13.781416,-16.368656,-11.459026,-9.430007,-13.582152,-7.040589,1.004409,-9.882032,1.206332,10.008883,0.000000,192.000000,4.000000,,,,0.000000,4.000000,4.000000,4.000000,4.000000,4.000000,4.000000,4.000000,4.000000,4.000000,4.000000,4.000000,4.000000,4.000000,4.000000,4.000000,4.000000,4.000000,4.000000,2.000000,4.000000,4.000000,4.000000,4.000000,4.000000,4.000000,4.000000,4.000000,4.000000,4.000000,4.000000,4.000000,4.000000,83.333336
1614076748.309421,29.000000,0.000000,-4.946623,-5.583936,5.442906,2.776292,-5.493097,4.913104,-5.994052,-9.364636,-4.855745,-10.490647,-15.801670,-19.209272,-16.572725,-8.999535,-27.724432,81.905907,-10.562732,-31.535969,-5.217524,-98.300095,-39.539192,-4.602914,-13.767634,-13.788186,-14.011670,-9.933397,-14.081391,-7.033548,0.490584,-8.846510,0.692305,7.947593,0.000000,191.000000,4.000000,,,,0.000000,4.000000,4.000000,4.000000,4.000000,4.000000,4.000000,4.000000,4.000000,4.000000,4.000000,4.000000,4.000000,4.000000,4.000000,4.000000,4.000000,4.000000,4.000000,2.000000,4.000000,4.000000,4.000000,4.000000,4.000000,4.000000,4.000000,4.000000,4.000000,4.000000,4.000000,4.000000,4.000000,83.333336
1614076748.317170,30.000000,0.000000,-4.941677,-5.578352,5.437463,2.773516,-5.487604,4.908191,-7.013700,-10.893733,-5.363709,-12.018619,-15.273048,-18.677242,-16.556154,-3.862330,-27.696707,79.259903,-10.552169,-30.478792,-4.699486,-98.201797,-43.089397,-5.623952,-14.779508,-12.235936,-18.613043,-9.923464,-13.554489,-7.026515,1.515735,-9.350484,1.204434,5.888363,0.000000,173.000000,4.000000,,,,0.000000,4.000000,4.000000,4.000000,4.000000,4.000000,4.000000,4.000000,4.000000,4.000000,4.000000,4.000000,4.000000,4.000000,4.000000,4.000000,4.000000,4.000000,4.000000,2.000000,4.000000,4.000000,4.000000,4.000000,4.000000,4.000000,4.000000,4.000000,4.000000,4.000000,4.000000,4.000000,4.000000,83.333336
1614076748.325019,31.000000,0.000000,-4.936735,-5.572774,5.432025,2.770742,-5.482116,4.903283,-9.570788,-12.934122,-4.845525,-14.057882,-14.744955,-18.658566,-16.026777,-7.448211,-27.669010,67.385765,-10.028796,-37.114979,-3.156325,-107.334366,-45.610409,-4.592687,-15.277549,-14.274982,-19.620071,-8.887899,-15.592216,-7.019488,-0.537063,-8.315492,1.716050,5.882475,0.000000,182.000000,4.000000,,,,0.000000,4.000000,4.000000,4.000000,4.000000,4.000000,4.000000,4.000000,4.000000,4.000000,4.000000,4.000000,4.000000,4.000000,4.000000,4.000000,4.000000,4.000000,4.000000,2.000000,4.000000,4.000000,4.000000,4.000000,4.000000,4.000000,4.000000,4.000000,4.000000,4.000000,4.000000,4.000000,4.000000,83.333336
1614076748.332768,32.000000,0.000000,-4.931798,-5.567201,5.426593,2.767972,-5.476634,4.898379,-10.074039,-13.434008,-4.327859,-14.556644,-14.730209,-17.614265,-16.010750,-11.543327,-26.615702,54.497871,-10.018767,-58.103504,-8.281374,-113.380875,-52.744286,-4.588094,-17.313553,-18.363272,-27.805578,-11.443114,-20.704830,-7.012469,-8.741654,-11.384100,0.175872,5.876592,8064.000000,0.000000,4.000000,,,,0.000000,4.000000,4.000000,4.000000,4.000000,4.000000,4.000000,4.000000,4.000000,4.000000,4.000000,4.000000,4.000000,4.000000,4.000000,4.000000,4.000000,4.000000,4.000000,2.000000,4.000000,4.000000,4.000000,4.000000,4.000000,4.000000,4.000000,4.000000,4.000000,4.000000,4.000000,4.000000,4.000000,83.333336
1614076748.340617,33.000000,0.000000,-4.926867,-5.561634,5.421167,2.765204,-5.471158,4.893481,-9.551144,-13.420574,-6.374814,-14.542088,-14.715480,-15.032548,-15.994740,-11.018963,-26.589085,48.802345,-9.495929,-53.942837,-8.273092,-112.754677,-59.871029,-9.711711,-17.809061,-20.396191,-32.905979,-16.559875,-22.222586,-7.005456,-14.886759,-15.988100,-1.875586,5.870716,8064.000000,0.000000,4.000000,,,,0.000000,4.000000,4.000000,4.000000,4.000000,4.000000,4.000000,4.000000,4.000000,4.000000,4.000000,4.000000,4.000000,4.000000,4.000000,4.000000,4.000000,4.000000,4.000000,2.000000,4.000000,4.000000,4.000000,4.000000,4.000000,4.000000,4.000000,4.000000,4.000000,4.000000,4.000000,4.000000,4.000000,83.333336
1614076748.348366,34.000000,0.000000,-4.921940,-5.556072,5.415746,2.762439,-5.465686,4.888587,-9.541593,-13.407153,-8.932541,-14.527546,-14.700764,-13.991875,-15.978745,-12.546406,-27.075317,52.856110,-10.512074,-35.940178,0.453129,-112.641922,-56.734234,-12.266102,-17.791252,-20.375793,-25.693586,-17.056137,-19.123440,-6.998451,-14.359052,-15.972112,-0.848069,7.916127,8064.000000,0.000000,4.000000,,,,0.000000,4.000000,4.000000,4.000000,4.000000,4.000000,4.000000,4.000000,4.000000,4.000000,4.000000,4.000000,4.000000,4.000000,4.000000,4.000000,4.000000,4.000000,4.000000,2.000000,4.000000,4.000000,4.000000,4.000000,4.000000,4.000000,4.000000,4.000000,4.000000,4.000000,4.000000,4.000000,4.000000,83.333336
1614076748.356015,35.000000,0.000000,-4.917018,-5.550516,5.410330,2.759676,-5.460221,4.883698,-9.532051,-12.880926,-6.872327,-14.513019,-14.686063,-14.490704,-15.962766,-12.021039,-27.561062,49.726330,-13.065664,-52.314495,-8.778093,-120.734406,-57.190323,-13.279477,-20.850384,-20.868238,-20.539686,-13.449337,-18.078676,-6.991452,-13.831872,-12.879217,1.716881,9.959493,8064.000000,0.000000,4.000000,,,,0.000000,4.000000,4.000000,4.000000,4.000000,4.000000,4.000000,4.000000,4.000000,4.000000,4.000000,4.000000,4.000000,4.000000,4.000000,4.000000,4.000000,4.000000,4.000000,2.000000,4.000000,4.000000,4.000000,4.000000,4.000000,4.000000,4.000000,4.000000,4.000000,4.000000,4.000000,4.000000,4.000000,83.333336
1614076748.363764,36.000000,0.000000,-4.912101,-5.544966,5.404920,2.756917,-4.941940,5.391635,-9.522519,-14.406507,-3.788531,-15.524146,-14.671377,-14.476213,-15.946803,-10.470556,-27.020679,44.548397,-14.078239,-71.749359,-29.794956,-128.818802,-65.851082,-15.830300,-21.855173,-20.847370,-23.083250,-13.435887,-17.547777,-6.984461,-13.818040,-12.353518,1.202344,7.898252,8064.000000,0.000000,4.000000,,,,0.000000,4.000000,4.000000,4.000000,4.000000,4.000000,4.000000,4.000000,4.000000,4.000000,4.000000,4.000000,4.000000,4.000000,4.000000,4.000000,4.000000,4.000000,4.000000,2.000000,4.000000,4.000000,4.000000,4.000000,4.000000,4.000000,4.000000,4.000000,4.000000,4.000000,4.000000,4.000000,4.000000,83.333336
1614076748.371414,37.000000,0.000000,-4.907188,-5.539421,5.399515,2.754159,-6.988280,5.386244,-9.512996,-16.443382,-5.836025,-18.585545,-14.656706,-13.948916,-15.930856,-16.101110,-25.968018,50.144875,-13.551341,-51.677608,-24.124136,-127.664337,-59.631382,-16.327290,-21.833319,-20.313702,-22.034525,-14.448093,-17.530230,-6.977477,-11.240120,-13.366805,0.688321,5.326251,8064.000000,0.000000,4.000000,,,,0.000000,4.000000,4.000000,4.000000,4.000000,4.000000,4.000000,4.000000,4.000000,4.000000,4.000000,4.000000,4.000000,4.000000,4.000000,4.000000,4.000000,4.000000,4.000000,2.000000,4.000000,4.000000,4.000000,4.000000,4.000000,4.000000,4.000000,4.000000,4.000000,4.000000,4.000000,4.000000,4.000000,83.333336
1614076748.379163,38.000000,0.000000,-4.902281,-5.533882,5.394115,3.264226,-9.032574,4.355217,-9.503483,-17.452579,-8.394291,-18.054140,-14.642049,-14.447787,-15.914926,-17.110651,-28.506153,47.530628,-14.563431,-32.138752,1.028194,-119.844368,-38.546108,-15.798142,-21.811485,-21.319031,-18.935568,-10.843902,-18.538340,-6.970499,-10.203238,-13.353438,0.687633,5.833745,8064.000000,0.000000,4.000000,,,,0.000000,4.000000,4.000000,4.000000,4.000000,4.000000,4.000000,4.000000,4.000000,4.000000,4.000000,4.000000,4.000000,4.000000,4.000000,4.000000,4.000000,4.000000,4.000000,2.000000,4.000000,4.000000,4.000000,4.000000,4.000000,4.000000,4.000000,4.000000,4.000000,4.000000,4.000000,4.000000,4.000000,83.333336
1614076748.386812,39.000000,0.000000,-4.897379,-5.528347,5.388721,5.312243,-7.485080,4.863682,-9.493979,-16.922306,-6.847435,-12.907880,-14.627407,-14.433340,-16.411831,0.855177,-27.452005,56.201046,-13.010406,-31.080973,8.719473,-108.955292,-25.687052,-16.807985,-18.199930,-19.246429,-17.378170,-6.730493,-14.417237,-6.963529,-10.193035,-12.827264,1.199766,6.340732,8064.000000,0.000000,4.000000,,,,0.000000,4.000000,4.000000,4.000000,4.000000,4.000000,4.000000,4.000000,4.000000,4.000000,4.000000,4.000000,4.000000,4.000000,4.000000,4.000000,4.000000,4.000000,4.000000,2.000000,4.000000,4.000000,4.000000,4.000000,4.000000,4.000000,4.000000,4.000000,4.000000,4.000000,4.000000,4.000000,4.000000,83.333336
1614076748.394561,40.000000,0.000000,-4.892482,-5.522819,5.383332,7.871034,-4.400671,5.884459,-9.484486,-17.418205,-4.789306,-9.818049,-13.074318,-14.418906,-16.395418,15.726117,-15.116861,88.965355,-7.869190,-24.383224,5.121010,-97.564285,-25.148544,-13.714254,-11.515063,-12.047695,-14.796690,-5.698122,-5.172051,-6.956565,-10.182842,-12.814437,1.711386,2.231827,8064.000000,0.000000,4.000000,,,,0.000000,4.000000,4.000000,4.000000,4.000000,4.000000,4.000000,4.000000,4.000000,4.000000,4.000000,4.000000,4.000000,4.000000,4.000000,4.000000,4.000000,4.000000,4.000000,2.000000,4.000000,4.000000,4.000000,4.000000,4.000000,4.000000,4.000000,4.000000,4.000000,4.000000,4.000000,4.000000,4.000000,83.333336
1614076748.402210,41.000000,0.000000,-4.887589,-6.030117,5.377949,3.247778,-6.447553,-0.275271,-9.475001,-16.887966,-4.784517,-11.859513,-11.009962,-14.404488,-15.866203,6.479622,-9.973539,96.055878,-5.810039,-21.281919,6.141530,-93.364159,-27.174677,-6.008233,-9.452267,-5.881801,-11.192149,-6.205244,-1.577135,-6.949608,-10.685480,-14.340084,-0.341607,-1.360149,8064.000000,0.000000,4.000000,,,,0.000000,4.000000,4.000000,4.000000,4.000000,4.000000,4.000000,4.000000,4.000000,4.000000,4.000000,4.000000,4.000000,4.000000,4.000000,4.000000,4.000000,4.000000,4.000000,2.000000,4.000000,4.000000,4.000000,4.000000,4.000000,4.000000,4.000000,4.000000,4.000000,4.000000,4.000000,4.000000,4.000000,83.333336
1614076748.409959,42.000000,0.000000,-4.882702,-5.511266,5.372571,-4.960598,-9.518028,-9.505765,-9.978347,-17.383898,-5.292553,-9.796371,-10.486132,-14.390083,-16.363157,-4.808909,-19.707155,63.652130,-6.829870,-34.081150,8.186670,-96.860535,-30.224424,-3.950942,-10.468455,-5.363099,-10.155316,-6.199039,-5.678122,-6.942659,-9.649154,-11.248820,2.222837,-0.845968,8064.000000,0.000000,4.000000,,,,0.000000,4.000000,4.000000,4.000000,4.000000,4.000000,4.000000,4.000000,4.000000,4.000000,4.000000,4.000000,4.000000,4.000000,4.000000,4.000000,4.000000,4.000000,4.000000,2.000000,4.000000,4.000000,4.000000,4.000000,4.000000,4.000000,4.000000,4.000000,4.000000,4.000000,4.000000,4.000000,4.000000,83.333336
1614076748.417608,43.000000,0.000000,-4.877819,-2.941653,4.854378,-1.878714,-7.457228,-9.496260,-9.455548,-17.879335,-5.287260,-4.658370,-10.988465,-13.350052,-16.346794,-4.291280,-18.148987,54.357708,-4.771758,-36.611172,6.127202,-100.866241,-33.271126,-8.562376,-9.945167,-5.870556,-11.170802,-6.192840,-6.698085,-6.935716,-5.024119,-2.006803,9.912922,3.257442,8064.000000,0.000000,4.000000,,,,0.000000,4.000000,4.000000,4.000000,4.000000,4.000000,4.000000,4.000000,4.000000,4.000000,4.000000,4.000000,4.000000,4.000000,4.000000,4.000000,4.000000,4.000000,4.000000,2.000000,4.000000,4.000000,4.000000,4.000000,4.000000,4.000000,4.000000,4.000000,4.000000,4.000000,4.000000,4.000000,4.000000,83.333336
1614076748.425357,44.000000,0.000000,-4.872941,-1.400249,5.362344,7.866755,-3.347207,-3.845738,-6.881990,-12.733251,-3.230691,-3.115250,-10.977477,-10.259779,-8.638140,-3.261347,-3.259043,87.123863,-0.151601,-24.779688,5.608254,-100.765373,-34.263493,-7.015352,-9.935221,-5.351865,-11.159632,-6.186647,-6.178566,-6.928781,-2.454993,3.123409,10.415830,8.382390,8064.000000,0.000000,4.000000,,,,0.000000,4.000000,4.000000,4.000000,4.000000,4.000000,4.000000,4.000000,4.000000,4.000000,4.000000,4.000000,4.000000,4.000000,4.000000,4.000000,4.000000,4.000000,4.000000,2.000000,4.000000,4.000000,4.000000,4.000000,4.000000,4.000000,4.000000,4.000000,4.000000,4.000000,4.000000,4.000000,4.000000,83.333336
1614076748.433007,45.000000,0.000000,-5.380889,-2.937310,7.408264,10.935811,-1.805398,-1.790610,-5.849467,-4.515389,0.875104,-4.137776,-10.453679,-7.685417,1.114088,-5.309368,-1.717323,82.934174,1.899832,-20.652344,7.141108,-100.664612,-33.203590,-1.367311,-10.438107,-5.859334,-11.148472,-3.103537,-6.685208,-6.921852,-2.965358,1.581824,5.790029,12.476571,8064.000000,0.000000,4.000000,,,,0.000000,4.000000,4.000000,4.000000,4.000000,4.000000,4.000000,4.000000,4.000000,4.000000,4.000000,4.000000,4.000000,4.000000,4.000000,4.000000,4.000000,4.000000,4.000000,2.000000,4.000000,4.000000,4.000000,4.000000,4.000000,4.000000,4.000000,4.000000,4.000000,4.000000,4.000000,4.000000,4.000000,83.333336
1614076748.440756,46.000000,0.000000,-4.862687,-0.883091,8.939317,9.386414,0.760510,-0.250358,-5.843617,-1.433951,2.925511,-3.620817,-8.391943,-7.164911,3.677077,-4.791238,-8.895092,55.671757,1.385112,-25.247076,4.057044,-103.128044,-33.683205,-0.340303,-10.427669,-5.340654,-10.624503,0.489310,-6.678524,-6.914930,-2.449573,1.580243,6.809880,13.489736,8064.000000,0.000000,4.000000,,,,0.000000,4.000000,4.000000,4.000000,4.000000,4.000000,4.000000,4.000000,4.000000,4.000000,4.000000,4.000000,4.000000,4.000000,4.000000,4.000000,4.000000,4.000000,4.000000,2.000000,4.000000,4.000000,4.000000,4.000000,4.000000,4.000000,4.000000,4.000000,4.000000,4.000000,4.000000,4.000000,4.000000,83.333336
1614076748.448405,47.000000,0.000000,-4.345004,2.194715,8.930378,10.402668,2.811031,1.801175,-5.837774,-2.458158,2.409765,-3.617197,-6.845090,-7.157746,2.134938,-4.273626,-8.886197,73.051979,0.358086,-25.734650,-1.588039,-105.076202,-37.239265,-3.416885,-10.417240,-2.771211,-11.639520,1.001641,-6.671845,-6.908015,-3.472764,2.604303,9.367173,12.963426,8064.000000,0.000000,4.000000,,,,0.000000,4.000000,4.000000,4.000000,4.000000,4.000000,4.000000,4.000000,4.000000,4.000000,4.000000,4.000000,4.000000,4.000000,4.000000,4.000000,4.000000,4.000000,4.000000,2.000000,4.000000,4.000000,4.000000,4.000000,4.000000,4.000000,4.000000,4.000000,4.000000,4.000000,4.000000,4.000000,4.000000,83.333336
1614076748.456154,48.000000,0.000000,-6.904762,-1.910044,8.921448,9.366625,0.756938,1.799374,-5.831936,-1.942879,2.407355,-4.126400,-7.863886,-6.637767,3.158444,-4.782173,-10.415772,89.902008,-3.232016,-24.170454,2.516113,-104.971123,-35.150745,-4.951930,-10.406823,-1.742799,-11.115059,1.513460,-7.177993,-6.901107,-2.443650,1.576058,8.332165,13.463283,8064.000000,0.000000,4.000000,,,,0.000000,4.000000,4.000000,4.000000,4.000000,4.000000,4.000000,4.000000,4.000000,4.000000,4.000000,4.000000,4.000000,4.000000,4.000000,4.000000,4.000000,4.000000,4.000000,2.000000,4.000000,4.000000,4.000000,4.000000,4.000000,4.000000,4.000000,4.000000,4.000000,4.000000,4.000000,4.000000,4.000000,83.333336
1614076748.463803,49.000000,0.000000,-7.923498,-4.985057,8.912526,6.793155,4.858745,1.797574,-5.826104,-1.940936,2.917768,-1.045351,-6.830381,-7.143950,1.616824,-3.238930,-12.969460,81.094154,-6.305707,-25.684744,10.205904,-104.353333,-22.295082,-4.946978,-10.396417,-2.766697,-4.950098,4.076049,-3.581072,-6.894206,4.225460,2.087302,8.323833,13.449820,8064.000000,0.000000,4.000000,,,,0.000000,4.000000,4.000000,4.000000,4.000000,4.000000,4.000000,4.000000,4.000000,4.000000,4.000000,4.000000,4.000000,4.000000,4.000000,4.000000,4.000000,4.000000,4.000000,2.000000,4.000000,4.000000,4.000000,4.000000,4.000000,4.000000,4.000000,4.000000,4.000000,4.000000,4.000000,4.000000,4.000000,83.333336
1614076748.471552,50.000000,0.000000,-5.864293,-0.364687,9.416434,5.760721,14.597476,4.359879,-3.256175,-1.938995,2.402030,3.058259,-4.259448,-7.136806,-0.948895,-1.184409,-12.956490,76.910500,-6.812222,-26.171881,6.605955,-104.248978,-13.042017,-5.454852,-10.386020,-1.738289,-0.329763,5.097614,0.525073,-6.887311,7.810978,4.649318,8.828329,13.949190,8064.000000,0.000000,4.000000,,,,0.000000,4.000000,4.000000,4.000000,4.000000,4.000000,4.000000,4.000000,4.000000,4.000000,4.000000,4.000000,4.000000,4.000000,4.000000,4.000000,4.000000,4.000000,4.000000,2.000000,4.000000,4.000000,4.000000,4.000000,4.000000,4.000000,4.000000,4.000000,4.000000,4.000000,4.000000,4.000000,4.000000,83.333336
1614076748.479201,51.000000,0.000000,-4.319967,0.661319,9.407018,6.780602,14.582879,5.381160,-1.714458,-1.937056,2.399628,4.080842,-3.229548,-5.078387,-1.973588,-0.670404,-17.558918,74.269485,-6.292589,-24.094427,-2.631420,-104.657555,-14.567437,-3.910935,-10.375634,0.827552,0.696208,4.579696,-0.501093,-6.880424,5.239065,5.670310,8.306681,12.909600,8064.000000,0.000000,4.000000,,,,0.000000,4.000000,4.000000,4.000000,4.000000,4.000000,4.000000,4.000000,4.000000,4.000000,4.000000,4.000000,4.000000,4.000000,4.000000,4.000000,4.000000,4.000000,4.000000,2.000000,4.000000,4.000000,4.000000,4.000000,4.000000,4.000000,4.000000,4.000000,4.000000,4.000000,4.000000,4.000000,4.000000,83.333336
1614076748.486950,52.000000,0.000000,-4.828467,-4.980369,7.346328,6.261000,7.388809,3.837317,-2.225564,-3.986401,2.397228,3.563940,-3.739139,-3.534847,-1.971614,-0.669733,-19.592642,73.682396,-6.286296,-26.634436,-4.680071,-104.552895,-21.732357,-7.496768,-10.365258,1.852365,0.695511,5.087937,-3.064694,-6.873544,4.721005,5.664639,9.324015,11.871049,8064.000000,0.000000,4.000000,,,,0.000000,4.000000,4.000000,4.000000,4.000000,4.000000,4.000000,4.000000,4.000000,4.000000,4.000000,4.000000,4.000000,4.000000,4.000000,4.000000,4.000000,4.000000,4.000000,2.000000,4.000000,4.000000,4.000000,4.000000,4.000000,4.000000,4.000000,4.000000,4.000000,4.000000,4.000000,4.000000,4.000000,83.333336
1614076748.494600,53.000000,0.000000,-4.823638,-6.001029,3.236418,1.126534,4.304497,1.269378,-2.223338,-6.033697,2.907652,2.021915,-4.248220,-3.018492,-1.456822,-0.669064,-7.778177,88.480507,-6.792830,-29.684723,-2.111288,-101.371422,-34.531136,-12.617476,-10.354893,1.337692,-4.946210,4.570028,-3.061630,-6.866670,4.203464,6.171795,7.263409,10.320717,8064.000000,0.000000,4.000000,,,,0.000000,4.000000,4.000000,4.000000,4.000000,4.000000,4.000000,4.000000,4.000000,4.000000,4.000000,4.000000,4.000000,4.000000,4.000000,4.000000,4.000000,4.000000,4.000000,2.000000,4.000000,4.000000,4.000000,4.000000,4.000000,4.000000,4.000000,4.000000,4.000000,4.000000,4.000000,4.000000,4.000000,83.333336
1614076748.502449,54.000000,0.000000,-4.818815,-4.969387,-1.382203,-4.002798,-1.340833,-2.834456,-2.221115,-6.540484,2.391923,0.481431,-3.218331,-0.964191,0.595917,-1.181215,5.562935,100.186897,-6.273217,-16.834526,1.993387,-97.680305,-44.753017,-7.989474,-10.344539,1.336354,-13.146392,2.001356,-2.545748,-6.859804,-0.416124,2.063059,1.102299,2.618088,8064.000000,0.000000,4.000000,,,,0.000000,4.000000,4.000000,4.000000,4.000000,4.000000,4.000000,4.000000,4.000000,4.000000,4.000000,4.000000,4.000000,4.000000,4.000000,4.000000,4.000000,4.000000,4.000000,2.000000,4.000000,4.000000,4.000000,4.000000,4.000000,4.000000,4.000000,4.000000,4.000000,4.000000,4.000000,4.000000,4.000000,83.333336
1614076748.510198,55.000000,0.000000,-4.813996,-5.477238,-4.970564,-5.024436,-5.954877,-6.421365,-2.218894,-6.021123,1.876711,-0.544691,-1.163830,0.575234,2.646603,-0.154393,7.095833,89.830299,-3.702842,-1.433076,8.145240,-96.044159,-41.118519,1.762105,-10.847014,1.847839,-15.697348,0.460893,-3.056022,-6.852944,-3.492631,-5.118491,-3.001367,-8.153761,8064.000000,0.000000,4.000000,,,,0.000000,4.000000,4.000000,4.000000,4.000000,4.000000,4.000000,4.000000,4.000000,4.000000,4.000000,4.000000,4.000000,4.000000,4.000000,4.000000,4.000000,4.000000,4.000000,2.000000,4.000000,4.000000,4.000000,4.000000,4.000000,4.000000,4.000000,4.000000,4.000000,4.000000,4.000000,4.000000,4.000000,83.333336
1614076748.518047,56.000000,0.000000,-4.809182,-4.958941,-6.504056,-4.506591,-1.333538,-6.414944,-1.703854,-6.015102,2.900475,-0.544146,-0.137025,0.061838,2.131136,4.461146,2.473353,68.714828,-2.160677,-7.585489,8.649915,-94.409653,-33.897915,1.760343,-9.810526,1.333170,-14.656010,1.486073,-3.565787,-6.846091,-2.976318,-5.626193,-2.998366,-9.684069,8064.000000,0.000000,4.000000,,,,0.000000,4.000000,4.000000,4.000000,4.000000,4.000000,4.000000,4.000000,4.000000,4.000000,4.000000,4.000000,4.000000,4.000000,4.000000,4.000000,4.000000,4.000000,4.000000,2.000000,4.000000,4.000000,4.000000,4.000000,4.000000,4.000000,4.000000,4.000000,4.000000,4.000000,4.000000,4.000000,4.000000,83.333336
1614076748.525796,57.000000,0.000000,-5.317194,-6.492443,-5.984731,-6.553366,1.744719,-5.895708,-3.753433,-6.009087,2.384754,0.482039,-0.649709,-0.451044,2.129005,6.507967,-0.606044,61.979446,-2.671337,-22.449697,4.538701,-92.776787,-33.864017,-1.831161,-7.236613,1.331837,-14.641354,0.971766,-2.536580,-6.839245,-5.024624,-5.107747,-2.482547,-8.135922,8064.000000,0.000000,4.000000,,,,0.000000,4.000000,4.000000,4.000000,4.000000,4.000000,4.000000,4.000000,4.000000,4.000000,4.000000,4.000000,4.000000,4.000000,4.000000,4.000000,4.000000,4.000000,4.000000,2.000000,4.000000,4.000000,4.000000,4.000000,4.000000,4.000000,4.000000,4.000000,4.000000,4.000000,4.000000,4.000000,4.000000,83.333336
1614076748.533645,58.000000,0.000000,-4.799056,-11.101336,-5.465926,-8.598095,-2.872410,-6.402633,-5.800961,-6.003078,-3.258656,-1.056905,-0.136239,0.062228,2.126876,6.501459,-1.118258,78.327728,-2.668666,-18.324684,4.534163,-92.684006,-35.881435,-1.829330,-6.203735,1.843326,-15.139533,-6.208693,-4.072505,-6.832406,-7.070881,-12.282125,-2.992885,-12.230350,8064.000000,0.000000,4.000000,,,,0.000000,4.000000,4.000000,4.000000,4.000000,4.000000,4.000000,4.000000,4.000000,4.000000,4.000000,4.000000,4.000000,4.000000,4.000000,4.000000,4.000000,4.000000,4.000000,2.000000,4.000000,4.000000,4.000000,4.000000,4.000000,4.000000,4.000000,4.000000,4.000000,4.000000,4.000000,4.000000,4.000000,83.333336
1614076748.541394,59.000000,0.000000,-4.794257,-13.141516,-5.973280,-8.589497,-6.459281,-5.883410,-6.307981,-5.997075,-4.793859,-3.619951,-0.136102,0.062165,1.611929,6.494958,-1.629960,90.557091,-2.665997,-7.024309,6.580910,-93.104141,-37.384014,-2.340321,-6.710352,-1.748261,-16.662855,-13.894792,-7.658176,-6.825573,-7.063810,-16.885229,-2.477072,-16.320684,8064.000000,0.000000,4.000000,,,,0.000000,4.000000,4.000000,4.000000,4.000000,4.000000,4.000000,4.000000,4.000000,4.000000,4.000000,4.000000,4.000000,4.000000,4.000000,4.000000,4.000000,4.000000,4.000000,2.000000,4.000000,4.000000,4.000000,4.000000,4.000000,4.000000,4.000000,4.000000,4.000000,4.000000,4.000000,4.000000,4.000000,83.333336
1614076748.549243,60.000000,0.000000,-5.815104,-13.128374,-5.454486,-8.580908,-5.427181,-6.390347,-6.814493,-5.991077,-0.686501,-2.077869,-0.648787,-0.450717,2.123137,5.975642,-5.730895,83.287048,-3.176152,-8.042925,6.061509,-92.498222,-36.320988,0.738942,-7.216463,-6.874718,-17.159012,-13.368076,-5.086415,-6.818748,-6.543926,-12.252958,-2.474595,-16.304363,8064.000000,0.000000,4.000000,,,,0.000000,4.000000,4.000000,4.000000,4.000000,4.000000,4.000000,4.000000,4.000000,4.000000,4.000000,4.000000,4.000000,4.000000,4.000000,4.000000,4.000000,4.000000,4.000000,2.000000,4.000000,4.000000,4.000000,4.000000,4.000000,4.000000,4.000000,4.000000,4.000000,4.000000,4.000000,4.000000,4.000000,83.333336
1614076748.556992,61.000000,0.000000,-3.758006,-13.115246,-5.449032,-7.033865,-5.421754,-5.358315,-4.756397,-5.985086,1.878288,2.539593,1.403144,0.575374,2.633835,8.020948,-7.776445,80.639656,-2.147334,-20.342575,6.055448,-91.892899,-28.592360,6.379229,-6.183605,-5.329381,-13.552110,-7.713683,2.610979,-6.811929,-6.537382,-8.138142,-1.959299,-15.262419,8064.000000,0.000000,4.000000,,,,0.000000,4.000000,4.000000,4.000000,4.000000,4.000000,4.000000,4.000000,4.000000,4.000000,4.000000,4.000000,4.000000,4.000000,4.000000,4.000000,4.000000,4.000000,4.000000,2.000000,4.000000,4.000000,4.000000,4.000000,4.000000,4.000000,4.000000,4.000000,4.000000,4.000000,4.000000,4.000000,4.000000,83.333336
1614076748.564841,62.000000,0.000000,0.861136,-10.025208,-5.443583,-2.411447,-3.877871,-3.301675,2.427847,-5.979101,5.466153,4.075515,5.504305,3.138902,1.605560,14.679594,-10.332771,73.892349,-0.606725,-32.117104,4.510931,-90.775368,-21.897102,4.834388,-4.126139,0.316973,-10.461635,-5.654687,5.685291,-4.753835,-6.530845,-9.155644,-2.982981,-15.759976,8064.000000,0.000000,4.000000,,,,0.000000,4.000000,4.000000,4.000000,4.000000,4.000000,4.000000,4.000000,4.000000,4.000000,4.000000,4.000000,4.000000,4.000000,4.000000,4.000000,4.000000,4.000000,4.000000,2.000000,4.000000,4.000000,4.000000,4.000000,4.000000,4.000000,4.000000,4.000000,4.000000,4.000000,4.000000,4.000000,4.000000,83.333336
1614076748.572590,63.000000,0.000000,3.424378,-5.912618,-5.438139,0.155068,-1.822711,-1.759912,6.015163,-5.973122,12.640174,4.071440,7.550083,4.161404,2.116775,18.767479,-10.322439,74.331276,1.445163,-26.956781,1.429496,-87.094849,-21.362385,7.906477,-2.583552,1.855118,-10.963993,-6.674673,3.628324,-2.697799,-6.524314,-9.659309,-6.056921,-15.744217,8064.000000,0.000000,4.000000,,,,0.000000,4.000000,4.000000,4.000000,4.000000,4.000000,4.000000,4.000000,4.000000,4.000000,4.000000,4.000000,4.000000,4.000000,4.000000,4.000000,4.000000,4.000000,4.000000,2.000000,4.000000,4.000000,4.000000,4.000000,4.000000,4.000000,4.000000,4.000000,4.000000,4.000000,4.000000,4.000000,4.000000,83.333336
1614076748.580439,64.000000,0.000000,2.395312,-4.881065,-5.432701,-0.870729,-1.308067,-2.270972,5.496327,-5.967149,11.601893,3.041728,7.029712,3.644422,7.755683,16.697430,1.995576,107.077461,6.059103,0.762483,5.530631,-81.879547,-20.315380,19.180622,-3.093789,1.340442,-10.953030,-6.155178,4.650336,-3.207922,-6.517790,-8.624009,-6.050864,-15.728473,0.000000,190.000000,4.000000,,,,0.000000,4.000000,4.000000,4.000000,4.000000,4.000000,4.000000,4.000000,4.000000,4.000000,4.000000,4.000000,4.000000,4.000000,4.000000,4.000000,4.000000,4.000000,4.000000,2.000000,4.000000,4.000000,4.000000,4.000000,4.000000,4.000000,4.000000,4.000000,4.000000,4.000000,4.000000,4.000000,4.000000,83.333336
1614076748.588188,65.000000,0.000000,2.392917,-5.389004,-4.914448,-0.869858,-1.819580,-2.268702,4.978010,-5.961182,5.949265,-1.063878,7.535503,3.640778,9.286389,12.578168,6.608965,119.790894,9.642787,10.505310,5.012280,-81.797668,-24.910450,13.520415,-2.577874,1.851922,-10.429256,-5.636202,4.132865,-3.204714,-6.511272,-8.615385,-6.044814,-15.712744,0.000000,208.000000,4.000000,,,,0.000000,4.000000,4.000000,4.000000,4.000000,4.000000,4.000000,4.000000,4.000000,4.000000,4.000000,4.000000,4.000000,4.000000,4.000000,4.000000,4.000000,4.000000,4.000000,2.000000,4.000000,4.000000,4.000000,4.000000,4.000000,4.000000,4.000000,4.000000,4.000000,4.000000,4.000000,4.000000,4.000000,83.333336
1614076748.596037,66.000000,0.000000,2.903345,-4.870795,-5.935174,-0.356167,-1.817760,-1.753612,3.947391,-5.955221,5.430496,-3.114096,7.527967,3.637137,3.636077,9.488667,-13.397644,87.363411,7.069042,-21.300068,1.417524,-89.408180,-39.757336,-8.544387,-2.575296,0.824429,-12.470109,-6.143387,-1.512293,-3.201509,-7.017581,-9.119590,-9.115692,-15.697031,0.000000,199.000000,4.000000,,,,0.000000,4.000000,4.000000,4.000000,4.000000,4.000000,4.000000,4.000000,4.000000,4.000000,4.000000,4.000000,4.000000,4.000000,4.000000,4.000000,4.000000,4.000000,4.000000,2.000000,4.000000,4.000000,4.000000,4.000000,4.000000,4.000000,4.000000,4.000000,4.000000,4.000000,4.000000,4.000000,4.000000,83.333336
1614076748.603786,67.000000,0.000000,2.387621,-4.865924,-8.493342,-0.868632,-1.303122,-2.264679,1.379341,-5.949265,6.450706,-0.546880,6.494798,3.633500,4.145262,9.479177,-16.973989,74.968353,5.523511,-32.560818,16.287901,-91.882874,-46.897064,-12.125587,-3.598362,-1.740498,-15.021741,-6.650064,-3.049242,-3.198307,-5.984922,-9.110471,-7.568115,-16.194155,0.000000,182.000000,4.000000,,,,0.000000,4.000000,4.000000,4.000000,4.000000,4.000000,4.000000,4.000000,4.000000,4.000000,4.000000,4.000000,4.000000,4.000000,4.000000,4.000000,4.000000,4.000000,4.000000,2.000000,4.000000,4.000000,4.000000,4.000000,4.000000,4.000000,4.000000,4.000000,4.000000,4.000000,4.000000,4.000000,4.000000,83.333336
1614076748.611435,68.000000,0.000000,2.898054,-5.373878,-8.997669,-0.354943,-1.301819,-1.749594,0.865141,-5.943316,5.931435,-0.033512,7.513945,3.629866,11.833425,13.059443,5.094266,107.713898,8.082090,-2.784668,28.066484,-86.149963,-39.157860,0.707052,-1.543482,-2.764398,-14.493899,-5.617773,0.030730,-3.195109,-3.927656,-9.101360,-0.893880,-15.152320,0.000000,187.000000,4.000000,,,,0.000000,4.000000,4.000000,4.000000,4.000000,4.000000,4.000000,4.000000,4.000000,4.000000,4.000000,4.000000,4.000000,4.000000,4.000000,4.000000,4.000000,4.000000,4.000000,2.000000,4.000000,4.000000,4.000000,4.000000,4.000000,4.000000,4.000000,4.000000,4.000000,4.000000,4.000000,4.000000,4.000000,83.333336
1614076748.619184,69.000000,0.000000,1.869514,-5.368505,-8.475851,-1.380229,-3.351799,-3.286306,1.377097,-5.937373,5.412683,-0.546299,5.967969,3.626236,10.283130,11.507921,2.525069,93.760033,6.535547,-3.807524,4.961496,-85.550995,-35.016136,2.244807,-1.029118,-2.248813,-11.915302,-3.048052,0.030699,-3.191914,-2.385266,-9.092258,2.183937,-12.573065,0.000000,198.000000,4.000000,,,,0.000000,4.000000,4.000000,4.000000,4.000000,4.000000,4.000000,4.000000,4.000000,4.000000,4.000000,4.000000,4.000000,4.000000,4.000000,4.000000,4.000000,4.000000,4.000000,2.000000,4.000000,4.000000,4.000000,4.000000,4.000000,4.000000,4.000000,4.000000,4.000000,4.000000,4.000000,4.000000,4.000000,83.333336
1614076748.626833,70.000000,0.000000,-0.183637,-5.363136,-10.005836,-3.942951,-5.399729,-6.872763,1.375720,-5.931436,5.920091,0.479888,-1.217486,3.622610,3.093359,4.829747,-18.503098,61.358582,-0.650476,-32.521664,-14.530645,-90.593651,-38.058044,-4.936925,-7.181935,-2.246564,-10.877747,-2.019363,-3.559075,-3.188722,-2.895702,-9.083166,1.156112,-11.534850,0.000000,201.000000,4.000000,,,,0.000000,4.000000,4.000000,4.000000,4.000000,4.000000,4.000000,4.000000,4.000000,4.000000,4.000000,4.000000,4.000000,4.000000,4.000000,4.000000,4.000000,4.000000,4.000000,2.000000,4.000000,4.000000,4.000000,4.000000,4.000000,4.000000,4.000000,4.000000,4.000000,4.000000,4.000000,4.000000,4.000000,83.333336
1614076748.634583,71.000000,0.000000,-1.721915,-5.357773,-12.559934,-4.964649,-5.907150,-9.429993,1.374344,-5.925504,5.914171,-3.623156,-4.806012,3.618987,1.038983,2.773635,-15.407671,74.630554,-4.239569,-29.925041,-0.157140,-93.067154,-35.968704,-6.470450,-10.251676,-2.244318,-11.379689,-3.555805,-3.042695,-3.185533,-2.892806,-9.586904,1.154956,-12.036137,0.000000,169.000000,4.000000,,,,0.000000,4.000000,4.000000,4.000000,4.000000,4.000000,4.000000,4.000000,4.000000,4.000000,4.000000,4.000000,4.000000,4.000000,4.000000,4.000000,4.000000,4.000000,4.000000,2.000000,4.000000,4.000000,4.000000,4.000000,4.000000,4.000000,4.000000,4.000000,4.000000,4.000000,4.000000,4.000000,4.000000,83.333336
1614076748.642232,72.000000,0.000000,-1.207373,-5.352415,-13.060194,-4.446864,-5.388422,-9.420563,1.372970,-5.406758,5.908257,-7.209277,2.378281,3.615368,2.063586,8.411887,-4.623033,91.991821,-2.696868,-18.613064,10.099427,-91.435631,-30.291710,-1.848595,-7.164501,-2.242074,-9.829847,-2.013788,0.037270,-3.182348,-2.889913,-8.038856,1.153801,-12.024100,0.000000,185.000000,4.000000,,,,0.000000,4.000000,4.000000,4.000000,4.000000,4.000000,4.000000,4.000000,4.000000,4.000000,4.000000,4.000000,4.000000,4.000000,4.000000,4.000000,4.000000,4.000000,4.000000,2.000000,4.000000,4.000000,4.000000,4.000000,4.000000,4.000000,4.000000,4.000000,4.000000,4.000000,4.000000,4.000000,4.000000,83.333336
1614076748.649981,73.000000,0.000000,-1.206165,-5.347063,-12.534313,-4.442417,-5.383034,-9.411142,1.371597,-5.401351,5.902349,-2.073862,10.068211,3.611753,3.087163,10.967578,-2.567127,92.925468,-0.642889,-20.645733,5.986763,-88.780090,-27.697315,5.332741,-6.644516,-2.239831,-7.768736,4.654892,1.062874,-3.179165,-2.887023,-3.415432,1.665468,-11.499255,0.000000,207.000000,4.000000,,,,0.000000,4.000000,4.000000,4.000000,4.000000,4.000000,4.000000,4.000000,4.000000,4.000000,4.000000,4.000000,4.000000,4.000000,4.000000,4.000000,4.000000,4.000000,4.000000,2.000000,4.000000,4.000000,4.000000,4.000000,4.000000,4.000000,4.000000,4.000000,4.000000,4.000000,4.000000,4.000000,4.000000,83.333336
1614076748.657630,74.000000,0.000000,-1.717780,-5.341716,-12.521779,-4.437975,-5.890471,-9.401731,1.370225,-6.934412,5.896446,4.082058,10.570963,3.608141,7.699461,9.418148,3.589286,105.140236,0.896215,-4.214831,11.621802,-85.101563,-28.695259,4.301767,-7.150692,-2.750412,-6.735326,9.265622,0.036170,-3.175986,-2.884136,-1.360734,4.227905,-12.000577,0.000000,205.000000,4.000000,,,,0.000000,4.000000,4.000000,4.000000,4.000000,4.000000,4.000000,4.000000,4.000000,4.000000,4.000000,4.000000,4.000000,4.000000,4.000000,4.000000,4.000000,4.000000,4.000000,2.000000,4.000000,4.000000,4.000000,4.000000,4.000000,4.000000,4.000000,4.000000,4.000000,4.000000,4.000000,4.000000,4.000000,83.333336
1614076748.665379,75.000000,0.000000,-1.203241,-5.336374,-12.509257,-4.433537,-5.371761,-9.392329,1.368855,-3.337734,5.890550,3.565155,10.560391,3.604533,8.717402,9.408731,4.611338,99.906891,0.895319,1.430409,10.584539,-83.478004,-28.666563,-5.958945,-6.117900,-2.234841,-7.241411,8.743536,0.036134,-3.172810,-2.881252,-1.872194,5.249318,-11.988576,0.000000,197.000000,4.000000,,,,0.000000,4.000000,4.000000,4.000000,4.000000,4.000000,4.000000,4.000000,4.000000,4.000000,4.000000,4.000000,4.000000,4.000000,4.000000,4.000000,4.000000,4.000000,4.000000,2.000000,4.000000,4.000000,4.000000,4.000000,4.000000,4.000000,4.000000,4.000000,4.000000,4.000000,4.000000,4.000000,4.000000,83.333336
1614076748.673028,76.000000,0.000000,-1.202038,-5.331038,-12.496748,-4.429103,-2.802286,-9.382937,1.367486,-1.283114,5.884659,4.587231,11.062652,3.600929,6.144582,9.912142,-1.034299,86.986473,0.894424,-25.750509,-0.708096,-84.420166,-28.125076,-9.029909,-8.163065,-2.232606,-7.746990,7.709151,0.548918,-3.169637,-2.878371,-1.870322,4.731248,-11.976587,0.000000,193.000000,4.000000,,,,0.000000,4.000000,4.000000,4.000000,4.000000,4.000000,4.000000,4.000000,4.000000,4.000000,4.000000,4.000000,4.000000,4.000000,4.000000,4.000000,4.000000,4.000000,4.000000,2.000000,4.000000,4.000000,4.000000,4.000000,4.000000,4.000000,4.000000,4.000000,4.000000,4.000000,4.000000,4.000000,4.000000,83.333336
1614076748.680777,77.000000,0.000000,-1.200836,-5.838527,-12.484251,-4.424674,-1.261022,-9.373554,1.366118,-9.999780,5.878775,7.659567,9.000307,3.084507,5.112796,8.876589,3.069299,106.386665,0.893529,-24.186296,8.523381,-84.335747,-29.122593,-1.328571,-9.180543,-3.256015,-6.713603,8.727083,0.035549,-3.166468,-2.875492,-1.355631,5.239337,-11.964611,0.000000,181.000000,4.000000,,,,0.000000,4.000000,4.000000,4.000000,4.000000,4.000000,4.000000,4.000000,4.000000,4.000000,4.000000,4.000000,4.000000,4.000000,4.000000,4.000000,4.000000,4.000000,4.000000,2.000000,4.000000,4.000000,4.000000,4.000000,4.000000,4.000000,4.000000,4.000000,4.000000,4.000000,4.000000,4.000000,4.000000,83.333336
1614076748.688427,78.000000,0.000000,-1.199635,-4.807047,-12.984588,-4.420249,-1.772582,-9.364181,1.364752,-17.169268,5.872896,7.651907,6.940025,4.107064,6.133325,9.893353,3.579050,107.818741,0.892636,4.043018,24.412294,-83.225769,-28.580650,3.288142,-3.530336,-1.201477,-4.142786,8.718356,0.035514,-3.163301,-2.872617,-1.867096,4.721278,-11.952646,0.000000,205.000000,4.000000,,,,0.000000,4.000000,4.000000,4.000000,4.000000,4.000000,4.000000,4.000000,4.000000,4.000000,4.000000,4.000000,4.000000,4.000000,4.000000,4.000000,4.000000,4.000000,4.000000,2.000000,4.000000,4.000000,4.000000,4.000000,4.000000,4.000000,4.000000,4.000000,4.000000,4.000000,4.000000,4.000000,4.000000,83.333336
1614076748.696176,79.000000,0.000000,-1.198435,-2.238138,-10.920321,-4.415829,-1.770809,-9.354816,1.363388,-12.023892,5.867023,7.131435,6.933085,6.667059,5.614371,9.883460,-9.245042,75.403229,0.891743,-14.422564,15.669932,-83.655365,-28.552069,2.259213,1.601399,5.979212,-3.625823,7.683997,3.112401,-3.160138,-3.382565,-1.865229,4.716557,-10.402232,0.000000,219.000000,4.000000,,,,0.000000,4.000000,4.000000,4.000000,4.000000,4.000000,4.000000,4.000000,4.000000,4.000000,4.000000,4.000000,4.000000,4.000000,4.000000,4.000000,4.000000,4.000000,4.000000,2.000000,4.000000,4.000000,4.000000,4.000000,4.000000,4.000000,4.000000,4.000000,4.000000,4.000000,4.000000,4.000000,4.000000,83.333336
1614076748.703825,80.000000,0.000000,-1.197237,-1.210259,-8.345298,-4.411413,-1.769039,-9.345462,1.362024,-5.345202,5.861156,7.637124,7.438972,7.686033,5.608757,8.847936,-11.287079,64.558594,0.890852,-46.715832,0.269647,-84.084526,-29.036337,1.231313,1.086977,9.562976,-3.622197,8.189134,7.211853,-3.156978,-2.353541,-1.863364,5.737481,-8.853369,0.000000,189.000000,4.000000,,,,0.000000,4.000000,4.000000,4.000000,4.000000,4.000000,4.000000,4.000000,4.000000,4.000000,4.000000,4.000000,4.000000,4.000000,4.000000,4.000000,4.000000,4.000000,4.000000,2.000000,4.000000,4.000000,4.000000,4.000000,4.000000,4.000000,4.000000,4.000000,4.000000,4.000000,4.000000,4.000000,4.000000,83.333336
1614076748.711674,81.000000,0.000000,-1.196040,-1.721869,-10.388235,-4.919823,-2.792911,-9.336117,1.360662,-5.852677,5.855295,7.116666,6.918713,7.165526,6.115968,12.428831,-2.557843,97.314552,2.941243,-35.899887,2.320660,-79.897881,-27.468840,4.307004,0.060249,8.527772,-1.567293,10.232226,8.230282,-3.153821,0.212915,-2.374321,1.629179,-8.331695,0.000000,191.000000,4.000000,,,,0.000000,4.000000,4.000000,4.000000,4.000000,4.000000,4.000000,4.000000,4.000000,4.000000,4.000000,4.000000,4.000000,4.000000,4.000000,4.000000,4.000000,4.000000,4.000000,2.000000,4.000000,4.000000,4.000000,4.000000,4.000000,4.000000,4.000000,4.000000,4.000000,4.000000,4.000000,4.000000,4.000000,83.333336
1614076748.719423,82.000000,0.000000,-1.194844,-1.720147,-8.839385,-4.402082,-1.764477,-9.326780,1.359301,-4.821183,5.849440,7.622370,6.911794,7.671182,5.084211,22.159992,0.008818,119.268517,4.476763,-5.094756,8.985005,-73.151314,-22.825987,8.918082,1.085830,8.519244,0.485557,11.760455,7.709231,-3.150667,1.238343,-1.859126,-1.962193,-8.323363,0.000000,203.000000,4.000000,,,,0.000000,4.000000,4.000000,4.000000,4.000000,4.000000,4.000000,4.000000,4.000000,4.000000,4.000000,4.000000,4.000000,4.000000,4.000000,4.000000,4.000000,4.000000,4.000000,2.000000,4.000000,4.000000,4.000000,4.000000,4.000000,4.000000,4.000000,4.000000,4.000000,4.000000,4.000000,4.000000,4.000000,83.333336
1614076748.727272,83.000000,0.000000,-1.193649,-1.718427,-0.625417,-4.397680,-0.737071,-9.317453,1.357942,-1.226619,5.843590,7.614748,7.930523,6.637869,6.104768,26.240396,1.547270,115.559502,4.472286,8.756493,10.001661,-71.026886,-20.239058,10.447625,0.571924,9.023546,-0.027750,11.748695,7.701522,-3.147516,0.724284,-1.857267,1.116692,-8.827860,0.000000,201.000000,4.000000,,,,0.000000,4.000000,4.000000,4.000000,4.000000,4.000000,4.000000,4.000000,4.000000,4.000000,4.000000,4.000000,4.000000,4.000000,4.000000,4.000000,4.000000,4.000000,4.000000,2.000000,4.000000,4.000000,4.000000,4.000000,4.000000,4.000000,4.000000,4.000000,4.000000,4.000000,4.000000,4.000000,4.000000,83.333336
1614076748.735021,84.000000,0.000000,-1.192455,-1.716709,0.913670,-5.418923,-5.351719,-9.820956,1.356584,-2.251033,5.837746,5.555851,5.358490,4.067129,6.098663,20.573130,1.545723,118.520866,4.467814,12.337480,8.966019,-75.571243,-22.270100,7.360255,0.571352,8.501701,-0.027722,11.736946,8.206641,-3.144369,0.723560,-2.881051,5.730960,-8.306211,0.000000,180.000000,4.000000,,,,0.000000,4.000000,4.000000,4.000000,4.000000,4.000000,4.000000,4.000000,4.000000,4.000000,4.000000,4.000000,4.000000,4.000000,4.000000,4.000000,4.000000,4.000000,4.000000,2.000000,4.000000,4.000000,4.000000,4.000000,4.000000,4.000000,4.000000,4.000000,4.000000,4.000000,4.000000,4.000000,4.000000,83.333336
1614076748.742870,85.000000,0.000000,-1.191263,-1.714992,-1.138526,-3.362222,-4.320726,-8.785495,1.355228,-5.325705,5.831909,4.011834,-2.339176,3.037421,0.964359,11.321788,-9.225054,101.479271,4.463346,-4.085114,7.418591,-81.136696,-24.299112,5.814433,0.570780,8.493200,0.485126,11.725209,7.685614,-3.141225,0.722836,-0.826887,4.699588,-2.656880,0.000000,184.000000,4.000000,,,,0.000000,4.000000,4.000000,4.000000,4.000000,4.000000,4.000000,4.000000,4.000000,4.000000,4.000000,4.000000,4.000000,4.000000,4.000000,4.000000,4.000000,4.000000,4.000000,2.000000,4.000000,4.000000,4.000000,4.000000,4.000000,4.000000,4.000000,4.000000,4.000000,4.000000,4.000000,4.000000,4.000000,83.333336
1614076748.750619,86.000000,0.000000,-1.190072,-1.713277,5.529279,1.769345,6.452826,-6.212606,1.353872,-5.833200,5.826077,4.520642,-7.465042,3.547204,-5.703271,3.105338,-19.472239,69.070099,0.869139,-29.209234,5.872711,-82.594017,-24.274813,8.372721,1.083030,8.484707,0.997462,12.226305,8.703569,-3.138083,0.722113,4.302145,4.182068,2.473982,0.000000,191.000000,4.000000,,,,0.000000,4.000000,4.000000,4.000000,4.000000,4.000000,4.000000,4.000000,4.000000,4.000000,4.000000,4.000000,4.000000,4.000000,4.000000,4.000000,4.000000,4.000000,4.000000,2.000000,4.000000,4.000000,4.000000,4.000000,4.000000,4.000000,4.000000,4.000000,4.000000,4.000000,4.000000,4.000000,4.000000,83.333336
1614076748.758468,87.000000,0.000000,-1.188882,-1.711564,13.216058,2.793217,9.523295,-5.180753,1.865339,-5.314546,5.820251,0.926378,-4.893474,4.056477,-5.697568,-1.513152,-19.965588,73.103592,1.893911,-25.590281,6.379659,-82.511429,-24.250538,10.415630,1.594768,8.989042,0.483644,12.214078,8.182045,-3.134945,0.721391,6.349124,5.203526,2.471508,0.000000,209.000000,4.000000,,,,0.000000,4.000000,4.000000,4.000000,4.000000,4.000000,4.000000,4.000000,4.000000,4.000000,4.000000,4.000000,4.000000,4.000000,4.000000,4.000000,4.000000,4.000000,4.000000,2.000000,4.000000,4.000000,4.000000,4.000000,4.000000,4.000000,4.000000,4.000000,4.000000,4.000000,4.000000,4.000000,4.000000,83.333336
1614076748.766217,88.000000,0.000000,-1.187693,-1.709852,13.715662,3.816064,-0.229817,-5.688393,1.863474,-5.309232,5.814430,-3.689933,-2.837299,4.052421,-2.614948,-2.024459,-19.432800,105.851006,7.020222,-10.692896,6.373280,-82.941734,-24.739109,9.379574,0.567532,8.467233,-0.542481,10.150582,7.661043,-3.131810,0.720670,4.804314,4.685503,1.956216,0.000000,211.000000,4.000000,,,,0.000000,4.000000,4.000000,4.000000,4.000000,4.000000,4.000000,4.000000,4.000000,4.000000,4.000000,4.000000,4.000000,4.000000,4.000000,4.000000,4.000000,4.000000,4.000000,2.000000,4.000000,4.000000,4.000000,4.000000,4.000000,4.000000,4.000000,4.000000,4.000000,4.000000,4.000000,4.000000,4.000000,83.333336
1614076748.774066,89.000000,0.000000,-0.673684,-1.708142,12.163485,8.427633,-1.768049,-5.682704,1.348790,-5.816743,5.808616,-3.686243,-4.372923,3.535548,-1.586692,-1.509614,-19.926188,105.232330,7.013202,-17.348869,4.315624,-82.858795,-25.227190,7.831733,1.079785,8.458766,2.022164,8.601970,9.191843,-3.128679,0.719949,5.825150,4.680817,2.979901,0.000000,189.000000,4.000000,,,,0.000000,4.000000,4.000000,4.000000,4.000000,4.000000,4.000000,4.000000,4.000000,4.000000,4.000000,4.000000,4.000000,4.000000,4.000000,4.000000,4.000000,4.000000,4.000000,2.000000,4.000000,4.000000,4.000000,4.000000,4.000000,4.000000,4.000000,4.000000,4.000000,4.000000,4.000000,4.000000,4.000000,83.333336
1614076748.781815,90.000000,0.000000,-1.185831,-1.193614,13.176962,11.496128,-1.766281,-5.164201,1.860261,-5.298106,6.315628,-5.733839,-3.342909,4.044833,-1.585105,-1.508105,-19.906261,74.357864,5.467727,-21.434086,6.362591,-82.263115,-30.842989,6.285439,2.104346,9.475948,-1.569602,8.593369,7.131369,-3.125550,0.719229,5.819325,4.676136,1.438460,0.000000,129.000000,4.000000,,,,0.000000,4.000000,4.000000,4.000000,4.000000,4.000000,4.000000,4.000000,4.000000,4.000000,4.000000,4.000000,4.000000,4.000000,4.000000,4.000000,4.000000,4.000000,4.000000,2.000000,4.000000,4.000000,4.000000,4.000000,4.000000,4.000000,4.000000,4.000000,4.000000,4.000000,4.000000,4.000000,4.000000,83.333336
1614076748.789664,91.000000,0.000000,-0.671825,-2.218061,12.138144,9.946171,-13.559386,-6.184678,1.345581,-5.292808,4.258030,-13.420412,-3.339566,2.502326,-2.609161,-1.506597,-21.424818,71.719406,4.949439,-20.387011,4.304946,-89.873161,-41.068554,0.638128,-5.590066,5.363908,-14.388545,7.046313,-4.157814,-2.609604,0.718510,-0.340340,4.671460,3.488303,0.000000,205.000000,4.000000,,,,0.000000,4.000000,4.000000,4.000000,4.000000,4.000000,4.000000,4.000000,4.000000,4.000000,4.000000,4.000000,4.000000,4.000000,4.000000,4.000000,4.000000,4.000000,4.000000,2.000000,4.000000,4.000000,2.000000,4.000000,4.000000,4.000000,4.000000,4.000000,4.000000,4.000000,4.000000,4.000000,4.000000,66.666664
1614076748.797413,92.000000,0.000000,-0.671153,-2.215843,12.126006,9.936225,-19.699673,-5.665673,-2.758329,-9.390079,1.689670,-14.945454,-11.028534,-4.679663,-6.709116,-0.992270,-22.941854,85.493843,-5.311921,-36.264061,-8.007051,-102.090981,-47.694153,-6.029177,-18.404989,-1.308123,-22.579285,4.987985,-14.410066,-4.145456,1.230612,-2.391282,4.666789,11.689943,0.000000,150.000000,4.000000,,,,0.000000,4.000000,4.000000,4.000000,4.000000,4.000000,4.000000,4.000000,4.000000,4.000000,4.000000,4.000000,4.000000,4.000000,4.000000,4.000000,4.000000,4.000000,4.000000,2.000000,4.000000,4.000000,2.000000,4.000000,4.000000,4.000000,4.000000,4.000000,4.000000,4.000000,4.000000,4.000000,4.000000,66.666664
1614076748.805262,93.000000,0.000000,-4.260225,-0.675165,13.139522,10.439109,-14.038948,-5.147186,-6.345314,-13.483253,3.226441,-10.827944,-19.222633,-13.905753,-8.753689,-0.991277,-23.431732,85.408348,-17.614302,-43.920101,-11.588788,-105.578629,-47.133640,-8.587250,-21.976328,-3.358096,-18.966961,3.957356,-14.908477,-6.192592,-0.309080,0.688033,4.662122,17.319279,0.000000,198.000000,4.000000,,,,0.000000,4.000000,4.000000,4.000000,4.000000,4.000000,4.000000,4.000000,4.000000,4.000000,4.000000,4.000000,4.000000,4.000000,4.000000,4.000000,4.000000,4.000000,4.000000,2.000000,4.000000,4.000000,2.000000,4.000000,4.000000,4.000000,4.000000,4.000000,4.000000,4.000000,4.000000,4.000000,4.000000,66.666664
1614076748.813011,94.000000,0.000000,-8.871350,-3.751413,11.075100,8.377388,-11.460806,-7.706142,-6.338969,-13.469769,1.171933,-10.817116,-17.664949,-15.430308,-9.257755,-0.990286,-23.408300,81.733192,-15.545404,-25.414644,4.833057,-100.857666,-40.419838,-9.604303,-21.441530,-2.329097,-17.409533,0.363655,-13.867927,-7.212041,-2.872874,-0.851117,4.144639,16.789139,0.000000,192.000000,4.000000,,,,0.000000,4.000000,4.000000,4.000000,4.000000,4.000000,4.000000,4.000000,4.000000,4.000000,4.000000,4.000000,4.000000,4.000000,4.000000,4.000000,4.000000,4.000000,4.000000,2.000000,4.000000,4.000000,2.000000,4.000000,4.000000,4.000000,4.000000,4.000000,4.000000,4.000000,4.000000,4.000000,4.000000,66.666664
1614076748.820860,95.000000,0.000000,-8.862478,-9.901508,13.115307,6.317728,-13.500628,-8.724076,-5.819809,-13.456300,-4.470264,-11.831940,-14.570362,-9.773852,-9.248498,-0.989296,-20.307970,82.677101,-10.401654,-14.619999,17.648737,-97.167068,-32.174290,-7.030597,-21.932909,-2.326768,-19.443405,-3.739273,-14.366879,-6.692008,-3.382821,-0.337445,5.166136,17.797991,0.000000,187.000000,4.000000,,,,0.000000,4.000000,4.000000,4.000000,4.000000,4.000000,4.000000,4.000000,4.000000,4.000000,4.000000,4.000000,4.000000,4.000000,4.000000,4.000000,4.000000,4.000000,4.000000,2.000000,4.000000,4.000000,2.000000,4.000000,4.000000,4.000000,4.000000,4.000000,4.000000,4.000000,4.000000,4.000000,4.000000,66.666664
1614076748.828609,96.000000,0.000000,-7.827975,-4.763402,24.897062,5.798590,-11.435845,-4.099968,-6.326810,-13.442843,-0.363230,-6.691903,-14.555791,-7.199976,-5.649506,-0.988307,-14.133816,85.158531,-9.878432,-14.092558,17.118267,-91.428871,-24.449808,4.258485,-13.193027,-2.837262,-17.372681,-2.197072,-12.301230,-5.146855,-2.866618,8.893661,7.725072,20.857117,8064.000000,0.000000,4.000000,,,,0.000000,4.000000,4.000000,4.000000,4.000000,4.000000,4.000000,4.000000,4.000000,4.000000,4.000000,4.000000,4.000000,4.000000,4.000000,4.000000,4.000000,4.000000,4.000000,2.000000,4.000000,4.000000,2.000000,4.000000,4.000000,4.000000,4.000000,4.000000,4.000000,4.000000,4.000000,4.000000,4.000000,66.666664
1614076748.836458,97.000000,0.000000,-8.845788,7.549054,32.051655,6.305612,-8.347486,-2.044586,-4.269201,-8.301195,9.380723,-3.095468,-15.054056,-7.192776,1.535631,-0.987318,-11.042759,91.740036,-4.227528,-8.437440,14.024226,-83.645134,-24.425360,7.331150,-3.436245,0.242498,-14.278384,0.882048,-9.724827,-3.090426,-2.863751,14.525793,8.742988,21.349079,8064.000000,0.000000,4.000000,,,,0.000000,4.000000,4.000000,4.000000,4.000000,4.000000,4.000000,4.000000,4.000000,4.000000,4.000000,4.000000,4.000000,4.000000,4.000000,4.000000,4.000000,4.000000,4.000000,2.000000,4.000000,4.000000,2.000000,4.000000,4.000000,4.000000,4.000000,4.000000,4.000000,4.000000,4.000000,4.000000,4.000000,66.666664
1614076748.844207,98.000000,0.000000,-7.811301,9.079967,26.891396,6.299306,-8.339139,-5.119464,-1.700830,0.937875,8.345701,-3.092372,-14.013361,-6.672763,4.098198,-0.473510,-11.031716,95.238045,1.930546,-13.557208,5.292253,-82.023033,-31.580421,-7.035156,-5.484091,2.806359,-13.751286,0.881166,-9.715102,-3.087335,-2.860888,12.459986,8.221424,20.302090,8064.000000,0.000000,4.000000,,,,0.000000,4.000000,4.000000,4.000000,4.000000,4.000000,4.000000,4.000000,4.000000,4.000000,4.000000,4.000000,4.000000,4.000000,4.000000,4.000000,4.000000,4.000000,4.000000,2.000000,4.000000,4.000000,2.000000,4.000000,4.000000,4.000000,4.000000,4.000000,4.000000,4.000000,4.000000,4.000000,4.000000,66.666664
1614076748.851857,99.000000,0.000000,-5.239388,2.404220,22.249121,5.780187,-8.843620,-6.139986,-1.699129,3.501040,2.696330,-3.602100,-13.999348,-7.178911,0.504356,-1.498678,-11.533504,88.476135,-0.635487,-21.235958,0.158756,-88.094856,-38.215508,-10.617865,-10.093991,-0.786191,-14.250355,0.367464,-10.731028,-3.084248,-2.858027,12.447525,8.213203,20.281788,8064.000000,0.000000,4.000000,,,,0.000000,4.000000,4.000000,4.000000,4.000000,4.000000,4.000000,4.000000,4.000000,4.000000,4.000000,4.000000,4.000000,4.000000,4.000000,4.000000,4.000000,4.000000,4.000000,2.000000,4.000000,4.000000,2.000000,4.000000,4.000000,4.000000,4.000000,4.000000,4.000000,4.000000,4.000000,4.000000,4.000000,66.666664
1614076748.859606,100.000000,0.000000,-6.259789,1.376175,23.765333,6.287227,-8.834776,-5.621026,-2.210250,-0.092205,0.642351,-3.085678,-14.498169,-6.658911,-3.598712,-1.497179,-12.034792,84.797920,-2.686134,-18.137798,3.235521,-90.058037,-38.690113,6.315830,-10.083898,-5.913610,-14.236104,0.879918,-8.669015,-3.081164,-2.855169,12.947899,8.204989,20.261505,8064.000000,0.000000,4.000000,,,,0.000000,4.000000,4.000000,4.000000,4.000000,4.000000,4.000000,4.000000,4.000000,4.000000,4.000000,4.000000,4.000000,4.000000,4.000000,4.000000,4.000000,4.000000,4.000000,2.000000,4.000000,4.000000,2.000000,4.000000,4.000000,4.000000,4.000000,4.000000,4.000000,4.000000,4.000000,4.000000,4.000000,66.666664
1614076748.867255,101.000000,0.000000,-8.304811,2.913260,23.741568,8.845042,-8.313121,-5.102584,-1.695219,-4.194677,-0.383932,-4.108233,-13.970850,-4.088150,-4.620755,-0.470041,-11.509936,89.328506,-2.683448,-30.427353,-11.126689,-88.429520,-36.600140,14.514643,-10.073813,-2.830774,-14.221869,0.879038,-4.044961,-3.078083,-2.852314,12.934951,8.196785,20.241243,8064.000000,0.000000,4.000000,,,,0.000000,4.000000,4.000000,4.000000,4.000000,4.000000,4.000000,4.000000,4.000000,4.000000,4.000000,4.000000,4.000000,4.000000,4.000000,4.000000,4.000000,4.000000,4.000000,2.000000,4.000000,4.000000,2.000000,4.000000,4.000000,4.000000,4.000000,4.000000,4.000000,4.000000,4.000000,4.000000,4.000000,66.666664
1614076748.875004,102.000000,0.000000,-8.296507,1.884706,22.692184,9.349018,-8.817628,-3.046199,-1.693524,-5.728944,-0.896369,-3.591304,-14.469700,-7.160985,-7.693057,-3.546494,-15.088170,80.521225,-6.783329,-48.858463,-24.448896,-91.418015,-35.025078,4.243718,-9.038098,1.787442,-14.207646,0.878159,-2.502455,-3.075005,-2.849461,12.409195,8.188588,18.682541,8064.000000,0.000000,4.000000,,,,0.000000,4.000000,4.000000,4.000000,4.000000,4.000000,4.000000,4.000000,4.000000,4.000000,4.000000,4.000000,4.000000,4.000000,4.000000,4.000000,4.000000,4.000000,4.000000,2.000000,4.000000,4.000000,2.000000,4.000000,4.000000,4.000000,4.000000,4.000000,4.000000,4.000000,4.000000,4.000000,4.000000,66.666664
1614076748.882653,103.000000,0.000000,-8.288210,1.370001,22.669493,6.775566,-8.808811,-3.555974,-4.255933,-7.261676,-4.485216,-4.100533,-17.019333,-13.307670,-12.813569,-9.696794,-25.329493,59.415062,-10.366288,-41.117298,-4.937268,-96.967621,-36.528515,-2.940013,-12.618804,-3.855371,-14.706259,0.877280,-5.576875,-3.071929,-3.359432,10.858324,8.180400,16.099756,8064.000000,0.000000,4.000000,,,,0.000000,4.000000,4.000000,4.000000,4.000000,4.000000,4.000000,4.000000,4.000000,4.000000,4.000000,4.000000,4.000000,4.000000,4.000000,4.000000,4.000000,4.000000,4.000000,2.000000,4.000000,4.000000,2.000000,4.000000,4.000000,4.000000,4.000000,4.000000,4.000000,4.000000,4.000000,4.000000,4.000000,66.666664
1614076748.890402,104.000000,0.000000,-8.279922,1.881451,23.159643,5.743149,-8.800002,-5.603700,-5.790139,-9.305696,-8.070475,-10.250279,-18.027954,-15.345644,-12.800756,-5.584533,-30.432367,62.432571,-10.355923,-30.819771,2.759977,-101.486038,-39.568909,-1.398611,-20.811314,-9.492541,-14.178733,0.876403,-6.596940,-3.068858,-1.817611,8.796184,8.172219,17.109297,8064.000000,0.000000,4.000000,,,,0.000000,4.000000,4.000000,4.000000,4.000000,4.000000,4.000000,4.000000,4.000000,4.000000,4.000000,4.000000,4.000000,4.000000,4.000000,4.000000,4.000000,4.000000,4.000000,2.000000,4.000000,4.000000,2.000000,4.000000,4.000000,4.000000,4.000000,4.000000,4.000000,4.000000,4.000000,4.000000,4.000000,66.666664
1614076748.898051,105.000000,0.000000,-8.271642,1.879570,23.649305,6.763047,-8.791202,-3.033993,-5.784348,-9.809212,-4.985481,-11.778490,-15.445824,-14.304658,-11.249494,4.677462,-23.222448,88.523987,-10.858387,-28.737669,-17.755604,-98.307632,-33.888313,0.654069,-17.713579,-9.995870,-10.574810,0.875527,-5.564702,-3.065789,0.748309,8.787388,8.164047,19.656290,8064.000000,0.000000,4.000000,,,,0.000000,4.000000,4.000000,4.000000,4.000000,4.000000,4.000000,4.000000,4.000000,4.000000,4.000000,4.000000,4.000000,4.000000,4.000000,4.000000,4.000000,4.000000,4.000000,2.000000,4.000000,4.000000,2.000000,4.000000,4.000000,4.000000,4.000000,4.000000,4.000000,4.000000,4.000000,4.000000,4.000000,66.666664
1614076748.905800,106.000000,0.000000,-8.776191,1.877690,23.112835,6.243464,-8.782411,-1.492498,-5.778564,-9.286582,-0.877931,-2.535943,-14.404737,-14.290353,-14.315166,7.236887,-13.968456,101.255974,-4.180862,-1.529444,-2.866053,-80.260605,-21.033913,3.217518,-5.388174,-9.985874,-5.948851,0.874651,-7.097598,-3.062723,1.260381,8.778601,8.155883,20.662275,8064.000000,0.000000,4.000000,,,,0.000000,4.000000,4.000000,4.000000,4.000000,4.000000,4.000000,4.000000,4.000000,4.000000,4.000000,4.000000,4.000000,4.000000,4.000000,4.000000,4.000000,4.000000,4.000000,2.000000,4.000000,4.000000,2.000000,4.000000,4.000000,4.000000,4.000000,4.000000,4.000000,4.000000,4.000000,4.000000,4.000000,66.666664
1614076748.913450,107.000000,0.000000,-8.254594,1.875813,23.089722,6.237220,-8.773628,-2.003826,-6.285606,-9.790115,-1.389874,4.133260,-14.903152,-11.199140,-9.685467,5.691189,-5.236539,101.667542,7.105371,13.343880,26.880404,-64.795731,-13.833392,4.239941,-1.280221,-3.309221,-3.378799,0.360956,-6.577680,-3.059660,0.746300,7.744181,8.147727,20.128792,8064.000000,0.000000,4.000000,,,,0.000000,4.000000,4.000000,4.000000,4.000000,4.000000,4.000000,4.000000,4.000000,4.000000,4.000000,4.000000,4.000000,4.000000,4.000000,4.000000,4.000000,4.000000,4.000000,2.000000,4.000000,4.000000,2.000000,4.000000,4.000000,4.000000,4.000000,4.000000,4.000000,4.000000,4.000000,4.000000,4.000000,66.666664
1614076748.921199,108.000000,0.000000,-5.169416,1.873937,23.579453,6.743804,-8.764854,-1.489002,-5.766500,-9.267506,-0.875663,0.539383,-13.349788,-6.572556,-0.957833,6.711138,-3.180021,96.437668,7.611085,-18.977156,-2.377246,-76.012985,-18.947763,3.210060,-3.330223,10.027421,-2.862600,0.360595,0.095564,-3.056601,1.258375,8.762077,8.139579,19.083023,8064.000000,0.000000,4.000000,,,,0.000000,4.000000,4.000000,4.000000,4.000000,4.000000,4.000000,4.000000,4.000000,4.000000,4.000000,4.000000,4.000000,4.000000,4.000000,4.000000,4.000000,4.000000,4.000000,2.000000,4.000000,4.000000,2.000000,4.000000,4.000000,4.000000,4.000000,4.000000,4.000000,4.000000,4.000000,4.000000,4.000000,66.666664
1614076748.928848,109.000000,0.000000,-6.189888,1.872063,19.966129,4.172957,-8.756090,-4.564435,-5.760734,-9.258238,-3.438890,-3.563720,-17.439003,-6.565983,-8.136362,2.601863,-17.535814,70.187386,1.962449,-48.701771,-34.169743,-94.911331,-33.287792,2.181209,-3.839713,9.504574,-2.859737,0.873055,-0.417352,-3.053544,0.231475,7.727674,7.105799,17.525478,8064.000000,0.000000,4.000000,,,,0.000000,4.000000,4.000000,4.000000,4.000000,4.000000,4.000000,4.000000,4.000000,4.000000,4.000000,4.000000,4.000000,4.000000,4.000000,4.000000,4.000000,4.000000,4.000000,2.000000,4.000000,4.000000,2.000000,4.000000,4.000000,4.000000,4.000000,4.000000,4.000000,4.000000,4.000000,4.000000,4.000000,66.666664
1614076748.936597,110.000000,0.000000,-8.234981,1.870191,13.792317,-0.446600,-8.747334,-11.739359,-6.267793,-9.761800,-12.153400,-7.662721,-21.524128,-7.585058,-18.897457,-7.144329,-29.313150,46.527451,0.934845,-26.601786,-7.468904,-93.277954,-42.485271,-1.923536,-5.887156,-3.325444,-2.856878,0.872182,-10.160524,-3.563311,-2.845680,4.643024,4.534590,13.405389,8064.000000,0.000000,4.000000,,,,0.000000,4.000000,4.000000,4.000000,4.000000,4.000000,4.000000,4.000000,4.000000,4.000000,4.000000,4.000000,4.000000,4.000000,4.000000,4.000000,4.000000,4.000000,4.000000,2.000000,4.000000,4.000000,2.000000,4.000000,4.000000,4.000000,4.000000,4.000000,4.000000,4.000000,4.000000,4.000000,4.000000,66.666664
1614076748.944246,111.000000,0.000000,-4.637002,1.868320,11.214422,-1.984615,-8.738586,-13.778901,-5.748705,-8.726398,-12.141247,-9.706340,-14.835937,-5.013371,-12.211892,-6.624363,-19.540249,70.583488,1.446731,-7.088004,8.436000,-84.466728,-36.288940,-3.460074,-6.394089,-6.911862,-3.366841,-0.154331,-8.099082,-3.046927,-2.842834,6.176842,4.530056,8.776599,8064.000000,0.000000,4.000000,,,,0.000000,4.000000,4.000000,4.000000,4.000000,4.000000,4.000000,4.000000,4.000000,4.000000,4.000000,4.000000,4.000000,4.000000,4.000000,4.000000,4.000000,4.000000,4.000000,2.000000,4.000000,4.000000,2.000000,4.000000,4.000000,4.000000,4.000000,4.000000,4.000000,4.000000,4.000000,4.000000,4.000000,66.666664
1614076748.951995,112.000000,0.000000,-0.529800,1.866452,11.716028,-0.956990,-7.191386,-9.662559,-3.178854,-6.153568,-3.411157,-2.517146,-7.128793,-0.392973,-3.994552,3.125851,-6.700195,103.333420,1.958105,-12.721941,-14.649359,-84.895081,-27.534702,0.645950,-4.336413,-3.315207,-3.363474,5.486849,5.242351,-0.992598,-0.275888,14.888614,7.089628,13.383206,8064.000000,0.000000,4.000000,,,,0.000000,4.000000,4.000000,4.000000,4.000000,4.000000,4.000000,4.000000,4.000000,4.000000,4.000000,4.000000,4.000000,4.000000,4.000000,4.000000,4.000000,4.000000,4.000000,2.000000,4.000000,4.000000,2.000000,4.000000,4.000000,4.000000,4.000000,4.000000,4.000000,4.000000,4.000000,4.000000,4.000000,66.666664
1614076748.959644,113.000000,0.000000,-0.529271,1.864586,12.217134,-0.956033,-5.132913,-6.063152,-1.637213,-5.121774,-0.843643,4.664858,-7.121664,1.145882,-7.580301,6.712468,-8.744777,93.999313,3.494608,-11.683578,-10.019325,-83.784546,-27.507168,3.209407,-2.793615,-1.260610,-3.360111,14.199310,8.826852,1.059677,1.262849,21.540392,8.621000,19.523670,8064.000000,0.000000,4.000000,,,,0.000000,4.000000,4.000000,4.000000,4.000000,4.000000,4.000000,4.000000,4.000000,4.000000,4.000000,4.000000,4.000000,4.000000,4.000000,4.000000,4.000000,4.000000,4.000000,2.000000,4.000000,4.000000,2.000000,4.000000,4.000000,4.000000,4.000000,4.000000,4.000000,4.000000,4.000000,4.000000,4.000000,66.666664
1614076748.967493,114.000000,0.000000,-1.554382,1.862721,12.204916,-1.467897,-4.614959,-5.544268,-2.661217,-5.629472,-1.868440,4.147373,-3.524799,-0.393725,-9.624003,5.167295,-13.351417,72.366852,2.465472,-5.005228,13.067617,-82.162300,-28.505302,1.154915,-2.790821,2.330395,-3.356751,13.672291,3.689820,0.545796,0.748766,19.980391,8.099559,17.452864,8064.000000,0.000000,4.000000,,,,0.000000,4.000000,4.000000,4.000000,4.000000,4.000000,4.000000,4.000000,4.000000,4.000000,4.000000,4.000000,4.000000,4.000000,4.000000,4.000000,4.000000,4.000000,4.000000,2.000000,4.000000,4.000000,2.000000,4.000000,4.000000,4.000000,4.000000,4.000000,4.000000,4.000000,4.000000,4.000000,4.000000,66.666664
1614076748.975242,115.000000,0.000000,-0.527187,1.860858,12.192711,-0.953609,-4.610344,-5.538724,-2.145736,-5.623843,0.184710,3.630405,4.683854,0.119489,-5.511815,11.315973,-11.286783,86.653458,0.924546,-2.436121,4.849422,-87.721161,-26.938335,2.692222,-2.788030,5.917808,-3.353394,8.530414,4.198951,0.545251,0.748017,13.806563,7.578639,16.922590,8064.000000,0.000000,4.000000,,,,0.000000,4.000000,4.000000,4.000000,4.000000,4.000000,4.000000,4.000000,4.000000,4.000000,4.000000,4.000000,4.000000,4.000000,4.000000,4.000000,4.000000,4.000000,4.000000,2.000000,4.000000,4.000000,2.000000,4.000000,4.000000,4.000000,4.000000,4.000000,4.000000,4.000000,4.000000,4.000000,4.000000,66.666664
1614076748.983091,116.000000,0.000000,-1.039480,1.858998,12.180518,-0.952655,-4.605734,-5.020365,0.420513,-5.105399,3.261448,4.652415,5.704811,2.683472,-3.967842,18.484144,-10.249856,102.977066,1.436441,-1.408043,-3.360556,-91.223190,-26.911398,3.715171,-2.785242,3.860608,-3.350041,8.521883,5.220393,0.544705,0.747269,8.664552,9.109522,20.495411,8064.000000,0.000000,4.000000,,,,0.000000,4.000000,4.000000,4.000000,4.000000,4.000000,4.000000,4.000000,4.000000,4.000000,4.000000,4.000000,4.000000,4.000000,4.000000,4.000000,4.000000,4.000000,4.000000,2.000000,4.000000,4.000000,2.000000,4.000000,4.000000,4.000000,4.000000,4.000000,4.000000,4.000000,4.000000,4.000000,4.000000,66.666664
1614076748.990840,117.000000,0.000000,-1.038441,1.857139,12.681158,-0.951702,-5.113949,-5.015345,1.958554,-5.100293,2.745367,2.596481,4.160645,4.219250,-4.989515,14.875916,-11.778068,86.463829,-0.103456,-10.124584,13.053061,-88.055038,-27.397306,0.121712,-2.782457,1.292645,-3.346691,7.487720,4.189531,0.544161,0.746522,8.143067,8.074771,17.910814,8064.000000,0.000000,4.000000,,,,0.000000,4.000000,4.000000,4.000000,4.000000,4.000000,4.000000,4.000000,4.000000,4.000000,4.000000,4.000000,4.000000,4.000000,4.000000,4.000000,4.000000,4.000000,4.000000,2.000000,4.000000,4.000000,2.000000,4.000000,4.000000,4.000000,4.000000,4.000000,4.000000,4.000000,4.000000,4.000000,4.000000,66.666664
1614076748.998689,118.000000,0.000000,-1.037402,1.855281,11.642837,-0.950751,-4.083194,-5.523149,1.443775,-6.120834,2.229801,1.055423,4.669305,3.702210,-4.984525,9.732836,-9.202187,78.172241,2.973570,-10.114459,15.091290,-83.351601,-27.369909,4.224154,-2.779675,1.291352,-3.343344,5.428950,5.210983,0.543616,0.745775,8.647744,1.400029,12.764697,8064.000000,0.000000,4.000000,,,,0.000000,4.000000,4.000000,4.000000,4.000000,4.000000,4.000000,4.000000,4.000000,4.000000,4.000000,4.000000,4.000000,4.000000,4.000000,4.000000,4.000000,4.000000,4.000000,2.000000,4.000000,4.000000,2.000000,4.000000,4.000000,4.000000,4.000000,4.000000,4.000000,4.000000,4.000000,4.000000,4.000000,66.666664
1614076749.006439,119.000000,0.000000,-1.036365,1.853426,3.938886,-0.436979,-5.617572,-5.004806,1.442331,-5.089072,2.740391,-1.509735,4.151815,4.211329,-4.466720,10.235923,0.037785,105.273552,11.175725,12.972578,0.717224,-76.601585,-27.342539,15.501982,-2.776895,1.290061,-3.340001,7.987624,4.180131,0.543073,0.745029,8.126276,-3.216755,11.726292,8064.000000,0.000000,4.000000,,,,0.000000,4.000000,4.000000,4.000000,4.000000,4.000000,4.000000,4.000000,4.000000,4.000000,4.000000,4.000000,4.000000,4.000000,4.000000,4.000000,4.000000,4.000000,4.000000,2.000000,4.000000,4.000000,2.000000,4.000000,4.000000,4.000000,4.000000,4.000000,4.000000,4.000000,4.000000,4.000000,4.000000,66.666664
1614076749.014288,120.000000,0.000000,-1.035329,1.851573,-4.270182,-1.975004,-11.252980,-6.538263,1.953709,-4.058342,1.712010,-5.097969,-1.493363,4.719938,-4.462254,5.610303,0.037747,111.834946,9.626087,7.318580,-2.360416,-72.422417,-26.289555,9.332633,-2.261297,1.288771,-3.336661,5.415534,-1.465075,0.542530,0.744284,8.630970,-2.700718,13.253027,8064.000000,0.000000,4.000000,,,,0.000000,4.000000,4.000000,4.000000,4.000000,4.000000,4.000000,4.000000,4.000000,4.000000,4.000000,4.000000,4.000000,4.000000,4.000000,4.000000,4.000000,4.000000,4.000000,2.000000,4.000000,4.000000,2.000000,4.000000,4.000000,4.000000,4.000000,4.000000,4.000000,4.000000,4.000000,4.000000,4.000000,66.666664
1614076749.022037,121.000000,0.000000,-1.034293,1.849721,-5.804373,-4.024311,-15.857112,-10.634289,1.951756,-11.233770,-0.853805,-7.656974,-9.696998,0.612654,-8.560355,-4.651718,-17.911009,79.415421,-0.639949,-24.996431,-1.332415,-77.478203,-26.776087,-7.086956,-2.771857,1.287482,-3.333324,-1.769369,-3.002071,0.541987,1.256361,8.622339,-2.698017,12.726954,8064.000000,0.000000,4.000000,,,,0.000000,4.000000,4.000000,4.000000,4.000000,4.000000,4.000000,4.000000,4.000000,4.000000,4.000000,4.000000,4.000000,4.000000,4.000000,4.000000,4.000000,4.000000,4.000000,2.000000,4.000000,4.000000,2.000000,4.000000,4.000000,4.000000,4.000000,4.000000,4.000000,4.000000,4.000000,4.000000,4.000000,66.666664
1614076749.029886,122.000000,0.000000,-1.033259,2.360692,-3.234466,-4.533107,-15.328434,-12.674936,1.436983,-15.837921,-1.878592,-8.674957,-14.815506,-4.003344,-12.141539,-9.262451,-33.790535,48.566772,-3.716232,-33.176563,-1.331082,-82.528923,-27.262131,-3.490125,-2.256264,1.286195,-3.329991,-4.331702,0.077854,0.541445,0.742284,8.613717,-3.208140,12.201406,8064.000000,0.000000,4.000000,,,,0.000000,4.000000,4.000000,4.000000,4.000000,4.000000,4.000000,4.000000,4.000000,4.000000,4.000000,4.000000,4.000000,4.000000,4.000000,4.000000,4.000000,4.000000,4.000000,2.000000,4.000000,4.000000,2.000000,4.000000,4.000000,4.000000,4.000000,4.000000,4.000000,4.000000,4.000000,4.000000,4.000000,66.666664
1614076749.037635,123.000000,0.000000,-1.032226,1.845511,-2.718411,-4.528574,-15.825927,-12.149441,1.948367,-10.181058,-1.363893,-10.717565,-14.800690,-3.486520,-11.616576,-8.227548,-34.269562,81.338722,-2.686875,-9.040822,1.747172,-83.984856,-25.696407,6.769775,-2.766829,1.284908,-3.326661,-2.276088,-2.486327,1.053724,0.741541,9.117924,-0.128009,12.702025,8064.000000,0.000000,4.000000,,,,0.000000,4.000000,4.000000,4.000000,4.000000,4.000000,4.000000,4.000000,4.000000,4.000000,4.000000,4.000000,4.000000,4.000000,4.000000,4.000000,4.000000,4.000000,4.000000,2.000000,4.000000,4.000000,2.000000,4.000000,4.000000,4.000000,4.000000,4.000000,4.000000,4.000000,4.000000,4.000000,4.000000,66.666664
1614076749.045484,124.000000,0.000000,-1.031193,1.330845,-2.202872,-4.524045,-15.810101,-13.162932,0.920777,-10.170877,-1.362529,-11.219667,-15.298710,-3.483033,-12.630601,-9.244961,-33.209652,105.872765,-5.761111,-14.672807,-8.510985,-91.080360,-29.773275,3.686082,-5.328165,1.283623,-3.323334,-2.786633,-7.099225,-0.998611,1.253620,6.544703,0.384940,13.202144,8064.000000,0.000000,4.000000,,,,0.000000,4.000000,4.000000,4.000000,4.000000,4.000000,4.000000,4.000000,4.000000,4.000000,4.000000,4.000000,4.000000,4.000000,4.000000,4.000000,4.000000,4.000000,4.000000,2.000000,4.000000,4.000000,2.000000,4.000000,4.000000,4.000000,4.000000,4.000000,4.000000,4.000000,4.000000,4.000000,4.000000,66.666664
1614076749.053233,125.000000,0.000000,-1.030162,2.867975,-1.687849,-4.519522,-15.281470,-13.149770,-3.182708,-19.904295,-1.873987,-11.208448,-19.898796,-8.094934,-18.771816,-12.825459,-35.740547,82.177147,-7.293811,-32.606853,-24.912731,-98.681587,-43.076836,2.143935,-8.912580,-0.768942,-2.807190,-3.296667,-7.092126,-3.048895,0.739546,1.922774,-3.718009,10.624839,8064.000000,0.000000,4.000000,,,,0.000000,4.000000,4.000000,4.000000,4.000000,4.000000,4.000000,4.000000,4.000000,4.000000,4.000000,4.000000,4.000000,4.000000,4.000000,4.000000,4.000000,4.000000,4.000000,2.000000,4.000000,4.000000,2.000000,4.000000,4.000000,4.000000,4.000000,4.000000,4.000000,4.000000,4.000000,4.000000,4.000000,66.666664
1614076749.061082,126.000000,0.000000,-1.029132,0.813825,-4.763084,-5.027822,-19.881573,-11.085338,-6.256448,-18.858751,-1.359292,-10.684419,-21.417358,-12.189404,-19.265865,-12.299813,-29.550959,68.761635,-6.773697,-32.574245,-17.708330,-99.095726,-49.700424,1.116150,-10.442129,-2.306635,-4.342844,-2.780550,-7.085033,-3.558666,-3.876578,0.382390,-6.791214,4.973188,8064.000000,0.000000,4.000000,,,,0.000000,4.000000,4.000000,4.000000,4.000000,4.000000,4.000000,4.000000,4.000000,4.000000,4.000000,4.000000,4.000000,4.000000,4.000000,4.000000,4.000000,4.000000,4.000000,2.000000,4.000000,4.000000,2.000000,4.000000,4.000000,4.000000,4.000000,4.000000,4.000000,4.000000,4.000000,4.000000,4.000000,66.666664
1614076749.068831,127.000000,0.000000,-1.028103,-6.879296,-9.373705,-7.586897,-29.092461,-18.766560,-5.737371,-9.609122,-1.357933,-10.160914,-16.267736,-10.638753,-13.092753,-6.646488,-19.264997,79.462105,-6.766923,-25.362185,0.258095,-97.970993,-46.060982,-8.115736,-9.918866,-2.304328,-6.389784,-2.264949,-6.052308,-3.042287,-6.949625,1.407648,-6.271602,1.891292,8064.000000,0.000000,4.000000,,,,0.000000,4.000000,4.000000,4.000000,4.000000,4.000000,4.000000,4.000000,4.000000,4.000000,4.000000,4.000000,4.000000,4.000000,4.000000,4.000000,4.000000,4.000000,4.000000,2.000000,4.000000,4.000000,2.000000,4.000000,4.000000,4.000000,4.000000,4.000000,4.000000,4.000000,4.000000,4.000000,4.000000,66.666664
1614076749.076480,0.000000,0.000000,-1.027075,-8.923699,-9.877152,-8.604952,-31.627470,-26.952921,-6.244454,-10.112334,-1.869396,-12.714856,-13.174545,-10.115294,-11.541199,-3.562918,-17.707272,83.485207,-5.734516,-9.439385,3.847581,-98.385841,-42.425175,-5.030697,-9.908947,-2.302024,-7.409035,-2.775504,-2.969332,-3.039245,-6.429854,0.893420,-6.265331,1.376580,0.000000,191.000000,4.000000,,,,0.000000,4.000000,4.000000,4.000000,4.000000,4.000000,4.000000,4.000000,4.000000,4.000000,4.000000,4.000000,4.000000,4.000000,4.000000,4.000000,4.000000,4.000000,4.000000,2.000000,4.000000,4.000000,2.000000,4.000000,4.000000,4.000000,4.000000,4.000000,4.000000,4.000000,4.000000,4.000000,4.000000,66.666664
1614076749.084229,1.000000,0.000000,-1.538868,-3.273750,-9.354454,-8.083526,-27.493279,-19.746481,-6.238210,-11.640683,-1.354706,-13.727782,-14.699832,-12.156461,-12.042479,-5.097817,-17.689564,97.760696,-7.267242,13.134156,1.279631,-95.723351,-40.331470,11.384590,-9.899038,-2.299722,-7.401626,-3.798370,-3.992004,-3.036206,-6.423424,0.379706,-5.746245,1.888024,0.000000,198.000000,4.000000,,,,0.000000,4.000000,4.000000,4.000000,4.000000,4.000000,4.000000,4.000000,4.000000,4.000000,4.000000,4.000000,4.000000,4.000000,4.000000,4.000000,4.000000,4.000000,4.000000,2.000000,4.000000,4.000000,2.000000,4.000000,4.000000,4.000000,4.000000,4.000000,4.000000,4.000000,4.000000,4.000000,4.000000,66.666664
1614076749.091878,2.000000,0.000000,-0.511688,-0.706373,-9.345100,-8.075442,-22.850401,-6.906222,-2.129407,-3.936735,1.210752,-9.098670,-13.659492,-9.067381,-7.415051,-4.067078,-12.030849,120.227043,-5.721514,15.172304,2.303992,-89.986603,-38.239857,9.834744,-9.889139,-2.297422,-6.881404,0.307993,-1.423909,-3.033170,-6.929821,1.404968,-3.176396,1.886136,0.000000,220.000000,4.000000,,,,0.000000,4.000000,4.000000,4.000000,4.000000,4.000000,4.000000,4.000000,4.000000,4.000000,4.000000,4.000000,4.000000,4.000000,4.000000,4.000000,4.000000,4.000000,4.000000,2.000000,4.000000,4.000000,2.000000,4.000000,4.000000,4.000000,4.000000,4.000000,4.000000,4.000000,4.000000,4.000000,4.000000,66.666664
1614076749.099627,3.000000,0.000000,2.052926,-2.244128,-9.848576,-8.067367,-18.212166,-4.335214,2.488107,0.169766,2.748002,-6.525468,-10.568909,-1.366006,-3.817893,-0.986088,-5.864972,113.952965,3.002156,5.413542,2.301688,-84.768410,-37.175976,-4.534065,-9.879251,-2.295125,-6.361702,1.333326,6.269822,-3.030136,-6.410071,1.403563,-2.147579,-0.167032,0.000000,181.000000,4.000000,,,,0.000000,4.000000,4.000000,4.000000,4.000000,4.000000,4.000000,4.000000,4.000000,4.000000,4.000000,4.000000,4.000000,4.000000,4.000000,4.000000,4.000000,4.000000,4.000000,2.000000,4.000000,4.000000,2.000000,4.000000,4.000000,4.000000,4.000000,4.000000,4.000000,4.000000,4.000000,4.000000,4.000000,66.666664
1614076749.107276,4.000000,0.000000,2.050873,-1.729064,-9.325907,-8.059299,-15.629851,-5.869340,0.947157,-3.932968,2.232434,-7.031764,-11.583981,0.173822,-4.326895,-2.010743,-6.371928,93.326195,8.127359,6.433770,4.863489,-82.119537,-37.651619,-5.042351,-9.869370,-2.292830,-7.893802,-4.821854,4.725091,-3.027106,-6.916481,0.889339,-2.658252,-1.705326,0.000000,185.000000,4.000000,,,,0.000000,4.000000,4.000000,4.000000,4.000000,4.000000,4.000000,4.000000,4.000000,4.000000,4.000000,4.000000,4.000000,4.000000,4.000000,4.000000,4.000000,4.000000,4.000000,2.000000,4.000000,4.000000,2.000000,4.000000,4.000000,4.000000,4.000000,4.000000,4.000000,4.000000,4.000000,4.000000,4.000000,66.666664
1614076749.115026,5.000000,0.000000,-0.515281,-1.214514,-9.316581,-8.051240,-14.588581,-5.863471,-2.130713,-4.954676,2.230201,-4.973450,-14.136499,-3.416096,-4.835389,-4.572835,-12.519402,91.181587,4.016668,8.478618,8.448369,-81.011780,-37.613968,-0.421925,-9.859502,-2.290537,-5.321805,-5.329852,-5.023224,-3.024079,-6.396745,3.452552,-2.655593,-1.703621,0.000000,198.000000,4.000000,,,,0.000000,4.000000,4.000000,4.000000,4.000000,4.000000,4.000000,4.000000,4.000000,4.000000,4.000000,4.000000,4.000000,4.000000,4.000000,4.000000,4.000000,4.000000,4.000000,2.000000,4.000000,4.000000,2.000000,4.000000,4.000000,4.000000,4.000000,4.000000,4.000000,4.000000,4.000000,4.000000,4.000000,66.666664
1614076749.122675,6.000000,0.000000,-1.540406,-1.726120,-9.820085,-8.043189,-12.009890,-1.242222,-2.128582,-7.001003,2.227971,-3.430015,-14.122363,-3.412680,-4.317733,-4.568262,-20.712011,92.628868,0.935728,2.829114,3.311716,-82.469231,-37.576355,-4.011246,-9.849642,-1.775426,-0.701099,4.931888,-7.069483,-3.021055,-4.339066,8.064484,-2.652938,-1.701918,0.000000,209.000000,4.000000,,,,0.000000,4.000000,4.000000,4.000000,4.000000,4.000000,4.000000,4.000000,4.000000,4.000000,4.000000,4.000000,4.000000,4.000000,4.000000,4.000000,4.000000,4.000000,4.000000,2.000000,4.000000,4.000000,2.000000,4.000000,4.000000,4.000000,4.000000,4.000000,4.000000,4.000000,4.000000,4.000000,4.000000,66.666664
1614076749.130424,7.000000,0.000000,-1.026045,-1.724394,-8.271803,-8.035146,-10.972239,5.938507,-1.613633,-12.635028,2.225743,-6.503508,-14.108241,-2.896446,-4.826236,-5.076514,-23.768221,84.843925,-1.629310,1.287823,2.282763,-87.514969,-37.538776,-9.648260,-9.326972,-3.824932,-1.726039,9.029520,-8.088055,-3.018034,-2.796265,9.082061,-2.650285,-1.700216,0.000000,173.000000,4.000000,,,,0.000000,4.000000,4.000000,4.000000,4.000000,4.000000,4.000000,4.000000,4.000000,4.000000,4.000000,4.000000,4.000000,4.000000,4.000000,4.000000,4.000000,4.000000,4.000000,2.000000,4.000000,4.000000,2.000000,4.000000,4.000000,4.000000,4.000000,4.000000,4.000000,4.000000,4.000000,4.000000,4.000000,66.666664
1614076749.138073,8.000000,0.000000,-1.025019,-1.722670,-5.699429,-8.027111,-11.474087,3.368466,-2.124840,-11.083931,2.223517,-7.009825,-13.581312,-3.406371,-4.821410,-4.558617,-21.180351,89.887291,-5.217424,5.901920,18.690737,-89.991554,-37.501240,-14.766817,-9.830465,-5.872389,-6.852518,4.405106,-10.644069,-3.015016,-2.793469,8.560158,-2.647635,-1.698515,0.000000,183.000000,4.000000,,,,0.000000,4.000000,4.000000,4.000000,4.000000,4.000000,4.000000,4.000000,4.000000,4.000000,4.000000,4.000000,4.000000,4.000000,4.000000,4.000000,4.000000,4.000000,4.000000,2.000000,4.000000,4.000000,2.000000,4.000000,4.000000,4.000000,4.000000,4.000000,4.000000,4.000000,4.000000,4.000000,4.000000,66.666664
1614076749.145822,9.000000,0.000000,-1.023994,-1.720947,-5.180909,-8.019084,-11.462613,-1.250287,-2.122715,-3.380540,2.221294,-3.413071,-11.516449,-3.402964,-3.790947,-0.451494,-18.082247,105.182022,-4.186566,0.767813,22.774611,-88.363098,-37.463737,-10.649487,-9.820635,-5.866517,-7.358486,3.887880,-6.018040,-3.012001,-0.739393,9.064418,-2.644987,-1.696817,0.000000,200.000000,4.000000,,,,0.000000,4.000000,4.000000,4.000000,4.000000,4.000000,4.000000,4.000000,4.000000,4.000000,4.000000,4.000000,4.000000,4.000000,4.000000,4.000000,4.000000,4.000000,4.000000,2.000000,4.000000,4.000000,2.000000,4.000000,4.000000,4.000000,4.000000,4.000000,4.000000,4.000000,4.000000,4.000000,4.000000,66.666664
1614076749.153471,10.000000,0.000000,-1.535791,-1.719226,-5.688548,-8.011065,-11.451150,-1.249037,-2.120593,-2.351518,2.219073,-2.896838,-9.966471,-3.912382,-5.838438,3.651521,-19.602627,97.384529,-3.669559,-14.104750,-1.863549,-93.915764,-37.426273,1.156035,-9.297994,-5.860651,-6.325486,5.422454,-5.499202,-3.008989,1.312628,9.055354,-2.642342,-1.695120,0.000000,201.000000,4.000000,,,,0.000000,4.000000,4.000000,4.000000,4.000000,4.000000,4.000000,4.000000,4.000000,4.000000,4.000000,4.000000,4.000000,4.000000,4.000000,4.000000,4.000000,4.000000,4.000000,2.000000,4.000000,4.000000,2.000000,4.000000,4.000000,4.000000,4.000000,4.000000,4.000000,4.000000,4.000000,4.000000,4.000000,66.666664
1614076749.161220,11.000000,0.000000,-4.611178,-1.717507,-5.682859,-8.003054,-12.978161,-6.375993,-2.118472,-5.938910,2.216854,-3.406761,-10.469324,-5.959752,-8.909523,3.135049,-19.070204,82.928169,-8.281274,-17.680389,-16.220659,-103.052620,-37.388847,-2.434865,-11.339978,-5.854790,-6.831982,2.852929,-12.160369,-3.005980,1.311315,9.046298,-2.639700,-1.693425,0.000000,186.000000,4.000000,,,,0.000000,4.000000,4.000000,4.000000,4.000000,4.000000,4.000000,4.000000,4.000000,4.000000,4.000000,4.000000,4.000000,4.000000,4.000000,4.000000,4.000000,4.000000,4.000000,2.000000,4.000000,4.000000,2.000000,4.000000,4.000000,4.000000,4.000000,4.000000,4.000000,4.000000,4.000000,4.000000,4.000000,66.666664
1614076749.168870,12.000000,0.000000,-5.119388,-1.715789,-5.677176,-7.995050,-15.529285,-16.113207,-2.116354,-5.932971,2.214637,-2.890534,-10.458856,-7.492253,-5.310870,3.131914,-11.871646,95.665756,-10.837095,-9.970401,-3.896747,-103.975204,-37.864281,-16.278584,-12.867100,-5.848935,-7.337970,0.285973,-8.045645,-3.002974,0.797184,8.524431,-2.637060,-1.691732,0.000000,190.000000,4.000000,,,,0.000000,4.000000,4.000000,4.000000,4.000000,4.000000,4.000000,4.000000,4.000000,4.000000,4.000000,4.000000,4.000000,4.000000,4.000000,4.000000,4.000000,4.000000,4.000000,2.000000,4.000000,4.000000,2.000000,4.000000,4.000000,4.000000,4.000000,4.000000,4.000000,4.000000,4.000000,4.000000,4.000000,66.666664
1614076749.176619,13.000000,0.000000,-2.037345,-1.714074,-5.671499,-7.987055,-16.026577,-17.635555,-2.114237,-4.901397,2.212422,-3.913285,-9.935575,-6.971941,-1.202995,2.615962,-7.757210,101.211113,-10.313437,-6.883507,7.389201,-98.230202,-35.262314,-8.569998,-10.802950,-5.843086,-6.817811,-0.227133,1.193170,-2.999971,0.796386,8.003087,-2.634423,-1.690040,0.000000,184.000000,4.000000,,,,0.000000,4.000000,4.000000,4.000000,4.000000,4.000000,4.000000,4.000000,4.000000,4.000000,4.000000,4.000000,4.000000,4.000000,4.000000,4.000000,4.000000,4.000000,4.000000,2.000000,4.000000,4.000000,2.000000,4.000000,4.000000,4.000000,4.000000,4.000000,4.000000,4.000000,4.000000,4.000000,4.000000,66.666664
1614076749.184268,14.000000,0.000000,-2.548128,-1.712359,-5.665828,-7.979068,-15.497729,-16.079458,-2.112123,-5.409317,2.210210,-6.473474,-10.438460,-7.477789,-4.791535,-4.053321,-12.364838,78.545799,-10.303124,-4.825342,6.356171,-92.490952,-33.175766,10.925752,-9.253686,-5.837243,-6.810994,0.798735,0.166336,-2.996971,0.795590,5.943801,-2.631788,-1.688350,0.000000,193.000000,4.000000,,,,0.000000,4.000000,4.000000,4.000000,4.000000,4.000000,4.000000,4.000000,4.000000,4.000000,4.000000,4.000000,4.000000,4.000000,4.000000,4.000000,4.000000,4.000000,4.000000,2.000000,4.000000,4.000000,2.000000,4.000000,4.000000,4.000000,4.000000,4.000000,4.000000,4.000000,4.000000,4.000000,4.000000,66.666664
1614076749.192017,15.000000,0.000000,-3.571221,-2.223468,-5.660162,-8.483910,-15.482231,-17.089020,-2.110011,-5.403907,2.207999,-7.492641,-10.428022,-6.957491,-8.376488,-8.664652,-14.916575,78.467255,-5.677436,-3.282055,-8.009160,-88.808716,-35.706696,15.530210,-9.244432,-5.831406,-6.804183,0.797936,-3.936394,-2.993974,0.794794,1.835294,-3.141977,-1.686661,0.000000,208.000000,4.000000,,,,0.000000,4.000000,4.000000,4.000000,4.000000,4.000000,4.000000,4.000000,4.000000,4.000000,4.000000,4.000000,4.000000,4.000000,4.000000,4.000000,4.000000,4.000000,4.000000,2.000000,4.000000,4.000000,2.000000,4.000000,4.000000,4.000000,4.000000,4.000000,4.000000,4.000000,4.000000,4.000000,4.000000,66.666664
1614076749.199666,16.000000,0.000000,-4.593291,-1.708424,-5.654502,-7.962605,-15.466749,-15.533469,-1.595080,-5.398503,2.205791,-6.459508,-9.904774,-6.437713,-7.855290,-9.168808,-14.388839,94.799042,-2.594836,-15.073645,-24.411407,-88.207085,-37.209450,11.924937,-9.235188,-5.825574,-7.310199,-0.228503,-2.393996,-2.990980,0.794000,-2.781926,-1.600374,-1.684975,0.000000,210.000000,4.000000,,,,0.000000,4.000000,4.000000,4.000000,4.000000,4.000000,4.000000,4.000000,4.000000,4.000000,4.000000,4.000000,4.000000,4.000000,4.000000,4.000000,4.000000,4.000000,4.000000,2.000000,4.000000,4.000000,2.000000,4.000000,4.000000,4.000000,4.000000,4.000000,4.000000,4.000000,4.000000,4.000000,4.000000,66.666664
1614076749.207515,17.000000,0.000000,-6.127159,0.344567,-5.648848,-3.852079,-15.451283,-13.466654,-2.106306,-5.393105,2.203586,-6.965869,-10.920510,-7.969737,-9.385897,-9.159639,-16.425732,83.935013,-3.105062,-18.648314,-10.028022,-88.631699,-33.069675,8.836089,-9.738773,-5.306928,-6.277248,1.310187,-2.391602,-2.987989,1.306026,-2.779144,0.452509,-2.196110,0.000000,200.000000,4.000000,,,,0.000000,4.000000,4.000000,4.000000,4.000000,4.000000,4.000000,4.000000,4.000000,4.000000,4.000000,4.000000,4.000000,4.000000,4.000000,4.000000,4.000000,4.000000,4.000000,2.000000,4.000000,4.000000,2.000000,4.000000,4.000000,4.000000,4.000000,4.000000,4.000000,4.000000,4.000000,4.000000,4.000000,66.666664
1614076749.215264,18.000000,0.000000,-1.505647,1.882684,-5.643198,-0.771303,-15.948651,-11.401905,-2.104199,-2.310788,1.688562,-7.984544,-10.396770,-6.423306,-9.376511,-4.535095,-11.793921,80.774155,2.539069,4.960077,19.212776,-84.953323,-28.934042,5.750330,-9.729034,-3.250339,-4.219688,5.924262,-2.902031,-2.985001,0.791900,-0.212263,0.964877,-1.681094,0.000000,198.000000,4.000000,,,,0.000000,4.000000,4.000000,4.000000,4.000000,4.000000,4.000000,4.000000,4.000000,4.000000,4.000000,4.000000,4.000000,4.000000,4.000000,4.000000,4.000000,4.000000,4.000000,2.000000,4.000000,4.000000,2.000000,4.000000,4.000000,4.000000,4.000000,4.000000,4.000000,4.000000,4.000000,4.000000,4.000000,66.666664
1614076749.223113,19.000000,0.000000,4.649704,2.393622,-5.637556,-0.257712,-14.394241,-6.775118,-1.589275,-2.308478,2.199693,-4.899636,-7.309449,-0.775856,-6.290211,2.648927,-11.782127,88.385689,8.177556,9.057681,10.475615,-86.406830,-29.930748,9.847143,-8.693665,0.342655,-2.677007,8.995260,-2.386309,-2.469196,1.303928,1.326411,0.963912,0.371870,0.000000,205.000000,4.000000,,,,0.000000,4.000000,4.000000,4.000000,4.000000,4.000000,4.000000,4.000000,4.000000,4.000000,4.000000,4.000000,4.000000,4.000000,4.000000,4.000000,4.000000,4.000000,4.000000,2.000000,4.000000,4.000000,2.000000,4.000000,4.000000,4.000000,4.000000,4.000000,4.000000,4.000000,4.000000,4.000000,4.000000,66.666664
1614076749.230862,20.000000,0.000000,-2.534432,1.365587,-5.631918,-0.770274,-11.815744,-5.229882,-3.638968,-5.895913,3.223135,-2.843455,-7.814960,-3.339183,-16.540331,1.107817,-25.103678,67.271660,1.502712,-19.156504,-8.509220,-95.551193,-32.977741,7.786015,-12.787535,1.880774,-3.187151,7.447804,-5.460845,-4.005188,1.302624,1.325085,1.475769,2.422780,0.000000,201.000000,4.000000,,,,0.000000,4.000000,4.000000,4.000000,4.000000,4.000000,4.000000,4.000000,4.000000,4.000000,4.000000,4.000000,4.000000,4.000000,4.000000,4.000000,4.000000,4.000000,4.000000,2.000000,4.000000,4.000000,2.000000,4.000000,4.000000,4.000000,4.000000,4.000000,4.000000,4.000000,4.000000,4.000000,4.000000,66.666664
1614076749.238711,21.000000,0.000000,-12.788308,-0.687061,-6.139106,-0.769504,-11.803929,-8.301575,-7.225072,-8.966940,0.142989,-9.507277,-11.396889,-10.515331,-26.267380,0.081068,-26.104216,68.742851,-6.703919,-14.521963,5.858263,-99.558205,-33.457584,-10.170489,-17.902952,-0.172389,-3.696784,4.876254,-9.045128,-6.565285,-2.801243,1.323760,-2.115451,1.907536,0.000000,193.000000,4.000000,,,,0.000000,4.000000,4.000000,4.000000,4.000000,4.000000,4.000000,4.000000,4.000000,4.000000,4.000000,4.000000,4.000000,4.000000,4.000000,4.000000,4.000000,4.000000,4.000000,2.000000,4.000000,4.000000,2.000000,4.000000,4.000000,4.000000,4.000000,4.000000,4.000000,4.000000,4.000000,4.000000,4.000000,66.666664
1614076749.246460,22.000000,0.000000,-9.185777,-2.224835,-4.594506,-0.255914,-11.792125,-8.806093,-10.294770,-9.983614,-1.908436,-14.113155,-6.770107,-7.427893,-10.856498,11.875858,-6.078112,101.494621,-4.645933,12.159225,19.185738,-97.407364,-33.424126,-12.211601,-12.756845,-2.223499,-2.667446,4.358557,-8.010442,-7.071541,-6.901005,1.322436,-6.728720,1.905629,0.000000,191.000000,4.000000,,,,0.000000,4.000000,4.000000,4.000000,4.000000,4.000000,4.000000,4.000000,4.000000,4.000000,4.000000,4.000000,4.000000,4.000000,4.000000,4.000000,4.000000,4.000000,4.000000,2.000000,4.000000,4.000000,2.000000,4.000000,4.000000,4.000000,4.000000,4.000000,4.000000,4.000000,4.000000,4.000000,4.000000,66.666664
1614076749.254309,23.000000,0.000000,-3.022744,-1.709790,-2.538629,2.308444,-9.216230,-5.207544,-9.258835,-6.383887,5.272959,-7.432375,1.954611,0.271843,6.590256,21.094751,-0.431008,104.982872,-1.564364,0.865015,9.422963,-93.720215,-33.390701,7.800611,-3.000498,-2.221276,-0.613497,4.867019,-5.951149,-6.551649,-6.894104,1.321113,-5.696350,1.903723,0.000000,195.000000,4.000000,,,,0.000000,4.000000,4.000000,4.000000,4.000000,4.000000,4.000000,4.000000,4.000000,4.000000,4.000000,4.000000,4.000000,4.000000,4.000000,4.000000,4.000000,4.000000,4.000000,2.000000,4.000000,4.000000,2.000000,4.000000,4.000000,4.000000,4.000000,4.000000,4.000000,4.000000,4.000000,4.000000,4.000000,66.666664
1614076749.262058,24.000000,0.000000,-4.558183,-1.708080,-1.510450,3.331777,-7.668552,-4.689516,-6.685473,-3.813400,8.344609,-2.296738,6.568041,1.297212,2.481102,15.432631,-8.122885,73.595840,-3.101262,-10.417901,6.336617,-88.498291,-31.306030,12.921015,-2.997497,-2.219054,0.925578,4.862152,-6.458019,-6.545097,-6.374390,1.319792,-2.613731,1.901819,0.000000,194.000000,4.000000,,,,0.000000,4.000000,4.000000,4.000000,4.000000,4.000000,4.000000,4.000000,4.000000,4.000000,4.000000,4.000000,4.000000,4.000000,4.000000,4.000000,4.000000,4.000000,4.000000,2.000000,4.000000,4.000000,2.000000,4.000000,4.000000,4.000000,4.000000,4.000000,4.000000,4.000000,4.000000,4.000000,4.000000,66.666664
1614076749.269907,25.000000,0.000000,-5.579266,-1.706372,-2.021760,0.251522,-8.173704,-5.197647,-5.653146,-10.989074,-0.381684,-3.320082,4.510191,0.270274,-2.649585,9.263352,-3.499377,92.496597,-3.098160,14.207901,9.920024,-84.307228,-29.223442,-0.938060,-6.071423,-2.216835,0.411832,0.754725,-6.964382,-6.538552,-6.880836,1.318473,-2.611117,1.899918,0.000000,205.000000,4.000000,,,,0.000000,4.000000,4.000000,4.000000,4.000000,4.000000,4.000000,4.000000,4.000000,4.000000,4.000000,4.000000,4.000000,4.000000,4.000000,4.000000,4.000000,4.000000,4.000000,2.000000,4.000000,4.000000,2.000000,4.000000,4.000000,4.000000,4.000000,4.000000,4.000000,4.000000,4.000000,4.000000,4.000000,66.666664
1614076749.277656,26.000000,0.000000,-4.035225,-1.704666,-2.019738,-1.287191,-8.165531,-5.192449,-5.647493,-19.696033,-6.535149,-3.316762,-2.673806,-0.755637,-0.082832,9.766910,0.606686,107.275902,-2.069421,18.296257,9.910104,-83.197281,-29.707039,-6.578147,-5.552531,-2.214618,0.411420,-2.835773,-6.444597,-6.532013,-6.873955,1.317154,-3.121326,1.898018,0.000000,137.000000,4.000000,,,,0.000000,4.000000,4.000000,4.000000,4.000000,4.000000,4.000000,4.000000,4.000000,4.000000,4.000000,4.000000,4.000000,4.000000,4.000000,4.000000,4.000000,4.000000,4.000000,2.000000,4.000000,4.000000,2.000000,4.000000,4.000000,4.000000,4.000000,4.000000,4.000000,4.000000,4.000000,4.000000,4.000000,66.666664
1614076749.285505,27.000000,0.000000,-4.031190,-1.702961,-2.017718,-0.260263,-7.644545,-5.187257,-5.641846,-16.086594,-4.477331,-3.313445,-9.850619,-4.857446,-5.723775,10.782784,-11.188792,74.860931,-2.580172,-3.773321,15.541220,-83.114082,-29.164511,-4.007467,-6.572619,-2.212404,0.411009,-3.345758,-6.438152,-6.525481,-6.354260,1.315837,-2.605385,1.896120,0.000000,206.000000,4.000000,,,,0.000000,4.000000,4.000000,4.000000,4.000000,4.000000,4.000000,4.000000,4.000000,4.000000,4.000000,4.000000,4.000000,4.000000,4.000000,4.000000,4.000000,4.000000,4.000000,2.000000,4.000000,4.000000,4.000000,4.000000,4.000000,4.000000,4.000000,4.000000,4.000000,4.000000,4.000000,4.000000,4.000000,83.333336
1614076749.293254,28.000000,0.000000,-4.027159,-1.701258,-2.015700,-3.336926,-8.149721,-5.182070,-5.636204,-11.967943,-4.985674,-6.387055,-10.866410,-7.416691,-12.384718,9.746361,-19.895552,47.606583,-5.141695,-9.410573,7.320550,-88.159172,-30.673807,-4.516280,-9.642969,-2.210191,0.410598,-2.829591,-6.431714,-6.518956,-6.347906,1.314521,-2.602779,1.894224,0.000000,173.000000,4.000000,,,,0.000000,4.000000,4.000000,4.000000,4.000000,4.000000,4.000000,4.000000,4.000000,4.000000,4.000000,4.000000,4.000000,4.000000,4.000000,4.000000,4.000000,4.000000,4.000000,2.000000,4.000000,4.000000,4.000000,4.000000,4.000000,4.000000,4.000000,4.000000,4.000000,4.000000,4.000000,4.000000,4.000000,83.333336
1614076749.301103,29.000000,0.000000,-5.048773,-1.699557,-2.013685,-3.333589,-8.141571,-5.176888,-5.630568,-16.058540,-5.493509,-7.406309,-9.829903,-6.896454,-12.885154,7.685332,-18.337194,54.225643,-6.675014,-13.503727,-16.276514,-96.788963,-35.771339,-5.537405,-10.146147,-2.207981,0.410187,-3.339582,-6.425282,-6.512437,-6.854379,1.313207,-2.600177,1.892329,0.000000,198.000000,4.000000,,,,0.000000,4.000000,4.000000,4.000000,4.000000,4.000000,4.000000,4.000000,4.000000,4.000000,4.000000,4.000000,4.000000,4.000000,4.000000,4.000000,4.000000,4.000000,4.000000,2.000000,4.000000,4.000000,4.000000,4.000000,4.000000,4.000000,4.000000,4.000000,4.000000,4.000000,4.000000,4.000000,4.000000,83.333336
1614076749.308852,30.000000,0.000000,-4.018083,-1.697857,-2.011671,3.336411,-8.133430,-5.171710,-5.624937,-17.068123,-1.898272,-6.373261,-10.845714,-6.889557,-11.333807,6.139185,-17.806038,57.761162,-6.155519,-18.618429,-10.106392,-99.256279,-37.274029,-5.531867,-9.623180,-2.205773,0.409777,-3.336243,-6.418857,-6.505924,-5.309063,1.311893,-2.597576,1.890437,0.000000,194.000000,4.000000,,,,0.000000,4.000000,4.000000,4.000000,4.000000,4.000000,4.000000,4.000000,4.000000,4.000000,4.000000,4.000000,4.000000,4.000000,4.000000,4.000000,4.000000,4.000000,4.000000,2.000000,4.000000,4.000000,4.000000,4.000000,4.000000,4.000000,4.000000,4.000000,4.000000,4.000000,4.000000,4.000000,4.000000,83.333336
1614076749.316502,31.000000,0.000000,-4.014065,-1.696159,-2.009659,7.435639,-8.125296,-5.679359,-5.619312,-10.897208,-2.409194,-7.392529,-10.834867,-7.395488,-9.271192,5.620225,-18.813871,73.600838,-6.149364,0.374549,14.519099,-96.080093,-33.134190,-5.013515,-9.613557,-1.690747,0.409367,-2.820086,-6.412438,-6.499418,-3.252472,1.310581,-2.594979,1.375726,0.000000,201.000000,4.000000,,,,0.000000,4.000000,4.000000,4.000000,4.000000,4.000000,4.000000,4.000000,4.000000,4.000000,4.000000,4.000000,4.000000,4.000000,4.000000,4.000000,4.000000,4.000000,4.000000,2.000000,4.000000,4.000000,4.000000,4.000000,4.000000,4.000000,4.000000,4.000000,4.000000,4.000000,4.000000,4.000000,4.000000,83.333336
1614076749.324251,32.000000,0.000000,-9.138256,-1.694463,-2.007650,6.402563,-8.117170,-5.160860,-5.613693,-7.809388,-4.970888,-6.872316,-10.311213,-6.875272,-5.672176,6.127426,-18.795059,93.014412,-6.143214,2.938277,5.273811,-95.984016,-34.639519,-5.521322,-9.603944,-2.201877,0.408958,-2.817266,-5.893205,-6.492919,-2.223578,1.309271,-2.592384,1.887171,8064.000000,0.000000,4.000000,,,,0.000000,4.000000,4.000000,4.000000,4.000000,4.000000,4.000000,4.000000,4.000000,4.000000,4.000000,4.000000,4.000000,4.000000,4.000000,4.000000,4.000000,4.000000,4.000000,2.000000,4.000000,4.000000,4.000000,4.000000,4.000000,4.000000,4.000000,4.000000,4.000000,4.000000,4.000000,4.000000,4.000000,83.333336
1614076749.331900,33.000000,0.000000,-11.693220,-1.692769,-2.005642,6.908980,-7.596233,-2.591596,-5.608079,-8.314399,-0.863353,-3.788521,-10.300901,-6.868397,-4.128043,6.121298,-18.263443,79.588066,-6.137071,-25.782610,-19.859667,-98.964958,-41.271545,-5.002980,-9.594339,-3.738136,0.408549,-2.814449,-6.400132,-6.486426,-2.734175,1.820782,-2.589791,2.398104,8064.000000,0.000000,4.000000,,,,0.000000,4.000000,4.000000,4.000000,4.000000,4.000000,4.000000,4.000000,4.000000,4.000000,4.000000,4.000000,4.000000,4.000000,4.000000,4.000000,4.000000,4.000000,4.000000,2.000000,4.000000,4.000000,4.000000,4.000000,4.000000,4.000000,4.000000,4.000000,4.000000,4.000000,4.000000,4.000000,4.000000,83.333336
1614076749.339649,34.000000,0.000000,-7.578963,-1.691076,-2.003636,5.876431,-7.588637,-1.050543,-5.602471,-9.844545,3.240075,-4.297553,-10.290600,-6.861529,-4.636735,5.602356,-18.757999,62.072582,-6.643754,-23.192724,-16.250065,-99.891632,-39.178993,-4.997977,-9.584745,-5.785680,0.408140,-2.811634,-6.906553,-3.915837,-2.218621,1.306141,-2.587202,1.370065,8064.000000,0.000000,4.000000,,,,0.000000,4.000000,4.000000,4.000000,4.000000,4.000000,4.000000,4.000000,4.000000,4.000000,4.000000,4.000000,4.000000,4.000000,4.000000,4.000000,4.000000,4.000000,4.000000,2.000000,4.000000,4.000000,4.000000,4.000000,4.000000,4.000000,4.000000,4.000000,4.000000,4.000000,4.000000,4.000000,4.000000,83.333336
1614076749.347298,35.000000,0.000000,-3.981640,-2.202205,-2.514453,3.306452,-10.657971,-1.562313,-5.596869,-8.809060,2.211194,-7.370178,-10.793130,-6.854667,-5.144919,5.083933,-18.739243,70.215637,-6.637111,2.471494,-2.387661,-90.560974,-28.370583,-5.505799,-9.575161,-6.292715,0.407732,-2.808822,-3.309903,-2.886280,-2.729223,0.792014,-2.584614,1.881516,8064.000000,0.000000,4.000000,,,,0.000000,4.000000,4.000000,4.000000,4.000000,4.000000,4.000000,4.000000,4.000000,4.000000,4.000000,4.000000,4.000000,4.000000,4.000000,4.000000,4.000000,4.000000,4.000000,2.000000,4.000000,4.000000,4.000000,4.000000,4.000000,4.000000,4.000000,4.000000,4.000000,4.000000,4.000000,4.000000,4.000000,83.333336
1614076749.355047,36.000000,0.000000,-4.490479,-1.687183,-2.511939,4.841607,-11.672955,-1.047930,-5.591272,-7.261790,2.721803,-7.362808,-10.269517,-6.847813,-4.114133,6.104491,-17.694862,82.453110,-5.604832,-10.351491,0.178830,-77.137077,-23.726828,-4.474653,-9.565585,-5.773602,0.407325,-2.806014,1.308792,-2.883394,-2.726493,1.816863,-3.094850,6.495018,8064.000000,0.000000,4.000000,,,,0.000000,4.000000,4.000000,4.000000,4.000000,4.000000,4.000000,4.000000,4.000000,4.000000,4.000000,4.000000,4.000000,4.000000,4.000000,4.000000,4.000000,4.000000,4.000000,2.000000,4.000000,4.000000,4.000000,4.000000,4.000000,4.000000,4.000000,4.000000,4.000000,4.000000,4.000000,4.000000,4.000000,83.333336
1614076749.362696,37.000000,0.000000,-4.485989,-1.172675,-1.483786,5.862406,-10.635640,-3.098164,-5.585680,-13.408374,2.206260,-7.355445,-9.746427,-6.328144,-3.084378,7.124027,-18.189987,80.319374,-6.624868,-28.802677,-2.385452,-75.008659,-27.805664,0.145207,-9.043200,-5.767828,0.406917,-2.803208,-1.256619,-2.367690,-2.210946,1.302226,-2.578935,9.052627,8064.000000,0.000000,4.000000,,,,0.000000,4.000000,4.000000,4.000000,4.000000,4.000000,4.000000,4.000000,4.000000,4.000000,4.000000,4.000000,4.000000,4.000000,4.000000,4.000000,4.000000,4.000000,4.000000,2.000000,4.000000,4.000000,4.000000,4.000000,4.000000,4.000000,4.000000,4.000000,4.000000,4.000000,4.000000,4.000000,4.000000,83.333336
1614076749.370446,38.000000,0.000000,-5.507144,-3.222784,-3.533584,1.753980,-15.753210,-8.223271,-5.580095,-20.061632,-2.924151,-10.937834,-11.275142,-7.347457,-5.645396,4.552801,-18.684618,74.598030,-5.592603,-10.825157,-2.895887,-82.113136,-31.880423,3.221984,-9.546977,-5.762060,0.406510,-2.800405,-6.896389,-4.416605,-6.311299,-3.827281,-2.576356,5.966650,8064.000000,0.000000,4.000000,,,,0.000000,4.000000,4.000000,4.000000,4.000000,4.000000,4.000000,4.000000,4.000000,4.000000,4.000000,4.000000,4.000000,4.000000,4.000000,4.000000,4.000000,4.000000,4.000000,2.000000,4.000000,4.000000,4.000000,4.000000,4.000000,4.000000,4.000000,4.000000,4.000000,4.000000,4.000000,4.000000,4.000000,83.333336
1614076749.378095,39.000000,0.000000,-6.527277,-5.783664,-2.504410,-1.324697,-18.301559,-9.240689,-5.574515,-12.862083,-4.972509,-9.901255,-8.699764,-6.827289,-4.614110,9.676453,-12.512087,86.318306,4.156579,9.185668,4.799317,-82.543846,-32.361362,2.705942,-10.050250,-6.269119,0.406104,-3.310425,-6.376671,-5.950649,-9.894732,-4.849095,-3.599421,4.935043,8064.000000,0.000000,4.000000,,,,0.000000,4.000000,4.000000,4.000000,4.000000,4.000000,4.000000,4.000000,4.000000,4.000000,4.000000,4.000000,4.000000,4.000000,4.000000,4.000000,4.000000,4.000000,4.000000,2.000000,4.000000,4.000000,4.000000,4.000000,4.000000,4.000000,4.000000,4.000000,4.000000,4.000000,4.000000,4.000000,4.000000,83.333336
1614076749.385844,40.000000,0.000000,-2.931007,-2.700957,6.216043,-1.836193,-8.026847,-6.154525,-5.568940,-1.054350,-1.890613,-0.660584,-1.511577,-2.205077,5.134094,23.000111,-5.320088,106.744812,9.280628,9.689303,14.538107,-77.845917,-31.816181,2.190416,-5.424816,-3.698747,0.918518,-1.768653,-2.780551,-1.842135,-6.807914,0.283959,-2.057360,7.494210,8064.000000,0.000000,4.000000,,,,0.000000,4.000000,4.000000,4.000000,4.000000,4.000000,4.000000,4.000000,4.000000,4.000000,4.000000,4.000000,4.000000,4.000000,4.000000,4.000000,4.000000,4.000000,4.000000,2.000000,4.000000,4.000000,4.000000,4.000000,4.000000,4.000000,4.000000,4.000000,4.000000,4.000000,4.000000,4.000000,4.000000,83.333336
1614076749.393493,41.000000,0.000000,-1.389614,1.404308,12.876494,-0.808716,0.186308,-5.122730,-5.563371,-0.540475,-0.863082,4.468281,-0.997245,0.361230,3.077678,22.464289,-8.391691,92.791908,1.066219,1.987306,6.831261,-81.870636,-32.297184,2.701046,-2.855288,1.433157,0.917600,0.797219,-2.264950,1.749451,-2.698542,2.334957,4.611364,9.537998,8064.000000,0.000000,4.000000,,,,0.000000,4.000000,4.000000,4.000000,4.000000,4.000000,4.000000,4.000000,4.000000,4.000000,4.000000,4.000000,4.000000,4.000000,4.000000,4.000000,4.000000,4.000000,4.000000,2.000000,4.000000,4.000000,4.000000,4.000000,4.000000,4.000000,4.000000,4.000000,4.000000,4.000000,4.000000,4.000000,4.000000,83.333336
1614076749.401342,42.000000,0.000000,-3.952327,2.428545,12.863618,2.781836,-3.916443,-5.117607,-5.557808,-2.078396,-1.887859,1.386890,-8.175735,-3.228874,-13.335656,8.082850,-18.639709,61.417068,-7.139975,-5.194169,-1.893519,-90.506714,-33.290531,2.698344,-7.467817,-0.106738,0.403862,1.309242,-4.313967,-0.303580,-2.695843,1.306981,9.222137,12.605383,8064.000000,0.000000,4.000000,,,,0.000000,4.000000,4.000000,4.000000,4.000000,4.000000,4.000000,4.000000,4.000000,4.000000,4.000000,4.000000,4.000000,4.000000,4.000000,4.000000,4.000000,4.000000,4.000000,2.000000,4.000000,4.000000,4.000000,4.000000,4.000000,4.000000,4.000000,4.000000,4.000000,4.000000,4.000000,4.000000,4.000000,83.333336
1614076749.409091,43.000000,0.000000,-4.974016,1.913295,13.876395,6.368798,-3.912526,-2.035566,-5.552250,-1.050676,-1.373151,0.359862,-11.244482,-6.815389,-15.373603,3.459383,-22.210814,66.483856,-6.107194,-4.676154,5.800683,-90.929024,-32.231598,1.670005,-8.998811,-5.234837,0.916278,0.795112,-6.360935,-2.867379,-3.205968,1.305674,8.700095,16.182522,8064.000000,0.000000,4.000000,,,,0.000000,4.000000,4.000000,4.000000,4.000000,4.000000,4.000000,4.000000,4.000000,4.000000,4.000000,4.000000,4.000000,4.000000,4.000000,4.000000,4.000000,4.000000,4.000000,2.000000,4.000000,4.000000,4.000000,4.000000,4.000000,4.000000,4.000000,4.000000,4.000000,4.000000,4.000000,4.000000,4.000000,83.333336
1614076749.416940,44.000000,0.000000,-3.943401,0.885741,16.426620,6.362429,-0.318870,-1.520710,-5.546698,-4.639369,-3.423060,1.385143,-9.694777,-6.295753,-10.742845,6.532847,-21.675781,76.160957,-5.588266,-14.927888,-2.410246,-89.812454,-34.250648,-1.921408,-7.451351,-5.742422,0.915362,0.794317,-6.354575,-3.890153,-2.689942,-0.746914,8.178575,16.679159,8064.000000,0.000000,4.000000,,,,0.000000,4.000000,4.000000,4.000000,4.000000,4.000000,4.000000,4.000000,4.000000,4.000000,4.000000,4.000000,4.000000,4.000000,4.000000,4.000000,4.000000,4.000000,4.000000,2.000000,4.000000,4.000000,4.000000,4.000000,4.000000,4.000000,4.000000,4.000000,4.000000,4.000000,4.000000,4.000000,4.000000,83.333336
1614076749.424689,45.000000,0.000000,-3.939457,-1.166427,13.846092,6.868887,-3.908295,-4.083292,-5.541151,-9.250114,-4.958098,-1.693165,-10.197902,-7.827919,-16.373127,1.910929,-24.218208,53.520699,-7.633960,-44.143730,-27.536041,-97.927773,-43.447166,-4.996410,-8.982361,-6.249500,-4.726579,0.793523,-6.348220,-5.937545,-2.174431,-2.284628,8.683216,16.149660,8064.000000,0.000000,4.000000,,,,0.000000,4.000000,4.000000,4.000000,4.000000,4.000000,4.000000,4.000000,4.000000,4.000000,4.000000,4.000000,4.000000,4.000000,4.000000,4.000000,4.000000,4.000000,4.000000,2.000000,4.000000,4.000000,4.000000,4.000000,4.000000,4.000000,4.000000,4.000000,4.000000,4.000000,4.000000,4.000000,4.000000,83.333336
1614076749.432538,46.000000,0.000000,-4.448339,-1.678081,11.780964,5.323557,-8.519772,-5.617670,-5.535610,-8.728044,-4.953140,-6.306856,-10.700524,-10.384193,-15.331113,-2.193546,-25.732452,52.954357,-6.087864,-40.509842,-20.841839,-100.906769,-50.070385,-5.504234,-7.947738,-11.371456,-10.362878,0.792729,-6.341872,-6.957248,-2.685077,-2.795164,8.161713,16.133511,8064.000000,0.000000,4.000000,,,,0.000000,4.000000,4.000000,4.000000,4.000000,4.000000,4.000000,4.000000,4.000000,4.000000,4.000000,4.000000,4.000000,4.000000,4.000000,4.000000,4.000000,4.000000,4.000000,2.000000,4.000000,4.000000,4.000000,4.000000,4.000000,4.000000,4.000000,4.000000,4.000000,4.000000,4.000000,4.000000,4.000000,83.333336
1614076749.440287,47.000000,0.000000,-5.982352,-1.676403,12.282003,2.754131,-9.024072,-5.612052,-5.530075,-9.232137,-6.486649,-7.326190,-10.689824,-10.886630,-11.213218,-1.678532,-24.681078,80.080887,-6.081777,-7.648819,3.794388,-92.087914,-45.917751,-4.985909,-6.401328,-13.924187,-10.865335,0.791936,-6.335530,-6.950291,-2.682392,-2.792369,8.153551,16.117376,8064.000000,0.000000,4.000000,,,,0.000000,4.000000,4.000000,4.000000,4.000000,4.000000,4.000000,4.000000,4.000000,4.000000,4.000000,4.000000,4.000000,4.000000,4.000000,4.000000,4.000000,4.000000,4.000000,2.000000,4.000000,4.000000,4.000000,4.000000,4.000000,4.000000,4.000000,4.000000,4.000000,4.000000,4.000000,4.000000,4.000000,83.333336
1614076749.448136,48.000000,0.000000,-8.027652,-2.187547,12.269721,6.853940,-7.476586,-5.093620,-5.524544,-9.735724,-3.916059,-7.318864,-9.653493,-10.362923,-16.330210,-2.189674,-26.707680,75.898247,-7.101336,-9.179632,2.764953,-85.841972,-39.205166,-4.980924,-8.959029,-13.397442,-9.828830,0.791145,-6.329194,-6.430521,-2.679710,-0.738295,8.145397,16.101259,8064.000000,0.000000,4.000000,,,,0.000000,4.000000,4.000000,4.000000,4.000000,4.000000,4.000000,4.000000,4.000000,4.000000,4.000000,4.000000,4.000000,4.000000,4.000000,4.000000,4.000000,4.000000,4.000000,2.000000,4.000000,4.000000,4.000000,4.000000,4.000000,4.000000,4.000000,4.000000,4.000000,4.000000,4.000000,4.000000,4.000000,83.333336
1614076749.455885,49.000000,0.000000,-8.019624,-0.134077,12.257452,14.026574,-4.905007,-5.088526,-5.519020,-2.033681,7.882728,-5.260263,-5.541276,-10.352560,-6.057469,8.068926,-20.014305,66.591576,-1.453209,-18.401222,5.839111,-78.063828,-34.037758,-4.975943,-6.385968,-13.896865,-10.844642,0.790353,-6.322865,-4.372808,-2.164209,4.390649,8.137252,16.085157,8064.000000,0.000000,4.000000,,,,0.000000,4.000000,4.000000,4.000000,4.000000,4.000000,4.000000,4.000000,4.000000,4.000000,4.000000,4.000000,4.000000,4.000000,4.000000,4.000000,4.000000,4.000000,4.000000,2.000000,4.000000,4.000000,4.000000,4.000000,4.000000,4.000000,4.000000,4.000000,4.000000,4.000000,4.000000,4.000000,4.000000,83.333336
1614076749.463734,50.000000,0.000000,-8.011604,2.430159,11.732374,13.499727,-4.387281,-6.621900,-5.513501,6.173481,14.028691,-1.152439,-2.971632,-10.342207,11.897306,23.958294,-2.558393,96.781395,7.779014,14.437693,31.474297,-66.190887,-30.413977,-5.483787,0.799905,-7.729122,-10.833797,0.789563,-4.265260,-2.317153,-2.162045,5.924720,8.129114,16.069073,8064.000000,0.000000,4.000000,,,,0.000000,4.000000,4.000000,4.000000,4.000000,4.000000,4.000000,4.000000,4.000000,4.000000,4.000000,4.000000,4.000000,4.000000,4.000000,4.000000,4.000000,4.000000,4.000000,2.000000,4.000000,4.000000,4.000000,4.000000,4.000000,4.000000,4.000000,4.000000,4.000000,4.000000,4.000000,4.000000,4.000000,83.333336
1614076749.471483,51.000000,0.000000,-8.003592,1.914909,11.720641,13.486227,-5.408535,-4.051175,-5.507987,3.603204,10.424919,-0.638466,-2.455840,-10.844686,4.193101,18.806129,-1.530194,116.171791,7.258414,33.910435,27.853079,-74.842651,-36.537407,-4.965483,-1.252177,0.483735,-10.822963,0.788773,-2.209713,-2.827656,-3.698345,4.893154,8.120985,16.053003,8064.000000,0.000000,4.000000,,,,0.000000,4.000000,4.000000,4.000000,4.000000,4.000000,4.000000,4.000000,4.000000,4.000000,4.000000,4.000000,4.000000,4.000000,4.000000,4.000000,4.000000,4.000000,4.000000,2.000000,4.000000,4.000000,4.000000,4.000000,4.000000,4.000000,4.000000,4.000000,4.000000,4.000000,4.000000,4.000000,4.000000,83.333336
1614076749.479332,52.000000,0.000000,-7.995589,2.425814,14.785844,16.549664,-0.787742,3.132363,-5.502480,-2.041424,9.388853,-2.689110,-2.966204,-10.833841,-7.093143,-0.699856,-20.503023,91.953056,-1.466793,1.568831,-4.482466,-98.357552,-46.757282,-4.447697,-5.866309,0.996072,-10.299319,0.787985,-2.720324,-2.824829,-1.130544,5.401082,8.625685,16.036951,8064.000000,0.000000,4.000000,,,,0.000000,4.000000,4.000000,4.000000,4.000000,4.000000,4.000000,4.000000,4.000000,4.000000,4.000000,4.000000,4.000000,4.000000,4.000000,4.000000,4.000000,4.000000,4.000000,2.000000,4.000000,4.000000,4.000000,4.000000,4.000000,4.000000,4.000000,4.000000,4.000000,4.000000,4.000000,4.000000,4.000000,83.333336
1614076749.487081,53.000000,0.000000,-7.987593,2.423388,15.283878,13.969011,-0.274134,5.693334,-5.496977,-1.526562,9.892285,-3.199241,-6.552981,-10.310186,-10.162973,-9.929925,-30.226110,61.604694,-5.567891,-30.740429,-15.760035,-105.951500,-51.838730,-7.520172,-5.860443,-1.569027,-10.289021,0.787197,-2.717603,-2.822004,0.409048,3.344398,8.104239,16.020914,8064.000000,0.000000,4.000000,,,,0.000000,4.000000,4.000000,4.000000,4.000000,4.000000,4.000000,4.000000,4.000000,4.000000,4.000000,4.000000,4.000000,4.000000,4.000000,4.000000,4.000000,4.000000,4.000000,2.000000,4.000000,4.000000,4.000000,4.000000,4.000000,4.000000,4.000000,4.000000,4.000000,4.000000,4.000000,4.000000,4.000000,83.333336
1614076749.494930,54.000000,0.000000,-7.979606,-0.143137,9.627569,6.262735,-10.017449,2.097897,-5.491480,-1.012215,4.241367,-4.734503,-10.648993,-11.325518,-19.383579,-9.919995,-29.683064,43.081551,-6.075143,-19.940458,-5.487864,-103.794266,-52.299709,-9.563934,-7.905864,-2.080278,-10.791552,0.786409,-2.714886,-4.870464,-6.258028,-1.787151,4.506391,16.004892,8064.000000,0.000000,4.000000,,,,0.000000,4.000000,4.000000,4.000000,4.000000,4.000000,4.000000,4.000000,4.000000,4.000000,4.000000,4.000000,4.000000,4.000000,4.000000,4.000000,4.000000,4.000000,4.000000,2.000000,4.000000,4.000000,4.000000,4.000000,4.000000,4.000000,4.000000,4.000000,4.000000,4.000000,4.000000,4.000000,4.000000,83.333336
1614076749.502679,55.000000,0.000000,-7.971626,-1.168635,8.592300,5.743652,-8.981791,2.095799,-5.485989,-2.549665,1.673023,-6.781051,-7.048600,-10.288550,-16.287273,-3.243409,-26.576456,47.141033,-7.607530,-14.279492,-1.379813,-104.716110,-44.555103,-3.913345,-8.410779,-4.129480,-9.242299,0.785623,-2.712171,-6.404055,-9.328692,-2.811005,0.912141,16.501709,8064.000000,0.000000,4.000000,,,,0.000000,4.000000,4.000000,4.000000,4.000000,4.000000,4.000000,4.000000,4.000000,4.000000,4.000000,4.000000,4.000000,4.000000,4.000000,4.000000,4.000000,4.000000,4.000000,2.000000,4.000000,4.000000,4.000000,4.000000,4.000000,4.000000,4.000000,4.000000,4.000000,4.000000,4.000000,4.000000,4.000000,83.333336
1614076749.510528,56.000000,0.000000,-7.963655,1.396636,12.173451,7.276370,1.796421,3.632164,-5.480503,1.042629,5.261094,-4.210167,0.137936,-3.098775,5.267476,13.682912,-8.601162,79.914406,-4.010179,1.119403,5.801054,-92.816528,-29.638754,2.757236,-4.299804,-5.150991,-4.104851,0.784837,-2.709459,-6.397651,-4.191159,-2.295374,0.911229,15.972386,8064.000000,0.000000,4.000000,,,,0.000000,4.000000,4.000000,4.000000,4.000000,4.000000,4.000000,4.000000,4.000000,4.000000,4.000000,4.000000,4.000000,4.000000,4.000000,4.000000,4.000000,4.000000,4.000000,2.000000,4.000000,4.000000,4.000000,4.000000,4.000000,4.000000,4.000000,4.000000,4.000000,4.000000,4.000000,4.000000,4.000000,83.333336
1614076749.518277,57.000000,0.000000,-7.955691,-0.143222,7.033073,1.628068,-1.795119,1.064430,-5.475022,4.631330,6.281474,-2.667495,1.163439,4.083811,11.928875,25.464100,13.971541,112.655006,4.711781,28.297770,10.923458,-72.210884,-22.942448,2.754478,-2.244222,-2.581738,-2.049464,0.784053,-2.706749,-6.391253,-4.699788,-2.293078,0.910318,10.828209,8064.000000,0.000000,4.000000,,,,0.000000,4.000000,4.000000,4.000000,4.000000,4.000000,4.000000,4.000000,4.000000,4.000000,4.000000,4.000000,4.000000,4.000000,4.000000,4.000000,4.000000,4.000000,4.000000,2.000000,4.000000,4.000000,4.000000,4.000000,4.000000,4.000000,4.000000,4.000000,4.000000,4.000000,4.000000,4.000000,4.000000,83.333336
1614076749.526126,58.000000,0.000000,-8.460556,-5.271284,0.872194,-5.553048,-6.408708,-1.500737,-5.469547,1.036955,4.736731,-4.203290,0.136634,4.592547,6.788742,24.412996,14.470390,87.926964,9.322453,25.192549,6.809971,-64.959190,-24.970787,1.726083,-0.703517,-2.066336,-3.073056,0.783269,-2.704042,-6.384862,-10.336114,-2.290785,0.396587,5.176355,8064.000000,0.000000,4.000000,,,,0.000000,4.000000,4.000000,4.000000,4.000000,4.000000,4.000000,4.000000,4.000000,4.000000,4.000000,4.000000,4.000000,4.000000,4.000000,4.000000,4.000000,4.000000,4.000000,2.000000,4.000000,4.000000,4.000000,4.000000,4.000000,4.000000,4.000000,4.000000,4.000000,4.000000,4.000000,4.000000,4.000000,83.333336
1614076749.533876,59.000000,0.000000,-8.452095,-5.778833,3.435424,-5.547494,1.290008,-2.012057,-5.976898,-2.553826,6.270455,-3.173445,0.649318,3.562314,6.269132,24.901403,1.635407,57.582626,8.287490,6.705819,16.033930,-65.407051,-24.432997,3.262818,1.348469,-1.038628,-2.557162,0.782485,-3.214159,-6.378477,-10.325778,-2.801315,0.909011,4.658358,8064.000000,0.000000,4.000000,,,,0.000000,4.000000,4.000000,4.000000,4.000000,4.000000,4.000000,4.000000,4.000000,4.000000,4.000000,4.000000,4.000000,4.000000,4.000000,4.000000,4.000000,4.000000,4.000000,2.000000,4.000000,4.000000,4.000000,4.000000,4.000000,4.000000,4.000000,4.000000,4.000000,4.000000,4.000000,4.000000,4.000000,83.333336
1614076749.541625,60.000000,0.000000,-7.930822,-4.747414,4.970450,-4.003486,0.263077,-2.522866,-5.458100,-1.525631,4.725724,-2.657451,0.135848,5.097213,0.109017,24.363682,-2.468792,66.242996,8.792023,7.724754,22.684563,-68.931389,-24.921383,2.233914,-2.242623,1.526513,-3.067426,0.781703,-2.185304,-6.372098,-11.341093,-2.285693,-1.143180,5.166520,8064.000000,0.000000,4.000000,,,,0.000000,4.000000,4.000000,4.000000,4.000000,4.000000,4.000000,4.000000,4.000000,4.000000,4.000000,4.000000,4.000000,4.000000,4.000000,4.000000,4.000000,4.000000,4.000000,2.000000,4.000000,4.000000,4.000000,4.000000,4.000000,4.000000,4.000000,4.000000,4.000000,4.000000,4.000000,4.000000,4.000000,83.333336
1614076749.549374,61.000000,0.000000,-8.435712,-5.255486,1.888557,-6.050764,-7.942314,-5.084445,-4.939822,-2.036926,-0.920028,-9.834281,-1.915570,6.117757,-6.044939,17.672651,-1.953503,75.920341,10.321692,14.896516,1.636237,-76.554764,-30.024668,2.744501,-5.317304,-0.526296,-5.628461,1.293742,-1.670298,-6.365726,-17.483599,-1.257766,-5.757422,2.084431,8064.000000,0.000000,4.000000,,,,0.000000,4.000000,4.000000,4.000000,4.000000,4.000000,4.000000,4.000000,4.000000,4.000000,4.000000,4.000000,4.000000,4.000000,4.000000,4.000000,4.000000,4.000000,4.000000,2.000000,4.000000,4.000000,4.000000,4.000000,4.000000,4.000000,4.000000,4.000000,4.000000,4.000000,4.000000,4.000000,4.000000,83.333336
1614076749.557023,62.000000,0.000000,-8.427277,-5.763052,3.937950,-3.993431,-3.318987,-5.592181,-5.960523,-5.111812,-0.406287,-14.439832,-3.964936,3.547537,-2.961970,12.526772,-3.490011,69.690575,7.747268,14.881619,-6.057707,-80.580772,-32.558746,8.382782,-1.722243,-5.141154,-7.161294,0.266807,-4.232730,-6.359361,-17.466114,-4.846252,-7.802947,0.543885,8064.000000,0.000000,4.000000,,,,0.000000,4.000000,4.000000,4.000000,4.000000,4.000000,4.000000,4.000000,4.000000,4.000000,4.000000,4.000000,4.000000,4.000000,4.000000,4.000000,4.000000,4.000000,4.000000,2.000000,4.000000,4.000000,4.000000,4.000000,4.000000,4.000000,4.000000,4.000000,4.000000,4.000000,4.000000,4.000000,4.000000,83.333336
1614076749.564772,63.000000,0.000000,-1.752183,-5.244468,8.549397,3.702870,3.863819,-1.484025,-2.364819,-3.568239,5.235145,-4.168981,-1.909689,5.082451,-1.420547,12.514246,2.154505,66.031136,9.790803,8.712892,13.948351,-75.371986,-32.013367,9.912861,1.356403,-5.648833,-6.641312,0.779361,0.386887,-6.353002,-8.217879,-4.841406,-4.205400,2.594623,8064.000000,0.000000,4.000000,,,,0.000000,4.000000,4.000000,4.000000,4.000000,4.000000,4.000000,4.000000,4.000000,4.000000,4.000000,4.000000,4.000000,4.000000,4.000000,4.000000,4.000000,4.000000,4.000000,2.000000,4.000000,4.000000,4.000000,4.000000,4.000000,4.000000,4.000000,4.000000,4.000000,4.000000,4.000000,4.000000,4.000000,83.333336
1614076749.572421,64.000000,0.000000,5.941877,-5.239223,9.053668,7.288910,4.372776,2.107203,4.817033,3.614817,6.255550,4.553136,3.220426,10.718394,-0.393485,13.014552,3.177991,67.503571,15.934858,2.037512,19.575428,-73.245331,-31.981352,6.313204,2.893508,-5.643185,-6.121850,3.342684,10.642911,-6.346648,-2.055815,2.855743,0.414190,5.156131,0.000000,212.000000,4.000000,,,,0.000000,4.000000,4.000000,4.000000,4.000000,4.000000,4.000000,4.000000,4.000000,4.000000,4.000000,4.000000,4.000000,4.000000,4.000000,4.000000,4.000000,4.000000,4.000000,2.000000,4.000000,4.000000,4.000000,4.000000,4.000000,4.000000,4.000000,4.000000,4.000000,4.000000,4.000000,4.000000,4.000000,83.333336
1614076749.580170,65.000000,0.000000,7.474397,-5.233984,8.018973,6.255980,5.906865,2.617916,4.299396,7.713766,5.223654,0.446019,2.704385,7.117932,-1.931553,13.001538,-10.158521,70.512985,7.713795,4.599577,11.863545,-82.915680,-31.949371,6.819712,-0.186309,-5.637541,-7.141369,3.852162,7.042524,-6.340302,-2.053759,4.391349,1.439417,5.150975,0.000000,197.000000,4.000000,,,,0.000000,4.000000,4.000000,4.000000,4.000000,4.000000,4.000000,4.000000,4.000000,4.000000,4.000000,4.000000,4.000000,4.000000,4.000000,4.000000,4.000000,4.000000,4.000000,2.000000,4.000000,4.000000,4.000000,4.000000,4.000000,4.000000,4.000000,4.000000,4.000000,4.000000,4.000000,4.000000,4.000000,83.333336
1614076749.587819,66.000000,0.000000,6.441282,-5.228750,8.523775,6.249725,4.875317,2.102478,-3.397212,2.065027,5.731251,-3.656991,-3.964986,-9.299442,-16.288595,11.962895,-20.917593,67.878372,-11.781098,-1.046048,8.261938,-101.807121,-32.943062,2.197507,-11.980994,-5.119083,-10.211151,1.284207,-7.323493,-6.333961,-2.564526,-1.766889,0.925157,5.145823,0.000000,201.000000,4.000000,,,,0.000000,4.000000,4.000000,4.000000,4.000000,4.000000,4.000000,4.000000,4.000000,4.000000,4.000000,4.000000,4.000000,4.000000,4.000000,4.000000,4.000000,4.000000,4.000000,2.000000,4.000000,4.000000,4.000000,4.000000,4.000000,4.000000,4.000000,4.000000,4.000000,4.000000,4.000000,4.000000,4.000000,83.333336
1614076749.595568,67.000000,0.000000,6.947661,-5.223522,8.515251,6.756295,0.255057,2.613196,-6.470737,-4.603705,6.238340,-2.627693,-7.550765,-18.520912,-24.477436,9.386830,-23.973598,47.297676,-19.461624,-22.583464,-2.515555,-112.987366,-35.474224,-14.214947,-20.686962,-9.729349,-9.688120,0.257282,-11.418734,-6.327628,-2.049141,-2.790763,0.924232,5.653498,0.000000,208.000000,4.000000,,,,0.000000,4.000000,4.000000,4.000000,4.000000,4.000000,4.000000,4.000000,4.000000,4.000000,4.000000,4.000000,4.000000,4.000000,4.000000,4.000000,4.000000,4.000000,4.000000,2.000000,4.000000,4.000000,4.000000,4.000000,4.000000,4.000000,4.000000,4.000000,4.000000,4.000000,4.000000,4.000000,4.000000,83.333336
1614076749.603218,68.000000,0.000000,6.940713,-5.731119,8.506736,6.236719,-1.283660,2.610582,-4.925805,-5.624743,5.719281,-2.625065,-6.004753,-17.476749,-10.606805,9.377443,-20.359880,39.558067,-14.826778,-17.945496,-3.025860,-100.053864,-35.438747,-19.841757,-15.025249,-15.360645,-7.114329,0.769845,-8.843212,-6.321300,-2.047092,-1.249510,1.436128,5.135025,0.000000,190.000000,4.000000,,,,0.000000,4.000000,4.000000,4.000000,4.000000,4.000000,4.000000,4.000000,4.000000,4.000000,4.000000,4.000000,4.000000,4.000000,4.000000,4.000000,4.000000,4.000000,4.000000,2.000000,4.000000,4.000000,4.000000,4.000000,4.000000,4.000000,4.000000,4.000000,4.000000,4.000000,4.000000,4.000000,4.000000,83.333336
1614076749.610967,69.000000,0.000000,6.420952,-5.212567,8.498229,6.230482,-1.795197,2.095151,-5.433700,-4.080656,6.226383,-3.135261,-5.485927,-17.459274,1.198674,10.906528,-5.467726,63.621075,-12.760670,10.277578,15.951526,-79.440994,-34.890488,-9.565505,-8.856378,-10.729900,-9.671317,0.769075,-10.372830,-6.314979,-2.557865,-4.325184,0.921872,5.129889,0.000000,198.000000,4.000000,,,,0.000000,4.000000,4.000000,4.000000,4.000000,4.000000,4.000000,4.000000,4.000000,4.000000,4.000000,4.000000,4.000000,4.000000,4.000000,4.000000,4.000000,4.000000,4.000000,2.000000,4.000000,4.000000,4.000000,4.000000,4.000000,4.000000,4.000000,4.000000,4.000000,4.000000,4.000000,4.000000,4.000000,83.333336
1614076749.618616,70.000000,0.000000,6.927351,-5.207355,8.489731,6.224251,-4.357504,2.093056,-5.941087,-5.615037,5.194515,-3.132125,-6.506083,-18.467455,-1.879448,7.818697,2.230049,72.788223,-11.722268,4.626275,10.294548,-77.823090,-36.906879,-4.427734,-9.360342,-4.565324,-14.789851,0.768306,-9.849637,-6.308663,-2.555307,-6.372141,0.920950,5.637580,0.000000,188.000000,4.000000,,,,0.000000,4.000000,4.000000,4.000000,4.000000,4.000000,4.000000,4.000000,4.000000,4.000000,4.000000,4.000000,4.000000,4.000000,4.000000,4.000000,4.000000,4.000000,4.000000,2.000000,4.000000,4.000000,4.000000,4.000000,4.000000,4.000000,4.000000,4.000000,4.000000,4.000000,4.000000,4.000000,4.000000,83.333336
1614076749.626365,71.000000,0.000000,6.920424,-5.714968,8.481241,6.218027,-5.378788,2.090963,-5.422325,-6.122242,2.625218,-5.180275,-7.525218,-17.936167,-5.980132,1.657033,-11.618335,52.715435,-9.659264,-11.788608,-11.254208,-83.899109,-38.408436,-5.961769,-9.863802,-5.073579,-13.749420,0.254717,-10.352608,-4.251073,-2.552752,-5.852948,0.920029,3.580660,0.000000,172.000000,4.000000,,,,0.000000,4.000000,4.000000,4.000000,4.000000,4.000000,4.000000,4.000000,4.000000,4.000000,4.000000,4.000000,4.000000,4.000000,4.000000,4.000000,4.000000,4.000000,4.000000,2.000000,4.000000,4.000000,4.000000,4.000000,4.000000,4.000000,4.000000,4.000000,4.000000,4.000000,4.000000,4.000000,4.000000,83.333336
1614076749.634014,72.000000,0.000000,5.375042,-4.683612,8.472760,6.211809,-4.860588,2.088872,-5.416903,-4.577659,1.596952,-7.739198,-5.466410,-17.918232,-9.051075,1.655376,-18.273382,46.508873,-9.649605,5.146258,-1.499364,-78.687004,-35.805923,-4.417345,-8.828298,-6.094147,-10.145927,0.767283,-12.906358,-2.195540,-3.063020,-5.847095,0.406288,1.525798,0.000000,193.000000,4.000000,,,,0.000000,4.000000,4.000000,4.000000,4.000000,4.000000,4.000000,4.000000,4.000000,4.000000,4.000000,4.000000,4.000000,4.000000,4.000000,4.000000,4.000000,4.000000,4.000000,2.000000,4.000000,4.000000,4.000000,4.000000,4.000000,4.000000,4.000000,4.000000,4.000000,4.000000,4.000000,4.000000,4.000000,83.333336
1614076749.641863,73.000000,0.000000,3.318385,-0.063543,8.977108,6.205597,-4.855728,2.086783,-5.411486,-7.137184,1.595355,-6.705817,-7.512226,-17.387493,-11.093307,1.653720,-18.767929,53.641853,-9.639955,7.192394,12.861110,-73.992935,-34.744476,-7.489851,-8.819469,-5.062411,-9.622961,1.279336,-9.816528,-2.706165,-2.034316,-5.841248,0.918702,1.011451,0.000000,199.000000,4.000000,,,,0.000000,4.000000,4.000000,4.000000,4.000000,4.000000,4.000000,4.000000,4.000000,4.000000,4.000000,4.000000,4.000000,4.000000,4.000000,4.000000,4.000000,4.000000,4.000000,2.000000,4.000000,4.000000,4.000000,4.000000,4.000000,4.000000,4.000000,4.000000,4.000000,4.000000,4.000000,4.000000,4.000000,83.333336
1614076749.649612,74.000000,0.000000,0.750964,2.500623,7.942490,6.199392,-4.850872,2.084697,-5.406075,-12.771072,0.568118,-7.211932,-17.248302,-17.370106,-11.595034,-11.168447,-32.595314,49.485645,-9.630315,-21.019926,1.053377,-79.047150,-37.273834,-12.610566,-8.810650,-5.057349,-10.638979,-1.286046,-6.729789,-2.703459,-3.057923,-5.835407,0.917784,1.523260,0.000000,198.000000,4.000000,,,,0.000000,4.000000,4.000000,4.000000,4.000000,4.000000,4.000000,4.000000,4.000000,4.000000,4.000000,4.000000,4.000000,4.000000,4.000000,4.000000,4.000000,4.000000,4.000000,2.000000,4.000000,4.000000,4.000000,4.000000,4.000000,4.000000,4.000000,4.000000,4.000000,4.000000,4.000000,4.000000,4.000000,83.333336
1614076749.657461,75.000000,0.000000,-0.788248,1.985302,5.370445,6.193192,-5.358841,2.082612,-5.913489,-12.758301,-2.509373,-9.256002,-21.333618,-18.378376,-12.609079,-21.926508,-34.101181,50.974621,-10.133505,-20.486086,-6.127164,-84.609123,-39.287842,-5.931289,-9.827480,-5.565112,-9.602698,-2.310401,-10.825624,-2.700755,-6.644608,-5.829572,-1.134416,1.521737,0.000000,201.000000,4.000000,,,,0.000000,4.000000,4.000000,4.000000,4.000000,4.000000,4.000000,4.000000,4.000000,4.000000,4.000000,4.000000,4.000000,4.000000,4.000000,4.000000,4.000000,4.000000,4.000000,2.000000,4.000000,4.000000,4.000000,4.000000,4.000000,4.000000,4.000000,4.000000,4.000000,4.000000,4.000000,4.000000,4.000000,83.333336
1614076749.665210,76.000000,0.000000,-1.300281,1.983316,4.339433,6.186999,-2.789380,2.080529,-4.881934,-5.053235,-3.019684,-7.195464,-12.081516,-13.231792,-10.032368,-11.648171,-14.067080,61.180058,-7.046448,-0.465600,1.058451,-84.011696,-38.735737,2.279771,-8.279191,-5.559547,-7.028994,1.794474,-12.353259,-2.698054,-5.612323,-5.823742,-2.671743,1.520215,0.000000,188.000000,4.000000,,,,0.000000,4.000000,4.000000,4.000000,4.000000,4.000000,4.000000,4.000000,4.000000,4.000000,4.000000,4.000000,4.000000,4.000000,4.000000,4.000000,4.000000,4.000000,4.000000,2.000000,4.000000,4.000000,4.000000,4.000000,4.000000,4.000000,4.000000,4.000000,4.000000,4.000000,4.000000,4.000000,4.000000,83.333336
1614076749.673059,77.000000,0.000000,-0.786160,2.494153,4.847914,6.180812,3.367255,2.078449,-2.825770,-0.432797,4.162823,-0.521602,-3.864306,-4.500612,-3.355669,4.260912,-5.335065,65.221443,-2.936838,1.073327,2.595854,-83.414864,-38.184177,-3.363535,-5.706810,-5.553988,-5.996324,5.382423,-7.212701,-2.695356,0.034315,-3.766636,-0.104969,1.518695,0.000000,176.000000,4.000000,,,,0.000000,4.000000,4.000000,4.000000,4.000000,4.000000,4.000000,4.000000,4.000000,4.000000,4.000000,4.000000,4.000000,4.000000,4.000000,4.000000,4.000000,4.000000,4.000000,2.000000,4.000000,4.000000,4.000000,4.000000,4.000000,4.000000,4.000000,4.000000,4.000000,4.000000,4.000000,4.000000,4.000000,83.333336
1614076749.680808,78.000000,0.000000,-0.785374,1.978839,4.843066,6.174631,5.927990,2.076370,-1.284483,-1.458005,11.850967,3.581484,-2.834801,-1.419188,0.237431,6.820754,-6.355371,66.181862,-1.908260,7.738920,3.618899,-83.844269,-39.684456,-8.488377,-6.213923,-5.548433,-6.503148,4.351399,-5.667027,-2.692661,1.059922,-1.711587,1.946418,1.004356,0.000000,208.000000,4.000000,,,,0.000000,4.000000,4.000000,4.000000,4.000000,4.000000,4.000000,4.000000,4.000000,4.000000,4.000000,4.000000,4.000000,4.000000,4.000000,4.000000,4.000000,4.000000,4.000000,2.000000,4.000000,4.000000,4.000000,4.000000,4.000000,4.000000,4.000000,4.000000,4.000000,4.000000,4.000000,4.000000,4.000000,83.333336
1614076749.688657,79.000000,0.000000,-0.784588,1.976860,4.838223,6.168457,6.947704,2.074294,-1.796019,-1.456547,13.890399,3.577902,-1.293505,-2.956230,-0.788448,4.762651,-2.759272,59.961834,-2.419172,13.885028,9.256306,-84.273247,-38.106312,-1.300401,-8.771811,-5.542885,-6.496644,3.834228,-5.148539,-2.689968,-2.530881,-2.222696,-0.106810,2.028993,0.000000,202.000000,4.000000,,,,0.000000,4.000000,4.000000,4.000000,4.000000,4.000000,4.000000,4.000000,4.000000,4.000000,4.000000,4.000000,4.000000,4.000000,4.000000,4.000000,4.000000,4.000000,4.000000,2.000000,4.000000,4.000000,4.000000,4.000000,4.000000,4.000000,4.000000,4.000000,4.000000,4.000000,4.000000,4.000000,4.000000,83.333336
1614076749.696406,80.000000,0.000000,-0.783804,1.974883,4.833385,6.162288,10.017679,2.072220,-1.794223,-0.942270,12.338047,4.599965,1.271891,-2.953274,-0.787659,6.296350,-3.269333,52.209564,-1.903933,4.640373,9.759870,-82.137688,-32.939999,4.341925,-8.763040,-6.050163,-5.977327,4.856034,-2.579288,-2.687278,-3.041171,-2.220474,-2.670806,1.514143,0.000000,180.000000,4.000000,,,,0.000000,4.000000,4.000000,4.000000,4.000000,4.000000,4.000000,4.000000,4.000000,4.000000,4.000000,4.000000,4.000000,4.000000,4.000000,4.000000,4.000000,4.000000,4.000000,2.000000,4.000000,4.000000,4.000000,4.000000,4.000000,4.000000,4.000000,4.000000,4.000000,4.000000,4.000000,4.000000,4.000000,83.333336
1614076749.704255,81.000000,0.000000,-0.783020,1.972908,4.828552,6.156126,7.956379,2.070147,-1.792429,-1.454149,13.351350,7.159468,1.783440,-1.924680,-0.274051,7.315695,-0.189141,74.721458,-1.902029,22.584452,9.750110,-75.901711,-30.342957,3.311942,-9.267097,-4.505651,-6.484170,4.338358,-3.089529,-2.684591,-2.012489,-2.218253,-2.668135,-3.102756,0.000000,195.000000,4.000000,,,,0.000000,4.000000,4.000000,4.000000,4.000000,4.000000,4.000000,4.000000,4.000000,4.000000,4.000000,4.000000,4.000000,4.000000,4.000000,4.000000,4.000000,4.000000,4.000000,2.000000,4.000000,4.000000,4.000000,4.000000,4.000000,4.000000,4.000000,4.000000,4.000000,4.000000,4.000000,4.000000,4.000000,83.333336
1614076749.712004,82.000000,0.000000,-0.782237,1.970935,4.823723,6.149970,2.820218,2.068077,-1.790636,-1.452694,13.337998,8.177950,0.756015,-2.948396,-0.273777,5.769917,9.041818,99.262123,-2.412947,47.177250,15.381386,-71.210419,-30.825434,1.257348,-9.770651,-1.937043,-6.477686,4.334020,1.016124,-2.681906,-2.523297,-2.216035,-2.665467,-6.176576,0.000000,178.000000,4.000000,,,,0.000000,4.000000,4.000000,4.000000,4.000000,4.000000,4.000000,4.000000,4.000000,4.000000,4.000000,4.000000,4.000000,4.000000,4.000000,4.000000,4.000000,4.000000,4.000000,2.000000,4.000000,4.000000,4.000000,4.000000,4.000000,4.000000,4.000000,4.000000,4.000000,4.000000,4.000000,4.000000,4.000000,83.333336
1614076749.719853,83.000000,0.000000,-0.781455,1.968964,4.818899,6.143820,4.355859,2.066009,-1.788846,-1.451242,12.811840,7.656951,0.755259,-2.945448,-1.299144,5.764147,0.314827,77.111572,-1.897714,14.822381,14.853184,-72.164848,-31.307428,2.794553,-4.632675,-1.422285,-6.471209,4.329685,8.194595,-2.679224,-2.520774,-2.213819,-2.662802,-3.606297,0.000000,190.000000,4.000000,,,,0.000000,4.000000,4.000000,4.000000,4.000000,4.000000,4.000000,4.000000,4.000000,4.000000,4.000000,4.000000,4.000000,4.000000,4.000000,4.000000,4.000000,4.000000,4.000000,2.000000,4.000000,4.000000,4.000000,4.000000,4.000000,4.000000,4.000000,4.000000,4.000000,4.000000,4.000000,4.000000,4.000000,83.333336
1614076749.727603,84.000000,0.000000,-0.780673,1.966995,4.814080,6.137676,9.479709,2.063943,-1.787057,-1.449790,12.799028,8.162114,0.754504,-2.942502,-4.374768,5.245563,-17.121386,47.290874,-4.459918,-17.500134,4.581920,-72.605507,-31.788942,6.381502,-4.115222,-1.933683,-7.490378,4.325356,6.647939,-2.676545,-2.518253,-2.724426,-2.660139,-1.551409,0.000000,207.000000,4.000000,,,,0.000000,4.000000,4.000000,4.000000,4.000000,4.000000,4.000000,4.000000,4.000000,4.000000,4.000000,4.000000,4.000000,4.000000,4.000000,4.000000,4.000000,4.000000,4.000000,2.000000,4.000000,4.000000,4.000000,4.000000,4.000000,4.000000,4.000000,4.000000,4.000000,4.000000,4.000000,4.000000,4.000000,83.333336
1614076749.735452,85.000000,0.000000,-0.779893,1.965028,4.809267,6.131538,9.983049,2.061879,-1.785270,-1.448341,12.273409,6.615491,0.240929,-2.939560,-4.883214,3.701856,-15.565803,55.448711,-5.993920,10.722495,0.474774,-70.994438,-31.757153,2.785376,-10.777773,-1.931750,-6.970068,4.321031,1.000266,-2.673869,-2.515735,-2.208881,-2.657479,-2.062678,0.000000,193.000000,4.000000,,,,0.000000,4.000000,4.000000,4.000000,4.000000,4.000000,4.000000,4.000000,4.000000,4.000000,4.000000,4.000000,4.000000,4.000000,4.000000,4.000000,4.000000,4.000000,4.000000,2.000000,4.000000,4.000000,4.000000,4.000000,4.000000,4.000000,4.000000,4.000000,4.000000,4.000000,4.000000,4.000000,4.000000,83.333336
1614076749.743201,86.000000,0.000000,-0.779113,1.963063,4.291636,6.125407,9.460246,2.059817,-1.783485,-1.446892,12.773955,4.557593,0.753509,-2.936620,-4.365510,1.646872,-11.960493,63.598392,-5.987926,23.532286,2.525581,-76.051651,-33.263859,-9.525102,-12.818277,-1.929818,-6.450277,4.316710,0.486445,-2.671195,-2.513219,-1.693851,-2.654821,-2.060615,0.000000,167.000000,4.000000,,,,0.000000,4.000000,4.000000,4.000000,4.000000,4.000000,4.000000,4.000000,4.000000,4.000000,4.000000,4.000000,4.000000,4.000000,4.000000,4.000000,4.000000,4.000000,4.000000,2.000000,4.000000,4.000000,4.000000,4.000000,4.000000,4.000000,4.000000,4.000000,4.000000,4.000000,4.000000,4.000000,4.000000,83.333336
1614076749.751050,87.000000,0.000000,-0.778334,1.961100,5.312986,6.119281,9.450786,2.057757,-1.781701,-1.958266,12.248362,3.014574,-0.272886,-3.446504,-6.925248,-0.406057,-18.102379,52.252743,-10.597322,-4.696375,-1.066688,-87.770470,-40.922901,-12.079679,-10.241357,-1.927888,-7.982288,4.312393,-1.052503,-2.668524,-2.510706,-3.743439,-2.652166,-2.058554,0.000000,204.000000,4.000000,,,,0.000000,4.000000,4.000000,4.000000,4.000000,4.000000,4.000000,4.000000,4.000000,4.000000,4.000000,4.000000,4.000000,4.000000,4.000000,4.000000,4.000000,4.000000,4.000000,2.000000,4.000000,4.000000,4.000000,4.000000,4.000000,4.000000,4.000000,4.000000,4.000000,4.000000,4.000000,4.000000,4.000000,83.333336
1614076749.758799,88.000000,0.000000,-0.777555,1.959139,7.358955,5.600342,8.928514,1.542879,-1.779919,-1.443487,11.723292,2.498739,-0.785433,-3.955878,-2.815758,1.645631,-14.494533,55.790234,-7.509802,9.667295,5.601046,-87.169876,-44.984543,-1.811189,-9.718295,-1.925960,-4.897383,4.308080,-3.102732,-2.665855,-3.021015,-1.688414,-2.649514,-1.543675,0.000000,194.000000,4.000000,,,,0.000000,4.000000,4.000000,4.000000,4.000000,4.000000,4.000000,4.000000,4.000000,4.000000,4.000000,4.000000,4.000000,4.000000,4.000000,4.000000,4.000000,4.000000,4.000000,2.000000,4.000000,4.000000,4.000000,4.000000,4.000000,4.000000,4.000000,4.000000,4.000000,4.000000,4.000000,4.000000,4.000000,83.333336
1614076749.766448,89.000000,0.000000,-0.776778,1.957180,8.890058,6.107562,12.509329,2.054157,-1.778139,1.122059,13.250031,4.034702,5.369198,-0.874999,8.981930,9.849113,-2.685166,76.247261,7.882323,42.478142,27.133905,-74.262199,-30.067762,6.395751,-3.554730,-1.924034,5.876745,4.303772,-0.535527,-3.176010,-2.505174,7.544044,-2.646865,-1.542132,0.000000,206.000000,4.000000,,,,0.000000,4.000000,4.000000,4.000000,4.000000,4.000000,4.000000,4.000000,4.000000,4.000000,4.000000,4.000000,4.000000,4.000000,4.000000,4.000000,4.000000,4.000000,4.000000,2.000000,4.000000,4.000000,4.000000,4.000000,4.000000,4.000000,4.000000,4.000000,4.000000,4.000000,4.000000,4.000000,4.000000,83.333336
1614076749.774197,90.000000,0.000000,-1.288821,1.955223,8.368347,6.101454,16.599384,2.052103,-2.289182,2.146578,15.288063,7.107590,11.004854,1.177158,13.588332,23.172598,6.035468,90.529991,15.053927,32.179253,35.311901,-69.059731,-11.063336,6.389355,1.064209,-1.922110,12.537536,4.299469,-0.022171,-2.660013,-2.502669,8.049320,-2.644218,-4.104692,0.000000,130.000000,4.000000,,,,0.000000,4.000000,4.000000,4.000000,4.000000,4.000000,4.000000,4.000000,4.000000,4.000000,4.000000,4.000000,4.000000,4.000000,4.000000,4.000000,4.000000,4.000000,4.000000,2.000000,4.000000,4.000000,4.000000,4.000000,4.000000,4.000000,4.000000,4.000000,4.000000,4.000000,4.000000,4.000000,4.000000,83.333336
1614076749.781846,91.000000,0.000000,-0.261892,1.953268,7.334338,5.069712,16.582785,1.024410,-1.261252,2.144431,15.785595,11.715867,12.019491,-0.362481,15.113205,38.021221,15.773022,93.516380,11.961950,12.659894,27.584280,-64.888107,-2.847145,4.844504,0.550324,-1.920188,12.524998,3.782348,2.029133,-2.657353,-3.012987,-0.163857,-3.154394,-5.639049,0.000000,216.000000,4.000000,,,,0.000000,4.000000,4.000000,4.000000,4.000000,4.000000,4.000000,4.000000,4.000000,4.000000,4.000000,4.000000,4.000000,4.000000,4.000000,4.000000,4.000000,4.000000,4.000000,2.000000,4.000000,4.000000,4.000000,4.000000,4.000000,4.000000,4.000000,4.000000,4.000000,4.000000,4.000000,4.000000,4.000000,83.333336
1614076749.789595,92.000000,0.000000,1.789652,1.951314,10.916747,8.654386,22.720047,4.613129,0.278471,4.193569,19.872374,22.986202,19.186958,2.714805,25.867323,49.778072,24.988018,90.858765,17.078194,29.570311,31.146441,-45.336037,7.412113,7.403762,11.319005,-1.918268,14.050934,4.804207,10.745052,-3.167516,0.579770,7.015794,-1.612778,-3.582128,0.000000,176.000000,4.000000,,,,0.000000,4.000000,4.000000,4.000000,4.000000,4.000000,4.000000,4.000000,4.000000,4.000000,4.000000,4.000000,4.000000,4.000000,4.000000,4.000000,4.000000,4.000000,4.000000,2.000000,4.000000,4.000000,4.000000,4.000000,4.000000,4.000000,4.000000,4.000000,4.000000,4.000000,4.000000,4.000000,4.000000,83.333336
1614076749.797244,93.000000,0.000000,3.326324,1.949363,18.085318,15.825218,30.902456,12.813643,2.842295,6.240657,26.006348,36.296551,29.424181,14.506962,31.995302,56.394958,28.039953,96.408928,24.753424,45.950996,43.422985,-30.418907,18.686752,16.627127,23.102558,-2.429170,16.600986,6.850685,16.888153,0.425395,7.245857,22.393393,0.952937,-1.527264,0.000000,193.000000,4.000000,,,,0.000000,4.000000,4.000000,4.000000,4.000000,4.000000,4.000000,4.000000,4.000000,4.000000,4.000000,4.000000,4.000000,4.000000,4.000000,4.000000,4.000000,4.000000,4.000000,2.000000,4.000000,4.000000,4.000000,4.000000,4.000000,4.000000,4.000000,4.000000,4.000000,4.000000,4.000000,4.000000,4.000000,83.333336
1614076749.804993,94.000000,0.000000,2.810177,1.947414,20.118515,16.835033,31.384375,18.441856,4.890735,5.721596,25.980341,35.234612,29.394758,20.646301,29.399204,59.415489,25.960630,110.671494,23.703030,45.905045,42.353924,-36.029514,10.462937,20.200243,15.387147,-2.426741,15.558743,8.382296,15.845625,4.527534,9.802713,17.755615,1.464805,-2.038557,0.000000,189.000000,4.000000,,,,0.000000,4.000000,4.000000,4.000000,4.000000,4.000000,4.000000,4.000000,4.000000,4.000000,4.000000,4.000000,4.000000,4.000000,4.000000,4.000000,4.000000,4.000000,4.000000,2.000000,4.000000,4.000000,4.000000,4.000000,4.000000,4.000000,4.000000,4.000000,4.000000,4.000000,4.000000,4.000000,4.000000,83.333336
1614076749.812643,95.000000,0.000000,2.807367,2.458287,15.995831,13.741276,28.788887,16.372131,4.373024,5.715875,22.364616,25.455788,21.160234,14.984629,27.831343,52.176586,20.806465,109.535187,22.653685,43.295040,33.080799,-42.660152,-1.855218,10.436454,4.089709,-1.911494,15.030365,7.861093,15.316958,3.497365,7.228808,2.866065,0.950519,-2.549339,0.000000,175.000000,4.000000,,,,0.000000,4.000000,4.000000,4.000000,4.000000,4.000000,4.000000,4.000000,4.000000,4.000000,4.000000,4.000000,4.000000,4.000000,4.000000,4.000000,4.000000,4.000000,4.000000,2.000000,4.000000,4.000000,4.000000,4.000000,4.000000,4.000000,4.000000,4.000000,4.000000,4.000000,4.000000,4.000000,4.000000,83.333336
1614076749.820392,96.000000,0.000000,2.804560,0.917367,10.851630,13.214714,25.683176,12.766016,2.317369,5.710159,19.265329,20.814947,14.472407,8.815798,24.213768,34.688511,19.247198,94.553856,22.118210,37.097897,30.483616,-41.591850,-1.853363,5.810633,5.111260,-2.422403,15.528154,7.853232,15.814462,0.929765,3.119015,0.299096,0.949569,-1.521148,8064.000000,0.000000,4.000000,,,,0.000000,4.000000,4.000000,4.000000,4.000000,4.000000,4.000000,4.000000,4.000000,4.000000,4.000000,4.000000,4.000000,4.000000,4.000000,4.000000,4.000000,4.000000,4.000000,2.000000,4.000000,4.000000,4.000000,4.000000,4.000000,4.000000,4.000000,4.000000,4.000000,4.000000,4.000000,4.000000,4.000000,83.333336
1614076749.828041,97.000000,0.000000,2.801755,-1.134832,8.276676,11.663038,14.888261,8.650686,1.289410,5.191628,12.579397,13.614645,11.381012,7.781341,15.471605,24.910233,19.227949,86.766991,17.993528,28.342850,31.478773,-43.088718,-5.954074,10.933027,5.618969,-0.368698,14.999806,7.845379,15.798648,0.928835,1.577435,4.914182,0.948619,-2.032448,8064.000000,0.000000,4.000000,,,,0.000000,4.000000,4.000000,4.000000,4.000000,4.000000,4.000000,4.000000,4.000000,4.000000,4.000000,4.000000,4.000000,4.000000,4.000000,4.000000,4.000000,4.000000,4.000000,2.000000,4.000000,4.000000,4.000000,4.000000,4.000000,4.000000,4.000000,4.000000,4.000000,4.000000,4.000000,4.000000,4.000000,83.333336
1614076749.835790,98.000000,0.000000,2.798954,-1.646518,8.268399,6.523170,5.129783,4.026651,2.313762,5.699257,8.464254,4.883082,10.856811,8.286381,11.866390,25.910963,7.926671,82.577660,15.411432,21.135021,24.267807,-46.635376,-17.742992,13.486197,5.613350,7.323978,11.907884,7.324713,15.270028,1.440727,1.575857,4.909267,0.947671,-4.594518,8064.000000,0.000000,4.000000,,,,0.000000,4.000000,4.000000,4.000000,4.000000,4.000000,4.000000,4.000000,4.000000,4.000000,4.000000,4.000000,4.000000,4.000000,4.000000,4.000000,4.000000,4.000000,4.000000,2.000000,4.000000,4.000000,4.000000,4.000000,4.000000,4.000000,4.000000,4.000000,4.000000,4.000000,4.000000,4.000000,4.000000,83.333336
1614076749.843439,99.000000,0.000000,2.796155,-3.183333,7.747311,4.978185,4.611833,1.458521,1.798628,5.693558,13.071175,2.826917,10.845954,7.252453,12.880165,25.372232,6.380282,87.623291,15.396021,22.652348,15.012770,-46.588737,-22.340633,12.959890,7.146199,12.957680,8.306231,7.830209,10.639374,0.926466,-2.015462,4.391538,0.946723,-5.615564,8064.000000,0.000000,4.000000,,,,0.000000,4.000000,4.000000,4.000000,4.000000,4.000000,4.000000,4.000000,4.000000,4.000000,4.000000,4.000000,4.000000,4.000000,4.000000,4.000000,4.000000,4.000000,4.000000,2.000000,4.000000,4.000000,4.000000,4.000000,4.000000,4.000000,4.000000,4.000000,4.000000,4.000000,4.000000,4.000000,4.000000,83.333336
1614076749.851188,100.000000,0.000000,2.793359,-5.744252,3.636999,5.998848,5.632862,0.944242,1.284009,5.175044,16.135027,1.798449,10.322288,7.245201,12.867285,28.423782,24.322620,110.612587,14.867805,39.552773,16.023397,-47.054970,-21.292652,14.998213,4.062129,10.380619,6.759464,7.822378,4.987709,0.925539,-6.116011,4.899967,0.945776,-6.122769,8064.000000,0.000000,4.000000,,,,0.000000,4.000000,4.000000,4.000000,4.000000,4.000000,4.000000,4.000000,4.000000,4.000000,4.000000,4.000000,4.000000,4.000000,4.000000,4.000000,4.000000,4.000000,4.000000,2.000000,4.000000,4.000000,4.000000,4.000000,4.000000,4.000000,4.000000,4.000000,4.000000,4.000000,4.000000,4.000000,4.000000,83.333336
1614076749.858837,101.000000,0.000000,2.790565,-5.738508,1.069260,5.992849,7.678512,1.456119,1.795545,7.733971,16.631712,5.386394,14.414529,7.750776,12.854418,39.164589,26.349579,116.655823,15.878577,42.077320,16.007374,-51.623302,-19.732897,13.957573,0.981144,5.242034,7.778346,7.301735,3.444259,0.924614,-7.135536,4.895067,0.944830,-7.142288,8064.000000,0.000000,4.000000,,,,0.000000,4.000000,4.000000,4.000000,4.000000,4.000000,4.000000,4.000000,4.000000,4.000000,4.000000,4.000000,4.000000,4.000000,4.000000,4.000000,4.000000,4.000000,4.000000,2.000000,4.000000,4.000000,4.000000,4.000000,4.000000,4.000000,4.000000,4.000000,4.000000,4.000000,4.000000,4.000000,4.000000,83.333336
1614076749.866586,102.000000,0.000000,2.787775,-3.681488,2.606652,5.474036,11.260576,4.531586,1.280929,11.828801,19.179182,19.739983,22.092422,8.255846,13.867205,43.740810,8.887333,89.872498,14.324237,18.958321,8.299060,-57.725525,-15.097780,12.917974,2.005804,4.723971,9.821849,9.345716,4.466456,0.923689,-6.102759,5.402992,0.943886,-3.032581,8064.000000,0.000000,4.000000,,,,0.000000,4.000000,4.000000,4.000000,4.000000,4.000000,4.000000,4.000000,4.000000,4.000000,4.000000,4.000000,4.000000,4.000000,4.000000,4.000000,4.000000,4.000000,4.000000,2.000000,4.000000,4.000000,4.000000,4.000000,4.000000,4.000000,4.000000,4.000000,4.000000,4.000000,4.000000,4.000000,4.000000,83.333336
1614076749.874236,103.000000,0.000000,2.784987,-1.113703,5.168148,5.981382,13.300598,10.680901,1.792469,13.868255,20.698465,26.899729,22.070330,7.734769,13.853337,40.620144,2.724599,74.910835,8.156067,16.888081,14.957427,-60.231899,-9.441656,13.930697,-0.560304,7.796170,11.350489,13.951755,4.461990,0.922765,-5.071015,4.884768,0.942942,6.201221,8064.000000,0.000000,4.000000,,,,0.000000,4.000000,4.000000,4.000000,4.000000,4.000000,4.000000,4.000000,4.000000,4.000000,4.000000,4.000000,4.000000,4.000000,4.000000,4.000000,4.000000,4.000000,4.000000,2.000000,4.000000,4.000000,4.000000,4.000000,4.000000,4.000000,4.000000,4.000000,4.000000,4.000000,4.000000,4.000000,4.000000,83.333336
1614076749.881985,104.000000,0.000000,2.782202,4.015615,6.701441,5.975401,15.851400,13.234322,3.841958,12.828745,19.652126,20.206163,19.484158,7.727035,12.813843,38.015423,3.747516,78.425667,4.558167,37.896835,29.814264,-60.171669,-7.893753,11.352664,-1.585385,8.814015,11.339138,14.450624,3.944707,0.921842,-3.014662,2.828602,0.941999,10.297584,8064.000000,0.000000,4.000000,,,,0.000000,4.000000,4.000000,4.000000,4.000000,4.000000,4.000000,4.000000,4.000000,4.000000,4.000000,4.000000,4.000000,4.000000,4.000000,4.000000,4.000000,4.000000,4.000000,2.000000,4.000000,4.000000,4.000000,4.000000,4.000000,4.000000,4.000000,4.000000,4.000000,4.000000,4.000000,4.000000,4.000000,83.333336
1614076749.889634,105.000000,0.000000,2.779420,9.139805,8.233201,5.969426,16.861189,13.221087,5.889398,11.790276,20.145294,15.057752,19.464672,8.232128,13.826670,37.977409,2.718127,78.347237,6.604891,37.346115,23.117785,-62.162781,-11.475603,10.315671,4.057226,8.805202,11.840620,12.384891,4.453583,0.920921,-1.986007,1.287312,0.941057,8.748824,8064.000000,0.000000,4.000000,,,,0.000000,4.000000,4.000000,4.000000,4.000000,4.000000,4.000000,4.000000,4.000000,4.000000,4.000000,4.000000,4.000000,4.000000,4.000000,4.000000,4.000000,4.000000,4.000000,2.000000,4.000000,4.000000,4.000000,4.000000,4.000000,4.000000,4.000000,4.000000,4.000000,4.000000,4.000000,4.000000,4.000000,83.333336
1614076749.897483,106.000000,0.000000,2.776640,9.643486,8.737789,5.963456,10.690482,12.695046,5.883509,13.829767,18.073866,11.452950,13.291362,6.685434,12.787202,32.811226,7.330793,82.371452,8.649569,19.872873,7.197230,-62.613438,-19.669256,15.433560,4.053169,8.796396,10.803138,11.346865,4.449130,0.920000,-2.496841,0.773204,0.940116,9.252896,8064.000000,0.000000,4.000000,,,,0.000000,4.000000,4.000000,4.000000,4.000000,4.000000,4.000000,4.000000,4.000000,4.000000,4.000000,4.000000,4.000000,4.000000,4.000000,4.000000,4.000000,4.000000,4.000000,2.000000,4.000000,4.000000,4.000000,4.000000,4.000000,4.000000,4.000000,4.000000,4.000000,4.000000,4.000000,4.000000,4.000000,83.333336
1614076749.905232,107.000000,0.000000,2.773864,9.121021,8.216230,5.957493,6.064407,11.143889,5.364805,14.328758,10.876306,1.185087,0.970378,3.089005,4.056466,16.880978,-0.881665,69.981392,8.640919,1.904282,4.113110,-65.114929,-26.829073,13.366844,-3.643192,9.300420,7.202591,8.771416,4.444680,0.919080,-2.494344,1.285251,0.939176,8.218002,8064.000000,0.000000,4.000000,,,,0.000000,4.000000,4.000000,4.000000,4.000000,4.000000,4.000000,4.000000,4.000000,4.000000,4.000000,4.000000,4.000000,4.000000,4.000000,4.000000,4.000000,4.000000,4.000000,2.000000,4.000000,4.000000,4.000000,4.000000,4.000000,4.000000,4.000000,4.000000,4.000000,4.000000,4.000000,4.000000,4.000000,83.333336
1614076749.913081,108.000000,0.000000,2.771090,9.624722,8.208014,5.951535,10.673727,9.081464,5.359440,7.134942,7.788506,-4.969944,-4.671618,0.521814,-6.204000,-4.161544,-24.470528,37.603718,6.068175,-17.584803,3.083356,-74.280579,-27.827885,3.097067,-6.716472,7.752658,4.118466,7.737003,4.440236,0.918161,-2.491850,0.771145,0.938236,5.132861,8064.000000,0.000000,4.000000,,,,0.000000,4.000000,4.000000,4.000000,4.000000,4.000000,4.000000,4.000000,4.000000,4.000000,4.000000,4.000000,4.000000,4.000000,4.000000,4.000000,4.000000,4.000000,4.000000,2.000000,4.000000,4.000000,4.000000,4.000000,4.000000,4.000000,4.000000,4.000000,4.000000,4.000000,4.000000,4.000000,4.000000,83.333336
1614076749.920830,109.000000,0.000000,2.768319,9.615096,8.712626,5.945584,14.252797,9.585202,5.866901,7.127807,10.857640,-4.452154,-4.154126,0.521292,-4.659335,-10.311229,-23.420416,31.412268,4.010825,-8.336448,2.567452,-73.180656,-27.800058,1.042688,-5.171294,5.180803,3.601527,9.780548,4.435795,1.430063,-2.489358,1.283195,0.937298,5.127728,8064.000000,0.000000,4.000000,,,,0.000000,4.000000,4.000000,4.000000,4.000000,4.000000,4.000000,4.000000,4.000000,4.000000,4.000000,4.000000,4.000000,4.000000,4.000000,4.000000,4.000000,4.000000,4.000000,2.000000,4.000000,4.000000,4.000000,4.000000,4.000000,4.000000,4.000000,4.000000,4.000000,4.000000,4.000000,4.000000,4.000000,83.333336
1614076749.928679,110.000000,0.000000,2.765550,9.605481,9.216735,5.939638,13.212903,9.062797,5.861034,18.402731,12.385244,-3.422060,-1.585869,0.520771,4.576094,8.673442,3.782492,64.201370,9.647840,24.492401,10.770013,-58.748505,-27.772257,3.092928,-5.678943,5.175622,4.110746,7.719485,4.431360,0.915812,-2.486869,1.281912,0.936361,5.122601,8064.000000,0.000000,4.000000,,,,0.000000,4.000000,4.000000,4.000000,4.000000,4.000000,4.000000,4.000000,4.000000,4.000000,4.000000,4.000000,4.000000,4.000000,4.000000,4.000000,4.000000,4.000000,4.000000,2.000000,4.000000,4.000000,4.000000,4.000000,4.000000,4.000000,4.000000,4.000000,4.000000,4.000000,4.000000,4.000000,4.000000,83.333336
1614076749.936428,111.000000,0.000000,2.762785,9.083055,7.156236,5.933698,12.686870,5.976811,3.803891,16.845867,11.860039,-3.931459,3.031102,0.520250,9.186902,23.536564,13.522299,81.573067,11.176654,27.032011,10.246422,-60.741035,-27.231665,-1.525550,-6.186085,5.683267,4.106635,4.122022,4.426929,0.914897,-2.484382,0.767809,0.935425,5.630298,8064.000000,0.000000,4.000000,,,,0.000000,4.000000,4.000000,4.000000,4.000000,4.000000,4.000000,4.000000,4.000000,4.000000,4.000000,4.000000,4.000000,4.000000,4.000000,4.000000,4.000000,4.000000,4.000000,2.000000,4.000000,4.000000,4.000000,4.000000,4.000000,4.000000,4.000000,4.000000,4.000000,4.000000,4.000000,4.000000,4.000000,83.333336
1614076749.944277,112.000000,0.000000,2.760022,9.586793,4.584977,5.927765,13.699824,4.945193,1.748805,0.931585,11.848179,-3.927527,3.028071,0.519730,8.664895,16.333540,1.201084,55.337646,0.909067,12.133184,1.005406,-80.167473,-27.717253,-1.011204,-5.667078,4.139122,4.102529,5.656362,4.422502,1.426802,-2.481897,1.792682,0.934489,7.163130,8064.000000,0.000000,4.000000,,,,0.000000,4.000000,4.000000,4.000000,4.000000,4.000000,4.000000,4.000000,4.000000,4.000000,4.000000,4.000000,4.000000,4.000000,4.000000,4.000000,4.000000,4.000000,4.000000,2.000000,4.000000,4.000000,4.000000,4.000000,4.000000,4.000000,4.000000,4.000000,4.000000,4.000000,4.000000,4.000000,4.000000,83.333336
1614076749.952026,113.000000,0.000000,2.757262,9.577206,6.118854,5.921837,13.686124,6.478709,1.747056,-3.171911,12.349151,-3.410779,-1.077522,-1.532072,6.604948,8.624898,-3.928322,66.051537,-7.296971,31.095411,6.645427,-87.266792,-27.176716,5.656474,-5.661411,1.570880,4.098426,8.214808,4.418079,0.912555,-2.479415,4.354992,0.933555,9.207249,8064.000000,0.000000,4.000000,,,,0.000000,4.000000,4.000000,4.000000,4.000000,4.000000,4.000000,4.000000,4.000000,4.000000,4.000000,4.000000,4.000000,4.000000,4.000000,4.000000,4.000000,4.000000,4.000000,2.000000,4.000000,4.000000,4.000000,4.000000,4.000000,4.000000,4.000000,4.000000,4.000000,4.000000,4.000000,4.000000,4.000000,83.333336
1614076749.959875,114.000000,0.000000,2.754505,5.977885,2.010171,6.428736,11.621156,3.395308,0.206848,-0.604637,12.849623,-2.894548,-4.153367,-3.581822,1.982958,8.616273,-2.385932,80.344460,-8.315314,41.320724,19.459293,-83.589783,-24.585436,-1.015849,-5.655750,1.056489,4.094327,7.693773,4.413661,-3.703742,-2.476936,5.376278,0.932621,9.710862,8064.000000,0.000000,4.000000,,,,0.000000,4.000000,4.000000,4.000000,4.000000,4.000000,4.000000,4.000000,4.000000,4.000000,4.000000,4.000000,4.000000,4.000000,4.000000,4.000000,4.000000,4.000000,4.000000,2.000000,4.000000,4.000000,4.000000,4.000000,4.000000,4.000000,4.000000,4.000000,4.000000,4.000000,4.000000,4.000000,4.000000,83.333336
1614076749.967624,115.000000,0.000000,2.751750,-0.181939,-9.273890,4.371025,7.506971,-1.223472,-1.844641,-10.860442,11.811131,-4.942936,-8.251778,-3.065420,-4.172871,0.402529,-7.511751,48.469246,-9.332641,8.971712,17.388552,-85.044655,-24.048031,-9.219961,-5.137273,2.081074,4.603054,7.173258,4.409247,-6.776962,-2.474459,4.858081,0.931688,4.572946,8064.000000,0.000000,4.000000,,,,0.000000,4.000000,4.000000,4.000000,4.000000,4.000000,4.000000,4.000000,4.000000,4.000000,4.000000,4.000000,4.000000,4.000000,4.000000,4.000000,4.000000,4.000000,4.000000,2.000000,4.000000,4.000000,4.000000,4.000000,4.000000,4.000000,4.000000,4.000000,4.000000,4.000000,4.000000,4.000000,4.000000,83.333336
1614076749.975473,116.000000,0.000000,2.748998,-2.233039,-14.905643,0.776910,5.448182,-2.247890,-2.355617,-16.490608,9.235218,-6.989275,-10.294808,-3.062355,-5.707160,-2.674797,-12.119624,38.677185,-10.861770,-5.396234,9.166036,-84.959610,-25.562445,-1.518434,-5.644957,0.027710,4.085630,8.191727,4.404838,-6.257364,-2.471985,4.853223,0.930757,-4.662396,8064.000000,0.000000,4.000000,,,,0.000000,4.000000,4.000000,4.000000,4.000000,4.000000,4.000000,4.000000,4.000000,4.000000,4.000000,4.000000,4.000000,4.000000,4.000000,4.000000,4.000000,4.000000,4.000000,2.000000,4.000000,4.000000,4.000000,4.000000,4.000000,4.000000,4.000000,4.000000,4.000000,4.000000,4.000000,4.000000,4.000000,83.333336
1614076749.983222,117.000000,0.000000,2.746249,-1.717986,-13.352276,-1.275149,5.955554,-2.758462,-1.840441,-7.243348,8.200342,-7.495106,-6.694770,-3.059292,-4.162991,6.045826,-10.569043,63.766716,-10.338087,6.916855,9.156870,-81.284912,-26.562523,1.047187,-5.639312,-2.023599,4.081544,7.670714,4.400433,-6.251107,-2.469513,5.361191,0.929826,-9.785939,8064.000000,0.000000,4.000000,,,,0.000000,4.000000,4.000000,4.000000,4.000000,4.000000,4.000000,4.000000,4.000000,4.000000,4.000000,4.000000,4.000000,4.000000,4.000000,4.000000,4.000000,4.000000,4.000000,2.000000,4.000000,4.000000,4.000000,4.000000,4.000000,4.000000,4.000000,4.000000,4.000000,4.000000,4.000000,4.000000,4.000000,83.333336
1614076749.991071,118.000000,0.000000,2.743503,-2.229088,-13.851744,-2.299515,5.949599,-5.832627,-2.351421,-1.082258,8.704962,-7.487611,-3.098331,-3.056233,-6.210110,0.911576,-11.071295,50.882435,-10.840569,-0.269549,8.122072,-80.177986,-29.100063,-11.261552,-5.120852,-2.021576,4.590283,7.663043,4.396033,-6.757676,-2.467043,4.843009,0.928896,-9.776154,8064.000000,0.000000,4.000000,,,,0.000000,4.000000,4.000000,4.000000,4.000000,4.000000,4.000000,4.000000,4.000000,4.000000,4.000000,4.000000,4.000000,4.000000,4.000000,4.000000,4.000000,4.000000,4.000000,2.000000,4.000000,4.000000,4.000000,4.000000,4.000000,4.000000,4.000000,4.000000,4.000000,4.000000,4.000000,4.000000,4.000000,83.333336
1614076749.998820,119.000000,0.000000,2.740760,-3.252500,-14.863533,-2.297215,5.430829,-5.826795,-2.349070,-2.619637,8.183436,-7.992944,-3.608053,-3.053177,-9.280823,-12.935490,-16.701248,22.113604,-10.316909,-6.423126,4.524206,-80.610626,-31.122244,-12.275931,-6.654192,-2.532375,2.534411,7.655380,4.391636,-6.750918,-2.977397,5.350986,0.927967,-9.253556,8064.000000,0.000000,4.000000,,,,0.000000,4.000000,4.000000,4.000000,4.000000,4.000000,4.000000,4.000000,4.000000,4.000000,4.000000,4.000000,4.000000,4.000000,4.000000,4.000000,4.000000,4.000000,4.000000,2.000000,4.000000,4.000000,4.000000,4.000000,4.000000,4.000000,4.000000,4.000000,4.000000,4.000000,4.000000,4.000000,4.000000,83.333336
1614076750.006470,120.000000,0.000000,2.738019,-1.710786,-12.797387,-0.243636,5.938218,-2.231224,-1.833900,-1.078556,8.175253,-6.959310,-3.091625,-3.050123,-8.758721,-12.922554,-18.735830,38.501747,-9.793771,6.916631,4.519682,-81.042831,-31.603943,-8.673912,-8.698820,-2.529842,-2.083508,7.647725,4.387245,-6.231347,-2.461599,5.345635,-0.611422,-9.757123,8064.000000,0.000000,4.000000,,,,0.000000,4.000000,4.000000,4.000000,4.000000,4.000000,4.000000,4.000000,4.000000,4.000000,4.000000,4.000000,4.000000,4.000000,4.000000,4.000000,4.000000,4.000000,4.000000,2.000000,4.000000,4.000000,4.000000,4.000000,4.000000,4.000000,4.000000,4.000000,4.000000,4.000000,4.000000,4.000000,4.000000,83.333336
1614076750.014219,121.000000,0.000000,2.735281,-2.221896,-15.861513,-4.858777,5.932280,-1.203352,-2.344887,-2.615939,8.679898,-7.465171,-3.601354,-3.047073,-8.237143,-9.832708,-18.204273,61.027348,-11.322439,-0.269773,3.489521,-84.038719,-38.751827,-15.331905,-9.202942,-1.501671,-3.619886,6.101615,4.382858,-6.225116,-2.459137,2.263367,-2.662093,-9.747366,8064.000000,0.000000,4.000000,,,,0.000000,4.000000,4.000000,4.000000,4.000000,4.000000,4.000000,4.000000,4.000000,4.000000,4.000000,4.000000,4.000000,4.000000,4.000000,4.000000,4.000000,4.000000,4.000000,2.000000,4.000000,4.000000,4.000000,4.000000,4.000000,4.000000,4.000000,4.000000,4.000000,4.000000,4.000000,4.000000,4.000000,83.333336
1614076750.021868,122.000000,0.000000,2.732546,-2.732494,-20.973856,-8.443662,5.413527,-2.740610,-1.829721,-6.203067,7.645577,-8.483347,-1.546470,-3.556847,-9.767366,-8.284414,-18.698889,47.120167,-8.234193,-19.243862,-2.154994,-89.082878,-47.431023,-8.649906,-9.706560,-5.602734,-3.616266,3.531411,4.378475,-6.731711,-3.482319,-2.354281,-3.172251,-9.737619,8064.000000,0.000000,4.000000,,,,0.000000,4.000000,4.000000,4.000000,4.000000,4.000000,4.000000,4.000000,4.000000,4.000000,4.000000,4.000000,4.000000,4.000000,4.000000,4.000000,4.000000,4.000000,4.000000,2.000000,4.000000,4.000000,4.000000,4.000000,4.000000,4.000000,4.000000,4.000000,4.000000,4.000000,4.000000,4.000000,4.000000,83.333336
1614076750.029617,123.000000,0.000000,2.729813,4.962546,-15.311857,1.308372,6.946575,0.851874,1.761852,7.136469,9.689214,-0.269735,7.685845,-2.014828,-6.680676,8.134127,-15.090446,36.816635,1.004810,-11.532310,-2.152839,-87.455338,-40.716927,10.845922,-8.671212,-9.699696,-3.099829,4.040700,4.374096,-5.699338,-0.914734,-2.864748,-2.143438,-8.189420,8064.000000,0.000000,4.000000,,,,0.000000,4.000000,4.000000,4.000000,4.000000,4.000000,4.000000,4.000000,4.000000,4.000000,4.000000,4.000000,4.000000,4.000000,4.000000,4.000000,4.000000,4.000000,4.000000,2.000000,4.000000,4.000000,4.000000,4.000000,4.000000,4.000000,4.000000,4.000000,4.000000,4.000000,4.000000,4.000000,4.000000,83.333336
1614076750.037266,124.000000,0.000000,5.291186,15.726814,-4.527315,13.614756,8.990911,7.517689,5.349834,20.462666,16.346191,9.986944,15.370467,0.038469,2.556774,25.049068,-5.844587,54.728539,6.132010,3.351017,7.592904,-77.111473,-22.214670,12.886359,-2.508695,-5.587431,-1.045447,6.600762,4.369722,-1.078254,4.214386,-2.349062,-0.090013,-6.129948,8064.000000,0.000000,4.000000,,,,0.000000,4.000000,4.000000,4.000000,4.000000,4.000000,4.000000,4.000000,4.000000,4.000000,4.000000,4.000000,4.000000,4.000000,4.000000,4.000000,4.000000,4.000000,4.000000,2.000000,4.000000,4.000000,4.000000,4.000000,4.000000,4.000000,4.000000,4.000000,4.000000,4.000000,4.000000,4.000000,4.000000,83.333336
1614076750.045015,125.000000,0.000000,6.824356,17.249548,-0.933044,13.088321,10.007561,7.510171,6.370125,13.262716,19.919588,9.976957,14.329455,1.064071,7.682422,28.100943,0.827924,74.160988,5.100237,14.629717,15.790439,-68.829231,-8.859122,5.181165,1.083557,1.597643,1.006880,7.619802,4.878173,1.999747,5.748633,-2.346713,0.935719,-5.098177,8064.000000,0.000000,4.000000,,,,0.000000,4.000000,4.000000,4.000000,4.000000,4.000000,4.000000,4.000000,4.000000,4.000000,4.000000,4.000000,4.000000,4.000000,4.000000,4.000000,4.000000,4.000000,4.000000,2.000000,4.000000,4.000000,4.000000,4.000000,4.000000,4.000000,4.000000,4.000000,4.000000,4.000000,4.000000,4.000000,4.000000,83.333336
1614076750.052664,126.000000,0.000000,5.279070,11.591273,-3.496213,9.998309,9.484733,2.374456,3.799652,0.941761,17.335567,3.813134,6.622818,0.550187,7.161919,27.560022,1.852737,83.317596,5.095137,39.743294,18.338751,-67.221939,-7.311801,8.252907,-2.507270,2.108866,0.493053,7.612183,4.873295,0.972106,4.717243,-2.857187,0.934783,-5.093079,8064.000000,0.000000,4.000000,,,,0.000000,4.000000,4.000000,4.000000,4.000000,4.000000,4.000000,4.000000,4.000000,4.000000,4.000000,4.000000,4.000000,4.000000,4.000000,4.000000,4.000000,4.000000,4.000000,2.000000,4.000000,4.000000,4.000000,4.000000,4.000000,4.000000,4.000000,4.000000,4.000000,4.000000,4.000000,4.000000,4.000000,83.333336
1614076750.060413,127.000000,0.000000,2.709689,8.502759,-5.031178,7.937029,9.475248,1.346441,1.744571,1.453640,14.754128,3.296501,3.539273,-0.476005,6.129116,1.891436,0.825243,91.952225,5.090042,51.498421,14.730669,-69.206001,-13.971156,10.808757,-6.094506,1.593937,0.492560,8.117392,4.355601,0.971134,5.225347,-2.341509,0.933848,-5.087986,8064.000000,0.000000,4.000000,,,,0.000000,4.000000,4.000000,4.000000,4.000000,4.000000,4.000000,4.000000,4.000000,4.000000,4.000000,4.000000,4.000000,4.000000,4.000000,4.000000,4.000000,4.000000,4.000000,2.000000,4.000000,4.000000,4.000000,4.000000,4.000000,4.000000,4.000000,4.000000,4.000000,4.000000,4.000000,4.000000,4.000000,83.333336
1614076750.068063,0.000000,0.000000,2.194158,9.519897,-5.538968,3.313707,9.465773,2.370735,2.768467,4.529109,16.790657,4.831666,11.228041,2.601394,7.148628,-30.418148,-0.201223,89.296173,4.572132,33.498203,11.126195,-69.136795,-23.700775,6.695384,-5.062770,2.617984,1.004888,8.109274,4.864066,3.534266,5.732942,-2.339168,0.932914,-5.595719,0.000000,193.000000,4.000000,,,,0.000000,4.000000,4.000000,4.000000,4.000000,4.000000,4.000000,4.000000,4.000000,4.000000,4.000000,4.000000,4.000000,4.000000,4.000000,4.000000,4.000000,4.000000,4.000000,2.000000,4.000000,4.000000,4.000000,4.000000,4.000000,4.000000,4.000000,4.000000,4.000000,4.000000,4.000000,4.000000,4.000000,83.333336
1614076750.075812,1.000000,0.000000,3.730426,10.023198,-6.046249,2.797573,9.456306,2.368364,5.842622,7.088683,16.773867,3.801193,18.396299,7.726998,7.141479,-44.233883,0.311799,64.078674,5.593200,20.644194,17.781734,-66.503555,-27.266817,5.663047,-4.544887,1.589725,0.491062,7.588344,4.859202,5.069193,4.701568,-2.336828,0.931981,-5.077302,0.000000,179.000000,4.000000,,,,0.000000,4.000000,4.000000,4.000000,4.000000,4.000000,4.000000,4.000000,4.000000,4.000000,4.000000,4.000000,4.000000,4.000000,4.000000,4.000000,4.000000,4.000000,4.000000,2.000000,4.000000,4.000000,4.000000,4.000000,4.000000,4.000000,4.000000,4.000000,4.000000,4.000000,4.000000,4.000000,4.000000,83.333336
1614076750.083461,2.000000,0.000000,2.701054,4.884970,-6.040203,1.769134,9.446851,0.827534,3.785497,9.132876,10.603246,1.233289,7.608673,6.693630,2.006133,-11.369137,-3.791077,35.809464,0.972223,9.341497,18.789595,-71.565254,-26.213909,5.144564,-7.617265,2.613776,-2.073531,8.606397,1.264599,5.064124,5.209687,-2.334492,0.931049,-5.585046,0.000000,180.000000,4.000000,,,,0.000000,4.000000,4.000000,4.000000,4.000000,4.000000,4.000000,4.000000,4.000000,4.000000,4.000000,4.000000,4.000000,4.000000,4.000000,4.000000,4.000000,4.000000,4.000000,2.000000,4.000000,4.000000,4.000000,4.000000,4.000000,4.000000,4.000000,4.000000,4.000000,4.000000,4.000000,4.000000,4.000000,83.333336
1614076750.091210,3.000000,0.000000,-4.993954,-1.786582,-6.034163,-6.437763,9.437404,-1.224575,-1.346494,7.072462,4.438797,-0.819226,-7.270730,1.045911,-7.226643,20.437103,-20.197542,20.901859,-8.772340,-22.462715,-0.716375,-87.903946,-30.290260,2.062496,-12.737853,1.585521,-3.609920,6.033688,-2.839230,4.546239,5.204477,-2.844978,0.930118,-9.682025,0.000000,198.000000,4.000000,,,,0.000000,4.000000,4.000000,4.000000,4.000000,4.000000,4.000000,4.000000,4.000000,4.000000,4.000000,4.000000,4.000000,4.000000,4.000000,4.000000,4.000000,4.000000,4.000000,2.000000,4.000000,4.000000,4.000000,4.000000,4.000000,4.000000,4.000000,4.000000,4.000000,4.000000,4.000000,4.000000,4.000000,83.333336
1614076750.098859,4.000000,0.000000,-7.553063,-2.810436,-6.028129,-8.482608,9.427966,-2.248991,-2.370788,6.039748,3.921537,0.207234,-7.263460,0.019224,-9.783519,2.467949,-26.331190,18.316856,-11.327669,-34.747944,-8.920787,-93.969894,-36.926636,2.060434,-13.237936,-9.185295,-3.606310,-1.664654,-3.349211,4.541693,0.071067,-2.329312,0.929188,-12.749266,0.000000,199.000000,4.000000,,,,0.000000,4.000000,4.000000,4.000000,4.000000,4.000000,4.000000,4.000000,4.000000,4.000000,4.000000,4.000000,4.000000,4.000000,4.000000,4.000000,4.000000,4.000000,4.000000,2.000000,4.000000,4.000000,4.000000,4.000000,4.000000,4.000000,4.000000,4.000000,4.000000,4.000000,4.000000,4.000000,4.000000,83.333336
1614076750.106708,5.000000,0.000000,-2.417305,0.782118,-6.022100,-2.833099,9.418538,-1.733922,-1.855597,6.033708,4.943256,1.232668,-1.102350,1.044846,-5.158350,0.927020,-5.792039,40.349819,-5.675316,-3.943966,7.498391,-82.081047,-39.966633,1.032732,-9.634954,-15.842776,-2.577062,-6.791194,-2.833041,5.049972,-6.082850,-3.352624,0.928259,-13.249337,0.000000,177.000000,4.000000,,,,0.000000,4.000000,4.000000,4.000000,4.000000,4.000000,4.000000,4.000000,4.000000,4.000000,4.000000,4.000000,4.000000,4.000000,4.000000,4.000000,4.000000,4.000000,4.000000,2.000000,4.000000,4.000000,4.000000,4.000000,4.000000,4.000000,4.000000,4.000000,4.000000,4.000000,4.000000,4.000000,4.000000,83.333336
1614076750.114457,6.000000,0.000000,-1.389246,1.806977,-5.503258,-1.804625,9.409120,-1.732188,-1.853741,3.463572,4.425493,-1.332667,0.437214,0.530980,-1.050628,25.028656,15.239394,73.129982,-2.592718,24.265106,18.260122,-72.255379,-36.336922,-4.609326,-8.599678,-12.237190,-3.087306,-7.810044,-3.343029,5.044921,-7.102408,-6.426194,0.927331,-13.748908,0.000000,187.000000,4.000000,,,,0.000000,4.000000,4.000000,4.000000,4.000000,4.000000,4.000000,4.000000,4.000000,4.000000,4.000000,4.000000,4.000000,4.000000,4.000000,4.000000,4.000000,4.000000,4.000000,2.000000,4.000000,4.000000,4.000000,4.000000,4.000000,4.000000,4.000000,4.000000,4.000000,4.000000,4.000000,4.000000,4.000000,83.333336
1614076750.122306,7.000000,0.000000,-4.977601,1.292349,-3.446473,-0.264359,8.886890,-1.730456,-2.364708,2.434468,4.421067,1.232768,1.975238,0.017629,-1.049577,30.644653,16.249796,80.749161,-3.102946,27.317764,15.164940,-72.695946,-26.556995,-4.091897,-9.103899,-9.148029,-3.597039,-7.289413,-3.339685,3.501415,-5.556844,-5.906948,0.413583,-10.145415,0.000000,180.000000,4.000000,,,,0.000000,4.000000,4.000000,4.000000,4.000000,4.000000,4.000000,4.000000,4.000000,4.000000,4.000000,4.000000,4.000000,4.000000,4.000000,4.000000,4.000000,4.000000,4.000000,2.000000,4.000000,4.000000,4.000000,4.000000,4.000000,4.000000,4.000000,4.000000,4.000000,4.000000,4.000000,4.000000,4.000000,83.333336
1614076750.130055,8.000000,0.000000,-4.972623,1.803877,-1.904565,6.915393,9.390823,-1.728725,-1.849523,1.919212,4.929467,9.949484,4.537365,0.530432,-1.048528,26.511444,11.105340,62.206875,-2.587022,24.726343,18.226698,-72.623245,-18.325312,4.117324,-9.094795,-7.087600,-1.029339,0.410184,-2.823525,1.446632,-6.576928,3.329728,1.438810,-2.955783,0.000000,180.000000,4.000000,,,,0.000000,4.000000,4.000000,4.000000,4.000000,4.000000,4.000000,4.000000,4.000000,4.000000,4.000000,4.000000,4.000000,4.000000,4.000000,4.000000,4.000000,4.000000,4.000000,2.000000,4.000000,4.000000,4.000000,4.000000,4.000000,4.000000,4.000000,4.000000,4.000000,4.000000,4.000000,4.000000,4.000000,83.333336
1614076750.137904,9.000000,0.000000,-3.942010,1.802074,-2.415481,9.985400,9.381433,-1.726997,-1.847673,-5.775014,4.924537,8.913894,4.532828,0.529901,-1.047479,29.561857,12.632697,64.195946,-2.071615,27.778540,21.798214,-71.012161,-18.819805,5.651668,-8.572880,-0.413845,1.535793,6.563620,-2.820702,0.932364,-6.570352,8.967424,4.001474,-2.440007,0.000000,200.000000,4.000000,,,,0.000000,4.000000,4.000000,4.000000,4.000000,4.000000,4.000000,4.000000,4.000000,4.000000,4.000000,4.000000,4.000000,4.000000,4.000000,4.000000,4.000000,4.000000,4.000000,2.000000,4.000000,4.000000,4.000000,4.000000,4.000000,4.000000,4.000000,4.000000,4.000000,4.000000,4.000000,4.000000,4.000000,83.333336
1614076750.145653,10.000000,0.000000,-4.450888,1.800272,-4.977168,6.385671,6.295128,-1.725270,-1.845826,-8.333342,4.919613,-3.915533,4.015475,0.529371,-0.533611,24.404089,13.645705,84.131752,-2.582364,34.930248,18.699493,-71.453972,-21.877909,-1.020650,-9.077127,1.637851,-2.055487,0.916030,-2.817881,-0.094209,-6.050961,1.778970,2.971832,-5.514490,0.000000,199.000000,4.000000,,,,0.000000,4.000000,4.000000,4.000000,4.000000,4.000000,4.000000,4.000000,4.000000,4.000000,4.000000,4.000000,4.000000,4.000000,4.000000,4.000000,4.000000,4.000000,4.000000,2.000000,4.000000,4.000000,4.000000,4.000000,4.000000,4.000000,4.000000,4.000000,4.000000,4.000000,4.000000,4.000000,4.000000,83.333336
1614076750.153502,11.000000,0.000000,-4.446437,1.285651,-5.997831,5.353645,2.699090,-1.723544,-1.843980,5.521145,4.914693,-9.039823,4.524280,0.528842,-0.533077,15.148916,9.529495,83.021980,-2.066961,34.895317,20.219255,-71.895340,-22.368853,-5.635015,-9.068050,-1.953531,-6.668816,-4.213091,-2.815063,-2.145397,-6.044909,-6.427938,0.917578,-5.508976,0.000000,204.000000,4.000000,,,,0.000000,4.000000,4.000000,4.000000,4.000000,4.000000,4.000000,4.000000,4.000000,4.000000,4.000000,4.000000,4.000000,4.000000,4.000000,4.000000,4.000000,4.000000,4.000000,2.000000,4.000000,4.000000,4.000000,4.000000,4.000000,4.000000,4.000000,4.000000,4.000000,4.000000,4.000000,4.000000,4.000000,83.333336
1614076750.161251,12.000000,0.000000,-4.441991,1.797186,-5.991834,6.373932,4.234852,-1.721821,-1.842136,17.310495,4.909779,-4.415398,4.519755,0.528313,-3.609468,15.133767,1.827658,54.733829,-2.577714,13.321961,19.686216,-71.823441,-21.833662,-1.526815,-9.058983,-1.951577,-7.174968,-2.157596,-2.812248,-3.168892,-6.038865,-6.421509,0.916660,-4.990646,0.000000,172.000000,4.000000,,,,0.000000,4.000000,4.000000,4.000000,4.000000,4.000000,4.000000,4.000000,4.000000,4.000000,4.000000,4.000000,4.000000,4.000000,4.000000,4.000000,4.000000,4.000000,4.000000,2.000000,4.000000,4.000000,4.000000,4.000000,4.000000,4.000000,4.000000,4.000000,4.000000,4.000000,4.000000,4.000000,4.000000,83.333336
1614076750.169100,13.000000,0.000000,-4.437549,1.795388,-5.985842,6.367558,6.281899,-1.720099,-1.840294,12.677801,4.904869,-2.872521,4.002415,0.527785,-8.221243,13.067351,-4.328016,28.525249,-5.652060,-15.409309,7.358837,-71.751617,-22.837469,8.731122,-9.049923,-1.436805,-6.142151,-4.206720,-2.809436,-3.165724,-6.032826,-5.389447,0.402923,-5.498476,0.000000,171.000000,4.000000,,,,0.000000,4.000000,4.000000,4.000000,4.000000,4.000000,4.000000,4.000000,4.000000,4.000000,4.000000,4.000000,4.000000,4.000000,4.000000,4.000000,4.000000,4.000000,4.000000,2.000000,4.000000,4.000000,4.000000,4.000000,4.000000,4.000000,4.000000,4.000000,4.000000,4.000000,4.000000,4.000000,4.000000,83.333336
1614076750.176849,14.000000,0.000000,-4.433111,1.280772,-5.979856,5.848370,5.249977,-1.718379,-1.838453,8.562559,4.899964,-4.408110,3.998413,0.527257,-8.725842,5.361977,-7.400611,29.522366,-6.672049,-17.958002,-2.392111,-71.679871,-25.378735,9.748032,-9.040874,-1.948189,-6.648830,-6.253796,-2.806627,-2.136917,-6.026793,-6.409698,1.940982,-5.492977,0.000000,204.000000,4.000000,,,,0.000000,4.000000,4.000000,4.000000,4.000000,4.000000,4.000000,4.000000,4.000000,4.000000,4.000000,4.000000,4.000000,4.000000,4.000000,4.000000,4.000000,4.000000,4.000000,2.000000,4.000000,4.000000,4.000000,4.000000,4.000000,4.000000,4.000000,4.000000,4.000000,4.000000,4.000000,4.000000,4.000000,83.333336
1614076750.184698,15.000000,0.000000,-4.428678,2.305133,-5.973876,5.842522,5.244727,-1.716661,-1.836615,12.656560,4.895064,-3.890882,4.507235,1.039550,-8.204295,3.305332,-7.906031,41.287716,-5.639736,-1.529788,1.200024,-71.608185,-26.378998,-5.646332,-9.031833,-1.946241,-7.155002,0.419125,-2.803820,-0.083498,-6.020766,-6.403289,6.554425,-5.487484,0.000000,218.000000,4.000000,,,,0.000000,4.000000,4.000000,4.000000,4.000000,4.000000,4.000000,4.000000,4.000000,4.000000,4.000000,4.000000,4.000000,4.000000,4.000000,4.000000,4.000000,4.000000,4.000000,2.000000,4.000000,4.000000,4.000000,4.000000,4.000000,4.000000,4.000000,4.000000,4.000000,4.000000,4.000000,4.000000,4.000000,83.333336
1614076750.192447,16.000000,0.000000,-4.424250,4.866930,-5.967902,6.349500,5.752302,-1.714944,-1.834778,11.618263,4.890169,-3.374170,0.400164,-1.525592,-8.708912,2.789207,-7.385304,35.605404,-7.172557,6.164050,8.378311,-71.536583,-29.429541,-13.845814,-9.022800,-1.944295,-6.635026,4.008450,-2.801016,1.455047,-6.014745,-5.884065,6.035050,-4.969176,0.000000,210.000000,4.000000,,,,0.000000,4.000000,4.000000,4.000000,4.000000,4.000000,4.000000,4.000000,4.000000,4.000000,4.000000,4.000000,4.000000,4.000000,4.000000,4.000000,4.000000,4.000000,4.000000,2.000000,4.000000,4.000000,4.000000,4.000000,4.000000,4.000000,4.000000,4.000000,4.000000,4.000000,4.000000,4.000000,4.000000,83.333336
1614076750.200296,17.000000,0.000000,-4.419825,5.887704,-5.961935,5.317509,5.233729,-1.713229,-1.832943,4.939978,4.885279,-3.370796,-4.215621,-3.575348,-8.187383,2.786417,-7.890739,28.903130,-9.216667,-2.560063,9.908395,-71.465042,-33.502674,-2.037096,-9.013778,-1.942350,-7.141212,-1.636585,-4.336677,0.940772,-6.008731,-6.391001,1.926451,-5.477027,0.000000,191.000000,4.000000,,,,0.000000,4.000000,4.000000,4.000000,4.000000,4.000000,4.000000,4.000000,4.000000,4.000000,4.000000,4.000000,4.000000,4.000000,4.000000,4.000000,4.000000,4.000000,4.000000,2.000000,4.000000,4.000000,4.000000,4.000000,4.000000,4.000000,4.000000,4.000000,4.000000,4.000000,4.000000,4.000000,4.000000,83.333336
1614076750.208046,18.000000,0.000000,-6.979508,5.368996,-5.955973,2.748089,6.254137,-1.711516,-1.831111,0.319653,4.880394,-3.367425,-2.672944,-3.058952,-6.640733,18.681067,-7.370028,47.848587,-8.181809,-10.249811,0.154897,-71.906395,-34.494816,5.657249,-9.517585,-1.940408,-6.621250,-4.199050,-6.896442,0.939831,-6.002722,-5.871790,0.386063,-5.984371,0.000000,202.000000,4.000000,,,,0.000000,4.000000,4.000000,4.000000,4.000000,4.000000,4.000000,4.000000,4.000000,4.000000,4.000000,4.000000,4.000000,4.000000,4.000000,4.000000,4.000000,4.000000,4.000000,2.000000,4.000000,4.000000,4.000000,4.000000,4.000000,4.000000,4.000000,4.000000,4.000000,4.000000,4.000000,4.000000,4.000000,83.333336
1614076750.215795,19.000000,0.000000,-7.998169,5.363627,-5.950016,1.719700,8.811985,-1.709804,-1.829279,0.832154,4.875513,-3.364058,0.406652,-4.081534,-3.044349,36.098282,-0.695992,70.364838,-5.609525,1.555311,-5.999104,-70.296028,-31.383396,-0.502255,-8.482426,-1.938468,-6.614629,-2.656390,-6.889546,0.938891,-5.996719,-5.865918,-0.639964,-4.952746,0.000000,213.000000,4.000000,,,,0.000000,4.000000,4.000000,4.000000,4.000000,4.000000,4.000000,4.000000,4.000000,4.000000,4.000000,4.000000,4.000000,4.000000,4.000000,4.000000,4.000000,4.000000,4.000000,2.000000,4.000000,4.000000,4.000000,4.000000,4.000000,4.000000,4.000000,4.000000,4.000000,4.000000,4.000000,4.000000,4.000000,83.333336
1614076750.223544,20.000000,0.000000,-6.451710,5.358263,-5.944067,2.230801,9.828815,-1.708094,-1.827450,6.472348,4.870637,-3.873514,0.919066,-3.051812,1.574080,35.036545,4.432909,70.807297,-6.116736,27.707602,14.006895,-67.148811,-27.762270,-2.553034,-8.986764,-1.936529,-7.120834,-3.166554,-4.318554,0.937952,-5.990723,-6.372873,-2.690606,-6.486255,0.000000,191.000000,4.000000,,,,0.000000,4.000000,4.000000,4.000000,4.000000,4.000000,4.000000,4.000000,4.000000,4.000000,4.000000,4.000000,4.000000,4.000000,4.000000,4.000000,4.000000,4.000000,4.000000,2.000000,4.000000,4.000000,4.000000,4.000000,4.000000,4.000000,4.000000,4.000000,4.000000,4.000000,4.000000,4.000000,4.000000,83.333336
1614076750.231193,21.000000,0.000000,-4.906796,5.352905,-5.938122,2.228570,9.306165,-1.706386,-1.825623,15.696645,4.865767,-1.305538,1.943788,5.669188,3.110967,30.386124,3.915656,65.608284,-6.623439,45.115791,37.582630,-68.107300,-23.119123,3.090544,-9.490598,-1.934592,-5.575252,-3.676208,-2.775774,0.937014,-6.497552,-5.340859,-0.636633,-9.043871,0.000000,171.000000,4.000000,,,,0.000000,4.000000,4.000000,4.000000,4.000000,4.000000,4.000000,4.000000,4.000000,4.000000,4.000000,4.000000,4.000000,4.000000,4.000000,4.000000,4.000000,4.000000,4.000000,2.000000,4.000000,4.000000,4.000000,4.000000,4.000000,4.000000,4.000000,4.000000,4.000000,4.000000,4.000000,4.000000,4.000000,83.333336
1614076750.238942,22.000000,0.000000,-1.312146,5.347552,-6.445005,2.226341,9.809679,-1.704680,-1.823797,17.732229,4.860901,1.259870,4.505947,12.843007,4.133497,29.330095,5.963023,74.773445,-4.565534,42.506573,28.827101,-67.526375,-21.557543,7.702838,-4.352902,-1.932658,-0.954292,-3.672532,-2.772998,0.936077,-5.465414,-0.720133,0.902465,-6.470725,0.000000,193.000000,4.000000,,,,0.000000,4.000000,4.000000,4.000000,4.000000,4.000000,4.000000,4.000000,4.000000,4.000000,4.000000,4.000000,4.000000,4.000000,4.000000,4.000000,4.000000,4.000000,4.000000,2.000000,4.000000,4.000000,4.000000,4.000000,4.000000,4.000000,4.000000,4.000000,4.000000,4.000000,4.000000,4.000000,4.000000,83.333336
1614076750.246691,23.000000,0.000000,3.304551,5.342205,-5.412919,1.711295,8.774229,-1.702975,-1.821973,11.047831,4.856040,-1.818313,3.988620,10.778882,3.103723,13.403330,2.367316,74.185852,-2.509686,22.976887,9.823914,-65.407570,-26.151369,5.643854,-0.245985,0.633377,1.610765,-3.156039,-2.770225,0.935141,-3.408666,1.844689,0.901562,-2.361690,0.000000,197.000000,4.000000,,,,0.000000,4.000000,4.000000,4.000000,4.000000,4.000000,4.000000,4.000000,4.000000,4.000000,4.000000,4.000000,4.000000,4.000000,4.000000,4.000000,4.000000,4.000000,4.000000,2.000000,4.000000,4.000000,4.000000,4.000000,4.000000,4.000000,4.000000,4.000000,4.000000,4.000000,4.000000,4.000000,4.000000,83.333336
1614076750.254440,24.000000,0.000000,2.275605,5.336863,-2.843403,2.222404,6.201352,-1.701272,-1.820151,8.985501,4.851184,-6.944700,-4.733317,8.204000,-9.719893,-5.584433,-17.122231,41.803970,-1.994356,-9.353782,7.249988,-76.111389,-32.279064,-4.105380,-5.373944,2.171206,0.583513,-3.152883,-2.767455,0.934206,-1.866796,1.330024,0.900661,-1.333687,0.000000,214.000000,4.000000,,,,0.000000,4.000000,4.000000,4.000000,4.000000,4.000000,4.000000,4.000000,4.000000,4.000000,4.000000,4.000000,4.000000,4.000000,4.000000,4.000000,4.000000,4.000000,4.000000,2.000000,4.000000,4.000000,4.000000,4.000000,4.000000,4.000000,4.000000,4.000000,4.000000,4.000000,4.000000,4.000000,4.000000,83.333336
1614076750.262089,25.000000,0.000000,-0.803594,5.331526,-1.814919,4.271463,5.682330,-1.699571,-1.818331,11.027798,4.846333,-7.450576,-16.523457,6.657335,-24.069149,-9.681413,-34.541004,13.044219,-2.505182,-27.293146,7.755558,-89.881432,-33.785248,-12.819223,-9.983955,-0.395068,-2.493994,-3.662550,-2.764687,0.933272,-2.377750,0.815874,-0.125881,-2.357994,0.000000,226.000000,4.000000,,,,0.000000,4.000000,4.000000,4.000000,4.000000,4.000000,4.000000,4.000000,4.000000,4.000000,4.000000,4.000000,4.000000,4.000000,4.000000,4.000000,4.000000,4.000000,4.000000,2.000000,4.000000,4.000000,4.000000,4.000000,4.000000,4.000000,4.000000,4.000000,4.000000,4.000000,4.000000,4.000000,4.000000,83.333336
1614076750.269838,26.000000,0.000000,1.248492,5.326194,-2.325924,5.805654,5.163827,-1.697871,-1.816513,5.375744,4.841486,-6.930305,-18.045393,3.060934,-21.993797,-7.620449,-30.403900,33.543995,-2.502677,-1.112007,10.311905,-82.612061,-33.238640,-10.242302,-8.948330,-2.445955,-2.491500,-2.633247,-2.761923,0.419518,-2.375372,1.840699,2.438347,-2.355636,0.000000,128.000000,4.000000,,,,0.000000,4.000000,4.000000,4.000000,4.000000,4.000000,4.000000,4.000000,4.000000,4.000000,4.000000,4.000000,4.000000,4.000000,4.000000,4.000000,4.000000,4.000000,4.000000,2.000000,4.000000,4.000000,4.000000,4.000000,4.000000,4.000000,4.000000,4.000000,4.000000,4.000000,4.000000,4.000000,4.000000,83.333336
1614076750.277488,27.000000,0.000000,3.298526,5.320868,-2.323599,5.799848,5.671484,-1.696174,-1.814696,-5.911683,4.323824,-7.436195,-11.873503,0.493770,-15.817957,-7.100008,-20.629908,57.100197,-1.987354,19.401926,11.840055,-69.708939,-33.205402,-4.591034,-8.939382,-1.930689,-0.437726,2.497591,-3.271981,0.931919,-2.885817,0.813217,9.615396,-1.840460,0.000000,206.000000,4.000000,,,,0.000000,4.000000,4.000000,4.000000,4.000000,4.000000,4.000000,4.000000,4.000000,4.000000,4.000000,4.000000,4.000000,4.000000,4.000000,4.000000,4.000000,4.000000,4.000000,2.000000,4.000000,4.000000,4.000000,4.000000,4.000000,4.000000,4.000000,4.000000,4.000000,4.000000,4.000000,4.000000,4.000000,83.333336
1614076750.285237,28.000000,0.000000,3.295227,5.315547,-2.321275,5.794048,7.717094,-1.694477,-1.812882,-10.521155,4.319501,-7.428759,-11.348808,-0.019544,-18.879063,-8.631370,-24.711842,27.812326,-2.498187,-12.925169,-1.505119,-71.690514,-33.685017,-5.612084,-6.879160,-1.928758,0.588353,7.110478,-1.217427,0.930987,-2.370111,1.325224,11.657063,1.238304,0.000000,188.000000,4.000000,,,,0.000000,4.000000,4.000000,4.000000,4.000000,4.000000,4.000000,4.000000,4.000000,4.000000,4.000000,4.000000,4.000000,4.000000,4.000000,4.000000,4.000000,4.000000,4.000000,2.000000,4.000000,4.000000,4.000000,4.000000,4.000000,4.000000,4.000000,4.000000,4.000000,4.000000,4.000000,4.000000,4.000000,83.333336
1614076750.292886,29.000000,0.000000,4.830393,4.797411,-2.318954,5.788254,8.735019,-1.692783,-1.811069,-6.408071,4.828001,-6.908509,-9.798998,-0.532345,-14.757619,-8.109918,-25.199949,9.835795,-2.495689,-31.373781,-4.067716,-69.054718,-34.164154,-5.606472,-0.205614,-1.926829,0.587764,8.129009,0.835072,0.417236,-0.316459,5.426463,8.055662,4.313988,0.000000,193.000000,4.000000,,,,0.000000,4.000000,4.000000,4.000000,4.000000,4.000000,4.000000,4.000000,4.000000,4.000000,4.000000,4.000000,4.000000,4.000000,4.000000,4.000000,4.000000,4.000000,4.000000,2.000000,4.000000,4.000000,4.000000,4.000000,4.000000,4.000000,4.000000,4.000000,4.000000,4.000000,4.000000,4.000000,4.000000,83.333336
1614076750.300635,30.000000,0.000000,5.338384,5.818254,-2.829455,3.218363,6.162181,-2.203911,-1.809258,-5.376021,4.310353,-7.414422,1.492852,1.519469,-2.947989,2.154603,-7.226032,42.646473,-1.980373,1.478105,20.551737,-58.729256,-31.565886,-3.036762,2.871514,0.639200,3.151279,7.608059,0.834237,1.442459,1.222319,8.497960,7.534786,5.848136,0.000000,188.000000,4.000000,,,,0.000000,4.000000,4.000000,4.000000,4.000000,4.000000,4.000000,4.000000,4.000000,4.000000,4.000000,4.000000,4.000000,4.000000,4.000000,4.000000,4.000000,4.000000,4.000000,2.000000,4.000000,4.000000,4.000000,4.000000,4.000000,4.000000,4.000000,4.000000,4.000000,4.000000,4.000000,4.000000,4.000000,83.333336
1614076750.308284,31.000000,0.000000,3.281763,8.376539,-1.800985,1.676683,5.130377,-1.688886,-1.807448,-6.909107,4.818863,-4.842905,9.183667,4.082052,-0.380939,14.460140,5.088886,69.783310,-4.029675,24.040730,20.531185,-66.362831,-28.457397,-0.982444,2.355822,2.177022,4.686589,8.113272,0.833403,4.005119,1.733917,9.002282,8.552893,7.380749,0.000000,198.000000,4.000000,,,,0.000000,4.000000,4.000000,4.000000,4.000000,4.000000,4.000000,4.000000,4.000000,4.000000,4.000000,4.000000,4.000000,4.000000,4.000000,4.000000,4.000000,4.000000,4.000000,2.000000,4.000000,4.000000,4.000000,4.000000,4.000000,4.000000,4.000000,4.000000,4.000000,4.000000,4.000000,4.000000,4.000000,83.333336
1614076750.316033,32.000000,0.000000,2.252840,9.393804,0.252098,3.726289,5.638068,-0.148736,-1.805641,-3.312454,8.916609,-0.735497,8.148843,2.026688,-4.483122,13.420039,-5.685433,40.995583,-6.076927,-8.291004,-6.668834,-82.193909,-29.967402,-0.468641,1.840646,1.662025,4.169082,8.105159,0.832570,5.026755,4.296286,8.480459,8.031519,9.424650,8064.000000,0.000000,4.000000,,,,0.000000,4.000000,4.000000,4.000000,4.000000,4.000000,4.000000,4.000000,4.000000,4.000000,4.000000,4.000000,4.000000,4.000000,4.000000,4.000000,4.000000,4.000000,4.000000,2.000000,4.000000,4.000000,4.000000,4.000000,4.000000,4.000000,4.000000,4.000000,4.000000,4.000000,4.000000,4.000000,4.000000,83.333336
1614076750.323682,33.000000,0.000000,3.276228,8.871589,1.790308,5.773844,5.632430,1.902695,-1.803835,1.306243,12.497436,0.803700,8.653514,2.024662,-4.478639,8.278414,-15.423338,24.544329,-6.583671,-20.590405,-1.021140,-75.957863,-29.424612,-2.006634,2.351626,1.147542,4.164913,7.584233,0.318916,4.508908,5.830451,8.471979,8.023487,9.415226,8064.000000,0.000000,4.000000,,,,0.000000,4.000000,4.000000,4.000000,4.000000,4.000000,4.000000,4.000000,4.000000,4.000000,4.000000,4.000000,4.000000,4.000000,4.000000,4.000000,4.000000,4.000000,4.000000,2.000000,4.000000,4.000000,4.000000,4.000000,4.000000,4.000000,4.000000,4.000000,4.000000,4.000000,4.000000,4.000000,4.000000,83.333336
1614076750.331431,34.000000,0.000000,2.760132,8.862718,1.275697,5.768071,5.626797,2.413613,-1.289211,2.843398,11.972117,0.290075,6.593579,6.638021,-3.448519,8.782956,-12.843812,35.801838,-6.064266,3.019929,24.108088,-60.497292,-20.164419,-2.004627,5.426197,2.172036,4.160748,7.576649,2.369879,4.504399,4.286160,8.463507,8.015464,8.892990,8064.000000,0.000000,4.000000,,,,0.000000,4.000000,4.000000,4.000000,4.000000,4.000000,4.000000,4.000000,4.000000,4.000000,4.000000,4.000000,4.000000,4.000000,4.000000,4.000000,4.000000,4.000000,4.000000,2.000000,4.000000,4.000000,4.000000,4.000000,4.000000,4.000000,4.000000,4.000000,4.000000,4.000000,4.000000,4.000000,4.000000,83.333336
1614076750.339081,35.000000,0.000000,2.757372,8.853855,1.274421,5.762302,5.621171,1.898379,-2.313563,1.302093,11.447325,0.289785,0.433139,7.144204,-6.009173,5.184430,-13.856609,36.791676,-6.058202,7.632293,22.032696,-59.923973,-19.118614,5.689685,4.907950,4.733966,4.156588,7.569072,4.418792,4.499895,1.717771,8.455044,8.007448,9.396917,8064.000000,0.000000,4.000000,,,,0.000000,4.000000,4.000000,4.000000,4.000000,4.000000,4.000000,4.000000,4.000000,4.000000,4.000000,4.000000,4.000000,4.000000,4.000000,4.000000,4.000000,4.000000,4.000000,2.000000,4.000000,4.000000,4.000000,4.000000,4.000000,4.000000,4.000000,4.000000,4.000000,4.000000,4.000000,4.000000,4.000000,83.333336
1614076750.346830,36.000000,0.000000,2.754614,8.845001,1.273147,5.756540,5.615549,1.896480,-4.875352,1.813612,11.948698,0.289496,0.945526,4.060137,-8.567266,0.563861,-17.945316,33.677959,-6.052144,1.983635,12.267075,-66.530716,-29.355906,8.760919,-2.276445,5.754873,4.152431,7.561503,2.875911,4.495395,1.203232,8.446589,7.999441,8.874701,8064.000000,0.000000,4.000000,,,,0.000000,4.000000,4.000000,4.000000,4.000000,4.000000,4.000000,4.000000,4.000000,4.000000,4.000000,4.000000,4.000000,4.000000,4.000000,4.000000,4.000000,4.000000,4.000000,2.000000,4.000000,4.000000,4.000000,4.000000,4.000000,4.000000,4.000000,4.000000,4.000000,4.000000,4.000000,4.000000,4.000000,83.333336
1614076750.354479,37.000000,0.000000,2.751860,9.348976,1.271874,5.750783,5.609933,1.894584,-5.896118,2.324619,11.936749,0.289206,3.508683,3.543256,-8.558700,2.101758,-18.440191,26.464796,-6.046092,-7.249117,9.177884,-66.977005,-34.454754,-0.991432,-6.376732,3.185016,4.148278,7.553942,0.821753,5.003720,1.202029,8.438142,7.991442,9.378646,8064.000000,0.000000,4.000000,,,,0.000000,4.000000,4.000000,4.000000,4.000000,4.000000,4.000000,4.000000,4.000000,4.000000,4.000000,4.000000,4.000000,4.000000,4.000000,4.000000,4.000000,4.000000,4.000000,2.000000,4.000000,4.000000,4.000000,4.000000,4.000000,4.000000,4.000000,4.000000,4.000000,4.000000,4.000000,4.000000,4.000000,83.333336
1614076750.362328,38.000000,0.000000,3.261928,8.826807,1.270602,5.745033,5.604324,1.892689,-5.377401,-0.241809,11.924812,0.288917,-2.648672,4.565354,-8.550140,2.099656,-18.934572,14.130638,-6.552866,-19.549561,-0.062063,-65.884392,-33.394657,-5.605825,-5.857535,1.643369,4.144130,7.546388,0.308111,4.485896,1.200827,8.429704,7.983450,9.369267,8064.000000,0.000000,4.000000,,,,0.000000,4.000000,4.000000,4.000000,4.000000,4.000000,4.000000,4.000000,4.000000,4.000000,4.000000,4.000000,4.000000,4.000000,4.000000,4.000000,4.000000,4.000000,4.000000,2.000000,4.000000,4.000000,4.000000,4.000000,4.000000,4.000000,4.000000,4.000000,4.000000,4.000000,4.000000,4.000000,4.000000,83.333336
1614076750.370077,39.000000,0.000000,1.720205,9.330801,1.269331,5.739288,5.598719,1.890797,-5.372024,-2.292849,11.912888,-0.224193,-7.774228,4.047968,-8.541591,0.046275,-17.377176,25.398560,-6.033493,-2.606934,0.450820,-66.331322,-37.976650,0.553627,-5.338857,1.641726,4.139986,7.538841,1.333444,4.481410,1.199626,8.421274,7.975467,5.257334,8064.000000,0.000000,4.000000,,,,0.000000,4.000000,4.000000,4.000000,4.000000,4.000000,4.000000,4.000000,4.000000,4.000000,4.000000,4.000000,4.000000,4.000000,4.000000,4.000000,4.000000,4.000000,4.000000,2.000000,4.000000,4.000000,4.000000,4.000000,4.000000,4.000000,4.000000,4.000000,4.000000,4.000000,4.000000,4.000000,4.000000,83.333336
1614076750.377926,40.000000,0.000000,3.256946,9.321470,1.268062,5.733549,5.593121,1.888906,-5.366652,2.324829,11.900975,1.827314,-1.612608,4.043920,-8.020228,3.635972,-14.282876,40.244957,-5.514639,12.267467,11.732420,-65.239349,-35.374569,2.091535,-3.795057,1.640084,4.135846,8.044123,3.383393,5.502570,1.711247,8.412853,7.967491,1.149513,8064.000000,0.000000,4.000000,,,,0.000000,4.000000,4.000000,4.000000,4.000000,4.000000,4.000000,4.000000,4.000000,4.000000,4.000000,4.000000,4.000000,4.000000,4.000000,4.000000,4.000000,4.000000,4.000000,2.000000,4.000000,4.000000,4.000000,4.000000,4.000000,4.000000,4.000000,4.000000,4.000000,4.000000,4.000000,4.000000,4.000000,83.333336
1614076750.385675,41.000000,0.000000,6.843433,6.235225,1.266794,5.727815,5.587527,1.887017,-5.361285,8.476350,11.889074,6.440871,6.594133,4.039876,-8.012208,7.222080,-15.294234,26.358557,-6.534765,-11.334543,3.515559,-66.712578,-24.569963,3.115084,-1.739980,1.638444,3.618890,6.497617,4.918471,2.420144,0.171074,8.917260,8.472344,1.148363,8064.000000,0.000000,4.000000,,,,0.000000,4.000000,4.000000,4.000000,4.000000,4.000000,4.000000,4.000000,4.000000,4.000000,4.000000,4.000000,4.000000,4.000000,4.000000,4.000000,4.000000,4.000000,4.000000,2.000000,4.000000,4.000000,4.000000,4.000000,4.000000,4.000000,4.000000,4.000000,4.000000,4.000000,4.000000,4.000000,4.000000,83.333336
1614076750.393524,42.000000,0.000000,4.272487,1.613605,1.265527,5.722087,5.581940,1.885130,-5.355924,8.980694,11.877185,8.485712,9.151642,4.035836,-4.927273,12.343062,-9.637914,30.947582,-6.015410,-7.220645,-1.616161,-66.645866,-21.981291,8.240174,-1.738240,1.636806,4.640912,3.927017,4.400732,-2.197661,-2.393199,7.369882,6.925410,0.634394,8064.000000,0.000000,4.000000,,,,0.000000,4.000000,4.000000,4.000000,4.000000,4.000000,4.000000,4.000000,4.000000,4.000000,4.000000,4.000000,4.000000,4.000000,4.000000,4.000000,4.000000,4.000000,4.000000,2.000000,4.000000,4.000000,4.000000,4.000000,4.000000,4.000000,4.000000,4.000000,4.000000,4.000000,4.000000,4.000000,4.000000,83.333336
1614076750.401273,43.000000,0.000000,-0.859991,1.099171,1.264261,5.716365,5.576358,1.883245,-5.350567,11.022995,11.865308,7.451585,10.168131,6.083083,3.795603,23.612770,6.781980,63.737148,-0.881189,25.607088,24.539301,-57.348446,-19.395208,3.616549,-1.736501,1.635169,6.687553,3.410270,4.396331,-3.221104,-2.903626,5.311230,4.867203,-2.443163,8064.000000,0.000000,4.000000,,,,0.000000,4.000000,4.000000,4.000000,4.000000,4.000000,4.000000,4.000000,4.000000,4.000000,4.000000,4.000000,4.000000,4.000000,4.000000,4.000000,4.000000,4.000000,4.000000,2.000000,4.000000,4.000000,4.000000,4.000000,4.000000,4.000000,4.000000,4.000000,4.000000,4.000000,4.000000,4.000000,4.000000,83.333336
1614076750.409122,44.000000,0.000000,2.730613,1.610893,1.262997,5.710649,5.570782,1.881361,-5.345217,16.140177,11.853442,7.444134,12.722065,8.641102,8.920012,27.178902,9.339301,64.186234,1.683794,31.222507,38.873737,-52.675716,-11.170685,-5.617836,-1.734765,1.633534,8.219327,3.919680,4.904755,-2.705063,-2.387902,4.280278,3.836695,-2.440720,8064.000000,0.000000,4.000000,,,,0.000000,4.000000,4.000000,4.000000,4.000000,4.000000,4.000000,4.000000,4.000000,4.000000,4.000000,4.000000,4.000000,4.000000,4.000000,4.000000,4.000000,4.000000,4.000000,2.000000,4.000000,4.000000,4.000000,4.000000,4.000000,4.000000,4.000000,4.000000,4.000000,4.000000,4.000000,4.000000,4.000000,83.333336
1614076750.416871,45.000000,0.000000,6.830446,1.609282,1.261734,5.704938,5.565211,1.879480,-5.339872,14.585576,11.841589,8.462331,11.683702,6.068358,0.705964,21.510696,-6.567474,31.814352,-3.958915,-1.116408,13.706657,-65.443550,-14.236437,-5.099398,-1.733030,1.631900,8.211107,3.915760,2.848568,-2.702358,-2.898335,4.788818,4.345678,0.638644,8064.000000,0.000000,4.000000,,,,0.000000,4.000000,4.000000,4.000000,4.000000,4.000000,4.000000,4.000000,4.000000,4.000000,4.000000,4.000000,4.000000,4.000000,4.000000,4.000000,4.000000,4.000000,4.000000,2.000000,4.000000,4.000000,4.000000,4.000000,4.000000,4.000000,4.000000,4.000000,4.000000,4.000000,4.000000,4.000000,4.000000,83.333336
1614076750.424720,46.000000,0.000000,3.746693,1.094852,1.260472,6.212054,5.559646,1.877601,-5.334532,8.929965,11.829747,5.889766,3.466890,1.446905,-9.551152,14.822520,-15.278855,18.962025,-9.595982,-22.140932,-8.358332,-77.685799,-24.991430,-1.504555,-1.731297,2.655909,8.202896,3.911844,1.820079,-3.212476,-1.869796,4.784029,4.341333,2.176467,8064.000000,0.000000,4.000000,,,,0.000000,4.000000,4.000000,4.000000,4.000000,4.000000,4.000000,4.000000,4.000000,4.000000,4.000000,4.000000,4.000000,4.000000,4.000000,4.000000,4.000000,4.000000,4.000000,2.000000,4.000000,4.000000,4.000000,4.000000,4.000000,4.000000,4.000000,4.000000,4.000000,4.000000,4.000000,4.000000,4.000000,83.333336
1614076750.432469,47.000000,0.000000,2.204484,1.606578,1.259212,4.667380,5.554086,1.875723,-5.329197,3.280009,11.817918,1.781312,-3.203243,-0.093003,-12.105703,4.038466,-13.212295,23.045628,-10.612026,-15.452125,1.393617,-74.531189,-25.479259,-1.503050,-2.242386,2.140433,7.681873,3.907933,3.356720,-2.696443,0.696177,4.266425,4.336991,1.661470,8064.000000,0.000000,4.000000,,,,0.000000,4.000000,4.000000,4.000000,4.000000,4.000000,4.000000,4.000000,4.000000,4.000000,4.000000,4.000000,4.000000,4.000000,4.000000,4.000000,4.000000,4.000000,4.000000,2.000000,4.000000,4.000000,4.000000,4.000000,4.000000,4.000000,4.000000,4.000000,4.000000,4.000000,4.000000,4.000000,4.000000,83.333336
1614076750.440318,48.000000,0.000000,5.792024,1.604971,1.257953,2.098610,5.548532,1.873847,-5.323868,-1.851476,11.806100,-0.271751,-5.251322,0.419910,-11.067957,-3.657880,-13.199082,31.227711,-6.498850,0.973584,15.238377,-66.251534,-26.479422,-1.501547,-1.727323,0.599831,8.187012,3.391204,4.379004,-2.693746,1.721122,4.262158,4.332654,1.146988,8064.000000,0.000000,4.000000,,,,0.000000,4.000000,4.000000,4.000000,4.000000,4.000000,4.000000,4.000000,4.000000,4.000000,4.000000,4.000000,4.000000,4.000000,4.000000,4.000000,4.000000,4.000000,4.000000,2.000000,4.000000,4.000000,4.000000,4.000000,4.000000,4.000000,4.000000,4.000000,4.000000,4.000000,4.000000,4.000000,4.000000,83.333336
1614076750.448067,49.000000,0.000000,7.324693,1.603366,1.256695,3.634973,5.542984,1.871973,-5.318544,-1.849625,11.794293,0.241341,-2.169147,0.419490,-12.082530,0.961163,-14.724345,34.273407,-2.389788,3.023892,12.659036,-66.698105,-36.196533,-2.525687,-0.699955,2.650513,8.691646,3.900634,4.887446,-2.691053,1.206580,5.283537,4.328322,1.658661,8064.000000,0.000000,4.000000,,,,0.000000,4.000000,4.000000,4.000000,4.000000,4.000000,4.000000,4.000000,4.000000,4.000000,4.000000,4.000000,4.000000,4.000000,4.000000,4.000000,4.000000,4.000000,4.000000,2.000000,4.000000,4.000000,4.000000,4.000000,4.000000,4.000000,4.000000,4.000000,4.000000,4.000000,4.000000,4.000000,4.000000,83.333336
1614076750.455916,50.000000,0.000000,5.778907,1.601763,1.255438,5.682620,5.024620,1.870101,-5.313226,5.844532,11.782499,-0.271721,3.986868,0.419071,-12.583268,1.985843,-15.222441,6.546824,-3.925859,-20.568874,7.005351,-74.323708,-41.288540,-7.651366,-2.750537,1.109401,2.529107,4.409554,2.831277,-2.688361,1.205373,4.765433,4.323994,1.657002,8064.000000,0.000000,4.000000,,,,0.000000,4.000000,4.000000,4.000000,4.000000,4.000000,4.000000,4.000000,4.000000,4.000000,4.000000,4.000000,4.000000,4.000000,4.000000,4.000000,4.000000,4.000000,4.000000,2.000000,4.000000,4.000000,4.000000,4.000000,4.000000,4.000000,4.000000,4.000000,4.000000,4.000000,4.000000,4.000000,4.000000,83.333336
1614076750.463665,51.000000,0.000000,6.285948,1.087340,0.741362,4.651297,5.019595,1.355411,-5.307912,9.941253,11.770717,-0.271449,8.085445,0.418652,-12.570684,-3.657169,-14.181578,-5.254594,-9.562959,-25.676512,7.511167,-80.403236,-40.221611,-8.669356,-5.311889,-11.199401,-4.140089,1.841041,-3.838221,-2.685673,0.691347,3.222206,4.319670,0.116884,8064.000000,0.000000,4.000000,,,,0.000000,4.000000,4.000000,4.000000,4.000000,4.000000,4.000000,4.000000,4.000000,4.000000,4.000000,4.000000,4.000000,4.000000,4.000000,4.000000,4.000000,4.000000,4.000000,2.000000,4.000000,4.000000,4.000000,4.000000,4.000000,4.000000,4.000000,4.000000,4.000000,4.000000,4.000000,4.000000,4.000000,83.333336
1614076750.471314,52.000000,0.000000,6.792483,1.086253,0.740621,5.672286,5.527396,1.866876,-5.302605,8.392850,11.246125,1.780104,5.513257,0.418233,-11.019652,0.449053,-10.064832,27.571173,-10.066216,-2.061091,8.529296,-80.322830,-40.181389,-5.583764,-1.204013,-17.342047,-1.571846,0.300739,-4.860024,-2.682987,1.203477,7.321548,4.315350,1.655229,8064.000000,0.000000,4.000000,,,,0.000000,4.000000,4.000000,4.000000,4.000000,4.000000,4.000000,4.000000,4.000000,4.000000,4.000000,4.000000,4.000000,4.000000,4.000000,4.000000,4.000000,4.000000,4.000000,2.000000,4.000000,4.000000,4.000000,4.000000,4.000000,4.000000,4.000000,4.000000,4.000000,4.000000,4.000000,4.000000,4.000000,83.333336
1614076750.479064,53.000000,0.000000,5.247229,1.597987,1.252701,7.717896,5.009048,1.865009,-5.297302,8.897277,11.747700,4.855247,3.456462,0.417815,-11.008633,8.140911,-10.567588,33.697449,-9.030509,-4.623133,7.495126,-77.165581,-36.551464,-5.578180,1.874114,-8.606756,4.583572,3.377361,2.324323,-2.680305,2.227914,12.442431,4.311035,4.730496,8064.000000,0.000000,4.000000,,,,0.000000,4.000000,4.000000,4.000000,4.000000,4.000000,4.000000,4.000000,4.000000,4.000000,4.000000,4.000000,4.000000,4.000000,4.000000,4.000000,4.000000,4.000000,4.000000,2.000000,4.000000,4.000000,4.000000,4.000000,4.000000,4.000000,4.000000,4.000000,4.000000,4.000000,4.000000,4.000000,4.000000,83.333336
1614076750.486713,54.000000,0.000000,2.677879,1.083569,0.225807,6.171717,5.004039,0.837503,-5.292005,9.401200,11.223132,2.799110,3.965826,-1.633885,-14.074547,6.081488,-15.172404,1.356058,-10.559940,-24.618509,10.051733,-76.575600,-30.361067,-4.546961,-2.743145,-1.418663,3.553348,3.886804,4.373281,-2.677624,-1.364057,7.301784,3.793903,4.212945,8064.000000,0.000000,4.000000,,,,0.000000,4.000000,4.000000,4.000000,4.000000,4.000000,4.000000,4.000000,4.000000,4.000000,4.000000,4.000000,4.000000,4.000000,4.000000,4.000000,4.000000,4.000000,4.000000,2.000000,4.000000,4.000000,4.000000,4.000000,4.000000,4.000000,4.000000,4.000000,4.000000,4.000000,4.000000,4.000000,4.000000,83.333336
1614076750.494462,55.000000,0.000000,2.162381,1.082485,2.276863,9.242468,9.101600,3.400768,-5.799533,8.878979,11.211908,2.796311,3.449039,-3.683533,-6.880985,8.639509,-6.952104,24.944447,-10.549380,-9.722096,11.580143,-75.986198,-27.766603,3.149894,-5.304504,-3.468526,4.062615,3.370097,0.266344,-2.674947,-3.413975,4.217559,4.302929,6.772835,8064.000000,0.000000,4.000000,,,,0.000000,4.000000,4.000000,4.000000,4.000000,4.000000,4.000000,4.000000,4.000000,4.000000,4.000000,4.000000,4.000000,4.000000,4.000000,4.000000,4.000000,4.000000,4.000000,2.000000,4.000000,4.000000,4.000000,4.000000,4.000000,4.000000,4.000000,4.000000,4.000000,4.000000,4.000000,4.000000,4.000000,83.333336
1614076750.502111,56.000000,0.000000,2.673039,6.722428,10.992535,17.951174,15.246344,8.012752,-4.768093,8.870100,12.739159,11.511463,3.958411,-3.167029,2.869485,18.374460,5.875361,57.740013,-6.949088,14.903010,11.055742,-73.346115,-28.764479,9.813411,-1.709456,0.124686,9.186757,7.469291,0.266077,-2.672272,6.845849,16.008213,6.349909,18.560934,8064.000000,0.000000,4.000000,,,,0.000000,4.000000,4.000000,4.000000,4.000000,4.000000,4.000000,4.000000,4.000000,4.000000,4.000000,4.000000,4.000000,4.000000,4.000000,4.000000,4.000000,4.000000,4.000000,2.000000,4.000000,4.000000,4.000000,4.000000,4.000000,4.000000,4.000000,4.000000,4.000000,4.000000,4.000000,4.000000,4.000000,83.333336
1614076750.509860,57.000000,0.000000,2.670366,12.869553,20.212313,21.522966,17.282379,8.517560,-2.712043,8.861230,15.290522,17.653797,3.441632,-3.676682,-5.338512,14.253521,-0.284361,25.374582,-6.942139,10.272723,15.660071,-71.221481,-28.222893,8.777956,-1.194926,8.329690,12.254494,11.564385,1.291452,-2.669599,13.505670,23.684513,8.394841,24.183399,8064.000000,0.000000,4.000000,,,,0.000000,4.000000,4.000000,4.000000,4.000000,4.000000,4.000000,4.000000,4.000000,4.000000,4.000000,4.000000,4.000000,4.000000,4.000000,4.000000,4.000000,4.000000,4.000000,2.000000,4.000000,4.000000,4.000000,4.000000,4.000000,4.000000,4.000000,4.000000,4.000000,4.000000,4.000000,4.000000,4.000000,83.333336
1614076750.517509,58.000000,0.000000,2.667696,12.856683,20.704920,19.962982,16.752277,5.432119,-1.170869,8.852368,15.788052,13.020760,2.925370,-3.673006,-10.461379,8.085422,-7.463563,-6.958485,-5.396735,-0.506781,21.798258,-72.688728,-28.194670,6.205076,-1.706552,9.347001,11.216599,11.552821,0.264520,-2.666930,3.748574,15.968520,7.873625,17.492548,8064.000000,0.000000,4.000000,,,,0.000000,4.000000,4.000000,4.000000,4.000000,4.000000,4.000000,4.000000,4.000000,4.000000,4.000000,4.000000,4.000000,4.000000,4.000000,4.000000,4.000000,4.000000,4.000000,2.000000,4.000000,4.000000,4.000000,4.000000,4.000000,4.000000,4.000000,4.000000,4.000000,4.000000,4.000000,4.000000,4.000000,83.333336
1614076750.525258,59.000000,0.000000,2.665028,11.818185,14.530369,17.891737,14.684242,4.913867,-1.682519,8.843516,15.259443,11.469277,8.563470,1.971693,6.472159,21.923491,9.466977,25.868986,3.839431,4.109111,21.263639,-72.616035,-28.679296,5.686050,0.346437,5.747910,11.205381,11.028448,1.289896,-2.664263,-2.409020,10.311526,7.865752,15.936595,8064.000000,0.000000,4.000000,,,,0.000000,4.000000,4.000000,4.000000,4.000000,4.000000,4.000000,4.000000,4.000000,4.000000,4.000000,4.000000,4.000000,4.000000,4.000000,4.000000,4.000000,4.000000,4.000000,2.000000,4.000000,4.000000,4.000000,4.000000,4.000000,4.000000,4.000000,4.000000,4.000000,4.000000,4.000000,4.000000,4.000000,83.333336
1614076750.532908,60.000000,0.000000,2.662363,12.832007,8.874813,16.848204,13.131097,5.934594,-1.680836,9.347493,15.244184,17.611654,17.785675,7.610747,14.670815,34.722080,20.226742,58.663631,10.502258,9.233207,19.703913,-65.363930,-28.650616,6.706005,2.397372,7.280624,11.194176,11.017420,3.852709,-2.661598,3.747235,12.352497,7.857886,22.074505,8064.000000,0.000000,4.000000,,,,0.000000,4.000000,4.000000,4.000000,4.000000,4.000000,4.000000,4.000000,4.000000,4.000000,4.000000,4.000000,4.000000,4.000000,4.000000,4.000000,4.000000,4.000000,4.000000,2.000000,4.000000,4.000000,4.000000,4.000000,4.000000,4.000000,4.000000,4.000000,4.000000,4.000000,4.000000,4.000000,4.000000,83.333336
1614076750.540657,61.000000,0.000000,2.659700,12.819176,7.840297,16.318535,12.092324,5.415838,-1.679155,8.312505,15.228940,19.132504,18.793531,8.115956,4.912555,25.969408,6.360360,26.297274,6.902012,0.506025,19.171389,-60.170364,-28.621965,5.673658,2.394975,9.837446,10.670161,11.006402,4.874497,-2.658937,4.769129,12.340144,7.850028,24.103712,8064.000000,0.000000,4.000000,,,,0.000000,4.000000,4.000000,4.000000,4.000000,4.000000,4.000000,4.000000,4.000000,4.000000,4.000000,4.000000,4.000000,4.000000,4.000000,4.000000,4.000000,4.000000,4.000000,2.000000,4.000000,4.000000,4.000000,4.000000,4.000000,4.000000,4.000000,4.000000,4.000000,4.000000,4.000000,4.000000,4.000000,83.333336
1614076750.548306,62.000000,0.000000,2.144220,12.293536,8.345277,15.789396,12.080232,4.897602,-1.677476,8.817013,15.213711,18.087730,18.774738,7.595020,7.984565,21.328054,1.225795,22.681232,4.843829,-8.725250,14.024013,-64.212761,-30.644627,2.591062,0.854119,8.801968,11.172312,9.969754,3.843982,-3.169099,0.661795,11.302163,7.329358,22.541147,8064.000000,0.000000,4.000000,,,,0.000000,4.000000,4.000000,4.000000,4.000000,4.000000,4.000000,4.000000,4.000000,4.000000,4.000000,4.000000,4.000000,4.000000,4.000000,4.000000,4.000000,4.000000,4.000000,2.000000,4.000000,4.000000,4.000000,4.000000,4.000000,4.000000,4.000000,4.000000,4.000000,4.000000,4.000000,4.000000,4.000000,83.333336
1614076750.556055,63.000000,0.000000,2.654896,12.281242,7.824111,15.260786,12.068151,3.867064,-1.675799,9.321016,15.198497,19.095284,20.294424,8.100245,9.002222,26.434931,4.301492,49.325218,5.864625,-2.049858,16.061270,-68.251106,-32.665264,-1.001273,-1.198017,8.280345,9.622678,10.985426,4.352958,-3.165930,0.148313,11.290861,7.322028,22.518606,8064.000000,0.000000,4.000000,,,,0.000000,4.000000,4.000000,4.000000,4.000000,4.000000,4.000000,4.000000,4.000000,4.000000,4.000000,4.000000,4.000000,4.000000,4.000000,4.000000,4.000000,4.000000,4.000000,2.000000,4.000000,4.000000,4.000000,4.000000,4.000000,4.000000,4.000000,4.000000,4.000000,4.000000,4.000000,4.000000,4.000000,83.333336
1614076750.563704,64.000000,0.000000,2.652242,12.268961,7.816288,16.783987,12.568904,5.914478,-1.674123,5.209131,15.183298,15.486444,9.504899,6.040864,-11.006781,13.587983,-15.189989,16.968201,-0.295085,-1.534988,26.301620,-67.157219,-31.094137,-2.025913,-1.709640,8.784885,7.048953,11.487261,4.861426,-2.649943,0.660985,11.792391,7.827527,23.521729,0.000000,191.000000,4.000000,,,,0.000000,4.000000,4.000000,4.000000,4.000000,4.000000,4.000000,4.000000,4.000000,4.000000,4.000000,4.000000,4.000000,4.000000,4.000000,4.000000,4.000000,4.000000,4.000000,2.000000,4.000000,4.000000,4.000000,4.000000,4.000000,4.000000,4.000000,4.000000,4.000000,4.000000,4.000000,4.000000,4.000000,83.333336
1614076750.571453,65.000000,0.000000,2.136769,11.743872,8.321292,16.767202,12.556335,5.908564,-2.185269,0.588537,15.168115,8.291471,-3.325119,3.470720,-21.765005,-2.835861,-30.046595,-15.356460,-6.961457,-21.020632,17.557369,-69.654160,-32.601505,-2.023887,-2.220751,9.288920,8.580365,9.424492,3.318103,-3.160114,2.198786,12.293419,7.819699,23.498205,0.000000,197.000000,4.000000,,,,0.000000,4.000000,4.000000,4.000000,4.000000,4.000000,4.000000,4.000000,4.000000,4.000000,4.000000,4.000000,4.000000,4.000000,4.000000,4.000000,4.000000,4.000000,4.000000,2.000000,4.000000,4.000000,4.000000,4.000000,4.000000,4.000000,4.000000,4.000000,4.000000,4.000000,4.000000,4.000000,4.000000,83.333336
1614076750.579102,66.000000,0.000000,2.647453,12.244948,8.825790,14.699154,13.056600,2.825732,-1.670263,1.613590,15.152947,6.231898,1.806412,3.467249,-8.922727,8.961846,-6.939624,17.479410,-3.364752,-18.435509,0.616735,-63.943481,-32.568901,-2.021863,-1.705710,8.253991,15.751272,13.004810,5.878887,-3.156954,6.811972,11.768305,7.299059,22.961887,0.000000,206.000000,4.000000,,,,0.000000,4.000000,4.000000,4.000000,4.000000,4.000000,4.000000,4.000000,4.000000,4.000000,4.000000,4.000000,4.000000,4.000000,4.000000,4.000000,4.000000,4.000000,4.000000,2.000000,4.000000,4.000000,4.000000,4.000000,4.000000,4.000000,4.000000,4.000000,4.000000,4.000000,4.000000,4.000000,4.000000,83.333336
1614076750.586851,67.000000,0.000000,7.260190,14.283985,10.868247,20.838301,15.094825,12.053676,0.895509,4.688899,15.137794,7.251307,11.548195,3.976603,1.342606,26.901604,17.169880,50.282444,4.330921,14.403439,9.846888,-48.494923,-22.279922,-1.507021,0.347278,8.758557,20.350906,23.248217,13.052495,1.974409,8.856441,12.269357,11.394324,22.938925,0.000000,187.000000,4.000000,,,,0.000000,4.000000,4.000000,4.000000,4.000000,4.000000,4.000000,4.000000,4.000000,4.000000,4.000000,4.000000,4.000000,4.000000,4.000000,4.000000,4.000000,4.000000,4.000000,2.000000,4.000000,4.000000,4.000000,4.000000,4.000000,4.000000,4.000000,4.000000,4.000000,4.000000,4.000000,4.000000,4.000000,83.333336
1614076750.594501,68.000000,0.000000,10.329853,15.808163,13.421481,29.535412,18.156652,28.451880,3.971537,4.684210,15.122656,7.244055,11.536647,3.459805,-1.735659,20.720856,11.511684,25.103956,5.352231,13.363395,25.734476,-51.010532,-18.155079,-2.531155,2.398213,11.826722,16.227991,24.763430,16.629187,7.613460,8.847586,11.744267,15.998314,23.941628,0.000000,175.000000,4.000000,,,,0.000000,4.000000,4.000000,4.000000,4.000000,4.000000,4.000000,4.000000,4.000000,4.000000,4.000000,4.000000,4.000000,4.000000,4.000000,4.000000,4.000000,4.000000,4.000000,2.000000,4.000000,4.000000,4.000000,4.000000,4.000000,4.000000,4.000000,4.000000,4.000000,4.000000,4.000000,4.000000,4.000000,83.333336
1614076750.602350,69.000000,0.000000,10.319523,16.305176,10.331137,23.864851,14.035933,25.859324,5.506027,5.705167,15.107533,6.723991,11.012290,3.969166,-2.246744,10.956545,-0.294699,-7.228840,3.808417,-18.957661,19.042076,-68.908241,-29.931795,-1.502982,1.882994,11.814895,9.032275,16.533539,14.048455,8.631488,8.838737,8.142779,13.931034,20.327942,0.000000,194.000000,4.000000,,,,0.000000,4.000000,4.000000,4.000000,4.000000,4.000000,4.000000,4.000000,4.000000,4.000000,4.000000,4.000000,4.000000,4.000000,4.000000,4.000000,4.000000,4.000000,4.000000,2.000000,4.000000,4.000000,4.000000,4.000000,4.000000,4.000000,4.000000,4.000000,4.000000,4.000000,4.000000,4.000000,4.000000,83.333336
1614076750.610099,70.000000,0.000000,10.309203,14.750409,3.141319,12.046114,5.303948,10.448850,6.013341,8.776385,15.605247,7.230087,15.616662,6.016479,7.499093,14.535332,4.320980,4.060440,7.394352,-11.246396,10.305084,-70.377792,-37.081352,3.113905,2.393932,7.187696,6.971961,13.440082,11.470304,8.110036,5.752976,4.544893,8.788898,11.589665,0.000000,176.000000,4.000000,,,,0.000000,4.000000,4.000000,4.000000,4.000000,4.000000,4.000000,4.000000,4.000000,4.000000,4.000000,4.000000,4.000000,4.000000,4.000000,4.000000,4.000000,4.000000,4.000000,2.000000,4.000000,4.000000,4.000000,4.000000,4.000000,4.000000,4.000000,4.000000,4.000000,4.000000,4.000000,4.000000,4.000000,83.333336
1614076750.617948,71.000000,0.000000,10.298894,12.684377,0.061254,11.521247,0.683259,7.361477,6.007328,9.280429,15.076820,7.222857,16.626686,8.061745,14.671081,20.161821,14.060248,36.364071,15.079266,17.995621,14.397344,-60.563824,-32.941708,7.213355,2.391538,4.616405,7.477809,14.965103,11.971654,8.614746,1.131838,3.514707,6.728827,7.475512,0.000000,170.000000,4.000000,,,,0.000000,4.000000,4.000000,4.000000,4.000000,4.000000,4.000000,4.000000,4.000000,4.000000,4.000000,4.000000,4.000000,4.000000,4.000000,4.000000,4.000000,4.000000,4.000000,2.000000,4.000000,4.000000,4.000000,4.000000,4.000000,4.000000,4.000000,4.000000,4.000000,4.000000,4.000000,4.000000,4.000000,83.333336
1614076750.625697,72.000000,0.000000,9.775775,11.646050,1.086834,13.048187,1.195397,9.405398,5.488500,7.732687,14.548923,7.215634,8.917752,7.028042,9.528204,18.090378,8.405163,25.045656,17.115469,1.567368,15.921408,-59.990440,-31.883123,5.154860,1.363505,5.124609,6.957511,14.437317,11.446862,8.606132,0.617886,4.536833,7.747739,10.544959,0.000000,216.000000,4.000000,,,,0.000000,4.000000,4.000000,4.000000,4.000000,4.000000,4.000000,4.000000,4.000000,4.000000,4.000000,4.000000,4.000000,4.000000,4.000000,4.000000,4.000000,4.000000,4.000000,2.000000,4.000000,4.000000,4.000000,4.000000,4.000000,4.000000,4.000000,4.000000,4.000000,4.000000,4.000000,4.000000,4.000000,83.333336
1614076750.633546,73.000000,0.000000,10.278819,12.147225,0.572927,11.496677,1.194201,7.857531,4.970191,10.289057,15.047195,5.669957,3.267809,7.021014,4.390471,9.867160,-7.500678,-6.774261,11.970148,-23.049583,13.854204,-61.981731,-31.338419,5.662526,1.874962,5.119485,6.950554,13.910059,11.435415,8.084704,1.130089,9.147681,9.791273,11.560056,0.000000,199.000000,4.000000,,,,0.000000,4.000000,4.000000,4.000000,4.000000,4.000000,4.000000,4.000000,4.000000,4.000000,4.000000,4.000000,4.000000,4.000000,4.000000,4.000000,4.000000,4.000000,4.000000,2.000000,4.000000,4.000000,4.000000,4.000000,4.000000,4.000000,4.000000,4.000000,4.000000,4.000000,4.000000,4.000000,4.000000,83.333336
1614076750.641295,74.000000,0.000000,8.730079,12.135078,0.059533,11.998001,1.705827,9.388135,6.503683,5.150563,14.519327,3.100185,3.264541,8.039634,-0.229304,-6.040143,-13.647024,0.412000,5.804332,-6.616278,15.378812,-59.868469,-26.178877,10.785069,1.360267,4.601545,10.020526,13.896150,11.423980,8.589440,0.616138,14.266739,11.319943,11.035675,0.000000,175.000000,4.000000,,,,0.000000,4.000000,4.000000,4.000000,4.000000,4.000000,4.000000,4.000000,4.000000,4.000000,4.000000,4.000000,4.000000,4.000000,4.000000,4.000000,4.000000,4.000000,4.000000,2.000000,4.000000,4.000000,4.000000,4.000000,4.000000,4.000000,4.000000,4.000000,4.000000,4.000000,4.000000,4.000000,4.000000,83.333336
1614076750.649144,75.000000,0.000000,2.567503,11.610123,1.085115,10.960362,-0.859981,5.276183,3.420256,-10.239203,9.376603,-2.031121,-5.456672,0.852107,-16.639332,-23.470001,-18.248762,10.667998,-1.380960,1.595466,11.773689,-62.372704,-25.639877,5.133257,-3.769299,5.109764,11.548967,14.395074,9.361274,6.529569,0.615522,15.790934,11.308623,11.537459,0.000000,217.000000,4.000000,,,,0.000000,4.000000,4.000000,4.000000,4.000000,4.000000,4.000000,4.000000,4.000000,4.000000,4.000000,4.000000,4.000000,4.000000,4.000000,4.000000,4.000000,4.000000,4.000000,2.000000,4.000000,4.000000,4.000000,4.000000,4.000000,4.000000,4.000000,4.000000,4.000000,4.000000,4.000000,4.000000,4.000000,83.333336
1614076750.656893,76.000000,0.000000,-2.563270,12.111333,0.571209,8.898120,-5.474505,-1.908580,-2.224190,-13.305887,6.290303,-5.106012,-12.630703,-8.379515,-20.725256,-26.010633,-22.845898,-13.958055,-7.020605,-25.072796,4.069608,-66.925713,-27.665520,-7.692389,-6.329632,4.591834,10.511777,14.380678,7.813451,4.471757,0.614906,14.749501,11.297315,10.500281,0.000000,200.000000,4.000000,,,,0.000000,4.000000,4.000000,4.000000,4.000000,4.000000,4.000000,4.000000,4.000000,4.000000,4.000000,4.000000,4.000000,4.000000,4.000000,4.000000,4.000000,4.000000,4.000000,2.000000,4.000000,4.000000,4.000000,4.000000,4.000000,4.000000,4.000000,4.000000,4.000000,4.000000,4.000000,4.000000,4.000000,83.333336
1614076750.664742,77.000000,0.000000,-1.022245,12.099221,0.570638,11.453324,-2.392108,7.836918,0.854957,1.066393,12.437860,3.104222,4.817825,-1.704468,3.398033,-3.420520,-7.951256,-17.021019,-3.936661,-29.663107,10.219384,-65.833145,-22.509647,-8.710338,-0.169456,4.587242,11.526906,13.853477,7.292817,3.954465,1.127112,16.273214,11.286017,14.079525,0.000000,209.000000,4.000000,,,,0.000000,4.000000,4.000000,4.000000,4.000000,4.000000,4.000000,4.000000,4.000000,4.000000,4.000000,4.000000,4.000000,4.000000,4.000000,4.000000,4.000000,4.000000,4.000000,2.000000,4.000000,4.000000,4.000000,4.000000,4.000000,4.000000,4.000000,4.000000,4.000000,4.000000,4.000000,4.000000,4.000000,83.333336
1614076750.672491,78.000000,0.000000,1.542880,12.087122,4.672631,16.057257,5.815413,22.700876,8.546410,9.783276,18.579268,15.921630,30.454033,13.169031,22.368994,27.864952,16.159260,15.816515,5.298045,3.187068,21.491217,-63.203213,-16.333292,1.554783,5.471739,8.685219,14.079482,14.865265,7.798345,4.463331,1.125985,18.821043,11.274732,23.296215,0.000000,182.000000,4.000000,,,,0.000000,4.000000,4.000000,4.000000,4.000000,4.000000,4.000000,4.000000,4.000000,4.000000,4.000000,4.000000,4.000000,4.000000,4.000000,4.000000,4.000000,4.000000,4.000000,2.000000,4.000000,4.000000,4.000000,4.000000,4.000000,4.000000,4.000000,4.000000,4.000000,4.000000,4.000000,4.000000,4.000000,83.333336
1614076750.680340,79.000000,0.000000,2.566978,12.075035,8.770523,16.554020,9.399341,23.190996,10.076325,8.235031,19.073509,20.008272,34.013321,16.232784,20.295343,42.196060,20.245665,36.313519,8.882490,31.901831,21.982546,-63.652828,-16.316959,6.681434,5.466267,12.779098,15.091043,16.901682,7.790546,4.458868,0.612038,19.315042,11.263457,27.375483,0.000000,216.000000,4.000000,,,,0.000000,4.000000,4.000000,4.000000,4.000000,4.000000,4.000000,4.000000,4.000000,4.000000,4.000000,4.000000,4.000000,4.000000,4.000000,4.000000,4.000000,4.000000,4.000000,2.000000,4.000000,4.000000,4.000000,4.000000,4.000000,4.000000,4.000000,4.000000,4.000000,4.000000,4.000000,4.000000,4.000000,83.333336
1614076750.688089,80.000000,0.000000,2.564411,12.062961,8.248932,13.973363,9.389941,19.065241,8.527787,9.252437,18.541615,17.936983,25.774181,14.678091,16.685305,37.538479,16.635675,34.738743,8.360787,31.357107,22.473383,-64.101997,-18.864744,5.136291,5.973621,12.766318,14.563132,18.423241,6.757114,4.454409,1.637067,19.295727,11.252193,26.835287,0.000000,218.000000,4.000000,,,,0.000000,4.000000,4.000000,4.000000,4.000000,4.000000,4.000000,4.000000,4.000000,4.000000,4.000000,4.000000,4.000000,4.000000,4.000000,4.000000,4.000000,4.000000,4.000000,2.000000,4.000000,4.000000,4.000000,4.000000,4.000000,4.000000,4.000000,4.000000,4.000000,4.000000,4.000000,4.000000,4.000000,83.333336
1614076750.695938,81.000000,0.000000,2.561846,12.050898,8.240683,12.420928,8.867731,20.071815,9.544901,9.756004,19.548714,17.919046,22.158663,15.689054,16.155798,26.731710,16.619040,35.216824,8.865247,9.787289,22.963730,-63.525074,-16.794598,5.643975,9.044571,12.240731,14.035748,17.891998,7.775999,4.449955,3.686712,17.737970,11.240941,26.808451,0.000000,184.000000,4.000000,,,,0.000000,4.000000,4.000000,4.000000,4.000000,4.000000,4.000000,4.000000,4.000000,4.000000,4.000000,4.000000,4.000000,4.000000,4.000000,4.000000,4.000000,4.000000,4.000000,2.000000,4.000000,4.000000,4.000000,4.000000,4.000000,4.000000,4.000000,4.000000,4.000000,4.000000,4.000000,4.000000,4.000000,83.333336
1614076750.703687,82.000000,0.000000,3.072105,12.038846,11.309365,12.408506,9.371683,20.564566,9.535356,9.233428,18.503525,19.439589,21.623684,14.134903,12.037079,17.474211,4.807548,17.745710,7.830741,-22.530191,7.556151,-63.461548,-17.290625,6.151151,10.061168,12.741311,15.047354,15.822824,10.845145,4.445504,5.221487,15.156130,11.229700,24.217541,0.000000,203.000000,4.000000,,,,0.000000,4.000000,4.000000,4.000000,4.000000,4.000000,4.000000,4.000000,4.000000,4.000000,4.000000,4.000000,4.000000,4.000000,4.000000,4.000000,4.000000,4.000000,4.000000,2.000000,4.000000,4.000000,4.000000,4.000000,4.000000,4.000000,4.000000,4.000000,4.000000,4.000000,4.000000,4.000000,4.000000,83.333336
1614076750.711336,83.000000,0.000000,3.069033,12.026808,12.836517,12.396098,9.875133,20.031179,9.013000,12.301118,18.997841,17.881687,19.037958,11.556665,9.460939,9.764428,-10.581875,-7.400240,3.207525,-36.353813,-7.323199,-63.910908,-26.504103,6.145000,9.025465,11.190108,14.519485,14.268539,8.783018,4.441059,4.703445,15.140973,11.218471,19.065117,0.000000,201.000000,4.000000,,,,0.000000,4.000000,4.000000,4.000000,4.000000,4.000000,4.000000,4.000000,4.000000,4.000000,4.000000,4.000000,4.000000,4.000000,4.000000,4.000000,4.000000,4.000000,4.000000,2.000000,4.000000,4.000000,4.000000,4.000000,4.000000,4.000000,4.000000,4.000000,4.000000,4.000000,4.000000,4.000000,4.000000,83.333336
1614076750.719085,84.000000,0.000000,2.040323,12.014781,11.798039,11.870881,6.788334,18.985508,9.003986,11.263176,18.978844,11.709959,13.377894,10.006647,7.913016,6.164920,-12.622575,-0.213352,0.640215,-18.881563,-1.674851,-62.821358,-31.605803,5.626035,9.529261,8.614816,11.428043,14.254271,4.671671,4.436618,4.698741,15.125833,11.207253,18.533232,0.000000,193.000000,4.000000,,,,0.000000,4.000000,4.000000,4.000000,4.000000,4.000000,4.000000,4.000000,4.000000,4.000000,4.000000,4.000000,4.000000,4.000000,4.000000,4.000000,4.000000,4.000000,4.000000,2.000000,4.000000,4.000000,4.000000,4.000000,4.000000,4.000000,4.000000,4.000000,4.000000,4.000000,4.000000,4.000000,4.000000,83.333336
1614076750.726734,85.000000,0.000000,2.551103,11.489945,11.273421,11.859011,2.166161,14.351137,7.456521,0.482682,11.267557,4.518762,4.133747,1.278692,4.828180,6.158755,-9.533030,19.274040,1.152396,-1.426784,7.557593,-60.707253,-21.317787,5.620409,9.006910,8.093381,13.980718,14.240017,7.743923,4.432181,4.694043,14.597886,11.708865,19.027519,0.000000,193.000000,4.000000,,,,0.000000,4.000000,4.000000,4.000000,4.000000,4.000000,4.000000,4.000000,4.000000,4.000000,4.000000,4.000000,4.000000,4.000000,4.000000,4.000000,4.000000,4.000000,4.000000,2.000000,4.000000,4.000000,4.000000,4.000000,4.000000,4.000000,4.000000,4.000000,4.000000,4.000000,4.000000,4.000000,4.000000,83.333336
1614076750.734484,86.000000,0.000000,3.061373,11.991276,12.287788,11.847152,0.625533,11.259863,5.397783,-7.722929,3.563982,1.950141,-0.998592,-8.978997,1.746429,5.639776,-11.574779,20.280407,0.638423,-0.399716,10.114139,-59.108082,-10.527239,5.614788,8.997904,9.110929,20.633404,13.712956,12.864384,4.427749,4.689349,15.096108,11.184336,18.495670,0.000000,185.000000,4.000000,,,,0.000000,4.000000,4.000000,4.000000,4.000000,4.000000,4.000000,4.000000,4.000000,4.000000,4.000000,4.000000,4.000000,4.000000,4.000000,4.000000,4.000000,4.000000,4.000000,2.000000,4.000000,4.000000,4.000000,4.000000,4.000000,4.000000,4.000000,4.000000,4.000000,4.000000,4.000000,4.000000,4.000000,83.333336
1614076750.742133,87.000000,0.000000,-0.531432,12.492105,11.762680,12.860946,1.650549,11.761424,4.879564,-1.561360,5.098879,2.461011,1.566509,-6.918736,2.257503,6.146957,-11.050384,17.183205,1.150605,1.651965,18.821974,-59.561794,-8.978251,5.609173,9.501726,11.153099,20.099951,14.212064,11.825878,4.423321,4.684659,14.055371,8.609049,18.477175,0.000000,208.000000,4.000000,,,,0.000000,4.000000,4.000000,4.000000,4.000000,4.000000,4.000000,4.000000,4.000000,4.000000,4.000000,4.000000,4.000000,4.000000,4.000000,4.000000,4.000000,4.000000,4.000000,2.000000,4.000000,4.000000,4.000000,4.000000,4.000000,4.000000,4.000000,4.000000,4.000000,4.000000,4.000000,4.000000,4.000000,83.333336
1614076750.749882,88.000000,0.000000,-4.633465,10.428331,7.135533,12.335264,1.136078,11.236842,5.387505,7.670970,7.145062,7.073935,5.667507,3.344593,5.844989,10.756194,-2.834205,17.678841,5.252018,5.240057,22.905716,-59.502235,-11.020554,5.603564,6.415301,12.680408,14.438825,13.685031,7.711488,4.418898,4.679975,9.425931,7.061979,18.971518,0.000000,199.000000,4.000000,,,,0.000000,4.000000,4.000000,4.000000,4.000000,4.000000,4.000000,4.000000,4.000000,4.000000,4.000000,4.000000,4.000000,4.000000,4.000000,4.000000,4.000000,4.000000,4.000000,2.000000,4.000000,4.000000,4.000000,4.000000,4.000000,4.000000,4.000000,4.000000,4.000000,4.000000,4.000000,4.000000,4.000000,83.333336
1614076750.757531,89.000000,0.000000,-3.090370,9.392262,4.051475,10.784468,1.647762,12.764067,5.382118,9.201761,7.137918,10.656604,7.713121,7.956633,9.428888,14.335182,3.835296,16.122702,8.836510,7.286099,20.318707,-59.955551,-19.214661,6.110781,2.306322,11.642086,13.911565,9.568782,4.114033,4.414479,4.675295,6.339582,7.054917,18.952547,0.000000,229.000000,4.000000,,,,0.000000,4.000000,4.000000,4.000000,4.000000,4.000000,4.000000,4.000000,4.000000,4.000000,4.000000,4.000000,4.000000,4.000000,4.000000,4.000000,4.000000,4.000000,4.000000,2.000000,4.000000,4.000000,4.000000,4.000000,4.000000,4.000000,4.000000,4.000000,4.000000,4.000000,4.000000,4.000000,4.000000,83.333336
1614076750.765280,90.000000,0.000000,-1.035998,10.408510,6.611526,16.414709,4.210217,17.879507,4.863915,8.166919,12.258985,9.620307,9.756691,7.435856,10.445100,15.859308,5.369923,20.209143,8.314853,10.868557,28.503517,-59.382778,-27.913395,4.053389,0.765554,9.066341,14.410474,6.482290,3.597099,4.410065,4.670619,8.384525,7.560682,18.933594,0.000000,97.000000,4.000000,,,,0.000000,4.000000,4.000000,4.000000,4.000000,4.000000,4.000000,4.000000,4.000000,4.000000,4.000000,4.000000,4.000000,4.000000,4.000000,4.000000,4.000000,4.000000,4.000000,2.000000,4.000000,4.000000,4.000000,4.000000,4.000000,4.000000,4.000000,4.000000,4.000000,4.000000,4.000000,4.000000,4.000000,83.333336
1614076750.772929,91.000000,0.000000,-1.547782,11.936563,8.656197,23.577782,5.744468,19.912910,5.371872,8.671572,18.400572,12.687610,10.259754,7.428420,9.921834,19.433193,4.338912,21.214575,8.306539,-5.039748,30.526295,-59.323395,-27.372662,1.485232,1.790430,8.544455,14.396064,6.475808,4.106322,3.892834,4.665949,13.504346,7.553122,18.914661,0.000000,183.000000,4.000000,,,,0.000000,4.000000,4.000000,4.000000,4.000000,4.000000,4.000000,4.000000,4.000000,4.000000,4.000000,4.000000,4.000000,4.000000,4.000000,4.000000,4.000000,4.000000,4.000000,2.000000,4.000000,4.000000,4.000000,4.000000,4.000000,4.000000,4.000000,4.000000,4.000000,4.000000,4.000000,4.000000,4.000000,83.333336
1614076750.780678,92.000000,0.000000,-1.546234,11.924627,7.621899,19.451639,5.225904,19.380177,5.366500,9.175721,18.894991,20.367229,11.275136,7.933812,9.399092,22.490683,4.334573,21.193359,8.298232,-27.085991,13.059871,-60.802532,-23.755545,3.022209,1.275819,8.535911,16.945770,6.982152,4.102216,4.401762,4.661283,15.542123,7.032748,18.895746,0.000000,169.000000,4.000000,,,,0.000000,4.000000,4.000000,4.000000,4.000000,4.000000,4.000000,4.000000,4.000000,4.000000,4.000000,4.000000,4.000000,4.000000,4.000000,4.000000,4.000000,4.000000,4.000000,2.000000,4.000000,4.000000,4.000000,4.000000,4.000000,4.000000,4.000000,4.000000,4.000000,4.000000,4.000000,4.000000,4.000000,83.333336
1614076750.788328,93.000000,0.000000,-1.544688,10.887061,7.614277,12.252700,5.220677,19.360796,4.848313,8.653725,18.363276,20.859682,11.263861,6.900238,9.902514,21.955372,4.330238,36.043961,7.264292,-8.597365,10.995529,-59.203266,-20.654867,6.096110,0.248902,7.501733,16.416004,6.462350,3.585293,4.397360,4.143801,14.500940,7.025715,18.876850,0.000000,197.000000,4.000000,,,,0.000000,4.000000,4.000000,4.000000,4.000000,4.000000,4.000000,4.000000,4.000000,4.000000,4.000000,4.000000,4.000000,4.000000,4.000000,4.000000,4.000000,4.000000,4.000000,2.000000,4.000000,4.000000,4.000000,4.000000,4.000000,4.000000,4.000000,4.000000,4.000000,4.000000,4.000000,4.000000,4.000000,83.333336
1614076750.796077,94.000000,0.000000,-0.517502,12.414636,8.119483,13.778909,5.215457,19.854256,5.869105,8.645071,18.344913,14.684977,6.637212,6.893337,10.405432,17.830853,4.325908,39.084839,8.282669,21.667643,29.446072,-53.503040,-14.480366,4.551552,1.787114,9.032693,14.861126,6.455887,4.094528,3.880142,5.678119,15.512080,9.069972,18.857973,0.000000,173.000000,4.000000,,,,0.000000,4.000000,4.000000,4.000000,4.000000,4.000000,4.000000,4.000000,4.000000,4.000000,4.000000,4.000000,4.000000,4.000000,4.000000,4.000000,4.000000,4.000000,4.000000,2.000000,4.000000,4.000000,4.000000,4.000000,4.000000,4.000000,4.000000,4.000000,4.000000,4.000000,4.000000,4.000000,4.000000,83.333336
1614076750.803726,95.000000,0.000000,3.072759,17.017605,8.111363,16.842052,5.210241,19.321581,8.427339,8.123606,18.839388,13.131830,3.040831,7.912085,6.805283,13.710457,2.270300,11.353448,8.787207,6.261359,30.955088,-52.936714,-14.978706,1.470077,1.272507,14.664686,16.384726,8.500713,6.654536,5.414723,8.236544,18.573492,11.112184,18.839115,0.000000,211.000000,4.000000,,,,0.000000,4.000000,4.000000,4.000000,4.000000,4.000000,4.000000,4.000000,4.000000,4.000000,4.000000,4.000000,4.000000,4.000000,4.000000,4.000000,4.000000,4.000000,4.000000,2.000000,4.000000,4.000000,4.000000,4.000000,4.000000,4.000000,4.000000,4.000000,4.000000,4.000000,4.000000,4.000000,4.000000,83.333336
1614076750.811575,96.000000,0.000000,5.633789,19.564692,7.590432,15.286750,4.692211,19.302259,9.444552,8.628303,18.820549,14.144340,8.678816,5.852891,7.311298,13.696746,0.729568,4.162607,6.727138,-16.821825,18.616440,-56.473522,-21.630394,3.519889,-0.267227,15.675662,14.829880,10.543495,8.186343,10.024693,8.741127,17.016457,11.101071,18.820276,8064.000000,0.000000,4.000000,,,,0.000000,4.000000,4.000000,4.000000,4.000000,4.000000,4.000000,4.000000,4.000000,4.000000,4.000000,4.000000,4.000000,4.000000,4.000000,4.000000,4.000000,4.000000,4.000000,2.000000,4.000000,4.000000,4.000000,4.000000,4.000000,4.000000,4.000000,4.000000,4.000000,4.000000,4.000000,4.000000,4.000000,83.333336
1614076750.819324,97.000000,0.000000,6.653796,19.032305,7.582841,15.271462,5.200339,19.282957,8.409467,10.670956,17.263268,13.617374,16.362446,8.411140,16.021935,18.298433,3.805762,29.286650,12.361436,-0.394747,18.597824,-51.288845,-16.480558,7.106113,6.399707,11.044602,10.712486,10.532951,6.639696,12.065950,8.219565,14.435337,11.089971,16.750174,8064.000000,0.000000,4.000000,,,,0.000000,4.000000,4.000000,4.000000,4.000000,4.000000,4.000000,4.000000,4.000000,4.000000,4.000000,4.000000,4.000000,4.000000,4.000000,4.000000,4.000000,4.000000,4.000000,2.000000,4.000000,4.000000,4.000000,4.000000,4.000000,4.000000,4.000000,4.000000,4.000000,4.000000,4.000000,4.000000,4.000000,83.333336
1614076750.827173,98.000000,0.000000,8.698424,19.013273,9.626541,15.769011,5.195138,19.263676,9.939519,12.198747,15.194721,16.167860,19.935825,20.197601,22.159760,21.357059,12.519904,35.411209,26.708050,23.708212,22.681789,-40.981144,-6.207667,10.175930,17.675358,13.084840,14.291517,10.522418,8.684338,11.541064,8.211346,14.420901,11.078880,14.682142,8064.000000,0.000000,4.000000,,,,0.000000,4.000000,4.000000,4.000000,4.000000,4.000000,4.000000,4.000000,4.000000,4.000000,4.000000,4.000000,4.000000,4.000000,4.000000,4.000000,4.000000,4.000000,4.000000,2.000000,4.000000,4.000000,4.000000,4.000000,4.000000,4.000000,4.000000,4.000000,4.000000,4.000000,4.000000,4.000000,4.000000,83.333336
1614076750.834922,99.000000,0.000000,10.228188,19.507080,11.155375,15.240422,4.677123,19.244411,11.980862,12.186548,14.153886,20.254255,21.454351,27.356892,21.111959,21.335701,19.686872,27.170670,31.296726,29.838350,22.659109,-39.914524,-8.765562,13.242677,21.760246,21.789703,18.892611,11.024716,13.803859,11.529523,8.203135,14.919301,11.067801,14.667459,8064.000000,0.000000,4.000000,,,,0.000000,4.000000,4.000000,4.000000,4.000000,4.000000,4.000000,4.000000,4.000000,4.000000,4.000000,4.000000,4.000000,4.000000,4.000000,4.000000,4.000000,4.000000,4.000000,2.000000,4.000000,4.000000,4.000000,4.000000,4.000000,4.000000,4.000000,4.000000,4.000000,4.000000,4.000000,4.000000,4.000000,83.333336
1614076750.842771,100.000000,0.000000,10.217959,18.461933,11.144220,16.250822,5.698087,18.712347,12.994522,12.174361,14.652553,21.772463,21.945719,23.226969,20.065207,21.314365,19.154364,33.810165,19.983377,21.603382,20.585167,-43.464352,-14.910643,10.152512,19.174385,24.332016,16.309616,9.988050,15.328516,12.030814,8.194932,14.391562,10.543913,17.216894,8064.000000,0.000000,4.000000,,,,0.000000,4.000000,4.000000,4.000000,4.000000,4.000000,4.000000,4.000000,4.000000,4.000000,4.000000,4.000000,4.000000,4.000000,4.000000,4.000000,4.000000,4.000000,4.000000,2.000000,4.000000,4.000000,4.000000,4.000000,4.000000,4.000000,4.000000,4.000000,4.000000,4.000000,4.000000,4.000000,4.000000,83.333336
1614076750.850520,101.000000,0.000000,9.694921,18.956291,13.697179,18.285854,9.794953,18.693634,12.468707,12.162187,14.637900,21.237871,21.923773,18.075537,21.070782,21.293051,10.417261,29.160971,11.758266,6.709985,20.564583,-44.446529,-13.357271,6.039795,20.180851,20.205120,13.216383,11.003704,14.287547,11.505963,8.186737,14.889991,11.046190,18.738140,8064.000000,0.000000,4.000000,,,,0.000000,4.000000,4.000000,4.000000,4.000000,4.000000,4.000000,4.000000,4.000000,4.000000,4.000000,4.000000,4.000000,4.000000,4.000000,4.000000,4.000000,4.000000,4.000000,2.000000,4.000000,4.000000,4.000000,4.000000,4.000000,4.000000,4.000000,4.000000,4.000000,4.000000,4.000000,4.000000,4.000000,83.333336
1614076750.858369,102.000000,0.000000,9.685225,18.937334,15.734763,19.806030,12.862081,19.187761,12.456238,12.150024,14.110441,21.216633,21.901848,18.057463,21.049711,21.271759,7.329921,19.901041,11.746508,16.446865,25.672222,-43.889259,-11.805452,13.726063,20.673491,19.159273,14.228807,10.992700,15.298901,11.494457,7.665730,14.875100,10.522323,18.719402,8064.000000,0.000000,4.000000,,,,0.000000,4.000000,4.000000,4.000000,4.000000,4.000000,4.000000,4.000000,4.000000,4.000000,4.000000,4.000000,4.000000,4.000000,4.000000,4.000000,4.000000,4.000000,4.000000,2.000000,4.000000,4.000000,4.000000,4.000000,4.000000,4.000000,4.000000,4.000000,4.000000,4.000000,4.000000,4.000000,4.000000,83.333336
1614076750.866118,103.000000,0.000000,9.675540,18.405577,14.693388,19.273403,12.336398,19.168573,12.443782,12.137875,14.609152,21.195415,18.803024,18.552225,20.003019,21.250486,9.373873,34.752934,10.709121,38.994518,28.210653,-44.358192,-16.409031,20.379004,17.063074,19.652935,14.214579,5.853502,14.257960,11.482963,8.170884,14.860226,11.024621,18.187862,8064.000000,0.000000,4.000000,,,,0.000000,4.000000,4.000000,4.000000,4.000000,4.000000,4.000000,4.000000,4.000000,4.000000,4.000000,4.000000,4.000000,4.000000,4.000000,4.000000,4.000000,4.000000,4.000000,2.000000,4.000000,4.000000,4.000000,4.000000,4.000000,4.000000,4.000000,4.000000,4.000000,4.000000,4.000000,4.000000,4.000000,83.333336
1614076750.873967,104.000000,0.000000,9.665865,18.899992,16.729977,19.254129,12.324062,18.636583,12.431338,12.125737,14.594543,21.174221,12.630374,17.508032,16.393272,21.229237,1.672192,33.179722,7.108667,13.827320,19.464493,-44.313835,-19.982367,11.640676,15.507548,13.992257,13.687543,4.309187,9.115498,11.471479,10.213995,14.845366,14.603340,19.195314,8064.000000,0.000000,4.000000,,,,0.000000,4.000000,4.000000,4.000000,4.000000,4.000000,4.000000,4.000000,4.000000,4.000000,4.000000,4.000000,4.000000,4.000000,4.000000,4.000000,4.000000,4.000000,4.000000,2.000000,4.000000,4.000000,4.000000,4.000000,4.000000,4.000000,4.000000,4.000000,4.000000,4.000000,4.000000,4.000000,4.000000,83.333336
1614076750.881716,105.000000,0.000000,9.656199,24.522118,22.354273,19.234877,12.824558,20.669230,12.418907,12.113611,14.579947,21.153046,10.053641,17.490524,13.299957,21.720827,-6.534609,6.479874,7.101559,-18.494200,14.316824,-44.269520,-20.988024,3.936727,16.004862,8.337239,13.673856,10.458724,11.157664,11.460008,11.742243,15.343340,18.178480,21.740221,8064.000000,0.000000,4.000000,,,,0.000000,4.000000,4.000000,4.000000,4.000000,4.000000,4.000000,4.000000,4.000000,4.000000,4.000000,4.000000,4.000000,4.000000,4.000000,4.000000,4.000000,4.000000,4.000000,2.000000,4.000000,4.000000,4.000000,4.000000,4.000000,4.000000,4.000000,4.000000,4.000000,4.000000,4.000000,4.000000,4.000000,83.333336
1614076750.889565,106.000000,0.000000,10.159364,26.548878,20.793457,19.215641,12.298913,23.212662,12.406487,12.101498,14.565368,21.131893,10.043588,17.985853,13.286657,21.699106,0.651413,10.575958,8.120098,5.114038,21.994814,-44.225250,-20.967037,6.496893,15.988857,9.867363,14.173002,13.525188,17.813173,11.448548,11.730501,13.789536,18.673122,21.718481,8064.000000,0.000000,4.000000,,,,0.000000,4.000000,4.000000,4.000000,4.000000,4.000000,4.000000,4.000000,4.000000,4.000000,4.000000,4.000000,4.000000,4.000000,4.000000,4.000000,4.000000,4.000000,4.000000,2.000000,4.000000,4.000000,4.000000,4.000000,4.000000,4.000000,4.000000,4.000000,4.000000,4.000000,4.000000,4.000000,4.000000,83.333336
1614076750.897314,107.000000,0.000000,8.610743,23.445406,16.157278,19.196424,12.286614,21.650988,12.394081,12.089396,14.550802,21.110762,10.546365,17.967869,13.273371,21.164587,8.855889,26.462818,8.111979,27.673027,26.588205,-43.668205,-17.869146,9.567319,15.460048,12.421598,14.158830,10.434740,17.282539,9.898638,11.718770,9.160361,18.141628,19.132660,8064.000000,0.000000,4.000000,,,,0.000000,4.000000,4.000000,4.000000,4.000000,4.000000,4.000000,4.000000,4.000000,4.000000,4.000000,4.000000,4.000000,4.000000,4.000000,4.000000,4.000000,4.000000,4.000000,2.000000,4.000000,4.000000,4.000000,4.000000,4.000000,4.000000,4.000000,4.000000,4.000000,4.000000,4.000000,4.000000,4.000000,83.333336
1614076750.905163,108.000000,0.000000,6.550849,22.396318,15.628301,19.177229,12.274328,19.065235,12.381687,12.077307,14.536252,21.089651,10.535818,17.949900,12.747276,21.656242,7.308572,17.205585,8.103867,-0.046954,20.407770,-45.162998,-16.825636,7.506470,15.957408,11.383535,13.631850,9.398664,14.701154,7.837457,11.707051,6.587099,18.123487,18.087887,8064.000000,0.000000,4.000000,,,,0.000000,4.000000,4.000000,4.000000,4.000000,4.000000,4.000000,4.000000,4.000000,4.000000,4.000000,4.000000,4.000000,4.000000,4.000000,4.000000,4.000000,4.000000,4.000000,2.000000,4.000000,4.000000,4.000000,4.000000,4.000000,4.000000,4.000000,4.000000,4.000000,4.000000,4.000000,4.000000,4.000000,83.333336
1614076750.912912,109.000000,0.000000,5.518658,22.373922,11.510108,19.158052,12.262053,18.533350,12.369306,12.065229,14.521715,21.068562,8.474000,17.931950,13.247350,21.121767,7.814084,18.214022,8.095762,-11.841779,11.156593,-51.271683,-25.013939,4.422040,15.941450,11.372152,14.131039,10.927728,16.737736,7.829620,11.695344,7.606153,18.618185,18.582619,8064.000000,0.000000,4.000000,,,,0.000000,4.000000,4.000000,4.000000,4.000000,4.000000,4.000000,4.000000,4.000000,4.000000,4.000000,4.000000,4.000000,4.000000,4.000000,4.000000,4.000000,4.000000,4.000000,2.000000,4.000000,4.000000,4.000000,4.000000,4.000000,4.000000,4.000000,4.000000,4.000000,4.000000,4.000000,4.000000,4.000000,83.333336
1614076750.920761,110.000000,0.000000,6.025959,18.248985,4.831931,17.600431,12.249791,19.027636,12.356936,12.053164,14.507194,20.534672,3.850142,17.914019,12.208462,13.921157,6.780629,25.888115,8.087667,8.682884,9.606975,-55.322975,-32.681232,1.340695,13.874227,11.873601,13.604087,10.916800,18.772280,7.821790,11.683649,7.085726,18.599566,19.076857,8064.000000,0.000000,4.000000,,,,0.000000,4.000000,4.000000,4.000000,4.000000,4.000000,4.000000,4.000000,4.000000,4.000000,4.000000,4.000000,4.000000,4.000000,4.000000,4.000000,4.000000,4.000000,4.000000,2.000000,4.000000,4.000000,4.000000,4.000000,4.000000,4.000000,4.000000,4.000000,4.000000,4.000000,4.000000,4.000000,4.000000,83.333336
1614076750.928510,111.000000,0.000000,6.019934,14.128172,4.827099,15.531549,12.237542,19.008608,12.344580,12.041111,14.492686,16.924393,1.795010,16.357643,7.580868,6.727749,-0.405639,6.375047,8.079579,15.340868,19.853779,-55.267651,-28.033167,4.416277,11.809071,11.861727,13.590483,10.393063,19.266327,7.301148,11.671966,7.078640,16.016865,18.544960,8064.000000,0.000000,4.000000,,,,0.000000,4.000000,4.000000,4.000000,4.000000,4.000000,4.000000,4.000000,4.000000,4.000000,4.000000,4.000000,4.000000,4.000000,4.000000,4.000000,4.000000,4.000000,4.000000,2.000000,4.000000,4.000000,4.000000,4.000000,4.000000,4.000000,4.000000,4.000000,4.000000,4.000000,4.000000,4.000000,4.000000,83.333336
1614076750.936359,112.000000,0.000000,6.013914,14.626863,8.412016,15.516018,12.225305,18.476780,12.332234,12.029070,14.478194,14.343367,4.357317,14.290003,5.009185,5.695380,-1.430874,1.753288,8.071500,11.222962,19.833925,-54.699562,-19.800005,14.668272,11.797261,11.849865,15.628175,9.869849,21.811163,9.857949,11.660294,11.686946,14.462385,18.013594,8064.000000,0.000000,4.000000,,,,0.000000,4.000000,4.000000,4.000000,4.000000,4.000000,4.000000,4.000000,4.000000,4.000000,4.000000,4.000000,4.000000,4.000000,4.000000,4.000000,4.000000,4.000000,4.000000,2.000000,4.000000,4.000000,4.000000,4.000000,4.000000,4.000000,4.000000,4.000000,4.000000,4.000000,4.000000,4.000000,4.000000,83.333336
1614076750.944108,113.000000,0.000000,6.007900,15.637878,7.890783,15.500502,12.213078,19.483944,12.319902,12.017041,14.976537,14.329023,9.993985,13.762893,6.542637,6.715326,3.698762,19.700253,8.063428,14.801483,5.967937,-55.157684,-19.780205,17.217707,12.298285,11.838016,18.176649,14.988184,20.763712,11.899373,12.161453,15.777823,15.473564,20.046864,8064.000000,0.000000,4.000000,,,,0.000000,4.000000,4.000000,4.000000,4.000000,4.000000,4.000000,4.000000,4.000000,4.000000,4.000000,4.000000,4.000000,4.000000,4.000000,4.000000,4.000000,4.000000,4.000000,2.000000,4.000000,4.000000,4.000000,4.000000,4.000000,4.000000,4.000000,4.000000,4.000000,4.000000,4.000000,4.000000,4.000000,83.333336
1614076750.951757,114.000000,0.000000,6.001892,14.083778,7.882893,15.485002,12.713686,18.951639,12.307583,12.005024,14.448739,12.776233,9.983992,14.261950,9.100197,6.195790,4.720704,14.039526,8.055365,14.786682,10.064533,-54.589706,-20.786066,5.405616,12.285987,14.390280,18.158472,19.588581,18.178844,9.836192,11.636472,15.762045,12.381167,18.488354,8064.000000,0.000000,4.000000,,,,0.000000,4.000000,4.000000,4.000000,4.000000,4.000000,4.000000,4.000000,4.000000,4.000000,4.000000,4.000000,4.000000,4.000000,4.000000,4.000000,4.000000,4.000000,4.000000,2.000000,4.000000,4.000000,4.000000,4.000000,4.000000,4.000000,4.000000,4.000000,4.000000,4.000000,4.000000,4.000000,4.000000,83.333336
1614076750.959507,115.000000,0.000000,5.995890,9.967131,7.875010,15.469517,11.675331,18.419867,12.295275,11.993019,14.434291,14.301918,5.871443,13.734868,9.603917,6.189594,3.690342,11.461385,7.534489,11.182152,28.516006,-55.047935,-17.175537,-6.907482,12.273701,16.427172,18.653135,11.876684,18.673487,7.775074,9.060733,13.182180,7.753402,9.751918,8064.000000,0.000000,4.000000,,,,0.000000,4.000000,4.000000,4.000000,4.000000,4.000000,4.000000,4.000000,4.000000,4.000000,4.000000,4.000000,4.000000,4.000000,4.000000,4.000000,4.000000,4.000000,4.000000,2.000000,4.000000,4.000000,4.000000,4.000000,4.000000,4.000000,4.000000,4.000000,4.000000,4.000000,4.000000,4.000000,4.000000,83.333336
1614076750.967156,116.000000,0.000000,5.477074,7.393061,8.379955,14.941227,12.176476,19.939909,12.282980,11.981026,15.445498,14.800437,8.942495,13.721133,9.081493,6.183404,3.686652,34.014027,7.526954,5.017123,21.308004,-56.018528,-16.132719,-4.336472,11.235785,14.359463,17.096020,0.582756,15.577890,7.767299,8.026031,10.604896,6.720007,3.075499,8064.000000,0.000000,4.000000,,,,0.000000,4.000000,4.000000,4.000000,4.000000,4.000000,4.000000,4.000000,4.000000,4.000000,4.000000,4.000000,4.000000,4.000000,4.000000,4.000000,4.000000,4.000000,4.000000,2.000000,4.000000,4.000000,4.000000,4.000000,4.000000,4.000000,4.000000,4.000000,4.000000,4.000000,4.000000,4.000000,4.000000,83.333336
1614076750.974905,117.000000,0.000000,5.471597,7.898489,8.884396,12.362183,12.677121,17.868687,11.757876,11.969045,12.353128,5.554867,10.472014,14.220232,9.585232,4.638760,0.606042,32.954369,8.032248,-3.705842,6.927722,-53.911228,-21.757612,0.796070,12.250191,12.806642,8.360975,-0.956288,7.357184,7.759531,8.530826,4.953265,4.662005,4.610885,8064.000000,0.000000,4.000000,,,,0.000000,4.000000,4.000000,4.000000,4.000000,4.000000,4.000000,4.000000,4.000000,4.000000,4.000000,4.000000,4.000000,4.000000,4.000000,4.000000,4.000000,4.000000,4.000000,2.000000,4.000000,4.000000,4.000000,4.000000,4.000000,4.000000,4.000000,4.000000,4.000000,4.000000,4.000000,4.000000,4.000000,83.333336
1614076750.982554,118.000000,0.000000,6.491766,7.890590,4.260127,8.247256,8.561879,11.696972,12.258939,11.957076,3.622827,-4.707098,-1.846150,14.206012,9.575646,2.582839,-1.958666,8.306031,6.998574,-2.676496,14.613101,-55.395779,-27.889702,-9.973957,12.750761,10.229733,-1.903796,-1.980973,3.247263,7.751772,5.958192,-4.795278,0.041959,3.580633,8064.000000,0.000000,4.000000,,,,0.000000,4.000000,4.000000,4.000000,4.000000,4.000000,4.000000,4.000000,4.000000,4.000000,4.000000,4.000000,4.000000,4.000000,4.000000,4.000000,4.000000,4.000000,4.000000,2.000000,4.000000,4.000000,4.000000,4.000000,4.000000,4.000000,4.000000,4.000000,4.000000,4.000000,4.000000,4.000000,4.000000,83.333336
1614076750.990303,119.000000,0.000000,5.972454,7.369879,-4.974903,4.649266,1.886651,7.069890,12.246680,11.945119,-0.996181,-1.625468,-7.485330,14.191806,9.566072,3.093077,-2.982348,-2.471505,4.427473,-4.725101,16.136950,-62.007050,-31.964376,-20.220392,8.635447,2.014374,-4.465995,-7.620018,2.731195,7.744020,1.336849,-11.969970,-0.983724,-3.602435,8064.000000,0.000000,4.000000,,,,0.000000,4.000000,4.000000,4.000000,4.000000,4.000000,4.000000,4.000000,4.000000,4.000000,4.000000,4.000000,4.000000,4.000000,4.000000,4.000000,4.000000,4.000000,4.000000,2.000000,4.000000,4.000000,4.000000,4.000000,4.000000,4.000000,4.000000,4.000000,4.000000,4.000000,4.000000,4.000000,4.000000,83.333336
1614076750.997952,120.000000,0.000000,4.940840,7.875329,-8.046851,3.618975,-0.166518,7.062820,11.721613,11.933173,-0.482364,3.504363,2.778566,14.177614,10.069325,7.192548,-3.492187,-0.417752,5.448687,-15.489607,6.890044,-57.842480,-30.393950,-5.841198,9.652452,-3.115845,-4.461529,-9.150859,4.266925,7.736276,-0.202949,-11.445179,0.042900,-7.701396,8064.000000,0.000000,4.000000,,,,0.000000,4.000000,4.000000,4.000000,4.000000,4.000000,4.000000,4.000000,4.000000,4.000000,4.000000,4.000000,4.000000,4.000000,4.000000,4.000000,4.000000,4.000000,4.000000,2.000000,4.000000,4.000000,4.000000,4.000000,4.000000,4.000000,4.000000,4.000000,4.000000,4.000000,4.000000,4.000000,4.000000,83.333336
1614076751.005701,121.000000,0.000000,11.089746,7.867454,-6.500342,4.640997,1.884931,8.081399,13.248353,11.921240,0.030939,2.475217,8.416813,14.676257,12.623359,10.262279,6.254895,14.967281,14.674007,-4.704886,12.011358,-39.323097,-19.594324,17.241566,20.412031,2.528296,-2.405785,-7.603247,11.442146,7.728540,0.822895,-10.408092,-0.469963,-6.668054,8064.000000,0.000000,4.000000,,,,0.000000,4.000000,4.000000,4.000000,4.000000,4.000000,4.000000,4.000000,4.000000,4.000000,4.000000,4.000000,4.000000,4.000000,4.000000,4.000000,4.000000,4.000000,4.000000,2.000000,4.000000,4.000000,4.000000,4.000000,4.000000,4.000000,4.000000,4.000000,4.000000,4.000000,4.000000,4.000000,4.000000,83.333336
1614076751.013351,122.000000,0.000000,16.719681,7.859587,-5.468201,7.200459,3.421508,12.175881,15.799207,10.370857,-0.481913,3.498383,6.357114,14.148760,14.149197,10.252016,18.043512,34.439495,20.813179,10.684434,16.614733,-33.642750,-15.984987,16.198683,21.930080,9.192434,1.699185,-8.108464,14.507627,7.720811,0.822072,-11.936147,-0.469493,-6.148565,8064.000000,0.000000,4.000000,,,,0.000000,4.000000,4.000000,4.000000,4.000000,4.000000,4.000000,4.000000,4.000000,4.000000,4.000000,4.000000,4.000000,4.000000,4.000000,4.000000,4.000000,4.000000,4.000000,2.000000,4.000000,4.000000,4.000000,4.000000,4.000000,4.000000,4.000000,4.000000,4.000000,4.000000,4.000000,4.000000,4.000000,83.333336
1614076751.021100,123.000000,0.000000,12.087577,7.851727,-0.847348,8.218900,4.956548,15.240628,15.270587,7.796384,-0.481431,6.571808,6.863577,10.032047,11.058125,10.754584,5.717776,21.071720,10.535956,-5.223687,5.828887,-52.070644,-28.276695,-7.920079,10.113278,8.670422,2.210306,-7.587535,7.826452,7.713090,0.308429,-10.385749,-0.469023,-7.680878,8064.000000,0.000000,4.000000,,,,0.000000,4.000000,4.000000,4.000000,4.000000,4.000000,4.000000,4.000000,4.000000,4.000000,4.000000,4.000000,4.000000,4.000000,4.000000,4.000000,4.000000,4.000000,4.000000,2.000000,4.000000,4.000000,4.000000,4.000000,4.000000,4.000000,4.000000,4.000000,4.000000,4.000000,4.000000,4.000000,4.000000,83.333336
1614076751.028749,124.000000,0.000000,5.408823,7.843875,4.281704,8.210681,4.951591,15.225389,12.178393,7.788588,-0.480949,6.565236,5.831073,6.432272,6.431682,10.743830,-15.313582,-5.103197,-5.884836,-20.090258,3.258955,-73.557037,-35.427906,-22.783955,3.436498,4.046367,-0.356007,-5.528665,3.203241,7.705377,0.308121,-2.683055,-0.468554,-7.673197,8064.000000,0.000000,4.000000,,,,0.000000,4.000000,4.000000,4.000000,4.000000,4.000000,4.000000,4.000000,4.000000,4.000000,4.000000,4.000000,4.000000,4.000000,4.000000,4.000000,4.000000,4.000000,4.000000,2.000000,4.000000,4.000000,4.000000,4.000000,4.000000,4.000000,4.000000,4.000000,4.000000,4.000000,4.000000,4.000000,4.000000,83.333336
1614076751.036498,125.000000,0.000000,5.403414,7.836031,1.200499,7.689650,4.946640,15.210163,11.653395,8.293619,0.032352,6.558671,1.722678,6.425839,5.399609,6.630522,-18.888012,-2.533991,-11.519978,-7.249655,11.973644,-76.560402,-31.802734,-11.479119,4.971523,0.965397,-0.868472,-3.471854,3.200038,7.697672,-0.205008,0.909371,0.044735,-6.639883,8064.000000,0.000000,4.000000,,,,0.000000,4.000000,4.000000,4.000000,4.000000,4.000000,4.000000,4.000000,4.000000,4.000000,4.000000,4.000000,4.000000,4.000000,4.000000,4.000000,4.000000,4.000000,4.000000,2.000000,4.000000,4.000000,4.000000,4.000000,4.000000,4.000000,4.000000,4.000000,4.000000,4.000000,4.000000,4.000000,4.000000,83.333336
1614076751.044147,126.000000,0.000000,6.423652,7.828196,-3.416086,7.681960,4.941693,15.194953,12.154562,7.772505,-0.480501,6.039291,-1.355968,5.906593,5.394209,3.034148,-15.279381,12.340338,-7.918714,1.475544,15.038594,-69.817177,-31.258110,5.968257,5.992193,0.964432,-0.354783,-4.494024,3.709659,7.689974,0.820838,-0.629999,-0.468131,-8.684525,8064.000000,0.000000,4.000000,,,,0.000000,4.000000,4.000000,4.000000,4.000000,4.000000,4.000000,4.000000,4.000000,4.000000,4.000000,4.000000,4.000000,4.000000,4.000000,4.000000,4.000000,4.000000,4.000000,2.000000,4.000000,4.000000,4.000000,4.000000,4.000000,4.000000,4.000000,4.000000,4.000000,4.000000,4.000000,4.000000,4.000000,83.333336
1614076751.051896,127.000000,0.000000,5.391587,7.820367,-3.925490,8.187099,4.423931,15.179757,12.142407,10.328835,-0.480020,6.033252,-0.841792,7.439148,5.388815,2.518293,-11.674358,13.353639,-1.756949,0.448427,13.485094,-65.131973,-30.201212,10.064854,8.550303,0.450647,-0.867248,-4.489530,9.346974,7.682284,-0.205624,1.934733,0.045158,-11.752764,8064.000000,0.000000,4.000000,,,,0.000000,4.000000,4.000000,4.000000,4.000000,4.000000,4.000000,4.000000,4.000000,4.000000,4.000000,4.000000,4.000000,4.000000,4.000000,4.000000,4.000000,4.000000,4.000000,2.000000,4.000000,4.000000,4.000000,4.000000,4.000000,4.000000,4.000000,4.000000,4.000000,4.000000,4.000000,4.000000,4.000000,83.333336
1614076751.059545,0.000000,0.000000,5.386195,7.299726,-3.408744,7.153270,4.419507,16.703039,11.617444,14.421071,4.135845,9.104142,3.261614,15.636837,12.050094,3.028595,0.132188,9.237720,5.937116,1.473620,14.497250,-60.451458,-20.427420,8.003507,12.131496,0.450196,1.697721,-0.895297,17.029936,7.674602,-0.205418,7.061004,4.147677,-7.638447,0.000000,201.000000,4.000000,,,,0.000000,4.000000,4.000000,4.000000,4.000000,4.000000,4.000000,4.000000,4.000000,4.000000,4.000000,4.000000,4.000000,4.000000,4.000000,4.000000,4.000000,4.000000,4.000000,2.000000,4.000000,4.000000,4.000000,4.000000,4.000000,4.000000,4.000000,4.000000,4.000000,4.000000,4.000000,4.000000,4.000000,83.333336
1614076751.067394,1.000000,0.000000,5.380809,9.343709,-0.841233,7.658937,6.979190,18.737617,12.118648,16.457932,10.285555,13.197602,8.899379,22.287867,19.730350,2.512746,11.926928,9.228483,11.059384,0.446505,12.944291,-51.673058,-15.278788,9.533964,12.119365,6.090772,5.285768,4.233804,19.064188,7.666927,7.999916,7.566763,10.810196,3.138422,0.000000,194.000000,4.000000,,,,0.000000,4.000000,4.000000,4.000000,4.000000,4.000000,4.000000,4.000000,4.000000,4.000000,4.000000,4.000000,4.000000,4.000000,4.000000,4.000000,4.000000,4.000000,4.000000,2.000000,4.000000,4.000000,4.000000,4.000000,4.000000,4.000000,4.000000,4.000000,4.000000,4.000000,4.000000,4.000000,4.000000,83.333336
1614076751.075143,2.000000,0.000000,6.913890,11.385647,4.287814,13.292304,8.510672,18.718882,12.106528,15.415833,11.300910,14.210046,10.941761,22.778400,19.710621,3.023054,13.453463,14.347460,12.586786,8.138367,13.956987,-44.954716,-16.801970,13.114174,12.107245,11.725706,6.818943,7.306493,18.019482,7.659260,18.248325,11.661760,14.389130,11.853232,0.000000,199.000000,4.000000,,,,0.000000,4.000000,4.000000,4.000000,4.000000,4.000000,4.000000,4.000000,4.000000,4.000000,4.000000,4.000000,4.000000,4.000000,4.000000,4.000000,4.000000,4.000000,4.000000,2.000000,4.000000,4.000000,4.000000,4.000000,4.000000,4.000000,4.000000,4.000000,4.000000,4.000000,4.000000,4.000000,4.000000,83.333336
1614076751.082992,3.000000,0.000000,9.471079,11.374262,8.386090,18.920038,7.476521,18.700161,12.094422,11.297853,10.776789,15.734297,10.417998,19.678698,16.613987,3.020031,9.337445,9.204906,12.574200,17.360996,21.635338,-44.909763,-13.708245,14.639522,12.095139,12.226801,9.376226,9.863289,18.514284,7.651601,20.281361,18.316765,14.374741,16.456764,0.000000,202.000000,4.000000,,,,0.000000,4.000000,4.000000,4.000000,4.000000,4.000000,4.000000,4.000000,4.000000,4.000000,4.000000,4.000000,4.000000,4.000000,4.000000,4.000000,4.000000,4.000000,4.000000,2.000000,4.000000,4.000000,4.000000,4.000000,4.000000,4.000000,4.000000,4.000000,4.000000,4.000000,4.000000,4.000000,4.000000,83.333336
1614076751.090741,4.000000,0.000000,9.461608,11.362887,12.480268,19.413939,11.571608,18.681461,12.082328,8.209632,10.766012,17.257025,10.920402,16.069275,16.597372,3.017011,1.635800,-11.317119,10.510344,-3.169184,20.588062,-49.480236,-8.053512,9.496676,12.083043,11.701754,13.469415,11.391888,16.444487,7.643950,18.722616,18.298449,14.360366,19.004410,0.000000,186.000000,4.000000,,,,0.000000,4.000000,4.000000,4.000000,4.000000,4.000000,4.000000,4.000000,4.000000,4.000000,4.000000,4.000000,4.000000,4.000000,4.000000,4.000000,4.000000,4.000000,4.000000,2.000000,4.000000,4.000000,4.000000,4.000000,4.000000,4.000000,4.000000,4.000000,4.000000,4.000000,4.000000,4.000000,4.000000,83.333336
1614076751.098590,5.000000,0.000000,9.452146,11.351524,16.057531,18.368883,18.739523,18.662781,12.070246,8.201423,11.268066,18.265408,10.909481,13.489104,17.093596,3.526814,-3.494041,-11.305801,8.448551,-21.627554,6.721320,-53.020500,-8.045458,1.794873,12.070960,12.202873,14.481586,9.842034,14.376760,7.636306,19.216715,15.716047,17.422928,18.985405,0.000000,197.000000,4.000000,,,,0.000000,4.000000,4.000000,4.000000,4.000000,4.000000,4.000000,4.000000,4.000000,4.000000,4.000000,4.000000,4.000000,4.000000,4.000000,4.000000,4.000000,4.000000,4.000000,2.000000,4.000000,4.000000,4.000000,4.000000,4.000000,4.000000,4.000000,4.000000,4.000000,4.000000,4.000000,4.000000,4.000000,83.333336
1614076751.106340,6.000000,0.000000,9.442694,11.340173,15.015833,19.376156,20.772066,18.644117,12.058175,8.706041,10.743979,18.247143,10.385751,13.988436,16.563683,3.010467,-1.952086,17.936274,7.927282,-0.580285,12.355624,-53.993122,-9.063053,2.305898,12.058889,12.190670,13.954284,7.268089,13.849563,7.628669,17.659037,13.649050,16.892685,19.479240,0.000000,183.000000,4.000000,,,,0.000000,4.000000,4.000000,4.000000,4.000000,4.000000,4.000000,4.000000,4.000000,4.000000,4.000000,4.000000,4.000000,4.000000,4.000000,4.000000,4.000000,4.000000,4.000000,2.000000,4.000000,4.000000,4.000000,4.000000,4.000000,4.000000,4.000000,4.000000,4.000000,4.000000,4.000000,4.000000,4.000000,83.333336
1614076751.114188,7.000000,0.000000,7.894790,11.328833,11.923894,19.356779,18.187191,18.625473,12.046117,6.133233,10.733234,13.613511,10.888186,13.974447,16.547117,3.007457,0.613969,24.072184,6.893713,18.394653,32.856091,-53.426308,-8.541170,5.893336,12.046830,11.665659,13.940330,6.748001,14.348534,7.621041,15.077275,9.532836,9.183484,19.459761,0.000000,190.000000,4.000000,,,,0.000000,4.000000,4.000000,4.000000,4.000000,4.000000,4.000000,4.000000,4.000000,4.000000,4.000000,4.000000,4.000000,4.000000,4.000000,4.000000,4.000000,4.000000,4.000000,2.000000,4.000000,4.000000,4.000000,4.000000,4.000000,4.000000,4.000000,4.000000,4.000000,4.000000,4.000000,4.000000,4.000000,83.333336
1614076751.121938,8.000000,0.000000,5.835613,11.317504,11.399149,18.824602,16.117722,18.606848,12.034071,4.075818,10.722501,5.907590,8.826015,13.447652,16.017750,3.517270,0.100535,8.663496,4.322717,5.555747,25.130926,-53.885700,-9.045449,2.810519,12.034783,11.653993,13.926390,6.741253,14.334186,7.613420,14.549377,7.472021,6.610198,15.337737,0.000000,195.000000,4.000000,,,,0.000000,4.000000,4.000000,4.000000,4.000000,4.000000,4.000000,4.000000,4.000000,4.000000,4.000000,4.000000,4.000000,4.000000,4.000000,4.000000,4.000000,4.000000,4.000000,2.000000,4.000000,4.000000,4.000000,4.000000,4.000000,4.000000,4.000000,4.000000,4.000000,4.000000,4.000000,4.000000,4.000000,83.333336
1614076751.129787,9.000000,0.000000,5.316957,11.306187,11.387750,18.805777,15.588784,18.588242,12.022037,4.071742,10.711779,5.901682,4.714625,13.947025,15.488913,2.488111,0.100434,19.936884,3.805574,-3.167758,1.516051,-53.318996,-11.600507,-1.807676,12.022749,11.642339,13.912463,6.734511,14.319851,7.605806,15.047648,9.515831,10.193332,15.835220,0.000000,198.000000,4.000000,,,,0.000000,4.000000,4.000000,4.000000,4.000000,4.000000,4.000000,4.000000,4.000000,4.000000,4.000000,4.000000,4.000000,4.000000,4.000000,4.000000,4.000000,4.000000,4.000000,2.000000,4.000000,4.000000,4.000000,4.000000,4.000000,4.000000,4.000000,4.000000,4.000000,4.000000,4.000000,4.000000,4.000000,83.333336
1614076751.137536,10.000000,0.000000,5.824460,11.294880,11.376363,18.786972,15.573195,18.569653,12.010015,4.580491,10.701067,5.895781,2.658629,12.394616,13.422141,-2.129761,2.151616,26.070793,4.827409,-1.113308,8.181202,-53.265675,-12.614547,-2.831509,12.523546,11.630696,14.411371,6.727777,14.305532,8.111021,15.545421,8.993495,9.157497,18.896307,0.000000,201.000000,4.000000,,,,0.000000,4.000000,4.000000,4.000000,4.000000,4.000000,4.000000,4.000000,4.000000,4.000000,4.000000,4.000000,4.000000,4.000000,4.000000,4.000000,4.000000,4.000000,4.000000,2.000000,4.000000,4.000000,4.000000,4.000000,4.000000,4.000000,4.000000,4.000000,4.000000,4.000000,4.000000,4.000000,4.000000,83.333336
1614076751.145385,11.000000,0.000000,5.818635,11.283586,10.852165,18.768185,16.070442,18.551083,11.998005,4.063089,10.690366,0.248859,3.168791,10.843760,7.767694,-4.691734,1.123823,-6.262970,4.309762,-3.163477,26.121738,-53.212410,-12.601933,-1.803036,11.998202,12.131886,13.884139,6.721049,14.291226,7.590089,14.504234,6.933219,7.097058,12.210745,0.000000,199.000000,4.000000,,,,0.000000,4.000000,4.000000,4.000000,4.000000,4.000000,4.000000,4.000000,4.000000,4.000000,4.000000,4.000000,4.000000,4.000000,4.000000,4.000000,4.000000,4.000000,4.000000,2.000000,4.000000,4.000000,4.000000,4.000000,4.000000,4.000000,4.000000,4.000000,4.000000,4.000000,4.000000,4.000000,4.000000,83.333336
1614076751.153134,12.000000,0.000000,5.299996,11.272302,11.354134,18.749416,15.028731,18.532532,11.986007,4.571847,10.679675,0.248610,3.678442,9.807276,5.708644,-4.174222,-0.415762,-13.436194,4.305451,-1.621852,21.480232,-52.646378,-12.076509,0.250049,11.986204,11.606935,13.870255,6.714328,14.789755,7.582500,9.874346,6.926286,9.141243,8.095970,0.000000,192.000000,4.000000,,,,0.000000,4.000000,4.000000,4.000000,4.000000,4.000000,4.000000,4.000000,4.000000,4.000000,4.000000,4.000000,4.000000,4.000000,4.000000,4.000000,4.000000,4.000000,4.000000,2.000000,4.000000,4.000000,4.000000,4.000000,4.000000,4.000000,4.000000,4.000000,4.000000,4.000000,4.000000,4.000000,4.000000,83.333336
1614076751.160883,13.000000,0.000000,5.807517,11.261029,11.342780,18.730667,15.526523,18.514000,11.974021,7.644198,10.668996,9.991951,5.213225,10.310288,10.831141,-4.170048,7.276961,19.397755,4.813967,7.610539,13.253624,-54.645012,-13.602895,0.762619,12.487039,12.108148,14.882026,6.707614,12.210863,8.600557,6.787549,7.945001,11.183384,17.318644,0.000000,187.000000,4.000000,,,,0.000000,4.000000,4.000000,4.000000,4.000000,4.000000,4.000000,4.000000,4.000000,4.000000,4.000000,4.000000,4.000000,4.000000,4.000000,4.000000,4.000000,4.000000,4.000000,2.000000,4.000000,4.000000,4.000000,4.000000,4.000000,4.000000,4.000000,4.000000,4.000000,4.000000,4.000000,4.000000,4.000000,83.333336
1614076751.168632,14.000000,0.000000,6.827351,11.249768,11.331437,18.711937,16.536636,19.008307,11.962047,8.662195,11.171147,15.110165,8.284935,10.812799,12.871592,-4.165878,7.782505,34.762974,2.245050,12.218313,13.753191,-59.718575,-18.204676,-2.315067,9.910449,12.096040,11.277400,6.700906,10.660191,6.540675,8.319222,7.937056,11.172200,23.455172,0.000000,200.000000,4.000000,,,,0.000000,4.000000,4.000000,4.000000,4.000000,4.000000,4.000000,4.000000,4.000000,4.000000,4.000000,4.000000,4.000000,4.000000,4.000000,4.000000,4.000000,4.000000,4.000000,2.000000,4.000000,4.000000,4.000000,4.000000,4.000000,4.000000,4.000000,4.000000,4.000000,4.000000,4.000000,4.000000,4.000000,83.333336
1614076751.176281,15.000000,0.000000,3.743600,11.238519,11.320106,18.693224,13.443177,17.963657,11.950085,8.140712,11.159976,10.992490,6.738189,9.776345,6.192053,-4.161712,-10.686816,2.420517,-2.372580,9.129172,13.739437,-64.274239,-23.314676,-0.774290,5.285154,7.468559,3.060995,6.694205,10.649530,1.405929,6.259621,6.903478,11.161028,18.303511,0.000000,203.000000,4.000000,,,,0.000000,4.000000,4.000000,4.000000,4.000000,4.000000,4.000000,4.000000,4.000000,4.000000,4.000000,4.000000,4.000000,4.000000,4.000000,4.000000,4.000000,4.000000,4.000000,2.000000,4.000000,4.000000,4.000000,4.000000,4.000000,4.000000,4.000000,4.000000,4.000000,4.000000,4.000000,4.000000,4.000000,83.333336
1614076751.184030,16.000000,0.000000,-0.362708,11.227280,11.308785,18.674530,7.788709,15.381591,11.938134,8.645392,10.123175,9.443036,-0.448037,5.151184,1.057656,-4.157550,-20.932539,-12.966519,-3.395848,-2.162008,15.776980,-64.209969,-23.291363,4.867510,4.254228,1.307244,-1.557451,6.687511,9.100419,-0.646759,0.099515,3.306831,9.611405,17.259565,0.000000,202.000000,4.000000,,,,0.000000,4.000000,4.000000,4.000000,4.000000,4.000000,4.000000,4.000000,4.000000,4.000000,4.000000,4.000000,4.000000,4.000000,4.000000,4.000000,4.000000,4.000000,4.000000,2.000000,4.000000,4.000000,4.000000,4.000000,4.000000,4.000000,4.000000,4.000000,4.000000,4.000000,4.000000,4.000000,4.000000,83.333336
1614076751.191679,17.000000,0.000000,0.150476,11.216053,10.784657,19.168676,9.832202,14.853389,11.926196,7.611105,11.138693,11.484876,-4.550153,2.581930,2.082239,-3.640572,-11.168017,-8.850988,-2.366811,-21.134205,11.658639,-60.556011,-22.755251,5.375463,4.762794,0.280296,-0.530252,6.680824,7.040037,0.379529,3.689159,4.329165,12.165896,19.806410,0.000000,180.000000,4.000000,,,,0.000000,4.000000,4.000000,4.000000,4.000000,4.000000,4.000000,4.000000,4.000000,4.000000,4.000000,4.000000,4.000000,4.000000,4.000000,4.000000,4.000000,4.000000,4.000000,2.000000,4.000000,4.000000,4.000000,4.000000,4.000000,4.000000,4.000000,4.000000,4.000000,4.000000,4.000000,4.000000,4.000000,83.333336
1614076751.199428,18.000000,0.000000,2.714428,11.717657,11.799513,18.123867,12.386473,13.812894,11.914270,5.039392,11.127554,8.909287,-4.032782,3.092169,2.592977,-4.149752,-6.028645,-25.765215,-2.877265,-31.369482,-8.865840,-59.982635,-26.835060,6.395729,4.758031,1.305657,-0.529722,7.186964,9.084279,0.379150,11.377778,4.837656,14.205012,16.196859,0.000000,193.000000,4.000000,,,,0.000000,4.000000,4.000000,4.000000,4.000000,4.000000,4.000000,4.000000,4.000000,4.000000,4.000000,4.000000,4.000000,4.000000,4.000000,4.000000,4.000000,4.000000,4.000000,2.000000,4.000000,4.000000,4.000000,4.000000,4.000000,4.000000,4.000000,4.000000,4.000000,4.000000,4.000000,4.000000,4.000000,83.333336
1614076751.207078,19.000000,0.000000,2.198893,11.705939,11.274893,14.516000,4.168958,11.234979,10.363894,4.008711,4.449760,1.208071,-6.080031,3.089077,1.564743,-6.196884,-10.638000,-23.688168,-2.874388,-27.235548,-16.549282,-66.589317,-30.910788,7.414974,4.240453,-0.746931,-1.042013,7.179776,11.126476,-0.134050,8.802298,-3.372309,6.498500,11.052457,0.000000,176.000000,4.000000,,,,0.000000,4.000000,4.000000,4.000000,4.000000,4.000000,4.000000,4.000000,4.000000,4.000000,4.000000,4.000000,4.000000,4.000000,4.000000,4.000000,4.000000,4.000000,4.000000,2.000000,4.000000,4.000000,4.000000,4.000000,4.000000,4.000000,4.000000,4.000000,4.000000,4.000000,4.000000,4.000000,4.000000,83.333336
1614076751.214827,20.000000,0.000000,1.683873,11.181413,6.648233,10.911740,-4.040339,10.198103,8.302249,4.517523,-4.272639,-3.921342,-11.202156,2.573167,1.563179,-8.241969,-11.653004,-0.074735,-2.871513,-22.080107,0.903165,-71.138115,-30.879877,-4.900134,4.749032,-3.310287,-0.528150,6.659776,10.602530,0.378905,4.690931,-5.420219,-0.687486,10.528584,0.000000,192.000000,4.000000,,,,0.000000,4.000000,4.000000,4.000000,4.000000,4.000000,4.000000,4.000000,4.000000,4.000000,4.000000,4.000000,4.000000,4.000000,4.000000,4.000000,4.000000,4.000000,4.000000,2.000000,4.000000,4.000000,4.000000,4.000000,4.000000,4.000000,4.000000,4.000000,4.000000,4.000000,4.000000,4.000000,4.000000,83.333336
1614076751.222476,21.000000,0.000000,2.707830,10.144590,3.564662,10.900828,-3.523479,11.213546,7.781126,4.000185,-4.268366,-5.455883,-13.242236,3.083415,2.074436,-7.720907,-11.641351,-8.792609,-4.407103,-21.545206,7.056108,-70.554153,-30.336178,-12.587541,4.744284,-2.794156,-1.040443,7.165937,11.104748,0.891346,4.686240,1.764688,1.877304,11.543696,0.000000,167.000000,4.000000,,,,0.000000,4.000000,4.000000,4.000000,4.000000,4.000000,4.000000,4.000000,4.000000,4.000000,4.000000,4.000000,4.000000,4.000000,4.000000,4.000000,4.000000,4.000000,4.000000,2.000000,4.000000,4.000000,4.000000,4.000000,4.000000,4.000000,4.000000,4.000000,4.000000,4.000000,4.000000,4.000000,4.000000,83.333336
1614076751.230225,22.000000,0.000000,1.166661,7.570343,4.073917,11.402748,-2.494314,11.202332,8.286165,4.509006,-0.674354,-4.937606,-9.639251,3.080331,2.072361,-8.226007,-12.142529,-25.194073,-6.453978,-17.421097,-3.720179,-74.586166,-32.869942,-1.805723,4.739539,-2.791362,-3.603505,6.133130,9.555182,-0.135186,-1.472292,-1.314000,2.901068,7.942409,0.000000,193.000000,4.000000,,,,0.000000,4.000000,4.000000,4.000000,4.000000,4.000000,4.000000,4.000000,4.000000,4.000000,4.000000,4.000000,4.000000,4.000000,4.000000,4.000000,4.000000,4.000000,4.000000,2.000000,4.000000,4.000000,4.000000,4.000000,4.000000,4.000000,4.000000,4.000000,4.000000,4.000000,4.000000,4.000000,4.000000,83.333336
1614076751.237874,23.000000,0.000000,-1.398608,-0.642355,2.018562,10.878525,-3.004640,10.678309,8.277879,5.017317,-0.160859,-2.881387,-4.501406,3.077251,2.070289,-7.704960,-10.591926,-11.835546,-6.960345,-16.890856,-5.254920,-79.126961,-34.888355,-2.829558,4.734800,-5.352673,-4.625542,0.998792,4.417421,-2.186333,-10.188768,-10.543455,-3.768500,0.754980,0.000000,198.000000,4.000000,,,,0.000000,4.000000,4.000000,4.000000,4.000000,4.000000,4.000000,4.000000,4.000000,4.000000,4.000000,4.000000,4.000000,4.000000,4.000000,4.000000,4.000000,4.000000,4.000000,2.000000,4.000000,4.000000,4.000000,4.000000,4.000000,4.000000,4.000000,4.000000,4.000000,4.000000,4.000000,4.000000,4.000000,83.333336
1614076751.245623,24.000000,0.000000,-1.910030,-7.821200,-0.547560,10.867646,-4.027277,10.667631,7.756781,2.448197,-1.186339,-1.340044,-4.496905,3.074173,1.042578,-4.107512,-12.632615,-2.592941,-6.953384,-16.873964,4.493924,-77.509377,-34.853466,-18.724165,4.217245,-6.372961,-4.620917,-4.643233,2.361722,-3.722608,-11.204221,-9.507270,-5.303193,-1.809878,0.000000,198.000000,4.000000,,,,0.000000,4.000000,4.000000,4.000000,4.000000,4.000000,4.000000,4.000000,4.000000,4.000000,4.000000,4.000000,4.000000,4.000000,4.000000,4.000000,4.000000,4.000000,4.000000,2.000000,4.000000,4.000000,4.000000,4.000000,4.000000,4.000000,4.000000,4.000000,4.000000,4.000000,4.000000,4.000000,4.000000,83.333336
1614076751.253272,25.000000,0.000000,-1.395299,-5.762097,2.529911,10.343958,-2.997608,10.656963,8.261845,0.394467,-1.697974,-1.851524,-3.979587,3.071099,2.067176,-1.026481,-6.466137,3.050678,-7.459251,7.245473,20.386866,-74.354942,-30.203230,-14.090055,4.725848,-6.879409,-5.129117,-5.151410,3.385001,-3.718886,-11.705837,-7.446481,-1.708146,1.781675,0.000000,187.000000,4.000000,,,,0.000000,4.000000,4.000000,4.000000,4.000000,4.000000,4.000000,4.000000,4.000000,4.000000,4.000000,4.000000,4.000000,4.000000,4.000000,4.000000,4.000000,4.000000,4.000000,2.000000,4.000000,4.000000,4.000000,4.000000,4.000000,4.000000,4.000000,4.000000,4.000000,4.000000,4.000000,4.000000,4.000000,83.333336
1614076751.261021,26.000000,0.000000,-1.393904,-0.115309,7.655586,11.359255,2.133595,11.159126,7.740762,2.958175,0.867827,0.714430,0.639777,3.068028,5.142032,0.000187,4.309560,18.945063,-6.426151,29.802330,34.212631,-72.742126,-24.532000,-0.229812,4.721122,-7.898170,-4.098346,-4.120618,2.868795,-3.202346,-9.130029,-6.413393,-0.167976,6.395278,0.000000,124.000000,4.000000,,,,0.000000,4.000000,4.000000,4.000000,4.000000,4.000000,4.000000,4.000000,4.000000,4.000000,4.000000,4.000000,4.000000,4.000000,4.000000,4.000000,4.000000,4.000000,4.000000,2.000000,4.000000,4.000000,4.000000,4.000000,4.000000,4.000000,4.000000,4.000000,4.000000,4.000000,4.000000,4.000000,4.000000,83.333336
1614076751.268671,27.000000,0.000000,-1.392510,0.397627,8.160751,11.347896,4.695563,11.147967,8.245842,4.493679,2.405421,2.764998,3.716060,2.552140,5.136890,-1.538275,-5.951159,6.105605,-7.445366,11.310989,26.486113,-67.541176,-22.969007,-4.332146,3.690760,-2.249247,-4.607069,-5.142138,3.378747,-1.147862,-1.941411,-1.278775,-0.167808,7.927345,0.000000,183.000000,4.000000,,,,0.000000,4.000000,4.000000,4.000000,4.000000,4.000000,4.000000,4.000000,4.000000,4.000000,4.000000,4.000000,4.000000,4.000000,4.000000,4.000000,4.000000,4.000000,4.000000,2.000000,4.000000,4.000000,2.000000,4.000000,4.000000,4.000000,4.000000,4.000000,4.000000,4.000000,4.000000,4.000000,4.000000,66.666664
1614076751.276420,28.000000,0.000000,-1.391118,-1.141232,6.101308,9.285266,4.178047,10.111178,8.237596,2.950723,2.403015,1.736592,4.225164,3.062408,5.131753,0.001725,-14.150336,-14.926142,-4.360998,-5.110578,14.664755,-58.242870,-19.869114,-3.814993,6.763992,6.983772,-5.115282,-3.598534,5.939471,0.391748,-0.913829,-0.764676,-0.680461,5.868135,0.000000,148.000000,4.000000,,,,0.000000,4.000000,4.000000,4.000000,4.000000,4.000000,4.000000,4.000000,4.000000,4.000000,4.000000,4.000000,4.000000,4.000000,4.000000,4.000000,4.000000,4.000000,4.000000,2.000000,4.000000,4.000000,2.000000,4.000000,4.000000,4.000000,4.000000,4.000000,4.000000,4.000000,4.000000,4.000000,4.000000,66.666664
1614076751.284069,29.000000,0.000000,-1.389727,0.398370,9.172131,13.891365,10.327716,12.665170,7.716538,8.075977,8.041637,7.375881,8.323503,6.136269,12.818930,11.796595,4.325352,1.499041,6.925415,9.766328,22.342398,-51.517960,-12.156938,7.470873,13.423895,9.540891,1.556500,2.046090,7.471993,0.904176,-2.964197,1.800192,-0.679780,8.426370,0.000000,197.000000,4.000000,,,,0.000000,4.000000,4.000000,4.000000,4.000000,4.000000,4.000000,4.000000,4.000000,4.000000,4.000000,4.000000,4.000000,4.000000,4.000000,4.000000,4.000000,4.000000,4.000000,2.000000,4.000000,4.000000,2.000000,4.000000,4.000000,4.000000,4.000000,4.000000,4.000000,4.000000,4.000000,4.000000,4.000000,66.666664
1614076751.291918,30.000000,0.000000,-1.388337,5.013357,17.880907,26.185165,18.522516,17.267889,9.247283,18.324312,18.802828,18.650557,11.392103,9.719876,21.011238,24.605310,14.577437,15.856516,15.636438,8.218100,28.473902,-50.953621,-12.657601,6.950582,16.487394,7.992888,12.324174,6.659428,6.951700,2.954554,3.192613,14.106084,2.910643,15.597430,0.000000,193.000000,4.000000,,,,0.000000,4.000000,4.000000,4.000000,4.000000,4.000000,4.000000,4.000000,4.000000,4.000000,4.000000,4.000000,4.000000,4.000000,4.000000,4.000000,4.000000,4.000000,4.000000,2.000000,4.000000,4.000000,2.000000,4.000000,4.000000,4.000000,4.000000,4.000000,4.000000,4.000000,4.000000,4.000000,4.000000,66.666664
1614076751.299667,31.000000,0.000000,-1.386949,8.085266,23.504051,31.287186,20.042456,19.301903,11.289317,20.357269,23.399408,22.734470,10.355070,10.735797,18.938946,23.555065,5.844911,8.661173,16.133621,-5.123452,21.265940,-52.953949,-21.875713,1.815426,15.445266,8.497716,14.875953,7.678410,6.944749,4.490061,8.830446,17.168901,7.010296,19.684397,0.000000,192.000000,4.000000,,,,0.000000,4.000000,4.000000,4.000000,4.000000,4.000000,4.000000,4.000000,4.000000,4.000000,4.000000,4.000000,4.000000,4.000000,4.000000,4.000000,4.000000,4.000000,4.000000,2.000000,4.000000,4.000000,2.000000,4.000000,4.000000,4.000000,4.000000,4.000000,4.000000,4.000000,4.000000,4.000000,4.000000,66.666664
1614076751.307516,32.000000,0.000000,-1.385562,8.077181,21.942085,27.666155,20.022413,18.769781,12.303669,16.234348,20.811907,19.634811,10.857535,10.725061,16.355904,16.864843,8.915989,9.165332,15.604668,7.189364,17.142111,-53.926636,-25.443581,5.403354,15.429820,7.976398,12.296974,7.157911,7.450624,4.485571,8.821615,7.920962,7.516107,18.639072,8064.000000,0.000000,4.000000,,,,0.000000,4.000000,4.000000,4.000000,4.000000,4.000000,4.000000,4.000000,4.000000,4.000000,4.000000,4.000000,4.000000,4.000000,4.000000,4.000000,4.000000,4.000000,4.000000,2.000000,4.000000,4.000000,2.000000,4.000000,4.000000,4.000000,4.000000,4.000000,4.000000,4.000000,4.000000,4.000000,4.000000,66.666664
1614076751.315265,33.000000,0.000000,-1.384176,8.069104,16.791939,25.587208,18.976749,16.699730,11.778545,15.705294,18.226992,17.051075,11.359498,9.688695,17.878010,12.745414,9.932714,5.053603,15.076242,9.233457,13.535225,-56.949635,-25.930958,-0.243075,15.927211,5.404319,10.746216,4.586650,6.930353,3.968265,8.299973,3.810477,7.508591,19.646074,8064.000000,0.000000,4.000000,,,,0.000000,4.000000,4.000000,4.000000,4.000000,4.000000,4.000000,4.000000,4.000000,4.000000,4.000000,4.000000,4.000000,4.000000,4.000000,4.000000,4.000000,4.000000,4.000000,2.000000,4.000000,4.000000,2.000000,4.000000,4.000000,4.000000,4.000000,4.000000,4.000000,4.000000,4.000000,4.000000,4.000000,66.666664
1614076751.323114,34.000000,0.000000,-1.382792,7.548214,15.749506,26.074440,14.342387,15.144568,11.766767,16.715229,15.131843,11.905819,8.271215,7.114904,15.808849,6.066002,1.204833,-1.618118,10.958602,-5.647572,15.060151,-58.943966,-27.443489,-12.037704,15.398463,4.373273,6.120085,3.043602,6.923423,3.964297,8.291674,1.242564,7.501082,18.087967,8064.000000,0.000000,4.000000,,,,0.000000,4.000000,4.000000,4.000000,4.000000,4.000000,4.000000,4.000000,4.000000,4.000000,4.000000,4.000000,4.000000,4.000000,4.000000,4.000000,4.000000,4.000000,4.000000,2.000000,4.000000,4.000000,2.000000,4.000000,4.000000,4.000000,4.000000,4.000000,4.000000,4.000000,4.000000,4.000000,4.000000,66.666664
1614076751.330863,35.000000,0.000000,-1.381409,8.053487,16.246576,23.484264,12.276763,15.129423,12.267820,15.160052,15.629531,6.252887,6.211663,6.594969,13.741758,2.983013,1.203628,10.178372,7.870721,2.050384,26.327143,-57.859379,-23.826302,-6.897461,16.408707,3.856080,3.549862,4.066200,7.429320,4.473153,8.283381,-2.861242,6.980760,13.967314,8064.000000,0.000000,4.000000,,,,0.000000,4.000000,4.000000,4.000000,4.000000,4.000000,4.000000,4.000000,4.000000,4.000000,4.000000,4.000000,4.000000,4.000000,4.000000,4.000000,4.000000,4.000000,4.000000,2.000000,4.000000,4.000000,2.000000,4.000000,4.000000,4.000000,4.000000,4.000000,4.000000,4.000000,4.000000,4.000000,4.000000,66.666664
1614076751.338712,36.000000,0.000000,-1.380028,8.558253,9.050843,18.845394,11.238846,13.575832,11.742732,15.657713,13.562619,6.246634,8.256733,6.588374,12.189555,2.467209,-5.977063,5.552809,7.862850,5.125257,23.223892,-60.878445,-24.315296,1.827385,15.366656,5.390685,3.033492,0.985210,6.396250,4.468680,8.787919,-3.371202,7.999421,11.902064,8064.000000,0.000000,4.000000,,,,0.000000,4.000000,4.000000,4.000000,4.000000,4.000000,4.000000,4.000000,4.000000,4.000000,4.000000,4.000000,4.000000,4.000000,4.000000,4.000000,4.000000,4.000000,4.000000,2.000000,4.000000,4.000000,2.000000,4.000000,4.000000,4.000000,4.000000,4.000000,4.000000,4.000000,4.000000,4.000000,4.000000,66.666664
1614076751.346461,37.000000,0.000000,-1.378648,2.395849,-1.727439,10.621421,4.048120,6.895590,7.628425,17.180517,0.215723,3.676285,4.658732,6.068965,4.485058,-4.201925,-20.842880,-14.965564,6.316525,-18.982433,-1.414717,-71.073975,-42.752518,-5.353930,10.735905,4.359653,-6.713131,-6.195262,4.338572,2.412929,4.163746,-9.521676,6.452960,4.710675,8064.000000,0.000000,4.000000,,,,0.000000,4.000000,4.000000,4.000000,4.000000,4.000000,4.000000,4.000000,4.000000,4.000000,4.000000,4.000000,4.000000,4.000000,4.000000,4.000000,4.000000,4.000000,4.000000,2.000000,4.000000,4.000000,2.000000,4.000000,4.000000,4.000000,4.000000,4.000000,4.000000,4.000000,4.000000,4.000000,4.000000,66.666664
1614076751.354310,38.000000,0.000000,-1.377269,-3.247572,-4.802634,4.456954,-0.571313,3.298951,4.031053,8.958208,-9.015262,-0.942776,-5.602336,7.088537,-4.237376,-11.890030,-22.873320,-15.976239,4.258927,-30.245502,-11.156892,-78.182388,-52.966175,-14.579345,8.161066,-3.337014,-16.450008,-8.753169,2.795771,0.359234,-4.045546,-16.178822,-0.732980,-5.550446,8064.000000,0.000000,4.000000,,,,0.000000,4.000000,4.000000,4.000000,4.000000,4.000000,4.000000,4.000000,4.000000,4.000000,4.000000,4.000000,4.000000,4.000000,4.000000,4.000000,4.000000,4.000000,4.000000,2.000000,4.000000,4.000000,2.000000,4.000000,4.000000,4.000000,4.000000,4.000000,4.000000,4.000000,4.000000,4.000000,4.000000,66.666664
1614076751.362059,39.000000,0.000000,-1.375892,-0.680222,-3.259370,3.426856,0.967719,3.808472,4.539843,-4.384084,-5.416502,-1.454654,-12.776221,5.542987,-6.797241,-12.903781,-30.542755,-31.344879,-0.873537,-24.061411,1.674778,-77.078568,-41.631161,-13.026303,7.640085,-11.025985,-11.818173,-7.718775,3.305796,0.358875,-7.118423,-11.547258,-4.321991,-8.108997,8064.000000,0.000000,4.000000,,,,0.000000,4.000000,4.000000,4.000000,4.000000,4.000000,4.000000,4.000000,4.000000,4.000000,4.000000,4.000000,4.000000,4.000000,4.000000,4.000000,4.000000,4.000000,4.000000,2.000000,4.000000,4.000000,2.000000,4.000000,4.000000,4.000000,4.000000,4.000000,4.000000,4.000000,4.000000,4.000000,4.000000,66.666664
1614076751.369908,40.000000,0.000000,-0.861695,-0.166721,-3.256111,3.423429,-0.058889,3.291843,5.048123,-7.969443,-4.385445,-1.966020,-11.737804,-1.642043,-8.328905,-12.378057,-44.871185,-51.313534,-8.564971,-18.909143,9.365411,-75.975845,-32.358757,-8.397893,4.042701,-10.502138,-4.114048,-7.711056,3.815311,0.358516,-6.598484,-6.920326,-0.727926,-8.100888,8064.000000,0.000000,4.000000,,,,0.000000,4.000000,4.000000,4.000000,4.000000,4.000000,4.000000,4.000000,4.000000,4.000000,4.000000,4.000000,4.000000,4.000000,4.000000,4.000000,4.000000,4.000000,4.000000,2.000000,4.000000,4.000000,2.000000,4.000000,4.000000,4.000000,4.000000,4.000000,4.000000,4.000000,4.000000,4.000000,4.000000,66.666664
1614076751.377657,41.000000,0.000000,-1.373654,-3.756298,-1.201573,3.420005,4.556554,5.339834,4.017434,-5.397371,-3.355419,1.112870,-7.110682,-4.204504,-6.782115,-2.622089,-28.928879,-18.441708,-10.094868,-7.608183,4.740661,-77.438332,-31.813580,-5.312572,0.448915,-9.465995,-3.597113,-5.139243,3.298675,0.358157,-7.104706,-6.400585,-0.214377,-7.067147,8064.000000,0.000000,4.000000,,,,0.000000,4.000000,4.000000,4.000000,4.000000,4.000000,4.000000,4.000000,4.000000,4.000000,4.000000,4.000000,4.000000,4.000000,4.000000,4.000000,4.000000,4.000000,4.000000,2.000000,4.000000,4.000000,2.000000,4.000000,4.000000,4.000000,4.000000,4.000000,4.000000,4.000000,4.000000,4.000000,4.000000,66.666664
1614076751.385506,42.000000,0.000000,-2.910742,1.375663,3.927834,6.493508,21.475075,10.462699,4.526237,-7.443256,9.468450,11.368167,-2.488186,-1.123376,-1.134307,12.252328,-2.746104,14.397247,-5.469388,-2.985190,6.274382,-74.796791,-23.063818,-5.307259,0.448466,-10.482170,-2.055054,-0.518719,3.295376,0.870620,-4.020679,-1.265980,0.298658,0.632228,8064.000000,0.000000,4.000000,,,,0.000000,4.000000,4.000000,4.000000,4.000000,4.000000,4.000000,4.000000,4.000000,4.000000,4.000000,4.000000,4.000000,4.000000,4.000000,4.000000,4.000000,4.000000,4.000000,2.000000,4.000000,4.000000,2.000000,4.000000,4.000000,4.000000,4.000000,4.000000,4.000000,4.000000,4.000000,4.000000,4.000000,66.666664
1614076751.393255,43.000000,0.000000,-3.933472,3.425570,4.949547,8.538297,27.094625,6.862493,4.521711,-6.922992,14.074366,13.920901,1.104046,-1.635074,1.943750,14.804178,1.359206,-2.540227,-2.386996,0.607538,23.704004,-67.542503,-15.861266,-5.301952,0.960838,-10.471688,1.023924,-0.518200,4.317722,-2.207174,-2.991017,-2.290355,3.375282,2.170058,8064.000000,0.000000,4.000000,,,,0.000000,4.000000,4.000000,4.000000,4.000000,4.000000,4.000000,4.000000,4.000000,4.000000,4.000000,4.000000,4.000000,4.000000,4.000000,4.000000,4.000000,4.000000,4.000000,2.000000,4.000000,4.000000,2.000000,4.000000,4.000000,4.000000,4.000000,4.000000,4.000000,4.000000,4.000000,4.000000,4.000000,66.666664
1614076751.401104,44.000000,0.000000,-6.493641,-8.372727,1.867675,4.940015,14.247018,-1.862319,0.927446,-3.326325,2.265419,4.676211,-1.461161,-4.197541,3.993088,11.199630,5.460411,7.718723,-2.384609,23.171034,32.398251,-62.859581,-23.537712,-4.271009,1.472698,-9.948396,-1.541203,-5.645887,0.723661,-6.820351,-8.629051,-14.082936,-0.217837,-7.575702,8064.000000,0.000000,4.000000,,,,0.000000,4.000000,4.000000,4.000000,4.000000,4.000000,4.000000,4.000000,4.000000,4.000000,4.000000,4.000000,4.000000,4.000000,4.000000,4.000000,4.000000,4.000000,4.000000,2.000000,4.000000,4.000000,2.000000,4.000000,4.000000,4.000000,4.000000,4.000000,4.000000,4.000000,4.000000,4.000000,4.000000,66.666664
1614076751.408853,45.000000,0.000000,-11.102532,-15.031022,-3.775219,0.319690,3.976361,-4.424559,-2.663225,-9.989666,-5.429153,-2.507952,-9.664828,-3.680523,0.399352,3.496123,0.839566,14.377671,-6.484788,11.352991,8.776108,-72.027489,-37.360329,-6.318020,-0.580057,-9.938447,-6.667867,-9.742805,-6.969371,-7.326352,-14.261448,-19.709879,-6.371465,-12.183512,8064.000000,0.000000,4.000000,,,,0.000000,4.000000,4.000000,4.000000,4.000000,4.000000,4.000000,4.000000,4.000000,4.000000,4.000000,4.000000,4.000000,4.000000,4.000000,4.000000,4.000000,4.000000,4.000000,2.000000,4.000000,4.000000,2.000000,4.000000,4.000000,4.000000,4.000000,4.000000,4.000000,4.000000,4.000000,4.000000,4.000000,66.666664
1614076751.416503,46.000000,0.000000,-13.142712,-10.913426,-6.335546,0.319371,4.485205,-2.881673,-3.173383,-20.748907,-4.910904,-5.582367,-17.860291,-8.292227,-13.447202,-20.097116,-25.827940,-17.944399,-14.170611,-20.966055,-15.848053,-84.263153,-45.015278,-10.414267,-4.682041,-9.928509,-8.199660,-11.271524,-11.577786,-6.806205,-14.247187,-17.126066,-5.852273,-10.120046,8064.000000,0.000000,4.000000,,,,0.000000,4.000000,4.000000,4.000000,4.000000,4.000000,4.000000,4.000000,4.000000,4.000000,4.000000,4.000000,4.000000,4.000000,4.000000,4.000000,4.000000,4.000000,4.000000,2.000000,4.000000,4.000000,2.000000,4.000000,4.000000,4.000000,4.000000,4.000000,4.000000,4.000000,4.000000,4.000000,4.000000,66.666664
1614076751.424252,47.000000,0.000000,-12.103929,-9.364052,-6.842031,-0.706590,4.993540,-3.904432,-2.657389,-20.728157,-6.957275,-11.217811,-19.380892,-11.873678,-14.459395,-32.897533,-29.904676,-38.952095,-12.617979,-21.457909,-0.960410,-74.948120,-42.918980,-12.967955,-5.190180,-9.918580,-7.165820,-11.260252,-11.566208,-6.799398,-13.207298,-17.621761,-4.307959,-12.161208,8064.000000,0.000000,4.000000,,,,0.000000,4.000000,4.000000,4.000000,4.000000,4.000000,4.000000,4.000000,4.000000,4.000000,4.000000,4.000000,4.000000,4.000000,4.000000,4.000000,4.000000,4.000000,4.000000,2.000000,4.000000,4.000000,2.000000,4.000000,4.000000,4.000000,4.000000,4.000000,4.000000,4.000000,4.000000,4.000000,4.000000,66.666664
1614076751.431901,48.000000,0.000000,-12.091825,-11.405970,-8.373651,-3.269986,2.937264,-4.926169,-3.167552,-11.476661,-9.001600,-13.770696,-15.258947,-6.220779,0.426859,-16.454378,-11.413233,-6.092630,-6.451515,11.384062,23.655935,-58.462917,-37.747856,-12.442166,-2.108067,-9.395842,-7.671474,-11.248992,-11.554642,-7.305419,-14.219732,-18.629780,-7.380574,-15.225969,8064.000000,0.000000,4.000000,,,,0.000000,4.000000,4.000000,4.000000,4.000000,4.000000,4.000000,4.000000,4.000000,4.000000,4.000000,4.000000,4.000000,4.000000,4.000000,4.000000,4.000000,4.000000,4.000000,2.000000,4.000000,4.000000,2.000000,4.000000,4.000000,4.000000,4.000000,4.000000,4.000000,4.000000,4.000000,4.000000,4.000000,66.666664
1614076751.439650,49.000000,0.000000,-12.592553,-10.881743,-10.416559,-4.292357,3.447148,-3.382781,-3.164384,-10.952363,-7.966957,-12.731283,-17.294971,-7.240200,-2.650491,-9.771257,-21.658230,-7.625000,-11.060448,1.629088,16.965612,-66.609581,-37.197285,-12.942544,-2.105958,-7.335164,-9.715085,-11.237743,-11.543087,-6.785294,-14.205512,-18.098330,-8.398835,-14.697923,8064.000000,0.000000,4.000000,,,,0.000000,4.000000,4.000000,4.000000,4.000000,4.000000,4.000000,4.000000,4.000000,4.000000,4.000000,4.000000,4.000000,4.000000,4.000000,4.000000,4.000000,4.000000,4.000000,2.000000,4.000000,4.000000,2.000000,4.000000,4.000000,4.000000,4.000000,4.000000,4.000000,4.000000,4.000000,4.000000,4.000000,66.666664
1614076751.447299,50.000000,0.000000,-12.067140,-10.358041,-10.918962,-3.775244,4.469341,-3.892219,-2.648400,-15.556796,-7.958990,-12.205731,-23.944342,-18.002190,-17.519636,-27.197384,-45.226315,-39.925068,-20.792976,-30.680233,-7.153917,-86.542976,-39.724190,-12.929602,-4.667955,-5.789367,-11.243832,-11.226505,-11.018723,-6.778508,-13.678486,-17.567411,-6.851974,-14.170404,8064.000000,0.000000,4.000000,,,,0.000000,4.000000,4.000000,4.000000,4.000000,4.000000,4.000000,4.000000,4.000000,4.000000,4.000000,4.000000,4.000000,4.000000,4.000000,4.000000,4.000000,4.000000,4.000000,2.000000,4.000000,4.000000,2.000000,4.000000,4.000000,4.000000,4.000000,4.000000,4.000000,4.000000,4.000000,4.000000,4.000000,66.666664
1614076751.455048,51.000000,0.000000,-12.567893,-9.834863,-10.908044,-3.771469,3.439231,-4.401147,-2.645751,-10.413033,-7.951031,-12.706347,-19.305014,-17.471367,-12.373911,-30.247110,-39.540062,-33.218475,-22.310646,-25.008528,-16.890352,-86.969254,-40.710110,-12.403852,-6.201748,-6.296398,-11.232588,-11.215279,-12.033346,-6.771730,-13.664807,-17.549843,-7.357943,-14.669055,8064.000000,0.000000,4.000000,,,,0.000000,4.000000,4.000000,4.000000,4.000000,4.000000,4.000000,4.000000,4.000000,4.000000,4.000000,4.000000,4.000000,4.000000,4.000000,4.000000,4.000000,4.000000,4.000000,2.000000,4.000000,4.000000,2.000000,4.000000,4.000000,4.000000,4.000000,4.000000,4.000000,4.000000,4.000000,4.000000,4.000000,66.666664
1614076751.462697,52.000000,0.000000,-11.529684,-10.850669,-9.358674,-1.203595,4.974254,-0.294182,-2.643105,0.879431,-5.378978,-9.103897,-4.413914,-6.684665,1.997438,-11.755323,-16.936420,-0.364744,-17.160130,2.708788,-2.514488,-75.600227,-37.592476,-13.417089,-6.195547,-6.290102,-11.221354,-11.204063,-9.457211,-6.764958,-14.163963,-18.045115,-7.350585,-13.628745,8064.000000,0.000000,4.000000,,,,0.000000,4.000000,4.000000,4.000000,4.000000,4.000000,4.000000,4.000000,4.000000,4.000000,4.000000,4.000000,4.000000,4.000000,4.000000,4.000000,4.000000,4.000000,4.000000,2.000000,4.000000,4.000000,2.000000,4.000000,4.000000,4.000000,4.000000,4.000000,4.000000,4.000000,4.000000,4.000000,4.000000,66.666664
1614076751.470446,53.000000,0.000000,-8.954052,-10.326998,-4.733931,2.900173,12.148767,6.372779,-2.640462,6.006756,-1.271035,0.135976,1.744346,-2.575416,3.533902,0.051303,-6.150254,10.404852,-12.014765,16.039413,18.513668,-69.883606,-30.888216,-12.378031,-6.189351,-5.770991,-11.210134,-11.192860,-2.268266,-6.758193,-13.636979,-17.001429,-7.343235,-11.051013,8064.000000,0.000000,4.000000,,,,0.000000,4.000000,4.000000,4.000000,4.000000,4.000000,4.000000,4.000000,4.000000,4.000000,4.000000,4.000000,4.000000,4.000000,4.000000,4.000000,4.000000,4.000000,4.000000,2.000000,4.000000,4.000000,2.000000,4.000000,4.000000,4.000000,4.000000,4.000000,4.000000,4.000000,4.000000,4.000000,4.000000,66.666664
1614076751.478096,54.000000,0.000000,-7.919457,-5.701286,-2.677915,4.435734,16.239182,8.417688,-2.637822,4.462288,0.268698,7.828148,-0.308680,-2.572841,0.966265,-0.461569,-7.169744,2.702139,-7.900186,14.997732,19.007975,-66.223976,-25.729122,-4.673345,-6.183162,-6.278040,-11.198923,-11.181666,0.810926,-6.751435,-11.572060,-12.369042,-7.335891,-10.014321,8064.000000,0.000000,4.000000,,,,0.000000,4.000000,4.000000,4.000000,4.000000,4.000000,4.000000,4.000000,4.000000,4.000000,4.000000,4.000000,4.000000,4.000000,4.000000,4.000000,4.000000,4.000000,4.000000,2.000000,4.000000,4.000000,2.000000,4.000000,4.000000,4.000000,4.000000,4.000000,4.000000,4.000000,4.000000,4.000000,4.000000,66.666664
1614076751.485845,55.000000,0.000000,-8.424358,-2.618661,-3.188058,3.918478,15.197302,6.870809,-2.635184,4.457826,-0.244391,4.743397,-0.308371,-0.518986,2.503761,-0.973927,-6.136934,7.314822,-5.841004,20.110941,10.783837,-61.029549,-25.190573,2.510816,-6.176979,-6.271762,-11.187724,-11.170485,-0.215526,-6.744683,-10.022026,-9.792570,-7.328555,-10.517128,8064.000000,0.000000,4.000000,,,,0.000000,4.000000,4.000000,4.000000,4.000000,4.000000,4.000000,4.000000,4.000000,4.000000,4.000000,4.000000,4.000000,4.000000,4.000000,4.000000,4.000000,4.000000,4.000000,2.000000,4.000000,4.000000,2.000000,4.000000,4.000000,4.000000,4.000000,4.000000,4.000000,4.000000,4.000000,4.000000,4.000000,66.666664
1614076751.493494,56.000000,0.000000,-8.415934,-2.616043,-3.184870,3.914560,15.182104,7.889579,-2.632549,5.479009,-0.244147,-0.902372,1.230399,0.507174,3.014077,0.565508,-1.002592,13.461353,-5.835163,35.475445,18.465363,-59.942879,-25.678204,3.021125,-6.170802,-6.265491,-11.176537,-11.159314,-0.215311,-6.737939,-10.012004,-10.295598,-7.834047,-9.993790,8064.000000,0.000000,4.000000,,,,0.000000,4.000000,4.000000,4.000000,4.000000,4.000000,4.000000,4.000000,4.000000,4.000000,4.000000,4.000000,4.000000,4.000000,4.000000,4.000000,4.000000,4.000000,4.000000,2.000000,4.000000,4.000000,2.000000,4.000000,4.000000,4.000000,4.000000,4.000000,4.000000,4.000000,4.000000,4.000000,4.000000,66.666664
1614076751.501243,57.000000,0.000000,-8.407517,-3.126247,-2.668864,4.423466,15.679743,8.394510,-2.629916,4.447889,0.268918,2.175453,0.203527,-0.518974,1.985422,0.052122,-1.001589,5.242764,-6.342148,32.363045,24.087921,-61.421394,-25.139704,1.992463,-6.164631,-6.259225,-11.165360,-11.148155,-0.215096,-6.731201,-10.001992,-8.746841,-7.313393,-7.932514,8064.000000,0.000000,4.000000,,,,0.000000,4.000000,4.000000,4.000000,4.000000,4.000000,4.000000,4.000000,4.000000,4.000000,4.000000,4.000000,4.000000,4.000000,4.000000,4.000000,4.000000,4.000000,4.000000,2.000000,4.000000,4.000000,2.000000,4.000000,4.000000,4.000000,4.000000,4.000000,4.000000,4.000000,4.000000,4.000000,4.000000,66.666664
1614076751.508892,58.000000,0.000000,-8.399110,-2.610300,-3.179016,3.906222,15.151242,6.334834,-2.627286,4.443441,-0.244172,6.275842,-0.309497,-0.518455,1.983437,-0.460751,-5.103151,4.211880,-6.335806,12.843503,8.679218,-60.847153,-27.678667,2.503291,-6.158466,-6.252966,-11.154195,-11.137007,-0.727701,-6.724470,-10.504810,-6.173992,-4.741977,-6.386120,8064.000000,0.000000,4.000000,,,,0.000000,4.000000,4.000000,4.000000,4.000000,4.000000,4.000000,4.000000,4.000000,4.000000,4.000000,4.000000,4.000000,4.000000,4.000000,4.000000,4.000000,4.000000,4.000000,2.000000,4.000000,4.000000,2.000000,4.000000,4.000000,4.000000,4.000000,4.000000,4.000000,4.000000,4.000000,4.000000,4.000000,66.666664
1614076751.516641,59.000000,0.000000,-8.390711,-3.120511,-3.175837,3.902315,15.136091,7.866961,-2.624659,4.951818,-0.243927,6.782387,0.203633,-0.517937,1.981453,-0.460290,-3.046766,18.053822,-5.816649,15.907583,-3.124332,-59.760666,-29.189449,2.500788,-6.152308,-6.759533,-11.655861,-11.125870,0.298668,-6.717745,-8.955845,-6.680638,-3.198773,-6.892554,8064.000000,0.000000,4.000000,,,,0.000000,4.000000,4.000000,4.000000,4.000000,4.000000,4.000000,4.000000,4.000000,4.000000,4.000000,4.000000,4.000000,4.000000,4.000000,4.000000,4.000000,4.000000,4.000000,2.000000,4.000000,4.000000,2.000000,4.000000,4.000000,4.000000,4.000000,4.000000,4.000000,4.000000,4.000000,4.000000,4.000000,66.666664
1614076751.524290,60.000000,0.000000,-8.895141,-3.117390,-3.172661,3.898413,15.120955,11.448837,-2.622034,3.408405,-0.243684,6.262784,-1.335032,-1.030239,1.979472,-0.459830,-2.018079,11.369102,-6.836474,20.507059,-2.095567,-61.752186,-29.160261,1.985466,-6.146155,-6.752774,-11.131385,-11.114744,-0.727272,-6.711028,-4.844325,-6.673958,-3.708395,-6.885662,8064.000000,0.000000,4.000000,,,,0.000000,4.000000,4.000000,4.000000,4.000000,4.000000,4.000000,4.000000,4.000000,4.000000,4.000000,4.000000,4.000000,4.000000,4.000000,4.000000,4.000000,4.000000,4.000000,2.000000,4.000000,4.000000,2.000000,4.000000,4.000000,4.000000,4.000000,4.000000,4.000000,4.000000,4.000000,4.000000,4.000000,66.666664
1614076751.532139,61.000000,0.000000,-8.373425,-3.114273,-3.169488,3.894515,15.105834,5.283542,-2.619412,-0.184747,-0.243440,5.743701,-3.897799,-0.516389,1.977492,-0.459370,-2.528881,-3.514063,-6.316817,10.230143,-0.555010,-60.151974,-30.669561,1.983481,-6.140009,-6.233201,-11.120254,-11.103629,-1.239365,-6.704317,-2.275378,-6.667284,-3.704687,-6.878776,8064.000000,0.000000,4.000000,,,,0.000000,4.000000,4.000000,4.000000,4.000000,4.000000,4.000000,4.000000,4.000000,4.000000,4.000000,4.000000,4.000000,4.000000,4.000000,4.000000,4.000000,4.000000,4.000000,2.000000,4.000000,4.000000,2.000000,4.000000,4.000000,4.000000,4.000000,4.000000,4.000000,4.000000,4.000000,4.000000,4.000000,66.666664
1614076751.539888,62.000000,0.000000,-5.800949,-3.623979,-3.166319,3.377800,15.090728,-3.439690,-2.616793,1.353899,-0.243196,3.686675,-3.893902,1.535410,3.001156,0.053910,4.140315,12.386888,-0.156654,19.450682,3.035289,-50.348232,-26.023508,2.494318,-6.133869,-7.252608,-11.621954,-11.605347,4.915720,-6.697612,-2.785923,-7.173437,-3.700982,-6.871897,8064.000000,0.000000,4.000000,,,,0.000000,4.000000,4.000000,4.000000,4.000000,4.000000,4.000000,4.000000,4.000000,4.000000,4.000000,4.000000,4.000000,4.000000,4.000000,4.000000,4.000000,4.000000,4.000000,2.000000,4.000000,4.000000,2.000000,4.000000,4.000000,4.000000,4.000000,4.000000,4.000000,4.000000,4.000000,4.000000,4.000000,66.666664
1614076751.547737,63.000000,0.000000,-4.256687,-3.107534,-3.163152,3.887242,15.588458,-1.384969,-2.614176,5.455109,0.269867,2.657347,-3.377187,3.585156,2.998155,0.053856,3.623354,16.477064,3.946067,25.585077,8.673279,-44.656857,-13.176971,3.004644,-6.127736,-6.732535,-10.071870,-10.568100,10.551830,-6.690915,-2.783137,-3.576520,-3.697281,-6.865026,8064.000000,0.000000,4.000000,,,,0.000000,4.000000,4.000000,4.000000,4.000000,4.000000,4.000000,4.000000,4.000000,4.000000,4.000000,4.000000,4.000000,4.000000,4.000000,4.000000,4.000000,4.000000,4.000000,2.000000,4.000000,4.000000,2.000000,4.000000,4.000000,4.000000,4.000000,4.000000,4.000000,4.000000,4.000000,4.000000,4.000000,66.666664
1614076751.555486,64.000000,0.000000,-4.765251,-3.617247,-3.159989,4.396176,15.060049,3.744622,-2.611562,1.859910,-0.756044,2.654690,-4.399451,3.581571,-0.081766,-1.484659,-10.226423,-10.718900,-2.724546,1.969749,10.715888,-49.740406,-9.574051,1.975999,-6.121608,0.453684,-5.446414,-7.993429,7.977176,-6.684224,-2.780354,0.529621,-3.693583,-6.858160,0.000000,186.000000,4.000000,,,,0.000000,4.000000,4.000000,4.000000,4.000000,4.000000,4.000000,4.000000,4.000000,4.000000,4.000000,4.000000,4.000000,4.000000,4.000000,4.000000,4.000000,4.000000,4.000000,2.000000,4.000000,4.000000,2.000000,4.000000,4.000000,4.000000,4.000000,4.000000,4.000000,4.000000,4.000000,4.000000,4.000000,66.666664
1614076751.563335,65.000000,0.000000,-4.760485,-3.613630,-1.618368,2.853318,15.044989,4.253697,-2.608950,-3.270154,0.783174,2.652035,-2.856590,3.065169,-0.594505,1.593748,-11.241838,-4.041514,-7.337206,3.506240,10.705172,-52.254768,-17.256784,0.948382,-6.115486,8.145538,-3.389685,-6.959795,2.840994,-6.677539,-2.777573,1.041912,-3.689890,-6.851302,0.000000,192.000000,4.000000,,,,0.000000,4.000000,4.000000,4.000000,4.000000,4.000000,4.000000,4.000000,4.000000,4.000000,4.000000,4.000000,4.000000,4.000000,4.000000,4.000000,4.000000,4.000000,4.000000,2.000000,4.000000,4.000000,2.000000,4.000000,4.000000,4.000000,4.000000,4.000000,4.000000,4.000000,4.000000,4.000000,4.000000,66.666664
1614076751.571085,66.000000,0.000000,-4.755725,-0.020273,0.947353,5.414567,15.542765,6.300726,-2.606341,0.835680,3.346493,5.213486,-0.802452,3.574925,-2.645193,4.156257,-8.153673,16.475348,-4.765766,27.605299,10.181646,-55.279438,-21.342093,0.947433,-6.109371,9.163033,-2.873475,-7.465656,3.350973,-6.670862,-0.210693,0.528049,-3.686200,-4.793169,0.000000,199.000000,4.000000,,,,0.000000,4.000000,4.000000,4.000000,4.000000,4.000000,4.000000,4.000000,4.000000,4.000000,4.000000,4.000000,4.000000,4.000000,4.000000,4.000000,4.000000,4.000000,4.000000,2.000000,4.000000,4.000000,2.000000,4.000000,4.000000,4.000000,4.000000,4.000000,4.000000,4.000000,4.000000,4.000000,4.000000,66.666664
1614076751.578934,67.000000,0.000000,-4.750969,4.082312,0.946406,10.537357,15.014401,7.832887,-2.603735,0.834844,1.804685,6.233913,-3.878572,4.084170,-12.898957,-5.078668,-20.453211,-7.130871,-10.914846,14.757180,10.684285,-65.480568,-22.859211,-6.745822,-5.590441,8.128230,-3.383422,-7.458190,3.860443,-6.664191,0.302338,1.040342,-3.682514,-2.737094,0.000000,189.000000,4.000000,,,,0.000000,4.000000,4.000000,4.000000,4.000000,4.000000,4.000000,4.000000,4.000000,4.000000,4.000000,4.000000,4.000000,4.000000,4.000000,4.000000,4.000000,4.000000,4.000000,2.000000,4.000000,4.000000,2.000000,4.000000,4.000000,4.000000,4.000000,4.000000,4.000000,4.000000,4.000000,4.000000,4.000000,66.666664
1614076751.586683,68.000000,0.000000,-4.746218,4.591050,-1.105823,10.526820,10.384002,5.260951,-2.601131,-12.499324,-3.325325,-0.438988,-7.977258,-0.022478,-20.578367,-13.791538,-25.048143,-15.841689,-20.134701,-1.155013,14.263345,-73.107391,-29.503019,-18.533947,-7.636132,8.632922,-6.456962,-6.937911,3.343762,-6.657527,-2.262067,1.039301,-3.678831,-2.734357,0.000000,191.000000,4.000000,,,,0.000000,4.000000,4.000000,4.000000,4.000000,4.000000,4.000000,4.000000,4.000000,4.000000,4.000000,4.000000,4.000000,4.000000,4.000000,4.000000,4.000000,4.000000,4.000000,2.000000,4.000000,4.000000,2.000000,4.000000,4.000000,4.000000,4.000000,4.000000,4.000000,4.000000,4.000000,4.000000,4.000000,66.666664
1614076751.594532,69.000000,0.000000,-4.741472,4.073638,-2.643178,5.388089,7.296695,3.204408,-2.598530,-19.153492,-4.860461,-5.566754,-7.969280,-4.125020,-14.403942,-8.136721,-10.151300,16.994665,-16.524822,16.282040,11.684978,-71.495827,-33.576080,-14.925671,-9.166958,8.624290,-6.963326,-7.443794,3.340418,-6.650869,-2.772625,0.525441,-3.675153,-3.244443,0.000000,186.000000,4.000000,,,,0.000000,4.000000,4.000000,4.000000,4.000000,4.000000,4.000000,4.000000,4.000000,4.000000,4.000000,4.000000,4.000000,4.000000,4.000000,4.000000,4.000000,4.000000,4.000000,2.000000,4.000000,4.000000,2.000000,4.000000,4.000000,4.000000,4.000000,4.000000,4.000000,4.000000,4.000000,4.000000,4.000000,66.666664
1614076751.602281,70.000000,0.000000,-4.736731,4.069564,-3.153356,3.331418,7.289399,3.714024,-2.595932,-11.954851,-3.829959,-5.048367,-7.448491,-4.633715,-7.722871,-2.487559,-2.961662,22.105877,-9.841631,23.445244,0.391242,-70.911507,-33.542503,-6.705616,-6.593688,8.102844,-5.930721,-7.436350,3.337078,-6.644218,-2.769853,1.037737,-3.671477,-3.241198,0.000000,187.000000,4.000000,,,,0.000000,4.000000,4.000000,4.000000,4.000000,4.000000,4.000000,4.000000,4.000000,4.000000,4.000000,4.000000,4.000000,4.000000,4.000000,4.000000,4.000000,4.000000,4.000000,2.000000,4.000000,4.000000,2.000000,4.000000,4.000000,4.000000,4.000000,4.000000,4.000000,4.000000,4.000000,4.000000,4.000000,66.666664
1614076751.610130,71.000000,0.000000,-4.731994,4.578315,-3.150202,1.789625,7.794930,3.710310,-3.106156,-10.917255,-4.338950,-5.556139,-8.979504,-4.629082,-10.279251,-5.561994,-8.086905,-10.223922,-10.344610,7.524364,-5.762995,-72.891876,-33.508961,-19.519424,-2.997351,8.094742,-14.129918,-7.428914,3.333740,-6.637574,-2.767083,0.523878,-3.667806,-3.237957,0.000000,174.000000,4.000000,,,,0.000000,4.000000,4.000000,4.000000,4.000000,4.000000,4.000000,4.000000,4.000000,4.000000,4.000000,4.000000,4.000000,4.000000,4.000000,4.000000,4.000000,4.000000,4.000000,2.000000,4.000000,4.000000,2.000000,4.000000,4.000000,4.000000,4.000000,4.000000,4.000000,4.000000,4.000000,4.000000,4.000000,66.666664
1614076751.617879,72.000000,0.000000,-4.727262,4.060916,-2.634232,0.249374,7.274314,3.193779,-3.103050,-11.931979,-4.334611,-5.037762,-4.867960,-4.624453,-9.756151,-6.069253,-6.540357,-14.829082,-8.282984,2.388634,-3.705950,-70.767708,-32.962631,-25.653749,-2.994354,6.035365,-16.679892,-7.421485,3.843227,-6.630937,-2.764316,-1.527928,-3.664138,-2.721899,0.000000,181.000000,4.000000,,,,0.000000,4.000000,4.000000,4.000000,4.000000,4.000000,4.000000,4.000000,4.000000,4.000000,4.000000,4.000000,4.000000,4.000000,4.000000,4.000000,4.000000,4.000000,4.000000,2.000000,4.000000,4.000000,2.000000,4.000000,4.000000,4.000000,4.000000,4.000000,4.000000,4.000000,4.000000,4.000000,4.000000,66.666664
1614076751.625728,73.000000,0.000000,-4.722535,4.056856,-4.170059,0.249125,7.267040,3.703406,-2.587126,1.926107,-3.817456,-0.417340,1.290754,-1.542905,-5.131011,-2.473440,-3.969714,1.083182,-6.223419,8.540092,-0.625321,-67.107193,-32.929668,-6.140917,-2.478539,4.490868,-8.970903,-7.414063,3.326563,-6.624306,-3.787193,-3.064861,-3.660474,-4.257638,0.000000,200.000000,4.000000,,,,0.000000,4.000000,4.000000,4.000000,4.000000,4.000000,4.000000,4.000000,4.000000,4.000000,4.000000,4.000000,4.000000,4.000000,4.000000,4.000000,4.000000,4.000000,4.000000,2.000000,4.000000,4.000000,2.000000,4.000000,4.000000,4.000000,4.000000,4.000000,4.000000,4.000000,4.000000,4.000000,4.000000,66.666664
1614076751.633477,74.000000,0.000000,-5.230632,4.052799,-8.781274,-3.853688,7.259773,3.186882,-3.610180,7.565207,-4.839279,2.147180,-1.274639,-0.515721,-6.664341,-5.035069,-13.196513,-6.097388,-12.371041,8.018731,0.913766,-67.552910,-33.409561,-5.109135,-2.988881,4.486377,-12.038856,-7.406649,1.271955,-6.617682,-6.347508,-4.600258,-4.169634,-6.304663,0.000000,189.000000,4.000000,,,,0.000000,4.000000,4.000000,4.000000,4.000000,4.000000,4.000000,4.000000,4.000000,4.000000,4.000000,4.000000,4.000000,4.000000,4.000000,4.000000,4.000000,4.000000,4.000000,2.000000,4.000000,4.000000,2.000000,4.000000,4.000000,4.000000,4.000000,4.000000,4.000000,4.000000,4.000000,4.000000,4.000000,66.666664
1614076751.641126,75.000000,0.000000,-4.712581,4.048746,-11.336595,-6.926758,7.252513,3.183695,-2.580929,-4.237230,-3.295978,4.196315,-0.760544,-1.028026,-9.734600,-5.030034,-18.824343,-15.322060,-11.333029,3.908148,3.476954,-66.972534,-26.709484,-20.488642,-2.985892,3.456250,-16.642202,-7.399242,-0.267779,-7.123884,-6.853981,-6.646940,-3.652644,-7.323999,0.000000,187.000000,4.000000,,,,0.000000,4.000000,4.000000,4.000000,4.000000,4.000000,4.000000,4.000000,4.000000,4.000000,4.000000,4.000000,4.000000,4.000000,4.000000,4.000000,4.000000,4.000000,4.000000,2.000000,4.000000,4.000000,2.000000,4.000000,4.000000,4.000000,4.000000,4.000000,4.000000,4.000000,4.000000,4.000000,4.000000,66.666664
1614076751.648875,76.000000,0.000000,-2.143766,4.044697,-8.761156,-0.765985,7.758081,4.718973,3.575498,2.433674,3.886805,10.858786,17.701756,4.614028,2.070007,13.436535,-1.369621,5.718903,0.473176,13.647830,8.088862,-59.213253,-16.426365,-5.596358,3.170940,3.965614,-5.856328,-6.879023,-0.780331,-6.603940,-6.334306,-7.153113,-1.597709,-6.803854,0.000000,190.000000,4.000000,,,,0.000000,4.000000,4.000000,4.000000,4.000000,4.000000,4.000000,4.000000,4.000000,4.000000,4.000000,4.000000,4.000000,4.000000,4.000000,4.000000,4.000000,4.000000,4.000000,2.000000,4.000000,4.000000,2.000000,4.000000,4.000000,4.000000,4.000000,4.000000,4.000000,4.000000,4.000000,4.000000,4.000000,66.666664
1614076751.656724,77.000000,0.000000,-1.115981,4.040653,-6.188292,3.850166,9.288784,6.252716,8.700128,22.431240,8.498302,14.950491,28.966105,10.763260,16.939732,31.884636,15.042006,34.431133,6.626549,38.762386,16.285902,-51.974552,-12.307373,11.332315,10.860077,9.602674,-2.773549,-6.872144,-0.266731,-3.007592,-6.840793,-6.633140,0.455171,-6.797051,0.000000,197.000000,4.000000,,,,0.000000,4.000000,4.000000,4.000000,4.000000,4.000000,4.000000,4.000000,4.000000,4.000000,4.000000,4.000000,4.000000,4.000000,4.000000,4.000000,4.000000,4.000000,4.000000,2.000000,4.000000,4.000000,2.000000,4.000000,4.000000,4.000000,4.000000,4.000000,4.000000,4.000000,4.000000,4.000000,4.000000,66.666664
1614076751.664473,78.000000,0.000000,-2.140507,4.036612,-7.207745,4.359136,10.305137,7.784925,8.691427,13.178040,6.438522,13.397079,14.578164,9.726856,14.358689,23.647623,2.206450,30.806957,4.568640,41.287727,22.423462,-52.435398,-15.371989,-0.473889,10.849216,11.644353,-10.463083,-7.890913,1.784818,0.585159,-5.808311,-6.626506,-0.058105,-6.790254,0.000000,168.000000,4.000000,,,,0.000000,4.000000,4.000000,4.000000,4.000000,4.000000,4.000000,4.000000,4.000000,4.000000,4.000000,4.000000,4.000000,4.000000,4.000000,4.000000,4.000000,4.000000,4.000000,2.000000,4.000000,4.000000,2.000000,4.000000,4.000000,4.000000,4.000000,4.000000,4.000000,4.000000,4.000000,4.000000,4.000000,66.666664
1614076751.672122,79.000000,0.000000,1.964198,3.519755,-7.200537,11.021443,14.397396,9.315601,7.657095,-6.835139,6.432084,13.383682,1.230252,6.127385,3.575100,8.239361,-10.616269,13.853074,4.051251,18.169516,21.375397,-51.870144,-17.407900,1.577867,8.274265,8.042965,-3.273133,-7.883022,3.321495,0.584574,-3.238400,-7.132700,-0.058047,-6.783463,0.000000,178.000000,4.000000,,,,0.000000,4.000000,4.000000,4.000000,4.000000,4.000000,4.000000,4.000000,4.000000,4.000000,4.000000,4.000000,4.000000,4.000000,4.000000,4.000000,4.000000,4.000000,4.000000,2.000000,4.000000,4.000000,2.000000,4.000000,4.000000,4.000000,4.000000,4.000000,4.000000,4.000000,4.000000,4.000000,4.000000,66.666664
1614076751.679871,80.000000,0.000000,6.577619,4.029056,-6.167696,16.651447,19.511204,11.357568,8.162258,-2.212919,11.041037,13.883119,3.280304,6.634079,1.007422,7.205480,1.189219,14.864862,5.585661,17.638527,18.789919,-51.305454,-16.877670,11.319879,8.265991,11.624666,3.909627,-6.849498,3.318173,0.583989,-2.209520,-6.612747,0.454832,-6.776680,0.000000,201.000000,4.000000,,,,0.000000,4.000000,4.000000,4.000000,4.000000,4.000000,4.000000,4.000000,4.000000,4.000000,4.000000,4.000000,4.000000,4.000000,4.000000,4.000000,4.000000,4.000000,4.000000,2.000000,4.000000,4.000000,2.000000,4.000000,4.000000,4.000000,4.000000,4.000000,4.000000,4.000000,4.000000,4.000000,4.000000,66.666664
1614076751.687521,81.000000,0.000000,4.006938,4.537847,-7.699989,9.455309,16.927589,10.833389,8.666917,5.481602,10.004354,11.305133,4.302665,6.627444,4.083338,7.711095,10.931620,9.721792,6.092896,28.902939,18.258308,-55.356712,-18.399254,-5.101697,8.257725,19.305349,-5.837872,-9.919571,3.314855,0.583405,-2.720131,-6.093314,-1.084085,-6.257083,0.000000,198.000000,4.000000,,,,0.000000,4.000000,4.000000,4.000000,4.000000,4.000000,4.000000,4.000000,4.000000,4.000000,4.000000,4.000000,4.000000,4.000000,4.000000,4.000000,4.000000,4.000000,4.000000,2.000000,4.000000,4.000000,2.000000,4.000000,4.000000,4.000000,4.000000,4.000000,4.000000,4.000000,4.000000,4.000000,4.000000,66.666664
1614076751.695270,82.000000,0.000000,2.464470,2.994848,-10.256392,2.779187,11.782457,10.309735,7.632608,4.450479,4.353324,9.242546,3.272721,6.107996,6.130537,5.139282,9.382227,-5.672545,4.548342,12.976601,14.137486,-56.839817,-20.944958,-9.199160,9.275108,16.721941,-12.498701,-15.550677,3.311540,0.070001,-2.717411,-7.112862,-3.134283,-7.276467,0.000000,178.000000,4.000000,,,,0.000000,4.000000,4.000000,4.000000,4.000000,4.000000,4.000000,4.000000,4.000000,4.000000,4.000000,4.000000,4.000000,4.000000,4.000000,4.000000,4.000000,4.000000,4.000000,2.000000,4.000000,4.000000,2.000000,4.000000,4.000000,4.000000,4.000000,4.000000,4.000000,4.000000,4.000000,4.000000,4.000000,66.666664
1614076751.702919,83.000000,0.000000,7.590210,4.530314,-5.630751,5.853331,15.873239,13.376349,8.137796,14.189618,7.938715,9.746123,7.884833,10.717273,5.611586,12.313629,16.552332,6.640820,4.543793,0.655931,7.456682,-53.706055,-21.949654,12.861321,11.317115,10.551373,-8.383638,-11.945383,3.821049,3.659675,-2.714694,-6.592928,-4.156789,-7.269190,0.000000,198.000000,4.000000,,,,0.000000,4.000000,4.000000,4.000000,4.000000,4.000000,4.000000,4.000000,4.000000,4.000000,4.000000,4.000000,4.000000,4.000000,4.000000,4.000000,4.000000,4.000000,4.000000,2.000000,4.000000,4.000000,2.000000,4.000000,4.000000,4.000000,4.000000,4.000000,4.000000,4.000000,4.000000,4.000000,4.000000,66.666664
1614076751.710668,84.000000,0.000000,10.659543,10.166810,1.041547,10.975683,23.036852,14.901434,10.180941,28.021582,14.597443,10.249198,9.928230,15.834761,5.605974,17.429522,23.715267,32.275204,8.128993,23.219378,4.885123,-51.088245,-21.414885,14.386922,11.818619,12.592104,-6.323972,-2.189848,6.894151,9.809861,-2.711979,-4.022233,-3.639812,-4.184998,0.000000,191.000000,4.000000,,,,0.000000,4.000000,4.000000,4.000000,4.000000,4.000000,4.000000,4.000000,4.000000,4.000000,4.000000,4.000000,4.000000,4.000000,4.000000,4.000000,4.000000,4.000000,4.000000,2.000000,4.000000,4.000000,2.000000,4.000000,4.000000,4.000000,4.000000,4.000000,4.000000,4.000000,4.000000,4.000000,4.000000,66.666664
1614076751.718317,85.000000,0.000000,9.623243,11.182283,1.553326,11.477528,22.500996,13.348071,11.709222,27.480740,9.454639,9.213308,11.456763,18.895849,7.651650,9.719784,18.563347,25.576263,7.095223,41.144878,5.905879,-50.011517,-20.367828,3.090484,12.832440,15.656435,-7.856110,0.889265,10.989821,12.364154,-2.709267,-3.505390,-3.636172,-4.180813,0.000000,191.000000,4.000000,,,,0.000000,4.000000,4.000000,4.000000,4.000000,4.000000,4.000000,4.000000,4.000000,4.000000,4.000000,4.000000,4.000000,4.000000,4.000000,4.000000,4.000000,4.000000,4.000000,2.000000,4.000000,4.000000,2.000000,4.000000,4.000000,4.000000,4.000000,4.000000,4.000000,4.000000,4.000000,4.000000,4.000000,66.666664
1614076751.726066,86.000000,0.000000,10.126440,7.581358,0.013311,10.440409,18.375931,10.257800,12.210333,19.248131,2.778518,9.716915,11.445307,18.876953,1.490152,3.556218,4.185808,-5.731365,-5.219564,23.667833,5.387153,-55.089710,-21.885921,5.138675,11.793967,15.127957,-7.848254,-0.650086,11.491652,11.838969,-2.706558,-6.065987,-3.632536,-6.227914,0.000000,168.000000,4.000000,,,,0.000000,4.000000,4.000000,4.000000,4.000000,4.000000,4.000000,4.000000,4.000000,4.000000,4.000000,4.000000,4.000000,4.000000,4.000000,4.000000,4.000000,4.000000,4.000000,2.000000,4.000000,4.000000,2.000000,4.000000,4.000000,4.000000,4.000000,4.000000,4.000000,4.000000,4.000000,4.000000,4.000000,66.666664
1614076751.733715,87.000000,0.000000,8.065032,8.599418,1.038938,10.942789,18.357553,10.760363,12.198122,13.075037,3.801381,10.732840,2.715913,10.140128,-12.870313,2.014200,-18.382481,-34.443581,-15.470756,-4.048141,4.868945,-68.880775,-26.479420,-1.533130,3.064225,15.112830,-6.814764,-0.136615,6.864776,10.801490,-2.703851,-7.085562,-3.628904,-2.119122,0.000000,172.000000,4.000000,,,,0.000000,4.000000,4.000000,4.000000,4.000000,4.000000,4.000000,4.000000,4.000000,4.000000,4.000000,4.000000,4.000000,4.000000,4.000000,4.000000,4.000000,4.000000,4.000000,2.000000,4.000000,4.000000,2.000000,4.000000,4.000000,4.000000,4.000000,4.000000,4.000000,4.000000,4.000000,4.000000,4.000000,66.666664
1614076751.741464,88.000000,0.000000,1.390300,11.667741,1.550720,11.957487,19.364838,11.262423,9.621821,6.908116,-0.817805,5.593901,-8.056034,-2.690525,-22.601032,-4.654481,-30.671789,-35.434780,-14.942464,-10.197939,5.889717,-75.991379,-29.529863,-15.377751,-3.605506,13.046434,-7.320770,0.376342,3.268167,7.200944,-2.701148,-6.565656,-3.625275,4.549664,0.000000,199.000000,4.000000,,,,0.000000,4.000000,4.000000,4.000000,4.000000,4.000000,4.000000,4.000000,4.000000,4.000000,4.000000,4.000000,4.000000,4.000000,4.000000,4.000000,4.000000,4.000000,4.000000,2.000000,4.000000,4.000000,2.000000,4.000000,4.000000,4.000000,4.000000,4.000000,4.000000,4.000000,4.000000,4.000000,4.000000,66.666664
1614076751.749114,89.000000,0.000000,-2.200834,9.604792,-1.014933,8.868607,17.294191,9.712699,4.996815,-2.329561,-7.996474,-2.616821,-8.560799,-5.764758,-20.527149,-7.726749,-16.282145,-2.578832,-12.876240,5.709694,4.858186,-73.351288,-27.961872,-16.900835,-3.089080,7.905183,-7.313449,-0.136855,2.752079,3.604000,-2.698446,-6.559091,-3.621650,3.519473,0.000000,212.000000,4.000000,,,,0.000000,4.000000,4.000000,4.000000,4.000000,4.000000,4.000000,4.000000,4.000000,4.000000,4.000000,4.000000,4.000000,4.000000,4.000000,4.000000,4.000000,4.000000,4.000000,2.000000,4.000000,4.000000,2.000000,4.000000,4.000000,4.000000,4.000000,4.000000,4.000000,4.000000,4.000000,4.000000,4.000000,66.666664
1614076751.756863,90.000000,0.000000,-1.685813,7.543905,-6.142123,4.244354,11.635871,7.651704,3.966177,-12.070822,-8.501298,-5.691127,-7.526597,-4.733352,-15.891237,-2.077997,-3.445349,19.475029,-15.940287,8.780908,1.776405,-74.303574,-29.472372,-22.524960,-5.137273,4.307535,-7.306136,-0.136718,3.262147,3.600396,-2.695748,-4.501249,-3.618028,-0.073790,0.000000,126.000000,4.000000,,,,0.000000,4.000000,4.000000,4.000000,4.000000,4.000000,4.000000,4.000000,4.000000,4.000000,4.000000,4.000000,4.000000,4.000000,4.000000,4.000000,4.000000,4.000000,4.000000,2.000000,4.000000,4.000000,2.000000,4.000000,4.000000,4.000000,4.000000,4.000000,4.000000,4.000000,4.000000,4.000000,4.000000,66.666664
1614076751.764512,91.000000,0.000000,-1.684127,7.536361,-7.674443,3.214468,9.572953,6.618412,3.962211,-8.469007,-7.979977,-5.172616,-10.595993,-5.754260,-15.362525,-2.588739,-7.031647,-7.723933,-13.873064,-5.074027,4.851552,-74.742096,-32.519821,-27.630640,-6.670598,3.790406,-7.298830,-0.136581,3.258885,4.109616,-2.693052,-2.958287,-3.614410,0.439104,0.000000,226.000000,4.000000,,,,0.000000,4.000000,4.000000,4.000000,4.000000,4.000000,4.000000,4.000000,4.000000,4.000000,4.000000,4.000000,4.000000,4.000000,4.000000,4.000000,4.000000,4.000000,4.000000,2.000000,4.000000,4.000000,2.000000,4.000000,4.000000,4.000000,4.000000,4.000000,4.000000,4.000000,4.000000,4.000000,4.000000,66.666664
1614076751.772361,92.000000,0.000000,0.368839,5.990363,-7.153948,3.724074,11.101842,7.124614,3.958249,10.001000,-7.971997,-5.167443,-1.354628,-0.107480,-10.218958,-4.124612,5.283077,-16.434158,-1.038678,6.725919,13.564649,-64.923759,-31.461662,-8.628650,0.002740,4.812257,-7.291531,-0.136445,2.742806,3.592686,-2.690359,-2.955328,-3.610795,0.951486,0.000000,196.000000,4.000000,,,,0.000000,4.000000,4.000000,4.000000,4.000000,4.000000,4.000000,4.000000,4.000000,4.000000,4.000000,4.000000,4.000000,4.000000,4.000000,4.000000,4.000000,4.000000,4.000000,2.000000,4.000000,4.000000,4.000000,4.000000,4.000000,4.000000,4.000000,4.000000,4.000000,4.000000,4.000000,4.000000,4.000000,83.333336
1614076751.780110,93.000000,0.000000,2.932573,3.420270,-6.633974,3.720350,10.577919,7.117489,7.031214,20.247410,-3.861460,-5.162275,10.441599,11.174679,4.150236,-0.530744,26.303434,16.402788,10.244411,39.026886,17.653648,-55.115246,-28.866098,6.251773,5.643763,6.345906,-7.284239,-0.136308,3.252883,4.101913,-2.687669,-2.439553,-3.607185,0.437714,0.000000,171.000000,4.000000,,,,0.000000,4.000000,4.000000,4.000000,4.000000,4.000000,4.000000,4.000000,4.000000,4.000000,4.000000,4.000000,4.000000,4.000000,4.000000,4.000000,4.000000,4.000000,4.000000,2.000000,4.000000,4.000000,4.000000,4.000000,4.000000,4.000000,4.000000,4.000000,4.000000,4.000000,4.000000,4.000000,4.000000,83.333336
1614076751.787959,94.000000,0.000000,2.416820,3.416850,-7.140160,2.690989,4.413495,5.059090,6.511362,12.534855,-1.293496,-5.669934,6.841413,15.778889,11.838393,-1.555854,22.174568,23.565874,9.208527,34.372475,14.046251,-53.008850,-28.324411,-4.010889,5.125299,7.878022,-7.276955,-0.136172,3.249630,4.097812,-3.197802,-4.488395,-4.116398,-0.075545,0.000000,193.000000,4.000000,,,,0.000000,4.000000,4.000000,4.000000,4.000000,4.000000,4.000000,4.000000,4.000000,4.000000,4.000000,4.000000,4.000000,4.000000,4.000000,4.000000,4.000000,4.000000,4.000000,2.000000,4.000000,4.000000,4.000000,4.000000,4.000000,4.000000,4.000000,4.000000,4.000000,4.000000,4.000000,4.000000,4.000000,83.333336
1614076751.795708,95.000000,0.000000,2.927224,3.926253,-8.158661,3.713939,2.357800,2.489928,3.427928,7.394114,-2.830665,-3.612982,4.783290,13.199007,9.262452,1.009804,12.408803,11.234615,8.173676,6.132973,7.878359,-55.519943,-27.270447,-6.570980,4.607353,7.870144,-7.782499,-0.136036,3.246381,4.093714,-1.656142,-6.535189,-3.599461,-0.075469,0.000000,190.000000,4.000000,,,,0.000000,4.000000,4.000000,4.000000,4.000000,4.000000,4.000000,4.000000,4.000000,4.000000,4.000000,4.000000,4.000000,4.000000,4.000000,4.000000,4.000000,4.000000,4.000000,2.000000,4.000000,4.000000,4.000000,4.000000,4.000000,4.000000,4.000000,4.000000,4.000000,4.000000,4.000000,4.000000,4.000000,83.333336
1614076751.803557,96.000000,0.000000,6.001220,3.922327,-5.073579,3.710225,9.022108,3.513079,4.962961,11.489285,-1.289372,2.031657,15.547737,14.211450,12.330112,15.367768,15.986138,19.428509,14.832170,13.819148,9.921762,-55.464424,-24.679073,9.333027,5.115566,7.349453,-6.749075,0.376921,3.243134,4.089620,0.909616,-3.451730,-3.595862,0.437427,8064.000000,0.000000,4.000000,,,,0.000000,4.000000,4.000000,4.000000,4.000000,4.000000,4.000000,4.000000,4.000000,4.000000,4.000000,4.000000,4.000000,4.000000,4.000000,4.000000,4.000000,4.000000,4.000000,2.000000,4.000000,4.000000,4.000000,4.000000,4.000000,4.000000,4.000000,4.000000,4.000000,4.000000,4.000000,4.000000,4.000000,83.333336
1614076751.811306,97.000000,0.000000,7.020859,3.918405,2.110982,2.680874,14.654112,4.535207,8.547742,8.400872,2.814481,6.645010,18.609114,15.222879,13.343424,21.506247,9.816305,12.742414,13.278876,34.830971,20.681072,-52.844856,-24.141573,20.092924,4.597630,8.367744,-4.691044,-1.161918,3.239891,4.085531,-0.629755,0.654285,-4.105086,-0.075831,8064.000000,0.000000,4.000000,,,,0.000000,4.000000,4.000000,4.000000,4.000000,4.000000,4.000000,4.000000,4.000000,4.000000,4.000000,4.000000,4.000000,4.000000,4.000000,4.000000,4.000000,4.000000,4.000000,2.000000,4.000000,4.000000,4.000000,4.000000,4.000000,4.000000,4.000000,4.000000,4.000000,4.000000,4.000000,4.000000,4.000000,83.333336
1614076751.819155,98.000000,0.000000,3.424095,3.914486,5.185794,4.216654,15.152278,1.453749,8.026374,0.700164,3.837308,6.638365,10.898196,7.515348,0.509568,10.202689,-8.142229,-14.962637,-0.580557,18.898703,11.429621,-58.945858,-24.630253,14.944626,4.593032,12.461942,-3.147892,-3.212038,3.236651,4.081445,-3.193228,1.166452,-3.075340,-0.075755,8064.000000,0.000000,4.000000,,,,0.000000,4.000000,4.000000,4.000000,4.000000,4.000000,4.000000,4.000000,4.000000,4.000000,4.000000,4.000000,4.000000,4.000000,4.000000,4.000000,4.000000,4.000000,4.000000,2.000000,4.000000,4.000000,4.000000,4.000000,4.000000,4.000000,4.000000,4.000000,4.000000,4.000000,4.000000,4.000000,4.000000,83.333336
1614076751.826904,99.000000,0.000000,-0.681893,3.910572,4.667788,8.827823,16.675587,5.554859,8.018348,0.186643,3.833470,6.631727,7.810375,-4.287039,-8.721711,3.013000,-17.364855,-14.947674,-10.836386,-7.786862,-8.581808,-69.656143,-24.605621,-1.993395,4.075619,15.526402,-3.657564,-3.721647,3.233415,4.077363,-0.625932,2.703747,1.543120,4.539705,8064.000000,0.000000,4.000000,,,,0.000000,4.000000,4.000000,4.000000,4.000000,4.000000,4.000000,4.000000,4.000000,4.000000,4.000000,4.000000,4.000000,4.000000,4.000000,4.000000,4.000000,4.000000,4.000000,2.000000,4.000000,4.000000,4.000000,4.000000,4.000000,4.000000,4.000000,4.000000,4.000000,4.000000,4.000000,4.000000,4.000000,83.333336
1614076751.834753,100.000000,0.000000,-1.706852,3.906661,6.714402,11.383097,18.710194,14.780073,5.959047,0.186456,2.803996,6.112274,4.212821,-5.308393,-8.200169,1.984346,-13.244926,0.964710,-10.825550,-0.086768,1.683184,-63.945461,-24.581017,-10.196530,4.584363,15.510876,-3.653907,-3.205104,3.230181,4.073286,0.400335,4.752325,4.618500,8.637730,8064.000000,0.000000,4.000000,,,,0.000000,4.000000,4.000000,4.000000,4.000000,4.000000,4.000000,4.000000,4.000000,4.000000,4.000000,4.000000,4.000000,4.000000,4.000000,4.000000,4.000000,4.000000,4.000000,2.000000,4.000000,4.000000,4.000000,4.000000,4.000000,4.000000,4.000000,4.000000,4.000000,4.000000,4.000000,4.000000,4.000000,83.333336
1614076751.842502,101.000000,0.000000,-1.192325,3.902755,8.758969,10.858893,18.691484,13.226831,0.312062,0.699090,-1.814193,6.618983,3.695787,3.414865,-4.602225,-0.068921,-0.923989,3.527848,-1.071135,27.605627,23.219961,-47.471260,-22.505154,5.198282,6.631061,14.982545,-3.137432,-4.227540,3.226951,4.069213,-2.164168,4.747573,3.588240,5.552169,8064.000000,0.000000,4.000000,,,,0.000000,4.000000,4.000000,4.000000,4.000000,4.000000,4.000000,4.000000,4.000000,4.000000,4.000000,4.000000,4.000000,4.000000,4.000000,4.000000,4.000000,4.000000,4.000000,2.000000,4.000000,4.000000,4.000000,4.000000,4.000000,4.000000,4.000000,4.000000,4.000000,4.000000,4.000000,4.000000,4.000000,83.333336
1614076751.850351,102.000000,0.000000,-1.191133,3.898852,8.237390,10.848035,18.672792,4.495656,1.850212,10.441981,-4.376481,7.638005,17.025425,11.103757,6.684428,3.520892,13.948730,9.678165,14.314552,35.783150,15.504435,-41.782761,-20.431366,18.526417,8.675713,14.967562,-3.647115,-3.710492,3.223724,4.577964,-3.187644,4.742825,3.584652,5.033796,8064.000000,0.000000,4.000000,,,,0.000000,4.000000,4.000000,4.000000,4.000000,4.000000,4.000000,4.000000,4.000000,4.000000,4.000000,4.000000,4.000000,4.000000,4.000000,4.000000,4.000000,4.000000,4.000000,2.000000,4.000000,4.000000,4.000000,4.000000,4.000000,4.000000,4.000000,4.000000,4.000000,4.000000,4.000000,4.000000,4.000000,83.333336
1614076751.858100,103.000000,0.000000,-1.702762,3.894953,8.229153,11.350007,16.090017,2.439878,7.489387,16.072565,-3.859284,4.040623,18.034040,14.169577,16.421333,6.594294,17.524525,17.873615,19.941263,19.337109,5.745340,-42.766621,-20.923756,7.738660,8.667036,15.978235,-3.130648,-2.681141,3.220500,4.573386,-2.671636,4.225262,4.093888,10.156967,8064.000000,0.000000,4.000000,,,,0.000000,4.000000,4.000000,4.000000,4.000000,4.000000,4.000000,4.000000,4.000000,4.000000,4.000000,4.000000,4.000000,4.000000,4.000000,4.000000,4.000000,4.000000,4.000000,2.000000,4.000000,4.000000,4.000000,4.000000,4.000000,4.000000,4.000000,4.000000,4.000000,4.000000,4.000000,4.000000,4.000000,83.333336
1614076751.865949,104.000000,0.000000,-1.188239,3.891058,7.708103,11.338657,10.945722,4.488720,7.481898,6.312902,-3.855425,-1.091623,0.580109,11.078484,10.251066,-1.617429,8.789051,7.086512,9.152091,4.445978,7.278056,-47.339237,-20.390011,-5.602412,8.145549,14.936616,-3.640337,-6.268203,3.217280,2.004710,-2.668965,1.656934,3.064153,9.633990,8064.000000,0.000000,4.000000,,,,0.000000,4.000000,4.000000,4.000000,4.000000,4.000000,4.000000,4.000000,4.000000,4.000000,4.000000,4.000000,4.000000,4.000000,4.000000,4.000000,4.000000,4.000000,4.000000,2.000000,4.000000,4.000000,4.000000,4.000000,4.000000,4.000000,4.000000,4.000000,4.000000,4.000000,4.000000,4.000000,4.000000,83.333336
1614076751.873698,105.000000,0.000000,-0.674230,3.887167,8.213215,9.788857,9.909135,3.458591,4.397493,0.665564,-3.851569,0.960751,-4.548676,7.477662,2.035687,-8.795299,-0.963328,-8.305190,1.450631,-3.250776,-4.011273,-60.625233,-20.369621,-6.109631,8.650224,8.767834,-6.200800,-10.364499,3.214063,0.464244,-2.666296,0.116815,4.599550,3.983330,8064.000000,0.000000,4.000000,,,,0.000000,4.000000,4.000000,4.000000,4.000000,4.000000,4.000000,4.000000,4.000000,4.000000,4.000000,4.000000,4.000000,4.000000,4.000000,4.000000,4.000000,4.000000,4.000000,2.000000,4.000000,4.000000,4.000000,4.000000,4.000000,4.000000,4.000000,4.000000,4.000000,4.000000,4.000000,4.000000,4.000000,83.333336
1614076751.881547,106.000000,0.000000,-1.699197,3.883280,7.692182,7.727786,11.950508,3.455132,4.393095,4.767462,-3.334897,3.011072,0.071257,7.470184,2.033651,-7.760862,-5.577749,-8.296885,1.449181,-5.298807,-8.622646,-69.282555,-20.862072,-4.052238,9.154394,3.630861,-7.733060,-8.815673,3.210849,0.976600,-2.663630,0.629519,6.646233,2.953706,8064.000000,0.000000,4.000000,,,,0.000000,4.000000,4.000000,4.000000,4.000000,4.000000,4.000000,4.000000,4.000000,4.000000,4.000000,4.000000,4.000000,4.000000,4.000000,4.000000,4.000000,4.000000,4.000000,2.000000,4.000000,4.000000,4.000000,4.000000,4.000000,4.000000,4.000000,4.000000,4.000000,4.000000,4.000000,4.000000,4.000000,83.333336
1614076751.889296,107.000000,0.000000,-4.261600,3.879396,3.581925,5.668776,9.887276,1.400395,2.850241,0.147310,-6.408485,-6.735528,-8.646763,2.334509,-3.096588,-8.778742,-6.597812,-5.211665,-0.090730,9.578286,9.334694,-66.136353,-20.328390,-4.561007,6.068316,3.627230,-6.699687,-6.755575,3.720458,-2.614120,-2.660966,0.628890,5.101125,4.489214,8064.000000,0.000000,4.000000,,,,0.000000,4.000000,4.000000,4.000000,4.000000,4.000000,4.000000,4.000000,4.000000,4.000000,4.000000,4.000000,4.000000,4.000000,4.000000,4.000000,4.000000,4.000000,4.000000,2.000000,4.000000,4.000000,4.000000,4.000000,4.000000,4.000000,4.000000,4.000000,4.000000,4.000000,4.000000,4.000000,4.000000,83.333336
1614076751.896946,108.000000,0.000000,-5.282979,3.875517,-2.062682,3.611825,2.697901,-3.216390,0.796108,-8.057965,-11.017462,-15.959562,-17.868885,-7.411416,-9.760158,-12.359707,-9.155317,-12.385941,-4.193203,13.158452,14.453565,-65.044571,-21.333702,-8.659010,1.446864,4.136423,-7.718628,-7.774461,2.178276,-6.201249,-2.658305,0.115440,3.044742,3.459084,8064.000000,0.000000,4.000000,,,,0.000000,4.000000,4.000000,4.000000,4.000000,4.000000,4.000000,4.000000,4.000000,4.000000,4.000000,4.000000,4.000000,4.000000,4.000000,4.000000,4.000000,4.000000,4.000000,2.000000,4.000000,4.000000,4.000000,4.000000,4.000000,4.000000,4.000000,4.000000,4.000000,4.000000,4.000000,4.000000,4.000000,83.333336
1614076751.904695,109.000000,0.000000,-4.764876,3.871642,-4.111902,3.095393,-0.894540,-4.751635,-0.230329,-7.024266,-12.032085,-16.456423,-16.312555,-9.968106,-10.776038,-12.347347,-12.223084,-19.553041,-4.189010,-8.905989,1.618598,-67.030807,-25.927753,-10.188812,-0.093045,3.619466,-10.275012,-5.202584,3.714560,-3.118125,-2.655647,0.628145,3.554518,3.455624,8064.000000,0.000000,4.000000,,,,0.000000,4.000000,4.000000,4.000000,4.000000,4.000000,4.000000,4.000000,4.000000,4.000000,4.000000,4.000000,4.000000,4.000000,4.000000,4.000000,4.000000,4.000000,4.000000,2.000000,4.000000,4.000000,4.000000,4.000000,4.000000,4.000000,4.000000,4.000000,4.000000,4.000000,4.000000,4.000000,4.000000,83.333336
1614076751.912344,110.000000,0.000000,-4.760111,3.867770,-3.082149,3.605118,0.131995,-3.721242,-1.768560,-8.555703,-10.994412,-15.414326,-14.757781,-7.906857,-8.713981,-11.309359,-9.133939,-11.841181,-2.133539,-7.871442,1.104159,-64.399681,-28.465927,0.077786,0.932689,3.615847,-11.290378,-4.171740,7.300589,0.987557,-2.652991,-0.398124,3.550963,3.964989,8064.000000,0.000000,4.000000,,,,0.000000,4.000000,4.000000,4.000000,4.000000,4.000000,4.000000,4.000000,4.000000,4.000000,4.000000,4.000000,4.000000,4.000000,4.000000,4.000000,4.000000,4.000000,4.000000,2.000000,4.000000,4.000000,4.000000,4.000000,4.000000,4.000000,4.000000,4.000000,4.000000,4.000000,4.000000,4.000000,4.000000,83.333336
1614076751.920093,111.000000,0.000000,-5.268172,3.863902,-3.079067,2.063051,-1.919419,-3.717521,-3.305253,-14.188173,-11.496238,-15.911732,-14.230203,-9.437411,-7.166805,-9.759588,-9.637626,-19.008827,-2.131406,4.444122,3.154337,-65.360916,-27.411821,6.744375,0.418936,4.125051,-10.766267,-9.295774,3.703544,0.473749,-2.650338,-3.474649,4.060233,3.448204,8064.000000,0.000000,4.000000,,,,0.000000,4.000000,4.000000,4.000000,4.000000,4.000000,4.000000,4.000000,4.000000,4.000000,4.000000,4.000000,4.000000,4.000000,4.000000,4.000000,4.000000,4.000000,4.000000,2.000000,4.000000,4.000000,4.000000,4.000000,4.000000,4.000000,4.000000,4.000000,4.000000,4.000000,4.000000,4.000000,4.000000,83.333336
1614076751.927742,112.000000,0.000000,-4.237262,3.860038,-3.588808,-0.503114,-3.968781,-4.226624,-3.301948,-6.994498,-11.484742,-14.357359,-16.267254,-3.786948,-11.262202,-12.826752,-16.294655,-50.271870,-4.180556,-18.124424,-1.977023,-70.423759,-27.897230,-5.570061,2.469799,3.608106,-10.755501,-11.337760,-0.915544,0.473275,-3.160508,-2.445533,6.620275,5.496037,8064.000000,0.000000,4.000000,,,,0.000000,4.000000,4.000000,4.000000,4.000000,4.000000,4.000000,4.000000,4.000000,4.000000,4.000000,4.000000,4.000000,4.000000,4.000000,4.000000,4.000000,4.000000,4.000000,2.000000,4.000000,4.000000,4.000000,4.000000,4.000000,4.000000,4.000000,4.000000,4.000000,4.000000,4.000000,4.000000,4.000000,83.333336
1614076751.935491,113.000000,0.000000,-1.668923,3.856178,-3.585219,0.010209,-1.400710,-3.709577,-2.273005,9.422752,-7.883513,-11.266078,-13.686885,6.473249,-8.174017,-12.301105,-3.457847,-35.349804,2.490291,-11.439633,5.204442,-62.661030,-28.894974,-12.231158,6.569893,4.117318,-10.744745,-8.249499,6.777679,0.472802,-2.131707,2.685117,7.639296,7.029003,8064.000000,0.000000,4.000000,,,,0.000000,4.000000,4.000000,4.000000,4.000000,4.000000,4.000000,4.000000,4.000000,4.000000,4.000000,4.000000,4.000000,4.000000,4.000000,4.000000,4.000000,4.000000,4.000000,2.000000,4.000000,4.000000,4.000000,4.000000,4.000000,4.000000,4.000000,4.000000,4.000000,4.000000,4.000000,4.000000,4.000000,83.333336
1614076751.943140,114.000000,0.000000,-0.641613,3.852322,-3.581634,2.574302,0.651973,-3.193047,-0.219450,14.541535,-3.773066,-8.690710,0.685777,12.107801,9.782875,0.018889,24.750740,-2.493940,14.795493,21.392319,23.660776,-46.188114,-24.763514,-3.500978,9.127426,6.164483,-11.246820,-6.702788,14.976030,0.472329,0.434528,5.246535,7.118836,7.534795,8064.000000,0.000000,4.000000,,,,0.000000,4.000000,4.000000,4.000000,4.000000,4.000000,4.000000,4.000000,4.000000,4.000000,4.000000,4.000000,4.000000,4.000000,4.000000,4.000000,4.000000,4.000000,4.000000,2.000000,4.000000,4.000000,4.000000,4.000000,4.000000,4.000000,4.000000,4.000000,4.000000,4.000000,4.000000,4.000000,4.000000,83.333336
1614076751.950889,115.000000,0.000000,-1.153792,3.848470,-3.065232,3.597368,0.138500,-4.215495,1.319231,5.809045,-3.256472,-7.656378,4.274835,11.070053,9.773092,-0.493950,17.033680,-11.722216,11.703774,9.576055,23.637115,-50.244492,-26.790033,-3.497477,9.118299,8.209600,-10.722754,-7.721726,9.320028,0.984678,1.459734,3.190006,7.111717,7.014439,8064.000000,0.000000,4.000000,,,,0.000000,4.000000,4.000000,4.000000,4.000000,4.000000,4.000000,4.000000,4.000000,4.000000,4.000000,4.000000,4.000000,4.000000,4.000000,4.000000,4.000000,4.000000,4.000000,2.000000,4.000000,4.000000,4.000000,4.000000,4.000000,4.000000,4.000000,4.000000,4.000000,4.000000,4.000000,4.000000,4.000000,83.333336
1614076751.958539,116.000000,0.000000,-1.152638,3.844621,-3.574987,3.593771,-0.887280,-7.288202,-1.246191,-4.453174,-6.330139,-9.187183,-10.088414,4.905137,-13.826425,-19.467815,-15.291045,-44.018185,-3.179724,-22.741213,-3.566009,-70.194244,-38.558113,-16.827312,1.416873,7.688570,-10.712030,-7.714005,2.644042,-1.067589,0.945454,4.212457,5.053323,6.494605,8064.000000,0.000000,4.000000,,,,0.000000,4.000000,4.000000,4.000000,4.000000,4.000000,4.000000,4.000000,4.000000,4.000000,4.000000,4.000000,4.000000,4.000000,4.000000,4.000000,4.000000,4.000000,4.000000,2.000000,4.000000,4.000000,4.000000,4.000000,4.000000,4.000000,4.000000,4.000000,4.000000,4.000000,4.000000,4.000000,4.000000,83.333336
1614076751.966288,117.000000,0.000000,-1.151485,3.840777,-3.058592,3.590178,0.652069,-7.793735,-2.783406,-7.525644,-7.349450,-11.229278,-13.668070,-3.304897,-10.735675,-17.397066,-12.711652,-25.512629,-7.279109,-6.308216,-18.947060,-71.662514,-41.596478,-22.964333,-6.276852,7.680882,-11.214139,-6.680649,3.154218,-2.604983,0.944508,5.233886,3.509809,9.052213,8064.000000,0.000000,4.000000,,,,0.000000,4.000000,4.000000,4.000000,4.000000,4.000000,4.000000,4.000000,4.000000,4.000000,4.000000,4.000000,4.000000,4.000000,4.000000,4.000000,4.000000,4.000000,4.000000,2.000000,4.000000,4.000000,4.000000,4.000000,4.000000,4.000000,4.000000,4.000000,4.000000,4.000000,4.000000,4.000000,4.000000,83.333336
1614076751.973937,118.000000,0.000000,-1.150334,4.349756,1.559852,3.586587,2.702699,-6.760300,-2.780622,-5.979657,-7.342101,-11.218049,-5.449274,-3.814412,12.351984,3.645973,11.403625,7.333396,-1.117983,26.518604,5.687273,-56.206234,-29.247190,-16.274700,-2.680831,7.673201,-10.177284,-7.186789,3.663884,-0.551096,0.943564,2.664550,2.993478,13.145724,8064.000000,0.000000,4.000000,,,,0.000000,4.000000,4.000000,4.000000,4.000000,4.000000,4.000000,4.000000,4.000000,4.000000,4.000000,4.000000,4.000000,4.000000,4.000000,4.000000,4.000000,4.000000,4.000000,2.000000,4.000000,4.000000,4.000000,4.000000,4.000000,4.000000,4.000000,4.000000,4.000000,4.000000,4.000000,4.000000,4.000000,83.333336
1614076751.981686,119.000000,0.000000,-1.662004,3.319766,4.635215,3.583001,2.699997,-9.317642,-3.803483,-7.512139,-8.360399,-6.591446,-2.879722,-1.246495,9.775529,7.744891,8.315297,-4.468809,1.447237,12.133112,26.707226,-52.047466,-18.961533,-6.514836,3.475696,7.665528,-5.551722,-8.205243,2.634580,-0.037724,0.429800,2.149065,2.990485,13.645399,8064.000000,0.000000,4.000000,,,,0.000000,4.000000,4.000000,4.000000,4.000000,4.000000,4.000000,4.000000,4.000000,4.000000,4.000000,4.000000,4.000000,4.000000,4.000000,4.000000,4.000000,4.000000,4.000000,2.000000,4.000000,4.000000,4.000000,4.000000,4.000000,4.000000,4.000000,4.000000,4.000000,4.000000,4.000000,4.000000,4.000000,83.333336
1614076751.989335,120.000000,0.000000,-1.147521,3.829266,4.117759,5.630700,5.774220,-5.718581,-1.235577,-8.017447,-5.787936,1.620274,2.764184,-1.245249,3.099087,8.249967,0.101854,-13.695109,-0.092672,4.428671,10.270263,-54.559521,-16.378469,-0.867296,5.523502,7.657862,-2.469247,-5.120115,2.631945,0.987954,2.480652,9.839223,6.064417,18.759958,8064.000000,0.000000,4.000000,,,,0.000000,4.000000,4.000000,4.000000,4.000000,4.000000,4.000000,4.000000,4.000000,4.000000,4.000000,4.000000,4.000000,4.000000,4.000000,4.000000,4.000000,4.000000,4.000000,2.000000,4.000000,4.000000,4.000000,4.000000,4.000000,4.000000,4.000000,4.000000,4.000000,4.000000,4.000000,4.000000,4.000000,83.333336
1614076751.997184,121.000000,0.000000,0.392088,7.415181,4.626462,7.163530,12.947932,6.594830,3.381043,-0.829943,-1.166764,6.746859,13.530650,3.884202,15.403680,20.549408,8.819701,9.908329,0.933062,34.680653,0.003583,-51.940857,-12.772347,-0.866429,9.107722,7.650204,-3.492419,0.013210,3.142133,6.115171,5.042274,15.983230,10.673738,26.433506,8064.000000,0.000000,4.000000,,,,0.000000,4.000000,4.000000,4.000000,4.000000,4.000000,4.000000,4.000000,4.000000,4.000000,4.000000,4.000000,4.000000,4.000000,4.000000,4.000000,4.000000,4.000000,4.000000,2.000000,4.000000,4.000000,4.000000,4.000000,4.000000,4.000000,4.000000,4.000000,4.000000,4.000000,4.000000,4.000000,4.000000,83.333336
1614076752.004933,122.000000,0.000000,2.442978,7.407765,3.083374,7.156367,16.011908,7.613876,4.916124,4.299092,0.372864,6.227291,14.542761,11.059805,12.824174,17.451937,3.682676,-7.537477,1.957770,27.466484,11.798450,-55.478661,-11.733933,-3.429665,11.662717,7.642554,-3.488927,-1.525265,3.138991,6.621877,5.037232,12.377503,9.637423,18.201944,8064.000000,0.000000,4.000000,,,,0.000000,4.000000,4.000000,4.000000,4.000000,4.000000,4.000000,4.000000,4.000000,4.000000,4.000000,4.000000,4.000000,4.000000,4.000000,4.000000,4.000000,4.000000,4.000000,2.000000,4.000000,4.000000,4.000000,4.000000,4.000000,4.000000,4.000000,4.000000,4.000000,4.000000,4.000000,4.000000,4.000000,83.333336
1614076752.012782,123.000000,0.000000,2.953355,1.246512,1.029008,7.149210,14.457435,1.452416,4.911208,4.807614,0.372492,10.323628,10.425653,9.510283,-1.034804,4.613972,-12.731263,-39.837631,0.417351,-4.868674,8.709729,-67.218056,-14.799123,-4.451876,8.574131,7.634912,-2.972617,-3.062201,3.135852,-0.564232,4.519374,7.236920,7.576503,7.414512,8064.000000,0.000000,4.000000,,,,0.000000,4.000000,4.000000,4.000000,4.000000,4.000000,4.000000,4.000000,4.000000,4.000000,4.000000,4.000000,4.000000,4.000000,4.000000,4.000000,4.000000,4.000000,4.000000,2.000000,4.000000,4.000000,4.000000,4.000000,4.000000,4.000000,4.000000,4.000000,4.000000,4.000000,4.000000,4.000000,4.000000,83.333336
1614076752.020531,124.000000,0.000000,2.437581,0.732445,2.566441,7.142061,14.955797,4.527887,7.470399,6.854088,2.423401,18.005611,10.928049,5.911029,3.068795,8.199101,-6.051865,-36.208050,2.468215,2.315682,2.034353,-65.099556,-16.835606,-3.421783,8.052736,7.627276,-3.482465,1.556246,3.132717,-4.153412,5.027675,8.255324,9.620209,14.073764,8064.000000,0.000000,4.000000,,,,0.000000,4.000000,4.000000,4.000000,4.000000,4.000000,4.000000,4.000000,4.000000,4.000000,4.000000,4.000000,4.000000,4.000000,4.000000,4.000000,4.000000,4.000000,4.000000,2.000000,4.000000,4.000000,4.000000,4.000000,4.000000,4.000000,4.000000,4.000000,4.000000,4.000000,4.000000,4.000000,4.000000,83.333336
1614076752.028380,125.000000,0.000000,2.435144,6.372738,4.615157,7.134919,14.428021,4.010538,6.950108,6.847234,4.472260,11.320940,7.327377,6.930759,7.681110,13.831927,9.338802,-3.351329,8.106772,35.133881,17.929754,-55.803684,-18.870052,-0.854259,8.557505,7.619649,-3.478983,5.144433,3.129584,-2.610797,3.997006,8.247069,11.149050,19.187895,8064.000000,0.000000,4.000000,,,,0.000000,4.000000,4.000000,4.000000,4.000000,4.000000,4.000000,4.000000,4.000000,4.000000,4.000000,4.000000,4.000000,4.000000,4.000000,4.000000,4.000000,4.000000,4.000000,2.000000,4.000000,4.000000,4.000000,4.000000,4.000000,4.000000,4.000000,4.000000,4.000000,4.000000,4.000000,4.000000,4.000000,83.333336
1614076752.036129,126.000000,0.000000,2.432709,4.827903,4.097721,7.127784,11.336670,-6.249883,4.379056,-1.877562,3.442147,-4.587817,-1.397899,3.846905,-1.557340,7.151429,6.252540,11.523817,4.508923,33.047462,16.886183,-64.465828,-25.517849,-1.879046,6.497665,7.612030,-3.475504,2.575186,3.126454,-3.121006,1.428907,5.674720,11.137901,10.963579,8064.000000,0.000000,4.000000,,,,0.000000,4.000000,4.000000,4.000000,4.000000,4.000000,4.000000,4.000000,4.000000,4.000000,4.000000,4.000000,4.000000,4.000000,4.000000,4.000000,4.000000,4.000000,4.000000,2.000000,4.000000,4.000000,4.000000,4.000000,4.000000,4.000000,4.000000,4.000000,4.000000,4.000000,4.000000,4.000000,4.000000,83.333336
1614076752.043978,127.000000,0.000000,2.943096,-0.305130,4.093623,7.120656,10.299692,-6.243633,4.374676,-7.003890,3.438704,-10.737076,-6.524706,-3.849249,-6.171167,0.477611,-4.522943,-8.487707,-8.316099,0.706723,-6.720446,-76.709053,-34.723099,-10.082294,4.439885,8.117238,-3.472028,0.521329,3.123328,-3.630706,0.401837,3.617763,10.613943,5.824411,8064.000000,0.000000,4.000000,,,,0.000000,4.000000,4.000000,4.000000,4.000000,4.000000,4.000000,4.000000,4.000000,4.000000,4.000000,4.000000,4.000000,4.000000,4.000000,4.000000,4.000000,4.000000,4.000000,2.000000,4.000000,4.000000,4.000000,4.000000,4.000000,4.000000,4.000000,4.000000,4.000000,4.000000,4.000000,4.000000,4.000000,83.333336
1614076752.051727,0.000000,0.000000,1.914512,-0.304824,3.576709,7.113536,10.802213,0.429278,4.370302,-2.381501,3.948086,-6.110954,-2.928438,-5.896682,-3.088073,2.528415,-0.415856,-19.248449,-9.333425,-5.447829,-1.072700,-67.401581,-34.175556,-13.661956,3.922625,6.570659,-3.468556,-2.043295,3.120204,-3.114255,0.914256,4.126966,8.552047,7.357048,0.000000,192.000000,4.000000,,,,0.000000,4.000000,4.000000,4.000000,4.000000,4.000000,4.000000,4.000000,4.000000,4.000000,4.000000,4.000000,4.000000,4.000000,4.000000,4.000000,4.000000,4.000000,4.000000,2.000000,4.000000,4.000000,4.000000,4.000000,4.000000,4.000000,4.000000,4.000000,4.000000,4.000000,4.000000,4.000000,4.000000,83.333336
1614076752.059576,1.000000,0.000000,2.938239,0.721121,1.009030,7.106422,10.791411,0.428848,5.391572,1.723445,3.944138,-0.463817,4.766798,-0.762580,7.171425,13.295117,17.533278,10.001568,4.009243,27.378132,23.543756,-50.923920,-21.320868,-0.314961,4.431522,3.999986,-3.465088,-2.554072,3.629905,-3.111140,0.913341,4.635659,7.005033,7.862511,0.000000,155.000000,4.000000,,,,0.000000,4.000000,4.000000,4.000000,4.000000,4.000000,4.000000,4.000000,4.000000,4.000000,4.000000,4.000000,4.000000,4.000000,4.000000,4.000000,4.000000,4.000000,4.000000,2.000000,4.000000,4.000000,4.000000,4.000000,4.000000,4.000000,4.000000,4.000000,4.000000,4.000000,4.000000,4.000000,4.000000,83.333336
1614076752.067325,2.000000,0.000000,7.550685,0.207580,0.495200,7.099316,10.267799,-0.597221,7.437463,0.696080,3.940194,2.613570,9.890237,6.417670,19.471947,21.999771,25.208052,24.350540,10.671900,31.966137,16.340727,-46.770432,-12.068778,14.044329,4.427091,3.995986,-3.461622,-0.500236,4.139095,-3.108029,0.912428,4.118203,7.510849,7.341828,0.000000,199.000000,4.000000,,,,0.000000,4.000000,4.000000,4.000000,4.000000,4.000000,4.000000,4.000000,4.000000,4.000000,4.000000,4.000000,4.000000,4.000000,4.000000,4.000000,4.000000,4.000000,4.000000,2.000000,4.000000,4.000000,4.000000,4.000000,4.000000,4.000000,4.000000,4.000000,4.000000,4.000000,4.000000,4.000000,4.000000,83.333336
1614076752.075174,3.000000,0.000000,9.594417,0.207372,0.494705,7.092217,10.770351,-0.596624,6.917205,1.721025,3.423433,2.610956,10.393167,10.000996,15.862731,14.798285,10.823870,-7.981502,6.558664,-0.373521,-7.265358,-50.826225,-12.569530,8.389258,4.422664,7.068913,-3.458161,-2.038197,2.596495,-3.104921,0.398695,4.114085,5.964876,6.821666,0.000000,207.000000,4.000000,,,,0.000000,4.000000,4.000000,4.000000,4.000000,4.000000,4.000000,4.000000,4.000000,4.000000,4.000000,4.000000,4.000000,4.000000,4.000000,4.000000,4.000000,4.000000,4.000000,2.000000,4.000000,4.000000,4.000000,4.000000,4.000000,4.000000,4.000000,4.000000,4.000000,4.000000,4.000000,4.000000,4.000000,83.333336
1614076752.082923,4.000000,0.000000,5.995079,-1.844117,0.494210,7.085124,10.759582,0.942434,4.346185,4.283407,4.445651,2.608345,10.895594,10.503815,3.026355,6.578358,-2.007467,-28.486341,3.988003,-5.501352,-4.693990,-53.852322,-12.044140,-4.952464,4.931062,8.087485,-2.941882,-3.574620,2.593898,-3.101816,-0.114524,2.571509,3.394809,7.327665,0.000000,191.000000,4.000000,,,,0.000000,4.000000,4.000000,4.000000,4.000000,4.000000,4.000000,4.000000,4.000000,4.000000,4.000000,4.000000,4.000000,4.000000,4.000000,4.000000,4.000000,4.000000,4.000000,2.000000,4.000000,4.000000,4.000000,4.000000,4.000000,4.000000,4.000000,4.000000,4.000000,4.000000,4.000000,4.000000,4.000000,83.333336
1614076752.090772,5.000000,0.000000,6.501904,-3.380735,1.006536,7.078039,10.748822,2.992774,3.829019,5.817585,2.389923,3.631378,11.910339,11.518952,1.997688,8.110241,1.584284,-0.252727,6.035297,27.324661,12.746601,-55.336933,-14.083378,-8.024435,4.413310,7.053757,-4.477402,-3.571046,4.642586,-3.098715,1.936872,-1.020806,3.904234,7.833158,0.000000,179.000000,4.000000,,,,0.000000,4.000000,4.000000,4.000000,4.000000,4.000000,4.000000,4.000000,4.000000,4.000000,4.000000,4.000000,4.000000,4.000000,4.000000,4.000000,4.000000,4.000000,4.000000,2.000000,4.000000,4.000000,4.000000,4.000000,4.000000,4.000000,4.000000,4.000000,4.000000,4.000000,4.000000,4.000000,4.000000,83.333336
1614076752.098522,6.000000,0.000000,6.495402,-3.890174,-2.071393,7.070961,10.738073,1.964140,4.338010,3.760485,-5.304774,1.063644,7.795865,8.943331,1.995690,0.922644,1.069879,10.003937,5.516441,31.912722,14.272316,-58.358517,-25.864166,-8.016410,2.357615,8.072344,-6.524207,-10.746963,-1.003082,-3.095616,-0.116346,-5.635170,0.823407,4.235581,0.000000,169.000000,4.000000,,,,0.000000,4.000000,4.000000,4.000000,4.000000,4.000000,4.000000,4.000000,4.000000,4.000000,4.000000,4.000000,4.000000,4.000000,4.000000,4.000000,4.000000,4.000000,4.000000,2.000000,4.000000,4.000000,4.000000,4.000000,4.000000,4.000000,4.000000,4.000000,4.000000,4.000000,4.000000,4.000000,4.000000,83.333336
1614076752.106370,7.000000,0.000000,-0.177760,-3.886284,-6.684706,7.063890,10.727335,0.423714,4.333672,-3.935583,-11.453316,-3.552804,-0.929880,-0.296382,-6.724254,-14.462894,-9.187601,-16.159914,-2.181383,7.778245,0.924711,-63.428364,-35.581890,-12.110958,0.816796,8.064272,-7.543324,-15.351600,-11.258489,-3.092520,-4.731615,-8.706457,-4.305622,-0.384039,0.000000,173.000000,4.000000,,,,0.000000,4.000000,4.000000,4.000000,4.000000,4.000000,4.000000,4.000000,4.000000,4.000000,4.000000,4.000000,4.000000,4.000000,4.000000,4.000000,4.000000,4.000000,4.000000,2.000000,4.000000,4.000000,4.000000,4.000000,4.000000,4.000000,4.000000,4.000000,4.000000,4.000000,4.000000,4.000000,4.000000,83.333336
1614076752.114120,8.000000,0.000000,-4.792967,-1.831116,-6.678021,7.056827,10.716607,2.474572,4.329339,-10.598314,-11.441862,-5.087713,-5.544334,-5.424291,-10.820094,-17.525354,-15.332259,-29.477087,-11.409971,-0.947482,-7.794163,-67.980324,-36.571949,-13.124488,0.303158,1.902361,-7.022960,-4.054197,-6.631846,-3.089428,-1.649960,-5.108007,1.339710,0.129165,0.000000,198.000000,4.000000,,,,0.000000,4.000000,4.000000,4.000000,4.000000,4.000000,4.000000,4.000000,4.000000,4.000000,4.000000,4.000000,4.000000,4.000000,4.000000,4.000000,4.000000,4.000000,4.000000,2.000000,4.000000,4.000000,4.000000,4.000000,4.000000,4.000000,4.000000,4.000000,4.000000,4.000000,4.000000,4.000000,4.000000,83.333336
1614076752.121769,9.000000,0.000000,-2.736892,2.786100,-4.107241,7.049770,10.705891,4.010559,4.325009,-11.613357,-11.430421,-5.082625,-4.513149,-4.393225,-8.245172,-11.353983,-13.265645,-17.652739,-11.398561,4.694491,-6.247907,-68.425163,-34.996918,-12.085722,0.302855,-4.253387,-7.528757,7.744729,5.682478,-1.547877,6.556818,3.102229,10.569139,2.693139,0.000000,200.000000,4.000000,,,,0.000000,4.000000,4.000000,4.000000,4.000000,4.000000,4.000000,4.000000,4.000000,4.000000,4.000000,4.000000,4.000000,4.000000,4.000000,4.000000,4.000000,4.000000,4.000000,2.000000,4.000000,4.000000,4.000000,4.000000,4.000000,4.000000,4.000000,4.000000,4.000000,4.000000,4.000000,4.000000,4.000000,83.333336
1614076752.129518,10.000000,0.000000,-3.246975,4.834596,-2.564672,7.555541,10.695185,3.493728,4.320684,-9.550462,-11.418990,-5.077543,-3.995815,-8.491396,-10.801029,-11.342629,-11.201097,-14.045341,-9.335880,5.202617,-0.600634,-66.305450,-35.474739,-16.689022,0.815373,-4.249134,-7.008408,8.249804,8.240898,0.504953,7.063082,8.227331,11.584211,4.741728,0.000000,180.000000,4.000000,,,,0.000000,4.000000,4.000000,4.000000,4.000000,4.000000,4.000000,4.000000,4.000000,4.000000,4.000000,4.000000,4.000000,4.000000,4.000000,4.000000,4.000000,4.000000,4.000000,2.000000,4.000000,4.000000,4.000000,4.000000,4.000000,4.000000,4.000000,4.000000,4.000000,4.000000,4.000000,4.000000,4.000000,83.333336
1614076752.137167,11.000000,0.000000,-4.782190,4.316941,-2.562108,7.035164,10.684490,4.003055,4.316363,-10.053731,-10.381930,-4.559645,-5.017460,-13.098289,-11.303048,-13.382568,-14.779640,-28.903091,-11.890647,-7.110278,-1.625674,-67.777611,-36.464909,-19.236435,0.301737,-3.219244,-7.001400,6.703094,6.181376,1.017269,4.491916,8.219104,11.059807,3.198524,0.000000,203.000000,4.000000,,,,0.000000,4.000000,4.000000,4.000000,4.000000,4.000000,4.000000,4.000000,4.000000,4.000000,4.000000,4.000000,4.000000,4.000000,4.000000,4.000000,4.000000,4.000000,4.000000,2.000000,4.000000,4.000000,4.000000,4.000000,4.000000,4.000000,4.000000,4.000000,4.000000,4.000000,4.000000,4.000000,4.000000,83.333336
1614076752.144916,12.000000,0.000000,-2.213305,3.799803,-5.636468,4.464026,10.673805,2.973411,4.312047,-12.094959,-12.422831,-5.067905,-3.473981,-6.931345,-4.625079,-8.240981,-10.662296,-28.874187,-9.314653,-8.641629,-4.700971,-67.197014,-30.787416,-13.063353,0.301435,-4.754486,-8.020039,8.234852,7.713655,0.503431,5.000245,7.698065,8.484644,-2.445700,0.000000,189.000000,4.000000,,,,0.000000,4.000000,4.000000,4.000000,4.000000,4.000000,4.000000,4.000000,4.000000,4.000000,4.000000,4.000000,4.000000,4.000000,4.000000,4.000000,4.000000,4.000000,4.000000,2.000000,4.000000,4.000000,4.000000,4.000000,4.000000,4.000000,4.000000,4.000000,4.000000,4.000000,4.000000,4.000000,4.000000,83.333336
1614076752.152565,13.000000,0.000000,-1.698271,3.796003,-12.297499,2.921101,10.663132,0.406335,4.307735,-6.441839,-9.846305,-5.062838,1.144877,1.793535,-0.517889,-0.027612,6.271443,-3.204288,3.515174,21.623423,12.226807,-52.770840,-13.320732,-7.922084,6.454980,-2.185629,-3.909455,7.713797,6.680301,0.502928,2.943963,8.203187,0.271031,-7.058639,0.000000,170.000000,4.000000,,,,0.000000,4.000000,4.000000,4.000000,4.000000,4.000000,4.000000,4.000000,4.000000,4.000000,4.000000,4.000000,4.000000,4.000000,4.000000,4.000000,4.000000,4.000000,4.000000,2.000000,4.000000,4.000000,4.000000,4.000000,4.000000,4.000000,4.000000,4.000000,4.000000,4.000000,4.000000,4.000000,4.000000,83.333336
1614076752.160314,14.000000,0.000000,-0.670932,4.817849,-14.849304,3.943821,10.652469,0.405929,4.816247,5.872295,0.932772,-0.442390,6.784758,3.843024,-1.543012,3.562160,17.547222,5.004044,12.742428,44.678722,36.317142,-36.820633,0.025922,-9.452623,12.089551,4.996044,2.248301,7.193263,6.673621,1.015245,1.915377,8.194983,-4.857445,-7.564401,0.000000,205.000000,4.000000,,,,0.000000,4.000000,4.000000,4.000000,4.000000,4.000000,4.000000,4.000000,4.000000,4.000000,4.000000,4.000000,4.000000,4.000000,4.000000,4.000000,4.000000,4.000000,4.000000,2.000000,4.000000,4.000000,4.000000,4.000000,4.000000,4.000000,4.000000,4.000000,4.000000,4.000000,4.000000,4.000000,4.000000,83.333336
1614076752.167964,15.000000,0.000000,2.406662,3.274569,-13.808813,1.888595,11.154636,-2.158580,3.785790,7.404884,2.470301,2.634975,8.316435,2.813540,-1.541469,4.071418,12.401470,-8.334293,11.704044,29.249428,24.485954,-42.424839,-2.025386,-4.827786,9.000538,10.632073,4.810155,7.186069,7.692588,-0.524232,3.451924,7.673968,-4.339767,-7.044016,0.000000,174.000000,4.000000,,,,0.000000,4.000000,4.000000,4.000000,4.000000,4.000000,4.000000,4.000000,4.000000,4.000000,4.000000,4.000000,4.000000,4.000000,4.000000,4.000000,4.000000,4.000000,4.000000,2.000000,4.000000,4.000000,4.000000,4.000000,4.000000,4.000000,4.000000,4.000000,4.000000,4.000000,4.000000,4.000000,4.000000,83.333336
1614076752.175713,16.000000,0.000000,-3.236770,-1.856911,-13.795005,-3.241498,9.092200,-8.823088,1.730723,-2.346110,-7.275759,0.068238,4.205554,3.836367,-1.027107,3.554526,5.209582,-8.838779,8.615417,10.245820,-3.743659,-56.228569,-7.664386,3.894990,3.863332,11.647082,3.266883,7.178883,-0.520233,-2.574990,0.884369,7.666295,-3.822607,-7.549792,0.000000,216.000000,4.000000,,,,0.000000,4.000000,4.000000,4.000000,4.000000,4.000000,4.000000,4.000000,4.000000,4.000000,4.000000,4.000000,4.000000,4.000000,4.000000,4.000000,4.000000,4.000000,4.000000,2.000000,4.000000,4.000000,4.000000,4.000000,4.000000,4.000000,4.000000,4.000000,4.000000,4.000000,4.000000,4.000000,4.000000,83.333336
1614076752.183362,17.000000,0.000000,-11.438662,-3.393515,-14.294030,-4.776719,4.980544,-12.404009,0.190530,-7.471969,-12.396688,-1.470292,-1.439677,3.319710,-1.538901,-2.090054,2.127449,-7.291479,7.068340,8.184292,0.362649,-58.223621,-10.733644,0.814172,4.372290,11.122615,3.776437,7.171704,-8.212020,-3.598056,-3.219079,7.658628,-4.331604,-7.029422,0.000000,210.000000,4.000000,,,,0.000000,4.000000,4.000000,4.000000,4.000000,4.000000,4.000000,4.000000,4.000000,4.000000,4.000000,4.000000,4.000000,4.000000,4.000000,4.000000,4.000000,4.000000,4.000000,2.000000,4.000000,4.000000,4.000000,4.000000,4.000000,4.000000,4.000000,4.000000,4.000000,4.000000,4.000000,4.000000,4.000000,83.333336
1614076752.191111,18.000000,0.000000,-8.863121,-0.313199,-13.766915,-3.746301,2.924281,-11.365963,0.190340,-6.438856,-10.333010,-0.956001,-1.438237,2.290750,-2.050183,-0.036682,1.612501,-6.771367,5.009990,13.304313,15.746902,-55.601295,-11.748552,-8.417411,4.880738,11.624312,6.336763,7.164533,0.514140,-3.081637,-3.215860,7.650970,-4.327273,-7.022392,0.000000,202.000000,4.000000,,,,0.000000,4.000000,4.000000,4.000000,4.000000,4.000000,4.000000,4.000000,4.000000,4.000000,4.000000,4.000000,4.000000,4.000000,4.000000,4.000000,4.000000,4.000000,4.000000,2.000000,4.000000,4.000000,4.000000,4.000000,4.000000,4.000000,4.000000,4.000000,4.000000,4.000000,4.000000,4.000000,4.000000,83.333336
1614076752.198760,19.000000,0.000000,-3.726052,-2.364167,-13.753149,-3.742555,3.434177,-10.841777,0.702970,-6.432417,-10.322677,-0.955045,1.127303,3.826920,-1.535312,12.271047,9.303197,21.440533,5.004980,35.855110,17.269615,-55.032871,-12.762444,-6.870532,4.363037,11.612688,7.868888,7.670188,11.282857,-3.078555,-2.699824,7.643319,-4.322946,-7.015370,0.000000,176.000000,4.000000,,,,0.000000,4.000000,4.000000,4.000000,4.000000,4.000000,4.000000,4.000000,4.000000,4.000000,4.000000,4.000000,4.000000,4.000000,4.000000,4.000000,4.000000,4.000000,4.000000,2.000000,4.000000,4.000000,4.000000,4.000000,4.000000,4.000000,4.000000,4.000000,4.000000,4.000000,4.000000,4.000000,4.000000,83.333336
1614076752.206509,20.000000,0.000000,-4.747967,-2.874624,-13.739395,-4.764453,2.917922,-12.369397,0.189446,-7.451626,-11.850816,-0.441270,-6.053311,1.258991,-3.585058,8.669032,4.165688,27.060118,0.897411,49.152588,17.252346,-56.516300,-15.826605,-3.273918,3.845853,11.088255,7.348198,7.149698,9.733112,-4.101118,-3.209944,7.635675,-2.780161,-5.469893,0.000000,205.000000,4.000000,,,,0.000000,4.000000,4.000000,4.000000,4.000000,4.000000,4.000000,4.000000,4.000000,4.000000,4.000000,4.000000,4.000000,4.000000,4.000000,4.000000,4.000000,4.000000,4.000000,2.000000,4.000000,4.000000,4.000000,4.000000,4.000000,4.000000,4.000000,4.000000,4.000000,4.000000,4.000000,4.000000,4.000000,83.333336
1614076752.214158,21.000000,0.000000,-5.768860,4.307738,-13.725657,-3.221227,3.427825,-10.305745,0.189257,-7.444174,-11.326144,-1.979290,-12.201104,-4.896114,-6.658397,-5.698611,-18.402580,-5.274635,-9.359897,16.795744,5.440222,-65.177734,-20.426163,-11.475772,4.354827,11.077167,7.340850,7.142548,6.133636,-3.071376,-1.155452,7.628039,-0.213278,-3.925962,0.000000,194.000000,4.000000,,,,0.000000,4.000000,4.000000,4.000000,4.000000,4.000000,4.000000,4.000000,4.000000,4.000000,4.000000,4.000000,4.000000,4.000000,4.000000,4.000000,4.000000,4.000000,4.000000,2.000000,4.000000,4.000000,4.000000,4.000000,4.000000,4.000000,4.000000,4.000000,4.000000,4.000000,4.000000,4.000000,4.000000,83.333336
1614076752.221907,22.000000,0.000000,-4.224630,8.918815,-13.711930,-0.653903,6.501320,-3.628773,4.804452,-3.334166,-6.186613,0.073971,-1.932492,-1.301475,-3.061995,2.512216,-16.845716,-17.577053,-11.401819,-8.862077,-14.052398,-70.240761,-20.405737,-15.566860,4.350473,11.066090,8.359150,8.161046,6.640323,1.547080,1.409805,8.133232,0.299755,-2.896395,0.000000,190.000000,4.000000,,,,0.000000,4.000000,4.000000,4.000000,4.000000,4.000000,4.000000,4.000000,4.000000,4.000000,4.000000,4.000000,4.000000,4.000000,4.000000,4.000000,4.000000,4.000000,4.000000,2.000000,4.000000,4.000000,4.000000,4.000000,4.000000,4.000000,4.000000,4.000000,4.000000,4.000000,4.000000,4.000000,4.000000,83.333336
1614076752.229557,23.000000,0.000000,-4.220406,7.371435,-13.698218,0.372392,7.520460,0.990241,8.902212,3.848655,-2.590683,8.279026,13.454056,8.956237,5.146195,26.099447,10.863438,15.261037,-2.159648,23.967299,1.859091,-55.811546,-16.795588,-6.320524,4.346122,11.055024,8.350791,5.588783,7.659324,4.622457,0.895575,8.125099,-0.213365,-3.406319,0.000000,194.000000,4.000000,,,,0.000000,4.000000,4.000000,4.000000,4.000000,4.000000,4.000000,4.000000,4.000000,4.000000,4.000000,4.000000,4.000000,4.000000,4.000000,4.000000,4.000000,4.000000,4.000000,2.000000,4.000000,4.000000,4.000000,4.000000,4.000000,4.000000,4.000000,4.000000,4.000000,4.000000,4.000000,4.000000,4.000000,83.333336
1614076752.237406,24.000000,0.000000,-4.216185,6.851243,-13.684521,-0.653622,7.000119,-0.036391,8.380489,5.896089,-3.613733,10.322029,17.030344,9.972921,7.192331,32.227192,16.493599,19.348341,1.945076,46.507435,26.472616,-40.883942,-13.701869,-0.160358,4.854597,11.556789,5.265517,0.967809,7.651664,4.617834,0.381859,7.604153,-0.213152,-4.428554,0.000000,210.000000,4.000000,,,,0.000000,4.000000,4.000000,4.000000,4.000000,4.000000,4.000000,4.000000,4.000000,4.000000,4.000000,4.000000,4.000000,4.000000,4.000000,4.000000,4.000000,4.000000,4.000000,2.000000,4.000000,4.000000,4.000000,4.000000,4.000000,4.000000,4.000000,4.000000,4.000000,4.000000,4.000000,4.000000,4.000000,83.333336
1614076752.245155,25.000000,0.000000,-4.724789,7.870032,-13.670835,-0.652968,7.505939,2.014928,7.859288,2.813269,-3.097299,5.696322,11.885109,6.886026,5.133857,20.400095,4.169414,-12.978701,0.917490,24.409643,14.651272,-42.381519,-10.611244,-0.673018,4.849742,11.032412,4.234611,-0.058799,5.079910,4.100396,2.945580,8.109369,-0.212938,0.704080,0.000000,218.000000,4.000000,,,,0.000000,4.000000,4.000000,4.000000,4.000000,4.000000,4.000000,4.000000,4.000000,4.000000,4.000000,4.000000,4.000000,4.000000,4.000000,4.000000,4.000000,4.000000,4.000000,2.000000,4.000000,4.000000,4.000000,4.000000,4.000000,4.000000,4.000000,4.000000,4.000000,4.000000,4.000000,4.000000,4.000000,83.333336
1614076752.253004,26.000000,0.000000,-4.720065,7.349342,-13.657165,1.911787,5.447152,5.089836,9.389891,1.784815,-3.094202,3.639344,2.642455,5.853499,4.615903,1.918156,3.139603,-20.658030,2.455034,17.205748,-0.235174,-45.416058,-13.164736,-0.159524,4.844893,11.534200,4.230376,-0.058741,3.536369,4.609116,4.993916,7.588439,-0.212725,7.370043,0.000000,123.000000,4.000000,,,,0.000000,4.000000,4.000000,4.000000,4.000000,4.000000,4.000000,4.000000,4.000000,4.000000,4.000000,4.000000,4.000000,4.000000,4.000000,4.000000,4.000000,4.000000,4.000000,2.000000,4.000000,4.000000,4.000000,4.000000,4.000000,4.000000,4.000000,4.000000,4.000000,4.000000,4.000000,4.000000,4.000000,83.333336
1614076752.260753,27.000000,0.000000,-3.689703,7.341992,-13.643508,3.961158,0.826320,-1.069100,4.765116,-0.268252,-11.296236,-3.543783,-7.616598,-0.819021,-2.568200,-16.032480,-1.478921,-2.688653,-2.675627,18.727003,-3.824683,-53.062950,-26.484903,-10.415775,3.814406,11.522666,-3.466162,-4.161246,3.532832,4.091686,3.963281,0.914185,-0.212513,5.311390,0.000000,203.000000,4.000000,,,,0.000000,4.000000,4.000000,4.000000,4.000000,4.000000,4.000000,4.000000,4.000000,4.000000,4.000000,4.000000,4.000000,4.000000,4.000000,4.000000,4.000000,4.000000,4.000000,2.000000,4.000000,4.000000,4.000000,4.000000,4.000000,4.000000,4.000000,4.000000,4.000000,4.000000,4.000000,4.000000,4.000000,83.333336
1614076752.268602,28.000000,0.000000,-6.762937,7.334651,-13.629865,2.931556,-1.225789,-11.324441,-4.983239,-7.960291,-18.977247,-20.976137,-14.788468,-10.561792,-15.386145,-23.708755,-19.426161,-10.891093,-17.031925,-11.548135,-21.256756,-75.061172,-40.304573,-28.354076,0.733669,8.947041,-15.257567,-8.259648,1.478017,4.087595,0.882395,-6.779037,-0.725121,0.690695,0.000000,167.000000,4.000000,,,,0.000000,4.000000,4.000000,4.000000,4.000000,4.000000,4.000000,4.000000,4.000000,4.000000,4.000000,4.000000,4.000000,4.000000,4.000000,4.000000,4.000000,4.000000,4.000000,2.000000,4.000000,4.000000,4.000000,4.000000,4.000000,4.000000,4.000000,4.000000,4.000000,4.000000,4.000000,4.000000,4.000000,83.333336
1614076752.276351,29.000000,0.000000,-11.371558,7.840137,-13.616235,4.467085,-0.198922,-11.313117,-8.567999,-14.106177,-18.445450,-29.673109,-19.901884,-12.602512,-21.524605,-23.685047,-29.663143,-22.675074,-24.707201,-25.895561,-20.209858,-89.345085,-43.341190,-26.274441,-3.882449,2.784247,-19.857695,-7.738569,-3.138845,4.083507,0.368692,-7.797899,0.301245,2.741286,0.000000,212.000000,4.000000,,,,0.000000,4.000000,4.000000,4.000000,4.000000,4.000000,4.000000,4.000000,4.000000,4.000000,4.000000,4.000000,4.000000,4.000000,4.000000,4.000000,4.000000,4.000000,4.000000,2.000000,4.000000,4.000000,4.000000,4.000000,4.000000,4.000000,4.000000,4.000000,4.000000,4.000000,4.000000,4.000000,4.000000,83.333336
1614076752.284200,30.000000,0.000000,-12.385828,9.883578,-13.602618,9.078003,-0.198723,-4.122316,-4.456867,-14.604892,-13.811620,-22.976768,-22.446085,-11.564269,-19.964619,-23.661362,-27.069378,-18.037014,-21.605570,-0.228640,2.887275,-85.665993,-41.246567,-11.376371,-6.955490,0.217361,-17.786554,-7.218009,-4.674168,4.079423,0.881144,-6.764461,2.865047,4.789827,0.000000,190.000000,4.000000,,,,0.000000,4.000000,4.000000,4.000000,4.000000,4.000000,4.000000,4.000000,4.000000,4.000000,4.000000,4.000000,4.000000,4.000000,4.000000,4.000000,4.000000,4.000000,4.000000,2.000000,4.000000,4.000000,4.000000,4.000000,4.000000,4.000000,4.000000,4.000000,4.000000,4.000000,4.000000,4.000000,4.000000,83.333336
1614076752.291949,31.000000,0.000000,-11.860621,11.412156,-13.589016,11.633027,-0.711345,0.497190,0.162974,-11.513364,-9.695244,-16.287127,-20.372358,-12.065525,-19.431833,-23.124880,-27.042309,-16.993336,-20.558325,-1.766872,-6.346381,-84.554688,-42.230961,-15.980380,-6.948534,0.729964,-18.281590,-7.723612,-5.695135,4.075344,0.880263,-7.270516,3.887823,3.759396,0.000000,190.000000,4.000000,,,,0.000000,4.000000,4.000000,4.000000,4.000000,4.000000,4.000000,4.000000,4.000000,4.000000,4.000000,4.000000,4.000000,4.000000,4.000000,4.000000,4.000000,4.000000,4.000000,2.000000,4.000000,4.000000,4.000000,4.000000,4.000000,4.000000,4.000000,4.000000,4.000000,4.000000,4.000000,4.000000,4.000000,83.333336
1614076752.299798,32.000000,0.000000,-11.848761,9.862283,-13.575427,9.570112,-0.197813,-0.016127,0.675632,-9.963388,-6.608625,-15.758018,-18.300703,-12.566280,-20.950863,-23.101755,-29.066549,-20.566086,-22.076227,-27.918951,-20.699009,-90.111160,-43.727192,-31.861835,-6.941586,-4.398972,-19.288948,-7.203068,-7.740722,4.071269,0.366562,-7.263246,3.371114,3.242816,8064.000000,0.000000,4.000000,,,,0.000000,4.000000,4.000000,4.000000,4.000000,4.000000,4.000000,4.000000,4.000000,4.000000,4.000000,4.000000,4.000000,4.000000,4.000000,4.000000,4.000000,4.000000,4.000000,2.000000,4.000000,4.000000,4.000000,4.000000,4.000000,4.000000,4.000000,4.000000,4.000000,4.000000,4.000000,4.000000,4.000000,83.333336
1614076752.307547,33.000000,0.000000,-12.349732,7.801138,-13.561852,7.509260,-0.197615,-2.067393,0.674956,-10.979066,-7.114837,-15.742260,-17.256762,-11.528072,-18.878630,-21.540192,-21.345175,-9.263469,-21.028511,-12.506417,3.424254,-86.944122,-38.555260,-29.778692,-6.934644,-11.061239,-17.218378,-7.708685,-8.245802,4.067197,0.366195,-6.743162,3.367743,3.752394,8064.000000,0.000000,4.000000,,,,0.000000,4.000000,4.000000,4.000000,4.000000,4.000000,4.000000,4.000000,4.000000,4.000000,4.000000,4.000000,4.000000,4.000000,4.000000,4.000000,4.000000,4.000000,4.000000,2.000000,4.000000,4.000000,4.000000,4.000000,4.000000,4.000000,4.000000,4.000000,4.000000,4.000000,4.000000,4.000000,4.000000,83.333336
1614076752.315396,34.000000,0.000000,-11.824562,7.280517,-13.548289,7.501751,-0.197417,-3.090967,1.187102,-9.429626,-6.594902,-14.700877,-13.136940,-9.465262,-14.244368,-13.826344,-12.093060,4.591949,-21.007483,10.583013,10.600317,-81.216156,-29.285936,-14.877118,-6.414889,-12.075819,-14.637056,-7.188156,-7.724735,4.063130,0.878650,-6.736419,3.364376,3.235821,8064.000000,0.000000,4.000000,,,,0.000000,4.000000,4.000000,4.000000,4.000000,4.000000,4.000000,4.000000,4.000000,4.000000,4.000000,4.000000,4.000000,4.000000,4.000000,4.000000,4.000000,4.000000,4.000000,2.000000,4.000000,4.000000,4.000000,4.000000,4.000000,4.000000,4.000000,4.000000,4.000000,4.000000,4.000000,4.000000,4.000000,83.333336
1614076752.323145,35.000000,0.000000,-11.812737,7.273236,-13.534741,6.981429,-0.197220,-3.087876,1.185915,-6.343273,-4.024204,-14.686176,-10.559701,-7.917336,-11.153200,-7.658671,-12.593787,-3.104951,-20.986475,-9.940392,-12.487206,-80.622116,-26.179728,-10.246857,-6.921295,-11.038102,-14.622419,-7.180968,-7.717010,4.059067,0.877771,-6.729682,3.361011,3.745405,8064.000000,0.000000,4.000000,,,,0.000000,4.000000,4.000000,4.000000,4.000000,4.000000,4.000000,4.000000,4.000000,4.000000,4.000000,4.000000,4.000000,4.000000,4.000000,4.000000,4.000000,4.000000,4.000000,2.000000,4.000000,4.000000,4.000000,4.000000,4.000000,4.000000,4.000000,4.000000,4.000000,4.000000,4.000000,4.000000,4.000000,83.333336
1614076752.330994,36.000000,0.000000,-12.313745,7.265963,-13.521206,7.487268,-0.709843,-5.648890,0.671908,-9.926673,-5.045821,-15.697131,-11.061962,-8.422239,-12.680509,-9.702294,-11.555552,-4.640308,-13.786000,-13.520195,-2.218309,-67.208160,-25.127907,-13.313533,-6.914373,-10.514243,-13.582156,-7.686607,-7.709293,4.055008,-0.148748,-7.235774,3.357650,3.741660,8064.000000,0.000000,4.000000,,,,0.000000,4.000000,4.000000,4.000000,4.000000,4.000000,4.000000,4.000000,4.000000,4.000000,4.000000,4.000000,4.000000,4.000000,4.000000,4.000000,4.000000,4.000000,4.000000,2.000000,4.000000,4.000000,4.000000,4.000000,4.000000,4.000000,4.000000,4.000000,4.000000,4.000000,4.000000,4.000000,4.000000,83.333336
1614076752.338743,37.000000,0.000000,-11.788611,7.258697,-13.507685,6.966960,-0.196313,-8.207344,1.184057,-13.506490,-6.579237,-15.168613,-10.538079,-5.849714,-12.155007,-11.231053,-1.287587,16.902794,-4.541445,19.313839,23.937756,-44.576851,-18.948933,-5.607912,-3.317716,-6.401165,-8.953189,-6.653280,-7.701584,4.050953,1.389863,-5.177256,3.354292,2.712277,8064.000000,0.000000,4.000000,,,,0.000000,4.000000,4.000000,4.000000,4.000000,4.000000,4.000000,4.000000,4.000000,4.000000,4.000000,4.000000,4.000000,4.000000,4.000000,4.000000,4.000000,4.000000,4.000000,2.000000,4.000000,4.000000,4.000000,4.000000,4.000000,4.000000,4.000000,4.000000,4.000000,4.000000,4.000000,4.000000,4.000000,83.333336
1614076752.346392,38.000000,0.000000,-11.776823,7.251438,-14.519818,3.370250,-0.196117,-7.173496,-0.868409,-10.928881,-7.598299,-15.153444,-11.553183,-3.792583,-11.117211,-11.219822,-3.337581,13.296147,-1.459981,29.038115,17.759972,-42.480991,-15.340240,5.679748,0.788166,0.271903,-6.380133,-2.031242,-7.693882,4.046902,6.003857,-3.120796,3.350938,4.760847,8064.000000,0.000000,4.000000,,,,0.000000,4.000000,4.000000,4.000000,4.000000,4.000000,4.000000,4.000000,4.000000,4.000000,4.000000,4.000000,4.000000,4.000000,4.000000,4.000000,4.000000,4.000000,4.000000,2.000000,4.000000,4.000000,4.000000,4.000000,4.000000,4.000000,4.000000,4.000000,4.000000,4.000000,4.000000,4.000000,4.000000,83.333336
1614076752.354141,39.000000,0.000000,-12.277866,7.244187,-13.992478,-0.222864,-1.221562,-8.191963,-2.918823,-11.943593,-8.103520,-16.163933,-10.515988,-4.814431,-13.157376,-11.721423,-13.077833,-16.460739,-2.484162,2.855230,3.896058,-57.823128,-20.453104,5.674068,1.300199,3.861374,-5.860932,0.534892,-7.686189,4.042855,8.561956,-3.117676,3.347587,9.371470,8064.000000,0.000000,4.000000,,,,0.000000,4.000000,4.000000,4.000000,4.000000,4.000000,4.000000,4.000000,4.000000,4.000000,4.000000,4.000000,4.000000,4.000000,4.000000,4.000000,4.000000,4.000000,4.000000,2.000000,4.000000,4.000000,4.000000,4.000000,4.000000,4.000000,4.000000,4.000000,4.000000,4.000000,4.000000,4.000000,4.000000,83.333336
1614076752.361790,40.000000,0.000000,-10.214307,7.236942,-10.388742,-0.735462,2.882224,-7.670951,-3.428725,-12.957291,-2.967212,-12.045204,-5.890088,-3.271155,-10.580116,-6.068676,-3.321166,-0.034021,-1.968857,6.954939,4.404982,-61.355049,-23.509575,1.565830,0.786078,4.370334,-3.803790,0.021536,-7.678503,4.038812,9.066215,-3.114558,2.831419,11.413382,8064.000000,0.000000,4.000000,,,,0.000000,4.000000,4.000000,4.000000,4.000000,4.000000,4.000000,4.000000,4.000000,4.000000,4.000000,4.000000,4.000000,4.000000,4.000000,4.000000,4.000000,4.000000,4.000000,2.000000,4.000000,4.000000,4.000000,4.000000,4.000000,4.000000,4.000000,4.000000,4.000000,4.000000,4.000000,4.000000,4.000000,83.333336
1614076752.369540,41.000000,0.000000,-5.588707,7.229705,-5.762969,-0.734726,9.546008,0.029028,-2.912475,-1.662282,6.266524,-0.751108,-2.807274,4.424424,-2.364408,3.680982,10.015489,28.683962,-1.454068,20.794138,4.400577,-59.755230,-22.460424,-1.512659,0.785292,4.365963,-2.774345,0.021515,-7.670824,4.034773,11.108430,-0.547341,3.854229,10.889148,8064.000000,0.000000,4.000000,,,,0.000000,4.000000,4.000000,4.000000,4.000000,4.000000,4.000000,4.000000,4.000000,4.000000,4.000000,4.000000,4.000000,4.000000,4.000000,4.000000,4.000000,4.000000,4.000000,2.000000,4.000000,4.000000,4.000000,4.000000,4.000000,4.000000,4.000000,4.000000,4.000000,4.000000,4.000000,4.000000,4.000000,83.333336
1614076752.377189,42.000000,0.000000,-4.044657,6.709655,-1.141821,0.291649,11.074924,7.208486,-2.909563,9.621431,8.311540,5.403490,-3.317287,8.009743,-2.874864,3.677301,1.287524,-2.626774,-2.478255,-4.354861,0.806433,-69.439064,-22.950785,-10.741916,1.297327,4.874418,-2.771570,0.534314,-7.663153,4.030738,10.584501,0.991668,6.414477,10.878259,8064.000000,0.000000,4.000000,,,,0.000000,4.000000,4.000000,4.000000,4.000000,4.000000,4.000000,4.000000,4.000000,4.000000,4.000000,4.000000,4.000000,4.000000,4.000000,4.000000,4.000000,4.000000,4.000000,2.000000,4.000000,4.000000,4.000000,4.000000,4.000000,4.000000,4.000000,4.000000,4.000000,4.000000,4.000000,4.000000,4.000000,83.333336
1614076752.384938,43.000000,0.000000,-4.553433,7.215766,6.551629,4.393922,10.551028,8.226918,-2.906653,6.022067,8.303228,0.269881,-3.826791,4.924810,-7.487373,1.622342,-4.867610,-24.162609,-2.475776,-25.888968,1.318447,-78.087578,-25.491936,-14.320917,0.783209,3.843902,-3.281619,0.020959,-8.168310,4.026708,8.522635,0.990677,7.433704,10.867380,8064.000000,0.000000,4.000000,,,,0.000000,4.000000,4.000000,4.000000,4.000000,4.000000,4.000000,4.000000,4.000000,4.000000,4.000000,4.000000,4.000000,4.000000,4.000000,4.000000,4.000000,4.000000,4.000000,2.000000,4.000000,4.000000,4.000000,4.000000,4.000000,4.000000,4.000000,4.000000,4.000000,4.000000,4.000000,4.000000,4.000000,83.333336
1614076752.392587,44.000000,0.000000,-4.548880,7.721371,9.109179,5.927989,11.566118,8.218692,-2.903747,0.375019,8.294925,-3.832953,-2.284502,3.894244,-4.402963,5.210464,6.419310,8.682067,-1.447660,-2.786156,2.342770,-73.394104,-26.492085,-4.050186,0.782426,0.763135,-5.842440,0.533759,-7.134501,4.022681,7.488471,0.476865,6.913449,10.856513,8064.000000,0.000000,4.000000,,,,0.000000,4.000000,4.000000,4.000000,4.000000,4.000000,4.000000,4.000000,4.000000,4.000000,4.000000,4.000000,4.000000,4.000000,4.000000,4.000000,4.000000,4.000000,4.000000,2.000000,4.000000,4.000000,4.000000,4.000000,4.000000,4.000000,4.000000,4.000000,4.000000,4.000000,4.000000,4.000000,4.000000,83.333336
1614076752.400336,45.000000,0.000000,-4.031510,5.662367,2.433403,4.383600,7.451988,5.133550,-2.900843,1.913105,-2.482601,-3.829120,-3.307859,2.351889,-5.937022,-2.487055,3.848788,14.314411,-2.471853,13.114066,1.827606,-67.166862,-25.952772,-6.610239,0.781644,0.249552,-10.451982,-0.492416,-7.640187,3.505838,5.942521,-1.062073,6.906536,10.845656,8064.000000,0.000000,4.000000,,,,0.000000,4.000000,4.000000,4.000000,4.000000,4.000000,4.000000,4.000000,4.000000,4.000000,4.000000,4.000000,4.000000,4.000000,4.000000,4.000000,4.000000,4.000000,4.000000,2.000000,4.000000,4.000000,4.000000,4.000000,4.000000,4.000000,4.000000,4.000000,4.000000,4.000000,4.000000,4.000000,4.000000,83.333336
1614076752.407985,46.000000,0.000000,-4.540299,4.631064,-5.774158,2.327934,0.777870,-1.538250,-2.897942,1.398372,-14.274990,-6.902214,-8.945577,-2.265848,-15.674674,-21.458927,-15.129420,-18.007597,-6.059125,-1.770843,0.800138,-68.638161,-26.439640,-19.424141,0.780862,1.274943,-11.979992,-3.056026,-8.145368,4.527973,3.885297,-3.112293,6.899630,10.321990,8064.000000,0.000000,4.000000,,,,0.000000,4.000000,4.000000,4.000000,4.000000,4.000000,4.000000,4.000000,4.000000,4.000000,4.000000,4.000000,4.000000,4.000000,4.000000,4.000000,4.000000,4.000000,4.000000,2.000000,4.000000,4.000000,4.000000,4.000000,4.000000,4.000000,4.000000,4.000000,4.000000,4.000000,4.000000,4.000000,4.000000,83.333336
1614076752.415734,47.000000,0.000000,-4.535759,6.164895,-7.819666,4.376888,0.777092,-2.562353,-2.895044,-3.731232,-15.799176,-11.510696,-12.013555,-4.827684,-14.120538,-27.591314,-17.165573,-12.348563,-6.053066,-0.743431,2.337799,-67.031059,-25.900381,-10.173947,0.780081,-1.803255,-8.891089,-3.565791,-4.034658,6.574727,3.881411,-3.109181,7.405550,11.850130,8064.000000,0.000000,4.000000,,,,0.000000,4.000000,4.000000,4.000000,4.000000,4.000000,4.000000,4.000000,4.000000,4.000000,4.000000,4.000000,4.000000,4.000000,4.000000,4.000000,4.000000,4.000000,4.000000,2.000000,4.000000,4.000000,4.000000,4.000000,4.000000,4.000000,4.000000,4.000000,4.000000,4.000000,4.000000,4.000000,4.000000,83.333336
1614076752.423384,48.000000,0.000000,-4.531223,7.697191,-1.658000,12.064819,3.340417,0.517132,-2.892149,-7.830065,-13.732095,-12.012006,-10.463079,-4.822857,-12.055136,-25.512440,-15.609945,13.817632,-5.021371,1.821415,0.284179,-63.374283,-25.874479,1.631098,0.779301,-2.827093,-2.215531,-3.562225,0.071941,8.106614,4.390350,-3.106072,6.885324,13.889562,8064.000000,0.000000,4.000000,,,,0.000000,4.000000,4.000000,4.000000,4.000000,4.000000,4.000000,4.000000,4.000000,4.000000,4.000000,4.000000,4.000000,4.000000,4.000000,4.000000,4.000000,4.000000,4.000000,2.000000,4.000000,4.000000,4.000000,4.000000,4.000000,4.000000,4.000000,4.000000,4.000000,4.000000,4.000000,4.000000,4.000000,83.333336
1614076752.431133,49.000000,0.000000,-4.526692,7.176673,4.497504,15.129678,3.849897,-1.534667,-2.889257,-9.873517,-14.744004,-11.999994,-16.093641,-8.407778,-32.555901,-35.230518,-37.132797,-18.503878,-11.683017,-30.488098,-12.536618,-70.490395,-34.053734,-15.293610,-1.272760,-0.260163,3.427710,-3.045842,-3.517875,7.585687,4.385960,-3.102966,6.878439,14.901313,8064.000000,0.000000,4.000000,,,,0.000000,4.000000,4.000000,4.000000,4.000000,4.000000,4.000000,4.000000,4.000000,4.000000,4.000000,4.000000,4.000000,4.000000,4.000000,4.000000,4.000000,4.000000,4.000000,2.000000,4.000000,4.000000,4.000000,4.000000,4.000000,4.000000,4.000000,4.000000,4.000000,4.000000,4.000000,4.000000,4.000000,83.333336
1614076752.438782,50.000000,0.000000,-4.522165,7.169497,1.928904,6.909420,2.820406,-4.097235,-3.399188,-10.376464,-14.729260,-14.039276,-23.769855,-13.014754,-46.369499,-40.323494,-49.403358,-48.228966,-21.414923,-46.355045,-17.139465,-82.214775,-43.250450,-35.278316,-2.809949,-2.824005,3.424282,-3.555617,-7.616921,7.578101,4.381574,-3.099863,7.897202,14.886412,8064.000000,0.000000,4.000000,,,,0.000000,4.000000,4.000000,4.000000,4.000000,4.000000,4.000000,4.000000,4.000000,4.000000,4.000000,4.000000,4.000000,4.000000,4.000000,4.000000,4.000000,4.000000,4.000000,2.000000,4.000000,4.000000,4.000000,4.000000,4.000000,4.000000,4.000000,4.000000,4.000000,4.000000,4.000000,4.000000,4.000000,83.333336
1614076752.446531,51.000000,0.000000,-4.517643,7.675148,-5.252512,-0.789798,1.791945,-3.580317,-2.370148,-7.801985,-14.201711,-15.050878,-15.028137,-10.437637,-25.810308,-24.898554,-24.738569,-15.360222,-20.367868,-13.488179,-0.712070,-83.158203,-45.771301,-33.704578,-2.807139,-10.000669,0.856755,-5.090523,-5.558022,7.570523,4.377192,-4.635224,6.350843,13.845884,8064.000000,0.000000,4.000000,,,,0.000000,4.000000,4.000000,4.000000,4.000000,4.000000,4.000000,4.000000,4.000000,4.000000,4.000000,4.000000,4.000000,4.000000,4.000000,4.000000,4.000000,4.000000,4.000000,2.000000,4.000000,4.000000,4.000000,4.000000,4.000000,4.000000,4.000000,4.000000,4.000000,4.000000,4.000000,4.000000,4.000000,83.333336
1614076752.454180,52.000000,0.000000,-4.513126,7.154652,-6.785721,-0.276187,-0.773949,-4.089557,-0.316496,-6.255721,-14.187509,-14.523006,-0.654135,-5.811815,-4.758858,-10.001861,-1.124086,17.475651,-14.193653,3.961207,10.570693,-79.998123,-44.699890,-29.568308,-2.804332,-11.529129,0.855899,-7.136714,-2.988362,7.562953,4.885636,-6.681871,2.241928,9.216654,8064.000000,0.000000,4.000000,,,,0.000000,4.000000,4.000000,4.000000,4.000000,4.000000,4.000000,4.000000,4.000000,4.000000,4.000000,4.000000,4.000000,4.000000,4.000000,4.000000,4.000000,4.000000,4.000000,2.000000,4.000000,4.000000,4.000000,4.000000,4.000000,4.000000,4.000000,4.000000,4.000000,4.000000,4.000000,4.000000,4.000000,83.333336
1614076752.462029,53.000000,0.000000,-3.995792,7.660318,-5.753294,0.749730,0.252466,-3.572647,1.222282,-6.249465,-14.173321,-15.021304,-0.653480,-3.241900,-3.728458,-9.479038,-2.148603,-14.849517,-13.153819,-21.683781,2.867815,-78.379662,-39.014164,-25.948996,-2.801528,-10.491960,0.855043,-7.642398,-4.011014,7.555389,4.367930,-7.188010,0.188404,3.566411,8064.000000,0.000000,4.000000,,,,0.000000,4.000000,4.000000,4.000000,4.000000,4.000000,4.000000,4.000000,4.000000,4.000000,4.000000,4.000000,4.000000,4.000000,4.000000,4.000000,4.000000,4.000000,4.000000,2.000000,4.000000,4.000000,4.000000,4.000000,4.000000,4.000000,4.000000,4.000000,4.000000,4.000000,4.000000,4.000000,4.000000,83.333336
1614076752.469778,54.000000,0.000000,-4.504617,7.139837,-6.260362,-1.815122,0.765034,-3.056254,1.221060,-5.730395,-14.159148,-13.980641,-2.704109,-4.264299,-4.750370,-9.982379,-3.172096,-28.168001,-11.602203,-21.149275,-3.288899,-74.198715,-30.770021,-19.769201,-2.798726,-9.968647,0.341367,-7.121935,-4.519824,7.547834,0.773818,-6.668001,-2.888708,2.537204,8064.000000,0.000000,4.000000,,,,0.000000,4.000000,4.000000,4.000000,4.000000,4.000000,4.000000,4.000000,4.000000,4.000000,4.000000,4.000000,4.000000,4.000000,4.000000,4.000000,4.000000,4.000000,4.000000,2.000000,4.000000,4.000000,4.000000,4.000000,4.000000,4.000000,4.000000,4.000000,4.000000,4.000000,4.000000,4.000000,4.000000,83.333336
1614076752.477627,55.000000,0.000000,-6.551394,5.081415,-6.766922,-5.403051,-4.876757,-8.181403,0.194198,-7.775947,-14.144989,-16.017942,-3.214226,-8.362599,-7.309722,-12.023679,-8.297129,-12.242397,-9.539319,-11.384537,-0.721507,-70.534775,-29.200788,-20.775072,-2.795928,-7.907396,0.341026,-7.114813,-4.515304,7.540287,-2.816699,-6.661333,-7.501204,3.560308,8064.000000,0.000000,4.000000,,,,0.000000,4.000000,4.000000,4.000000,4.000000,4.000000,4.000000,4.000000,4.000000,4.000000,4.000000,4.000000,4.000000,4.000000,4.000000,4.000000,4.000000,4.000000,4.000000,2.000000,4.000000,4.000000,4.000000,4.000000,4.000000,4.000000,4.000000,4.000000,4.000000,4.000000,4.000000,4.000000,4.000000,83.333336
1614076752.485376,56.000000,0.000000,-8.083304,3.025052,-6.760155,-7.961751,-11.538547,-10.737324,-2.370099,-13.409197,-14.130844,-22.155771,-19.108448,-11.431160,-20.122925,-23.806526,-28.801653,-27.101950,-14.657985,-30.860332,-1.746427,-70.464241,-32.761333,-21.267118,-2.793132,-6.873847,-0.172136,-8.133340,-4.510788,7.532746,-3.326703,-7.680313,-8.519343,2.531106,8064.000000,0.000000,4.000000,,,,0.000000,4.000000,4.000000,4.000000,4.000000,4.000000,4.000000,4.000000,4.000000,4.000000,4.000000,4.000000,4.000000,4.000000,4.000000,4.000000,4.000000,4.000000,4.000000,2.000000,4.000000,4.000000,4.000000,4.000000,4.000000,4.000000,4.000000,4.000000,4.000000,4.000000,4.000000,4.000000,4.000000,83.333336
1614076752.493225,57.000000,0.000000,-8.075221,3.534847,-6.240574,-7.953789,-12.039829,-5.598382,-3.393370,-13.395787,-14.629534,-26.236179,-32.422672,-11.419728,-27.795111,-33.013489,-36.977978,-36.305618,-20.284353,-36.983318,-4.821604,-70.906601,-33.241390,-10.476620,-2.790339,-6.866974,-2.223246,-7.099565,-3.480637,7.525213,-2.810556,-7.159812,-4.921081,3.041396,8064.000000,0.000000,4.000000,,,,0.000000,4.000000,4.000000,4.000000,4.000000,4.000000,4.000000,4.000000,4.000000,4.000000,4.000000,4.000000,4.000000,4.000000,4.000000,4.000000,4.000000,4.000000,4.000000,2.000000,4.000000,4.000000,4.000000,4.000000,4.000000,4.000000,4.000000,4.000000,4.000000,4.000000,4.000000,4.000000,4.000000,83.333336
1614076752.500974,58.000000,0.000000,-8.067145,3.531312,-6.234334,-7.433014,-10.489327,-3.541501,-2.877156,-13.382392,-14.102083,-26.722765,-25.210762,-12.433950,-24.177572,-34.006119,-27.710232,-17.294952,-17.187145,-15.920693,-5.329603,-70.322868,-32.182510,-6.363579,-2.787548,-6.860107,-3.759484,-1.964261,-4.502797,7.517688,-3.320566,-4.075729,-3.890518,5.089637,8064.000000,0.000000,4.000000,,,,0.000000,4.000000,4.000000,4.000000,4.000000,4.000000,4.000000,4.000000,4.000000,4.000000,4.000000,4.000000,4.000000,4.000000,4.000000,4.000000,4.000000,4.000000,4.000000,2.000000,4.000000,4.000000,4.000000,4.000000,4.000000,4.000000,4.000000,4.000000,4.000000,4.000000,4.000000,4.000000,4.000000,83.333336
1614076752.508823,59.000000,0.000000,-8.059078,3.527781,-6.740920,-7.938402,-12.017300,-7.127703,-3.387099,-15.933112,-14.087981,-25.670401,-18.518885,-10.883055,-20.050831,-33.459290,-22.041496,-10.098170,-9.990471,-8.212464,-6.349914,-70.765366,-33.175968,-13.023883,-2.784760,-6.853247,-3.755724,0.601806,-3.985474,7.510170,-3.317245,-0.994730,-4.912269,6.623009,8064.000000,0.000000,4.000000,,,,0.000000,4.000000,4.000000,4.000000,4.000000,4.000000,4.000000,4.000000,4.000000,4.000000,4.000000,4.000000,4.000000,4.000000,4.000000,4.000000,4.000000,4.000000,4.000000,2.000000,4.000000,4.000000,4.000000,4.000000,4.000000,4.000000,4.000000,4.000000,4.000000,4.000000,4.000000,4.000000,4.000000,83.333336
1614076752.516572,60.000000,0.000000,-8.051020,3.524253,-6.221358,-7.930463,-10.466821,-6.607755,-3.383712,-4.122307,-15.099534,-20.003704,-15.423443,-0.102941,-16.441036,-26.759165,-17.404070,-5.472687,-3.313814,-14.358098,-4.292282,-70.694603,-33.655613,-5.831371,0.294947,-6.846394,-2.726328,0.088384,2.172358,7.502660,-3.313928,1.057546,-2.343254,10.206129,8064.000000,0.000000,4.000000,,,,0.000000,4.000000,4.000000,4.000000,4.000000,4.000000,4.000000,4.000000,4.000000,4.000000,4.000000,4.000000,4.000000,4.000000,4.000000,4.000000,4.000000,4.000000,4.000000,2.000000,4.000000,4.000000,4.000000,4.000000,4.000000,4.000000,4.000000,4.000000,4.000000,4.000000,4.000000,4.000000,4.000000,83.333336
1614076752.524421,61.000000,0.000000,-8.042969,3.520729,-4.163855,-5.358430,-4.815329,-0.960122,-0.303405,16.907455,-10.469050,-12.291393,-4.125968,8.102290,-13.347672,-15.450355,-8.668716,8.378940,-1.259218,-11.266817,2.891497,-70.623909,-33.109135,9.559075,1.320293,-4.275445,-0.672319,3.165219,8.324032,8.007978,-2.797793,7.210335,-0.289629,13.272846,8064.000000,0.000000,4.000000,,,,0.000000,4.000000,4.000000,4.000000,4.000000,4.000000,4.000000,4.000000,4.000000,4.000000,4.000000,4.000000,4.000000,4.000000,4.000000,4.000000,4.000000,4.000000,4.000000,2.000000,4.000000,4.000000,4.000000,4.000000,4.000000,4.000000,4.000000,4.000000,4.000000,4.000000,4.000000,4.000000,4.000000,83.333336
1614076752.532170,62.000000,0.000000,-8.034925,3.517208,-2.621230,-1.763328,-3.272052,1.092120,1.235360,16.890549,-4.304735,-10.227819,0.493543,7.581367,-11.283042,-11.332340,-7.634407,5.293637,-4.847703,-9.717089,-0.188317,-70.553284,-33.076027,6.472593,-1.245129,-0.681425,0.353994,7.264617,7.290067,7.487150,-3.307816,11.818509,-0.289339,14.285214,8064.000000,0.000000,4.000000,,,,0.000000,4.000000,4.000000,4.000000,4.000000,4.000000,4.000000,4.000000,4.000000,4.000000,4.000000,4.000000,4.000000,4.000000,4.000000,4.000000,4.000000,4.000000,4.000000,2.000000,4.000000,4.000000,4.000000,4.000000,4.000000,4.000000,4.000000,4.000000,4.000000,4.000000,4.000000,4.000000,4.000000,83.333336
1614076752.540019,63.000000,0.000000,-8.539711,3.513691,-1.080147,0.289717,-3.781600,0.065387,0.721304,8.155709,-2.249148,-8.166309,-3.096695,6.548145,-8.707656,-7.731264,-5.575490,1.698600,-9.458240,-18.938141,-14.034283,-70.482735,-34.068592,-3.790290,-2.782346,0.857718,0.353640,7.257353,3.693033,7.479662,-3.304508,11.293870,1.249412,18.886314,8064.000000,0.000000,4.000000,,,,0.000000,4.000000,4.000000,4.000000,4.000000,4.000000,4.000000,4.000000,4.000000,4.000000,4.000000,4.000000,4.000000,4.000000,4.000000,4.000000,4.000000,4.000000,4.000000,2.000000,4.000000,4.000000,4.000000,4.000000,4.000000,4.000000,4.000000,4.000000,4.000000,4.000000,4.000000,4.000000,4.000000,83.333336
1614076752.547768,64.000000,0.000000,-8.018351,4.022998,0.972215,-0.223393,-2.752177,0.578142,2.259044,10.711657,-2.246899,-3.542759,2.034607,8.080059,-5.109205,-0.544046,3.148034,15.543056,-8.423140,-16.355101,-5.815120,-68.873787,-30.957600,-4.299320,-0.215461,0.344039,0.866107,7.762916,3.176519,7.985003,0.288540,11.282577,3.812265,22.457170,0.000000,199.000000,4.000000,,,,0.000000,4.000000,4.000000,4.000000,4.000000,4.000000,4.000000,4.000000,4.000000,4.000000,4.000000,4.000000,4.000000,4.000000,4.000000,4.000000,4.000000,4.000000,4.000000,2.000000,4.000000,4.000000,4.000000,4.000000,4.000000,4.000000,4.000000,4.000000,4.000000,4.000000,4.000000,4.000000,4.000000,83.333336
1614076752.555617,65.000000,0.000000,-8.010333,2.993334,0.458423,-0.223170,-6.339169,0.064744,-1.332959,3.008637,-4.295934,-4.564857,-4.121274,5.507876,-4.078454,-0.030681,7.760270,21.681358,-5.850614,9.302280,22.395823,-66.753632,-26.311258,-6.859123,1.323216,0.343695,-0.673221,6.216691,3.686163,5.412916,4.903636,9.732832,3.808453,17.306509,0.000000,202.000000,4.000000,,,,0.000000,4.000000,4.000000,4.000000,4.000000,4.000000,4.000000,4.000000,4.000000,4.000000,4.000000,4.000000,4.000000,4.000000,4.000000,4.000000,4.000000,4.000000,4.000000,2.000000,4.000000,4.000000,4.000000,4.000000,4.000000,4.000000,4.000000,4.000000,4.000000,4.000000,4.000000,4.000000,4.000000,83.333336
1614076752.563366,66.000000,0.000000,-9.027964,0.939059,-2.106138,-0.222947,-13.512317,-2.499424,-10.562395,-15.455910,-10.445484,-7.124394,-22.578691,-1.164299,-4.587197,-3.620394,7.239689,21.146856,-5.844764,20.062208,22.886248,-66.686874,-26.797768,-12.493290,0.809072,0.856172,-3.236650,1.595090,2.144016,0.792118,4.385911,6.646176,3.291824,13.699458,0.000000,181.000000,4.000000,,,,0.000000,4.000000,4.000000,4.000000,4.000000,4.000000,4.000000,4.000000,4.000000,4.000000,4.000000,4.000000,4.000000,4.000000,4.000000,4.000000,4.000000,4.000000,4.000000,2.000000,4.000000,4.000000,4.000000,4.000000,4.000000,4.000000,4.000000,4.000000,4.000000,4.000000,4.000000,4.000000,4.000000,83.333336
1614076752.571215,67.000000,0.000000,-4.916371,-0.600342,-3.129673,0.290097,-15.550087,-4.035386,-14.141576,-10.825069,-14.537603,-7.630091,-17.427906,-5.265698,-3.556968,-1.565491,2.617065,17.023146,-6.351739,-4.060417,-0.726382,-66.107368,-28.822252,-8.891053,0.808263,-1.708787,-3.746234,3.644777,-0.422231,-0.234315,4.894346,11.767735,3.288532,19.839605,0.000000,189.000000,4.000000,,,,0.000000,4.000000,4.000000,4.000000,4.000000,4.000000,4.000000,4.000000,4.000000,4.000000,4.000000,4.000000,4.000000,4.000000,4.000000,4.000000,4.000000,4.000000,4.000000,2.000000,4.000000,4.000000,4.000000,4.000000,4.000000,4.000000,4.000000,4.000000,4.000000,4.000000,4.000000,4.000000,4.000000,83.333336
1614076752.578965,68.000000,0.000000,2.268032,-0.086921,-2.613723,-0.223014,-14.508896,-3.518530,-10.537691,0.980627,-14.523066,-10.699384,-9.205351,-4.234792,-6.117514,-6.692131,-10.206065,-12.224647,-4.806926,-24.569178,-4.828220,-65.528442,-26.229326,-10.420623,1.320275,-3.245539,-3.229667,9.794979,-0.934629,0.278740,10.530478,20.986736,3.285244,25.460791,0.000000,199.000000,4.000000,,,,0.000000,4.000000,4.000000,4.000000,4.000000,4.000000,4.000000,4.000000,4.000000,4.000000,4.000000,4.000000,4.000000,4.000000,4.000000,4.000000,4.000000,4.000000,4.000000,2.000000,4.000000,4.000000,4.000000,4.000000,4.000000,4.000000,4.000000,4.000000,4.000000,4.000000,4.000000,4.000000,4.000000,83.333336
1614076752.586614,69.000000,0.000000,2.265764,-0.086834,-2.611109,-0.735611,-15.007207,-3.515011,-10.014333,-8.251122,-14.508542,-16.329710,-22.016659,-4.230557,-12.778063,-20.531593,-21.477911,-36.827808,-6.340581,-21.980505,1.843275,-67.514198,-25.177456,-18.615332,0.806135,-1.191012,-3.226438,11.323646,-0.420874,0.278461,11.032767,23.017033,3.281958,24.922510,0.000000,197.000000,4.000000,,,,0.000000,4.000000,4.000000,4.000000,4.000000,4.000000,4.000000,4.000000,4.000000,4.000000,4.000000,4.000000,4.000000,4.000000,4.000000,4.000000,4.000000,4.000000,4.000000,2.000000,4.000000,4.000000,4.000000,4.000000,4.000000,4.000000,4.000000,4.000000,4.000000,4.000000,4.000000,4.000000,4.000000,83.333336
1614076752.594363,70.000000,0.000000,-0.813425,-0.599568,-2.608498,0.803586,-11.915277,-4.024317,-11.029960,-9.268513,-13.468392,-12.723637,-18.917719,-4.739147,-11.226824,-17.946959,-11.712842,-8.585851,-6.847061,-6.573910,0.815791,-65.908218,-26.690741,-13.468511,0.805329,0.348641,-3.223211,10.286680,-0.933274,-0.234638,8.457632,21.455553,2.765856,24.384768,0.000000,175.000000,4.000000,,,,0.000000,4.000000,4.000000,4.000000,4.000000,4.000000,4.000000,4.000000,4.000000,4.000000,4.000000,4.000000,4.000000,4.000000,4.000000,4.000000,4.000000,4.000000,4.000000,2.000000,4.000000,4.000000,4.000000,4.000000,4.000000,4.000000,4.000000,4.000000,4.000000,4.000000,4.000000,4.000000,4.000000,83.333336
1614076752.602012,71.000000,0.000000,-0.812611,-0.086148,-2.605890,2.854064,-7.800797,-4.020292,-8.454827,6.638192,-10.890821,-5.018605,3.152481,-4.221587,-3.523289,-6.646960,3.170665,24.243248,-2.224829,15.996767,7.481642,-59.175644,-24.612768,-1.660170,1.830164,0.348292,-3.219988,10.276394,-0.932340,0.278417,9.474815,21.946918,3.788731,25.898844,0.000000,173.000000,4.000000,,,,0.000000,4.000000,4.000000,4.000000,4.000000,4.000000,4.000000,4.000000,4.000000,4.000000,4.000000,4.000000,4.000000,4.000000,4.000000,4.000000,4.000000,4.000000,4.000000,2.000000,4.000000,4.000000,4.000000,4.000000,4.000000,4.000000,4.000000,4.000000,4.000000,4.000000,4.000000,4.000000,4.000000,83.333336
1614076752.609761,72.000000,0.000000,-1.837440,-0.086062,-2.603284,2.338390,-6.767355,-3.503452,-5.882269,4.067451,-9.854290,-6.039228,-1.978876,-5.243007,-9.160791,-14.845442,-7.601736,-1.422021,-3.761066,3.673078,3.884417,-62.193394,-27.665077,-1.658510,-1.761410,0.347944,-3.216768,10.778938,-0.418588,0.278139,11.516623,22.437792,5.836224,27.924227,0.000000,223.000000,4.000000,,,,0.000000,4.000000,4.000000,4.000000,4.000000,4.000000,4.000000,4.000000,4.000000,4.000000,4.000000,4.000000,4.000000,4.000000,4.000000,4.000000,4.000000,4.000000,4.000000,2.000000,4.000000,4.000000,4.000000,4.000000,4.000000,4.000000,4.000000,4.000000,4.000000,4.000000,4.000000,4.000000,4.000000,83.333336
1614076752.617410,73.000000,0.000000,-3.886884,-0.085976,-2.600681,-0.228051,-7.273409,-3.499948,-5.876387,-9.782770,-10.357256,-11.161394,-18.387154,-7.801866,-19.920862,-25.599827,-27.081314,-33.728291,-14.526535,-28.638288,-21.247673,-72.900429,-38.406643,-6.785057,-5.862212,-1.190866,-3.213551,13.332262,-0.930990,0.277861,11.505106,21.902534,7.368849,28.921944,0.000000,221.000000,4.000000,,,,0.000000,4.000000,4.000000,4.000000,4.000000,4.000000,4.000000,4.000000,4.000000,4.000000,4.000000,4.000000,4.000000,4.000000,4.000000,4.000000,4.000000,4.000000,4.000000,2.000000,4.000000,4.000000,4.000000,4.000000,4.000000,4.000000,4.000000,4.000000,4.000000,4.000000,4.000000,4.000000,4.000000,83.333336
1614076752.625159,74.000000,0.000000,-2.344536,-0.085890,-2.598080,-0.740644,-7.266135,-4.009269,-6.383331,-4.644782,-9.834079,-12.175874,-12.214921,-6.768423,-7.593248,-14.292176,-16.285002,-10.617640,-13.486368,-23.481445,-15.072579,-69.750603,-35.804134,-7.291092,-4.830709,-3.753777,-3.723158,13.318930,-0.417238,0.277583,11.493601,21.880630,6.848660,26.841740,0.000000,153.000000,4.000000,,,,0.000000,4.000000,4.000000,4.000000,4.000000,4.000000,4.000000,4.000000,4.000000,4.000000,4.000000,4.000000,4.000000,4.000000,4.000000,4.000000,4.000000,4.000000,4.000000,2.000000,4.000000,4.000000,4.000000,4.000000,4.000000,4.000000,4.000000,4.000000,4.000000,4.000000,4.000000,4.000000,4.000000,83.333336
1614076752.632808,75.000000,0.000000,-0.290909,-0.085804,-2.595482,-0.739903,-6.746049,-3.492439,-6.376948,6.129093,-10.849885,-10.625236,-2.971936,-4.710373,14.978448,-1.457371,9.372309,22.213491,3.450195,9.362550,17.763006,-55.834702,-19.358074,-8.309442,-2.261776,-3.237203,-3.206614,10.228687,2.147282,-0.235515,9.430825,21.345930,6.841812,24.250795,0.000000,176.000000,4.000000,,,,0.000000,4.000000,4.000000,4.000000,4.000000,4.000000,4.000000,4.000000,4.000000,4.000000,4.000000,4.000000,4.000000,4.000000,4.000000,4.000000,4.000000,4.000000,4.000000,2.000000,4.000000,4.000000,4.000000,4.000000,4.000000,4.000000,4.000000,4.000000,4.000000,4.000000,4.000000,4.000000,4.000000,83.333336
1614076752.640558,76.000000,0.000000,-0.803439,-0.085718,-2.592886,1.312119,-4.688021,-1.437665,-6.370571,4.071682,-10.326215,-6.512046,-0.917682,-4.192842,18.553213,1.621010,13.465501,17.575893,10.626232,15.507033,19.283705,-50.137840,-12.672049,-5.737030,-3.285155,-1.182684,-1.152126,14.321023,3.683596,0.790361,8.395754,22.350225,6.834970,24.226545,0.000000,188.000000,4.000000,,,,0.000000,4.000000,4.000000,4.000000,4.000000,4.000000,4.000000,4.000000,4.000000,4.000000,4.000000,4.000000,4.000000,4.000000,4.000000,4.000000,4.000000,4.000000,4.000000,2.000000,4.000000,4.000000,4.000000,4.000000,4.000000,4.000000,4.000000,4.000000,4.000000,4.000000,4.000000,4.000000,4.000000,83.333336
1614076752.648207,77.000000,0.000000,-0.802635,-0.085632,-2.590293,3.362089,-3.144871,0.615055,-6.364201,-0.034954,-7.238966,-1.377329,0.621697,-4.188649,11.355172,1.106568,6.272548,-0.903222,7.025863,-16.816166,-5.350964,-55.215908,-17.787582,-3.167190,-2.769049,0.356960,0.900308,18.409266,3.167092,3.353673,11.977101,24.891977,6.828135,24.715139,0.000000,206.000000,4.000000,,,,0.000000,4.000000,4.000000,4.000000,4.000000,4.000000,4.000000,4.000000,4.000000,4.000000,4.000000,4.000000,4.000000,4.000000,4.000000,4.000000,4.000000,4.000000,4.000000,2.000000,4.000000,4.000000,4.000000,4.000000,4.000000,4.000000,4.000000,4.000000,4.000000,4.000000,4.000000,4.000000,4.000000,83.333336
1614076752.655956,78.000000,0.000000,-0.801833,-0.085547,-2.587703,3.358727,-3.654547,0.101620,-6.870657,1.503543,-7.744547,0.162509,-7.584053,-4.184460,7.241253,-10.689410,-0.913212,-4.492062,4.454734,-22.953196,-12.012280,-64.391464,-24.436460,-17.522997,-2.766280,0.869424,0.386588,10.185728,3.163925,2.324679,15.042048,24.867086,6.821307,24.177603,0.000000,204.000000,4.000000,,,,0.000000,4.000000,4.000000,4.000000,4.000000,4.000000,4.000000,4.000000,4.000000,4.000000,4.000000,4.000000,4.000000,4.000000,4.000000,4.000000,4.000000,4.000000,4.000000,2.000000,4.000000,4.000000,4.000000,4.000000,4.000000,4.000000,4.000000,4.000000,4.000000,4.000000,4.000000,4.000000,4.000000,83.333336
1614076752.663605,79.000000,0.000000,-0.801031,-0.598282,-2.585115,4.893829,-3.650892,0.101518,-5.838145,1.502039,-10.300905,-0.350474,-13.217495,-4.180276,1.080166,-20.935131,-9.117427,-16.795263,-0.677926,-14.212294,-8.923344,-71.506561,-30.053051,-32.377270,-5.840437,-1.182728,0.386201,7.611440,3.160761,0.271072,15.539825,25.867859,6.814485,24.666246,0.000000,200.000000,4.000000,,,,0.000000,4.000000,4.000000,4.000000,4.000000,4.000000,4.000000,4.000000,4.000000,4.000000,4.000000,4.000000,4.000000,4.000000,4.000000,4.000000,4.000000,4.000000,4.000000,2.000000,4.000000,4.000000,4.000000,4.000000,4.000000,4.000000,4.000000,4.000000,4.000000,4.000000,4.000000,4.000000,4.000000,83.333336
1614076752.671354,80.000000,0.000000,1.763873,1.453599,-2.582530,7.453038,-3.134421,0.101417,-3.781025,0.987717,-6.700861,0.162697,-0.896585,-1.099173,1.079085,-5.529581,-6.544207,-9.086160,-4.779812,-5.480133,1.854810,-65.281204,-26.433254,-18.498737,-5.834597,-2.720006,0.385815,15.808957,3.157600,-0.242019,17.575567,27.893274,6.807671,27.205683,0.000000,216.000000,4.000000,,,,0.000000,4.000000,4.000000,4.000000,4.000000,4.000000,4.000000,4.000000,4.000000,4.000000,4.000000,4.000000,4.000000,4.000000,4.000000,4.000000,4.000000,4.000000,4.000000,2.000000,4.000000,4.000000,4.000000,4.000000,4.000000,4.000000,4.000000,4.000000,4.000000,4.000000,4.000000,4.000000,4.000000,83.333336
1614076752.679003,81.000000,0.000000,0.223647,3.503427,-2.579948,4.881483,-5.695389,0.101315,-2.238782,0.986729,-2.591596,-0.350286,1.668414,-0.072432,4.667750,6.783641,1.667466,23.743439,-0.159647,21.192015,14.673469,-55.472336,-17.176052,-2.069983,-0.700557,-1.178825,0.385429,15.793148,3.154443,0.271043,19.096455,27.352560,6.800863,28.204117,0.000000,192.000000,4.000000,,,,0.000000,4.000000,4.000000,4.000000,4.000000,4.000000,4.000000,4.000000,4.000000,4.000000,4.000000,4.000000,4.000000,4.000000,4.000000,4.000000,4.000000,4.000000,4.000000,2.000000,4.000000,4.000000,4.000000,4.000000,4.000000,4.000000,4.000000,4.000000,4.000000,4.000000,4.000000,4.000000,4.000000,83.333336
1614076752.686852,82.000000,0.000000,-3.879140,3.499924,-2.577368,-0.251604,-6.715334,0.101214,-3.262185,-1.578360,-2.589004,-0.862756,-13.717870,-5.713386,-5.593328,-7.069296,-9.103433,12.437645,0.866153,11.940053,0.812641,-57.980965,-19.210157,-10.273042,0.838605,0.360816,-0.127777,10.136329,3.151288,-0.242048,18.564537,24.761105,6.281242,27.150272,0.000000,208.000000,4.000000,,,,0.000000,4.000000,4.000000,4.000000,4.000000,4.000000,4.000000,4.000000,4.000000,4.000000,4.000000,4.000000,4.000000,4.000000,4.000000,4.000000,4.000000,4.000000,4.000000,2.000000,4.000000,4.000000,4.000000,4.000000,4.000000,4.000000,4.000000,4.000000,4.000000,4.000000,4.000000,4.000000,4.000000,83.333336
1614076752.694601,83.000000,0.000000,-5.413723,3.496424,-2.574790,-0.764173,-5.170158,-0.924528,-3.258922,-3.628064,-3.612056,-0.861893,-13.704152,-9.297416,-16.869785,-17.318638,-20.889200,-19.882484,-1.698815,-18.328299,-13.547146,-62.538368,-26.370434,-15.903794,0.324946,-0.152366,-0.127649,12.177475,3.148137,0.271014,18.545973,24.736343,6.787781,28.148764,0.000000,203.000000,4.000000,,,,0.000000,4.000000,4.000000,4.000000,4.000000,4.000000,4.000000,4.000000,4.000000,4.000000,4.000000,4.000000,4.000000,4.000000,4.000000,4.000000,4.000000,4.000000,4.000000,2.000000,4.000000,4.000000,4.000000,4.000000,4.000000,4.000000,4.000000,4.000000,4.000000,4.000000,4.000000,4.000000,4.000000,83.333336
1614076752.702450,84.000000,0.000000,-3.869848,3.492928,-2.572216,0.262232,-3.626526,1.127678,-2.742843,-0.034692,-2.582803,-0.348211,-8.049422,-7.749657,-13.775993,-14.224396,-18.817030,-11.144654,-2.209937,-2.925354,3.389478,-58.373264,-25.318422,-4.605839,0.837442,-0.665034,0.385299,13.190938,3.144989,-0.242077,18.527426,25.224428,8.832275,30.684717,0.000000,191.000000,4.000000,,,,0.000000,4.000000,4.000000,4.000000,4.000000,4.000000,4.000000,4.000000,4.000000,4.000000,4.000000,4.000000,4.000000,4.000000,4.000000,4.000000,4.000000,4.000000,4.000000,2.000000,4.000000,4.000000,4.000000,4.000000,4.000000,4.000000,4.000000,4.000000,4.000000,4.000000,4.000000,4.000000,4.000000,83.333336
1614076752.710199,85.000000,0.000000,-4.891619,3.489434,-2.569643,-0.250850,-3.110079,3.690653,-2.227280,1.503804,-3.093041,-0.860683,-16.759321,-9.280369,-14.275038,-14.210171,-23.413597,-6.518125,-4.771830,-0.358326,5.437370,-59.853355,-25.293104,2.065434,0.323784,0.361272,-0.127907,11.639286,2.629023,0.270985,18.508900,25.199203,10.361904,31.679672,0.000000,204.000000,4.000000,,,,0.000000,4.000000,4.000000,4.000000,4.000000,4.000000,4.000000,4.000000,4.000000,4.000000,4.000000,4.000000,4.000000,4.000000,4.000000,4.000000,4.000000,4.000000,4.000000,2.000000,4.000000,4.000000,4.000000,4.000000,4.000000,4.000000,4.000000,4.000000,4.000000,4.000000,4.000000,4.000000,4.000000,83.333336
1614076752.718048,86.000000,0.000000,-4.886727,4.511586,-3.079894,-1.276241,-4.132610,1.635680,-3.250693,0.476659,-3.089948,1.191460,-11.101536,-6.194165,-12.209480,-3.939551,-19.800440,-12.665453,-5.792699,-24.460531,-13.029605,-66.972984,-25.267811,0.524907,2.374742,-0.151910,-0.127779,14.704570,4.164855,2.321996,18.490391,25.174004,10.351542,31.647993,0.000000,210.000000,4.000000,,,,0.000000,4.000000,4.000000,4.000000,4.000000,4.000000,4.000000,4.000000,4.000000,4.000000,4.000000,4.000000,4.000000,4.000000,4.000000,4.000000,4.000000,4.000000,4.000000,2.000000,4.000000,4.000000,4.000000,4.000000,4.000000,4.000000,4.000000,4.000000,4.000000,4.000000,4.000000,4.000000,4.000000,83.333336
1614076752.725797,87.000000,0.000000,-2.317738,6.558357,-2.051173,-0.762144,-4.128477,2.146865,-0.170520,7.655670,-2.061217,9.395396,14.037770,11.247927,14.982216,21.192595,9.962950,20.167725,6.520786,8.384441,0.316758,-54.085503,-15.498954,2.575664,8.526214,0.873883,6.026195,18.792429,6.211973,4.370956,18.471899,25.148830,9.828370,34.180447,0.000000,196.000000,4.000000,,,,0.000000,4.000000,4.000000,4.000000,4.000000,4.000000,4.000000,4.000000,4.000000,4.000000,4.000000,4.000000,4.000000,4.000000,4.000000,4.000000,4.000000,4.000000,4.000000,2.000000,4.000000,4.000000,4.000000,4.000000,4.000000,4.000000,4.000000,4.000000,4.000000,4.000000,4.000000,4.000000,4.000000,83.333336
1614076752.733646,88.000000,0.000000,-0.264138,7.064619,0.002160,2.315542,2.029497,7.785744,9.573240,22.519810,-0.007874,17.078308,25.818604,26.621294,35.480053,36.043198,32.004269,45.275764,16.257854,41.196571,20.316441,-35.569878,-10.355249,4.111550,12.620252,9.590959,14.225297,17.747995,7.231402,3.853765,18.453428,25.636501,10.331363,36.197548,0.000000,198.000000,4.000000,,,,0.000000,4.000000,4.000000,4.000000,4.000000,4.000000,4.000000,4.000000,4.000000,4.000000,4.000000,4.000000,4.000000,4.000000,4.000000,4.000000,4.000000,4.000000,4.000000,2.000000,4.000000,4.000000,4.000000,4.000000,4.000000,4.000000,4.000000,4.000000,4.000000,4.000000,4.000000,4.000000,4.000000,83.333336
1614076752.741396,89.000000,0.000000,-0.776694,7.057554,1.540619,3.851687,6.642852,5.726676,13.153411,23.522930,1.530596,17.061230,21.690222,25.056211,25.700985,26.263563,24.792778,19.589462,12.139033,8.847681,6.962791,-41.175335,-17.524382,4.107438,10.556349,18.299316,16.262354,17.217426,7.224171,3.849911,18.434975,24.585224,10.321032,34.110069,0.000000,226.000000,4.000000,,,,0.000000,4.000000,4.000000,4.000000,4.000000,4.000000,4.000000,4.000000,4.000000,4.000000,4.000000,4.000000,4.000000,4.000000,4.000000,4.000000,4.000000,4.000000,4.000000,2.000000,4.000000,4.000000,4.000000,4.000000,4.000000,4.000000,4.000000,4.000000,4.000000,4.000000,4.000000,4.000000,4.000000,83.333336
1614076752.749245,90.000000,0.000000,-0.775918,7.050497,1.026258,2.309374,-1.056098,-5.048281,0.832565,6.576330,-0.522217,11.403144,13.976224,17.851667,10.290668,0.083454,5.280806,-9.148077,8.537150,-17.315012,-2.787761,-56.518772,-21.609421,4.103331,5.417588,18.281017,11.117887,18.225851,5.165664,3.846061,18.416540,20.458075,9.797890,30.999037,0.000000,120.000000,4.000000,,,,0.000000,4.000000,4.000000,4.000000,4.000000,4.000000,4.000000,4.000000,4.000000,4.000000,4.000000,4.000000,4.000000,4.000000,4.000000,4.000000,4.000000,4.000000,4.000000,2.000000,4.000000,4.000000,4.000000,4.000000,4.000000,4.000000,4.000000,4.000000,4.000000,4.000000,4.000000,4.000000,4.000000,83.333336
1614076752.756994,91.000000,0.000000,-0.775142,6.530625,1.025232,5.896808,-7.721709,-8.120156,-5.834934,-3.686656,-3.598618,7.801997,1.654555,13.218431,0.023967,-20.429451,-17.288578,-27.087646,8.015793,-10.118211,-1.759333,-60.051998,-23.639093,-3.593080,1.309606,12.108890,7.517025,17.694805,3.109217,3.842215,18.398123,17.360695,12.352195,31.480858,0.000000,198.000000,4.000000,,,,0.000000,4.000000,4.000000,4.000000,4.000000,4.000000,4.000000,4.000000,4.000000,4.000000,4.000000,4.000000,4.000000,4.000000,4.000000,4.000000,4.000000,4.000000,4.000000,2.000000,4.000000,4.000000,4.000000,4.000000,4.000000,4.000000,4.000000,4.000000,4.000000,4.000000,4.000000,4.000000,4.000000,83.333336
1614076752.764843,92.000000,0.000000,-0.774367,8.062556,1.024207,13.583220,-4.637064,-4.009472,4.427311,2.983697,-0.518096,7.281374,-4.500946,10.128290,-8.694005,-16.819277,-23.937956,-25.522097,1.341110,-23.954247,-11.501163,-60.504768,-31.307762,-12.307436,0.282655,7.994216,7.509508,17.677109,2.593287,3.838373,18.379725,17.343334,16.955227,31.449377,0.000000,167.000000,4.000000,,,,0.000000,4.000000,4.000000,4.000000,4.000000,4.000000,4.000000,4.000000,4.000000,4.000000,4.000000,4.000000,4.000000,4.000000,4.000000,4.000000,4.000000,4.000000,4.000000,2.000000,4.000000,4.000000,4.000000,4.000000,4.000000,4.000000,4.000000,4.000000,4.000000,4.000000,4.000000,4.000000,4.000000,83.333336
1614076752.772592,93.000000,0.000000,-0.773592,10.618596,1.023182,13.056815,-3.606786,-2.979821,9.551089,9.134560,3.072166,6.248452,-1.419521,10.118161,-2.531465,-0.905022,-5.452479,7.323937,-3.275615,-29.571318,-6.874277,-61.469902,-29.225172,-10.756667,0.282373,7.473402,7.501998,17.659433,3.103514,3.834534,18.361345,17.838810,17.963913,29.366646,0.000000,220.000000,4.000000,,,,0.000000,4.000000,4.000000,4.000000,4.000000,4.000000,4.000000,4.000000,4.000000,4.000000,4.000000,4.000000,4.000000,4.000000,4.000000,4.000000,4.000000,4.000000,4.000000,2.000000,4.000000,4.000000,4.000000,4.000000,4.000000,4.000000,4.000000,4.000000,4.000000,4.000000,4.000000,4.000000,4.000000,83.333336
1614076752.780441,94.000000,0.000000,-0.772819,8.556696,1.022159,7.402733,-3.090358,-4.515303,0.823589,5.022861,-0.007829,3.165280,-2.443743,9.595222,3.624913,4.224088,3.783742,23.214050,-2.759519,-1.849439,13.645417,-55.767406,-15.349793,-5.617705,0.282090,7.465928,6.981676,17.641773,3.100410,3.317879,18.342983,17.308151,17.433128,27.285997,0.000000,215.000000,4.000000,,,,0.000000,4.000000,4.000000,4.000000,4.000000,4.000000,4.000000,4.000000,4.000000,4.000000,4.000000,4.000000,4.000000,4.000000,4.000000,4.000000,4.000000,4.000000,4.000000,2.000000,4.000000,4.000000,4.000000,4.000000,4.000000,4.000000,4.000000,4.000000,4.000000,4.000000,4.000000,4.000000,4.000000,83.333336
1614076752.788190,95.000000,0.000000,-0.772046,7.009677,1.021137,6.369689,-0.523166,-3.485147,-4.305439,0.402453,-3.597565,2.649295,-7.569504,7.021525,-4.071020,2.681402,-6.989273,1.652374,-2.243939,13.537026,18.759977,-49.557793,-9.180597,-3.047985,3.358731,6.945642,6.974694,17.624132,3.097310,4.340203,18.324640,17.290842,17.415695,27.258711,0.000000,206.000000,4.000000,,,,0.000000,4.000000,4.000000,4.000000,4.000000,4.000000,4.000000,4.000000,4.000000,4.000000,4.000000,4.000000,4.000000,4.000000,4.000000,4.000000,4.000000,4.000000,4.000000,2.000000,4.000000,4.000000,4.000000,4.000000,4.000000,4.000000,4.000000,4.000000,4.000000,4.000000,4.000000,4.000000,4.000000,83.333336
1614076752.795939,96.000000,0.000000,-0.771274,12.130873,1.020116,7.388961,-3.599566,-3.481662,-2.249852,0.914871,-3.081147,3.159466,-8.587576,5.988863,-4.066949,4.217183,-8.007924,-1.426201,-2.754516,6.856822,10.536089,-49.508236,-10.197058,-4.583398,5.406654,6.938696,7.480540,17.606506,2.581392,6.387145,18.306316,17.786373,17.911100,27.744274,8064.000000,0.000000,4.000000,,,,0.000000,4.000000,4.000000,4.000000,4.000000,4.000000,4.000000,4.000000,4.000000,4.000000,4.000000,4.000000,4.000000,4.000000,4.000000,4.000000,4.000000,4.000000,4.000000,2.000000,4.000000,4.000000,4.000000,4.000000,4.000000,4.000000,4.000000,4.000000,4.000000,4.000000,4.000000,4.000000,4.000000,83.333336
1614076752.803688,97.000000,0.000000,-1.283323,15.195665,1.531916,6.868751,-6.160069,-3.478180,-2.247602,1.426777,-2.565245,3.156306,-6.014885,6.495694,5.680707,4.725786,-0.820429,0.113686,-2.751761,0.696119,7.961451,-50.484371,-10.699681,-9.194200,3.349966,7.444578,7.473059,17.588902,3.604452,7.919219,18.288010,17.768587,17.380369,27.716530,8064.000000,0.000000,4.000000,,,,0.000000,4.000000,4.000000,4.000000,4.000000,4.000000,4.000000,4.000000,4.000000,4.000000,4.000000,4.000000,4.000000,4.000000,4.000000,4.000000,4.000000,4.000000,4.000000,2.000000,4.000000,4.000000,4.000000,4.000000,4.000000,4.000000,4.000000,4.000000,4.000000,4.000000,4.000000,4.000000,4.000000,83.333336
1614076752.811337,98.000000,0.000000,0.769242,14.154829,-0.008077,6.861882,-2.051344,-2.961881,-3.270996,0.912530,-3.588321,3.153150,-3.957589,6.489198,8.239129,4.721060,1.231673,-10.142838,-2.236189,12.490295,11.543233,-48.895424,-14.278726,-0.979877,6.936359,7.949954,7.465586,17.571312,6.164950,7.398479,18.269722,17.750818,17.362988,27.175991,8064.000000,0.000000,4.000000,,,,0.000000,4.000000,4.000000,4.000000,4.000000,4.000000,4.000000,4.000000,4.000000,4.000000,4.000000,4.000000,4.000000,4.000000,4.000000,4.000000,4.000000,4.000000,4.000000,2.000000,4.000000,4.000000,4.000000,4.000000,4.000000,4.000000,4.000000,4.000000,4.000000,4.000000,4.000000,4.000000,4.000000,83.333336
1614076752.819086,99.000000,0.000000,2.819755,14.653494,-2.059351,4.290918,-2.049293,-3.984560,-3.267725,0.911617,-3.071913,3.149997,-3.440811,6.482709,6.692429,3.690698,2.768903,4.739100,-2.233953,32.477806,12.044510,-50.384991,-17.854191,16.969820,12.057629,6.916363,7.458121,17.553741,7.184426,7.391080,18.251451,17.733067,17.858446,27.661636,8064.000000,0.000000,4.000000,,,,0.000000,4.000000,4.000000,4.000000,4.000000,4.000000,4.000000,4.000000,4.000000,4.000000,4.000000,4.000000,4.000000,4.000000,4.000000,4.000000,4.000000,4.000000,4.000000,2.000000,4.000000,4.000000,4.000000,4.000000,4.000000,4.000000,4.000000,4.000000,4.000000,4.000000,4.000000,4.000000,4.000000,83.333336
1614076752.826735,100.000000,0.000000,2.816935,14.126020,-3.082933,-0.328758,-7.688269,-6.031858,-2.751636,1.423526,-3.068841,1.095565,-3.437370,4.424944,3.608813,-2.466839,-2.362071,15.503592,-2.231719,12.445327,-4.377791,-59.565372,-17.836336,10.799005,4.866083,7.422267,7.450663,17.536186,6.664421,7.383689,16.181919,17.715334,15.789305,27.633974,8064.000000,0.000000,4.000000,,,,0.000000,4.000000,4.000000,4.000000,4.000000,4.000000,4.000000,4.000000,4.000000,4.000000,4.000000,4.000000,4.000000,4.000000,4.000000,4.000000,4.000000,4.000000,4.000000,2.000000,4.000000,4.000000,4.000000,4.000000,4.000000,4.000000,4.000000,4.000000,4.000000,4.000000,4.000000,4.000000,4.000000,83.333336
1614076752.834484,101.000000,0.000000,2.301298,10.009330,-2.567029,-0.841249,-8.193401,-7.564288,-2.748885,-0.629179,-5.629874,-0.956813,-3.433933,2.369237,-3.574283,-7.592577,-13.128940,-6.563194,-2.742308,-19.874811,-22.322132,-69.249397,-22.946705,-11.263077,-3.856731,7.927665,7.443212,17.518650,6.657757,7.376306,14.114454,17.697618,13.722234,26.580700,8064.000000,0.000000,4.000000,,,,0.000000,4.000000,4.000000,4.000000,4.000000,4.000000,4.000000,4.000000,4.000000,4.000000,4.000000,4.000000,4.000000,4.000000,4.000000,4.000000,4.000000,4.000000,4.000000,2.000000,4.000000,4.000000,4.000000,4.000000,4.000000,4.000000,4.000000,4.000000,4.000000,4.000000,4.000000,4.000000,4.000000,83.333336
1614076752.842134,102.000000,0.000000,3.324638,6.922398,-2.564462,-0.327588,-6.646747,-7.043903,-2.746136,-3.192653,-7.162706,-0.443036,-3.430499,2.879689,-4.083529,-7.584984,-13.115810,-16.813042,-2.739565,-2.931859,-5.889553,-68.667328,-24.462219,-13.303096,-1.288772,3.817174,7.435769,17.501131,6.651099,7.368929,14.613161,17.679920,13.708511,24.502836,8064.000000,0.000000,4.000000,,,,0.000000,4.000000,4.000000,4.000000,4.000000,4.000000,4.000000,4.000000,4.000000,4.000000,4.000000,4.000000,4.000000,4.000000,4.000000,4.000000,4.000000,4.000000,4.000000,2.000000,4.000000,4.000000,4.000000,4.000000,4.000000,4.000000,4.000000,4.000000,4.000000,4.000000,4.000000,4.000000,4.000000,83.333336
1614076752.849883,103.000000,0.000000,2.808492,5.889834,-2.561898,-0.327260,-7.665741,-7.036859,-2.743390,-3.189460,-6.642723,-0.442593,-3.427068,2.876809,-2.028163,-7.064579,-9.000131,-8.078279,-2.224005,16.045431,18.218901,-66.547379,-19.309553,-4.059023,0.763799,-0.289208,7.428333,17.996450,6.644448,7.361561,15.111368,17.662241,12.156342,23.452694,8064.000000,0.000000,4.000000,,,,0.000000,4.000000,4.000000,4.000000,4.000000,4.000000,4.000000,4.000000,4.000000,4.000000,4.000000,4.000000,4.000000,4.000000,4.000000,4.000000,4.000000,4.000000,4.000000,2.000000,4.000000,4.000000,4.000000,4.000000,4.000000,4.000000,4.000000,4.000000,4.000000,4.000000,4.000000,4.000000,4.000000,83.333336
1614076752.857532,104.000000,0.000000,2.292863,3.832662,-2.559336,-0.839753,-7.145255,-7.029822,-2.740646,-2.673450,-6.636080,-0.954970,-3.936461,1.848291,-5.103058,-8.083156,-7.452669,-2.941996,-2.734602,-2.944973,8.969913,-65.968010,-17.238960,-3.029323,0.250214,0.736723,7.420905,17.465635,6.637804,7.354199,14.583436,18.157400,10.092903,23.942060,8064.000000,0.000000,4.000000,,,,0.000000,4.000000,4.000000,4.000000,4.000000,4.000000,4.000000,4.000000,4.000000,4.000000,4.000000,4.000000,4.000000,4.000000,4.000000,4.000000,4.000000,4.000000,4.000000,2.000000,4.000000,4.000000,4.000000,4.000000,4.000000,4.000000,4.000000,4.000000,4.000000,4.000000,4.000000,4.000000,4.000000,83.333336
1614076752.865281,105.000000,0.000000,5.880314,3.316009,-2.556777,-0.326093,-7.650930,-7.022792,-2.737906,-3.696418,-6.629444,-0.441195,-2.906884,4.410545,0.543070,-7.049431,-0.778550,7.317357,-2.731867,-2.429207,-5.398031,-53.594349,-16.708902,-2.000653,8.967913,3.300088,7.926304,17.448168,6.631166,7.346845,14.568852,17.626421,10.082810,24.943760,8064.000000,0.000000,4.000000,,,,0.000000,4.000000,4.000000,4.000000,4.000000,4.000000,4.000000,4.000000,4.000000,4.000000,4.000000,4.000000,4.000000,4.000000,4.000000,4.000000,4.000000,4.000000,4.000000,2.000000,4.000000,4.000000,4.000000,4.000000,4.000000,4.000000,4.000000,4.000000,4.000000,4.000000,4.000000,4.000000,4.000000,83.333336
1614076752.872930,106.000000,0.000000,9.976998,1.774232,-2.554220,-0.325767,-7.130458,-7.015769,-2.735168,0.409843,-6.622815,-0.440754,-0.339875,9.021520,11.824578,-7.042382,6.914536,13.463885,2.399070,18.598864,2.812495,-36.104858,-7.974244,-0.973011,19.215355,4.322429,7.405558,18.456362,6.624535,7.339498,15.067104,17.608795,8.021445,22.867535,8064.000000,0.000000,4.000000,,,,0.000000,4.000000,4.000000,4.000000,4.000000,4.000000,4.000000,4.000000,4.000000,4.000000,4.000000,4.000000,4.000000,4.000000,4.000000,4.000000,4.000000,4.000000,4.000000,2.000000,4.000000,4.000000,4.000000,4.000000,4.000000,4.000000,4.000000,4.000000,4.000000,4.000000,4.000000,4.000000,4.000000,83.333336
1614076752.880679,107.000000,0.000000,10.479841,-2.330107,-2.551666,-0.325441,-3.020764,-7.008754,-2.732433,7.076099,-6.616192,0.585328,0.686106,10.550960,11.812754,-4.471237,7.420443,10.886319,9.063337,17.554623,13.066092,-28.889267,-1.812423,-0.972038,18.170498,6.369389,7.398152,15.360982,7.130731,7.844979,11.975114,18.616827,3.398039,17.716461,8064.000000,0.000000,4.000000,,,,0.000000,4.000000,4.000000,4.000000,4.000000,4.000000,4.000000,4.000000,4.000000,4.000000,4.000000,4.000000,4.000000,4.000000,4.000000,4.000000,4.000000,4.000000,4.000000,2.000000,4.000000,4.000000,4.000000,4.000000,4.000000,4.000000,4.000000,4.000000,4.000000,4.000000,4.000000,4.000000,4.000000,83.333336
1614076752.888328,108.000000,0.000000,9.956541,-4.379059,-2.549114,-0.325116,0.572000,-7.001745,-2.729700,9.120305,-6.609575,1.610384,0.172600,10.027588,11.800941,2.199901,7.413022,13.952355,9.054274,10.357581,11.001744,-29.886019,-3.349072,7.234062,15.588225,7.901481,7.903574,9.704596,5.585138,6.298673,5.809293,13.982825,0.317718,16.160284,8064.000000,0.000000,4.000000,,,,0.000000,4.000000,4.000000,4.000000,4.000000,4.000000,4.000000,4.000000,4.000000,4.000000,4.000000,4.000000,4.000000,4.000000,4.000000,4.000000,4.000000,4.000000,4.000000,2.000000,4.000000,4.000000,4.000000,4.000000,4.000000,4.000000,4.000000,4.000000,4.000000,4.000000,4.000000,4.000000,4.000000,83.333336
1614076752.896077,109.000000,0.000000,8.920943,-4.374680,-2.033744,-0.324791,0.571428,-6.994743,-2.726970,8.085545,-6.602966,3.147235,0.172427,10.530381,16.404526,7.325906,5.867147,5.733275,8.532399,2.654916,5.862537,-38.061260,-14.627775,3.124264,14.546996,7.380759,6.870029,6.105147,3.528271,4.241092,3.239381,5.763715,-0.708241,17.169764,8064.000000,0.000000,4.000000,,,,0.000000,4.000000,4.000000,4.000000,4.000000,4.000000,4.000000,4.000000,4.000000,4.000000,4.000000,4.000000,4.000000,4.000000,4.000000,4.000000,4.000000,4.000000,4.000000,2.000000,4.000000,4.000000,4.000000,4.000000,4.000000,4.000000,4.000000,4.000000,4.000000,4.000000,4.000000,4.000000,4.000000,83.333336
1614076752.903727,110.000000,0.000000,6.860741,-3.857484,-2.544531,-0.324466,0.570857,-6.987748,-2.724243,8.077458,-6.596363,4.682549,0.172255,8.981389,9.208633,4.754478,2.784358,-5.554510,9.036687,-6.578508,-1.322812,-53.920635,-33.587505,-18.930141,10.942706,7.373378,2.760596,5.073401,2.499102,3.211210,3.748962,2.168207,-1.220353,13.050031,8064.000000,0.000000,4.000000,,,,0.000000,4.000000,4.000000,4.000000,4.000000,4.000000,4.000000,4.000000,4.000000,4.000000,4.000000,4.000000,4.000000,4.000000,4.000000,4.000000,4.000000,4.000000,4.000000,2.000000,4.000000,4.000000,4.000000,4.000000,4.000000,4.000000,4.000000,4.000000,4.000000,4.000000,4.000000,4.000000,4.000000,83.333336
1614076752.911576,111.000000,0.000000,5.828239,-2.315165,-2.541986,-0.324141,0.057466,-6.980761,-2.721519,8.069381,-6.589767,-0.450338,-5.468943,6.408305,-0.544165,-1.916943,4.320035,11.374122,8.002009,4.197301,-4.911233,-62.071842,-42.271866,-18.398392,7.342020,7.366005,-0.319088,3.017046,3.009423,3.720819,3.745213,3.191680,-1.219133,8.934416,8064.000000,0.000000,4.000000,,,,0.000000,4.000000,4.000000,4.000000,4.000000,4.000000,4.000000,4.000000,4.000000,4.000000,4.000000,4.000000,4.000000,4.000000,4.000000,4.000000,4.000000,4.000000,4.000000,2.000000,4.000000,4.000000,4.000000,4.000000,4.000000,4.000000,4.000000,4.000000,4.000000,4.000000,4.000000,4.000000,4.000000,83.333336
1614076752.919325,112.000000,0.000000,6.335231,-0.261568,-2.026624,-0.323817,-4.557976,-6.973780,-2.718798,4.984389,-6.583177,-11.731939,-11.617320,5.889076,-2.082083,-12.684258,0.213150,12.388389,5.429905,8.295669,-4.393501,-60.471310,-32.998825,1.620007,6.821857,7.358639,-0.318769,2.501208,3.006414,3.717098,3.228648,2.675668,-0.705093,8.925482,8064.000000,0.000000,4.000000,,,,0.000000,4.000000,4.000000,4.000000,4.000000,4.000000,4.000000,4.000000,4.000000,4.000000,4.000000,4.000000,4.000000,4.000000,4.000000,4.000000,4.000000,4.000000,4.000000,2.000000,4.000000,4.000000,4.000000,4.000000,4.000000,4.000000,4.000000,4.000000,4.000000,4.000000,4.000000,4.000000,4.000000,83.333336
1614076752.927174,113.000000,0.000000,6.328896,-0.261307,-3.563059,-0.323493,-8.143162,-6.966806,-2.716079,2.415302,-6.576593,-16.335592,-10.067242,6.396008,-6.182565,-19.851061,-9.530652,-19.931692,4.398834,-10.174166,-4.389108,-60.923660,-24.760698,0.079925,4.763753,7.351280,0.194370,2.498707,3.003407,3.713381,3.738240,2.672992,-0.704388,9.429377,8064.000000,0.000000,4.000000,,,,0.000000,4.000000,4.000000,4.000000,4.000000,4.000000,4.000000,4.000000,4.000000,4.000000,4.000000,4.000000,4.000000,4.000000,4.000000,4.000000,4.000000,4.000000,4.000000,2.000000,4.000000,4.000000,4.000000,4.000000,4.000000,4.000000,4.000000,4.000000,4.000000,4.000000,4.000000,4.000000,4.000000,83.333336
1614076752.934923,114.000000,0.000000,6.322567,-0.261045,-7.662060,-0.323170,-7.109378,-6.959839,-2.713363,1.900066,-6.570017,-11.191051,-4.928969,6.389612,-7.714844,-11.113260,-5.418558,-25.039965,4.907256,-11.189632,-4.897539,-61.375557,-25.248758,-8.125283,3.733348,7.343929,-0.318645,2.496208,3.000404,3.709668,3.221681,3.183140,-0.703683,8.907127,8064.000000,0.000000,4.000000,,,,0.000000,4.000000,4.000000,4.000000,4.000000,4.000000,4.000000,4.000000,4.000000,4.000000,4.000000,4.000000,4.000000,4.000000,4.000000,4.000000,4.000000,4.000000,4.000000,2.000000,4.000000,4.000000,4.000000,4.000000,4.000000,4.000000,4.000000,4.000000,4.000000,4.000000,4.000000,4.000000,4.000000,83.333336
1614076752.942772,115.000000,0.000000,6.316245,-0.260784,-10.218500,-0.322847,-7.102268,-6.952879,-2.710649,3.436627,-6.563447,-5.026014,-3.385579,6.383222,2.036461,4.282468,4.330451,-2.450823,4.902349,-1.434853,-1.815719,-57.724438,-25.223511,-4.527414,4.242435,7.336585,0.194494,3.519353,2.997404,3.705958,3.731280,0.103034,-0.702980,8.898220,8064.000000,0.000000,4.000000,,,,0.000000,4.000000,4.000000,4.000000,4.000000,4.000000,4.000000,4.000000,4.000000,4.000000,4.000000,4.000000,4.000000,4.000000,4.000000,4.000000,4.000000,4.000000,4.000000,2.000000,4.000000,4.000000,4.000000,4.000000,4.000000,4.000000,4.000000,4.000000,4.000000,4.000000,4.000000,4.000000,4.000000,83.333336
1614076752.950521,116.000000,0.000000,6.309928,-0.260523,-9.695461,-0.322524,-7.607987,-6.945927,-2.707939,4.458832,-6.556883,-1.431245,-2.869373,6.376839,3.572886,8.893571,4.326120,6.269577,4.897446,-2.459059,2.801482,-56.128250,-24.172646,-10.676733,4.238193,7.329248,-0.318521,1.464552,3.507227,3.702252,4.240369,-5.025275,-0.702277,9.402143,8064.000000,0.000000,4.000000,,,,0.000000,4.000000,4.000000,4.000000,4.000000,4.000000,4.000000,4.000000,4.000000,4.000000,4.000000,4.000000,4.000000,4.000000,4.000000,4.000000,4.000000,4.000000,4.000000,2.000000,4.000000,4.000000,4.000000,4.000000,4.000000,4.000000,4.000000,4.000000,4.000000,4.000000,4.000000,4.000000,4.000000,83.333336
1614076752.958370,117.000000,0.000000,6.303618,-0.260263,-9.685766,-0.322201,-7.600379,-6.938981,-2.705231,4.454373,-6.550327,0.108648,-0.302401,6.370462,-3.610174,7.859036,3.296153,5.750486,4.892549,4.210066,3.311501,-56.584942,-24.661293,-16.819902,4.233955,7.321919,0.194619,-1.613836,1.452437,3.698550,2.697667,-5.020249,-0.701575,9.392740,8064.000000,0.000000,4.000000,,,,0.000000,4.000000,4.000000,4.000000,4.000000,4.000000,4.000000,4.000000,4.000000,4.000000,4.000000,4.000000,4.000000,4.000000,4.000000,4.000000,4.000000,4.000000,4.000000,2.000000,4.000000,4.000000,4.000000,4.000000,4.000000,4.000000,4.000000,4.000000,4.000000,4.000000,4.000000,4.000000,4.000000,83.333336
1614076752.966119,118.000000,0.000000,6.297315,1.791279,-10.188901,-0.321879,-7.592778,-6.932042,-2.702526,4.449919,-6.543777,0.108540,1.236363,6.364092,-5.657846,7.851177,0.728754,-7.588597,4.887656,-5.024913,-5.409760,-56.528358,-23.098171,-5.008211,3.204080,5.263315,2.245706,3.003162,-0.600297,3.694851,4.746251,2.164258,-0.700873,9.383348,8064.000000,0.000000,4.000000,,,,0.000000,4.000000,4.000000,4.000000,4.000000,4.000000,4.000000,4.000000,4.000000,4.000000,4.000000,4.000000,4.000000,4.000000,4.000000,4.000000,4.000000,4.000000,4.000000,2.000000,4.000000,4.000000,4.000000,4.000000,4.000000,4.000000,4.000000,4.000000,4.000000,4.000000,4.000000,4.000000,4.000000,83.333336
1614076752.973968,119.000000,0.000000,6.291018,3.840770,-9.153070,-0.321557,-7.072365,-6.925109,-2.699823,4.445469,-6.537232,0.108431,0.209486,6.357728,-5.652188,1.176659,-7.477103,-20.401522,4.882769,-25.532709,-8.481273,-56.471828,-21.023790,-0.900638,1.149594,3.719590,4.294742,10.179646,-0.599697,3.691156,9.869710,7.290299,-0.700172,9.373964,8064.000000,0.000000,4.000000,,,,0.000000,4.000000,4.000000,4.000000,4.000000,4.000000,4.000000,4.000000,4.000000,4.000000,4.000000,4.000000,4.000000,4.000000,4.000000,4.000000,4.000000,4.000000,4.000000,2.000000,4.000000,4.000000,4.000000,4.000000,4.000000,4.000000,4.000000,4.000000,4.000000,4.000000,4.000000,4.000000,4.000000,83.333336
1614076752.981717,120.000000,0.000000,6.284726,3.324109,-10.169559,-0.321236,-7.065293,-6.918184,-2.697123,4.441023,-6.017875,0.108323,0.209276,6.351370,-3.082433,-2.927082,1.248323,4.234265,4.877886,-2.943074,7.937465,-56.415359,-21.002766,-10.643328,0.122803,3.715871,3.777627,10.682287,-0.599097,3.687465,10.372661,5.744547,-0.699472,9.364590,8064.000000,0.000000,4.000000,,,,0.000000,4.000000,4.000000,4.000000,4.000000,4.000000,4.000000,4.000000,4.000000,4.000000,4.000000,4.000000,4.000000,4.000000,4.000000,4.000000,4.000000,4.000000,4.000000,2.000000,4.000000,4.000000,4.000000,4.000000,4.000000,4.000000,4.000000,4.000000,4.000000,4.000000,4.000000,4.000000,4.000000,83.333336
1614076752.989566,121.000000,0.000000,6.278441,3.320785,-14.774774,-0.320914,-7.571048,-6.911266,-2.694426,4.436582,-7.550319,-2.455888,0.209067,6.345018,2.561675,-0.360052,14.580408,25.255671,4.873008,22.188074,15.621835,-56.358944,-21.494585,-8.581402,0.635501,3.712155,3.261029,7.081861,-1.111319,3.683778,7.798186,3.174700,-0.698772,8.842404,8064.000000,0.000000,4.000000,,,,0.000000,4.000000,4.000000,4.000000,4.000000,4.000000,4.000000,4.000000,4.000000,4.000000,4.000000,4.000000,4.000000,4.000000,4.000000,4.000000,4.000000,4.000000,4.000000,2.000000,4.000000,4.000000,4.000000,4.000000,4.000000,4.000000,4.000000,4.000000,4.000000,4.000000,4.000000,4.000000,4.000000,83.333336
1614076752.997315,122.000000,0.000000,6.272163,3.317464,-16.298460,-0.320593,-4.486554,-6.904355,-2.691732,4.432146,-6.004307,-3.991894,0.208858,6.338674,-2.569092,-2.923795,4.822238,1.640672,4.868135,1.653066,0.221598,-56.302582,-20.447449,0.145128,0.634865,3.708443,3.770588,6.561959,-0.597387,3.680094,7.277567,3.171525,-0.698074,9.346383,8064.000000,0.000000,4.000000,,,,0.000000,4.000000,4.000000,4.000000,4.000000,4.000000,4.000000,4.000000,4.000000,4.000000,4.000000,4.000000,4.000000,4.000000,4.000000,4.000000,4.000000,4.000000,4.000000,2.000000,4.000000,4.000000,4.000000,4.000000,4.000000,4.000000,4.000000,4.000000,4.000000,4.000000,4.000000,4.000000,4.000000,83.333336
1614076753.005164,123.000000,0.000000,6.265891,3.314147,-13.205239,-0.320273,-0.379503,-6.897451,-2.689040,4.427713,-2.921379,-3.987902,0.208649,6.332335,-8.207548,-6.510614,-3.387712,-0.412251,4.863267,-2.451151,-6.958111,-56.246281,-22.478283,-0.880658,0.634231,4.217555,3.766818,7.068218,-2.648071,3.676414,5.731828,3.168354,-0.697376,9.337036,8064.000000,0.000000,4.000000,,,,0.000000,4.000000,4.000000,4.000000,4.000000,4.000000,4.000000,4.000000,4.000000,4.000000,4.000000,4.000000,4.000000,4.000000,4.000000,4.000000,4.000000,4.000000,4.000000,2.000000,4.000000,4.000000,4.000000,4.000000,4.000000,4.000000,4.000000,4.000000,4.000000,4.000000,4.000000,4.000000,4.000000,83.333336
1614076753.012913,124.000000,0.000000,6.259625,3.310833,-13.192034,-0.832773,0.133697,-6.890553,-2.686351,3.910465,-6.508202,-4.496735,-0.304380,6.326003,3.082710,-0.350258,7.384906,24.716368,5.371224,17.038479,1.766796,-55.677216,-24.507088,-4.982341,0.633596,1.136414,3.250231,6.548329,-5.209526,3.672737,3.161994,2.652365,-0.696678,8.814879,8064.000000,0.000000,4.000000,,,,0.000000,4.000000,4.000000,4.000000,4.000000,4.000000,4.000000,4.000000,4.000000,4.000000,4.000000,4.000000,4.000000,4.000000,4.000000,4.000000,4.000000,4.000000,4.000000,2.000000,4.000000,4.000000,4.000000,4.000000,4.000000,4.000000,4.000000,4.000000,4.000000,4.000000,4.000000,4.000000,4.000000,83.333336
1614076753.020762,125.000000,0.000000,6.253366,3.307522,-13.691663,-0.831940,0.133563,-6.883663,-2.683665,4.419375,-9.578616,-3.466597,0.721565,6.319676,9.746294,5.291118,7.890342,2.640368,4.853032,5.739390,3.816311,-53.570255,-19.354374,-3.951718,0.632963,-3.480107,4.272621,6.541780,-2.127393,3.669065,4.697293,3.162533,-0.695982,9.831705,8064.000000,0.000000,4.000000,,,,0.000000,4.000000,4.000000,4.000000,4.000000,4.000000,4.000000,4.000000,4.000000,4.000000,4.000000,4.000000,4.000000,4.000000,4.000000,4.000000,4.000000,4.000000,4.000000,2.000000,4.000000,4.000000,4.000000,4.000000,4.000000,4.000000,4.000000,4.000000,4.000000,4.000000,4.000000,4.000000,4.000000,83.333336
1614076753.028511,126.000000,0.000000,6.247112,3.304214,-9.062586,1.732994,1.159071,-6.876779,-2.680981,6.979058,-5.466474,1.152254,3.284946,6.313357,1.018599,3.747365,-3.912421,-28.131502,4.335359,-1.958657,3.299675,-52.491043,-13.693995,-3.947766,0.632330,-3.989447,6.832451,6.535239,2.490119,3.665396,7.256698,2.646550,-0.695286,12.385976,8064.000000,0.000000,4.000000,,,,0.000000,4.000000,4.000000,4.000000,4.000000,4.000000,4.000000,4.000000,4.000000,4.000000,4.000000,4.000000,4.000000,4.000000,4.000000,4.000000,4.000000,4.000000,4.000000,2.000000,4.000000,4.000000,4.000000,4.000000,4.000000,4.000000,4.000000,4.000000,4.000000,4.000000,4.000000,4.000000,4.000000,83.333336
1614076753.036360,127.000000,0.000000,6.240865,3.300910,-5.463780,3.269723,-1.406191,-7.382723,-2.678300,7.997720,-2.384084,3.715205,3.794482,6.307044,-2.572163,3.230798,-6.472610,-4.513628,4.843844,13.427917,-0.293369,-53.464195,-13.167480,-4.456639,0.118877,-3.472637,7.338439,6.015883,3.513270,3.661730,7.249442,1.618262,-0.694590,13.399231,8064.000000,0.000000,4.000000,,,,0.000000,4.000000,4.000000,4.000000,4.000000,4.000000,4.000000,4.000000,4.000000,4.000000,4.000000,4.000000,4.000000,4.000000,4.000000,4.000000,4.000000,4.000000,4.000000,2.000000,4.000000,4.000000,4.000000,4.000000,4.000000,4.000000,4.000000,4.000000,4.000000,4.000000,4.000000,4.000000,4.000000,83.333336
1614076753.044109,0.000000,0.000000,6.234624,3.297609,-5.458316,3.266453,0.646497,-6.862520,-3.188442,7.989723,-2.894521,3.198669,3.277867,6.300736,-3.595232,3.227567,-5.440497,9.849860,3.300539,6.747822,-14.139229,-54.436371,-14.179954,-3.939362,0.118758,-3.981985,6.818280,6.009867,2.484115,3.658069,7.242192,7.257670,-0.693896,12.873012,0.000000,192.000000,4.000000,,,,0.000000,4.000000,4.000000,4.000000,4.000000,4.000000,4.000000,4.000000,4.000000,4.000000,4.000000,4.000000,4.000000,4.000000,4.000000,4.000000,4.000000,4.000000,4.000000,2.000000,4.000000,4.000000,4.000000,4.000000,4.000000,4.000000,4.000000,4.000000,4.000000,4.000000,4.000000,4.000000,4.000000,83.333336
1614076753.051758,1.000000,0.000000,6.228389,3.294311,-4.427217,5.314468,11.415082,-4.291554,-2.672433,9.520195,1.723759,3.195470,3.787410,6.294436,-8.207021,3.737160,-6.973518,-15.288195,-2.343788,-15.823029,-20.278936,-61.561420,-15.191415,-4.448243,0.631460,-5.003644,9.375565,6.516678,2.994452,3.654410,7.234950,13.917079,-0.693202,12.860138,0.000000,200.000000,4.000000,,,,0.000000,4.000000,4.000000,4.000000,4.000000,4.000000,4.000000,4.000000,4.000000,4.000000,4.000000,4.000000,4.000000,4.000000,4.000000,4.000000,4.000000,4.000000,4.000000,2.000000,4.000000,4.000000,4.000000,4.000000,4.000000,4.000000,4.000000,4.000000,4.000000,4.000000,4.000000,4.000000,4.000000,83.333336
1614076753.059507,2.000000,0.000000,6.222161,2.778197,-1.858687,7.360436,13.454948,-0.184699,-0.105658,11.561956,4.286138,3.192275,3.270802,6.288141,-7.173173,5.271884,-9.530647,-14.247266,-7.982470,-18.371307,-12.053529,-68.679344,-17.740326,-4.443795,0.118008,-3.460179,10.904651,5.484520,3.504278,3.137936,7.227715,13.390341,-1.205329,12.847279,0.000000,201.000000,4.000000,,,,0.000000,4.000000,4.000000,4.000000,4.000000,4.000000,4.000000,4.000000,4.000000,4.000000,4.000000,4.000000,4.000000,4.000000,4.000000,4.000000,4.000000,4.000000,4.000000,2.000000,4.000000,4.000000,4.000000,4.000000,4.000000,4.000000,4.000000,4.000000,4.000000,4.000000,4.000000,4.000000,4.000000,83.333336
1614076753.067157,3.000000,0.000000,6.215939,3.288239,-1.856828,6.840255,4.210724,0.328306,1.432909,11.550394,1.204928,3.189082,4.805993,5.769032,-3.576256,2.189689,-10.033937,13.972110,-4.384744,-2.455500,-4.349168,-59.379898,-17.209764,0.688854,0.630710,-3.969539,10.893746,7.017497,2.475132,4.160439,9.271770,15.428233,-0.691303,12.834431,0.000000,172.000000,4.000000,,,,0.000000,4.000000,4.000000,4.000000,4.000000,4.000000,4.000000,4.000000,4.000000,4.000000,4.000000,4.000000,4.000000,4.000000,4.000000,4.000000,4.000000,4.000000,4.000000,2.000000,4.000000,4.000000,4.000000,4.000000,4.000000,4.000000,4.000000,4.000000,4.000000,4.000000,4.000000,4.000000,4.000000,83.333336
1614076753.074906,4.000000,0.000000,6.209723,5.849053,-2.367792,6.833415,3.693693,0.840799,0.405835,11.538844,0.690903,6.775637,13.006314,7.301725,1.555525,5.264422,0.745328,28.317112,9.978616,21.649519,5.911592,-37.269238,-13.089992,6.842011,6.783926,-4.991211,13.959775,14.189967,2.472657,6.207560,10.800960,24.130753,1.360670,12.821596,0.000000,198.000000,4.000000,,,,0.000000,4.000000,4.000000,4.000000,4.000000,4.000000,4.000000,4.000000,4.000000,4.000000,4.000000,4.000000,4.000000,4.000000,4.000000,4.000000,4.000000,4.000000,4.000000,2.000000,4.000000,4.000000,4.000000,4.000000,4.000000,4.000000,4.000000,4.000000,4.000000,4.000000,4.000000,4.000000,4.000000,83.333336
1614076753.082555,5.000000,0.000000,6.203513,6.868845,-2.365424,6.826581,12.407948,2.891240,1.943891,11.527306,3.767135,10.358605,20.172796,9.345705,13.861662,21.669415,18.180479,33.929821,23.301970,30.858639,16.674911,-28.001198,-8.974338,7.860810,12.418167,2.193268,18.048380,18.278341,6.059928,7.226994,10.790158,24.619444,3.410591,12.808775,0.000000,225.000000,4.000000,,,,0.000000,4.000000,4.000000,4.000000,4.000000,4.000000,4.000000,4.000000,4.000000,4.000000,4.000000,4.000000,4.000000,4.000000,4.000000,4.000000,4.000000,4.000000,4.000000,2.000000,4.000000,4.000000,4.000000,4.000000,4.000000,4.000000,4.000000,4.000000,4.000000,4.000000,4.000000,4.000000,4.000000,83.333336
1614076753.090304,6.000000,0.000000,6.197310,6.861976,-2.363059,6.819755,15.472464,4.426810,7.070152,11.515778,4.789009,10.348247,18.101341,9.849180,16.411903,24.211847,19.700762,25.177942,23.791489,11.853421,12.555672,-34.639862,-6.401260,6.827309,10.867288,15.011587,18.543152,17.747242,10.156432,7.732587,10.779368,15.876875,2.894360,12.795966,0.000000,182.000000,4.000000,,,,0.000000,4.000000,4.000000,4.000000,4.000000,4.000000,4.000000,4.000000,4.000000,4.000000,4.000000,4.000000,4.000000,4.000000,4.000000,4.000000,4.000000,4.000000,4.000000,2.000000,4.000000,4.000000,4.000000,4.000000,4.000000,4.000000,4.000000,4.000000,4.000000,4.000000,4.000000,4.000000,4.000000,83.333336
1614076753.097953,7.000000,0.000000,5.165472,6.855114,-2.360696,6.300115,13.918530,3.396742,8.601543,11.504262,4.271399,9.825078,11.929393,9.326510,6.139081,5.726098,9.937470,-6.642107,15.562570,-2.517406,13.055937,-42.297531,-7.420500,6.307661,7.779498,20.124781,18.011787,16.191032,10.146276,10.288958,10.768589,12.784075,2.378645,12.783170,0.000000,173.000000,4.000000,,,,0.000000,4.000000,4.000000,4.000000,4.000000,4.000000,4.000000,4.000000,4.000000,4.000000,4.000000,4.000000,4.000000,4.000000,4.000000,4.000000,4.000000,4.000000,4.000000,2.000000,4.000000,4.000000,4.000000,4.000000,4.000000,4.000000,4.000000,4.000000,4.000000,4.000000,4.000000,4.000000,4.000000,83.333336
1614076753.105702,8.000000,0.000000,5.160306,6.335439,-2.871156,6.806635,14.417431,3.906166,7.567301,11.492758,3.754308,10.328073,10.379003,9.317183,6.132942,-1.971936,10.440353,-9.199568,11.957263,5.690239,25.350573,-44.819336,-10.490003,6.301353,7.258897,18.053373,15.942494,17.200483,9.623309,11.304309,10.757820,13.796932,2.889087,12.257566,0.000000,217.000000,4.000000,,,,0.000000,4.000000,4.000000,4.000000,4.000000,4.000000,4.000000,4.000000,4.000000,4.000000,4.000000,4.000000,4.000000,4.000000,4.000000,4.000000,4.000000,4.000000,4.000000,2.000000,4.000000,4.000000,4.000000,4.000000,4.000000,4.000000,4.000000,4.000000,4.000000,4.000000,4.000000,4.000000,4.000000,83.333336
1614076753.113351,9.000000,0.000000,6.693607,7.354744,-2.355464,6.799829,14.915834,6.466362,8.072554,10.968445,4.263374,10.317745,11.394264,9.820687,13.306295,3.671061,15.045298,21.578863,12.970946,17.992241,23.273941,-44.774517,-9.966692,7.320693,8.277280,17.009680,14.388090,18.208923,10.639327,10.780185,10.747063,13.783135,4.937480,12.758129,0.000000,201.000000,4.000000,,,,0.000000,4.000000,4.000000,4.000000,4.000000,4.000000,4.000000,4.000000,4.000000,4.000000,4.000000,4.000000,4.000000,4.000000,4.000000,4.000000,4.000000,4.000000,4.000000,2.000000,4.000000,4.000000,4.000000,4.000000,4.000000,4.000000,4.000000,4.000000,4.000000,4.000000,4.000000,4.000000,4.000000,83.333336
1614076753.121100,10.000000,0.000000,5.148452,9.398671,-1.840288,6.280208,14.388098,7.485537,8.577302,11.470297,4.259110,9.794607,9.844409,9.298046,11.754528,1.103288,11.953329,20.531643,8.855412,18.487070,8.378872,-44.729744,-9.956725,2.185167,7.243361,14.428567,13.860882,15.113791,10.115867,10.769404,10.223495,12.743711,5.958184,12.745371,0.000000,197.000000,4.000000,,,,0.000000,4.000000,4.000000,4.000000,4.000000,4.000000,4.000000,4.000000,4.000000,4.000000,4.000000,4.000000,4.000000,4.000000,4.000000,4.000000,4.000000,4.000000,4.000000,2.000000,4.000000,4.000000,4.000000,4.000000,4.000000,4.000000,4.000000,4.000000,4.000000,4.000000,4.000000,4.000000,4.000000,83.333336
1614076753.128750,11.000000,0.000000,6.168944,10.414914,-2.864089,7.812389,14.373710,7.478052,7.543084,14.022929,3.229210,11.323274,10.347384,9.801569,11.229953,1.615005,6.300351,3.075213,3.718351,6.673710,3.242288,-46.736294,-11.485230,-6.534967,6.210477,10.824395,13.847021,13.560217,10.105751,10.758635,11.751733,12.730968,6.977867,12.219806,0.000000,196.000000,4.000000,,,,0.000000,4.000000,4.000000,4.000000,4.000000,4.000000,4.000000,4.000000,4.000000,4.000000,4.000000,4.000000,4.000000,4.000000,4.000000,4.000000,4.000000,4.000000,4.000000,2.000000,4.000000,4.000000,4.000000,4.000000,4.000000,4.000000,4.000000,4.000000,4.000000,4.000000,4.000000,4.000000,4.000000,83.333336
1614076753.136499,12.000000,0.000000,17.444826,13.481422,-2.348404,9.855859,14.359336,11.573137,9.074002,15.034547,5.277263,13.876053,18.542166,14.919972,16.346928,15.459543,5.268409,21.533676,10.381299,8.718319,9.905712,-43.099815,-2.755796,3.215158,10.819651,10.300750,17.935738,22.777426,13.685390,10.747876,13.791263,16.307980,11.586273,13.746047,0.000000,208.000000,4.000000,,,,0.000000,4.000000,4.000000,4.000000,4.000000,4.000000,4.000000,4.000000,4.000000,4.000000,4.000000,4.000000,4.000000,4.000000,4.000000,4.000000,4.000000,4.000000,4.000000,2.000000,4.000000,4.000000,4.000000,4.000000,4.000000,4.000000,4.000000,4.000000,4.000000,4.000000,4.000000,4.000000,4.000000,83.333336
1614076753.144148,13.000000,0.000000,28.196613,17.570505,2.269329,10.871644,14.344976,15.151308,11.116210,15.019512,9.887370,14.374997,25.703110,21.571718,18.381863,23.649212,6.288782,44.589066,19.088867,41.530113,21.177858,-27.672100,13.144395,28.340147,20.039600,14.393014,24.584469,32.498238,17.774267,10.737128,14.803113,20.907057,14.651610,18.347685,0.000000,198.000000,4.000000,,,,0.000000,4.000000,4.000000,4.000000,4.000000,4.000000,4.000000,4.000000,4.000000,4.000000,4.000000,4.000000,4.000000,4.000000,4.000000,4.000000,4.000000,4.000000,4.000000,2.000000,4.000000,4.000000,4.000000,4.000000,4.000000,4.000000,4.000000,4.000000,4.000000,4.000000,4.000000,4.000000,4.000000,83.333336
1614076753.151897,14.000000,0.000000,25.604313,18.065754,4.318342,10.347952,14.330632,15.136157,12.130735,15.517314,11.928765,13.847802,26.190228,24.627069,17.337841,23.112743,6.282493,40.441914,19.582598,54.821918,25.259243,-17.900837,17.233814,28.824629,23.609304,20.019646,25.072704,26.824715,16.730852,10.726391,14.275489,21.398970,14.124138,21.406261,0.000000,196.000000,4.000000,,,,0.000000,4.000000,4.000000,4.000000,4.000000,4.000000,4.000000,4.000000,4.000000,4.000000,4.000000,4.000000,4.000000,4.000000,4.000000,4.000000,4.000000,4.000000,4.000000,2.000000,4.000000,4.000000,4.000000,4.000000,4.000000,4.000000,4.000000,4.000000,4.000000,4.000000,4.000000,4.000000,4.000000,83.333336
1614076753.159546,15.000000,0.000000,20.450504,17.534868,1.749921,10.337605,14.316301,14.608200,11.605783,14.476155,11.404016,13.833954,25.651217,24.089622,16.807682,22.063990,5.763390,32.196342,18.537374,22.972223,14.464754,-25.575245,8.498632,7.257342,22.047234,22.050909,19.919426,15.003017,13.637198,10.715665,14.261213,20.351931,13.597194,18.820753,0.000000,177.000000,4.000000,,,,0.000000,4.000000,4.000000,4.000000,4.000000,4.000000,4.000000,4.000000,4.000000,4.000000,4.000000,4.000000,4.000000,4.000000,4.000000,4.000000,4.000000,4.000000,4.000000,2.000000,4.000000,4.000000,4.000000,4.000000,4.000000,4.000000,4.000000,4.000000,4.000000,4.000000,4.000000,4.000000,4.000000,83.333336
1614076753.167395,16.000000,0.000000,20.942875,18.542974,1.235350,10.327267,14.814805,15.106413,11.594178,16.512960,11.392612,13.820120,25.112745,24.065533,16.278053,21.016283,5.757627,29.087223,19.031658,5.000533,6.245161,-34.267616,4.387570,4.173162,22.025187,19.977575,17.335405,12.423912,13.623561,10.704949,14.246952,21.870039,14.096416,16.750648,0.000000,177.000000,4.000000,,,,0.000000,4.000000,4.000000,4.000000,4.000000,4.000000,4.000000,4.000000,4.000000,4.000000,4.000000,4.000000,4.000000,4.000000,4.000000,4.000000,4.000000,4.000000,4.000000,2.000000,4.000000,4.000000,4.000000,4.000000,4.000000,4.000000,4.000000,4.000000,4.000000,4.000000,4.000000,4.000000,4.000000,83.333336
1614076753.175144,17.000000,0.000000,19.896290,15.447509,2.259756,10.316939,14.287170,14.578485,11.582583,24.188755,11.894039,14.319120,26.113274,24.554289,18.313057,19.969627,5.751869,30.083776,19.525448,20.892967,12.392762,-33.207710,5.921644,19.553604,23.028803,17.906317,17.830891,13.949949,13.609938,10.694244,14.232705,20.822529,14.082320,16.733898,0.000000,219.000000,4.000000,,,,0.000000,4.000000,4.000000,4.000000,4.000000,4.000000,4.000000,4.000000,4.000000,4.000000,4.000000,4.000000,4.000000,4.000000,4.000000,4.000000,4.000000,4.000000,4.000000,2.000000,4.000000,4.000000,4.000000,4.000000,4.000000,4.000000,4.000000,4.000000,4.000000,4.000000,4.000000,4.000000,4.000000,83.333336
1614076753.182993,18.000000,0.000000,16.799471,10.303856,-1.845068,10.306623,14.785704,14.563907,11.571001,25.190208,11.369325,13.279160,26.087160,24.529734,14.192181,16.359913,6.258937,31.592155,19.505922,24.974640,15.970113,-33.687321,2.325979,22.610973,22.492952,18.401230,18.325880,12.910358,13.596328,10.683550,14.218472,15.673501,12.529777,13.127421,0.000000,196.000000,4.000000,,,,0.000000,4.000000,4.000000,4.000000,4.000000,4.000000,4.000000,4.000000,4.000000,4.000000,4.000000,4.000000,4.000000,4.000000,4.000000,4.000000,4.000000,4.000000,4.000000,2.000000,4.000000,4.000000,4.000000,4.000000,4.000000,4.000000,4.000000,4.000000,4.000000,4.000000,4.000000,4.000000,4.000000,83.333336
1614076753.190742,19.000000,0.000000,16.269852,9.267911,-5.945787,10.296316,15.283738,14.549343,11.559430,15.421428,11.357956,9.676138,18.368765,23.992384,2.895937,1.471758,7.278320,2.329793,17.435133,13.154793,3.646450,-38.781841,-4.343014,14.896054,21.957640,18.382830,17.794733,12.384627,13.582731,10.672867,14.204254,12.580904,10.465964,6.447627,0.000000,201.000000,4.000000,,,,0.000000,4.000000,4.000000,4.000000,4.000000,4.000000,4.000000,4.000000,4.000000,4.000000,4.000000,4.000000,4.000000,4.000000,4.000000,4.000000,4.000000,4.000000,4.000000,2.000000,4.000000,4.000000,4.000000,4.000000,4.000000,4.000000,4.000000,4.000000,4.000000,4.000000,4.000000,4.000000,4.000000,83.333336
1614076753.198591,20.000000,0.000000,16.766401,10.284285,-6.452662,10.286019,11.678711,12.483512,11.547871,10.790622,11.346598,6.589539,7.581166,23.968391,0.328939,-9.811765,5.732580,-29.980228,15.366416,6.474971,-7.639247,-41.819981,-7.928415,12.829877,21.935682,16.825985,17.264118,13.397884,13.569149,10.662193,14.190050,13.593965,9.942678,4.902718,0.000000,199.000000,4.000000,,,,0.000000,4.000000,4.000000,4.000000,4.000000,4.000000,4.000000,4.000000,4.000000,4.000000,4.000000,4.000000,4.000000,4.000000,4.000000,4.000000,4.000000,4.000000,4.000000,2.000000,4.000000,4.000000,4.000000,4.000000,4.000000,4.000000,4.000000,4.000000,4.000000,4.000000,4.000000,4.000000,4.000000,83.333336
1614076753.206340,21.000000,0.000000,17.262455,9.761179,-6.446209,10.275733,7.564468,10.419746,11.536323,15.395216,11.335251,4.531667,5.522303,24.457243,10.072200,-2.622466,7.778129,-2.257941,17.915152,10.571060,-0.452121,-41.778160,-6.382025,14.868329,22.939386,13.732236,18.272495,13.384486,13.555580,10.651531,14.175860,14.093191,9.419915,7.974739,0.000000,188.000000,4.000000,,,,0.000000,4.000000,4.000000,4.000000,4.000000,4.000000,4.000000,4.000000,4.000000,4.000000,4.000000,4.000000,4.000000,4.000000,4.000000,4.000000,4.000000,4.000000,4.000000,2.000000,4.000000,4.000000,4.000000,4.000000,4.000000,4.000000,4.000000,4.000000,4.000000,4.000000,4.000000,4.000000,4.000000,83.333336
1614076753.214189,22.000000,0.000000,16.732372,9.751418,-3.875660,10.265458,6.531262,10.922147,11.524787,17.943924,11.836737,2.988674,7.055242,22.894325,14.677512,10.200669,13.924197,30.564831,18.922878,16.714336,5.702177,-39.172279,-4.837181,14.340640,18.301064,14.231324,18.254223,13.371101,13.542024,10.640880,14.161684,13.053456,6.333572,8.992405,0.000000,213.000000,4.000000,,,,0.000000,4.000000,4.000000,4.000000,4.000000,4.000000,4.000000,4.000000,4.000000,4.000000,4.000000,4.000000,4.000000,4.000000,4.000000,4.000000,4.000000,4.000000,4.000000,2.000000,4.000000,4.000000,4.000000,4.000000,4.000000,4.000000,4.000000,4.000000,4.000000,4.000000,4.000000,4.000000,4.000000,83.333336
1614076753.221938,23.000000,0.000000,11.074615,10.254487,0.743600,10.255192,5.499090,10.911224,11.513262,14.849056,10.286438,2.472864,6.535367,16.717585,10.560270,9.164828,9.294888,11.047086,15.314212,6.441211,-9.688141,-42.722851,-14.063113,9.710915,12.128916,15.755554,13.620584,13.357731,13.528482,10.630239,14.147523,14.066044,6.327239,8.470592,0.000000,215.000000,4.000000,,,,0.000000,4.000000,4.000000,4.000000,4.000000,4.000000,4.000000,4.000000,4.000000,4.000000,4.000000,4.000000,4.000000,4.000000,4.000000,4.000000,4.000000,4.000000,4.000000,2.000000,4.000000,4.000000,4.000000,4.000000,4.000000,4.000000,4.000000,4.000000,4.000000,4.000000,4.000000,4.000000,4.000000,83.333336
1614076753.229787,24.000000,0.000000,5.422514,10.244233,-1.821246,9.732117,2.929489,10.387493,11.501748,13.808566,7.712049,2.983212,4.990369,12.598302,5.421505,-0.587927,-5.073381,-4.348577,11.709154,-9.975487,-20.447683,-53.962181,-27.382383,3.547358,10.065505,8.560311,7.965937,13.344373,11.463672,10.619609,14.133375,13.539158,6.833732,8.974941,0.000000,201.000000,4.000000,,,,0.000000,4.000000,4.000000,4.000000,4.000000,4.000000,4.000000,4.000000,4.000000,4.000000,4.000000,4.000000,4.000000,4.000000,4.000000,4.000000,4.000000,4.000000,4.000000,2.000000,4.000000,4.000000,4.000000,4.000000,4.000000,4.000000,4.000000,4.000000,4.000000,4.000000,4.000000,4.000000,4.000000,83.333336
1614076753.237536,25.000000,0.000000,5.417092,10.233989,-5.921989,10.748025,2.926559,10.889926,11.490247,15.333220,7.191516,2.980229,2.934097,12.585704,2.339160,-3.151441,-8.145230,12.066029,10.158983,-8.939870,-5.042620,-58.523602,-29.406282,-1.071575,11.081080,-2.217480,6.419510,11.792567,9.913746,10.608989,14.119242,5.833311,2.724334,9.478787,0.000000,209.000000,4.000000,,,,0.000000,4.000000,4.000000,4.000000,4.000000,4.000000,4.000000,4.000000,4.000000,4.000000,4.000000,4.000000,4.000000,4.000000,4.000000,4.000000,4.000000,4.000000,4.000000,2.000000,4.000000,4.000000,4.000000,4.000000,4.000000,4.000000,4.000000,4.000000,4.000000,4.000000,4.000000,4.000000,4.000000,83.333336
1614076753.245385,26.000000,0.000000,5.924495,10.223755,-2.839144,10.737277,2.410812,10.879036,11.478757,15.317886,8.209966,2.977249,3.443983,12.573118,7.465026,4.544018,5.196248,14.105245,13.738568,0.299839,10.859859,-51.798412,-22.710211,-1.070503,11.070000,-4.779365,6.925911,9.729492,9.903832,10.598380,14.105123,-1.352010,-1.380955,8.956488,0.000000,149.000000,4.000000,,,,0.000000,4.000000,4.000000,4.000000,4.000000,4.000000,4.000000,4.000000,4.000000,4.000000,4.000000,4.000000,4.000000,4.000000,4.000000,4.000000,4.000000,4.000000,4.000000,2.000000,4.000000,4.000000,4.000000,4.000000,4.000000,4.000000,4.000000,4.000000,4.000000,4.000000,4.000000,4.000000,4.000000,83.333336
1614076753.253135,27.000000,0.000000,5.405750,10.213531,-2.836305,7.136796,-0.668522,7.278414,11.980099,14.276927,6.150474,2.974271,9.594385,15.637468,17.201151,9.667679,14.421821,14.603960,21.417137,3.889283,9.310537,-47.131229,-20.636217,3.033132,10.546109,-0.672021,6.918985,9.206943,9.893929,10.587782,14.091018,-1.863478,-1.379574,8.947532,0.000000,205.000000,4.000000,,,,0.000000,4.000000,4.000000,4.000000,4.000000,4.000000,4.000000,4.000000,4.000000,4.000000,4.000000,4.000000,4.000000,4.000000,4.000000,4.000000,4.000000,4.000000,4.000000,2.000000,4.000000,4.000000,4.000000,4.000000,4.000000,4.000000,4.000000,4.000000,4.000000,4.000000,4.000000,4.000000,4.000000,83.333336
1614076753.260984,28.000000,0.000000,5.400345,10.203318,-5.910391,2.514275,-0.667853,3.168571,10.429657,14.775471,4.093041,2.971297,11.636073,16.647472,17.183950,2.478524,8.766374,19.204741,19.857258,4.398214,5.198662,-49.135380,-21.641222,2.517278,9.509922,-0.158529,6.399245,9.710556,9.884035,10.577194,14.076926,-0.835974,-0.865373,9.451405,0.000000,165.000000,4.000000,,,,0.000000,4.000000,4.000000,4.000000,4.000000,4.000000,4.000000,4.000000,4.000000,4.000000,4.000000,4.000000,4.000000,4.000000,4.000000,4.000000,4.000000,4.000000,4.000000,2.000000,4.000000,4.000000,4.000000,4.000000,4.000000,4.000000,4.000000,4.000000,4.000000,4.000000,4.000000,4.000000,4.000000,83.333336
1614076753.268733,29.000000,0.000000,5.907765,10.193114,-1.801917,2.511761,2.409738,3.165402,8.367945,14.760695,3.576128,3.481146,2.393668,9.964157,9.474458,-8.806005,-2.011624,-7.481131,8.042529,-5.862595,6.219105,-53.188808,-23.158043,-7.741650,6.936309,-1.696832,4.854385,9.700846,9.874151,10.566617,14.575670,-1.347958,-0.864508,7.903491,0.000000,200.000000,4.000000,,,,0.000000,4.000000,4.000000,4.000000,4.000000,4.000000,4.000000,4.000000,4.000000,4.000000,4.000000,4.000000,4.000000,4.000000,4.000000,4.000000,4.000000,4.000000,4.000000,2.000000,4.000000,4.000000,4.000000,4.000000,4.000000,4.000000,4.000000,4.000000,4.000000,4.000000,4.000000,4.000000,4.000000,83.333336
1614076753.276382,30.000000,0.000000,5.901857,10.182920,-0.261654,3.534890,3.945790,4.187878,7.846756,12.694653,4.085372,2.452024,-4.788213,5.851629,5.362420,-12.386943,-6.112176,-29.524933,3.419102,-14.574680,7.751347,-57.238186,-24.673347,-12.349293,6.929373,-0.669494,3.311069,8.665504,7.812994,10.556050,13.022633,-4.423533,-1.376464,3.793024,0.000000,196.000000,4.000000,,,,0.000000,4.000000,4.000000,4.000000,4.000000,4.000000,4.000000,4.000000,4.000000,4.000000,4.000000,4.000000,4.000000,4.000000,4.000000,4.000000,4.000000,4.000000,4.000000,2.000000,4.000000,4.000000,4.000000,4.000000,4.000000,4.000000,4.000000,4.000000,4.000000,4.000000,4.000000,4.000000,4.000000,83.333336
1614076753.284131,31.000000,0.000000,5.895955,10.172738,-7.953700,0.967253,1.377741,2.132408,6.813269,10.630676,3.568466,-0.114530,-4.783425,7.897060,5.869878,-10.323275,-4.054782,-14.110792,3.415683,-5.329337,7.743596,-58.206589,-22.597391,-5.670277,7.435264,0.356817,2.282117,6.092735,6.266720,10.545494,8.394225,-9.547315,-3.939190,0.712308,0.000000,192.000000,4.000000,,,,0.000000,4.000000,4.000000,4.000000,4.000000,4.000000,4.000000,4.000000,4.000000,4.000000,4.000000,4.000000,4.000000,4.000000,4.000000,4.000000,4.000000,4.000000,4.000000,2.000000,4.000000,4.000000,4.000000,4.000000,4.000000,4.000000,4.000000,4.000000,4.000000,4.000000,4.000000,4.000000,4.000000,83.333336
1614076753.291780,32.000000,0.000000,5.377239,10.162565,-8.971387,-1.084997,-0.162098,-0.433827,4.755173,11.132866,3.564898,-1.652877,-4.265821,8.914804,6.376828,-12.364233,0.564658,-7.942835,3.925088,1.342659,4.146109,-51.481712,-19.497871,-0.023581,6.915009,-1.182002,4.331117,5.573822,5.747633,10.534948,5.821729,-6.973665,-4.960892,1.224416,8064.000000,0.000000,4.000000,,,,0.000000,4.000000,4.000000,4.000000,4.000000,4.000000,4.000000,4.000000,4.000000,4.000000,4.000000,4.000000,4.000000,4.000000,4.000000,4.000000,4.000000,4.000000,4.000000,2.000000,4.000000,4.000000,4.000000,4.000000,4.000000,4.000000,4.000000,4.000000,4.000000,4.000000,4.000000,4.000000,4.000000,83.333336
1614076753.299529,33.000000,0.000000,6.910323,10.152403,-5.372672,-0.571091,-0.161936,-0.433393,3.724777,10.608912,4.074153,-1.138404,-3.748734,9.931530,7.908913,-10.813407,9.282042,-6.396430,12.639112,2.879778,7.218886,-41.686642,-15.888629,-0.536378,7.420914,-0.155179,8.942170,9.670813,6.254706,10.524414,6.841548,0.212796,-2.391829,1.736012,8064.000000,0.000000,4.000000,,,,0.000000,4.000000,4.000000,4.000000,4.000000,4.000000,4.000000,4.000000,4.000000,4.000000,4.000000,4.000000,4.000000,4.000000,4.000000,4.000000,4.000000,4.000000,4.000000,2.000000,4.000000,4.000000,4.000000,4.000000,4.000000,4.000000,4.000000,4.000000,4.000000,4.000000,4.000000,4.000000,4.000000,83.333336
1614076753.307178,34.000000,0.000000,9.467515,10.142250,-9.469863,-0.570520,-0.161774,-0.432960,4.233873,10.085483,3.557259,-0.624445,-0.155242,14.536983,9.439466,-0.546184,16.965067,16.686890,22.882883,15.697412,17.980898,-36.003929,-6.641972,-1.561482,9.977595,6.511643,10.984510,13.250885,6.248451,10.513889,6.321886,3.289506,-0.338155,0.708635,8064.000000,0.000000,4.000000,,,,0.000000,4.000000,4.000000,4.000000,4.000000,4.000000,4.000000,4.000000,4.000000,4.000000,4.000000,4.000000,4.000000,4.000000,4.000000,4.000000,4.000000,4.000000,4.000000,2.000000,4.000000,4.000000,4.000000,4.000000,4.000000,4.000000,4.000000,4.000000,4.000000,4.000000,4.000000,4.000000,4.000000,83.333336
1614076753.314927,35.000000,0.000000,9.970868,8.080826,-6.383471,-1.082770,-0.161612,0.080294,4.229639,14.690782,4.066522,-1.649462,3.434657,17.599369,8.917206,7.146670,17.973743,22.824049,23.372820,16.194534,11.296250,-35.455105,-1.507124,-0.021459,11.506080,11.120516,10.460705,13.237635,6.242203,10.503375,6.315564,2.260576,-1.876278,1.220747,8064.000000,0.000000,4.000000,,,,0.000000,4.000000,4.000000,4.000000,4.000000,4.000000,4.000000,4.000000,4.000000,4.000000,4.000000,4.000000,4.000000,4.000000,4.000000,4.000000,4.000000,4.000000,4.000000,2.000000,4.000000,4.000000,4.000000,4.000000,4.000000,4.000000,4.000000,4.000000,4.000000,4.000000,4.000000,4.000000,4.000000,83.333336
1614076753.322577,36.000000,0.000000,9.448077,6.534284,8.494708,0.969595,-0.161451,3.157137,4.225410,19.291475,6.113738,1.941931,8.559427,16.556129,9.421109,8.165165,16.417309,14.596096,22.323807,2.845006,-6.663764,-36.445293,-9.197925,2.029844,10.981753,11.109395,10.450244,12.711576,5.210320,10.492872,8.873351,2.771136,-1.361581,5.322090,8064.000000,0.000000,4.000000,,,,0.000000,4.000000,4.000000,4.000000,4.000000,4.000000,4.000000,4.000000,4.000000,4.000000,4.000000,4.000000,4.000000,4.000000,4.000000,4.000000,4.000000,4.000000,4.000000,2.000000,4.000000,4.000000,4.000000,4.000000,4.000000,4.000000,4.000000,4.000000,4.000000,4.000000,4.000000,4.000000,4.000000,83.333336
1614076753.330326,37.000000,0.000000,9.438629,6.014929,13.101598,3.019907,-0.161289,6.743723,4.221184,16.708082,7.646086,10.145118,13.679073,17.052393,11.462970,10.721102,18.964993,26.889193,23.839945,12.585752,0.009566,-34.870384,-11.240009,3.566276,10.970771,10.585465,10.952615,13.211685,6.743570,10.482379,10.915760,2.768364,1.716703,8.906512,8064.000000,0.000000,4.000000,,,,0.000000,4.000000,4.000000,4.000000,4.000000,4.000000,4.000000,4.000000,4.000000,4.000000,4.000000,4.000000,4.000000,4.000000,4.000000,4.000000,4.000000,4.000000,4.000000,2.000000,4.000000,4.000000,4.000000,4.000000,4.000000,4.000000,4.000000,4.000000,4.000000,4.000000,4.000000,4.000000,4.000000,83.333336
1614076753.337975,38.000000,0.000000,9.429191,6.521734,5.909009,3.016887,-0.161128,7.762620,4.729783,14.640092,7.638440,14.750357,14.691035,17.035341,13.502789,14.300124,17.407566,24.298201,18.175079,20.778294,20.522377,-36.373978,-4.049282,3.049889,11.472621,11.087701,10.428842,13.198473,9.300929,10.471897,10.392023,2.765596,2.740628,8.897605,8064.000000,0.000000,4.000000,,,,0.000000,4.000000,4.000000,4.000000,4.000000,4.000000,4.000000,4.000000,4.000000,4.000000,4.000000,4.000000,4.000000,4.000000,4.000000,4.000000,4.000000,4.000000,4.000000,2.000000,4.000000,4.000000,4.000000,4.000000,4.000000,4.000000,4.000000,4.000000,4.000000,4.000000,4.000000,4.000000,4.000000,83.333336
1614076753.345724,39.000000,0.000000,9.419761,6.515213,3.851818,3.013870,-0.160967,7.242037,3.699413,15.651093,7.630801,14.222786,14.676344,16.505486,12.976465,14.798645,6.620928,-2.905585,11.490237,-3.857869,19.476213,-44.029911,-4.558053,3.046839,9.409866,10.563792,10.418412,12.672455,6.727526,10.461425,10.381631,5.839754,3.250708,9.401528,8064.000000,0.000000,4.000000,,,,0.000000,4.000000,4.000000,4.000000,4.000000,4.000000,4.000000,4.000000,4.000000,4.000000,4.000000,4.000000,4.000000,4.000000,4.000000,4.000000,4.000000,4.000000,4.000000,2.000000,4.000000,4.000000,4.000000,4.000000,4.000000,4.000000,4.000000,4.000000,4.000000,4.000000,4.000000,4.000000,4.000000,83.333336
1614076753.353373,40.000000,0.000000,9.410341,6.508698,5.899248,3.010857,-0.160806,7.234795,4.208534,9.994416,7.110350,13.695743,14.661668,17.001801,11.937848,15.296667,2.511743,1.199885,10.453106,-12.571960,9.200327,-51.678188,-10.194521,2.530972,7.349174,10.553228,9.895174,12.659782,2.618234,10.450963,12.422532,8.910837,7.862842,11.956229,8064.000000,0.000000,4.000000,,,,0.000000,4.000000,4.000000,4.000000,4.000000,4.000000,4.000000,4.000000,4.000000,4.000000,4.000000,4.000000,4.000000,4.000000,4.000000,4.000000,4.000000,4.000000,4.000000,2.000000,4.000000,4.000000,4.000000,4.000000,4.000000,4.000000,4.000000,4.000000,4.000000,4.000000,4.000000,4.000000,4.000000,83.333336
1614076753.361122,41.000000,0.000000,9.400931,6.502189,4.867708,3.007846,-0.160645,7.227561,4.717145,1.266473,4.539137,14.194868,10.544441,15.446337,14.490013,11.178806,9.688719,19.660223,11.468293,13.081637,9.191127,-51.626511,-9.671506,3.041262,6.829005,10.542675,9.885279,15.211225,5.179718,10.440513,14.461391,9.927567,10.931902,12.969914,8064.000000,0.000000,4.000000,,,,0.000000,4.000000,4.000000,4.000000,4.000000,4.000000,4.000000,4.000000,4.000000,4.000000,4.000000,4.000000,4.000000,4.000000,4.000000,4.000000,4.000000,4.000000,4.000000,2.000000,4.000000,4.000000,4.000000,4.000000,4.000000,4.000000,4.000000,4.000000,4.000000,4.000000,4.000000,4.000000,4.000000,83.333336
1614076753.368771,42.000000,0.000000,9.391530,6.495687,4.350020,3.004838,-0.160484,7.220333,0.097044,-1.298896,3.508957,13.667852,4.380051,11.328326,12.937061,-1.652886,6.089286,0.153384,10.944005,16.658298,11.233218,-50.549240,-12.225937,4.063861,7.334996,10.532133,10.388214,17.247295,5.687359,10.430072,13.934110,10.430460,8.356867,12.444123,8064.000000,0.000000,4.000000,,,,0.000000,4.000000,4.000000,4.000000,4.000000,4.000000,4.000000,4.000000,4.000000,4.000000,4.000000,4.000000,4.000000,4.000000,4.000000,4.000000,4.000000,4.000000,4.000000,2.000000,4.000000,4.000000,4.000000,4.000000,4.000000,4.000000,4.000000,4.000000,4.000000,4.000000,4.000000,4.000000,4.000000,83.333336
1614076753.376620,43.000000,0.000000,9.382138,6.489191,4.858490,3.001833,-0.160324,7.213112,-3.492797,0.240864,4.018268,13.654184,2.324389,7.727254,4.718996,-8.830720,-2.634752,-18.821129,10.933061,-5.409641,9.683523,-52.037155,-17.341915,2.008515,7.327661,10.521601,9.865005,16.717228,6.194493,10.419641,13.920176,9.394388,5.784408,12.431680,8064.000000,0.000000,4.000000,,,,0.000000,4.000000,4.000000,4.000000,4.000000,4.000000,4.000000,4.000000,4.000000,4.000000,4.000000,4.000000,4.000000,4.000000,4.000000,4.000000,4.000000,4.000000,4.000000,2.000000,4.000000,4.000000,4.000000,4.000000,4.000000,4.000000,4.000000,4.000000,4.000000,4.000000,4.000000,4.000000,4.000000,83.333336
1614076753.384369,44.000000,0.000000,9.372756,6.482702,4.340811,2.998831,-0.160164,6.693079,0.100440,-0.272197,3.501429,13.640531,3.347706,8.745168,3.688636,-3.180863,8.649935,7.864359,11.434948,-1.301667,9.673840,-49.421013,-16.811754,3.032148,7.320333,10.511079,9.855140,16.700510,14.906247,10.409223,13.906255,9.897815,6.291444,11.906427,8064.000000,0.000000,4.000000,,,,0.000000,4.000000,4.000000,4.000000,4.000000,4.000000,4.000000,4.000000,4.000000,4.000000,4.000000,4.000000,4.000000,4.000000,4.000000,4.000000,4.000000,4.000000,4.000000,2.000000,4.000000,4.000000,4.000000,4.000000,4.000000,4.000000,4.000000,4.000000,4.000000,4.000000,4.000000,4.000000,4.000000,83.333336
1614076753.392218,45.000000,0.000000,9.363383,6.476219,5.874932,2.995832,-0.160003,7.199206,4.715724,-0.271925,4.010748,13.626890,2.831537,14.377448,10.351614,5.027446,21.974617,38.625725,11.423513,20.750917,7.612884,-44.243389,-13.205198,13.285526,7.313013,10.500567,14.460670,18.735092,20.532366,10.398813,13.892349,18.093044,6.285152,12.407341,8064.000000,0.000000,4.000000,,,,0.000000,4.000000,4.000000,4.000000,4.000000,4.000000,4.000000,4.000000,4.000000,4.000000,4.000000,4.000000,4.000000,4.000000,4.000000,4.000000,4.000000,4.000000,4.000000,2.000000,4.000000,4.000000,4.000000,4.000000,4.000000,4.000000,4.000000,4.000000,4.000000,4.000000,4.000000,4.000000,4.000000,83.333336
1614076753.399967,46.000000,0.000000,9.866840,6.469743,7.920339,2.480016,-0.672664,7.192007,4.711008,0.241167,4.519558,14.126083,2.828706,15.901532,5.725878,7.073700,13.234694,23.202484,11.412089,16.114780,1.964245,-42.147861,-12.166352,13.785061,7.305700,10.490067,18.035952,20.767639,15.896449,8.337132,13.878456,25.254438,6.278867,14.959037,8064.000000,0.000000,4.000000,,,,0.000000,4.000000,4.000000,4.000000,4.000000,4.000000,4.000000,4.000000,4.000000,4.000000,4.000000,4.000000,4.000000,4.000000,4.000000,4.000000,4.000000,4.000000,4.000000,2.000000,4.000000,4.000000,4.000000,4.000000,4.000000,4.000000,4.000000,4.000000,4.000000,4.000000,4.000000,4.000000,4.000000,83.333336
1614076753.407816,47.000000,0.000000,8.318512,6.463273,8.425240,2.990356,0.866470,6.671995,1.629374,0.240926,1.950936,13.599136,2.825877,9.218965,-5.049079,6.553806,1.426588,-0.410462,11.400678,3.278153,1.962281,-43.131355,-10.615724,-1.100519,7.298395,10.479577,18.017916,20.234051,12.803630,6.790333,13.864578,20.613800,6.272588,15.456898,8064.000000,0.000000,4.000000,,,,0.000000,4.000000,4.000000,4.000000,4.000000,4.000000,4.000000,4.000000,4.000000,4.000000,4.000000,4.000000,4.000000,4.000000,4.000000,4.000000,4.000000,4.000000,4.000000,2.000000,4.000000,4.000000,4.000000,4.000000,4.000000,4.000000,4.000000,4.000000,4.000000,4.000000,4.000000,4.000000,4.000000,83.333336
1614076753.415566,48.000000,0.000000,5.746091,6.456810,9.442455,5.551469,4.968168,8.203784,1.114924,0.240685,1.948985,14.098358,3.848692,5.107181,-1.454286,7.572893,3.476444,16.513025,11.389277,15.069747,7.601345,-42.575405,-8.553826,0.439043,7.291096,10.469098,17.999899,20.213818,13.816467,6.783543,14.363534,12.900879,6.266316,12.877338,8064.000000,0.000000,4.000000,,,,0.000000,4.000000,4.000000,4.000000,4.000000,4.000000,4.000000,4.000000,4.000000,4.000000,4.000000,4.000000,4.000000,4.000000,4.000000,4.000000,4.000000,4.000000,4.000000,2.000000,4.000000,4.000000,4.000000,4.000000,4.000000,4.000000,4.000000,4.000000,4.000000,4.000000,4.000000,4.000000,4.000000,83.333336
1614076753.423415,49.000000,0.000000,5.740345,6.450353,8.920192,5.545917,6.501661,10.246862,3.677912,0.240445,6.049600,15.622722,6.921767,8.178997,6.752296,8.590961,8.088351,37.522152,11.890708,22.234165,10.670666,-43.045650,-8.545272,15.310399,7.283805,10.458629,19.007540,21.219244,12.264189,6.776760,14.349171,13.400798,6.260049,12.351641,8064.000000,0.000000,4.000000,,,,0.000000,4.000000,4.000000,4.000000,4.000000,4.000000,4.000000,4.000000,4.000000,4.000000,4.000000,4.000000,4.000000,4.000000,4.000000,4.000000,4.000000,4.000000,4.000000,2.000000,4.000000,4.000000,4.000000,4.000000,4.000000,4.000000,4.000000,4.000000,4.000000,4.000000,4.000000,4.000000,4.000000,83.333336
1614076753.431164,50.000000,0.000000,5.734605,6.443902,2.244605,2.976269,3.931057,11.262257,4.699875,0.240204,3.479448,10.991714,7.427665,9.709280,4.181441,8.069550,6.028981,18.510273,11.878818,3.750392,9.634355,-45.053886,-12.639291,11.705345,7.276521,11.473811,15.911609,18.633923,9.687822,6.769983,12.796360,14.413038,6.253789,12.852110,8064.000000,0.000000,4.000000,,,,0.000000,4.000000,4.000000,4.000000,4.000000,4.000000,4.000000,4.000000,4.000000,4.000000,4.000000,4.000000,4.000000,4.000000,4.000000,4.000000,4.000000,4.000000,4.000000,2.000000,4.000000,4.000000,4.000000,4.000000,4.000000,4.000000,4.000000,4.000000,4.000000,4.000000,4.000000,4.000000,4.000000,83.333336
1614076753.439013,51.000000,0.000000,5.728870,6.437459,-2.885844,2.973293,2.901485,11.250995,4.182354,0.239964,-2.165057,3.801235,6.907417,9.186749,4.177260,7.035839,4.997311,0.030224,10.841298,-0.355923,9.624720,-46.547295,-16.216396,3.488511,7.269245,9.923876,13.844416,17.076826,9.165314,6.763213,11.757922,12.860164,6.247536,11.813617,8064.000000,0.000000,4.000000,,,,0.000000,4.000000,4.000000,4.000000,4.000000,4.000000,4.000000,4.000000,4.000000,4.000000,4.000000,4.000000,4.000000,4.000000,4.000000,4.000000,4.000000,4.000000,4.000000,2.000000,4.000000,4.000000,4.000000,4.000000,4.000000,4.000000,4.000000,4.000000,4.000000,4.000000,4.000000,4.000000,4.000000,83.333336
1614076753.446762,52.000000,0.000000,5.723141,6.943842,-0.318856,3.483140,3.924224,8.162820,4.690992,0.239724,-2.675712,3.284613,7.926151,9.177563,9.814109,8.054444,7.556417,4.132758,12.881739,15.541869,10.640737,-46.500748,-16.200178,7.074767,7.774796,7.349849,15.369033,17.059750,10.181789,5.217988,9.694882,13.872945,6.241288,12.827444,8064.000000,0.000000,4.000000,,,,0.000000,4.000000,4.000000,4.000000,4.000000,4.000000,4.000000,4.000000,4.000000,4.000000,4.000000,4.000000,4.000000,4.000000,4.000000,4.000000,4.000000,4.000000,4.000000,2.000000,4.000000,4.000000,4.000000,4.000000,4.000000,4.000000,4.000000,4.000000,4.000000,4.000000,4.000000,4.000000,4.000000,83.333336
1614076753.454611,53.000000,0.000000,4.691777,4.885616,-0.831358,1.428375,2.381839,4.052094,3.660661,0.239484,-7.801242,1.742867,4.841301,7.629924,6.214551,7.020749,6.523219,-7.666247,10.817575,8.859660,7.040352,-44.402962,-20.799364,-0.111795,7.254200,7.342499,9.712638,12.940126,9.658788,3.161488,1.480059,12.833431,6.235047,11.788976,8064.000000,0.000000,4.000000,,,,0.000000,4.000000,4.000000,4.000000,4.000000,4.000000,4.000000,4.000000,4.000000,4.000000,4.000000,4.000000,4.000000,4.000000,4.000000,4.000000,4.000000,4.000000,4.000000,2.000000,4.000000,4.000000,4.000000,4.000000,4.000000,4.000000,4.000000,4.000000,4.000000,4.000000,4.000000,4.000000,4.000000,83.333336
1614076753.462360,54.000000,0.000000,2.122983,2.829448,-6.471552,-0.624336,-0.184646,3.022400,-0.445564,-0.273576,-16.511389,-9.028107,-4.394309,5.571012,-1.996792,-4.268323,-2.714073,-17.402170,0.550347,-13.200481,-0.658996,-49.486767,-30.009333,-11.393735,5.708485,5.283875,-3.117588,6.260520,4.520924,2.645506,-5.188087,4.615469,6.228812,4.597699,8064.000000,0.000000,4.000000,,,,0.000000,4.000000,4.000000,4.000000,4.000000,4.000000,4.000000,4.000000,4.000000,4.000000,4.000000,4.000000,4.000000,4.000000,4.000000,4.000000,4.000000,4.000000,4.000000,2.000000,4.000000,4.000000,4.000000,4.000000,4.000000,4.000000,4.000000,4.000000,4.000000,4.000000,4.000000,4.000000,4.000000,83.333336
1614076753.470209,55.000000,0.000000,1.608039,2.313798,-6.977901,-1.136532,-0.184461,3.532198,-3.522042,0.239518,-16.494879,-16.198566,-8.492478,6.078261,-6.097359,-16.571747,-8.865206,-5.077076,-7.655332,-16.264204,-5.273722,-63.796253,-34.081886,-8.305418,4.677135,-4.464999,-8.755496,4.202977,-2.663085,3.155681,-5.182899,-2.055813,6.735404,1.003358,8064.000000,0.000000,4.000000,,,,0.000000,4.000000,4.000000,4.000000,4.000000,4.000000,4.000000,4.000000,4.000000,4.000000,4.000000,4.000000,4.000000,4.000000,4.000000,4.000000,4.000000,4.000000,4.000000,2.000000,4.000000,4.000000,4.000000,4.000000,4.000000,4.000000,4.000000,4.000000,4.000000,4.000000,4.000000,4.000000,4.000000,83.333336
1614076753.477958,56.000000,0.000000,2.119252,2.824305,-3.381180,-0.622575,-0.184277,3.528666,-3.518520,0.752099,-13.914281,-16.182367,-7.971166,2.995260,-12.245108,-20.144918,-9.369161,-17.892511,-7.647676,-12.145375,-5.268448,-72.450409,-35.586269,-14.963779,-0.455747,-11.640021,-8.233920,5.737236,-5.737345,3.152525,-4.152075,-1.540937,6.215847,5.104919,8064.000000,0.000000,4.000000,,,,0.000000,4.000000,4.000000,4.000000,4.000000,4.000000,4.000000,4.000000,4.000000,4.000000,4.000000,4.000000,4.000000,4.000000,4.000000,4.000000,4.000000,4.000000,4.000000,2.000000,4.000000,4.000000,4.000000,4.000000,4.000000,4.000000,4.000000,4.000000,4.000000,4.000000,4.000000,4.000000,4.000000,83.333336
1614076753.485807,57.000000,0.000000,2.117133,2.821481,-0.300875,-0.621952,-0.184092,3.012317,-3.002181,-0.787114,-13.900366,-15.140544,-8.476015,-1.623120,-17.361069,-18.586313,-12.436715,-40.438721,-7.127208,-13.671692,-4.750359,-72.890778,-36.576321,-25.718046,-6.609138,-12.141201,-8.738506,5.218678,-4.705966,3.149373,-4.660744,-1.026575,6.209632,9.202378,8064.000000,0.000000,4.000000,,,,0.000000,4.000000,4.000000,4.000000,4.000000,4.000000,4.000000,4.000000,4.000000,4.000000,4.000000,4.000000,4.000000,4.000000,4.000000,4.000000,4.000000,4.000000,4.000000,2.000000,4.000000,4.000000,4.000000,4.000000,4.000000,4.000000,4.000000,4.000000,4.000000,4.000000,4.000000,4.000000,4.000000,83.333336
1614076753.493556,58.000000,0.000000,2.115016,2.818659,1.237887,-0.621330,2.380194,3.522125,-3.511999,1.264955,-10.296722,-13.586942,-6.416257,-2.647138,-11.702682,-16.516443,-10.885817,-14.244436,-6.607261,-6.478533,-5.258429,-71.792244,-28.847439,-10.820534,-6.602528,-11.616240,-6.678486,5.213459,-4.701260,3.146224,-4.656083,-1.538369,6.716243,8.167535,8064.000000,0.000000,4.000000,,,,0.000000,4.000000,4.000000,4.000000,4.000000,4.000000,4.000000,4.000000,4.000000,4.000000,4.000000,4.000000,4.000000,4.000000,4.000000,4.000000,4.000000,4.000000,4.000000,2.000000,4.000000,4.000000,4.000000,4.000000,4.000000,4.000000,4.000000,4.000000,4.000000,4.000000,4.000000,4.000000,4.000000,83.333336
1614076753.501405,59.000000,0.000000,2.112900,2.815840,1.749470,-0.620709,3.916276,3.518603,-2.995667,6.904716,-5.671041,-11.522073,1.282467,-1.618849,-5.024312,-11.884543,0.407121,11.410833,-1.985269,1.220254,-5.253170,-64.540962,-17.536539,6.626184,-3.519003,-10.066162,-1.543602,5.721066,-5.209379,3.143077,-4.138607,-1.536831,5.171065,8.159367,8064.000000,0.000000,4.000000,,,,0.000000,4.000000,4.000000,4.000000,4.000000,4.000000,4.000000,4.000000,4.000000,4.000000,4.000000,4.000000,4.000000,4.000000,4.000000,4.000000,4.000000,4.000000,4.000000,2.000000,4.000000,4.000000,4.000000,4.000000,4.000000,4.000000,4.000000,4.000000,4.000000,4.000000,4.000000,4.000000,4.000000,83.333336
1614076753.509154,60.000000,0.000000,2.110787,2.813025,1.234900,-0.620088,0.835436,3.515085,-2.992671,5.872170,-7.716652,-12.023371,4.358108,-2.130051,-5.019288,-7.770094,2.970816,-10.139039,1.093640,-5.960454,-4.735097,-54.220013,-14.442080,0.978533,-4.028304,-5.440711,-0.003597,5.715345,-4.691350,3.139934,-4.134468,-1.022473,1.576150,8.664028,8064.000000,0.000000,4.000000,,,,0.000000,4.000000,4.000000,4.000000,4.000000,4.000000,4.000000,4.000000,4.000000,4.000000,4.000000,4.000000,4.000000,4.000000,4.000000,4.000000,4.000000,4.000000,4.000000,2.000000,4.000000,4.000000,4.000000,4.000000,4.000000,4.000000,4.000000,4.000000,4.000000,4.000000,4.000000,4.000000,4.000000,83.333336
1614076753.516803,61.000000,0.000000,2.108677,3.323032,1.233665,-0.619468,-0.703861,3.511569,-2.989678,-1.826010,-10.273038,-10.472886,3.328109,-2.127921,-5.014268,-6.736683,3.480666,-9.616079,0.579726,-7.492955,-4.730362,-51.601692,-16.478920,-5.176292,-0.947353,-2.871168,-0.516414,6.222450,-4.686658,3.136794,-4.130333,-1.021451,-0.989529,9.681005,8064.000000,0.000000,4.000000,,,,0.000000,4.000000,4.000000,4.000000,4.000000,4.000000,4.000000,4.000000,4.000000,4.000000,4.000000,4.000000,4.000000,4.000000,4.000000,4.000000,4.000000,4.000000,4.000000,2.000000,4.000000,4.000000,4.000000,4.000000,4.000000,4.000000,4.000000,4.000000,4.000000,4.000000,4.000000,4.000000,4.000000,83.333336
1614076753.524552,62.000000,0.000000,2.106568,3.319709,1.232431,-0.618849,1.860946,3.508058,-2.986688,-4.388287,-10.262765,-7.898311,3.837601,-1.612973,-1.419511,-6.729947,14.759236,22.701229,1.091966,-0.305975,-4.212811,-52.575729,-15.436800,-2.607013,3.668979,-3.893938,-0.003077,5.703407,-4.681972,3.133657,-4.126203,-0.507609,-0.988539,9.158504,8064.000000,0.000000,4.000000,,,,0.000000,4.000000,4.000000,4.000000,4.000000,4.000000,4.000000,4.000000,4.000000,4.000000,4.000000,4.000000,4.000000,4.000000,4.000000,4.000000,4.000000,4.000000,4.000000,2.000000,4.000000,4.000000,4.000000,4.000000,4.000000,4.000000,4.000000,4.000000,4.000000,4.000000,4.000000,4.000000,4.000000,83.333336
1614076753.532201,63.000000,0.000000,1.591641,2.290748,1.231199,-0.618230,3.910367,3.504550,-2.983702,-3.358257,-9.739681,-7.890412,3.833763,-1.611360,-0.905271,-6.723217,15.770118,10.883656,0.578054,-8.510798,-4.721419,-53.548794,-14.908543,-4.655688,4.178131,-3.890044,-0.515894,5.184883,-4.677289,3.130524,-4.122077,-1.019922,-0.987550,8.123704,8064.000000,0.000000,4.000000,,,,0.000000,4.000000,4.000000,4.000000,4.000000,4.000000,4.000000,4.000000,4.000000,4.000000,4.000000,4.000000,4.000000,4.000000,4.000000,4.000000,4.000000,4.000000,4.000000,2.000000,4.000000,4.000000,4.000000,4.000000,4.000000,4.000000,4.000000,4.000000,4.000000,4.000000,4.000000,4.000000,4.000000,83.333336
1614076753.539950,64.000000,0.000000,3.641331,3.314099,1.229968,-0.617612,3.393636,3.501045,-2.980718,-2.842078,-10.242763,-7.369701,3.317109,-1.609748,-0.904365,-6.716494,2.933835,-21.434919,1.090296,-15.681773,-5.229518,-56.059349,-20.021839,0.989993,5.199594,-3.373333,-0.002558,7.743801,-4.672612,3.127393,-4.117955,-0.506081,-0.986563,9.654042,0.000000,212.000000,4.000000,,,,0.000000,4.000000,4.000000,4.000000,4.000000,4.000000,4.000000,4.000000,4.000000,4.000000,4.000000,4.000000,4.000000,4.000000,4.000000,4.000000,4.000000,4.000000,4.000000,2.000000,4.000000,4.000000,4.000000,4.000000,4.000000,4.000000,4.000000,4.000000,4.000000,4.000000,4.000000,4.000000,4.000000,83.333336
1614076753.547600,65.000000,0.000000,5.688972,3.823605,1.228738,-0.616994,3.390242,3.497544,-2.977737,-1.300775,-10.232519,-4.798229,3.826612,-1.095318,-0.903461,-6.709777,-0.146022,-16.285280,4.166129,-0.794297,-4.711468,-55.490467,-27.181305,10.219772,6.732856,-3.369960,-0.515376,8.248878,-4.667940,3.637086,-4.113837,-1.018396,-2.524038,9.131567,0.000000,214.000000,4.000000,,,,0.000000,4.000000,4.000000,4.000000,4.000000,4.000000,4.000000,4.000000,4.000000,4.000000,4.000000,4.000000,4.000000,4.000000,4.000000,4.000000,4.000000,4.000000,4.000000,2.000000,4.000000,4.000000,4.000000,4.000000,4.000000,4.000000,4.000000,4.000000,4.000000,4.000000,4.000000,4.000000,4.000000,83.333336
1614076753.555349,66.000000,0.000000,4.657642,-4.385347,1.227509,-0.616377,3.386852,3.494047,-2.974760,0.238987,-10.222287,-7.357533,2.797145,-3.145505,-4.492301,-10.292810,-4.248440,-10.115149,4.674784,-3.870426,-5.732398,-56.973438,-29.718225,-1.585319,2.623559,-3.879411,-5.130245,1.061141,-4.663272,3.120629,-4.109723,-4.094301,-6.111258,-1.133974,0.000000,199.000000,4.000000,,,,0.000000,4.000000,4.000000,4.000000,4.000000,4.000000,4.000000,4.000000,4.000000,4.000000,4.000000,4.000000,4.000000,4.000000,4.000000,4.000000,4.000000,4.000000,4.000000,2.000000,4.000000,4.000000,4.000000,4.000000,4.000000,4.000000,4.000000,4.000000,4.000000,4.000000,4.000000,4.000000,4.000000,83.333336
1614076753.562998,67.000000,0.000000,2.088882,-12.073269,1.739102,-0.615761,3.383465,3.490553,-2.458964,0.238748,-10.212065,-11.452740,-0.282575,-5.193641,-8.590373,-14.897902,-23.218550,-32.156315,-0.458096,-34.635784,-8.803588,-66.147232,-30.714149,-19.019630,0.056833,-5.413993,-11.278961,-2.529663,-4.658608,1.066226,-4.105613,-7.679950,-8.669249,-9.850789,0.000000,183.000000,4.000000,,,,0.000000,4.000000,4.000000,4.000000,4.000000,4.000000,4.000000,4.000000,4.000000,4.000000,4.000000,4.000000,4.000000,4.000000,4.000000,4.000000,4.000000,4.000000,4.000000,2.000000,4.000000,4.000000,4.000000,4.000000,4.000000,4.000000,4.000000,4.000000,4.000000,4.000000,4.000000,4.000000,4.000000,83.333336
1614076753.570747,68.000000,0.000000,2.086793,-7.445811,1.224542,-0.102325,3.380082,3.487062,-4.507787,0.238510,-10.201853,-9.390005,-0.795113,-5.701268,-9.094603,-14.883004,-29.861998,-34.175442,-4.047382,-34.088329,-8.281964,-71.722115,-31.709076,-14.385227,-0.456045,-7.459861,-12.293324,1.062610,-4.653950,-0.473302,-4.101508,-8.697911,-8.147759,-5.738374,0.000000,209.000000,4.000000,,,,0.000000,4.000000,4.000000,4.000000,4.000000,4.000000,4.000000,4.000000,4.000000,4.000000,4.000000,4.000000,4.000000,4.000000,4.000000,4.000000,4.000000,4.000000,4.000000,2.000000,4.000000,4.000000,4.000000,4.000000,4.000000,4.000000,4.000000,4.000000,4.000000,4.000000,4.000000,4.000000,4.000000,83.333336
1614076753.578396,69.000000,0.000000,2.597527,-0.258878,1.223318,-1.127863,3.376702,3.483575,-6.554562,0.238271,-10.191650,-7.329333,0.231323,-5.182746,-9.085508,-14.355301,-21.627008,-9.525881,-3.017694,-4.310652,-1.094195,-71.650391,-30.651726,-3.088790,-5.070973,-7.452401,-9.716928,2.087188,-4.649296,-0.985649,-4.097406,-8.689213,-8.139611,-1.117251,0.000000,199.000000,4.000000,,,,0.000000,4.000000,4.000000,4.000000,4.000000,4.000000,4.000000,4.000000,4.000000,4.000000,4.000000,4.000000,4.000000,4.000000,4.000000,4.000000,4.000000,4.000000,4.000000,2.000000,4.000000,4.000000,4.000000,4.000000,4.000000,4.000000,4.000000,4.000000,4.000000,4.000000,4.000000,4.000000,4.000000,83.333336
1614076753.586145,70.000000,0.000000,2.082109,-0.771440,3.786197,0.411726,3.373325,3.480091,-7.060828,0.750853,-10.181459,-7.834824,-0.794550,-5.690384,-8.050782,-13.828125,-19.554100,2.791337,-3.014676,0.821864,3.009464,-71.578743,-28.056971,-7.701087,-7.117185,-7.444949,-8.168749,2.085101,-4.644647,-0.471843,-4.093309,-7.654883,-8.644292,-2.654596,0.000000,201.000000,4.000000,,,,0.000000,4.000000,4.000000,4.000000,4.000000,4.000000,4.000000,4.000000,4.000000,4.000000,4.000000,4.000000,4.000000,4.000000,4.000000,4.000000,4.000000,4.000000,4.000000,2.000000,4.000000,4.000000,4.000000,4.000000,4.000000,4.000000,4.000000,4.000000,4.000000,4.000000,4.000000,4.000000,4.000000,83.333336
1614076753.593794,71.000000,0.000000,2.080027,-1.283489,5.833693,1.949776,3.369952,3.476611,-6.540946,3.827026,-10.171278,-7.826990,-0.280935,-3.633412,-1.888885,-8.173271,-10.303776,2.275725,-3.011661,-3.794342,3.006454,-65.866135,-26.490454,-11.795949,-1.981862,-7.437503,-7.647759,7.211221,-4.640002,-0.471371,-4.089215,-5.595946,-8.122828,-3.164762,0.000000,192.000000,4.000000,,,,0.000000,4.000000,4.000000,4.000000,4.000000,4.000000,4.000000,4.000000,4.000000,4.000000,4.000000,4.000000,4.000000,4.000000,4.000000,4.000000,4.000000,4.000000,4.000000,2.000000,4.000000,4.000000,4.000000,4.000000,4.000000,4.000000,4.000000,4.000000,4.000000,4.000000,4.000000,4.000000,4.000000,83.333336
1614076753.601543,72.000000,0.000000,2.077947,-0.769385,1.212475,-0.616276,2.853761,3.473135,-6.534405,3.823199,-10.161106,-7.819162,4.334731,-1.578496,2.728389,-0.985611,6.116785,4.324731,-0.957367,4.414580,3.516268,-54.518219,-26.976784,-5.630307,1.097043,-7.430066,-7.640112,8.742472,-4.635362,-0.470899,-4.085126,-4.564709,-8.627525,-1.623135,0.000000,195.000000,4.000000,,,,0.000000,4.000000,4.000000,4.000000,4.000000,4.000000,4.000000,4.000000,4.000000,4.000000,4.000000,4.000000,4.000000,4.000000,4.000000,4.000000,4.000000,4.000000,4.000000,2.000000,4.000000,4.000000,4.000000,4.000000,4.000000,4.000000,4.000000,4.000000,4.000000,4.000000,4.000000,4.000000,4.000000,83.333336
1614076753.609193,73.000000,0.000000,2.075869,-0.768616,-2.891302,-4.205404,3.363728,3.469661,-6.527871,1.255273,-10.150946,-7.811343,5.356037,-1.576918,2.212840,-0.471805,7.649129,6.884510,0.069231,5.435807,-1.615453,-51.386780,-26.949806,1.041990,-0.955336,-7.422636,-8.145292,6.169627,-4.630727,-0.470429,-4.081041,-4.560144,-7.593256,-2.134333,0.000000,199.000000,4.000000,,,,0.000000,4.000000,4.000000,4.000000,4.000000,4.000000,4.000000,4.000000,4.000000,4.000000,4.000000,4.000000,4.000000,4.000000,4.000000,4.000000,4.000000,4.000000,4.000000,2.000000,4.000000,4.000000,4.000000,4.000000,4.000000,4.000000,4.000000,4.000000,4.000000,4.000000,4.000000,4.000000,4.000000,83.333336
1614076753.616942,74.000000,0.000000,2.073793,-0.255026,-2.375590,-4.201198,2.847544,3.979012,-6.521343,0.228377,-10.140795,-7.803532,1.248117,-1.575341,3.236268,-4.061077,4.564557,11.493010,1.607623,1.327807,-8.793325,-52.361034,-26.410036,1.040948,0.071260,-7.415213,-8.137147,5.137816,-5.138916,-0.469958,-4.076960,-4.555584,-5.534381,-2.132198,0.000000,217.000000,4.000000,,,,0.000000,4.000000,4.000000,4.000000,4.000000,4.000000,4.000000,4.000000,4.000000,4.000000,4.000000,4.000000,4.000000,4.000000,4.000000,4.000000,4.000000,4.000000,4.000000,2.000000,4.000000,4.000000,4.000000,4.000000,4.000000,4.000000,4.000000,4.000000,4.000000,4.000000,4.000000,4.000000,4.000000,83.333336
1614076753.624591,75.000000,0.000000,2.071719,-1.280412,-4.424497,-5.735459,1.306235,2.436572,-6.514822,-1.310313,-10.130653,-10.359831,-0.291593,-0.548124,1.181749,-10.723682,1.483069,-2.364637,-0.445266,-6.878649,-6.733250,-51.283031,-26.896446,-5.626760,0.584009,-7.407798,-6.077728,6.158319,-3.595316,-0.469488,-4.072883,-4.551028,-3.990385,-2.130066,0.000000,198.000000,4.000000,,,,0.000000,4.000000,4.000000,4.000000,4.000000,4.000000,4.000000,4.000000,4.000000,4.000000,4.000000,4.000000,4.000000,4.000000,4.000000,4.000000,4.000000,4.000000,4.000000,2.000000,4.000000,4.000000,4.000000,4.000000,4.000000,4.000000,4.000000,4.000000,4.000000,4.000000,4.000000,4.000000,4.000000,83.333336
1614076753.632440,76.000000,0.000000,2.069647,-3.843235,-6.471354,-7.268185,-0.746354,0.382853,-6.508307,-2.847465,-10.120522,-15.990497,-1.316942,-2.598858,-6.511740,-15.841164,-14.415850,-34.669964,-7.624308,-28.410233,-4.675234,-55.334312,-27.382370,-11.262158,-0.955036,-7.400390,-5.046009,5.639340,-1.027618,-0.469019,-4.068810,-4.033657,-4.499215,-2.127936,0.000000,190.000000,4.000000,,,,0.000000,4.000000,4.000000,4.000000,4.000000,4.000000,4.000000,4.000000,4.000000,4.000000,4.000000,4.000000,4.000000,4.000000,4.000000,4.000000,4.000000,4.000000,4.000000,2.000000,4.000000,4.000000,4.000000,4.000000,4.000000,4.000000,4.000000,4.000000,4.000000,4.000000,4.000000,4.000000,4.000000,83.333336
1614076753.640189,77.000000,0.000000,2.067578,-2.300930,-2.362319,-5.722455,0.280034,-0.643171,-6.501799,0.745126,-10.623223,-15.461686,0.222837,-2.083439,-5.992408,-12.235579,-14.914254,-20.789141,-5.052581,-22.227976,-6.721841,-59.381542,-26.842167,-7.148333,1.610021,-7.392990,-4.015322,5.633701,-0.513770,-0.468550,-2.013459,-1.978341,-4.494716,-2.125808,0.000000,197.000000,4.000000,,,,0.000000,4.000000,4.000000,4.000000,4.000000,4.000000,4.000000,4.000000,4.000000,4.000000,4.000000,4.000000,4.000000,4.000000,4.000000,4.000000,4.000000,4.000000,4.000000,2.000000,4.000000,4.000000,4.000000,4.000000,4.000000,4.000000,4.000000,4.000000,4.000000,4.000000,4.000000,4.000000,4.000000,83.333336
1614076753.648038,78.000000,0.000000,2.578331,2.829576,1.229787,-3.665451,6.946420,-0.129707,-6.495297,4.334125,-8.561317,-6.728275,7.402101,5.098132,1.193072,-4.531036,9.716044,12.052160,10.337087,10.614765,3.541291,-52.655495,-23.738401,-1.500159,6.223796,-7.898417,1.116899,5.628067,-1.026077,-0.468081,0.039836,1.613381,-4.490222,-2.123682,0.000000,204.000000,4.000000,,,,0.000000,4.000000,4.000000,4.000000,4.000000,4.000000,4.000000,4.000000,4.000000,4.000000,4.000000,4.000000,4.000000,4.000000,4.000000,4.000000,4.000000,4.000000,4.000000,2.000000,4.000000,4.000000,4.000000,4.000000,4.000000,4.000000,4.000000,4.000000,4.000000,4.000000,4.000000,4.000000,4.000000,83.333336
1614076753.655787,79.000000,0.000000,2.062932,2.826747,2.254198,-4.174605,14.118961,-0.129577,-6.488801,3.816970,-6.501474,-0.054880,9.958801,2.016110,3.243161,-2.988043,9.706328,3.834980,13.916493,15.732355,16.358263,-48.500275,-22.689022,-6.114043,6.217572,-7.377698,6.756807,5.622439,-1.025051,-0.467613,-0.473024,3.663049,-3.972911,-2.121559,0.000000,201.000000,4.000000,,,,0.000000,4.000000,4.000000,4.000000,4.000000,4.000000,4.000000,4.000000,4.000000,4.000000,4.000000,4.000000,4.000000,4.000000,4.000000,4.000000,4.000000,4.000000,4.000000,2.000000,4.000000,4.000000,4.000000,4.000000,4.000000,4.000000,4.000000,4.000000,4.000000,4.000000,4.000000,4.000000,4.000000,83.333336
1614076753.663636,80.000000,0.000000,-0.503234,-0.253003,4.816047,-4.170431,13.592022,-0.642268,-6.482313,3.300333,-6.494973,0.457995,4.307817,-8.755136,1.701456,-4.523517,-9.277737,-28.476547,1.082064,-6.847479,13.777802,-52.554337,-23.691975,-13.287416,3.134432,-7.370321,7.775692,5.616817,-1.024026,-0.467145,-0.472551,2.633745,-3.968938,-1.606616,0.000000,199.000000,4.000000,,,,0.000000,4.000000,4.000000,4.000000,4.000000,4.000000,4.000000,4.000000,4.000000,4.000000,4.000000,4.000000,4.000000,4.000000,4.000000,4.000000,4.000000,4.000000,4.000000,2.000000,4.000000,4.000000,4.000000,4.000000,4.000000,4.000000,4.000000,4.000000,4.000000,4.000000,4.000000,4.000000,4.000000,83.333336
1614076753.671385,81.000000,0.000000,-2.041192,-1.278391,5.324051,-4.166261,11.014327,0.384015,-6.475831,4.322673,-6.488478,-0.568104,3.277868,-3.105356,5.289498,0.096391,4.064874,4.372442,-3.534403,16.236292,11.712742,-48.912041,-20.591360,-10.710026,3.644118,-7.875771,6.742275,5.611200,-1.023001,-0.466678,0.040742,0.067009,-4.990610,-2.117830,0.000000,195.000000,4.000000,,,,0.000000,4.000000,4.000000,4.000000,4.000000,4.000000,4.000000,4.000000,4.000000,4.000000,4.000000,4.000000,4.000000,4.000000,4.000000,4.000000,4.000000,4.000000,4.000000,2.000000,4.000000,4.000000,4.000000,4.000000,4.000000,4.000000,4.000000,4.000000,4.000000,4.000000,4.000000,4.000000,4.000000,83.333336
1614076753.679234,82.000000,0.000000,-1.526330,-0.251472,5.318727,-3.649274,14.080235,2.434913,-6.469355,4.318351,-4.430707,0.458105,6.864334,11.769545,9.386773,7.275782,27.137732,37.188583,5.187080,38.784157,16.316414,-38.606716,-12.365641,-5.571111,3.640474,-6.842254,7.248353,6.118409,-1.021978,-0.466212,-2.010581,-0.445879,-3.447158,-1.602892,0.000000,207.000000,4.000000,,,,0.000000,4.000000,4.000000,4.000000,4.000000,4.000000,4.000000,4.000000,4.000000,4.000000,4.000000,4.000000,4.000000,4.000000,4.000000,4.000000,4.000000,4.000000,4.000000,2.000000,4.000000,4.000000,4.000000,4.000000,4.000000,4.000000,4.000000,4.000000,4.000000,4.000000,4.000000,4.000000,4.000000,83.333336
1614076753.686983,83.000000,0.000000,-1.524804,-0.764041,6.339049,-4.158445,14.578976,3.970940,-6.462885,3.801212,-2.374995,1.483288,7.883111,14.834698,10.403028,9.319789,24.033672,6.894984,9.797277,7.463322,14.248816,-36.004009,-7.225070,-3.514258,4.149653,-2.220027,7.753925,6.112291,-0.508136,-0.465745,-4.059853,0.067388,-3.443711,-1.601289,0.000000,182.000000,4.000000,,,,0.000000,4.000000,4.000000,4.000000,4.000000,4.000000,4.000000,4.000000,4.000000,4.000000,4.000000,4.000000,4.000000,4.000000,4.000000,4.000000,4.000000,4.000000,4.000000,2.000000,4.000000,4.000000,4.000000,4.000000,4.000000,4.000000,4.000000,4.000000,4.000000,4.000000,4.000000,4.000000,4.000000,83.333336
1614076753.694832,84.000000,0.000000,-2.036100,-1.276097,1.717326,-8.256850,6.872089,2.428507,-6.456422,3.797411,-2.885440,-3.646400,7.362407,11.742940,9.879804,8.284828,16.317329,-13.111911,7.223378,-11.005680,13.208925,-36.480824,-10.807588,-3.510744,6.196786,0.859116,5.182069,3.029255,-1.020448,-0.465280,-4.055793,-4.548064,-10.619754,-5.189432,0.000000,193.000000,4.000000,,,,0.000000,4.000000,4.000000,4.000000,4.000000,4.000000,4.000000,4.000000,4.000000,4.000000,4.000000,4.000000,4.000000,4.000000,4.000000,4.000000,4.000000,4.000000,4.000000,2.000000,4.000000,4.000000,4.000000,4.000000,4.000000,4.000000,4.000000,4.000000,4.000000,4.000000,4.000000,4.000000,4.000000,83.333336
1614076753.702581,85.000000,0.000000,-2.034064,-1.274821,-5.463879,-11.838337,1.737012,-0.138024,-6.449966,4.306434,-2.882555,-12.873524,5.303762,13.269659,8.331462,3.661158,14.762551,-1.816748,7.728975,-1.763905,10.118793,-38.495625,-18.489088,-6.071335,7.729051,-0.167384,2.612784,2.000585,-1.532248,-0.464814,-5.590199,-8.646080,-15.737339,-9.799626,0.000000,193.000000,4.000000,,,,0.000000,4.000000,4.000000,4.000000,4.000000,4.000000,4.000000,4.000000,4.000000,4.000000,4.000000,4.000000,4.000000,4.000000,4.000000,4.000000,4.000000,4.000000,4.000000,2.000000,4.000000,4.000000,4.000000,4.000000,4.000000,4.000000,4.000000,4.000000,4.000000,4.000000,4.000000,4.000000,4.000000,83.333336
1614076753.710430,86.000000,0.000000,-1.519209,-0.760726,-6.484056,-9.262397,2.760916,-0.137886,-6.443516,3.276486,-2.879672,-16.450394,2.221535,13.256390,4.733387,-4.547631,7.568302,-13.609803,8.746887,-19.710859,-10.404146,-47.175079,-20.521881,-3.501162,7.208501,0.345604,3.635812,1.998585,-0.505075,-0.464350,-7.635890,-8.124614,-12.644679,-9.789827,0.000000,171.000000,4.000000,,,,0.000000,4.000000,4.000000,4.000000,4.000000,4.000000,4.000000,4.000000,4.000000,4.000000,4.000000,4.000000,4.000000,4.000000,4.000000,4.000000,4.000000,4.000000,4.000000,2.000000,4.000000,4.000000,4.000000,4.000000,4.000000,4.000000,4.000000,4.000000,4.000000,4.000000,4.000000,4.000000,4.000000,83.333336
1614076753.718179,87.000000,0.000000,-1.517690,-0.247145,-7.503213,-7.201852,3.270976,-0.137748,-6.437072,0.709107,-2.876792,-14.895481,0.680852,8.114927,-2.450833,-12.235391,-2.695677,-32.570553,4.122756,-33.537300,-26.291178,-54.820213,-23.065462,3.169006,7.201293,0.345258,1.068074,-2.618798,-1.530211,-0.463885,-8.141075,-12.731874,-12.119214,-8.754396,0.000000,216.000000,4.000000,,,,0.000000,4.000000,4.000000,4.000000,4.000000,4.000000,4.000000,4.000000,4.000000,4.000000,4.000000,4.000000,4.000000,4.000000,4.000000,4.000000,4.000000,4.000000,4.000000,2.000000,4.000000,4.000000,4.000000,4.000000,4.000000,4.000000,4.000000,4.000000,4.000000,4.000000,4.000000,4.000000,4.000000,83.333336
1614076753.726028,88.000000,0.000000,-2.028993,-1.785359,-9.546991,-8.220291,2.242064,-0.137610,-6.430635,-0.317243,-3.386736,-14.880586,-4.448033,2.978608,-9.627870,-18.377003,-12.949391,-39.717468,-2.548034,-16.580688,-22.162323,-57.329494,-33.811626,-2.475188,7.706912,-5.808933,-7.138123,-9.795667,-6.656886,-0.463421,-7.620113,-20.411449,-15.696838,-11.822565,0.000000,192.000000,4.000000,,,,0.000000,4.000000,4.000000,4.000000,4.000000,4.000000,4.000000,4.000000,4.000000,4.000000,4.000000,4.000000,4.000000,4.000000,4.000000,4.000000,4.000000,4.000000,4.000000,2.000000,4.000000,4.000000,4.000000,4.000000,4.000000,4.000000,4.000000,4.000000,4.000000,4.000000,4.000000,4.000000,4.000000,83.333336
1614076753.733777,89.000000,0.000000,-1.001323,0.267708,-4.922060,-7.699250,2.752642,-0.137473,-6.424205,0.195895,-3.383349,-16.404167,-8.546149,0.411527,-9.618242,-18.871445,-18.064648,-43.780315,-4.596768,-15.025645,-19.063236,-61.887550,-39.418842,-11.703483,6.673564,-13.495432,-8.156626,-9.273051,-7.675870,-0.462958,-7.612493,-16.801294,-13.629859,-12.323563,0.000000,165.000000,4.000000,,,,0.000000,4.000000,4.000000,4.000000,4.000000,4.000000,4.000000,4.000000,4.000000,4.000000,4.000000,4.000000,4.000000,4.000000,4.000000,4.000000,4.000000,4.000000,4.000000,2.000000,4.000000,4.000000,4.000000,4.000000,4.000000,4.000000,4.000000,4.000000,4.000000,4.000000,4.000000,4.000000,4.000000,83.333336
1614076753.741427,90.000000,0.000000,1.050961,2.831543,1.749529,-5.127449,4.801172,-0.137335,-6.417780,0.195699,-2.867146,-14.336481,-1.870937,1.436756,-5.506060,-8.596164,-5.738890,-23.736534,-3.053710,-13.472158,-10.326225,-59.774380,-31.687115,-1.435369,7.179711,-17.071680,2.620762,-3.622752,-1.001528,-0.462495,-7.604881,-6.528083,-7.975204,-7.183034,0.000000,140.000000,4.000000,,,,0.000000,4.000000,4.000000,4.000000,4.000000,4.000000,4.000000,4.000000,4.000000,4.000000,4.000000,4.000000,4.000000,4.000000,4.000000,4.000000,4.000000,4.000000,4.000000,2.000000,4.000000,4.000000,4.000000,4.000000,4.000000,4.000000,4.000000,4.000000,4.000000,4.000000,4.000000,4.000000,4.000000,83.333336
1614076753.749176,91.000000,0.000000,2.588371,-0.248211,1.747779,-3.583860,6.334832,-0.137198,-6.411363,-0.317317,-3.377099,-11.245221,2.746319,1.948140,-6.013374,0.643202,8.625823,-0.123055,-3.563476,12.695160,10.709743,-49.971016,-26.527222,10.873759,7.685352,-13.977686,8.259167,-1.055027,3.102038,-0.462032,-7.597276,-3.444632,-7.454408,-4.611749,0.000000,215.000000,4.000000,,,,0.000000,4.000000,4.000000,4.000000,4.000000,4.000000,4.000000,4.000000,4.000000,4.000000,4.000000,4.000000,4.000000,4.000000,4.000000,4.000000,4.000000,4.000000,4.000000,2.000000,4.000000,4.000000,4.000000,4.000000,4.000000,4.000000,4.000000,4.000000,4.000000,4.000000,4.000000,4.000000,4.000000,83.333336
1614076753.756825,92.000000,0.000000,2.072962,-4.350527,0.720390,-4.605917,6.328497,-0.649881,-6.917772,-0.317000,-3.373722,-11.746797,-2.897453,-0.105090,-5.494540,0.129738,8.104377,-11.404984,-4.585554,13.195286,6.596468,-47.869762,-28.551977,5.734680,4.087923,-7.297041,5.686805,-2.592433,2.586115,-0.974391,-8.102499,-4.979649,-7.959774,-5.632778,0.000000,148.000000,4.000000,,,,0.000000,4.000000,4.000000,4.000000,4.000000,4.000000,4.000000,4.000000,4.000000,4.000000,4.000000,4.000000,4.000000,4.000000,4.000000,4.000000,4.000000,4.000000,4.000000,2.000000,4.000000,4.000000,2.000000,4.000000,4.000000,4.000000,4.000000,4.000000,4.000000,4.000000,4.000000,4.000000,4.000000,66.666664
1614076753.764574,93.000000,0.000000,2.070889,-2.294895,1.745311,-4.088490,6.834989,-0.649231,-6.910854,0.196138,1.245037,-11.735049,0.182367,2.971938,3.228903,-0.383212,8.096272,-14.983322,-0.478404,-3.228166,-4.179359,-45.770611,-17.241373,3.677663,4.596655,-4.212821,7.732400,-1.564200,2.583529,-0.460596,-7.581576,-4.461848,-7.951814,-5.627145,0.000000,198.000000,4.000000,,,,0.000000,4.000000,4.000000,4.000000,4.000000,4.000000,4.000000,4.000000,4.000000,4.000000,4.000000,4.000000,4.000000,4.000000,4.000000,4.000000,4.000000,4.000000,4.000000,2.000000,4.000000,4.000000,2.000000,4.000000,4.000000,4.000000,4.000000,4.000000,4.000000,4.000000,4.000000,4.000000,4.000000,66.666664
1614076753.772223,94.000000,0.000000,2.068819,-0.241318,1.743566,-4.084402,6.315334,-0.135761,-5.878302,0.195942,4.833535,-4.031007,9.925775,12.712556,10.405162,3.719735,16.806126,4.006021,8.240023,6.005831,16.337641,-33.929970,1.750226,10.853473,11.258725,-2.670147,13.365694,1.001467,2.580946,1.591147,-7.573994,-3.431746,-7.431042,-5.108697,0.000000,203.000000,4.000000,,,,0.000000,4.000000,4.000000,4.000000,4.000000,4.000000,4.000000,4.000000,4.000000,4.000000,4.000000,4.000000,4.000000,4.000000,4.000000,4.000000,4.000000,4.000000,4.000000,2.000000,4.000000,4.000000,2.000000,4.000000,4.000000,4.000000,4.000000,4.000000,4.000000,4.000000,4.000000,4.000000,4.000000,66.666664
1614076753.779972,95.000000,0.000000,2.066750,-1.266717,1.741822,-4.593138,5.796198,-0.135626,-4.333962,-1.342716,4.315881,3.665332,8.890208,17.828049,10.394756,3.716015,18.840601,-6.254395,11.821527,3.435723,31.705919,-29.280653,1.235656,11.355440,15.350031,1.435087,12.839507,2.026106,3.091185,3.640837,-8.079241,-3.941134,-7.423611,-5.616409,0.000000,190.000000,4.000000,,,,0.000000,4.000000,4.000000,4.000000,4.000000,4.000000,4.000000,4.000000,4.000000,4.000000,4.000000,4.000000,4.000000,4.000000,4.000000,4.000000,4.000000,4.000000,4.000000,2.000000,4.000000,4.000000,2.000000,4.000000,4.000000,4.000000,4.000000,4.000000,4.000000,4.000000,4.000000,4.000000,4.000000,66.666664
1614076753.787621,96.000000,0.000000,1.551862,-0.752630,1.227260,-3.050083,11.944248,1.402972,-2.278346,4.299653,5.337206,3.661666,9.906959,16.271759,8.845901,4.737940,16.770477,-20.607115,10.271243,-21.695919,13.212674,-35.405220,-13.124555,9.805623,13.283399,4.510575,9.749745,3.049721,4.626556,2.611556,-5.507059,-4.450014,-8.441829,-6.123613,8064.000000,0.000000,4.000000,,,,0.000000,4.000000,4.000000,4.000000,4.000000,4.000000,4.000000,4.000000,4.000000,4.000000,4.000000,4.000000,4.000000,4.000000,4.000000,4.000000,4.000000,4.000000,4.000000,2.000000,4.000000,4.000000,2.000000,4.000000,4.000000,4.000000,4.000000,4.000000,4.000000,4.000000,4.000000,4.000000,4.000000,66.666664
1614076753.795370,97.000000,0.000000,2.063131,2.325046,1.226032,1.568351,20.650251,7.042594,1.826496,14.038942,7.895972,3.145184,17.589359,16.255487,9.862695,7.297305,17.779348,-0.586509,11.286613,-9.879351,2.943051,-37.933918,-16.701174,11.334279,14.295756,3.480424,9.739995,5.097954,6.160391,3.121765,-0.886167,-4.445564,-7.920566,-5.604669,8064.000000,0.000000,4.000000,,,,0.000000,4.000000,4.000000,4.000000,4.000000,4.000000,4.000000,4.000000,4.000000,4.000000,4.000000,4.000000,4.000000,4.000000,4.000000,4.000000,4.000000,4.000000,4.000000,2.000000,4.000000,4.000000,2.000000,4.000000,4.000000,4.000000,4.000000,4.000000,4.000000,4.000000,4.000000,4.000000,4.000000,66.666664
1614076753.803020,98.000000,0.000000,2.573889,3.348361,1.737627,4.643706,22.680883,11.650936,4.901593,12.999263,6.862434,3.654860,13.469206,17.264872,8.827191,2.674623,13.659005,8.644847,11.275327,19.361298,10.119596,-40.972904,-13.607549,2.604996,13.768640,3.476943,11.268717,6.118497,7.179872,3.631463,0.140360,-3.415477,-7.399825,-5.086244,8064.000000,0.000000,4.000000,,,,0.000000,4.000000,4.000000,4.000000,4.000000,4.000000,4.000000,4.000000,4.000000,4.000000,4.000000,4.000000,4.000000,4.000000,4.000000,4.000000,4.000000,4.000000,4.000000,2.000000,4.000000,4.000000,2.000000,4.000000,4.000000,4.000000,4.000000,4.000000,4.000000,4.000000,4.000000,4.000000,4.000000,66.666664
1614076753.810769,99.000000,0.000000,1.545673,2.832193,0.197428,2.587780,20.606920,8.562362,4.896691,7.858058,4.291470,-0.964180,3.712147,11.606582,5.228621,-6.558821,3.901757,-11.876618,5.110205,4.982963,0.878707,-53.239624,-20.260609,-7.654019,8.626666,3.986287,10.231807,6.112378,6.659871,0.550909,-0.372601,-4.950523,-9.956528,-7.132440,8064.000000,0.000000,4.000000,,,,0.000000,4.000000,4.000000,4.000000,4.000000,4.000000,4.000000,4.000000,4.000000,4.000000,4.000000,4.000000,4.000000,4.000000,4.000000,4.000000,4.000000,4.000000,4.000000,2.000000,4.000000,4.000000,2.000000,4.000000,4.000000,4.000000,4.000000,4.000000,4.000000,4.000000,4.000000,4.000000,4.000000,66.666664
1614076753.818418,100.000000,0.000000,2.056948,2.829360,-1.854052,0.533911,21.611956,3.938415,4.378974,10.927123,3.774358,-4.040139,2.169973,8.005232,1.120828,-7.577903,-3.794453,-26.223717,4.592274,-27.329712,-11.942685,-57.288948,-24.855732,-2.005340,10.156501,3.469480,10.221575,5.593445,5.114749,1.063178,0.140592,-8.022495,-9.946571,-7.125307,8064.000000,0.000000,4.000000,,,,0.000000,4.000000,4.000000,4.000000,4.000000,4.000000,4.000000,4.000000,4.000000,4.000000,4.000000,4.000000,4.000000,4.000000,4.000000,4.000000,4.000000,4.000000,4.000000,2.000000,4.000000,4.000000,2.000000,4.000000,4.000000,4.000000,4.000000,4.000000,4.000000,4.000000,4.000000,4.000000,4.000000,66.666664
1614076753.826167,101.000000,0.000000,6.670276,2.826531,-2.877839,0.020556,22.103165,4.960118,4.887415,16.044401,4.283404,0.066466,3.193444,13.125431,1.632528,-5.006223,-2.252197,-17.479544,18.433836,-21.148537,-0.648691,-36.206020,-10.471902,8.253076,18.351473,5.517293,12.775456,6.100672,10.750661,7.215961,0.140451,-8.014473,-5.834061,-3.015618,8064.000000,0.000000,4.000000,,,,0.000000,4.000000,4.000000,4.000000,4.000000,4.000000,4.000000,4.000000,4.000000,4.000000,4.000000,4.000000,4.000000,4.000000,4.000000,4.000000,4.000000,4.000000,4.000000,2.000000,4.000000,4.000000,2.000000,4.000000,4.000000,4.000000,4.000000,4.000000,4.000000,4.000000,4.000000,4.000000,4.000000,66.666664
1614076753.833816,102.000000,0.000000,10.253349,2.823704,-2.362140,-2.030746,16.952856,7.519260,4.882528,13.977075,4.279120,4.168963,6.267174,19.778973,9.323203,-2.949934,11.596209,9.717423,28.671812,11.693125,16.275034,-13.092890,2.871903,11.834566,23.461327,10.639980,15.326783,6.094572,17.919397,11.311310,-0.372510,-7.493638,-4.802586,-2.499782,8064.000000,0.000000,4.000000,,,,0.000000,4.000000,4.000000,4.000000,4.000000,4.000000,4.000000,4.000000,4.000000,4.000000,4.000000,4.000000,4.000000,4.000000,4.000000,4.000000,4.000000,4.000000,4.000000,2.000000,4.000000,4.000000,2.000000,4.000000,4.000000,4.000000,4.000000,4.000000,4.000000,4.000000,4.000000,4.000000,4.000000,66.666664
1614076753.841665,103.000000,0.000000,8.191814,2.820881,-2.359778,-4.079998,11.294877,6.998920,4.364825,8.834892,4.274841,1.600692,6.260907,20.272015,12.903624,-2.946984,21.328203,21.502577,18.386730,25.527586,18.822863,-17.182362,-5.336097,10.797091,21.899403,11.654982,10.183251,4.550015,10.209170,10.274357,0.140683,-12.614349,-7.874706,-7.112667,8064.000000,0.000000,4.000000,,,,0.000000,4.000000,4.000000,4.000000,4.000000,4.000000,4.000000,4.000000,4.000000,4.000000,4.000000,4.000000,4.000000,4.000000,4.000000,4.000000,4.000000,4.000000,4.000000,2.000000,4.000000,4.000000,2.000000,4.000000,4.000000,4.000000,4.000000,4.000000,4.000000,4.000000,4.000000,4.000000,4.000000,66.666664
1614076753.849414,104.000000,0.000000,5.619520,2.818060,-2.357418,-4.588738,9.232300,6.479101,2.309178,0.620929,4.270566,-0.965012,-2.976123,15.123537,6.224053,-9.097883,12.076105,-10.826617,1.958087,4.476417,15.727117,-35.626717,-16.612812,1.555525,14.698017,7.027942,1.455119,0.955722,-1.595911,9.751263,-1.910739,-19.268402,-8.379652,-9.156836,8064.000000,0.000000,4.000000,,,,0.000000,4.000000,4.000000,4.000000,4.000000,4.000000,4.000000,4.000000,4.000000,4.000000,4.000000,4.000000,4.000000,4.000000,4.000000,4.000000,4.000000,4.000000,4.000000,2.000000,4.000000,4.000000,2.000000,4.000000,4.000000,4.000000,4.000000,4.000000,4.000000,4.000000,4.000000,4.000000,4.000000,66.666664
1614076753.857263,105.000000,0.000000,5.613900,2.815242,-2.355061,-4.584149,10.248709,6.985443,0.768407,-3.995076,4.266296,-0.451226,-8.614173,10.493029,1.602444,-13.704170,-1.269304,-34.405533,-0.095153,-8.348573,13.147286,-40.719296,-16.083378,-3.061416,7.503832,3.431170,-1.623259,-1.609336,-0.055854,10.767152,-3.960111,-18.736313,-7.345631,-9.660500,8064.000000,0.000000,4.000000,,,,0.000000,4.000000,4.000000,4.000000,4.000000,4.000000,4.000000,4.000000,4.000000,4.000000,4.000000,4.000000,4.000000,4.000000,4.000000,4.000000,4.000000,4.000000,4.000000,2.000000,4.000000,4.000000,2.000000,4.000000,4.000000,4.000000,4.000000,4.000000,4.000000,4.000000,4.000000,4.000000,4.000000,66.666664
1614076753.865012,106.000000,0.000000,5.608286,2.299606,-2.352706,-4.066745,9.725639,6.978457,0.767639,2.675586,4.262030,0.062046,-1.426071,8.431254,4.164944,-5.998158,-0.755215,-11.294206,6.058788,-4.237660,9.031575,-39.140114,-14.016013,7.710876,5.957866,3.427739,-0.595994,-2.120547,3.533946,10.243565,-4.468971,-15.640654,-7.851106,-9.138019,8064.000000,0.000000,4.000000,,,,0.000000,4.000000,4.000000,4.000000,4.000000,4.000000,4.000000,4.000000,4.000000,4.000000,4.000000,4.000000,4.000000,4.000000,4.000000,4.000000,4.000000,4.000000,4.000000,2.000000,4.000000,4.000000,2.000000,4.000000,4.000000,4.000000,4.000000,4.000000,4.000000,4.000000,4.000000,4.000000,4.000000,66.666664
1614076753.872861,107.000000,0.000000,5.602678,2.810127,-2.350353,-1.498576,9.715914,6.971478,0.766871,8.313935,4.257768,-0.450837,4.216380,8.935643,6.212061,0.161686,2.835284,-5.129065,7.591191,-16.028294,5.945621,-42.690720,-16.053280,9.241628,6.977550,3.424312,-0.595398,-1.605606,1.991950,10.233321,-3.951681,-15.112192,-7.843255,-4.513496,8064.000000,0.000000,4.000000,,,,0.000000,4.000000,4.000000,4.000000,4.000000,4.000000,4.000000,4.000000,4.000000,4.000000,4.000000,4.000000,4.000000,4.000000,4.000000,4.000000,4.000000,4.000000,4.000000,2.000000,4.000000,4.000000,2.000000,4.000000,4.000000,4.000000,4.000000,4.000000,4.000000,4.000000,4.000000,4.000000,4.000000,66.666664
1614076753.880610,108.000000,0.000000,5.597075,5.371419,-2.348003,0.041385,9.706198,6.964507,0.766104,5.228699,4.253510,-0.450386,2.160882,8.413887,5.180208,-2.915399,1.806808,-35.380348,6.557959,-26.268677,5.426855,-45.212132,-16.037226,-5.639409,6.457751,2.908067,-1.107624,-1.604001,1.477138,10.223087,-3.947730,-15.097080,-7.835412,-1.432059,8064.000000,0.000000,4.000000,,,,0.000000,4.000000,4.000000,4.000000,4.000000,4.000000,4.000000,4.000000,4.000000,4.000000,4.000000,4.000000,4.000000,4.000000,4.000000,4.000000,4.000000,4.000000,4.000000,2.000000,4.000000,4.000000,2.000000,4.000000,4.000000,4.000000,4.000000,4.000000,4.000000,4.000000,4.000000,4.000000,4.000000,66.666664
1614076753.888459,109.000000,0.000000,5.591478,6.391689,-2.858475,-0.471477,10.209312,6.444722,1.278159,3.172188,4.249256,-0.449936,3.184362,8.405473,5.175028,-4.450945,1.292181,-35.857788,7.064221,-5.729587,4.908607,-44.141277,-15.508368,-6.659411,6.451294,2.905159,-0.593695,-1.602397,2.501302,10.212865,-3.943782,-15.081984,-7.827576,-3.994730,8064.000000,0.000000,4.000000,,,,0.000000,4.000000,4.000000,4.000000,4.000000,4.000000,4.000000,4.000000,4.000000,4.000000,4.000000,4.000000,4.000000,4.000000,4.000000,4.000000,4.000000,4.000000,4.000000,2.000000,4.000000,4.000000,2.000000,4.000000,4.000000,4.000000,4.000000,4.000000,4.000000,4.000000,4.000000,4.000000,4.000000,66.666664
1614076753.896208,110.000000,0.000000,5.585886,6.898118,-1.829976,-0.471006,10.199103,6.438277,0.764060,8.810041,4.757827,-0.449486,8.822204,9.422709,6.195494,-2.395212,2.829350,-5.052698,8.082798,8.122296,5.929339,-43.071495,-15.492860,4.629300,6.957663,3.415074,-0.593102,-1.600794,2.498801,10.202652,-3.939838,-15.066901,-7.819748,-6.042017,8064.000000,0.000000,4.000000,,,,0.000000,4.000000,4.000000,4.000000,4.000000,4.000000,4.000000,4.000000,4.000000,4.000000,4.000000,4.000000,4.000000,4.000000,4.000000,4.000000,4.000000,4.000000,4.000000,2.000000,4.000000,4.000000,2.000000,4.000000,4.000000,4.000000,4.000000,4.000000,4.000000,4.000000,4.000000,4.000000,4.000000,66.666664
1614076753.904057,111.000000,0.000000,6.093121,9.455322,0.223136,-0.470535,10.188904,8.483121,0.763296,11.878155,6.804352,-0.449036,11.890305,7.362004,5.676478,-2.905637,3.339341,-0.432261,7.561895,-8.296082,3.359308,-43.028423,-15.477367,6.675952,7.463526,3.924479,-0.592509,-1.599194,2.496302,10.192449,-3.935899,-14.026194,-7.811929,-5.010334,8064.000000,0.000000,4.000000,,,,0.000000,4.000000,4.000000,4.000000,4.000000,4.000000,4.000000,4.000000,4.000000,4.000000,4.000000,4.000000,4.000000,4.000000,4.000000,4.000000,4.000000,4.000000,4.000000,2.000000,4.000000,4.000000,2.000000,4.000000,4.000000,4.000000,4.000000,4.000000,4.000000,4.000000,4.000000,4.000000,4.000000,66.666664
1614076753.911806,112.000000,0.000000,4.035746,9.958688,1.761375,-0.470064,12.229997,10.525920,1.788174,7.763712,8.336009,-0.448587,10.852773,5.816180,5.670802,-3.415552,1.284720,-10.688239,7.554333,-18.544197,-2.797898,-43.498215,-15.461890,3.592354,7.456062,3.920555,-1.104737,-1.084774,2.493805,10.182257,-3.931962,-11.448065,-7.804117,-5.005324,8064.000000,0.000000,4.000000,,,,0.000000,4.000000,4.000000,4.000000,4.000000,4.000000,4.000000,4.000000,4.000000,4.000000,4.000000,4.000000,4.000000,4.000000,4.000000,4.000000,4.000000,4.000000,4.000000,2.000000,4.000000,4.000000,2.000000,4.000000,4.000000,4.000000,4.000000,4.000000,4.000000,4.000000,4.000000,4.000000,4.000000,66.666664
1614076753.919655,113.000000,0.000000,1.980428,7.384626,1.759613,-0.469594,14.269050,10.515394,-1.290537,6.217487,8.327673,-0.448139,9.816279,5.297544,6.177951,-3.412137,2.309076,0.091680,7.546779,-9.294883,5.922849,-43.454716,-15.446428,-1.026623,3.858863,2.890993,-1.616452,-2.622151,2.491312,10.172074,-3.928030,-12.975078,-7.796313,-5.513139,8064.000000,0.000000,4.000000,,,,0.000000,4.000000,4.000000,4.000000,4.000000,4.000000,4.000000,4.000000,4.000000,4.000000,4.000000,4.000000,4.000000,4.000000,4.000000,4.000000,4.000000,4.000000,4.000000,2.000000,4.000000,4.000000,2.000000,4.000000,4.000000,4.000000,4.000000,4.000000,4.000000,4.000000,4.000000,4.000000,4.000000,66.666664
1614076753.927404,114.000000,0.000000,1.978448,6.351601,-0.806249,-0.469125,12.716318,10.504879,-5.904632,8.775372,6.780884,-0.447691,11.857745,3.753785,5.146132,-3.408725,4.358049,8.296717,6.513591,-0.567639,23.865644,-41.872803,-14.918161,-8.717904,-0.247560,3.913743,-3.666118,-5.183631,2.488820,8.110620,-3.924103,-15.013385,-7.788517,-5.507626,8064.000000,0.000000,4.000000,,,,0.000000,4.000000,4.000000,4.000000,4.000000,4.000000,4.000000,4.000000,4.000000,4.000000,4.000000,4.000000,4.000000,4.000000,4.000000,4.000000,4.000000,4.000000,4.000000,2.000000,4.000000,4.000000,2.000000,4.000000,4.000000,4.000000,4.000000,4.000000,4.000000,4.000000,4.000000,4.000000,4.000000,66.666664
1614076753.935253,115.000000,0.000000,0.438008,4.806787,-2.343904,-0.468656,10.139500,10.494374,-7.437189,5.689673,2.158718,-0.447243,9.281784,1.185928,2.064063,-2.892495,-5.902719,-15.301324,2.917334,-2.105533,15.636650,-47.471954,-15.416063,-3.068161,-1.272954,3.909830,-5.713734,-5.691268,2.486331,6.051228,-3.920178,-14.998372,-7.780728,-5.502118,8064.000000,0.000000,4.000000,,,,0.000000,4.000000,4.000000,4.000000,4.000000,4.000000,4.000000,4.000000,4.000000,4.000000,4.000000,4.000000,4.000000,4.000000,4.000000,4.000000,4.000000,4.000000,4.000000,2.000000,4.000000,4.000000,2.000000,4.000000,4.000000,4.000000,4.000000,4.000000,4.000000,4.000000,4.000000,4.000000,4.000000,66.666664
1614076753.943003,116.000000,0.000000,-2.126533,2.750699,-2.341560,0.044634,9.616540,10.483879,-6.916931,-3.546785,-2.971646,0.066025,2.093016,1.184742,-1.014924,-3.402423,-16.666048,-37.337303,-2.213789,-13.898299,-14.122577,-58.706532,-17.451929,9.242599,-0.758860,-1.735106,-2.631097,-5.172756,2.483845,6.557997,-3.916258,-16.521835,-7.772947,-5.496616,8064.000000,0.000000,4.000000,,,,0.000000,4.000000,4.000000,4.000000,4.000000,4.000000,4.000000,4.000000,4.000000,4.000000,4.000000,4.000000,4.000000,4.000000,4.000000,4.000000,4.000000,4.000000,4.000000,2.000000,4.000000,4.000000,2.000000,4.000000,4.000000,4.000000,4.000000,4.000000,4.000000,4.000000,4.000000,4.000000,4.000000,66.666664
1614076753.950851,117.000000,0.000000,0.952517,2.747948,-2.339219,-2.006693,10.119743,10.473395,-6.910014,-4.568880,-3.481495,-0.959682,-1.498821,1.696378,-2.039550,-3.399021,-8.957073,-21.915352,1.890989,-21.063889,-19.749479,-60.186287,-19.485760,5.130793,1.806001,-7.887217,7.115124,-5.167583,2.481361,6.551439,-3.912342,-18.556595,-7.765174,-4.978299,8064.000000,0.000000,4.000000,,,,0.000000,4.000000,4.000000,4.000000,4.000000,4.000000,4.000000,4.000000,4.000000,4.000000,4.000000,4.000000,4.000000,4.000000,4.000000,4.000000,4.000000,4.000000,4.000000,2.000000,4.000000,4.000000,2.000000,4.000000,4.000000,4.000000,4.000000,4.000000,4.000000,4.000000,4.000000,4.000000,4.000000,66.666664
1614076753.958601,118.000000,0.000000,5.566949,1.719559,-2.336879,-4.055968,10.109624,9.437282,-6.390283,1.076715,-2.965193,-3.522825,-0.471681,1.694682,-1.524690,-2.369981,3.359576,1.696307,11.119867,-11.812056,-0.755371,-52.433796,-18.953453,-4.105107,5.906759,-5.828048,13.261855,-5.162416,1.966059,6.544887,-3.908430,-18.538038,-7.757409,-5.486141,8064.000000,0.000000,4.000000,,,,0.000000,4.000000,4.000000,4.000000,4.000000,4.000000,4.000000,4.000000,4.000000,4.000000,4.000000,4.000000,4.000000,4.000000,4.000000,4.000000,4.000000,4.000000,4.000000,2.000000,4.000000,4.000000,2.000000,4.000000,4.000000,4.000000,4.000000,4.000000,4.000000,4.000000,4.000000,4.000000,4.000000,66.666664
1614076753.966450,119.000000,0.000000,6.074203,-0.846263,-2.334543,-4.564733,9.586694,6.350921,-6.896713,2.101279,-3.475048,-4.544943,-0.471210,1.692987,-1.523165,-5.957355,-0.233527,-6.510517,7.006183,-8.210500,6.937692,-49.817257,-19.447321,-0.511258,7.439314,-3.258117,11.197310,-5.157253,2.476914,6.538342,-3.904521,-19.032320,-8.262472,-5.993475,8064.000000,0.000000,4.000000,,,,0.000000,4.000000,4.000000,4.000000,4.000000,4.000000,4.000000,4.000000,4.000000,4.000000,4.000000,4.000000,4.000000,4.000000,4.000000,4.000000,4.000000,4.000000,4.000000,2.000000,4.000000,4.000000,2.000000,4.000000,4.000000,4.000000,4.000000,4.000000,4.000000,4.000000,4.000000,4.000000,4.000000,66.666664
1614076753.974199,120.000000,0.000000,5.042487,-1.871058,-2.332208,-4.560168,10.089928,3.267647,-6.889817,1.073537,-3.471573,-4.027578,-1.496379,1.691294,-2.034463,-10.053961,-6.899961,-24.965546,-5.308515,-19.484341,1.289729,-51.305901,-20.966335,3.591817,6.919054,-4.280500,9.647652,-5.664917,2.474437,6.531804,-3.900617,-19.013288,-7.741389,-4.961841,8064.000000,0.000000,4.000000,,,,0.000000,4.000000,4.000000,4.000000,4.000000,4.000000,4.000000,4.000000,4.000000,4.000000,4.000000,4.000000,4.000000,4.000000,4.000000,4.000000,4.000000,4.000000,4.000000,2.000000,4.000000,4.000000,2.000000,4.000000,4.000000,4.000000,4.000000,4.000000,4.000000,4.000000,4.000000,4.000000,4.000000,66.666664
1614076753.981848,121.000000,0.000000,5.550265,-0.843546,-2.329876,-4.042788,10.079838,2.751559,-0.729081,5.687848,-2.955281,-4.023550,-0.469242,1.689603,-1.519608,-8.505445,-4.328958,-20.325195,-1.200643,-12.798189,0.775619,-48.690495,-16.329983,3.588225,6.912135,-4.789040,10.663646,-5.146431,1.959142,6.525272,-3.896716,-17.455814,-7.733648,-5.469700,8064.000000,0.000000,4.000000,,,,0.000000,4.000000,4.000000,4.000000,4.000000,4.000000,4.000000,4.000000,4.000000,4.000000,4.000000,4.000000,4.000000,4.000000,4.000000,4.000000,4.000000,4.000000,4.000000,2.000000,4.000000,4.000000,2.000000,4.000000,4.000000,4.000000,4.000000,4.000000,4.000000,4.000000,4.000000,4.000000,4.000000,66.666664
1614076753.989597,122.000000,0.000000,6.057536,-0.842702,-2.327546,-4.551565,8.018476,3.261628,3.887033,8.246263,-2.952325,-4.532347,-0.981593,1.687913,-1.518088,-7.471299,-1.247706,-10.048459,8.544147,8.753070,3.851766,-46.077702,-11.698269,3.584637,7.418044,-3.245789,9.114520,-5.654105,2.470003,6.518747,-3.892819,-20.515282,-8.238735,-10.079615,8064.000000,0.000000,4.000000,,,,0.000000,4.000000,4.000000,4.000000,4.000000,4.000000,4.000000,4.000000,4.000000,4.000000,4.000000,4.000000,4.000000,4.000000,4.000000,4.000000,4.000000,4.000000,4.000000,2.000000,4.000000,4.000000,2.000000,4.000000,4.000000,4.000000,4.000000,4.000000,4.000000,4.000000,4.000000,4.000000,4.000000,66.666664
1614076753.997246,123.000000,0.000000,5.538658,-1.354680,-2.325218,-4.547014,5.959175,2.745545,2.344684,7.212376,-2.949373,-4.014994,-3.544714,1.173405,-1.516570,-10.540751,-1.246458,-9.012770,6.484322,2.590471,4.873555,-46.031624,-13.225032,0.504129,6.897805,-3.755364,11.669508,-5.648451,6.570097,6.512228,-4.401747,-21.520407,-7.717676,-13.146459,8064.000000,0.000000,4.000000,,,,0.000000,4.000000,4.000000,4.000000,4.000000,4.000000,4.000000,4.000000,4.000000,4.000000,4.000000,4.000000,4.000000,4.000000,4.000000,4.000000,4.000000,4.000000,4.000000,2.000000,4.000000,4.000000,2.000000,4.000000,4.000000,4.000000,4.000000,4.000000,4.000000,4.000000,4.000000,4.000000,4.000000,66.666664
1614076754.004995,124.000000,0.000000,5.533119,-0.327684,-2.322893,-2.491185,8.004498,3.255620,0.803878,9.769265,-2.946424,-4.010979,-4.566811,1.685052,-1.515053,-8.478929,-1.245212,-9.516578,2.888094,-18.950581,7.432784,-47.011230,-5.519499,7.683112,6.890907,-4.264429,19.862967,-2.053059,10.153271,6.505716,-2.858884,-9.191194,-3.094573,-9.543569,8064.000000,0.000000,4.000000,,,,0.000000,4.000000,4.000000,4.000000,4.000000,4.000000,4.000000,4.000000,4.000000,4.000000,4.000000,4.000000,4.000000,4.000000,4.000000,4.000000,4.000000,4.000000,4.000000,2.000000,4.000000,4.000000,2.000000,4.000000,4.000000,4.000000,4.000000,4.000000,4.000000,4.000000,4.000000,4.000000,4.000000,66.666664
1614076754.012644,125.000000,0.000000,5.527586,2.236746,-2.320570,2.126691,10.560596,5.816467,0.803074,9.246675,-2.943477,-4.006968,-1.998141,4.247469,-1.513538,-3.342244,-1.243967,-10.532702,4.423667,-11.752143,12.553556,-45.425758,6.280892,21.008762,6.884016,-1.183242,25.484129,2.051558,10.143118,7.012031,-0.804743,-0.976875,-0.014556,-5.944281,8192.000000,0.000000,4.000000,,,,0.000000,4.000000,4.000000,4.000000,4.000000,4.000000,4.000000,4.000000,4.000000,4.000000,4.000000,4.000000,4.000000,4.000000,4.000000,4.000000,4.000000,4.000000,4.000000,2.000000,4.000000,4.000000,2.000000,4.000000,4.000000,4.000000,4.000000,4.000000,4.000000,4.000000,4.000000,4.000000,4.000000,66.666664
1614076754.020393,126.000000,0.000000,5.522058,3.260150,-2.318250,3.663026,10.037215,6.836292,0.802271,2.570762,-2.940534,-4.002961,0.055139,5.268863,-1.512025,-2.826081,-1.242723,-12.573451,3.906423,6.208327,13.053823,-43.329052,-3.981799,11.244164,6.877132,3.946147,24.945826,2.562327,9.620154,5.466557,0.221703,-5.078462,-0.014541,-4.912696,8064.000000,0.000000,4.000000,,,,0.000000,4.000000,4.000000,4.000000,4.000000,4.000000,4.000000,4.000000,4.000000,4.000000,4.000000,4.000000,4.000000,4.000000,4.000000,4.000000,4.000000,4.000000,4.000000,2.000000,4.000000,4.000000,2.000000,4.000000,4.000000,4.000000,4.000000,4.000000,4.000000,4.000000,4.000000,4.000000,4.000000,66.666664
1614076754.028043,127.000000,0.000000,5.516536,2.744070,-2.315932,3.146542,9.001537,6.829456,2.852751,1.029730,-3.450414,-3.998958,-0.457737,5.263594,-1.510513,-2.823255,-1.241480,-7.432673,4.928158,4.150836,12.015129,-42.260082,-18.336792,-3.638875,6.870255,4.455021,24.920879,2.046944,9.610534,6.999552,-0.291339,-8.150307,-0.527347,-4.907783,8064.000000,0.000000,4.000000,,,,0.000000,4.000000,4.000000,4.000000,4.000000,4.000000,4.000000,4.000000,4.000000,4.000000,4.000000,4.000000,4.000000,4.000000,4.000000,4.000000,4.000000,4.000000,4.000000,2.000000,4.000000,4.000000,2.000000,4.000000,4.000000,4.000000,4.000000,4.000000,4.000000,4.000000,4.000000,4.000000,4.000000,66.666664
1614076754.035792,0.000000,0.000000,6.023840,2.741325,-1.800795,3.656216,10.018176,6.822626,4.388360,4.105624,-3.446963,-6.046241,-0.457279,5.771151,-1.509002,-3.846073,-1.240238,-3.835497,7.487332,-2.007160,15.080037,-42.730640,-14.728711,5.082713,6.863385,2.399284,22.331856,3.070538,10.113744,9.556655,-0.291048,-7.629336,-0.013999,-7.979798,0.000000,166.000000,4.000000,,,,0.000000,4.000000,4.000000,4.000000,4.000000,4.000000,4.000000,4.000000,4.000000,4.000000,4.000000,4.000000,4.000000,4.000000,4.000000,4.000000,4.000000,4.000000,4.000000,2.000000,4.000000,4.000000,2.000000,4.000000,4.000000,4.000000,4.000000,4.000000,4.000000,4.000000,4.000000,4.000000,4.000000,66.666664
1614076754.043441,1.000000,0.000000,4.992175,3.251405,-3.850276,2.626919,8.982517,5.277342,2.332689,3.075877,-2.930696,-7.578657,-0.456822,4.739739,-1.507493,-7.431971,-1.238998,-8.447045,4.402922,-5.594897,5.834188,-43.200733,-21.893471,7.641732,6.856522,4.448167,14.617216,0.503365,9.590810,4.931714,-0.290757,-12.749911,-0.526806,-12.074383,0.000000,221.000000,4.000000,,,,0.000000,4.000000,4.000000,4.000000,4.000000,4.000000,4.000000,4.000000,4.000000,4.000000,4.000000,4.000000,4.000000,4.000000,4.000000,4.000000,4.000000,4.000000,4.000000,2.000000,4.000000,4.000000,2.000000,4.000000,4.000000,4.000000,4.000000,4.000000,4.000000,4.000000,4.000000,4.000000,4.000000,66.666664
1614076754.051190,2.000000,0.000000,2.423080,2.735333,-6.410529,0.060190,3.332509,3.220783,0.279075,-0.004122,-3.953406,-7.571078,-3.020467,2.170897,-1.505986,-9.988641,-1.237759,-12.541162,0.295955,-15.332891,-13.658826,-45.721634,-38.794655,-10.827448,6.849665,3.418078,7.423112,-4.625343,7.017116,-0.201423,-0.290466,-15.814085,-0.526279,-13.087949,0.000000,186.000000,4.000000,,,,0.000000,4.000000,4.000000,4.000000,4.000000,4.000000,4.000000,4.000000,4.000000,4.000000,4.000000,4.000000,4.000000,4.000000,4.000000,4.000000,4.000000,4.000000,4.000000,2.000000,4.000000,4.000000,2.000000,4.000000,4.000000,4.000000,4.000000,4.000000,4.000000,4.000000,4.000000,4.000000,4.000000,66.666664
1614076754.058839,3.000000,0.000000,1.395016,2.219777,-4.865657,-0.965512,1.790715,2.704741,0.791616,-0.516938,-2.410991,-8.589149,-4.555908,1.143085,-1.504480,-11.517114,-0.723701,-13.554263,0.295659,-17.881662,-8.516962,-46.701553,-29.012268,-14.919185,6.842815,-6.328930,5.364407,-5.646359,5.984458,3.388522,-0.290176,-15.285450,-0.525753,-12.562040,0.000000,187.000000,4.000000,,,,0.000000,4.000000,4.000000,4.000000,4.000000,4.000000,4.000000,4.000000,4.000000,4.000000,4.000000,4.000000,4.000000,4.000000,4.000000,4.000000,4.000000,4.000000,4.000000,2.000000,4.000000,4.000000,2.000000,4.000000,4.000000,4.000000,4.000000,4.000000,4.000000,4.000000,4.000000,4.000000,4.000000,66.666664
1614076754.066588,4.000000,0.000000,1.906442,4.268839,-2.296688,-0.451726,9.481232,2.702037,0.790824,-0.003601,4.258086,-6.529277,-4.038532,1.654762,-2.015796,-10.479956,-1.748618,-13.027888,0.295363,-4.530447,12.517196,-44.090748,-8.983256,-6.186316,6.835972,-9.912345,7.923145,-5.127892,8.542576,7.487698,-0.289886,-14.757344,-0.525227,-12.549479,0.000000,192.000000,4.000000,,,,0.000000,4.000000,4.000000,4.000000,4.000000,4.000000,4.000000,4.000000,4.000000,4.000000,4.000000,4.000000,4.000000,4.000000,4.000000,4.000000,4.000000,4.000000,4.000000,2.000000,4.000000,4.000000,2.000000,4.000000,4.000000,4.000000,4.000000,4.000000,4.000000,4.000000,4.000000,4.000000,4.000000,66.666664
1614076754.074237,5.000000,0.000000,1.904536,6.315852,-2.294392,-0.451274,17.164059,3.212155,0.790034,-1.029238,8.869213,-1.394542,-4.547314,1.140287,-2.013780,-3.289989,-1.746870,-3.271270,0.295068,9.320238,16.607243,-38.918453,-6.410171,-3.616028,6.829136,-1.184484,9.966503,-5.122764,12.636598,5.941749,-0.289596,-14.742587,-0.524702,-12.536929,0.000000,182.000000,4.000000,,,,0.000000,4.000000,4.000000,4.000000,4.000000,4.000000,4.000000,4.000000,4.000000,4.000000,4.000000,4.000000,4.000000,4.000000,4.000000,4.000000,4.000000,4.000000,4.000000,2.000000,4.000000,4.000000,2.000000,4.000000,4.000000,4.000000,4.000000,4.000000,4.000000,4.000000,4.000000,4.000000,4.000000,66.666664
1614076754.082086,6.000000,0.000000,1.902631,6.822357,-2.804918,-0.963643,17.659716,5.260225,-0.236397,-1.028209,7.834702,-2.418789,-4.542767,1.139146,-1.498946,-0.722596,-0.719482,-5.832101,-0.218048,3.157072,14.539353,-38.366714,-7.429402,-2.073950,6.822307,3.944906,8.930896,-5.630462,12.623961,5.935807,-0.289306,-15.753485,-0.524177,-14.575674,0.000000,188.000000,4.000000,,,,0.000000,4.000000,4.000000,4.000000,4.000000,4.000000,4.000000,4.000000,4.000000,4.000000,4.000000,4.000000,4.000000,4.000000,4.000000,4.000000,4.000000,4.000000,4.000000,2.000000,4.000000,4.000000,2.000000,4.000000,4.000000,4.000000,4.000000,4.000000,4.000000,4.000000,4.000000,4.000000,4.000000,66.666664
1614076754.089835,7.000000,0.000000,1.387908,6.302714,-2.289292,-0.449859,17.129234,7.306247,0.789480,-0.001540,7.826868,-7.031755,-4.538224,1.138007,-1.497447,-8.927002,-3.282865,-31.467295,-6.371676,-22.999931,10.935070,-44.995014,-11.524536,-3.610338,5.277023,3.428140,6.357862,-5.112011,9.021593,6.955512,-0.289017,-14.712090,-0.523653,-16.099560,0.000000,163.000000,4.000000,,,,0.000000,4.000000,4.000000,4.000000,4.000000,4.000000,4.000000,4.000000,4.000000,4.000000,4.000000,4.000000,4.000000,4.000000,4.000000,4.000000,4.000000,4.000000,4.000000,2.000000,4.000000,4.000000,2.000000,4.000000,4.000000,4.000000,4.000000,4.000000,4.000000,4.000000,4.000000,4.000000,4.000000,66.666664
1614076754.097684,8.000000,0.000000,1.899340,6.296412,-1.774183,0.063411,18.650566,6.786120,4.378434,1.024103,8.331861,-3.947800,-4.533686,2.162510,-1.495949,-14.046280,-8.407787,-35.025570,-12.006330,-33.233341,-1.896378,-50.591045,-24.846346,-10.786215,3.220464,3.937533,6.864325,-4.594079,5.935649,6.435736,0.224093,-9.056353,-0.010309,-15.570641,0.000000,181.000000,4.000000,,,,0.000000,4.000000,4.000000,4.000000,4.000000,4.000000,4.000000,4.000000,4.000000,4.000000,4.000000,4.000000,4.000000,4.000000,4.000000,4.000000,4.000000,4.000000,4.000000,2.000000,4.000000,4.000000,2.000000,4.000000,4.000000,4.000000,4.000000,4.000000,4.000000,4.000000,4.000000,4.000000,4.000000,66.666664
1614076754.105434,9.000000,0.000000,4.461544,6.290115,-2.798049,-1.475114,16.067814,6.779334,4.374055,6.664104,7.810709,0.158712,-0.939408,4.211630,2.095290,-11.980951,-4.809636,-16.529007,-8.404580,-13.712929,1.695262,-47.976353,-28.411242,-5.134403,3.217244,0.343852,6.344640,-5.615126,5.929713,6.429300,-0.288952,-9.047297,-0.523119,-16.580711,0.000000,203.000000,4.000000,,,,0.000000,4.000000,4.000000,4.000000,4.000000,4.000000,4.000000,4.000000,4.000000,4.000000,4.000000,4.000000,4.000000,4.000000,4.000000,4.000000,4.000000,4.000000,4.000000,2.000000,4.000000,4.000000,2.000000,4.000000,4.000000,4.000000,4.000000,4.000000,4.000000,4.000000,4.000000,4.000000,4.000000,66.666664
1614076754.113282,10.000000,0.000000,5.995543,6.283825,-1.769610,0.064823,13.487643,9.336658,3.856861,16.913851,8.828540,0.158553,5.215377,8.309982,7.734221,-10.430510,3.913123,-19.076580,0.321773,-9.596652,18.103823,-42.800171,-21.203344,8.204065,5.778129,-2.733415,5.825475,-5.096690,4.898142,8.986974,-0.288663,-11.602352,-1.035416,-16.564131,0.000000,206.000000,4.000000,,,,0.000000,4.000000,4.000000,4.000000,4.000000,4.000000,4.000000,4.000000,4.000000,4.000000,4.000000,4.000000,4.000000,4.000000,4.000000,4.000000,4.000000,4.000000,4.000000,2.000000,4.000000,4.000000,2.000000,4.000000,4.000000,4.000000,4.000000,4.000000,4.000000,4.000000,4.000000,4.000000,4.000000,66.666664
1614076754.121032,11.000000,0.000000,5.476727,6.277541,0.796262,5.192964,14.499797,12.917064,9.494030,23.050783,11.383814,4.260959,11.364008,14.968339,11.829050,-2.727771,9.037415,-16.493402,8.013759,-21.381927,10.393412,-41.731728,-20.156500,11.272784,9.874915,3.423164,7.358111,-1.501850,5.406065,10.516448,0.224446,-7.488185,0.504081,-11.419360,0.000000,162.000000,4.000000,,,,0.000000,4.000000,4.000000,4.000000,4.000000,4.000000,4.000000,4.000000,4.000000,4.000000,4.000000,4.000000,4.000000,4.000000,4.000000,4.000000,4.000000,4.000000,4.000000,2.000000,4.000000,4.000000,2.000000,4.000000,4.000000,4.000000,4.000000,4.000000,4.000000,4.000000,4.000000,4.000000,4.000000,66.666664
1614076754.128881,12.000000,0.000000,5.471251,6.271264,-1.255816,5.700591,11.408374,12.904147,10.510177,22.002090,11.372430,5.282339,10.839824,14.953371,7.714657,4.454444,11.079659,9.164117,11.595489,1.203557,0.639429,-42.202816,-21.674805,11.261511,9.352220,8.035126,4.273830,-3.038809,6.426300,9.993111,-2.339881,-11.070441,-3.086167,-12.433582,0.000000,165.000000,4.000000,,,,0.000000,4.000000,4.000000,4.000000,4.000000,4.000000,4.000000,4.000000,4.000000,4.000000,4.000000,4.000000,4.000000,4.000000,4.000000,4.000000,4.000000,4.000000,4.000000,2.000000,4.000000,4.000000,2.000000,4.000000,4.000000,4.000000,4.000000,4.000000,4.000000,4.000000,4.000000,4.000000,4.000000,66.666664
1614076754.136630,13.000000,0.000000,5.465780,6.264992,-6.382766,2.105147,1.653376,10.327140,0.756077,18.390345,8.796955,-0.876790,3.649497,5.707648,-3.575109,-3.755139,7.478836,4.539568,6.968509,21.715174,5.766994,-42.160614,-23.704412,8.173326,4.727483,5.462988,-3.422751,-10.728078,3.342950,9.983118,-7.465746,-24.905523,-10.262568,-22.164738,0.000000,202.000000,4.000000,,,,0.000000,4.000000,4.000000,4.000000,4.000000,4.000000,4.000000,4.000000,4.000000,4.000000,4.000000,4.000000,4.000000,4.000000,4.000000,4.000000,4.000000,4.000000,4.000000,2.000000,4.000000,4.000000,2.000000,4.000000,4.000000,4.000000,4.000000,4.000000,4.000000,4.000000,4.000000,4.000000,4.000000,66.666664
1614076754.144479,14.000000,0.000000,5.460314,6.258727,-6.376383,3.641503,-1.938021,9.803992,-1.808782,15.295032,7.249696,-4.978477,-0.969538,1.599376,-10.751020,-9.392409,0.804691,-15.977792,1.320515,-3.947567,-1.931080,-41.092812,-26.757631,-3.116898,4.209935,3.919064,-3.419329,-12.255812,2.313967,9.973135,-7.458280,-22.829336,-9.226665,-20.091291,0.000000,204.000000,4.000000,,,,0.000000,4.000000,4.000000,4.000000,4.000000,4.000000,4.000000,4.000000,4.000000,4.000000,4.000000,4.000000,4.000000,4.000000,4.000000,4.000000,4.000000,4.000000,4.000000,2.000000,4.000000,4.000000,2.000000,4.000000,4.000000,4.000000,4.000000,4.000000,4.000000,4.000000,4.000000,4.000000,4.000000,66.666664
1614076754.152228,15.000000,0.000000,5.454854,6.252469,-2.267442,7.227605,0.628019,12.358292,5.885335,13.741275,7.755267,-3.947857,-0.968568,7.238802,-5.612064,1.386214,5.932091,3.012545,5.421758,-15.738491,-5.006072,-36.949158,-15.961642,2.014424,9.333930,2.376683,4.276398,-6.089710,13.593704,9.963161,-1.809796,-10.498815,-2.037951,-9.301970,0.000000,177.000000,4.000000,,,,0.000000,4.000000,4.000000,4.000000,4.000000,4.000000,4.000000,4.000000,4.000000,4.000000,4.000000,4.000000,4.000000,4.000000,4.000000,4.000000,4.000000,4.000000,4.000000,2.000000,4.000000,4.000000,2.000000,4.000000,4.000000,4.000000,4.000000,4.000000,4.000000,4.000000,4.000000,4.000000,4.000000,66.666664
1614076754.160077,16.000000,0.000000,5.449399,6.246216,2.350209,5.681916,3.191494,13.884395,8.956372,14.240355,7.234691,-3.943910,-1.480420,9.795667,-0.478247,5.487392,15.156928,16.855686,11.570183,8.379811,17.563036,-33.322464,-4.150809,20.473948,11.375878,4.425588,7.349045,-4.545158,21.785238,9.953198,0.756116,-9.975495,-0.497451,-8.267027,0.000000,201.000000,4.000000,,,,0.000000,4.000000,4.000000,4.000000,4.000000,4.000000,4.000000,4.000000,4.000000,4.000000,4.000000,4.000000,4.000000,4.000000,4.000000,4.000000,4.000000,4.000000,4.000000,2.000000,4.000000,4.000000,2.000000,4.000000,4.000000,4.000000,4.000000,4.000000,4.000000,4.000000,4.000000,4.000000,4.000000,66.666664
1614076754.167826,17.000000,0.000000,5.443949,6.239970,6.963244,8.240336,7.290866,13.870510,7.408955,14.738935,7.740277,-2.914325,1.085163,7.734589,-3.554692,-1.184762,8.475104,-12.391938,9.507330,2.730406,21.135218,-39.955807,-14.403069,11.735525,9.826041,9.549368,5.803235,-6.079075,15.096786,9.943245,-0.783102,-10.991161,2.579970,-8.258759,0.000000,196.000000,4.000000,,,,0.000000,4.000000,4.000000,4.000000,4.000000,4.000000,4.000000,4.000000,4.000000,4.000000,4.000000,4.000000,4.000000,4.000000,4.000000,4.000000,4.000000,4.000000,4.000000,2.000000,4.000000,4.000000,2.000000,4.000000,4.000000,4.000000,4.000000,4.000000,4.000000,4.000000,4.000000,4.000000,4.000000,66.666664
1614076754.175675,18.000000,0.000000,4.925685,6.233730,9.007563,15.924404,12.924602,13.856640,7.401546,13.185734,10.296639,-0.347308,8.776385,8.752495,0.038606,8.047192,5.902527,-21.610315,6.933721,-25.477453,-3.501303,-49.146622,-27.209179,-10.327492,10.329036,4.411613,6.310252,-4.021714,8.927843,9.933302,-0.269498,-7.903247,9.756877,-2.609475,0.000000,208.000000,4.000000,,,,0.000000,4.000000,4.000000,4.000000,4.000000,4.000000,4.000000,4.000000,4.000000,4.000000,4.000000,4.000000,4.000000,4.000000,4.000000,4.000000,4.000000,4.000000,4.000000,2.000000,4.000000,4.000000,2.000000,4.000000,4.000000,4.000000,4.000000,4.000000,4.000000,4.000000,4.000000,4.000000,4.000000,66.666664
1614076754.183424,19.000000,0.000000,5.433579,6.227496,8.998555,13.857198,14.450138,13.842783,8.419785,10.095625,11.824804,0.165860,13.895814,11.820665,10.807798,20.346836,21.794060,3.539500,12.054992,-17.246847,-5.549084,-46.020550,-22.566584,-4.163319,10.831527,-5.849208,6.816762,-1.453589,12.508659,9.923368,0.243592,-10.972267,8.721478,-3.119686,0.000000,174.000000,4.000000,,,,0.000000,4.000000,4.000000,4.000000,4.000000,4.000000,4.000000,4.000000,4.000000,4.000000,4.000000,4.000000,4.000000,4.000000,4.000000,4.000000,4.000000,4.000000,4.000000,2.000000,4.000000,4.000000,2.000000,4.000000,4.000000,4.000000,4.000000,4.000000,4.000000,4.000000,4.000000,4.000000,4.000000,66.666664
1614076754.191273,20.000000,0.000000,7.479428,6.221269,8.476736,7.689495,13.410048,13.828940,7.898545,12.649632,11.300159,-0.347126,13.881918,12.834486,14.899554,10.582900,26.387651,1.997499,15.632681,12.513989,22.661594,-36.230942,-17.415812,11.738280,10.307875,-3.279257,6.297125,-0.939315,14.034612,9.913445,-3.859216,-14.551038,3.071732,-8.757592,0.000000,165.000000,4.000000,,,,0.000000,4.000000,4.000000,4.000000,4.000000,4.000000,4.000000,4.000000,4.000000,4.000000,4.000000,4.000000,4.000000,4.000000,4.000000,4.000000,4.000000,4.000000,4.000000,2.000000,4.000000,4.000000,2.000000,4.000000,4.000000,4.000000,4.000000,4.000000,4.000000,4.000000,4.000000,4.000000,4.000000,66.666664
1614076754.199022,21.000000,0.000000,9.010410,6.215047,8.981080,9.220266,13.909457,13.815111,7.890646,16.226727,11.801680,0.166041,14.893678,12.308831,10.782091,-3.273836,12.002289,-22.619883,15.104227,17.116861,40.074829,-33.117786,-18.424038,8.136799,10.297567,3.903510,6.290828,-1.451196,12.482116,9.903532,-7.445100,-15.562128,2.555840,-8.236014,0.000000,194.000000,4.000000,,,,0.000000,4.000000,4.000000,4.000000,4.000000,4.000000,4.000000,4.000000,4.000000,4.000000,4.000000,4.000000,4.000000,4.000000,4.000000,4.000000,4.000000,4.000000,4.000000,2.000000,4.000000,4.000000,2.000000,4.000000,4.000000,4.000000,4.000000,4.000000,4.000000,4.000000,4.000000,4.000000,4.000000,66.666664
1614076754.206671,22.000000,0.000000,9.001400,6.208832,8.459278,9.211046,13.895548,13.801296,7.882756,9.031013,11.789878,0.165875,14.365963,12.296522,10.258489,-4.296204,7.374902,-15.417776,14.576303,4.279231,26.188601,-35.648773,-19.431255,1.974816,10.287270,3.899606,6.284537,-1.449745,12.469634,9.893628,-4.873552,-14.520925,3.578925,-5.150855,0.000000,198.000000,4.000000,,,,0.000000,4.000000,4.000000,4.000000,4.000000,4.000000,4.000000,4.000000,4.000000,4.000000,4.000000,4.000000,4.000000,4.000000,4.000000,4.000000,4.000000,4.000000,4.000000,2.000000,4.000000,4.000000,2.000000,4.000000,4.000000,4.000000,4.000000,4.000000,4.000000,4.000000,4.000000,4.000000,4.000000,66.666664
1614076754.214420,23.000000,0.000000,8.992398,6.202623,8.450819,3.560809,13.881653,14.300315,8.387693,-0.721609,11.265267,-0.347111,11.274674,12.284225,8.709768,-2.240625,10.957271,8.187385,14.048905,0.172387,0.521387,-38.177227,-18.899002,4.536943,10.276982,2.870065,6.791073,-1.448295,13.482805,9.883735,-0.253294,-7.326917,3.062525,-4.632884,0.000000,197.000000,4.000000,,,,0.000000,4.000000,4.000000,4.000000,4.000000,4.000000,4.000000,4.000000,4.000000,4.000000,4.000000,4.000000,4.000000,4.000000,4.000000,4.000000,4.000000,4.000000,4.000000,2.000000,4.000000,4.000000,2.000000,4.000000,4.000000,4.000000,4.000000,4.000000,4.000000,4.000000,4.000000,4.000000,4.000000,66.666664
1614076754.222069,24.000000,0.000000,8.983406,6.196421,8.442369,2.018787,13.354950,13.773194,7.866485,0.817575,12.792463,-0.346764,10.237759,12.271941,1.521571,-3.776846,6.330929,-2.590033,10.957933,-0.340605,-8.197083,-40.703152,-14.264719,3.506766,10.266706,4.405657,6.784282,-1.446847,12.956502,9.873851,-0.253041,0.372718,2.546642,-5.653892,0.000000,199.000000,4.000000,,,,0.000000,4.000000,4.000000,4.000000,4.000000,4.000000,4.000000,4.000000,4.000000,4.000000,4.000000,4.000000,4.000000,4.000000,4.000000,4.000000,4.000000,4.000000,4.000000,2.000000,4.000000,4.000000,2.000000,4.000000,4.000000,4.000000,4.000000,4.000000,4.000000,4.000000,4.000000,4.000000,4.000000,66.666664
1614076754.229818,25.000000,0.000000,8.974422,6.190225,8.433926,3.042409,13.341596,13.759421,7.858619,3.893680,9.702748,0.166403,10.740341,12.259669,-2.582514,-4.285890,1.196393,-34.382317,10.434155,-13.673598,-3.060681,-42.713730,-10.660711,2.477618,10.256438,3.888431,6.264677,-1.445400,12.943545,9.863977,-0.252788,-1.678937,3.056916,-7.186699,0.000000,213.000000,4.000000,,,,0.000000,4.000000,4.000000,4.000000,4.000000,4.000000,4.000000,4.000000,4.000000,4.000000,4.000000,4.000000,4.000000,4.000000,4.000000,4.000000,4.000000,4.000000,4.000000,2.000000,4.000000,4.000000,2.000000,4.000000,4.000000,4.000000,4.000000,4.000000,4.000000,4.000000,4.000000,4.000000,4.000000,66.666664
1614076754.237468,26.000000,0.000000,9.478269,6.184034,8.425492,3.039367,14.353895,14.771303,8.363581,-2.264060,-0.563365,-0.859404,6.114216,12.247410,-2.067111,-3.255963,1.195196,-31.783831,11.449362,-25.454796,-3.057621,-40.619736,-14.752614,4.013602,9.733361,3.884542,6.771233,-1.443955,13.443422,9.854114,0.260285,-7.318284,3.053859,-8.717975,0.000000,126.000000,4.000000,,,,0.000000,4.000000,4.000000,4.000000,4.000000,4.000000,4.000000,4.000000,4.000000,4.000000,4.000000,4.000000,4.000000,4.000000,4.000000,4.000000,4.000000,4.000000,4.000000,2.000000,4.000000,4.000000,2.000000,4.000000,4.000000,4.000000,4.000000,4.000000,4.000000,4.000000,4.000000,4.000000,4.000000,66.666664
1614076754.245217,27.000000,0.000000,7.930329,6.177850,8.417067,2.523507,10.749798,11.166788,7.329576,-4.313078,-7.742289,-4.961109,-2.609847,12.235163,-1.552224,-3.252707,2.219642,-2.521277,8.873810,-13.121650,0.535181,-42.630398,-16.789145,-9.836566,9.723628,3.880658,6.764462,-0.929690,10.353056,9.844259,-0.252795,-7.310966,3.050805,-8.709256,0.000000,210.000000,4.000000,,,,0.000000,4.000000,4.000000,4.000000,4.000000,4.000000,4.000000,4.000000,4.000000,4.000000,4.000000,4.000000,4.000000,4.000000,4.000000,4.000000,4.000000,4.000000,4.000000,2.000000,4.000000,4.000000,2.000000,4.000000,4.000000,4.000000,4.000000,4.000000,4.000000,4.000000,4.000000,4.000000,4.000000,66.666664
1614076754.252866,28.000000,0.000000,4.845476,6.171672,8.408649,3.033804,4.072381,3.976134,1.168400,1.845082,-7.221726,-7.520250,-5.684160,12.735747,-2.063492,-3.249454,1.704602,-5.595679,3.736731,-10.544425,8.226954,-59.510841,-20.362099,-29.826729,10.739546,-0.738607,2.142313,-2.467222,6.240139,7.783133,-0.252543,-6.790834,3.047755,-9.213367,0.000000,169.000000,4.000000,,,,0.000000,4.000000,4.000000,4.000000,4.000000,4.000000,4.000000,4.000000,4.000000,4.000000,4.000000,4.000000,4.000000,4.000000,4.000000,4.000000,4.000000,4.000000,4.000000,2.000000,4.000000,4.000000,4.000000,4.000000,4.000000,4.000000,4.000000,4.000000,4.000000,4.000000,4.000000,4.000000,4.000000,83.333336
1614076754.260615,29.000000,0.000000,2.276527,6.165501,7.887420,3.030770,3.042668,1.920876,-3.448153,3.381698,-6.701684,-5.461448,-0.550270,12.210192,-1.548608,-3.246205,2.215718,-29.692648,3.220174,-34.636444,4.116162,-72.271843,-34.700710,-23.130236,10.215985,-6.378894,-4.013676,-4.516037,5.208258,6.236888,0.260531,-7.809684,3.044707,-8.691334,0.000000,193.000000,4.000000,,,,0.000000,4.000000,4.000000,4.000000,4.000000,4.000000,4.000000,4.000000,4.000000,4.000000,4.000000,4.000000,4.000000,4.000000,4.000000,4.000000,4.000000,4.000000,4.000000,2.000000,4.000000,4.000000,4.000000,4.000000,4.000000,4.000000,4.000000,4.000000,4.000000,4.000000,4.000000,4.000000,4.000000,83.333336
1614076754.268264,30.000000,0.000000,1.761430,6.672156,8.392353,3.027740,6.629368,3.457417,-3.444705,4.403957,-7.207803,-2.891884,6.629767,12.710802,-1.547059,-2.730138,3.239143,-22.996288,7.319518,-35.114628,1.035123,-60.917522,-37.742931,-1.055823,10.718590,-9.962259,-6.060945,-5.537162,5.715870,6.230651,-3.329474,-7.289054,3.554483,-8.169822,0.000000,191.000000,4.000000,,,,0.000000,4.000000,4.000000,4.000000,4.000000,4.000000,4.000000,4.000000,4.000000,4.000000,4.000000,4.000000,4.000000,4.000000,4.000000,4.000000,4.000000,4.000000,4.000000,2.000000,4.000000,4.000000,4.000000,4.000000,4.000000,4.000000,4.000000,4.000000,4.000000,4.000000,4.000000,4.000000,4.000000,83.333336
1614076754.276013,31.000000,0.000000,1.759669,6.665483,8.383961,3.024712,5.084278,2.428318,-2.928439,10.040579,-7.200595,-3.401813,8.161599,12.698091,-1.545512,-2.727408,3.235904,-5.537394,8.337839,-3.284642,9.239216,-41.369423,-19.756472,4.586258,15.323256,-11.490759,-2.977960,-5.018805,5.710154,6.224421,-7.941529,-7.281765,3.038108,-11.238575,0.000000,189.000000,4.000000,,,,0.000000,4.000000,4.000000,4.000000,4.000000,4.000000,4.000000,4.000000,4.000000,4.000000,4.000000,4.000000,4.000000,4.000000,4.000000,4.000000,4.000000,4.000000,4.000000,2.000000,4.000000,4.000000,4.000000,4.000000,4.000000,4.000000,4.000000,4.000000,4.000000,4.000000,4.000000,4.000000,4.000000,83.333336
1614076754.283662,32.000000,0.000000,1.757909,5.633177,6.324295,3.021687,-0.049012,-0.138213,-3.438332,8.492077,-7.193394,-6.475334,3.025232,9.608470,-1.031146,-3.237501,1.694207,-10.147242,6.791040,12.103257,15.383823,-32.610107,-8.454664,2.530390,18.384855,-8.402345,3.691684,-5.013786,7.755726,6.218196,-6.395126,-7.274483,3.035069,-10.714516,8064.000000,0.000000,4.000000,,,,0.000000,4.000000,4.000000,4.000000,4.000000,4.000000,4.000000,4.000000,4.000000,4.000000,4.000000,4.000000,4.000000,4.000000,4.000000,4.000000,4.000000,4.000000,4.000000,2.000000,4.000000,4.000000,4.000000,4.000000,4.000000,4.000000,4.000000,4.000000,4.000000,4.000000,4.000000,4.000000,4.000000,83.333336
1614076754.291411,33.000000,0.000000,2.268972,7.166006,5.292330,3.018665,-2.100245,-1.163716,-3.434893,1.816918,-6.673380,-7.494500,-0.054716,2.419374,-2.568577,-2.208622,2.718153,-8.598633,8.322711,5.424488,13.829978,-34.115959,-11.523132,4.066321,15.289548,0.324006,7.790556,-5.521593,9.799253,6.211978,-3.824628,-5.728747,6.108957,-4.549955,8064.000000,0.000000,4.000000,,,,0.000000,4.000000,4.000000,4.000000,4.000000,4.000000,4.000000,4.000000,4.000000,4.000000,4.000000,4.000000,4.000000,4.000000,4.000000,4.000000,4.000000,4.000000,4.000000,2.000000,4.000000,4.000000,4.000000,4.000000,4.000000,4.000000,4.000000,4.000000,4.000000,4.000000,4.000000,4.000000,4.000000,83.333336
1614076754.299061,34.000000,0.000000,-1.323041,6.646019,7.338319,3.015647,-1.072504,-0.649731,-2.918638,-0.749001,-6.153886,-6.461364,-0.054662,-4.249712,-7.181393,-4.770516,2.202615,-7.051572,6.263106,-8.939911,5.611020,-46.902355,-19.203917,-0.040310,6.043489,4.939067,2.141741,-5.003250,6.712530,5.180125,-3.820803,-3.158916,6.102849,-0.442841,8064.000000,0.000000,4.000000,,,,0.000000,4.000000,4.000000,4.000000,4.000000,4.000000,4.000000,4.000000,4.000000,4.000000,4.000000,4.000000,4.000000,4.000000,4.000000,4.000000,4.000000,4.000000,4.000000,2.000000,4.000000,4.000000,4.000000,4.000000,4.000000,4.000000,4.000000,4.000000,4.000000,4.000000,4.000000,4.000000,4.000000,83.333336
1614076754.306810,35.000000,0.000000,-5.424282,0.485527,8.869443,3.012631,-1.071431,-0.649082,-2.915719,-4.337996,-8.711835,-10.557467,-4.669991,-8.348026,-9.225493,-13.483695,-10.620101,-35.249649,-7.076490,-32.520714,-5.676643,-62.752888,-32.005226,-7.219757,-4.218965,-1.219718,-6.065529,-4.998247,0.039151,3.123663,-4.329803,-3.155757,1.481361,-0.442398,8064.000000,0.000000,4.000000,,,,0.000000,4.000000,4.000000,4.000000,4.000000,4.000000,4.000000,4.000000,4.000000,4.000000,4.000000,4.000000,4.000000,4.000000,4.000000,4.000000,4.000000,4.000000,4.000000,2.000000,4.000000,4.000000,4.000000,4.000000,4.000000,4.000000,4.000000,4.000000,4.000000,4.000000,4.000000,4.000000,4.000000,83.333336
1614076754.314459,36.000000,0.000000,-5.931678,-5.155984,8.347753,3.009619,-1.583180,-0.648433,-2.912803,-7.410581,-9.215943,-17.213575,-11.844809,-9.878139,-8.703447,-19.111237,-24.455635,-47.009270,-19.889927,-39.154861,-10.286351,-67.818344,-40.691170,-8.238177,-8.317309,-12.500549,-8.623567,-5.506069,-2.524991,2.094898,-3.812653,-5.716704,-1.597043,-2.493238,8064.000000,0.000000,4.000000,,,,0.000000,4.000000,4.000000,4.000000,4.000000,4.000000,4.000000,4.000000,4.000000,4.000000,4.000000,4.000000,4.000000,4.000000,4.000000,4.000000,4.000000,4.000000,4.000000,2.000000,4.000000,4.000000,4.000000,4.000000,4.000000,4.000000,4.000000,4.000000,4.000000,4.000000,4.000000,4.000000,4.000000,83.333336
1614076754.322208,37.000000,0.000000,-5.412926,-5.150828,7.826584,3.006609,-1.068776,-0.647784,-2.909891,-0.223683,-5.104164,-15.145081,-11.832964,-7.816979,-8.694744,-16.015202,-19.815794,-21.321236,-16.793114,-22.705450,-7.199142,-66.212059,-38.599197,-8.229939,-5.232069,-18.129074,-8.102122,-4.987743,1.580098,2.605624,-3.808840,-6.736628,-0.569805,-7.106129,8064.000000,0.000000,4.000000,,,,0.000000,4.000000,4.000000,4.000000,4.000000,4.000000,4.000000,4.000000,4.000000,4.000000,4.000000,4.000000,4.000000,4.000000,4.000000,4.000000,4.000000,4.000000,4.000000,2.000000,4.000000,4.000000,4.000000,4.000000,4.000000,4.000000,4.000000,4.000000,4.000000,4.000000,4.000000,4.000000,4.000000,83.333336
1614076754.329857,38.000000,0.000000,-5.920333,-4.632857,8.844398,3.003602,-1.067708,-0.647136,-2.394160,7.468848,-3.560598,-10.514550,-8.231387,-5.757881,-9.198870,-14.460726,-10.052388,-26.940941,-8.571193,-26.785309,-5.653481,-68.197128,-35.996494,-7.196069,-1.637094,-14.008382,-8.094020,-2.931473,5.168262,2.603018,-3.805031,-4.678609,-0.569235,-6.586203,8064.000000,0.000000,4.000000,,,,0.000000,4.000000,4.000000,4.000000,4.000000,4.000000,4.000000,4.000000,4.000000,4.000000,4.000000,4.000000,4.000000,4.000000,4.000000,4.000000,4.000000,4.000000,4.000000,2.000000,4.000000,4.000000,4.000000,4.000000,4.000000,4.000000,4.000000,4.000000,4.000000,4.000000,4.000000,4.000000,4.000000,83.333336
1614076754.337706,39.000000,0.000000,-5.401593,-5.141045,7.809913,3.513419,-1.066640,-0.646489,-3.930228,7.461379,-6.121140,-10.504036,-8.735976,-6.264943,-9.189671,-14.959085,-11.067977,-48.452461,-7.536980,-42.143139,-2.058084,-66.077652,-33.396397,-2.060667,-1.122636,-10.404630,-8.598747,-0.877259,4.137452,2.600415,-3.288406,-2.622649,-1.081487,-1.964232,8064.000000,0.000000,4.000000,,,,0.000000,4.000000,4.000000,4.000000,4.000000,4.000000,4.000000,4.000000,4.000000,4.000000,4.000000,4.000000,4.000000,4.000000,4.000000,4.000000,4.000000,4.000000,4.000000,2.000000,4.000000,4.000000,4.000000,4.000000,4.000000,4.000000,4.000000,4.000000,4.000000,4.000000,4.000000,4.000000,4.000000,83.333336
1614076754.345455,40.000000,0.000000,-5.396191,-5.135904,5.750821,2.484265,-1.065573,-0.645843,-6.490400,6.941097,-7.140660,-11.006352,-5.137497,-5.745858,-7.642020,-8.277459,-2.338961,-15.583496,-7.016623,-21.588175,-1.543205,-57.806446,-29.260435,-1.545786,-0.608693,-11.419866,-8.590148,-0.363562,2.594853,2.597815,-3.285117,-4.158487,-0.567585,-6.064832,8064.000000,0.000000,4.000000,,,,0.000000,4.000000,4.000000,4.000000,4.000000,4.000000,4.000000,4.000000,4.000000,4.000000,4.000000,4.000000,4.000000,4.000000,4.000000,4.000000,4.000000,4.000000,4.000000,2.000000,4.000000,4.000000,4.000000,4.000000,4.000000,4.000000,4.000000,4.000000,4.000000,4.000000,4.000000,4.000000,4.000000,83.333336
1614076754.353304,41.000000,0.000000,-5.390795,-4.617947,4.206609,-0.082322,-1.064508,-0.645197,-6.996730,6.421336,-6.107878,-10.482526,-3.081077,-5.740112,-5.070275,-2.628156,11.509532,9.560292,-2.907042,4.074439,-4.105764,-53.646076,-28.718353,-7.185266,-0.095264,-11.408446,-7.555917,-1.901660,2.079438,2.595217,-3.794653,-7.744072,-0.567017,-15.802357,8064.000000,0.000000,4.000000,,,,0.000000,4.000000,4.000000,4.000000,4.000000,4.000000,4.000000,4.000000,4.000000,4.000000,4.000000,4.000000,4.000000,4.000000,4.000000,4.000000,4.000000,4.000000,4.000000,2.000000,4.000000,4.000000,4.000000,4.000000,4.000000,4.000000,4.000000,4.000000,4.000000,4.000000,4.000000,4.000000,4.000000,83.333336
1614076754.361053,42.000000,0.000000,-2.308481,-4.613329,4.202403,-1.107881,-1.063443,-0.644552,-6.476913,3.850812,-6.614591,-12.010505,-11.283125,-5.734372,-5.065205,-6.215272,1.241612,-22.756960,-2.391315,-5.673225,4.616290,-55.130890,-27.151175,-8.203722,-1.120810,-10.371397,-4.984258,-0.874117,2.590179,2.592622,-3.278038,-6.197867,-0.566450,-16.812195,8064.000000,0.000000,4.000000,,,,0.000000,4.000000,4.000000,4.000000,4.000000,4.000000,4.000000,4.000000,4.000000,4.000000,4.000000,4.000000,4.000000,4.000000,4.000000,4.000000,4.000000,4.000000,4.000000,2.000000,4.000000,4.000000,4.000000,4.000000,4.000000,4.000000,4.000000,4.000000,4.000000,4.000000,4.000000,4.000000,4.000000,83.333336
1614076754.368902,43.000000,0.000000,2.309212,-4.608716,5.223841,-0.593952,-1.062380,-0.643907,-6.470436,3.334141,-6.607976,-8.408751,-11.271841,-4.190176,-4.547319,-6.209057,-7.990398,-36.067535,-3.414564,-21.052168,5.637315,-54.050117,-25.072741,-3.580133,0.418773,-10.361025,-3.440813,2.203680,3.100409,2.590029,-3.274760,-3.114746,-0.053063,-14.744102,8064.000000,0.000000,4.000000,,,,0.000000,4.000000,4.000000,4.000000,4.000000,4.000000,4.000000,4.000000,4.000000,4.000000,4.000000,4.000000,4.000000,4.000000,4.000000,4.000000,4.000000,4.000000,4.000000,2.000000,4.000000,4.000000,4.000000,4.000000,4.000000,4.000000,4.000000,4.000000,4.000000,4.000000,4.000000,4.000000,4.000000,83.333336
1614076754.376651,44.000000,0.000000,2.819724,-4.604107,3.680156,-0.080538,-2.086958,-0.643263,-6.463965,1.792345,-7.114189,-6.861880,-2.542621,-2.134704,-4.542772,-7.228488,3.299643,-3.210956,-2.385509,-19.492653,-14.368322,-55.021709,-32.227154,-3.576553,2.982457,-10.863484,-5.488654,0.150195,1.558847,2.587439,-6.861228,-7.214195,-1.591472,-17.293459,8064.000000,0.000000,4.000000,,,,0.000000,4.000000,4.000000,4.000000,4.000000,4.000000,4.000000,4.000000,4.000000,4.000000,4.000000,4.000000,4.000000,4.000000,4.000000,4.000000,4.000000,4.000000,4.000000,2.000000,4.000000,4.000000,4.000000,4.000000,4.000000,4.000000,4.000000,4.000000,4.000000,4.000000,4.000000,4.000000,4.000000,83.333336
1614076754.384500,45.000000,0.000000,-1.285660,-4.599503,-1.964550,-0.593278,-4.648974,-0.642620,-6.457501,-0.260730,-9.671177,-17.624249,-6.642642,-4.183851,-10.179255,-21.580235,-3.883144,-7.310309,-6.485687,-24.088545,-16.405237,-63.171818,-40.400055,-9.726823,-0.610269,-10.852621,-8.047268,-8.055084,-4.083737,2.584852,-10.956931,-14.386469,-5.179624,-19.840269,8064.000000,0.000000,4.000000,,,,0.000000,4.000000,4.000000,4.000000,4.000000,4.000000,4.000000,4.000000,4.000000,4.000000,4.000000,4.000000,4.000000,4.000000,4.000000,4.000000,4.000000,4.000000,4.000000,2.000000,4.000000,4.000000,4.000000,4.000000,4.000000,4.000000,4.000000,4.000000,4.000000,4.000000,4.000000,4.000000,4.000000,83.333336
1614076754.392249,46.000000,0.000000,-5.386939,-4.594904,-3.501047,-0.592685,-5.669966,-0.641977,-6.451044,-0.773289,-10.687147,-19.657907,-15.866769,-6.230949,-16.322922,-28.225321,-23.366440,-39.610691,-13.658689,-33.808048,5.149631,-70.288132,-38.821194,-15.358122,-6.763505,-10.841768,-8.552041,-13.175234,-9.207859,2.582267,-11.458795,-15.397723,-7.738547,-19.820429,8064.000000,0.000000,4.000000,,,,0.000000,4.000000,4.000000,4.000000,4.000000,4.000000,4.000000,4.000000,4.000000,4.000000,4.000000,4.000000,4.000000,4.000000,4.000000,4.000000,4.000000,4.000000,4.000000,2.000000,4.000000,4.000000,4.000000,4.000000,4.000000,4.000000,4.000000,4.000000,4.000000,4.000000,4.000000,4.000000,4.000000,83.333336
1614076754.400098,47.000000,0.000000,-5.894372,-4.590309,2.656300,-0.079272,-3.613014,-0.128515,-6.444593,-1.285336,-10.163639,-4.766454,-11.748338,-6.737539,-17.332239,-12.812480,-14.112305,-29.827490,-14.670671,-24.543468,8.221404,-71.756302,-36.218269,-15.342764,-9.833665,-11.343747,-8.543489,-12.136417,-9.198650,2.579684,-10.421695,-13.843863,-7.730808,-19.287788,8064.000000,0.000000,4.000000,,,,0.000000,4.000000,4.000000,4.000000,4.000000,4.000000,4.000000,4.000000,4.000000,4.000000,4.000000,4.000000,4.000000,4.000000,4.000000,4.000000,4.000000,4.000000,4.000000,2.000000,4.000000,4.000000,4.000000,4.000000,4.000000,4.000000,4.000000,4.000000,4.000000,4.000000,4.000000,4.000000,4.000000,83.333336
1614076754.407847,48.000000,0.000000,-5.888478,-4.585719,3.679285,-0.079192,-1.045299,-0.641207,-6.950969,0.254410,-10.153476,1.392158,-8.659667,-5.705160,-18.340548,-2.030437,1.799244,3.022850,-13.630360,-0.416362,6.674721,-67.581985,-34.643593,-14.814600,-7.772549,-10.819583,-8.022125,-12.124281,-9.189452,2.577105,-11.436914,-14.342840,-7.723077,-19.268499,8064.000000,0.000000,4.000000,,,,0.000000,4.000000,4.000000,4.000000,4.000000,4.000000,4.000000,4.000000,4.000000,4.000000,4.000000,4.000000,4.000000,4.000000,4.000000,4.000000,4.000000,4.000000,4.000000,2.000000,4.000000,4.000000,4.000000,4.000000,4.000000,4.000000,4.000000,4.000000,4.000000,4.000000,4.000000,4.000000,4.000000,83.333336
1614076754.415696,49.000000,0.000000,-5.882589,-4.581133,-3.503882,-4.181677,-2.582715,-3.204668,-6.944018,1.792617,-10.656143,-3.737439,-7.112545,-5.699455,-15.245285,-3.054048,2.310265,10.712134,-10.539806,18.045593,22.565483,-53.668247,-27.942282,-16.851068,-1.610931,-10.808764,-9.552565,-13.650619,-8.154622,2.574528,-11.425477,-14.841318,-8.228175,-21.300512,8064.000000,0.000000,4.000000,,,,0.000000,4.000000,4.000000,4.000000,4.000000,4.000000,4.000000,4.000000,4.000000,4.000000,4.000000,4.000000,4.000000,4.000000,4.000000,4.000000,4.000000,4.000000,4.000000,2.000000,4.000000,4.000000,4.000000,4.000000,4.000000,4.000000,4.000000,4.000000,4.000000,4.000000,4.000000,4.000000,4.000000,83.333336
1614076754.423446,50.000000,0.000000,-0.235681,-4.576551,-7.090121,-8.280060,-4.118594,-4.739925,-6.424253,2.816466,-10.645487,0.368863,4.176619,-4.668115,-6.512091,-4.076634,7.948981,8.137320,3.316888,14.437804,22.030096,-38.742786,-23.298954,-12.731652,4.544527,-11.823596,-8.004550,-11.072865,-3.531082,2.059133,-10.901232,-14.826477,-8.219947,-23.843315,8064.000000,0.000000,4.000000,,,,0.000000,4.000000,4.000000,4.000000,4.000000,4.000000,4.000000,4.000000,4.000000,4.000000,4.000000,4.000000,4.000000,4.000000,4.000000,4.000000,4.000000,4.000000,4.000000,2.000000,4.000000,4.000000,4.000000,4.000000,4.000000,4.000000,4.000000,4.000000,4.000000,4.000000,4.000000,4.000000,4.000000,83.333336
1614076754.431294,51.000000,0.000000,5.918401,-4.571975,-6.057390,-8.271779,-2.063193,-4.735185,-6.930650,7.429034,-8.583559,8.060802,10.839108,3.541682,-1.377374,-3.559737,12.556417,-5.204151,15.108442,-9.166377,6.110630,-37.165581,-24.301296,-3.488152,5.565623,-8.222029,-0.304238,-3.882305,-0.450628,2.569894,-10.890330,-14.298830,-7.186086,-22.281010,8064.000000,0.000000,4.000000,,,,0.000000,4.000000,4.000000,4.000000,4.000000,4.000000,4.000000,4.000000,4.000000,4.000000,4.000000,4.000000,4.000000,4.000000,4.000000,4.000000,4.000000,4.000000,4.000000,2.000000,4.000000,4.000000,4.000000,4.000000,4.000000,4.000000,4.000000,4.000000,4.000000,4.000000,4.000000,4.000000,4.000000,83.333336
1614076754.439044,52.000000,0.000000,5.399662,-4.567403,-5.538512,-7.750687,-1.035489,-5.243270,-6.923719,13.575451,-6.523694,8.052741,11.853910,13.794550,6.829132,5.674592,15.107963,-9.814331,15.606154,-25.054647,8.668622,-35.589954,-24.789816,-1.433382,10.175442,-1.034320,5.849912,0.224141,-1.475819,2.567324,-10.879440,-14.284531,-7.691720,-19.181807,8064.000000,0.000000,4.000000,,,,0.000000,4.000000,4.000000,4.000000,4.000000,4.000000,4.000000,4.000000,4.000000,4.000000,4.000000,4.000000,4.000000,4.000000,4.000000,4.000000,4.000000,4.000000,4.000000,2.000000,4.000000,4.000000,4.000000,4.000000,4.000000,4.000000,4.000000,4.000000,4.000000,4.000000,4.000000,4.000000,4.000000,83.333336
1614076754.446693,53.000000,0.000000,7.445544,-4.562836,-6.558615,-7.742937,0.504008,-1.135463,-1.788590,14.587517,-6.517170,7.019047,22.098467,17.370499,26.309483,25.156096,33.554394,22.503176,19.180292,-5.542413,20.454824,-18.631287,-24.252205,0.619334,19.396036,1.017997,7.895345,-1.827365,-1.474343,2.564757,-8.817278,-14.783067,-8.196849,-19.675446,8064.000000,0.000000,4.000000,,,,0.000000,4.000000,4.000000,4.000000,4.000000,4.000000,4.000000,4.000000,4.000000,4.000000,4.000000,4.000000,4.000000,4.000000,4.000000,4.000000,4.000000,4.000000,4.000000,2.000000,4.000000,4.000000,4.000000,4.000000,4.000000,4.000000,4.000000,4.000000,4.000000,4.000000,4.000000,4.000000,4.000000,83.333336
1614076754.454442,54.000000,0.000000,16.156048,-4.558273,-5.526415,-5.683911,5.118889,6.045159,3.854224,15.085750,-3.946550,7.524848,30.794317,16.840309,33.462662,30.771967,45.828529,42.993492,26.853420,23.693899,21.460012,-10.407528,-24.740774,16.003330,22.453564,-0.008662,12.502833,-0.799897,-0.960048,5.126295,-3.167435,-11.178540,-4.086088,-13.501924,8064.000000,0.000000,4.000000,,,,0.000000,4.000000,4.000000,4.000000,4.000000,4.000000,4.000000,4.000000,4.000000,4.000000,4.000000,4.000000,4.000000,4.000000,4.000000,4.000000,4.000000,4.000000,4.000000,2.000000,4.000000,4.000000,4.000000,4.000000,4.000000,4.000000,4.000000,4.000000,4.000000,4.000000,4.000000,4.000000,4.000000,83.333336
1614076754.462091,55.000000,0.000000,17.165533,-4.553715,-5.520889,-3.626945,7.165052,7.064755,5.388832,14.557843,-0.352860,7.517323,25.122498,16.310648,18.044582,22.536066,29.885267,21.924858,23.749643,26.234308,19.387270,-23.730453,-24.716032,22.653994,21.405468,0.504167,18.131357,3.816288,-1.471908,9.223732,0.425476,-2.962234,0.533383,-1.180729,8064.000000,0.000000,4.000000,,,,0.000000,4.000000,4.000000,4.000000,4.000000,4.000000,4.000000,4.000000,4.000000,4.000000,4.000000,4.000000,4.000000,4.000000,4.000000,4.000000,4.000000,4.000000,4.000000,2.000000,4.000000,4.000000,4.000000,4.000000,4.000000,4.000000,4.000000,4.000000,4.000000,4.000000,4.000000,4.000000,4.000000,83.333336
1614076754.469840,56.000000,0.000000,6.891956,-4.036340,-6.028188,-4.136139,7.157887,7.570511,4.870622,3.774055,1.185954,7.509806,16.892246,11.166132,5.206025,19.436607,14.983586,11.133702,16.033587,16.977304,18.855062,-34.988773,-25.204138,6.733903,21.384064,0.503663,18.626045,6.889395,-1.470436,10.240149,-1.626232,1.656113,-1.005612,-1.692369,8192.000000,0.000000,4.000000,,,,0.000000,4.000000,4.000000,4.000000,4.000000,4.000000,4.000000,4.000000,4.000000,4.000000,4.000000,4.000000,4.000000,4.000000,4.000000,4.000000,4.000000,4.000000,4.000000,2.000000,4.000000,4.000000,4.000000,4.000000,4.000000,4.000000,4.000000,4.000000,4.000000,4.000000,4.000000,4.000000,4.000000,83.333336
1614076754.477489,57.000000,0.000000,0.731218,-4.032304,-4.483699,-4.132003,7.150729,7.050120,2.301649,-3.922027,1.184769,5.963835,9.183046,5.001120,5.713639,14.288965,14.968602,9.584107,13.966270,13.883404,20.887489,-32.389683,-24.666113,0.060503,20.849857,-0.009661,16.556137,7.395326,-1.468966,8.178627,-3.675888,-2.960927,-3.568709,-12.459908,8064.000000,0.000000,4.000000,,,,0.000000,4.000000,4.000000,4.000000,4.000000,4.000000,4.000000,4.000000,4.000000,4.000000,4.000000,4.000000,4.000000,4.000000,4.000000,4.000000,4.000000,4.000000,4.000000,2.000000,4.000000,4.000000,4.000000,4.000000,4.000000,4.000000,4.000000,4.000000,4.000000,4.000000,4.000000,4.000000,4.000000,83.333336
1614076754.485238,58.000000,0.000000,1.756128,-4.541092,-7.043318,-4.127871,-0.035909,-4.238981,-1.803217,2.748562,0.157943,2.368127,-0.056906,4.483298,6.733566,1.454163,12.389531,-5.810092,11.388201,2.587469,20.866602,-32.357292,-24.128626,7.752750,18.264906,0.503169,10.898556,1.234084,-1.467497,5.606346,-3.159391,-7.060531,-3.565140,-15.524370,8064.000000,0.000000,4.000000,,,,0.000000,4.000000,4.000000,4.000000,4.000000,4.000000,4.000000,4.000000,4.000000,4.000000,4.000000,4.000000,4.000000,4.000000,4.000000,4.000000,4.000000,4.000000,4.000000,2.000000,4.000000,4.000000,4.000000,4.000000,4.000000,4.000000,4.000000,4.000000,4.000000,4.000000,4.000000,4.000000,4.000000,83.333336
1614076754.492888,59.000000,0.000000,2.267193,-4.023731,-15.754223,-4.123743,-10.292283,-15.003973,-3.339875,7.361198,-3.431959,-0.198343,0.968792,4.991635,4.675551,-5.213958,7.761757,-3.240180,7.274249,-13.312554,6.999581,-38.478783,-25.642960,0.565510,16.195358,-1.548616,4.733811,-6.459457,-1.978850,2.010996,-3.669052,-7.053470,-5.100037,-16.021667,8064.000000,0.000000,4.000000,,,,0.000000,4.000000,4.000000,4.000000,4.000000,4.000000,4.000000,4.000000,4.000000,4.000000,4.000000,4.000000,4.000000,4.000000,4.000000,4.000000,4.000000,4.000000,4.000000,2.000000,4.000000,4.000000,4.000000,4.000000,4.000000,4.000000,4.000000,4.000000,4.000000,4.000000,4.000000,4.000000,4.000000,83.333336
1614076754.500637,60.000000,0.000000,1.239284,-4.532527,-21.379494,-4.119619,-12.846093,-14.476149,-2.823715,6.841016,-6.505450,-0.710965,9.172952,4.473823,5.183696,-4.183103,7.241175,5.481009,6.754154,-15.350524,-2.238188,-41.517227,-24.078854,-10.717107,14.127881,-5.649632,2.677795,-9.017100,-1.464051,-1.067938,-8.280768,-6.533596,-7.659039,-23.185133,8064.000000,0.000000,4.000000,,,,0.000000,4.000000,4.000000,4.000000,4.000000,4.000000,4.000000,4.000000,4.000000,4.000000,4.000000,4.000000,4.000000,4.000000,4.000000,4.000000,4.000000,4.000000,4.000000,2.000000,4.000000,4.000000,4.000000,4.000000,4.000000,4.000000,4.000000,4.000000,4.000000,4.000000,4.000000,4.000000,4.000000,83.333336
1614076754.508286,61.000000,0.000000,1.238045,-8.117739,-20.845295,-4.115500,-11.807607,-10.871929,-2.820891,10.936739,-7.011765,-0.197434,10.702240,4.982170,5.691333,-2.640458,10.823677,-9.396267,6.234580,-7.130045,12.635845,-37.885967,-16.875288,-1.475620,13.088113,-8.720905,1.136656,-8.495263,0.588695,-1.579690,-11.349410,-7.039883,-7.651380,-30.341434,8064.000000,0.000000,4.000000,,,,0.000000,4.000000,4.000000,4.000000,4.000000,4.000000,4.000000,4.000000,4.000000,4.000000,4.000000,4.000000,4.000000,4.000000,4.000000,4.000000,4.000000,4.000000,4.000000,2.000000,4.000000,4.000000,4.000000,4.000000,4.000000,4.000000,4.000000,4.000000,4.000000,4.000000,4.000000,4.000000,4.000000,83.333336
1614076754.516035,62.000000,0.000000,1.749627,-12.212185,-20.311628,-4.111384,-12.308619,-11.886698,-3.330891,15.541187,-6.491933,-0.197237,9.665896,5.490008,5.685641,0.439106,15.428239,-2.720204,8.279627,3.646316,22.366798,-30.668592,-11.730207,7.756624,13.587845,-6.148082,-1.428583,-9.512409,2.126568,-1.065290,-10.825240,-7.032843,-9.182191,-30.311092,8064.000000,0.000000,4.000000,,,,0.000000,4.000000,4.000000,4.000000,4.000000,4.000000,4.000000,4.000000,4.000000,4.000000,4.000000,4.000000,4.000000,4.000000,4.000000,4.000000,4.000000,4.000000,4.000000,2.000000,4.000000,4.000000,4.000000,4.000000,4.000000,4.000000,4.000000,4.000000,4.000000,4.000000,4.000000,4.000000,4.000000,83.333336
1614076754.523684,63.000000,0.000000,1.747878,-12.199973,-20.291317,-4.107273,-12.296310,-11.361991,-2.814739,15.525646,-6.998261,0.315781,10.681872,4.971697,6.705597,3.515589,15.925631,27.026106,14.425194,11.847797,8.498279,-28.073822,-14.795401,6.210406,13.574257,-1.526549,-1.939975,-5.400332,2.637262,-1.577045,-10.814415,-7.025810,-11.224290,-29.767962,8064.000000,0.000000,4.000000,,,,0.000000,4.000000,4.000000,4.000000,4.000000,4.000000,4.000000,4.000000,4.000000,4.000000,4.000000,4.000000,4.000000,4.000000,4.000000,4.000000,4.000000,4.000000,4.000000,2.000000,4.000000,4.000000,4.000000,4.000000,4.000000,4.000000,4.000000,4.000000,4.000000,4.000000,4.000000,4.000000,4.000000,83.333336
1614076754.531533,64.000000,0.000000,1.746130,-11.162131,-17.706923,-4.103166,-11.771194,-11.350629,-2.811924,11.920377,-6.478443,0.315465,9.645549,5.479546,4.647609,1.460792,11.807141,20.845234,11.333845,4.656463,-1.253810,-33.173954,-17.344707,8.255478,13.560683,0.526259,-1.425215,2.297376,4.685907,-1.575468,-10.803600,-7.018785,-11.725886,-30.251015,0.000000,188.000000,4.000000,,,,0.000000,4.000000,4.000000,4.000000,4.000000,4.000000,4.000000,4.000000,4.000000,4.000000,4.000000,4.000000,4.000000,4.000000,4.000000,4.000000,4.000000,4.000000,4.000000,2.000000,4.000000,4.000000,4.000000,4.000000,4.000000,4.000000,4.000000,4.000000,4.000000,4.000000,4.000000,4.000000,4.000000,83.333336
1614076754.539282,65.000000,0.000000,1.744384,-11.663790,-16.663574,-4.099062,-11.759422,-10.826458,-2.809113,5.754610,-6.471964,-1.223312,7.071801,5.474067,0.027577,-4.181695,7.692770,0.824389,3.630204,-9.194347,2.850008,-39.294624,-16.301722,1.067735,14.059942,0.012913,-1.423790,0.756617,6.219683,-1.061072,-10.792797,-7.011765,-11.201340,-30.220762,0.000000,200.000000,4.000000,,,,0.000000,4.000000,4.000000,4.000000,4.000000,4.000000,4.000000,4.000000,4.000000,4.000000,4.000000,4.000000,4.000000,4.000000,4.000000,4.000000,4.000000,4.000000,4.000000,2.000000,4.000000,4.000000,4.000000,4.000000,4.000000,4.000000,4.000000,4.000000,4.000000,4.000000,4.000000,4.000000,4.000000,83.333336
1614076754.547131,66.000000,0.000000,1.742639,-11.652126,-16.134090,-4.094964,-11.747663,-7.738708,-2.293483,3.697573,-6.465492,0.316373,3.987806,0.340388,-2.023733,-6.228795,-1.032872,-2.253359,3.626573,-13.287718,1.821517,-43.870716,-19.875164,-13.805127,10.456140,0.012900,-0.909545,-4.885165,6.213463,-1.060011,-10.782004,-7.004754,-11.190139,-29.677721,0.000000,179.000000,4.000000,,,,0.000000,4.000000,4.000000,4.000000,4.000000,4.000000,4.000000,4.000000,4.000000,4.000000,4.000000,4.000000,4.000000,4.000000,4.000000,4.000000,4.000000,4.000000,4.000000,2.000000,4.000000,4.000000,4.000000,4.000000,4.000000,4.000000,4.000000,4.000000,4.000000,4.000000,4.000000,4.000000,4.000000,83.333336
1614076754.554880,67.000000,0.000000,2.253717,-11.640474,-16.117956,-3.578048,-11.735915,-10.295072,-3.316831,2.668235,-6.459027,-0.196764,-1.144387,-5.813799,-4.072991,-7.761028,-10.775429,-19.687002,0.033203,-12.761609,-0.744407,-47.416588,-24.983494,-5.586194,5.317478,-1.525575,-1.421456,-4.880280,5.694429,-1.058951,-10.771222,-6.484929,-11.178948,-29.135223,0.000000,168.000000,4.000000,,,,0.000000,4.000000,4.000000,4.000000,4.000000,4.000000,4.000000,4.000000,4.000000,4.000000,4.000000,4.000000,4.000000,4.000000,4.000000,4.000000,4.000000,4.000000,4.000000,2.000000,4.000000,4.000000,4.000000,4.000000,4.000000,4.000000,4.000000,4.000000,4.000000,4.000000,4.000000,4.000000,4.000000,83.333336
1614076754.562729,68.000000,0.000000,0.713002,-11.628834,-18.153122,-4.600111,-11.724179,-16.951443,-5.877616,-5.539562,-6.452568,-8.401695,-6.271448,-7.346447,-5.607379,-7.240446,-14.354397,-36.590393,-7.659138,-12.236028,3.871722,-47.881992,-22.394407,10.829649,2.748058,-3.575331,-0.907214,-4.875400,3.124632,-1.057892,-10.760451,-6.478444,-11.167769,-29.618908,0.000000,210.000000,4.000000,,,,0.000000,4.000000,4.000000,4.000000,4.000000,4.000000,4.000000,4.000000,4.000000,4.000000,4.000000,4.000000,4.000000,4.000000,4.000000,4.000000,4.000000,4.000000,4.000000,2.000000,4.000000,4.000000,4.000000,4.000000,4.000000,4.000000,4.000000,4.000000,4.000000,4.000000,4.000000,4.000000,4.000000,83.333336
1614076754.570478,69.000000,0.000000,-1.851813,-11.617205,-19.673429,-7.672434,-11.712456,-19.498594,-6.897380,-7.585304,-6.446115,-11.983037,-4.213894,-5.287818,-0.473567,-0.053719,-11.775940,-15.015341,-3.548914,-11.710971,-1.260355,-47.834110,-17.756628,6.716255,2.745310,-3.571756,1.144975,-5.896165,1.583046,-1.569655,-10.749691,-6.984786,-11.156602,-29.589289,0.000000,220.000000,4.000000,,,,0.000000,4.000000,4.000000,4.000000,4.000000,4.000000,4.000000,4.000000,4.000000,4.000000,4.000000,4.000000,4.000000,4.000000,4.000000,4.000000,4.000000,4.000000,4.000000,2.000000,4.000000,4.000000,4.000000,4.000000,4.000000,4.000000,4.000000,4.000000,4.000000,4.000000,4.000000,4.000000,4.000000,83.333336
1614076754.578327,70.000000,0.000000,-2.875603,-11.605588,-17.602474,-10.741685,-11.700743,-18.453455,-6.377662,1.653050,-6.439669,-0.689003,3.995448,-0.667146,7.732035,10.715566,-1.507754,10.640700,6.198224,-17.340286,-8.951402,-46.760635,-17.226051,-1.495590,2.742564,-3.568184,3.195112,-2.300526,3.119924,-1.055265,-10.738941,-6.464981,-11.145445,-29.046881,0.000000,164.000000,4.000000,,,,0.000000,4.000000,4.000000,4.000000,4.000000,4.000000,4.000000,4.000000,4.000000,4.000000,4.000000,4.000000,4.000000,4.000000,4.000000,4.000000,4.000000,4.000000,4.000000,2.000000,4.000000,4.000000,4.000000,4.000000,4.000000,4.000000,4.000000,4.000000,4.000000,4.000000,4.000000,4.000000,4.000000,83.333336
1614076754.586076,71.000000,0.000000,-1.847086,-11.593982,-17.072050,-11.756584,-11.689042,-18.947823,-6.371284,2.164218,-6.433229,9.055276,10.145299,4.461727,10.288405,11.730492,10.801446,12.168521,7.730488,-11.169099,9.006268,-38.508747,-14.644723,4.146932,2.227001,-3.564616,3.191917,-2.298225,5.680907,-1.054209,-10.728202,-6.458516,-11.134300,-30.556295,0.000000,155.000000,4.000000,,,,0.000000,4.000000,4.000000,4.000000,4.000000,4.000000,4.000000,4.000000,4.000000,4.000000,4.000000,4.000000,4.000000,4.000000,4.000000,4.000000,4.000000,4.000000,4.000000,2.000000,4.000000,4.000000,4.000000,4.000000,4.000000,4.000000,4.000000,4.000000,4.000000,4.000000,4.000000,4.000000,4.000000,83.333336
1614076754.593925,72.000000,0.000000,-2.358059,-11.582388,-20.131903,-11.232007,-11.677353,-18.928875,-6.364913,-1.427690,-6.939617,6.482118,10.647974,4.970085,9.765296,8.129017,13.867568,14.207635,7.209937,11.406173,27.458799,-29.752289,-10.014694,8.758169,2.737595,-3.561051,2.675905,-7.936953,5.675226,-1.565976,-10.717474,-11.067442,-11.123165,-33.602661,0.000000,199.000000,4.000000,,,,0.000000,4.000000,4.000000,4.000000,4.000000,4.000000,4.000000,4.000000,4.000000,4.000000,4.000000,4.000000,4.000000,4.000000,4.000000,4.000000,4.000000,4.000000,4.000000,2.000000,4.000000,4.000000,4.000000,4.000000,4.000000,4.000000,4.000000,4.000000,4.000000,4.000000,4.000000,4.000000,4.000000,83.333336
1614076754.601674,73.000000,0.000000,-2.355701,-11.570806,-21.650232,-11.733595,-11.665676,-18.909945,-6.358548,8.830148,-6.419857,2.885893,10.637326,5.477936,9.755531,8.633709,13.340880,15.731889,10.279650,12.933228,15.123649,-27.158434,-8.979038,7.723770,2.734857,-3.557490,2.673229,-4.339272,5.669551,-0.538769,-10.706757,-14.646118,-11.112042,-33.569057,0.000000,199.000000,4.000000,,,,0.000000,4.000000,4.000000,4.000000,4.000000,4.000000,4.000000,4.000000,4.000000,4.000000,4.000000,4.000000,4.000000,4.000000,4.000000,4.000000,4.000000,4.000000,4.000000,2.000000,4.000000,4.000000,4.000000,4.000000,4.000000,4.000000,4.000000,4.000000,4.000000,4.000000,4.000000,4.000000,4.000000,83.333336
1614076754.609523,74.000000,0.000000,1.236398,-11.559235,-19.064478,-11.209042,-11.654010,-16.839754,-6.352190,16.000805,-3.849334,3.908648,10.626689,8.036560,9.232955,7.599434,16.917282,7.511028,12.320652,-1.438679,7.929038,-27.131275,-9.995700,5.151944,2.732122,-3.553933,2.670556,5.408657,5.663881,2.025872,-10.696050,-14.631472,-11.100930,-29.945745,0.000000,168.000000,4.000000,,,,0.000000,4.000000,4.000000,4.000000,4.000000,4.000000,4.000000,4.000000,4.000000,4.000000,4.000000,4.000000,4.000000,4.000000,4.000000,4.000000,4.000000,4.000000,4.000000,2.000000,4.000000,4.000000,4.000000,4.000000,4.000000,4.000000,4.000000,4.000000,4.000000,4.000000,4.000000,4.000000,4.000000,83.333336
1614076754.617272,75.000000,0.000000,5.337726,-11.547676,-14.430030,-8.633730,-11.642356,-11.181888,-6.345837,9.318137,-2.307023,3.904739,9.077600,6.490062,10.249363,1.950809,13.310622,4.426594,10.257050,2.152503,17.151878,-31.719528,-9.472884,-1.007054,2.729390,-3.550379,3.180706,7.454530,5.658217,3.049488,-10.685353,-14.104019,-11.089829,-29.402979,0.000000,199.000000,4.000000,,,,0.000000,4.000000,4.000000,4.000000,4.000000,4.000000,4.000000,4.000000,4.000000,4.000000,4.000000,4.000000,4.000000,4.000000,4.000000,4.000000,4.000000,4.000000,4.000000,2.000000,4.000000,4.000000,4.000000,4.000000,4.000000,4.000000,4.000000,4.000000,4.000000,4.000000,4.000000,4.000000,4.000000,83.333336
1614076754.625121,76.000000,0.000000,5.845208,-11.536128,-12.364318,-7.599455,-11.630713,-7.068142,-6.339491,5.719076,-2.817537,3.388014,7.530061,0.842547,8.187832,0.410397,2.015260,2.883706,5.631408,3.688812,8.929598,-41.944218,-11.001872,-5.108612,2.726661,-3.546828,1.639063,5.395794,5.652559,2.533618,-10.674668,-14.602736,-11.078739,-29.373577,0.000000,160.000000,4.000000,,,,0.000000,4.000000,4.000000,4.000000,4.000000,4.000000,4.000000,4.000000,4.000000,4.000000,4.000000,4.000000,4.000000,4.000000,4.000000,4.000000,4.000000,4.000000,4.000000,2.000000,4.000000,4.000000,4.000000,4.000000,4.000000,4.000000,4.000000,4.000000,4.000000,4.000000,4.000000,4.000000,4.000000,83.333336
1614076754.632870,77.000000,0.000000,5.326543,-11.524591,-12.351954,-7.079035,-11.619083,-7.061074,-6.333152,5.713357,-2.814719,2.871805,4.445608,-2.748040,-2.076766,-1.641296,-3.114960,-19.170460,0.497571,-12.212313,1.741181,-48.056122,-15.606256,-4.077862,2.723934,-3.543282,-0.413858,6.416039,4.621265,2.531084,-11.176814,-13.562492,-11.067661,-25.241638,0.000000,171.000000,4.000000,,,,0.000000,4.000000,4.000000,4.000000,4.000000,4.000000,4.000000,4.000000,4.000000,4.000000,4.000000,4.000000,4.000000,4.000000,4.000000,4.000000,4.000000,4.000000,4.000000,2.000000,4.000000,4.000000,4.000000,4.000000,4.000000,4.000000,4.000000,4.000000,4.000000,4.000000,4.000000,4.000000,4.000000,83.333336
1614076754.640719,78.000000,0.000000,5.834037,-11.513067,-10.288320,-4.507853,-12.120284,-7.566833,-6.839639,0.579438,-2.811904,2.868933,-0.174222,-3.258112,-6.177254,-6.255039,-3.111845,-32.484623,-0.528567,-11.687280,7.893286,-46.469604,-17.641932,-6.125066,2.721210,-3.539738,-1.439085,5.896802,2.052542,2.528553,-10.139997,-10.984827,-11.056593,-21.113832,0.000000,225.000000,4.000000,,,,0.000000,4.000000,4.000000,4.000000,4.000000,4.000000,4.000000,4.000000,4.000000,4.000000,4.000000,4.000000,4.000000,4.000000,4.000000,4.000000,4.000000,4.000000,4.000000,2.000000,4.000000,4.000000,4.000000,4.000000,4.000000,4.000000,4.000000,4.000000,4.000000,4.000000,4.000000,4.000000,4.000000,83.333336
1614076754.648469,79.000000,0.000000,5.828203,-11.501554,-8.226749,-3.477704,-11.595344,-7.559267,-6.832799,1.091679,-3.321913,3.378885,-0.174048,-2.229213,2.034052,1.443524,-0.544631,-4.759830,-0.528039,3.196202,-0.319736,-46.423134,-17.111469,-6.631762,2.718489,-3.536199,-0.924825,2.813982,1.537669,2.526025,-8.078574,-9.948201,-11.045537,-22.631182,0.000000,215.000000,4.000000,,,,0.000000,4.000000,4.000000,4.000000,4.000000,4.000000,4.000000,4.000000,4.000000,4.000000,4.000000,4.000000,4.000000,4.000000,4.000000,4.000000,4.000000,4.000000,4.000000,2.000000,4.000000,4.000000,4.000000,4.000000,4.000000,4.000000,4.000000,4.000000,4.000000,4.000000,4.000000,4.000000,4.000000,83.333336
1614076754.656318,80.000000,0.000000,5.309554,-10.977232,-9.244164,-5.525509,-11.583749,-7.551707,-6.313146,10.834177,-2.805770,2.862686,5.979972,2.388401,6.647402,14.262593,5.609760,20.373135,-0.014690,2.167365,-1.345057,-46.889530,-17.094357,0.554358,2.715771,-3.532662,-0.923901,1.785527,4.100234,2.523499,-7.044855,-10.451074,-11.034492,-25.685472,0.000000,175.000000,4.000000,,,,0.000000,4.000000,4.000000,4.000000,4.000000,4.000000,4.000000,4.000000,4.000000,4.000000,4.000000,4.000000,4.000000,4.000000,4.000000,4.000000,4.000000,4.000000,4.000000,2.000000,4.000000,4.000000,4.000000,4.000000,4.000000,4.000000,4.000000,4.000000,4.000000,4.000000,4.000000,4.000000,4.000000,83.333336
1614076754.664067,81.000000,0.000000,5.304245,-11.991896,-9.234920,-7.571265,-12.084985,-7.031335,-6.306833,15.438728,-2.802965,2.859823,7.512454,4.950115,6.127934,9.632946,5.091330,0.865582,2.036607,-12.193777,16.092186,-45.817001,-16.564442,4.143547,2.713055,-3.529130,-0.922977,2.296562,5.634595,2.520975,-6.524989,-10.440622,-11.023457,-25.659788,0.000000,192.000000,4.000000,,,,0.000000,4.000000,4.000000,4.000000,4.000000,4.000000,4.000000,4.000000,4.000000,4.000000,4.000000,4.000000,4.000000,4.000000,4.000000,4.000000,4.000000,4.000000,4.000000,2.000000,4.000000,4.000000,4.000000,4.000000,4.000000,4.000000,4.000000,4.000000,4.000000,4.000000,4.000000,4.000000,4.000000,83.333336
1614076754.671716,82.000000,0.000000,5.298940,-11.467084,-7.174402,-8.076514,-10.534438,-5.998662,-4.249244,13.372007,-3.312982,8.497989,4.940839,6.483626,9.198730,5.520749,6.111879,-12.981438,6.649954,-18.335430,2.742760,-46.284004,-16.547878,3.626583,2.710342,-3.525600,-0.922054,2.294266,5.628960,2.518454,-3.954362,-9.917361,-11.012433,-26.146948,0.000000,219.000000,4.000000,,,,0.000000,4.000000,4.000000,4.000000,4.000000,4.000000,4.000000,4.000000,4.000000,4.000000,4.000000,4.000000,4.000000,4.000000,4.000000,4.000000,4.000000,4.000000,4.000000,2.000000,4.000000,4.000000,4.000000,4.000000,4.000000,4.000000,4.000000,4.000000,4.000000,4.000000,4.000000,4.000000,4.000000,83.333336
1614076754.679465,83.000000,0.000000,5.293641,-6.840232,-5.115946,-8.068438,-5.908520,-1.377279,1.908851,14.384276,-0.745567,14.130516,11.602565,11.092527,14.830556,17.822920,19.439100,11.646929,10.745869,-6.522222,-15.721521,-45.724899,-18.582611,4.135777,2.707632,-3.522075,-0.921132,2.291972,5.623331,2.515935,-3.437587,-10.420264,-11.001421,-24.069519,0.000000,199.000000,4.000000,,,,0.000000,4.000000,4.000000,4.000000,4.000000,4.000000,4.000000,4.000000,4.000000,4.000000,4.000000,4.000000,4.000000,4.000000,4.000000,4.000000,4.000000,4.000000,4.000000,2.000000,4.000000,4.000000,4.000000,4.000000,4.000000,4.000000,4.000000,4.000000,4.000000,4.000000,4.000000,4.000000,4.000000,83.333336
1614076754.687114,84.000000,0.000000,5.801168,-3.756469,-3.059548,-4.983447,-3.851329,5.290765,8.573609,15.395533,3.870564,14.629207,20.308910,12.107076,14.302905,21.394840,20.445303,15.737846,10.222302,-0.874674,1.730098,-45.166355,-19.589670,-0.483744,2.704924,-3.518553,-0.920211,2.289680,5.617708,2.513420,-2.921329,-10.409844,-9.964778,-17.891603,0.000000,189.000000,4.000000,,,,0.000000,4.000000,4.000000,4.000000,4.000000,4.000000,4.000000,4.000000,4.000000,4.000000,4.000000,4.000000,4.000000,4.000000,4.000000,4.000000,4.000000,4.000000,4.000000,2.000000,4.000000,4.000000,4.000000,4.000000,4.000000,4.000000,4.000000,4.000000,4.000000,4.000000,4.000000,4.000000,4.000000,83.333336
1614076754.694863,85.000000,0.000000,4.256905,-3.752712,-1.518027,-0.875899,-3.847478,8.362397,8.052215,8.713470,5.405154,15.127398,14.647576,6.453943,4.032192,8.552934,-0.600784,-11.970200,4.058234,-22.925081,3.266829,-50.249393,-22.647003,-10.226850,2.702219,-3.002214,-0.919290,2.800210,5.612090,2.510906,-0.354305,-10.399434,-7.390711,-13.771148,0.000000,194.000000,4.000000,,,,0.000000,4.000000,4.000000,4.000000,4.000000,4.000000,4.000000,4.000000,4.000000,4.000000,4.000000,4.000000,4.000000,4.000000,4.000000,4.000000,4.000000,4.000000,4.000000,2.000000,4.000000,4.000000,4.000000,4.000000,4.000000,4.000000,4.000000,4.000000,4.000000,4.000000,4.000000,4.000000,4.000000,83.333336
1614076754.702512,86.000000,0.000000,2.201366,-4.261780,-1.516509,0.150618,-4.356451,5.789932,2.915957,-0.013191,2.835647,12.548168,1.812416,0.293643,-6.741071,-0.686389,-11.369413,-14.522332,0.464432,-37.261131,-16.223618,-57.891453,-30.316664,-12.780725,2.186696,-3.512032,-2.456833,1.258949,5.606478,2.508395,0.671691,-10.389035,-6.870500,-14.270197,0.000000,204.000000,4.000000,,,,0.000000,4.000000,4.000000,4.000000,4.000000,4.000000,4.000000,4.000000,4.000000,4.000000,4.000000,4.000000,4.000000,4.000000,4.000000,4.000000,4.000000,4.000000,4.000000,2.000000,4.000000,4.000000,4.000000,4.000000,4.000000,4.000000,4.000000,4.000000,4.000000,4.000000,4.000000,4.000000,4.000000,83.333336
1614076754.710261,87.000000,0.000000,0.660703,-3.744698,-2.027812,-0.362353,-6.403376,3.732860,0.861759,-1.551640,0.781529,0.740748,-1.779140,-4.322035,-11.349714,-5.301087,-9.306763,-8.353964,-1.074494,-25.941818,-4.925342,-57.833561,-35.927372,-11.229484,0.646048,-5.559802,-4.505658,-0.793592,5.600872,2.505887,0.158198,-10.378646,-7.376450,-14.768747,0.000000,208.000000,4.000000,,,,0.000000,4.000000,4.000000,4.000000,4.000000,4.000000,4.000000,4.000000,4.000000,4.000000,4.000000,4.000000,4.000000,4.000000,4.000000,4.000000,4.000000,4.000000,4.000000,2.000000,4.000000,4.000000,4.000000,4.000000,4.000000,4.000000,4.000000,4.000000,4.000000,4.000000,4.000000,4.000000,4.000000,83.333336
1614076754.717911,88.000000,0.000000,1.685684,-4.253773,-2.025785,0.663650,-7.935434,3.216307,1.373718,-0.524447,0.780747,-5.413839,-0.751720,-6.368995,-9.799903,-7.859889,-13.400020,-30.396891,-6.201624,-31.044083,-1.843494,-57.262905,-36.404266,-12.756715,-1.405880,-7.092704,-4.501152,-1.818440,5.595271,2.503381,0.158040,-10.368267,-7.369073,-14.241158,0.000000,194.000000,4.000000,,,,0.000000,4.000000,4.000000,4.000000,4.000000,4.000000,4.000000,4.000000,4.000000,4.000000,4.000000,4.000000,4.000000,4.000000,4.000000,4.000000,4.000000,4.000000,4.000000,2.000000,4.000000,4.000000,4.000000,4.000000,4.000000,4.000000,4.000000,4.000000,4.000000,4.000000,4.000000,4.000000,4.000000,83.333336
1614076754.725660,89.000000,0.000000,1.683998,-4.249519,-2.023759,-1.901116,-7.927499,3.213090,0.859524,-2.062384,0.779967,0.745421,-1.263789,-5.336985,-2.610616,-5.800747,-10.309696,-29.340853,-7.221064,-40.756626,-25.944214,-58.744102,-35.342220,-7.102933,-2.942936,-7.598432,-5.009471,-1.303801,5.589675,2.500878,0.157882,-10.357899,-7.361704,-14.226917,0.000000,207.000000,4.000000,,,,0.000000,4.000000,4.000000,4.000000,4.000000,4.000000,4.000000,4.000000,4.000000,4.000000,4.000000,4.000000,4.000000,4.000000,4.000000,4.000000,4.000000,4.000000,4.000000,2.000000,4.000000,4.000000,4.000000,4.000000,4.000000,4.000000,4.000000,4.000000,4.000000,4.000000,4.000000,4.000000,4.000000,83.333336
1614076754.733309,90.000000,0.000000,0.656673,-4.245270,-2.021735,-7.027420,-8.432392,3.209877,0.345844,1.529422,0.779187,2.795958,1.301578,-1.229084,7.135584,-4.769305,5.085228,3.509000,2.529747,-13.023563,-10.533655,-48.941769,-29.153032,1.622119,1.675392,-7.078012,-4.491642,-1.302497,5.584086,2.498377,0.157724,-10.347541,-7.354342,-14.725511,0.000000,142.000000,4.000000,,,,0.000000,4.000000,4.000000,4.000000,4.000000,4.000000,4.000000,4.000000,4.000000,4.000000,4.000000,4.000000,4.000000,4.000000,4.000000,4.000000,4.000000,4.000000,4.000000,2.000000,4.000000,4.000000,4.000000,4.000000,4.000000,4.000000,4.000000,4.000000,4.000000,4.000000,4.000000,4.000000,4.000000,83.333336
1614076754.741058,91.000000,0.000000,2.707299,-4.241025,-2.019713,-8.046034,-7.398319,3.206667,0.858319,8.707379,0.778408,3.818803,5.402840,3.387530,10.718192,-2.713253,11.233990,0.428568,8.681064,2.886896,18.707647,-31.969751,-19.380291,3.158958,10.391665,-5.532473,-2.435868,-1.301194,5.578502,2.495878,0.157566,-10.337193,-7.346988,-14.710785,0.000000,200.000000,4.000000,,,,0.000000,4.000000,4.000000,4.000000,4.000000,4.000000,4.000000,4.000000,4.000000,4.000000,4.000000,4.000000,4.000000,4.000000,4.000000,4.000000,4.000000,4.000000,4.000000,2.000000,4.000000,4.000000,4.000000,4.000000,4.000000,4.000000,4.000000,4.000000,4.000000,4.000000,4.000000,4.000000,4.000000,83.333336
1614076754.748707,92.000000,0.000000,7.319976,-4.236784,-2.017694,-7.525167,-4.826818,3.203461,0.857460,11.262774,0.777629,11.507292,6.423078,5.435424,8.656192,4.468947,8.658653,-22.648783,7.133921,-15.577529,1.765863,-27.322397,-16.283987,6.232722,14.483837,-2.962838,-0.894970,-1.299893,5.572923,2.493382,-1.893873,-10.326857,-7.339641,-14.696074,0.000000,167.000000,4.000000,,,,0.000000,4.000000,4.000000,4.000000,4.000000,4.000000,4.000000,4.000000,4.000000,4.000000,4.000000,4.000000,4.000000,4.000000,4.000000,4.000000,4.000000,4.000000,4.000000,2.000000,4.000000,4.000000,4.000000,4.000000,4.000000,4.000000,4.000000,4.000000,4.000000,4.000000,4.000000,4.000000,4.000000,83.333336
1614076754.756456,93.000000,0.000000,8.338297,-4.232547,-2.015676,-7.517642,-3.796350,3.200257,0.856603,10.225871,0.776852,14.059887,5.903835,4.917168,9.673177,8.054221,9.675635,1.476429,6.613966,-8.895285,-10.543594,-30.371998,-16.780523,7.252131,13.443712,-0.395773,-1.406896,-1.811414,5.567350,2.490889,-3.430441,-10.829350,-7.845122,-15.194199,0.000000,193.000000,4.000000,,,,0.000000,4.000000,4.000000,4.000000,4.000000,4.000000,4.000000,4.000000,4.000000,4.000000,4.000000,4.000000,4.000000,4.000000,4.000000,4.000000,4.000000,4.000000,4.000000,2.000000,4.000000,4.000000,4.000000,4.000000,4.000000,4.000000,4.000000,4.000000,4.000000,4.000000,4.000000,4.000000,4.000000,83.333336
1614076754.764105,94.000000,0.000000,5.253036,-4.228314,-2.013660,-8.022944,-4.305374,3.197057,0.855746,10.215645,0.776075,6.866340,6.410751,4.912251,10.176324,5.994885,8.127498,16.859568,7.632993,9.062328,8.441308,-31.367268,-16.250923,-6.088455,13.430269,-0.395377,-0.892669,-1.296782,5.561783,2.488398,-3.427010,-10.305700,-6.298815,-14.666184,0.000000,213.000000,4.000000,,,,0.000000,4.000000,4.000000,4.000000,4.000000,4.000000,4.000000,4.000000,4.000000,4.000000,4.000000,4.000000,4.000000,4.000000,4.000000,4.000000,4.000000,4.000000,4.000000,2.000000,4.000000,4.000000,4.000000,4.000000,4.000000,4.000000,4.000000,4.000000,4.000000,4.000000,4.000000,4.000000,4.000000,83.333336
1614076754.771854,95.000000,0.000000,5.247782,-4.736907,-2.011647,-8.014922,-4.301069,3.193860,0.854891,10.718250,0.775299,1.731268,6.404341,5.420159,7.602046,3.424788,-2.649860,-15.464984,7.112540,-11.459555,7.920046,-34.412823,-18.798775,-14.800315,13.929659,0.117839,-0.891776,-1.295485,5.556221,2.485910,-3.423583,-10.295395,-3.728414,-15.164338,0.000000,190.000000,4.000000,,,,0.000000,4.000000,4.000000,4.000000,4.000000,4.000000,4.000000,4.000000,4.000000,4.000000,4.000000,4.000000,4.000000,4.000000,4.000000,4.000000,4.000000,4.000000,4.000000,2.000000,4.000000,4.000000,4.000000,4.000000,4.000000,4.000000,4.000000,4.000000,4.000000,4.000000,4.000000,4.000000,4.000000,83.333336
1614076754.779504,96.000000,0.000000,5.755355,-4.219349,-2.522456,-7.494086,-4.296768,3.190666,0.854036,10.194711,0.774523,3.267998,5.372295,4.901919,6.568802,2.395722,-6.236954,-28.270031,7.105427,-24.781427,-6.446848,-37.968155,-19.292795,-2.477823,13.402909,0.117721,-1.403705,-1.807010,5.037845,2.483424,-3.420160,-11.823561,-3.724685,-16.174814,8064.000000,0.000000,4.000000,,,,0.000000,4.000000,4.000000,4.000000,4.000000,4.000000,4.000000,4.000000,4.000000,4.000000,4.000000,4.000000,4.000000,4.000000,4.000000,4.000000,4.000000,4.000000,4.000000,2.000000,4.000000,4.000000,4.000000,4.000000,4.000000,4.000000,4.000000,4.000000,4.000000,4.000000,4.000000,4.000000,4.000000,83.333336
1614076754.787353,97.000000,0.000000,5.236779,-2.163848,-2.007113,-5.435310,-4.292471,3.187475,0.853182,10.184516,0.773749,5.316012,8.956667,4.897017,10.151977,9.059993,5.051334,4.578752,7.098322,-3.731006,-2.337837,-33.827621,-12.606836,7.268245,13.389506,-0.908038,1.674622,-0.779562,6.058448,2.480941,-3.416740,-7.196352,-3.720961,-10.517614,8064.000000,0.000000,4.000000,,,,0.000000,4.000000,4.000000,4.000000,4.000000,4.000000,4.000000,4.000000,4.000000,4.000000,4.000000,4.000000,4.000000,4.000000,4.000000,4.000000,4.000000,4.000000,4.000000,2.000000,4.000000,4.000000,4.000000,4.000000,4.000000,4.000000,4.000000,4.000000,4.000000,4.000000,4.000000,4.000000,4.000000,83.333336
1614076754.795102,98.000000,0.000000,7.795645,-0.110402,0.558997,-3.891413,-4.288178,3.184288,0.852328,10.174332,0.772975,6.849158,16.127197,4.892120,13.731568,20.332985,14.277052,18.420326,7.091223,3.965033,3.818347,-30.204050,-8.491665,3.671233,13.376117,1.144153,5.775512,1.272499,8.103671,2.991280,-3.413323,2.041613,-1.153137,-1.276328,8064.000000,0.000000,4.000000,,,,0.000000,4.000000,4.000000,4.000000,4.000000,4.000000,4.000000,4.000000,4.000000,4.000000,4.000000,4.000000,4.000000,4.000000,4.000000,4.000000,4.000000,4.000000,4.000000,2.000000,4.000000,4.000000,4.000000,4.000000,4.000000,4.000000,4.000000,4.000000,4.000000,4.000000,4.000000,4.000000,4.000000,83.333336
1614076754.802951,99.000000,0.000000,8.813490,-0.623112,2.096900,-3.887522,-4.796710,3.181104,0.851476,10.164158,0.772202,6.329488,18.162352,4.887228,13.205016,20.312651,13.237134,-4.162197,7.084132,-4.244060,1.763246,-31.199488,-9.508815,4.180383,13.362741,7.809675,6.795377,2.809689,9.634029,1.449827,-3.409909,5.629315,-0.639164,0.776231,8064.000000,0.000000,4.000000,,,,0.000000,4.000000,4.000000,4.000000,4.000000,4.000000,4.000000,4.000000,4.000000,4.000000,4.000000,4.000000,4.000000,4.000000,4.000000,4.000000,4.000000,4.000000,4.000000,2.000000,4.000000,4.000000,4.000000,4.000000,4.000000,4.000000,4.000000,4.000000,4.000000,4.000000,4.000000,4.000000,4.000000,83.333336
1614076754.810700,100.000000,0.000000,4.702113,-0.622489,1.069162,-3.883634,-4.279093,3.177922,0.850625,10.153994,0.771430,7.348800,17.118549,4.882340,12.166170,14.651313,11.685435,-5.696496,7.077048,-0.650073,3.299944,-31.681108,-10.012126,6.740305,13.349378,11.904429,6.275761,2.294058,9.111574,-0.602905,-3.406500,4.085224,-3.202627,-0.763007,8064.000000,0.000000,4.000000,,,,0.000000,4.000000,4.000000,4.000000,4.000000,4.000000,4.000000,4.000000,4.000000,4.000000,4.000000,4.000000,4.000000,4.000000,4.000000,4.000000,4.000000,4.000000,4.000000,2.000000,4.000000,4.000000,4.000000,4.000000,4.000000,4.000000,4.000000,4.000000,4.000000,4.000000,4.000000,4.000000,4.000000,83.333336
1614076754.818549,101.000000,0.000000,1.107667,-0.621866,2.606554,-3.879751,-2.736353,3.174745,0.849774,10.143840,0.770658,11.444016,18.127071,4.877458,13.692466,15.662303,14.237852,5.078432,7.069971,2.940321,5.347927,-30.623785,-8.976473,0.579718,13.336028,10.866884,6.269485,1.778944,9.102463,-1.627943,-3.403093,4.081139,-4.737886,0.263397,8064.000000,0.000000,4.000000,,,,0.000000,4.000000,4.000000,4.000000,4.000000,4.000000,4.000000,4.000000,4.000000,4.000000,4.000000,4.000000,4.000000,4.000000,4.000000,4.000000,4.000000,4.000000,4.000000,2.000000,4.000000,4.000000,4.000000,4.000000,4.000000,4.000000,4.000000,4.000000,4.000000,4.000000,4.000000,4.000000,4.000000,83.333336
1614076754.826298,102.000000,0.000000,1.619380,-0.621245,5.168050,-2.850230,-0.682334,3.171570,0.848924,10.646516,1.282708,14.509495,15.032021,5.385401,13.165953,12.569717,13.710794,-0.567673,7.575722,0.886099,6.368220,-30.080341,-9.480317,-4.036246,13.322692,10.856017,6.776036,2.802806,9.093361,-1.113494,-3.399690,5.102699,-3.707507,0.263133,8064.000000,0.000000,4.000000,,,,0.000000,4.000000,4.000000,4.000000,4.000000,4.000000,4.000000,4.000000,4.000000,4.000000,4.000000,4.000000,4.000000,4.000000,4.000000,4.000000,4.000000,4.000000,4.000000,2.000000,4.000000,4.000000,4.000000,4.000000,4.000000,4.000000,4.000000,4.000000,4.000000,4.000000,4.000000,4.000000,4.000000,83.333336
1614076754.834147,103.000000,0.000000,1.617761,-0.620623,5.675703,-0.283277,-0.168832,3.168398,0.848075,10.123049,1.281426,15.520626,9.888783,4.867195,8.537402,2.813558,10.107340,-7.746592,7.055326,-0.140428,5.849031,-30.050261,-8.958016,-3.006569,13.309370,11.357982,6.256440,4.851285,9.084268,-1.112381,-3.396290,4.584775,-1.652518,-0.249950,8064.000000,0.000000,4.000000,,,,0.000000,4.000000,4.000000,4.000000,4.000000,4.000000,4.000000,4.000000,4.000000,4.000000,4.000000,4.000000,4.000000,4.000000,4.000000,4.000000,4.000000,4.000000,4.000000,2.000000,4.000000,4.000000,4.000000,4.000000,4.000000,4.000000,4.000000,4.000000,4.000000,4.000000,4.000000,4.000000,4.000000,83.333336
1614076754.841896,104.000000,0.000000,1.103322,-0.620003,5.157206,0.229827,-0.681483,3.678050,0.847227,9.600105,0.767324,13.453823,9.878895,4.862328,5.451942,-0.778999,9.071591,-3.636281,7.561090,-5.268493,4.304720,-31.558672,-8.949059,-5.567665,13.296061,11.346623,6.250184,6.384895,9.075183,-1.111268,-3.392894,4.580191,-0.112403,2.314402,8064.000000,0.000000,4.000000,,,,0.000000,4.000000,4.000000,4.000000,4.000000,4.000000,4.000000,4.000000,4.000000,4.000000,4.000000,4.000000,4.000000,4.000000,4.000000,4.000000,4.000000,4.000000,4.000000,2.000000,4.000000,4.000000,4.000000,4.000000,4.000000,4.000000,4.000000,4.000000,4.000000,4.000000,4.000000,4.000000,4.000000,83.333336
1614076754.849745,105.000000,0.000000,1.615039,-0.619383,5.152049,-0.283224,-0.167981,3.674372,0.846380,8.052044,1.279377,5.748062,9.869016,5.370286,5.446490,-0.778220,10.088161,3.034022,8.066350,-5.776045,9.428620,-29.988653,-9.965751,-1.459533,13.282764,10.822456,6.243933,5.865690,9.066108,-1.110157,-3.902322,4.062790,-0.112291,3.850549,8064.000000,0.000000,4.000000,,,,0.000000,4.000000,4.000000,4.000000,4.000000,4.000000,4.000000,4.000000,4.000000,4.000000,4.000000,4.000000,4.000000,4.000000,4.000000,4.000000,4.000000,4.000000,4.000000,2.000000,4.000000,4.000000,4.000000,4.000000,4.000000,4.000000,4.000000,4.000000,4.000000,4.000000,4.000000,4.000000,4.000000,83.333336
1614076754.857494,106.000000,0.000000,2.126245,-0.618763,5.146897,-0.282941,-0.680634,3.157877,0.845534,3.428607,1.790918,-0.924353,5.756583,4.852096,2.364120,-4.367186,4.949868,-0.045936,2.930079,2.947680,16.598679,-29.445843,-7.904502,7.772696,13.269482,10.811634,6.237689,5.859824,9.057041,-1.109047,-2.872778,4.571548,-0.112179,3.333878,8064.000000,0.000000,4.000000,,,,0.000000,4.000000,4.000000,4.000000,4.000000,4.000000,4.000000,4.000000,4.000000,4.000000,4.000000,4.000000,4.000000,4.000000,4.000000,4.000000,4.000000,4.000000,4.000000,2.000000,4.000000,4.000000,4.000000,4.000000,4.000000,4.000000,4.000000,4.000000,4.000000,4.000000,4.000000,4.000000,4.000000,83.333336
1614076754.865343,107.000000,0.000000,1.611298,-0.618145,5.654571,-0.282658,-0.167133,3.667540,0.844688,-1.703027,-2.826257,-0.923429,1.648262,0.744679,-2.766449,-7.952562,-4.285851,-8.251018,-3.226698,-1.157832,8.889773,-42.236912,-9.435060,-4.029949,11.204930,11.313643,6.744272,6.366785,9.047984,-0.595117,-0.305803,4.566976,1.939215,3.330544,8064.000000,0.000000,4.000000,,,,0.000000,4.000000,4.000000,4.000000,4.000000,4.000000,4.000000,4.000000,4.000000,4.000000,4.000000,4.000000,4.000000,4.000000,4.000000,4.000000,4.000000,4.000000,4.000000,2.000000,4.000000,4.000000,4.000000,4.000000,4.000000,4.000000,4.000000,4.000000,4.000000,4.000000,4.000000,4.000000,4.000000,83.333336
1614076754.873092,108.000000,0.000000,1.096866,-0.617526,4.623275,-0.282375,0.345855,3.663872,0.843843,-0.675683,-9.490098,-1.948146,2.672255,-2.845809,-2.763682,-7.431789,-6.845668,-9.781228,-4.761933,-26.284880,-3.939630,-58.604931,-19.169214,-24.025919,9.142443,9.251047,5.711887,5.334777,9.038937,-2.645804,0.720144,0.972666,3.988558,4.352855,8064.000000,0.000000,4.000000,,,,0.000000,4.000000,4.000000,4.000000,4.000000,4.000000,4.000000,4.000000,4.000000,4.000000,4.000000,4.000000,4.000000,4.000000,4.000000,4.000000,4.000000,4.000000,4.000000,2.000000,4.000000,4.000000,4.000000,4.000000,4.000000,4.000000,4.000000,4.000000,4.000000,4.000000,4.000000,4.000000,4.000000,83.333336
1614076754.880941,109.000000,0.000000,2.634231,-0.616909,2.567370,-0.282093,-4.269876,-1.467996,0.843000,-0.675007,-11.019070,-5.023121,3.182403,-2.842963,-1.735278,-6.911537,-5.300361,-9.258627,-4.244350,-48.309875,-7.012613,-62.648888,-28.893635,-18.360867,9.133301,4.626411,3.142072,3.278160,9.029898,-4.694441,0.719424,-3.130871,3.471749,2.297220,8064.000000,0.000000,4.000000,,,,0.000000,4.000000,4.000000,4.000000,4.000000,4.000000,4.000000,4.000000,4.000000,4.000000,4.000000,4.000000,4.000000,4.000000,4.000000,4.000000,4.000000,4.000000,4.000000,2.000000,4.000000,4.000000,4.000000,4.000000,4.000000,4.000000,4.000000,4.000000,4.000000,4.000000,4.000000,4.000000,4.000000,83.333336
1614076754.888690,110.000000,0.000000,0.067494,-0.616292,1.026341,-0.281810,-11.445093,-7.620375,-1.721946,-9.392281,-9.982409,-4.505278,0.615118,-2.327300,-2.759183,-7.417446,-6.833522,-17.454496,-4.240106,-43.133362,-6.492780,-58.483677,-28.864740,-0.906609,9.636988,3.083323,2.113289,1.736421,7.482406,-5.202567,-0.306937,-3.640561,3.468277,0.243641,8064.000000,0.000000,4.000000,,,,0.000000,4.000000,4.000000,4.000000,4.000000,4.000000,4.000000,4.000000,4.000000,4.000000,4.000000,4.000000,4.000000,4.000000,4.000000,4.000000,4.000000,4.000000,4.000000,2.000000,4.000000,4.000000,4.000000,4.000000,4.000000,4.000000,4.000000,4.000000,4.000000,4.000000,4.000000,4.000000,4.000000,83.333336
1614076754.896339,111.000000,0.000000,-5.060778,-0.615676,1.538135,-0.281529,-12.459289,-9.151216,-3.771506,-10.408529,-10.485248,-5.013593,-1.436779,-3.350614,-1.730783,-7.922849,-6.313868,-21.026785,-4.235866,-16.423561,-4.947825,-55.348270,-26.784594,-0.392882,9.627351,3.593061,2.623996,2.247505,4.910821,-5.197364,-4.409194,-3.124100,3.464809,-0.269423,8064.000000,0.000000,4.000000,,,,0.000000,4.000000,4.000000,4.000000,4.000000,4.000000,4.000000,4.000000,4.000000,4.000000,4.000000,4.000000,4.000000,4.000000,4.000000,4.000000,4.000000,4.000000,4.000000,2.000000,4.000000,4.000000,4.000000,4.000000,4.000000,4.000000,4.000000,4.000000,4.000000,4.000000,4.000000,4.000000,4.000000,83.333336
1614076754.904088,112.000000,0.000000,-3.004436,-0.615060,1.536597,-0.281247,-9.882727,-6.577962,-2.229273,4.473674,-9.449121,-2.957297,-1.435342,-2.321622,1.347871,-6.376464,-5.281913,-14.851912,-4.231630,-6.150728,-0.327493,-53.754459,-29.321913,-6.546335,9.617723,3.589468,2.621372,2.245257,5.418731,-4.166526,-7.994528,-3.633796,3.461344,-2.320436,8064.000000,0.000000,4.000000,,,,0.000000,4.000000,4.000000,4.000000,4.000000,4.000000,4.000000,4.000000,4.000000,4.000000,4.000000,4.000000,4.000000,4.000000,4.000000,4.000000,4.000000,4.000000,4.000000,2.000000,4.000000,4.000000,4.000000,4.000000,4.000000,4.000000,4.000000,4.000000,4.000000,4.000000,4.000000,4.000000,4.000000,83.333336
1614076754.911737,113.000000,0.000000,3.665236,-0.614445,1.535060,-0.280966,-8.334383,-4.520102,0.849879,11.135867,-6.875569,2.173865,-0.921086,-0.268018,2.372164,-3.805985,-6.302272,-13.298599,-3.201757,-24.606115,-1.352807,-51.649422,-27.754129,-3.462866,9.608106,3.073058,2.105931,2.243012,7.977415,1.478666,-6.960893,-3.630162,3.457883,-4.369398,8064.000000,0.000000,4.000000,,,,0.000000,4.000000,4.000000,4.000000,4.000000,4.000000,4.000000,4.000000,4.000000,4.000000,4.000000,4.000000,4.000000,4.000000,4.000000,4.000000,4.000000,4.000000,4.000000,2.000000,4.000000,4.000000,4.000000,4.000000,4.000000,4.000000,4.000000,4.000000,4.000000,4.000000,4.000000,4.000000,4.000000,83.333336
1614076754.919487,114.000000,0.000000,6.225673,-0.613830,1.020705,-0.280685,-8.838869,-4.515582,0.849029,3.945244,-6.355874,2.684512,-0.920165,1.783532,1.344151,-3.802179,-1.167765,-10.721198,1.929650,-20.991766,1.725469,-41.854183,-17.469965,7.309828,9.598497,3.582805,2.103825,1.727948,9.507899,6.092572,-4.902650,-3.626532,2.941605,-4.365028,8064.000000,0.000000,4.000000,,,,0.000000,4.000000,4.000000,4.000000,4.000000,4.000000,4.000000,4.000000,4.000000,4.000000,4.000000,4.000000,4.000000,4.000000,4.000000,4.000000,4.000000,4.000000,4.000000,2.000000,4.000000,4.000000,4.000000,4.000000,4.000000,4.000000,4.000000,4.000000,4.000000,4.000000,4.000000,4.000000,4.000000,83.333336
1614076754.927136,115.000000,0.000000,4.680985,-0.613217,2.045325,-0.280404,-8.317209,-4.511066,0.848180,1.890017,-6.349517,2.681827,-0.919245,3.833030,4.419729,-1.747095,9.089813,7.751062,7.055925,11.849739,13.005795,-23.863611,-7.196084,15.507647,9.588899,3.579222,4.153003,2.239041,9.498391,6.599300,-3.359286,-2.597265,3.964304,-4.360663,8064.000000,0.000000,4.000000,,,,0.000000,4.000000,4.000000,4.000000,4.000000,4.000000,4.000000,4.000000,4.000000,4.000000,4.000000,4.000000,4.000000,4.000000,4.000000,4.000000,4.000000,4.000000,4.000000,2.000000,4.000000,4.000000,4.000000,4.000000,4.000000,4.000000,4.000000,4.000000,4.000000,4.000000,4.000000,4.000000,4.000000,83.333336
1614076754.934885,116.000000,0.000000,5.701946,-0.612603,4.607382,-0.280124,-7.283251,-2.968094,3.411435,4.452229,-6.343168,6.781710,-0.918326,5.367659,9.543515,3.382857,15.747390,26.204849,9.100151,25.684042,18.120995,-16.147440,-4.624785,13.953677,9.579310,4.088464,6.200132,4.800904,8.976072,6.079881,-3.355926,-0.030565,6.524442,-3.330662,8064.000000,0.000000,4.000000,,,,0.000000,4.000000,4.000000,4.000000,4.000000,4.000000,4.000000,4.000000,4.000000,4.000000,4.000000,4.000000,4.000000,4.000000,4.000000,4.000000,4.000000,4.000000,4.000000,2.000000,4.000000,4.000000,4.000000,4.000000,4.000000,4.000000,4.000000,4.000000,4.000000,4.000000,4.000000,4.000000,4.000000,83.333336
1614076754.942534,117.000000,0.000000,5.696244,-0.611991,5.115595,-0.792664,-8.814429,-0.913844,3.920844,2.396495,-6.336825,3.185184,-0.917407,4.849471,9.021151,3.379474,12.141899,23.101721,4.988487,8.735282,17.077232,-28.438986,-4.620161,8.811519,9.569731,3.571555,6.193932,6.334565,8.967096,6.586621,-3.352571,0.995107,7.543559,-1.276049,8064.000000,0.000000,4.000000,,,,0.000000,4.000000,4.000000,4.000000,4.000000,4.000000,4.000000,4.000000,4.000000,4.000000,4.000000,4.000000,4.000000,4.000000,4.000000,4.000000,4.000000,4.000000,4.000000,2.000000,4.000000,4.000000,4.000000,4.000000,4.000000,4.000000,4.000000,4.000000,4.000000,4.000000,4.000000,4.000000,4.000000,83.333336
1614076754.950283,118.000000,0.000000,5.177727,-0.611379,5.623300,-0.279051,-7.267153,0.112711,1.352820,2.394099,-5.817667,-4.510309,-0.916490,4.844621,4.909565,-0.213649,3.924629,-1.023944,-3.734450,-3.068325,15.008873,-46.872086,-6.666823,6.751425,8.021700,3.567983,6.187738,4.789769,9.470949,6.580035,-3.862038,0.481291,7.023195,0.263689,8064.000000,0.000000,4.000000,,,,0.000000,4.000000,4.000000,4.000000,4.000000,4.000000,4.000000,4.000000,4.000000,4.000000,4.000000,4.000000,4.000000,4.000000,4.000000,4.000000,4.000000,4.000000,4.000000,2.000000,4.000000,4.000000,4.000000,4.000000,4.000000,4.000000,4.000000,4.000000,4.000000,4.000000,4.000000,4.000000,4.000000,83.333336
1614076754.957932,119.000000,0.000000,5.172549,-0.610767,6.130497,-0.278772,-0.080399,-0.400222,0.325827,7.007089,-3.760568,5.237792,-0.915574,4.839777,5.417477,2.350667,-1.720321,-12.304972,-8.858921,-9.731923,-0.390751,-55.543159,-15.378104,7.257494,5.962396,4.590056,6.694371,5.810620,7.923017,6.060634,-3.345356,0.480810,7.528992,0.263425,8064.000000,0.000000,4.000000,,,,0.000000,4.000000,4.000000,4.000000,4.000000,4.000000,4.000000,4.000000,4.000000,4.000000,4.000000,4.000000,4.000000,4.000000,4.000000,4.000000,4.000000,4.000000,4.000000,2.000000,4.000000,4.000000,4.000000,4.000000,4.000000,4.000000,4.000000,4.000000,4.000000,4.000000,4.000000,4.000000,4.000000,83.333336
1614076754.965681,120.000000,0.000000,4.654556,-0.610157,4.073085,-0.278493,4.535066,-0.912642,1.351142,3.410338,-2.218346,18.565887,-0.914658,5.347757,9.514623,7.989342,-1.718601,11.297077,-7.311600,-13.824756,-20.390360,-56.000439,-25.106316,6.737416,5.443613,2.534184,2.585112,6.830451,1.248427,6.054574,-2.316370,0.993150,6.495822,-0.249659,8064.000000,0.000000,4.000000,,,,0.000000,4.000000,4.000000,4.000000,4.000000,4.000000,4.000000,4.000000,4.000000,4.000000,4.000000,4.000000,4.000000,4.000000,4.000000,4.000000,4.000000,4.000000,4.000000,2.000000,4.000000,4.000000,4.000000,4.000000,4.000000,4.000000,4.000000,4.000000,4.000000,4.000000,4.000000,4.000000,4.000000,83.333336
1614076754.973331,121.000000,0.000000,2.085799,-0.609547,-1.572014,0.747426,3.504890,1.652373,0.324150,-0.695636,-2.216127,14.444757,-0.913743,5.342410,6.428185,8.494173,-1.204062,18.465267,-7.817109,-17.913494,-21.395611,-56.970078,-28.158133,6.730679,5.950990,-4.135017,-1.007216,1.182595,-3.881026,6.048519,-4.365335,0.479336,3.925224,-2.813512,8064.000000,0.000000,4.000000,,,,0.000000,4.000000,4.000000,4.000000,4.000000,4.000000,4.000000,4.000000,4.000000,4.000000,4.000000,4.000000,4.000000,4.000000,4.000000,4.000000,4.000000,4.000000,4.000000,2.000000,4.000000,4.000000,4.000000,4.000000,4.000000,4.000000,4.000000,4.000000,4.000000,4.000000,4.000000,4.000000,4.000000,83.333336
1614076754.981080,122.000000,0.000000,1.058072,-0.608937,-2.596083,4.336422,3.501385,5.240464,1.349466,7.510188,-2.726732,11.353389,-1.425650,4.311426,1.806373,6.947218,-2.741319,-13.860890,-8.322113,-37.382763,-8.040882,-53.323364,-23.001770,6.723948,5.945039,-8.233446,1.045073,-0.869870,-1.313043,6.042470,-2.822508,0.991677,2.895658,-3.836339,8064.000000,0.000000,4.000000,,,,0.000000,4.000000,4.000000,4.000000,4.000000,4.000000,4.000000,4.000000,4.000000,4.000000,4.000000,4.000000,4.000000,4.000000,4.000000,4.000000,4.000000,4.000000,4.000000,2.000000,4.000000,4.000000,4.000000,4.000000,4.000000,4.000000,4.000000,4.000000,4.000000,4.000000,4.000000,4.000000,4.000000,83.333336
1614076754.988729,123.000000,0.000000,3.108296,-0.608328,-1.055025,8.434650,3.497884,7.799326,3.912220,14.169344,-2.211185,17.495882,1.139878,4.819935,5.907130,7.453091,0.338345,-25.641901,-0.108662,-39.909481,3.249210,-43.526451,-15.286460,6.717224,5.939094,-7.712392,3.095310,8.361769,4.329296,6.036428,4.872622,0.990686,3.918403,-3.319682,8064.000000,0.000000,4.000000,,,,0.000000,4.000000,4.000000,4.000000,4.000000,4.000000,4.000000,4.000000,4.000000,4.000000,4.000000,4.000000,4.000000,4.000000,4.000000,4.000000,4.000000,4.000000,4.000000,2.000000,4.000000,4.000000,4.000000,4.000000,4.000000,4.000000,4.000000,4.000000,4.000000,4.000000,4.000000,4.000000,4.000000,83.333336
1614076754.996478,124.000000,0.000000,5.156470,-0.607720,-6.182175,7.913395,-1.633819,7.791527,3.395487,9.539790,-2.721794,15.427104,3.702841,5.840756,10.003787,8.984099,5.979032,7.204253,7.583754,-7.049058,5.297243,-36.816257,-13.219892,7.223327,5.933155,-7.191859,2.579394,15.020074,4.324967,6.030391,5.893390,-2.087228,3.401664,-6.906106,8064.000000,0.000000,4.000000,,,,0.000000,4.000000,4.000000,4.000000,4.000000,4.000000,4.000000,4.000000,4.000000,4.000000,4.000000,4.000000,4.000000,4.000000,4.000000,4.000000,4.000000,4.000000,4.000000,2.000000,4.000000,4.000000,4.000000,4.000000,4.000000,4.000000,4.000000,4.000000,4.000000,4.000000,4.000000,4.000000,4.000000,83.333336
1614076755.004127,125.000000,0.000000,5.151314,-0.607112,-14.893942,-1.325288,-10.350134,1.629889,0.827989,5.940507,-5.283175,6.180908,0.109394,1.219531,4.352758,3.334090,2.383310,17.453459,3.986427,4.752862,2.727843,-36.266621,-16.796415,6.703283,5.927221,-7.697488,2.063994,9.876849,1.243719,6.537181,-1.804811,-6.700526,-0.704302,-11.001764,8064.000000,0.000000,4.000000,,,,0.000000,4.000000,4.000000,4.000000,4.000000,4.000000,4.000000,4.000000,4.000000,4.000000,4.000000,4.000000,4.000000,4.000000,4.000000,4.000000,4.000000,4.000000,4.000000,2.000000,4.000000,4.000000,4.000000,4.000000,4.000000,4.000000,4.000000,4.000000,4.000000,4.000000,4.000000,4.000000,4.000000,83.333336
1614076755.011976,126.000000,0.000000,5.146162,-0.606505,-17.955971,-11.067553,-15.467989,-7.089689,0.314340,4.908926,-9.893276,1.559342,-3.993279,-5.448355,0.245841,-3.335911,-4.798561,-7.179379,-0.120124,-15.764711,4.776397,-36.743176,-15.241158,4.132477,5.921294,-7.689790,2.574751,5.251587,1.755295,4.479362,-4.879929,-7.719466,-4.293341,-11.503583,8064.000000,0.000000,4.000000,,,,0.000000,4.000000,4.000000,4.000000,4.000000,4.000000,4.000000,4.000000,4.000000,4.000000,4.000000,4.000000,4.000000,4.000000,4.000000,4.000000,4.000000,4.000000,4.000000,2.000000,4.000000,4.000000,4.000000,4.000000,4.000000,4.000000,4.000000,4.000000,4.000000,4.000000,4.000000,4.000000,4.000000,83.333336
1614076755.019725,127.000000,0.000000,5.141016,-0.605898,-16.399553,-12.082126,-15.452521,-8.621061,1.339667,-2.275471,-9.883383,2.070603,-0.399542,-5.442907,3.322518,-0.255652,-3.768121,-1.531174,4.495381,-6.518177,10.412646,-36.706432,-7.020788,2.589883,5.915373,-7.169280,2.572176,5.759156,4.830463,2.423601,-2.823767,-6.686106,-4.289048,-10.466438,8064.000000,0.000000,4.000000,,,,0.000000,4.000000,4.000000,4.000000,4.000000,4.000000,4.000000,4.000000,4.000000,4.000000,4.000000,4.000000,4.000000,4.000000,4.000000,4.000000,4.000000,4.000000,4.000000,2.000000,4.000000,4.000000,4.000000,4.000000,4.000000,4.000000,4.000000,4.000000,4.000000,4.000000,4.000000,4.000000,4.000000,83.333336
1614076755.027574,0.000000,0.000000,5.135875,-0.605292,-14.331872,-10.531582,-12.872966,-4.509876,0.825507,-4.837298,-7.309397,7.196738,3.190601,-1.847720,5.370478,6.411270,1.363852,18.470358,8.080629,9.898598,13.991978,-35.644085,-4.962485,3.612935,5.909458,-3.572367,2.569604,6.266218,5.851274,2.421177,-3.333764,-6.679420,-3.771938,-10.968793,0.000000,191.000000,4.000000,,,,0.000000,4.000000,4.000000,4.000000,4.000000,4.000000,4.000000,4.000000,4.000000,4.000000,4.000000,4.000000,4.000000,4.000000,4.000000,4.000000,4.000000,4.000000,4.000000,2.000000,4.000000,4.000000,4.000000,4.000000,4.000000,4.000000,4.000000,4.000000,4.000000,4.000000,4.000000,4.000000,4.000000,83.333336
1614076755.035323,1.000000,0.000000,5.130739,-0.604687,-13.291899,-12.572332,-12.860093,-3.992546,0.824681,0.808565,-6.789267,12.830566,3.187410,-2.358693,5.365108,8.456141,3.413770,21.015989,7.559728,-10.111301,12.439524,-37.146904,-11.111369,2.583681,5.903548,-0.491872,2.567034,5.747131,5.332602,2.931576,-3.843251,-7.185561,-4.280987,-10.957824,0.000000,206.000000,4.000000,,,,0.000000,4.000000,4.000000,4.000000,4.000000,4.000000,4.000000,4.000000,4.000000,4.000000,4.000000,4.000000,4.000000,4.000000,4.000000,4.000000,4.000000,4.000000,4.000000,2.000000,4.000000,4.000000,4.000000,4.000000,4.000000,4.000000,4.000000,4.000000,4.000000,4.000000,4.000000,4.000000,4.000000,83.333336
1614076755.043172,2.000000,0.000000,5.125608,-0.604083,-13.278607,-11.021298,-12.334413,-5.014194,0.823857,3.371859,-6.782477,14.356197,4.209864,-2.869155,4.846922,9.986147,0.333433,10.225742,6.526527,-27.537086,2.170674,-44.289242,-16.741283,-2.034288,5.897645,-1.517021,2.051646,4.715743,5.327270,2.415824,-3.326587,-7.178375,-4.276706,-11.459686,0.000000,198.000000,4.000000,,,,0.000000,4.000000,4.000000,4.000000,4.000000,4.000000,4.000000,4.000000,4.000000,4.000000,4.000000,4.000000,4.000000,4.000000,4.000000,4.000000,4.000000,4.000000,4.000000,2.000000,4.000000,4.000000,4.000000,4.000000,4.000000,4.000000,4.000000,4.000000,4.000000,4.000000,4.000000,4.000000,4.000000,83.333336
1614076755.050921,3.000000,0.000000,5.120483,-0.603478,-12.752508,-5.369252,-8.219514,-3.983539,0.823033,2.342846,-3.698772,14.341842,7.282577,-2.353465,4.842075,6.386417,-8.384849,-10.297303,5.494359,-29.560833,-9.626369,-49.373158,-19.288645,-4.083536,5.891747,-4.079606,2.049595,5.736668,5.321942,2.413409,-3.836081,-4.094274,-3.759609,-10.935406,0.000000,182.000000,4.000000,,,,0.000000,4.000000,4.000000,4.000000,4.000000,4.000000,4.000000,4.000000,4.000000,4.000000,4.000000,4.000000,4.000000,4.000000,4.000000,4.000000,4.000000,4.000000,4.000000,2.000000,4.000000,4.000000,4.000000,4.000000,4.000000,4.000000,4.000000,4.000000,4.000000,4.000000,4.000000,4.000000,4.000000,83.333336
1614076755.058770,4.000000,0.000000,5.115362,-0.602875,-12.739756,-3.312600,-7.698474,-3.979555,0.822210,2.853324,-2.669432,12.789039,5.736833,-2.351112,2.273130,-1.312277,-14.017489,-18.492134,3.950404,-35.172298,-4.488537,-47.785324,-22.859100,-5.105093,5.885855,-4.075527,3.073186,6.756572,5.316620,2.923816,-2.806603,-3.577359,-3.755849,-10.411651,0.000000,192.000000,4.000000,,,,0.000000,4.000000,4.000000,4.000000,4.000000,4.000000,4.000000,4.000000,4.000000,4.000000,4.000000,4.000000,4.000000,4.000000,4.000000,4.000000,4.000000,4.000000,4.000000,2.000000,4.000000,4.000000,4.000000,4.000000,4.000000,4.000000,4.000000,4.000000,4.000000,4.000000,4.000000,4.000000,4.000000,83.333336
1614076755.066519,5.000000,0.000000,5.110247,-0.602272,-12.727015,-4.334929,-8.716416,-3.975576,1.334208,2.850471,-2.666763,8.160865,2.141353,-1.835940,0.732396,-2.336606,-8.362447,-3.089027,3.433633,-25.393536,9.874926,-48.763180,-24.887522,-4.587167,5.879970,-2.532990,2.557293,3.672893,5.311304,0.869610,-2.803797,-6.650704,-4.264914,-11.426880,0.000000,204.000000,4.000000,,,,0.000000,4.000000,4.000000,4.000000,4.000000,4.000000,4.000000,4.000000,4.000000,4.000000,4.000000,4.000000,4.000000,4.000000,4.000000,4.000000,4.000000,4.000000,4.000000,2.000000,4.000000,4.000000,4.000000,4.000000,4.000000,4.000000,4.000000,4.000000,4.000000,4.000000,4.000000,4.000000,4.000000,83.333336
1614076755.074368,6.000000,0.000000,5.105137,-0.601670,-8.098904,-1.253671,2.574351,-3.458780,0.820053,-0.229303,2.464109,7.639883,2.652032,-2.346925,3.808586,-0.282987,-1.687417,-3.085938,2.404558,-11.521988,13.967615,-47.175957,-17.170328,4.648189,5.874089,-4.068918,2.554735,1.617938,5.305992,-1.695362,-4.852275,-6.644054,-2.722187,-10.389812,0.000000,191.000000,4.000000,,,,0.000000,4.000000,4.000000,4.000000,4.000000,4.000000,4.000000,4.000000,4.000000,4.000000,4.000000,4.000000,4.000000,4.000000,4.000000,4.000000,4.000000,4.000000,4.000000,2.000000,4.000000,4.000000,4.000000,4.000000,4.000000,4.000000,4.000000,4.000000,4.000000,4.000000,4.000000,4.000000,4.000000,83.333336
1614076755.082117,7.000000,0.000000,5.100031,-0.088248,-1.936959,3.362967,18.469212,-0.891218,0.819233,-1.254715,8.615491,12.247628,10.854507,-2.857399,7.907341,3.307039,-1.685730,-12.313622,4.453435,-13.048927,11.902366,-33.282627,-3.819824,14.899951,5.868216,-4.064849,8.706027,9.821448,5.300686,-1.180846,-0.744859,-0.483564,1.895920,-5.764037,0.000000,154.000000,4.000000,,,,0.000000,4.000000,4.000000,4.000000,4.000000,4.000000,4.000000,4.000000,4.000000,4.000000,4.000000,4.000000,4.000000,4.000000,4.000000,4.000000,4.000000,4.000000,4.000000,2.000000,4.000000,4.000000,4.000000,4.000000,4.000000,4.000000,4.000000,4.000000,4.000000,4.000000,4.000000,4.000000,4.000000,83.333336
1614076755.089966,8.000000,0.000000,5.094932,-1.626621,0.116260,3.872425,16.399462,0.648134,1.331235,-0.740639,9.119697,13.773842,14.946218,-1.828900,9.437896,11.508861,0.880058,16.929462,6.500264,-0.215365,13.428925,-20.941650,0.286560,10.782487,6.375168,1.580241,14.338346,13.914190,5.295385,-1.179666,5.409732,1.055381,3.945306,-2.681350,0.000000,176.000000,4.000000,,,,0.000000,4.000000,4.000000,4.000000,4.000000,4.000000,4.000000,4.000000,4.000000,4.000000,4.000000,4.000000,4.000000,4.000000,4.000000,4.000000,4.000000,4.000000,4.000000,2.000000,4.000000,4.000000,4.000000,4.000000,4.000000,4.000000,4.000000,4.000000,4.000000,4.000000,4.000000,4.000000,4.000000,83.333336
1614076755.097715,9.000000,0.000000,5.089837,-3.676276,-3.986420,3.355732,3.562549,-0.890975,-0.721379,-0.739899,3.469551,13.247248,7.238964,-3.365533,8.915638,13.035813,2.930460,43.579201,1.365559,19.272030,11.364214,-23.484812,-8.431675,3.079397,4.317511,4.655584,9.195803,1.592584,5.290090,-3.229768,0.788938,-4.073879,3.428540,-4.729951,0.000000,200.000000,4.000000,,,,0.000000,4.000000,4.000000,4.000000,4.000000,4.000000,4.000000,4.000000,4.000000,4.000000,4.000000,4.000000,4.000000,4.000000,4.000000,4.000000,4.000000,4.000000,4.000000,2.000000,4.000000,4.000000,4.000000,4.000000,4.000000,4.000000,4.000000,4.000000,4.000000,4.000000,4.000000,4.000000,4.000000,83.333336
1614076755.105564,10.000000,0.000000,5.084747,-4.698241,-10.136280,3.352376,-1.056398,-3.454187,-5.336042,-1.764800,-2.687765,13.234000,1.590699,-7.977551,8.906722,5.330470,-0.149393,14.817671,-5.302474,3.868142,9.301567,-29.102352,-12.525807,3.589138,1.749090,-2.528559,0.468658,-6.614137,5.284800,-5.790641,-6.904159,-7.659549,3.425111,-8.827785,0.000000,210.000000,4.000000,,,,0.000000,4.000000,4.000000,4.000000,4.000000,4.000000,4.000000,4.000000,4.000000,4.000000,4.000000,4.000000,4.000000,4.000000,4.000000,4.000000,4.000000,4.000000,4.000000,2.000000,4.000000,4.000000,4.000000,4.000000,4.000000,4.000000,4.000000,4.000000,4.000000,4.000000,4.000000,4.000000,4.000000,83.333336
1614076755.113313,11.000000,0.000000,5.079662,-4.180722,-13.203067,3.861845,-0.029701,-3.963553,-6.869167,-0.224574,-3.197898,13.733586,7.230134,-7.456754,8.897815,2.761036,-1.687705,-17.504839,-2.220248,-14.084444,10.317907,-28.560431,-7.897897,1.534267,2.260162,-7.654235,-1.583092,-2.504958,5.279515,-5.272029,-4.845973,-6.626248,3.934507,-10.870239,0.000000,179.000000,4.000000,,,,0.000000,4.000000,4.000000,4.000000,4.000000,4.000000,4.000000,4.000000,4.000000,4.000000,4.000000,4.000000,4.000000,4.000000,4.000000,4.000000,4.000000,4.000000,4.000000,2.000000,4.000000,4.000000,4.000000,4.000000,4.000000,4.000000,4.000000,4.000000,4.000000,4.000000,4.000000,4.000000,4.000000,83.333336
1614076755.121162,12.000000,0.000000,5.074583,-4.176542,-12.677043,3.345162,-0.542492,-3.959590,-6.862298,1.826933,-0.630597,16.796776,10.812648,-3.346733,8.888917,4.296737,0.365264,-9.282206,0.858895,-12.531898,3.128102,-31.608793,-10.454102,-3.595473,2.257902,-4.569658,-1.581509,-2.502454,5.274236,-4.753937,-4.328306,-6.619622,3.930572,-10.859369,0.000000,168.000000,4.000000,,,,0.000000,4.000000,4.000000,4.000000,4.000000,4.000000,4.000000,4.000000,4.000000,4.000000,4.000000,4.000000,4.000000,4.000000,4.000000,4.000000,4.000000,4.000000,4.000000,2.000000,4.000000,4.000000,4.000000,4.000000,4.000000,4.000000,4.000000,4.000000,4.000000,4.000000,4.000000,4.000000,4.000000,83.333336
1614076755.128912,13.000000,0.000000,4.556687,-3.659544,-12.664366,3.341817,-1.567590,-3.955630,-5.829795,2.337927,0.908495,20.369722,8.750553,-2.830565,8.367208,2.753979,1.903361,-1.067796,-1.706066,-15.083468,-2.003232,-38.243851,-16.084673,-0.002134,1.230003,-3.539447,-1.579928,-5.064054,4.756141,-6.287645,-7.400901,-6.613002,3.926642,-10.848510,0.000000,225.000000,4.000000,,,,0.000000,4.000000,4.000000,4.000000,4.000000,4.000000,4.000000,4.000000,4.000000,4.000000,4.000000,4.000000,4.000000,4.000000,4.000000,4.000000,4.000000,4.000000,4.000000,2.000000,4.000000,4.000000,4.000000,4.000000,4.000000,4.000000,4.000000,4.000000,4.000000,4.000000,4.000000,4.000000,4.000000,83.333336
1614076755.136561,14.000000,0.000000,5.577772,-5.194346,-13.677342,3.338475,-1.053202,-4.464495,-4.285504,4.386871,0.394766,20.862173,13.357186,2.813291,8.358841,6.340968,3.952739,-5.682112,4.962307,-6.863257,5.691080,-37.692787,-10.940383,7.177356,8.921081,-3.023087,3.037037,3.658959,5.777026,-3.717254,-3.290936,-2.503825,3.409894,-10.837661,0.000000,205.000000,4.000000,,,,0.000000,4.000000,4.000000,4.000000,4.000000,4.000000,4.000000,4.000000,4.000000,4.000000,4.000000,4.000000,4.000000,4.000000,4.000000,4.000000,4.000000,4.000000,4.000000,2.000000,4.000000,4.000000,4.000000,4.000000,4.000000,4.000000,4.000000,4.000000,4.000000,4.000000,4.000000,4.000000,4.000000,83.333336
1614076755.144310,15.000000,0.000000,7.623476,-4.676332,-12.638024,3.335137,-1.052149,-3.947210,-2.742757,8.997869,0.394371,20.841312,21.036137,11.528426,10.914584,15.052576,10.615453,10.733826,19.829140,12.630786,4.146927,-30.988426,-6.314058,10.759922,19.168570,4.672244,9.187846,12.886069,8.335351,3.465950,3.379022,3.652525,3.406485,-10.826823,0.000000,206.000000,4.000000,,,,0.000000,4.000000,4.000000,4.000000,4.000000,4.000000,4.000000,4.000000,4.000000,4.000000,4.000000,4.000000,4.000000,4.000000,4.000000,4.000000,4.000000,4.000000,4.000000,2.000000,4.000000,4.000000,4.000000,4.000000,4.000000,4.000000,4.000000,4.000000,4.000000,4.000000,4.000000,4.000000,4.000000,83.333336
1614076755.151959,16.000000,0.000000,9.154314,-0.569091,-12.112566,3.331802,-0.025456,-3.943263,-2.740014,9.501691,0.906797,20.820471,20.502281,10.491257,11.929311,17.601625,13.681761,25.594887,21.347773,0.823283,-8.677732,-31.470259,-13.487231,11.774803,18.123760,11.334238,10.717119,13.898825,9.352657,7.052227,5.426925,5.187334,4.428719,-10.815997,0.000000,204.000000,4.000000,,,,0.000000,4.000000,4.000000,4.000000,4.000000,4.000000,4.000000,4.000000,4.000000,4.000000,4.000000,4.000000,4.000000,4.000000,4.000000,4.000000,4.000000,4.000000,4.000000,2.000000,4.000000,4.000000,4.000000,4.000000,4.000000,4.000000,4.000000,4.000000,4.000000,4.000000,4.000000,4.000000,4.000000,83.333336
1614076755.159708,17.000000,0.000000,6.581057,-3.132625,-14.664556,3.328470,-0.025430,-3.939319,-3.762915,6.415267,1.931532,15.158625,14.840753,5.352560,9.353279,15.019922,7.001412,4.030831,10.557193,-22.767284,-0.463927,-38.618275,-18.089128,4.070721,10.413328,11.835724,8.142300,13.372105,8.317663,6.019535,3.883036,1.079582,1.347367,-10.292360,0.000000,192.000000,4.000000,,,,0.000000,4.000000,4.000000,4.000000,4.000000,4.000000,4.000000,4.000000,4.000000,4.000000,4.000000,4.000000,4.000000,4.000000,4.000000,4.000000,4.000000,4.000000,4.000000,2.000000,4.000000,4.000000,4.000000,4.000000,4.000000,4.000000,4.000000,4.000000,4.000000,4.000000,4.000000,4.000000,4.000000,83.333336
1614076755.167357,18.000000,0.000000,4.010374,-8.257697,-15.675532,3.325141,-1.563866,-3.935380,-2.733511,5.896030,-0.121682,8.476799,13.287451,4.321567,8.318285,14.492082,1.353385,-15.460380,2.341508,-7.872722,21.074999,-33.451450,-11.917193,-0.035914,7.838813,11.311068,5.570055,12.333092,8.822166,6.013515,-0.736231,-3.536882,-4.295006,-11.820529,0.000000,205.000000,4.000000,,,,0.000000,4.000000,4.000000,4.000000,4.000000,4.000000,4.000000,4.000000,4.000000,4.000000,4.000000,4.000000,4.000000,4.000000,4.000000,4.000000,4.000000,4.000000,4.000000,2.000000,4.000000,4.000000,4.000000,4.000000,4.000000,4.000000,4.000000,4.000000,4.000000,4.000000,4.000000,4.000000,4.000000,83.333336
1614076755.175106,19.000000,0.000000,7.083286,-1.069952,-10.018831,3.321816,4.591544,-3.931445,2.910248,6.915776,1.416901,11.032425,14.812625,5.342886,13.950992,16.016050,10.582801,-0.060304,3.877628,20.853100,26.182129,-13.930821,-2.674507,19.451302,11.933537,10.786937,7.102947,13.346400,11.377447,6.520322,-2.273957,-3.020525,-2.752249,-11.295888,0.000000,192.000000,4.000000,,,,0.000000,4.000000,4.000000,4.000000,4.000000,4.000000,4.000000,4.000000,4.000000,4.000000,4.000000,4.000000,4.000000,4.000000,4.000000,4.000000,4.000000,4.000000,4.000000,2.000000,4.000000,4.000000,4.000000,4.000000,4.000000,4.000000,4.000000,4.000000,4.000000,4.000000,4.000000,4.000000,4.000000,83.333336
1614076755.182756,20.000000,0.000000,11.691587,10.725989,-4.880607,3.831315,14.330542,-3.927513,8.548364,6.396039,9.107792,17.175238,17.361914,8.414466,20.090887,18.051317,28.008116,23.016680,10.540417,17.755323,17.437998,-3.660480,3.994834,37.380569,16.024168,11.288970,10.685587,17.435617,12.391710,6.000981,2.343702,1.085060,2.891529,-9.233311,0.000000,190.000000,4.000000,,,,0.000000,4.000000,4.000000,4.000000,4.000000,4.000000,4.000000,4.000000,4.000000,4.000000,4.000000,4.000000,4.000000,4.000000,4.000000,4.000000,4.000000,4.000000,4.000000,2.000000,4.000000,4.000000,4.000000,4.000000,4.000000,4.000000,4.000000,4.000000,4.000000,4.000000,4.000000,4.000000,4.000000,83.333336
1614076755.190505,21.000000,0.000000,12.705537,9.689622,-4.875727,1.776202,9.188006,-3.923586,8.539815,4.851182,10.637146,15.619601,17.344553,12.508616,20.583616,18.546085,26.441647,27.609047,14.119620,-11.493201,4.087226,-14.426050,-0.111725,24.009853,16.008144,12.303322,7.085158,12.802797,12.379318,5.994980,4.392640,0.058334,3.401458,-13.326641,0.000000,194.000000,4.000000,,,,0.000000,4.000000,4.000000,4.000000,4.000000,4.000000,4.000000,4.000000,4.000000,4.000000,4.000000,4.000000,4.000000,4.000000,4.000000,4.000000,4.000000,4.000000,4.000000,2.000000,4.000000,4.000000,4.000000,4.000000,4.000000,4.000000,4.000000,4.000000,4.000000,4.000000,4.000000,4.000000,4.000000,83.333336
1614076755.198154,22.000000,0.000000,11.667191,5.577369,-5.383671,-0.276857,-5.180156,-3.919662,7.505634,2.795048,2.934201,9.962956,10.660542,9.419185,14.922008,13.912155,3.338281,14.760925,8.977295,-24.815041,1.519037,-28.257778,-10.368024,3.985844,13.428034,6.137173,1.949868,5.097687,11.854118,5.476164,3.875427,-3.531468,3.398056,-15.364596,0.000000,192.000000,4.000000,,,,0.000000,4.000000,4.000000,4.000000,4.000000,4.000000,4.000000,4.000000,4.000000,4.000000,4.000000,4.000000,4.000000,4.000000,4.000000,4.000000,4.000000,4.000000,4.000000,2.000000,4.000000,4.000000,4.000000,4.000000,4.000000,4.000000,4.000000,4.000000,4.000000,4.000000,4.000000,4.000000,4.000000,83.333336
1614076755.205903,23.000000,0.000000,12.168344,7.110253,-4.865468,-0.789400,-9.790360,-3.915743,8.523769,2.279433,-0.145656,9.440173,0.393470,5.307201,5.676316,5.180295,-14.100954,-13.971784,3.327292,-10.944072,16.389313,-28.229521,-9.844835,1.930576,12.388965,0.490010,5.537662,12.784897,11.842264,5.983509,7.974116,1.087448,5.958761,-0.477437,0.000000,198.000000,4.000000,,,,0.000000,4.000000,4.000000,4.000000,4.000000,4.000000,4.000000,4.000000,4.000000,4.000000,4.000000,4.000000,4.000000,4.000000,4.000000,4.000000,4.000000,4.000000,4.000000,2.000000,4.000000,4.000000,4.000000,4.000000,4.000000,4.000000,4.000000,4.000000,4.000000,4.000000,4.000000,4.000000,4.000000,83.333336
1614076755.213552,24.000000,0.000000,12.668996,7.615963,-4.860602,-0.275790,-7.216468,-3.911827,8.515246,2.789974,1.905771,10.969194,-5.247949,4.789073,-1.508847,-4.055655,-18.189417,-33.444992,3.323965,-12.984410,19.962667,-29.226933,-10.347811,3.979928,12.889396,4.079263,9.634687,19.438778,12.856064,6.490346,12.068706,8.265848,7.491264,10.805092,0.000000,191.000000,4.000000,,,,0.000000,4.000000,4.000000,4.000000,4.000000,4.000000,4.000000,4.000000,4.000000,4.000000,4.000000,4.000000,4.000000,4.000000,4.000000,4.000000,4.000000,4.000000,4.000000,2.000000,4.000000,4.000000,4.000000,4.000000,4.000000,4.000000,4.000000,4.000000,4.000000,4.000000,4.000000,4.000000,4.000000,83.333336
1614076755.221301,25.000000,0.000000,12.143506,6.582706,-5.368562,-0.275515,-7.722072,-3.907915,8.506731,2.787184,0.878225,7.368482,-4.217060,2.733002,-2.532979,-9.179805,-18.171228,-18.539751,3.320641,-40.150913,-0.570116,-42.018219,-24.183617,2.437486,12.876507,6.639287,5.522489,8.137288,12.330387,5.458214,11.543817,7.231941,6.970952,-0.487765,0.000000,207.000000,4.000000,,,,0.000000,4.000000,4.000000,4.000000,4.000000,4.000000,4.000000,4.000000,4.000000,4.000000,4.000000,4.000000,4.000000,4.000000,4.000000,4.000000,4.000000,4.000000,4.000000,2.000000,4.000000,4.000000,4.000000,4.000000,4.000000,4.000000,4.000000,4.000000,4.000000,4.000000,4.000000,4.000000,4.000000,83.333336
1614076755.228950,26.000000,0.000000,12.131363,6.576123,-5.363193,-0.275239,-8.739990,-3.904007,7.985404,2.784397,0.877346,2.232908,-0.110278,2.217449,2.084938,-8.144983,-9.947928,4.042891,3.317320,-38.059479,-9.800316,-50.694149,-30.313278,1.409408,12.350810,3.555724,1.414402,1.462485,11.292416,5.965577,11.019452,4.147786,6.963981,-7.666764,0.000000,128.000000,4.000000,,,,0.000000,4.000000,4.000000,4.000000,4.000000,4.000000,4.000000,4.000000,4.000000,4.000000,4.000000,4.000000,4.000000,4.000000,4.000000,4.000000,4.000000,4.000000,4.000000,2.000000,4.000000,4.000000,4.000000,4.000000,4.000000,4.000000,4.000000,4.000000,4.000000,4.000000,4.000000,4.000000,4.000000,83.333336
1614076755.236699,27.000000,0.000000,12.119231,7.082368,-5.357830,-1.300605,-7.705610,-3.900103,7.977418,2.781612,1.389289,2.230675,2.453934,7.343436,7.723879,-7.624018,3.908173,4.551668,5.878106,-12.380395,-0.559746,-45.515247,-20.539375,2.433639,12.851279,4.064989,1.925809,9.666150,15.896507,11.600636,11.008432,6.707741,6.957017,1.571672,0.000000,205.000000,4.000000,,,,0.000000,4.000000,4.000000,4.000000,4.000000,4.000000,4.000000,4.000000,4.000000,4.000000,4.000000,4.000000,4.000000,4.000000,4.000000,4.000000,4.000000,4.000000,4.000000,2.000000,4.000000,4.000000,4.000000,4.000000,4.000000,4.000000,4.000000,4.000000,4.000000,4.000000,4.000000,4.000000,4.000000,83.333336
1614076755.244349,28.000000,0.000000,11.081471,6.049644,-5.352472,-0.273663,-7.697904,-3.896203,8.995082,2.266010,-2.201844,2.741265,2.451480,7.336093,9.254617,-4.539471,6.981188,-3.145191,6.897869,-18.009041,2.004916,-40.341530,-14.364990,5.508129,12.838428,7.650668,2.949524,14.271869,23.060099,12.614677,11.510245,8.752316,6.950060,5.159844,0.000000,152.000000,4.000000,,,,0.000000,4.000000,4.000000,4.000000,4.000000,4.000000,4.000000,4.000000,4.000000,4.000000,4.000000,4.000000,4.000000,4.000000,4.000000,4.000000,4.000000,4.000000,4.000000,2.000000,4.000000,4.000000,2.000000,4.000000,4.000000,4.000000,4.000000,4.000000,4.000000,4.000000,4.000000,4.000000,4.000000,66.666664
1614076755.252098,29.000000,0.000000,9.019108,3.479492,-5.347120,0.752251,-7.690206,-3.892307,5.396343,0.212462,-6.302206,1.712883,2.449029,2.200552,8.732541,6.234299,6.461386,0.960518,6.890971,-29.273083,2.002911,-38.249905,-10.248061,9.605185,12.825589,7.643017,4.485036,12.719135,20.472935,5.935396,11.498734,8.230742,6.943110,3.616222,0.000000,198.000000,4.000000,,,,0.000000,4.000000,4.000000,4.000000,4.000000,4.000000,4.000000,4.000000,4.000000,4.000000,4.000000,4.000000,4.000000,4.000000,4.000000,4.000000,4.000000,4.000000,4.000000,2.000000,4.000000,4.000000,2.000000,4.000000,4.000000,4.000000,4.000000,4.000000,4.000000,4.000000,4.000000,4.000000,4.000000,66.666664
1614076755.259747,30.000000,0.000000,6.445986,-1.652192,-5.341773,-4.889526,-7.682516,-3.888414,-1.788540,-4.403135,-6.808724,5.300913,2.446580,0.147069,11.287911,21.099859,16.711336,30.190327,6.884080,-1.551502,6.616293,-31.032167,1.557058,10.621221,12.812764,7.122553,8.070294,12.193596,12.247334,1.314076,5.846210,7.709691,6.936167,6.176709,0.000000,196.000000,4.000000,,,,0.000000,4.000000,4.000000,4.000000,4.000000,4.000000,4.000000,4.000000,4.000000,4.000000,4.000000,4.000000,4.000000,4.000000,4.000000,4.000000,4.000000,4.000000,4.000000,2.000000,4.000000,4.000000,2.000000,4.000000,4.000000,4.000000,4.000000,4.000000,4.000000,4.000000,4.000000,4.000000,4.000000,66.666664
1614076755.267596,31.000000,0.000000,4.901079,-5.240284,-5.336431,-7.448740,-7.674833,-3.884526,-4.350854,-5.424373,-6.289095,9.398176,2.444133,1.172563,13.840726,26.719786,21.822828,55.801163,6.877196,20.501331,8.660959,-21.257545,8.734988,10.097779,12.287130,7.628252,10.113506,12.181402,11.209446,2.338403,2.250620,6.676341,6.929231,6.170532,0.000000,186.000000,4.000000,,,,0.000000,4.000000,4.000000,4.000000,4.000000,4.000000,4.000000,4.000000,4.000000,4.000000,4.000000,4.000000,4.000000,4.000000,4.000000,4.000000,4.000000,4.000000,4.000000,2.000000,4.000000,4.000000,2.000000,4.000000,4.000000,4.000000,4.000000,4.000000,4.000000,4.000000,4.000000,4.000000,4.000000,66.666664
1614076755.275345,32.000000,0.000000,4.383357,-4.722223,-5.331094,1.789478,-7.667159,-3.880641,-2.808042,-1.829205,-6.282805,7.337496,1.928869,1.171390,6.647398,14.385373,4.877929,23.437668,6.870318,-4.647375,11.729221,-20.210648,6.674972,10.600502,13.813305,6.594982,10.616213,17.297426,12.736698,2.336064,8.402216,10.259408,6.922301,10.779746,8064.000000,0.000000,4.000000,,,,0.000000,4.000000,4.000000,4.000000,4.000000,4.000000,4.000000,4.000000,4.000000,4.000000,4.000000,4.000000,4.000000,4.000000,4.000000,4.000000,4.000000,4.000000,4.000000,2.000000,4.000000,4.000000,2.000000,4.000000,4.000000,4.000000,4.000000,4.000000,4.000000,4.000000,4.000000,4.000000,4.000000,66.666664
1614076755.283194,33.000000,0.000000,4.891794,-4.204680,-5.838584,7.428715,-7.659492,-3.876761,-2.292413,-1.314555,-6.789343,2.714774,-0.637163,1.170219,-4.128480,-4.603371,-17.178230,-8.893461,6.863448,-32.335033,11.717492,-28.395565,0.514450,10.077081,12.261030,8.126848,9.579956,19.331411,12.211141,1.820908,9.932276,10.761969,6.915379,16.409992,8064.000000,0.000000,4.000000,,,,0.000000,4.000000,4.000000,4.000000,4.000000,4.000000,4.000000,4.000000,4.000000,4.000000,4.000000,4.000000,4.000000,4.000000,4.000000,4.000000,4.000000,4.000000,4.000000,2.000000,4.000000,4.000000,2.000000,4.000000,4.000000,4.000000,4.000000,4.000000,4.000000,4.000000,4.000000,4.000000,4.000000,66.666664
1614076755.290943,34.000000,0.000000,4.374082,-5.738937,-5.319925,1.267440,-8.164653,-4.385705,-3.828583,-4.902984,-6.782554,2.712059,-2.174987,0.143408,-7.714095,-12.291076,-19.725155,6.500048,6.856585,-22.046289,0.936544,-36.059479,-7.691192,10.579824,7.633385,8.118722,6.493453,7.004387,11.686110,2.331908,-2.385349,0.494796,6.908463,9.726915,8064.000000,0.000000,4.000000,,,,0.000000,4.000000,4.000000,4.000000,4.000000,4.000000,4.000000,4.000000,4.000000,4.000000,4.000000,4.000000,4.000000,4.000000,4.000000,4.000000,4.000000,4.000000,4.000000,2.000000,4.000000,4.000000,2.000000,4.000000,4.000000,4.000000,4.000000,4.000000,4.000000,4.000000,4.000000,4.000000,4.000000,66.666664
1614076755.298792,35.000000,0.000000,4.882528,-2.656275,-3.263323,-1.297930,-7.643667,-4.381319,-3.311934,0.742945,-5.237310,2.709347,0.391290,2.707367,-4.629458,-7.150579,-8.936199,39.314060,6.336908,-6.639628,-5.731060,-36.023418,-9.734783,13.133347,8.651392,2.469578,6.486959,-2.746207,11.674423,2.329576,-6.485528,-2.069801,6.901555,-0.539222,8064.000000,0.000000,4.000000,,,,0.000000,4.000000,4.000000,4.000000,4.000000,4.000000,4.000000,4.000000,4.000000,4.000000,4.000000,4.000000,4.000000,4.000000,4.000000,4.000000,4.000000,4.000000,4.000000,2.000000,4.000000,4.000000,2.000000,4.000000,4.000000,4.000000,4.000000,4.000000,4.000000,4.000000,4.000000,4.000000,4.000000,66.666664
1614076755.306541,36.000000,0.000000,7.441748,4.525868,-1.208777,3.831573,-5.584742,-1.812835,1.819584,9.460151,-2.667970,2.193817,5.006284,7.832865,0.503377,-1.502403,-3.799058,24.402952,6.843391,-11.248373,1.966979,-35.987392,-7.673766,12.607393,11.719664,1.441467,5.967652,1.871923,12.688390,2.327246,2.238906,5.624577,6.894654,0.999779,8064.000000,0.000000,4.000000,,,,0.000000,4.000000,4.000000,4.000000,4.000000,4.000000,4.000000,4.000000,4.000000,4.000000,4.000000,4.000000,4.000000,4.000000,4.000000,4.000000,4.000000,4.000000,4.000000,2.000000,4.000000,4.000000,2.000000,4.000000,4.000000,4.000000,4.000000,4.000000,4.000000,4.000000,4.000000,4.000000,4.000000,66.666664
1614076755.314390,37.000000,0.000000,7.947127,6.572625,-1.720389,3.827741,-3.527875,0.240260,4.894687,4.322485,-2.665302,2.704444,6.539739,7.312212,4.605437,0.037561,-2.769618,4.378548,6.323727,-12.262766,5.041935,-42.618073,-18.435324,10.030683,8.631021,5.542590,-0.192162,5.459795,11.650061,2.324919,4.800770,4.593311,7.913400,5.101343,8064.000000,0.000000,4.000000,,,,0.000000,4.000000,4.000000,4.000000,4.000000,4.000000,4.000000,4.000000,4.000000,4.000000,4.000000,4.000000,4.000000,4.000000,4.000000,4.000000,4.000000,4.000000,4.000000,2.000000,4.000000,4.000000,2.000000,4.000000,4.000000,4.000000,4.000000,4.000000,4.000000,4.000000,4.000000,4.000000,4.000000,66.666664
1614076755.322139,38.000000,0.000000,5.375077,3.489129,-1.718669,-0.791471,-4.549988,-0.272801,-0.238413,-6.451068,-3.175457,0.650458,2.943456,2.689515,5.113653,-2.526579,-2.254028,18.220324,1.189198,-10.199221,0.934329,-48.729301,-37.904068,9.507832,5.032647,0.408842,-6.858636,1.864592,4.971744,2.322594,0.180584,-3.103590,5.854205,3.044960,8064.000000,0.000000,4.000000,,,,0.000000,4.000000,4.000000,4.000000,4.000000,4.000000,4.000000,4.000000,4.000000,4.000000,4.000000,4.000000,4.000000,4.000000,4.000000,4.000000,4.000000,4.000000,4.000000,2.000000,4.000000,4.000000,2.000000,4.000000,4.000000,4.000000,4.000000,4.000000,4.000000,4.000000,4.000000,4.000000,4.000000,66.666664
1614076755.329988,39.000000,0.000000,4.344061,2.459999,-1.716950,-0.277859,-4.032618,-0.785349,-3.827918,-9.008719,-0.608179,-0.375834,2.940512,1.148363,5.621359,2.091332,-2.251773,18.202103,-0.350452,-30.701841,-2.656349,-51.757496,-44.020008,10.523965,5.027614,-11.386439,-9.928700,0.837086,-0.161433,2.320271,-0.845237,-1.049204,3.797068,3.041915,8064.000000,0.000000,4.000000,,,,0.000000,4.000000,4.000000,4.000000,4.000000,4.000000,4.000000,4.000000,4.000000,4.000000,4.000000,4.000000,4.000000,4.000000,4.000000,4.000000,4.000000,4.000000,4.000000,2.000000,4.000000,4.000000,2.000000,4.000000,4.000000,4.000000,4.000000,4.000000,4.000000,4.000000,4.000000,4.000000,4.000000,66.666664
1614076755.337737,40.000000,0.000000,5.365358,3.996000,-1.715233,5.363444,1.099620,4.856462,-0.234346,-4.384326,0.930890,6.291209,12.681162,0.634395,11.769584,21.576420,5.955606,26.901850,6.316565,-37.337807,-3.679333,-50.167274,-29.617016,10.513441,6.048227,-12.913514,-7.354670,1.861890,3.941292,2.317951,0.694070,1.515947,6.357374,3.551693,8064.000000,0.000000,4.000000,,,,0.000000,4.000000,4.000000,4.000000,4.000000,4.000000,4.000000,4.000000,4.000000,4.000000,4.000000,4.000000,4.000000,4.000000,4.000000,4.000000,4.000000,4.000000,4.000000,2.000000,4.000000,4.000000,2.000000,4.000000,4.000000,4.000000,4.000000,4.000000,4.000000,4.000000,4.000000,4.000000,4.000000,66.666664
1614076755.345586,41.000000,0.000000,5.359993,3.479184,-1.713518,8.435004,3.662623,8.441350,4.381272,-0.790199,1.442780,13.464405,20.360788,3.197863,19.450123,35.400997,22.359907,59.695461,10.412812,-4.479956,12.221782,-30.117109,-6.510475,11.528568,10.657564,-6.746754,1.370634,4.424131,10.604017,2.315633,0.180555,0.488790,6.351017,4.060962,8064.000000,0.000000,4.000000,,,,0.000000,4.000000,4.000000,4.000000,4.000000,4.000000,4.000000,4.000000,4.000000,4.000000,4.000000,4.000000,4.000000,4.000000,4.000000,4.000000,4.000000,4.000000,4.000000,2.000000,4.000000,4.000000,2.000000,4.000000,4.000000,4.000000,4.000000,4.000000,4.000000,4.000000,4.000000,4.000000,4.000000,66.666664
1614076755.353335,42.000000,0.000000,4.328992,1.937243,-1.711804,5.349646,3.658961,3.817523,4.889712,3.313156,1.441337,15.502222,22.391708,10.886972,22.507595,28.698931,32.593956,57.071663,11.428041,12.960422,36.312122,-3.420325,8.367830,13.568322,16.287931,1.465121,6.497468,5.958168,13.157516,2.826138,-0.332446,3.052404,-0.834822,3.031260,8192.000000,0.000000,4.000000,,,,0.000000,4.000000,4.000000,4.000000,4.000000,4.000000,4.000000,4.000000,4.000000,4.000000,4.000000,4.000000,4.000000,4.000000,4.000000,4.000000,4.000000,4.000000,4.000000,2.000000,4.000000,4.000000,2.000000,4.000000,4.000000,4.000000,4.000000,4.000000,4.000000,4.000000,4.000000,4.000000,4.000000,66.666664
1614076755.361184,43.000000,0.000000,5.350304,-0.115976,-1.710093,3.805835,3.655302,-0.288858,2.833540,3.822663,-1.124207,13.435438,22.369318,11.388906,18.382524,20.977924,30.510082,40.091515,11.416613,-7.565360,32.173248,-8.032290,3.231257,15.093215,11.656260,7.104681,-0.688516,2.362466,11.605897,1.284850,0.180707,2.023711,-4.936551,0.464126,8192.000000,0.000000,4.000000,,,,0.000000,4.000000,4.000000,4.000000,4.000000,4.000000,4.000000,4.000000,4.000000,4.000000,4.000000,4.000000,4.000000,4.000000,4.000000,4.000000,4.000000,4.000000,4.000000,2.000000,4.000000,4.000000,2.000000,4.000000,4.000000,4.000000,4.000000,4.000000,4.000000,4.000000,4.000000,4.000000,4.000000,66.666664
1614076755.368933,44.000000,0.000000,4.319313,-0.628681,-1.708382,4.314849,3.138826,-0.288569,1.805065,-1.309365,-5.738467,4.191233,10.039256,2.146748,4.517987,14.803100,15.094956,44.153988,3.712888,-16.275743,6.500049,-35.203743,-12.156590,10.462737,3.439475,4.020653,-8.380136,-1.742460,5.440445,-0.767717,0.180526,-5.157800,-3.905973,-0.049158,8064.000000,0.000000,4.000000,,,,0.000000,4.000000,4.000000,4.000000,4.000000,4.000000,4.000000,4.000000,4.000000,4.000000,4.000000,4.000000,4.000000,4.000000,4.000000,4.000000,4.000000,4.000000,4.000000,2.000000,4.000000,4.000000,2.000000,4.000000,4.000000,4.000000,4.000000,4.000000,4.000000,4.000000,4.000000,4.000000,4.000000,66.666664
1614076755.376582,45.000000,0.000000,-1.838853,-2.166514,-2.219495,-0.817671,0.058764,-1.313922,-0.760842,-7.461901,-6.758369,-8.633471,-14.586168,-6.573348,-14.973710,-9.827088,-11.586805,14.366243,-7.572876,-23.951775,-4.275682,-47.476234,-19.836740,-0.829777,-0.666529,-2.137213,-8.371756,-2.253538,-2.770123,-1.792590,0.180346,-7.716745,-4.927709,-0.561930,8064.000000,0.000000,4.000000,,,,0.000000,4.000000,4.000000,4.000000,4.000000,4.000000,4.000000,4.000000,4.000000,4.000000,4.000000,4.000000,4.000000,4.000000,4.000000,4.000000,4.000000,4.000000,4.000000,2.000000,4.000000,4.000000,2.000000,4.000000,4.000000,4.000000,4.000000,4.000000,4.000000,4.000000,4.000000,4.000000,4.000000,66.666664
1614076755.384332,46.000000,0.000000,-6.452399,-5.241271,-1.704455,-3.380955,-0.966936,-4.389531,-5.888287,-8.992901,-6.238791,-13.753042,-26.366453,-9.130877,-26.240788,-33.407005,-29.011116,-17.955816,-9.103765,-49.056026,-2.220124,-46.915936,-19.816904,-12.110998,-3.742785,-3.673538,-8.876204,-1.225644,-1.741712,-1.277977,0.180165,-4.119285,-3.384319,-1.074188,8064.000000,0.000000,4.000000,,,,0.000000,4.000000,4.000000,4.000000,4.000000,4.000000,4.000000,4.000000,4.000000,4.000000,4.000000,4.000000,4.000000,4.000000,4.000000,4.000000,4.000000,4.000000,4.000000,2.000000,4.000000,4.000000,2.000000,4.000000,4.000000,4.000000,4.000000,4.000000,4.000000,4.000000,4.000000,4.000000,4.000000,66.666664
1614076755.391981,47.000000,0.000000,-4.394664,-3.697567,0.861352,3.289092,-0.453148,-4.385141,-7.420860,-7.958267,-6.232552,-11.175187,-24.288805,-10.660208,-25.188906,-35.424881,-26.418003,3.600602,-7.556199,-46.442871,-2.730725,-46.356201,-23.899651,-12.611708,-5.790325,-5.208326,-7.841687,-1.737239,4.413876,-1.276699,0.179985,-2.576704,2.260091,5.593553,8064.000000,0.000000,4.000000,,,,0.000000,4.000000,4.000000,4.000000,4.000000,4.000000,4.000000,4.000000,4.000000,4.000000,4.000000,4.000000,4.000000,4.000000,4.000000,4.000000,4.000000,4.000000,4.000000,2.000000,4.000000,4.000000,2.000000,4.000000,4.000000,4.000000,4.000000,4.000000,4.000000,4.000000,4.000000,4.000000,4.000000,66.666664
1614076755.399730,48.000000,0.000000,-2.338988,-0.616947,2.398953,6.362726,-0.452695,-4.380756,-6.387798,-7.950309,-6.739140,-14.240934,-24.264517,-10.136726,-25.163717,-34.876633,-25.878763,17.955976,-11.138387,-27.422068,-3.753635,-48.361126,-34.132160,-5.932429,-6.297355,-8.280041,-9.885127,-3.273963,1.332539,-1.275422,0.179805,-3.599768,1.745010,11.228985,8064.000000,0.000000,4.000000,,,,0.000000,4.000000,4.000000,4.000000,4.000000,4.000000,4.000000,4.000000,4.000000,4.000000,4.000000,4.000000,4.000000,4.000000,4.000000,4.000000,4.000000,4.000000,4.000000,2.000000,4.000000,4.000000,2.000000,4.000000,4.000000,4.000000,4.000000,4.000000,4.000000,4.000000,4.000000,4.000000,4.000000,66.666664
1614076755.407379,49.000000,0.000000,-2.849469,-2.667612,1.883733,0.715338,-0.965063,-4.376375,-6.894231,-8.967999,-6.219580,-17.303617,-25.265892,-10.639410,-26.164194,-32.277657,-30.981091,-13.344031,-15.742633,-40.727978,-9.903728,-59.594814,-43.841618,-6.952138,-10.393621,-8.271760,-17.567551,-5.321971,-6.361102,-1.274147,-1.871657,-3.083348,-2.872119,6.602371,8064.000000,0.000000,4.000000,,,,0.000000,4.000000,4.000000,4.000000,4.000000,4.000000,4.000000,4.000000,4.000000,4.000000,4.000000,4.000000,4.000000,4.000000,4.000000,4.000000,4.000000,4.000000,4.000000,2.000000,4.000000,4.000000,2.000000,4.000000,4.000000,4.000000,4.000000,4.000000,4.000000,4.000000,4.000000,4.000000,4.000000,66.666664
1614076755.415128,50.000000,0.000000,-0.795338,-3.690585,2.394670,0.201802,0.574364,-0.269435,-6.887336,-8.446211,-6.213361,-6.517083,-17.035500,-11.141591,-14.343159,-10.194096,-17.616776,-6.664021,-17.265352,-52.994942,-16.560490,-65.689064,-40.208035,-12.586211,-12.434510,-9.289129,-17.549982,-5.829470,-5.329100,-1.272873,-3.408247,-3.080264,-1.843606,4.031666,8064.000000,0.000000,4.000000,,,,0.000000,4.000000,4.000000,4.000000,4.000000,4.000000,4.000000,4.000000,4.000000,4.000000,4.000000,4.000000,4.000000,4.000000,4.000000,4.000000,4.000000,4.000000,4.000000,2.000000,4.000000,4.000000,2.000000,4.000000,4.000000,4.000000,4.000000,4.000000,4.000000,4.000000,4.000000,4.000000,4.000000,66.666664
1614076755.422777,51.000000,0.000000,1.769560,-1.122792,2.392275,3.791344,2.625071,3.320578,-3.803526,-4.335201,-6.207147,5.284307,-1.121027,-4.976604,6.184005,12.893022,8.041866,26.163157,-10.581420,-23.711180,-2.697776,-45.110558,-19.655005,-7.958241,-5.755409,-12.356764,-5.737560,-5.310820,-2.246847,-1.271600,-3.404838,-3.077184,0.209519,6.591737,8064.000000,0.000000,4.000000,,,,0.000000,4.000000,4.000000,4.000000,4.000000,4.000000,4.000000,4.000000,4.000000,4.000000,4.000000,4.000000,4.000000,4.000000,4.000000,4.000000,4.000000,4.000000,4.000000,2.000000,4.000000,4.000000,2.000000,4.000000,4.000000,4.000000,4.000000,4.000000,4.000000,4.000000,4.000000,4.000000,4.000000,66.666664
1614076755.430526,52.000000,0.000000,1.767791,-0.096028,-2.225502,3.274732,3.648087,3.317258,-0.209979,-0.741122,-6.713761,6.817483,12.726248,5.797604,17.972692,17.495514,20.341516,39.983147,5.326598,5.543301,19.869024,-18.911600,0.877470,5.895872,-0.108628,-8.241843,0.422023,-5.818329,-2.244601,-1.270328,-3.401433,-3.074107,-0.303511,3.508222,8064.000000,0.000000,4.000000,,,,0.000000,4.000000,4.000000,4.000000,4.000000,4.000000,4.000000,4.000000,4.000000,4.000000,4.000000,4.000000,4.000000,4.000000,4.000000,4.000000,4.000000,4.000000,4.000000,2.000000,4.000000,4.000000,2.000000,4.000000,4.000000,4.000000,4.000000,4.000000,4.000000,4.000000,4.000000,4.000000,4.000000,66.666664
1614076755.438175,53.000000,0.000000,1.253202,-0.608753,-5.813020,4.297098,3.131619,3.313940,1.328693,0.285260,-5.681406,10.400410,18.354548,10.920012,17.954720,16.452377,18.269894,30.199574,15.064860,-4.718652,15.746592,-13.251663,4.979157,11.531001,1.429942,4.074091,-1.629681,-3.761229,1.860208,-1.269058,-3.398032,-3.071033,-0.303207,-3.161952,8064.000000,0.000000,4.000000,,,,0.000000,4.000000,4.000000,4.000000,4.000000,4.000000,4.000000,4.000000,4.000000,4.000000,4.000000,4.000000,4.000000,4.000000,4.000000,4.000000,4.000000,4.000000,4.000000,2.000000,4.000000,4.000000,2.000000,4.000000,4.000000,4.000000,4.000000,4.000000,4.000000,4.000000,4.000000,4.000000,4.000000,66.666664
1614076755.445925,54.000000,0.000000,1.251949,-0.095324,-5.294386,2.754339,3.641308,4.336267,0.814543,-0.740666,-5.675725,17.569496,15.259270,8.857809,15.885484,15.923103,15.687521,28.630913,14.536975,-22.662651,-2.217873,-17.853796,-2.718130,10.493830,4.505435,12.275146,-1.115231,-1.706185,5.448092,-1.267789,-3.394634,-3.067962,-0.302904,-4.184432,8064.000000,0.000000,4.000000,,,,0.000000,4.000000,4.000000,4.000000,4.000000,4.000000,4.000000,4.000000,4.000000,4.000000,4.000000,4.000000,4.000000,4.000000,4.000000,4.000000,4.000000,4.000000,4.000000,2.000000,4.000000,4.000000,2.000000,4.000000,4.000000,4.000000,4.000000,4.000000,4.000000,4.000000,4.000000,4.000000,4.000000,66.666664
1614076755.453574,55.000000,0.000000,1.250697,-2.659331,-5.801912,-0.838158,3.124846,2.280649,0.813729,-0.739925,-7.721331,14.475004,11.141446,8.336131,17.920879,15.394361,18.748756,34.243309,15.548079,-2.127169,9.066396,-15.784660,-3.741053,10.483335,6.039392,11.237229,-0.088474,-1.704479,5.955464,-1.266521,-3.904060,-3.064894,0.210219,-6.231529,8064.000000,0.000000,4.000000,,,,0.000000,4.000000,4.000000,4.000000,4.000000,4.000000,4.000000,4.000000,4.000000,4.000000,4.000000,4.000000,4.000000,4.000000,4.000000,4.000000,4.000000,4.000000,4.000000,2.000000,4.000000,4.000000,2.000000,4.000000,4.000000,4.000000,4.000000,4.000000,4.000000,4.000000,4.000000,4.000000,4.000000,66.666664
1614076755.461323,56.000000,0.000000,1.249447,-4.195133,-5.283290,4.290885,3.121721,3.816830,1.325736,1.824917,-4.123866,10.870786,10.617484,10.379077,16.877317,17.943068,18.217188,34.209064,15.019711,21.464703,30.595791,-13.717594,3.442175,10.472852,6.033352,11.225992,-1.114027,-1.702775,7.487970,-1.778075,-3.387335,-3.061829,2.774112,-6.738118,8192.000000,0.000000,4.000000,,,,0.000000,4.000000,4.000000,4.000000,4.000000,4.000000,4.000000,4.000000,4.000000,4.000000,4.000000,4.000000,4.000000,4.000000,4.000000,4.000000,4.000000,4.000000,4.000000,2.000000,4.000000,4.000000,2.000000,4.000000,4.000000,4.000000,4.000000,4.000000,4.000000,4.000000,4.000000,4.000000,4.000000,66.666664
1614076755.468972,57.000000,0.000000,1.248197,-2.139656,-2.201083,7.363517,3.631420,7.915577,0.811589,4.387195,2.546925,8.808633,7.529943,6.778954,4.552749,5.104612,-2.313850,4.431265,5.773922,-10.864455,13.642118,-28.575672,-2.715113,10.462379,6.027319,12.240407,-1.112913,0.863030,7.993303,-1.263476,-2.871127,-3.058767,2.258517,-5.705739,8064.000000,0.000000,4.000000,,,,0.000000,4.000000,4.000000,4.000000,4.000000,4.000000,4.000000,4.000000,4.000000,4.000000,4.000000,4.000000,4.000000,4.000000,4.000000,4.000000,4.000000,4.000000,4.000000,2.000000,4.000000,4.000000,2.000000,4.000000,4.000000,4.000000,4.000000,4.000000,4.000000,4.000000,4.000000,4.000000,4.000000,66.666664
1614076755.476721,58.000000,0.000000,1.246949,-2.137516,-3.737344,-2.900257,1.063686,2.266636,0.810778,-1.258218,-0.019725,-2.995048,-2.221176,-1.945774,-10.836419,-19.515877,-22.824358,-25.829576,-1.411339,-43.161282,-13.551011,-53.675301,-22.712399,10.451917,3.457189,8.125603,-1.111800,2.400629,4.908386,-1.262213,-3.893897,-2.542888,-2.871947,-11.853880,8064.000000,0.000000,4.000000,,,,0.000000,4.000000,4.000000,4.000000,4.000000,4.000000,4.000000,4.000000,4.000000,4.000000,4.000000,4.000000,4.000000,4.000000,4.000000,4.000000,4.000000,4.000000,4.000000,2.000000,4.000000,4.000000,2.000000,4.000000,4.000000,4.000000,4.000000,4.000000,4.000000,4.000000,4.000000,4.000000,4.000000,66.666664
1614076755.484370,59.000000,0.000000,1.245702,-4.186661,-7.836171,-12.640946,-4.065583,-5.940759,0.809967,-10.487729,-6.173551,-12.222822,-9.398442,-7.584854,-9.799942,-23.598925,-15.109225,-9.393490,-0.897107,-21.579660,-3.281050,-60.801113,-32.433277,6.851721,2.428091,1.450810,-1.110688,2.398228,4.903478,-1.773771,-3.377183,-2.540345,-4.407536,-12.354846,8064.000000,0.000000,4.000000,,,,0.000000,4.000000,4.000000,4.000000,4.000000,4.000000,4.000000,4.000000,4.000000,4.000000,4.000000,4.000000,4.000000,4.000000,4.000000,4.000000,4.000000,4.000000,4.000000,2.000000,4.000000,4.000000,2.000000,4.000000,4.000000,4.000000,4.000000,4.000000,4.000000,4.000000,4.000000,4.000000,4.000000,66.666664
1614076755.492219,60.000000,0.000000,1.244456,-2.131192,-5.777052,-6.987279,-4.574338,-1.832254,0.809157,-10.477242,-4.116096,-6.569573,-8.876224,-6.551628,0.979089,-11.267633,-0.735141,10.615903,0.129431,1.518843,13.645308,-50.483902,-28.298279,1.716665,4.476945,-1.114743,-1.109578,1.883010,4.898574,-0.746356,1.754399,-0.486523,-1.839026,0.478022,8064.000000,0.000000,4.000000,,,,0.000000,4.000000,4.000000,4.000000,4.000000,4.000000,4.000000,4.000000,4.000000,4.000000,4.000000,4.000000,4.000000,4.000000,4.000000,4.000000,4.000000,4.000000,4.000000,2.000000,4.000000,4.000000,2.000000,4.000000,4.000000,4.000000,4.000000,4.000000,4.000000,4.000000,4.000000,4.000000,4.000000,66.666664
1614076755.499968,61.000000,0.000000,1.243212,-0.077779,-1.668711,0.199195,-2.005661,4.836245,0.808348,-3.287277,-1.547877,-0.921978,-6.303245,-3.980973,5.080674,-6.640982,-0.734406,6.502723,-0.896340,-15.405753,2.862432,-46.330853,-26.218699,2.740589,6.010930,-0.087987,-1.108468,1.881127,4.893676,1.818492,5.342389,2.078067,0.214095,8.682672,8064.000000,0.000000,4.000000,,,,0.000000,4.000000,4.000000,4.000000,4.000000,4.000000,4.000000,4.000000,4.000000,4.000000,4.000000,4.000000,4.000000,4.000000,4.000000,4.000000,4.000000,4.000000,4.000000,2.000000,4.000000,4.000000,2.000000,4.000000,4.000000,4.000000,4.000000,4.000000,4.000000,4.000000,4.000000,4.000000,4.000000,66.666664
1614076755.507817,62.000000,0.000000,1.241969,-0.590522,-1.154222,-0.313825,0.047627,3.292947,0.807540,-0.207067,-3.084791,0.104585,-4.758480,-2.951351,5.075593,0.545147,1.317610,22.906477,-0.895443,-11.287783,-3.294276,-47.310162,-23.115557,8.378874,5.492098,-0.087899,-1.107359,2.392066,5.401603,2.842315,1.747303,-0.488114,-0.298940,8.161168,8064.000000,0.000000,4.000000,,,,0.000000,4.000000,4.000000,4.000000,4.000000,4.000000,4.000000,4.000000,4.000000,4.000000,4.000000,4.000000,4.000000,4.000000,4.000000,4.000000,4.000000,4.000000,4.000000,2.000000,4.000000,4.000000,2.000000,4.000000,4.000000,4.000000,4.000000,4.000000,4.000000,4.000000,4.000000,4.000000,4.000000,66.666664
1614076755.515566,63.000000,0.000000,1.240727,-0.589931,-1.665888,-0.826332,-0.465242,2.264013,0.806732,-1.232501,-1.030424,4.207044,-1.676798,-2.435580,7.634620,11.826653,5.931677,37.755363,-0.381727,5.133761,8.503890,-42.647469,-16.938595,11.960238,5.486606,-0.600632,-1.106252,1.876853,3.857739,2.326652,-3.382650,-9.205575,-1.324282,7.640187,8064.000000,0.000000,4.000000,,,,0.000000,4.000000,4.000000,4.000000,4.000000,4.000000,4.000000,4.000000,4.000000,4.000000,4.000000,4.000000,4.000000,4.000000,4.000000,4.000000,4.000000,4.000000,4.000000,2.000000,4.000000,4.000000,2.000000,4.000000,4.000000,4.000000,4.000000,4.000000,4.000000,4.000000,4.000000,4.000000,4.000000,66.666664
1614076755.523415,64.000000,0.000000,1.239486,-1.102162,-2.689863,0.200136,-2.003238,3.800211,0.805925,-0.205627,1.534709,7.279760,3.453084,0.130959,9.678267,16.430210,5.412925,23.358635,-0.381346,-15.384193,3.880001,-41.579182,-13.844732,8.871355,3.942658,-0.087211,-1.105146,-0.689126,1.289779,2.324326,-4.917729,-14.324574,-3.374239,-1.598222,0.000000,182.000000,4.000000,,,,0.000000,4.000000,4.000000,4.000000,4.000000,4.000000,4.000000,4.000000,4.000000,4.000000,4.000000,4.000000,4.000000,4.000000,4.000000,4.000000,4.000000,4.000000,4.000000,2.000000,4.000000,4.000000,2.000000,4.000000,4.000000,4.000000,4.000000,4.000000,4.000000,4.000000,4.000000,4.000000,4.000000,66.666664
1614076755.531164,65.000000,0.000000,1.238246,-3.665162,-4.738456,0.199936,-4.052517,3.796411,0.805119,-0.718242,1.533175,7.272480,7.039374,2.182110,9.668589,21.541986,15.151102,33.078865,-0.380964,-20.497013,-9.457212,-42.050423,-14.856529,5.785561,1.887433,0.425697,-1.104041,-2.226898,3.852592,2.322001,-6.451272,-14.310249,-3.883686,-10.827394,0.000000,190.000000,4.000000,,,,0.000000,4.000000,4.000000,4.000000,4.000000,4.000000,4.000000,4.000000,4.000000,4.000000,4.000000,4.000000,4.000000,4.000000,4.000000,4.000000,4.000000,4.000000,4.000000,2.000000,4.000000,4.000000,2.000000,4.000000,4.000000,4.000000,4.000000,4.000000,4.000000,4.000000,4.000000,4.000000,4.000000,66.666664
1614076755.539013,66.000000,0.000000,1.237008,-4.687138,-5.759358,-0.313085,-4.048464,3.279794,0.804314,-4.307267,1.018821,5.726747,7.545156,0.641466,8.633280,18.443521,17.700054,43.302197,-0.893404,11.318355,-0.216986,-34.828884,-15.867313,11.420801,1.885546,-0.087549,-0.590116,-2.224672,4.874381,2.319679,-7.983283,-14.808760,-4.392622,-7.226822,0.000000,199.000000,4.000000,,,,0.000000,4.000000,4.000000,4.000000,4.000000,4.000000,4.000000,4.000000,4.000000,4.000000,4.000000,4.000000,4.000000,4.000000,4.000000,4.000000,4.000000,4.000000,4.000000,2.000000,4.000000,4.000000,2.000000,4.000000,4.000000,4.000000,4.000000,4.000000,4.000000,4.000000,4.000000,4.000000,4.000000,66.666664
1614076755.546763,67.000000,0.000000,1.235771,-4.169630,-5.753599,-0.312772,-4.044416,3.276514,0.803510,-8.405524,1.017802,1.618456,3.435046,-1.923278,5.547723,1.502000,-3.343288,10.951203,0.133131,12.845498,15.167847,-32.229954,-13.800164,14.486303,1.883660,-0.600282,-2.127988,-1.709626,-0.258699,2.317359,-6.949658,-12.742669,-3.875409,-2.604211,0.000000,182.000000,4.000000,,,,0.000000,4.000000,4.000000,4.000000,4.000000,4.000000,4.000000,4.000000,4.000000,4.000000,4.000000,4.000000,4.000000,4.000000,4.000000,4.000000,4.000000,4.000000,4.000000,2.000000,4.000000,4.000000,2.000000,4.000000,4.000000,4.000000,4.000000,4.000000,4.000000,4.000000,4.000000,4.000000,4.000000,66.666664
1614076755.554611,68.000000,0.000000,1.234535,-4.165461,-4.722204,-0.312459,-4.040371,3.273237,0.802706,-8.909939,1.529605,-0.434445,-3.235055,-2.434175,1.439611,-8.755912,-16.673279,-5.982824,-0.379823,-12.808373,7.460371,-45.018234,-16.863287,2.676945,-1.195147,0.425959,-4.177142,-1.707917,-3.335363,2.315042,-4.378606,-7.601721,-1.820252,-4.652889,0.000000,174.000000,4.000000,,,,0.000000,4.000000,4.000000,4.000000,4.000000,4.000000,4.000000,4.000000,4.000000,4.000000,4.000000,4.000000,4.000000,4.000000,4.000000,4.000000,4.000000,4.000000,4.000000,2.000000,4.000000,4.000000,2.000000,4.000000,4.000000,4.000000,4.000000,4.000000,4.000000,4.000000,4.000000,4.000000,4.000000,66.666664
1614076755.562361,69.000000,0.000000,1.233301,-4.161295,-2.666200,-0.312146,-4.036331,3.269964,0.801904,-6.849747,1.528075,1.617272,-5.795923,-2.431741,0.925351,-5.157413,-8.451476,26.843672,-3.456366,-22.539154,-8.957346,-56.255268,-29.154116,-9.633424,-2.219593,-0.087287,-5.198606,-2.731850,-2.306387,2.312727,-2.835766,-6.568479,0.232850,-4.135416,0.000000,198.000000,4.000000,,,,0.000000,4.000000,4.000000,4.000000,4.000000,4.000000,4.000000,4.000000,4.000000,4.000000,4.000000,4.000000,4.000000,4.000000,4.000000,4.000000,4.000000,4.000000,4.000000,2.000000,4.000000,4.000000,2.000000,4.000000,4.000000,4.000000,4.000000,4.000000,4.000000,4.000000,4.000000,4.000000,4.000000,66.666664
1614076755.570210,70.000000,0.000000,1.232068,-4.157134,-1.125072,-0.311834,-4.032295,3.266694,0.801102,-2.740333,-0.011915,1.102834,-4.764486,-2.429309,0.924426,-3.613794,-4.340461,22.714264,-3.452910,-20.465334,-4.333004,-50.045166,-31.176243,-8.085329,-1.704552,-4.189764,-4.680586,-1.190656,-2.304081,2.310414,-3.858571,-6.561910,-0.280203,-3.618460,0.000000,187.000000,4.000000,,,,0.000000,4.000000,4.000000,4.000000,4.000000,4.000000,4.000000,4.000000,4.000000,4.000000,4.000000,4.000000,4.000000,4.000000,4.000000,4.000000,4.000000,4.000000,4.000000,2.000000,4.000000,4.000000,2.000000,4.000000,4.000000,4.000000,4.000000,4.000000,4.000000,4.000000,4.000000,4.000000,4.000000,66.666664
1614076755.577959,71.000000,0.000000,1.230836,-4.152977,-1.636768,-0.311522,-4.028262,3.263427,0.800301,-0.173490,-1.550364,-0.949551,-5.272542,-2.426880,1.436322,-4.635821,-4.848941,5.768472,1.678748,-7.111535,13.107226,-38.200249,-20.375837,-4.487500,-1.702848,-8.288138,-4.675906,3.425919,-2.814597,2.308104,-2.829072,-1.939964,-0.279923,-3.614841,0.000000,169.000000,4.000000,,,,0.000000,4.000000,4.000000,4.000000,4.000000,4.000000,4.000000,4.000000,4.000000,4.000000,4.000000,4.000000,4.000000,4.000000,4.000000,4.000000,4.000000,4.000000,4.000000,2.000000,4.000000,4.000000,2.000000,4.000000,4.000000,4.000000,4.000000,4.000000,4.000000,4.000000,4.000000,4.000000,4.000000,66.666664
1614076755.585808,72.000000,0.000000,1.229605,-4.148824,-1.635131,-0.311211,-3.511414,3.260164,0.799500,-0.686137,-2.574455,-1.461422,-5.267270,-2.424453,4.511808,-5.144006,0.284113,36.531933,4.241172,12.895576,6.427453,-34.059486,-18.816999,-4.995833,-2.213965,-6.228568,-4.671230,6.499416,-2.298962,2.305796,-0.262140,2.164541,-0.279643,-0.534303,0.000000,190.000000,4.000000,,,,0.000000,4.000000,4.000000,4.000000,4.000000,4.000000,4.000000,4.000000,4.000000,4.000000,4.000000,4.000000,4.000000,4.000000,4.000000,4.000000,4.000000,4.000000,4.000000,2.000000,4.000000,4.000000,2.000000,4.000000,4.000000,4.000000,4.000000,4.000000,4.000000,4.000000,4.000000,4.000000,4.000000,66.666664
1614076755.593557,73.000000,0.000000,1.228375,-4.657495,-2.659137,-0.310900,-4.020723,3.769724,0.798701,-0.685451,-4.110342,-1.459961,-2.185079,-2.422029,3.994476,-3.087579,-0.228991,49.828735,3.211290,4.164732,-9.476411,-35.051067,-19.311003,-5.503658,-1.698931,-3.658237,-4.666559,5.980096,-2.809484,2.303490,0.763763,0.623914,-0.279363,3.055975,0.000000,200.000000,4.000000,,,,0.000000,4.000000,4.000000,4.000000,4.000000,4.000000,4.000000,4.000000,4.000000,4.000000,4.000000,4.000000,4.000000,4.000000,4.000000,4.000000,4.000000,4.000000,4.000000,2.000000,4.000000,4.000000,2.000000,4.000000,4.000000,4.000000,4.000000,4.000000,4.000000,4.000000,4.000000,4.000000,4.000000,66.666664
1614076755.601206,74.000000,0.000000,1.227147,-3.627197,-4.707760,-0.310589,-4.016702,3.253134,0.797902,-0.171945,-3.593411,3.156884,-1.157253,-2.419607,1.426379,7.684739,-5.869788,22.086599,3.208078,-16.865072,5.917681,-33.990376,-6.984000,-4.985334,-1.697232,-3.654579,-4.661892,5.461296,-1.781033,2.301187,0.250179,0.623290,-0.279084,4.591380,0.000000,200.000000,4.000000,,,,0.000000,4.000000,4.000000,4.000000,4.000000,4.000000,4.000000,4.000000,4.000000,4.000000,4.000000,4.000000,4.000000,4.000000,4.000000,4.000000,4.000000,4.000000,4.000000,2.000000,4.000000,4.000000,2.000000,4.000000,4.000000,4.000000,4.000000,4.000000,4.000000,4.000000,4.000000,4.000000,4.000000,66.666664
1614076755.608955,75.000000,0.000000,1.225920,-1.059467,-5.215873,0.202542,-3.499865,2.737060,0.797104,-0.684594,-2.051356,9.307573,-0.130455,-2.417187,2.963414,17.933464,-4.838277,17.449129,4.230511,-16.848207,17.193815,-32.930744,-0.823169,-3.441887,-1.695535,-4.163745,-4.657230,5.968655,0.784851,2.298885,0.762749,2.161129,-0.278805,4.586789,0.000000,187.000000,4.000000,,,,0.000000,4.000000,4.000000,4.000000,4.000000,4.000000,4.000000,4.000000,4.000000,4.000000,4.000000,4.000000,4.000000,4.000000,4.000000,4.000000,4.000000,4.000000,4.000000,2.000000,4.000000,4.000000,2.000000,4.000000,4.000000,4.000000,4.000000,4.000000,4.000000,4.000000,4.000000,4.000000,4.000000,66.666664
1614076755.616704,76.000000,0.000000,1.224694,-0.032767,-5.210657,-0.310481,-5.034826,4.272785,0.796307,-0.683909,-6.151869,7.246984,2.433778,-2.414770,5.524554,17.915531,-1.243695,33.329117,2.174999,-11.190334,-4.361840,-35.974735,-11.078756,0.151299,-1.693839,-3.646761,-4.139752,5.962686,1.809707,2.296587,-0.263655,-2.456417,-0.278526,0.992458,0.000000,180.000000,4.000000,,,,0.000000,4.000000,4.000000,4.000000,4.000000,4.000000,4.000000,4.000000,4.000000,4.000000,4.000000,4.000000,4.000000,4.000000,4.000000,4.000000,4.000000,4.000000,4.000000,2.000000,4.000000,4.000000,2.000000,4.000000,4.000000,4.000000,4.000000,4.000000,4.000000,4.000000,4.000000,4.000000,4.000000,66.666664
1614076755.624453,77.000000,0.000000,1.223469,-0.545554,-4.692626,-2.361452,-9.132356,3.242871,0.795511,-0.683225,-12.812384,2.111531,1.405703,-1.899535,5.519029,14.820692,-1.242452,35.347069,0.121542,-10.153502,-6.921581,-36.964401,-15.683063,3.228070,-1.692145,-3.130293,-4.648433,4.418262,1.295076,2.294290,-2.827494,-9.633448,-0.278247,-6.700842,0.000000,199.000000,4.000000,,,,0.000000,4.000000,4.000000,4.000000,4.000000,4.000000,4.000000,4.000000,4.000000,4.000000,4.000000,4.000000,4.000000,4.000000,4.000000,4.000000,4.000000,4.000000,4.000000,2.000000,4.000000,4.000000,2.000000,4.000000,4.000000,4.000000,4.000000,4.000000,4.000000,4.000000,4.000000,4.000000,4.000000,66.666664
1614076755.632102,78.000000,0.000000,1.222246,-0.545009,-4.687933,-4.923193,-11.687325,-4.965500,0.794715,-0.682542,-14.338033,2.622240,-0.646984,-3.948917,5.513510,11.216128,-1.241209,26.080952,-0.391400,-7.066426,17.187904,-34.363335,-11.564816,3.224842,-1.690453,-3.639984,-4.643785,2.362561,1.293781,2.291996,-3.850307,-11.162276,-0.277969,-8.232602,0.000000,209.000000,4.000000,,,,0.000000,4.000000,4.000000,4.000000,4.000000,4.000000,4.000000,4.000000,4.000000,4.000000,4.000000,4.000000,4.000000,4.000000,4.000000,4.000000,4.000000,4.000000,4.000000,2.000000,4.000000,4.000000,2.000000,4.000000,4.000000,4.000000,4.000000,4.000000,4.000000,4.000000,4.000000,4.000000,4.000000,66.666664
1614076755.639851,79.000000,0.000000,1.221023,-0.544464,-10.324270,-4.405450,-11.162818,-8.550278,0.793921,-0.681860,-13.298054,3.132439,-1.671978,-5.996250,4.995176,5.051066,-2.265609,9.131794,-0.391009,-15.264488,14.606614,-35.867432,-11.553250,2.708797,-1.688763,-3.636343,-3.613500,1.334558,1.292488,2.289704,-3.333636,-9.612652,-0.277691,-6.173088,0.000000,193.000000,4.000000,,,,0.000000,4.000000,4.000000,4.000000,4.000000,4.000000,4.000000,4.000000,4.000000,4.000000,4.000000,4.000000,4.000000,4.000000,4.000000,4.000000,4.000000,4.000000,4.000000,2.000000,4.000000,4.000000,2.000000,4.000000,4.000000,4.000000,4.000000,4.000000,4.000000,4.000000,4.000000,4.000000,4.000000,66.666664
1614076755.647501,80.000000,0.000000,1.219802,-0.543919,-15.442151,-3.375403,-10.638835,-3.926343,0.793127,-0.681178,-13.797576,2.103665,-1.157486,-6.503075,6.015822,4.020374,-0.724882,11.173944,-0.390618,-19.864609,0.233033,-40.446949,-16.669903,3.218909,-1.687074,-3.632707,-5.148348,2.358864,1.291195,2.287414,-3.330303,-10.115860,0.235407,-9.756659,0.000000,202.000000,4.000000,,,,0.000000,4.000000,4.000000,4.000000,4.000000,4.000000,4.000000,4.000000,4.000000,4.000000,4.000000,4.000000,4.000000,4.000000,4.000000,4.000000,4.000000,4.000000,4.000000,2.000000,4.000000,4.000000,2.000000,4.000000,4.000000,4.000000,4.000000,4.000000,4.000000,4.000000,4.000000,4.000000,4.000000,66.666664
1614076755.655250,81.000000,0.000000,1.218582,-1.056196,-16.452351,-9.013054,-12.166657,-6.486519,0.792334,-0.680497,-13.270958,2.101562,-0.643508,-5.983751,6.009806,3.503533,1.839946,37.829437,0.122593,-12.665257,6.386646,-41.944965,-22.294258,2.702869,-1.685387,-3.116254,-10.271405,2.356506,1.289904,2.285126,-3.326972,-10.105744,-1.303290,-17.439209,0.000000,196.000000,4.000000,,,,0.000000,4.000000,4.000000,4.000000,4.000000,4.000000,4.000000,4.000000,4.000000,4.000000,4.000000,4.000000,4.000000,4.000000,4.000000,4.000000,4.000000,4.000000,4.000000,2.000000,4.000000,4.000000,2.000000,4.000000,4.000000,4.000000,4.000000,4.000000,4.000000,4.000000,4.000000,4.000000,4.000000,66.666664
1614076755.662899,82.000000,0.000000,1.217364,-0.029499,-19.000000,-16.696348,-14.718594,-11.608238,0.791541,-0.679816,-14.283328,2.099460,-2.181326,-5.977767,-2.201332,-8.294843,-4.828561,25.483915,-1.928811,-25.985924,1.764875,-41.903019,-25.861708,2.700166,-1.683702,-4.651599,-12.825236,1.328508,1.288614,2.282841,-3.323645,-10.095638,-3.353269,-19.473053,0.000000,196.000000,4.000000,,,,0.000000,4.000000,4.000000,4.000000,4.000000,4.000000,4.000000,4.000000,4.000000,4.000000,4.000000,4.000000,4.000000,4.000000,4.000000,4.000000,4.000000,4.000000,4.000000,2.000000,4.000000,4.000000,2.000000,4.000000,4.000000,4.000000,4.000000,4.000000,4.000000,4.000000,4.000000,4.000000,4.000000,66.666664
1614076755.670648,83.000000,0.000000,1.216146,2.021813,-18.981001,-13.602729,-14.703875,-4.929963,0.790750,-0.679136,-13.243403,2.610181,-7.307350,-5.971789,-12.455541,-19.568600,-17.644245,-6.849261,-4.490985,-41.857376,-12.595864,-44.425220,-26.348665,2.697466,-1.682018,-7.211050,-10.761128,2.352820,1.287325,2.280559,-3.320322,-10.598363,-4.375556,-11.761271,0.000000,210.000000,4.000000,,,,0.000000,4.000000,4.000000,4.000000,4.000000,4.000000,4.000000,4.000000,4.000000,4.000000,4.000000,4.000000,4.000000,4.000000,4.000000,4.000000,4.000000,4.000000,4.000000,2.000000,4.000000,4.000000,2.000000,4.000000,4.000000,4.000000,4.000000,4.000000,4.000000,4.000000,4.000000,4.000000,4.000000,66.666664
1614076755.678297,84.000000,0.000000,1.214930,3.558253,-13.833815,-0.768613,-12.125069,4.305736,0.789959,-0.165637,-6.563494,3.120391,-8.838504,-5.965817,-14.494368,-19.549030,-20.190704,-1.714207,-3.973674,-24.892441,-6.429422,-45.406437,-25.809498,3.207589,-1.167516,-7.203839,-13.827291,2.350468,1.286038,2.278278,-3.317001,-9.049303,-3.858361,-5.595664,0.000000,195.000000,4.000000,,,,0.000000,4.000000,4.000000,4.000000,4.000000,4.000000,4.000000,4.000000,4.000000,4.000000,4.000000,4.000000,4.000000,4.000000,4.000000,4.000000,4.000000,4.000000,4.000000,2.000000,4.000000,4.000000,2.000000,4.000000,4.000000,4.000000,4.000000,4.000000,4.000000,2.000000,4.000000,4.000000,4.000000,50.000000
1614076755.686046,85.000000,0.000000,1.726536,3.041874,-12.281519,4.873181,-10.574482,2.250148,1.301990,-0.165471,-1.428725,2.091630,-5.239922,-5.959852,-12.428591,-15.426917,-15.555128,25.466995,-2.944059,-13.072676,1.269315,-44.848209,-25.783688,2.691561,-2.704809,-6.683815,-23.044233,-1.241626,1.284752,2.276000,-3.313684,-10.578715,-3.854502,-12.256735,0.000000,148.000000,4.000000,,,,0.000000,4.000000,4.000000,4.000000,4.000000,4.000000,4.000000,4.000000,4.000000,4.000000,4.000000,4.000000,4.000000,4.000000,4.000000,4.000000,4.000000,4.000000,4.000000,2.000000,4.000000,4.000000,2.000000,4.000000,4.000000,4.000000,4.000000,4.000000,4.000000,2.000000,4.000000,4.000000,4.000000,50.000000
1614076755.693695,86.000000,0.000000,1.211989,3.038832,-14.833340,3.329846,-11.589548,-1.341846,0.787867,-0.678126,-1.940117,3.115179,-4.209041,-5.953892,-13.441804,-10.796105,-16.052393,26.979990,-6.530859,-22.803192,-3.860160,-44.803360,-25.757904,3.201690,-5.266207,-9.241234,-26.098112,-5.342949,1.283467,2.273724,-3.310371,-16.209162,-3.850647,-21.988068,0.000000,191.000000,4.000000,,,,0.000000,4.000000,4.000000,4.000000,4.000000,4.000000,4.000000,4.000000,4.000000,4.000000,4.000000,4.000000,4.000000,4.000000,4.000000,4.000000,4.000000,4.000000,4.000000,2.000000,4.000000,4.000000,2.000000,4.000000,4.000000,4.000000,4.000000,4.000000,4.000000,2.000000,4.000000,4.000000,4.000000,50.000000
1614076755.701444,87.000000,0.000000,-1.353326,3.035793,-13.792866,3.326516,-11.065138,0.197958,1.299900,0.348193,-2.450997,8.240270,-4.204832,-5.947938,-13.428362,-5.144284,-16.549162,28.491470,-7.037148,-16.626543,-4.369120,-44.758556,-25.732145,3.198488,-5.260941,-10.770453,-20.430988,-5.850426,1.282184,2.271450,-3.307060,-13.628851,-3.846797,-21.453259,0.000000,217.000000,4.000000,,,,0.000000,4.000000,4.000000,4.000000,4.000000,4.000000,4.000000,4.000000,4.000000,4.000000,4.000000,4.000000,4.000000,4.000000,4.000000,4.000000,4.000000,4.000000,4.000000,2.000000,4.000000,4.000000,2.000000,4.000000,4.000000,4.000000,4.000000,4.000000,4.000000,2.000000,4.000000,4.000000,4.000000,50.000000
1614076755.709094,88.000000,0.000000,-2.377613,3.545578,-11.214971,4.348831,-8.489970,0.197760,1.811420,-1.190617,-1.422905,11.308952,-0.098063,-5.941990,-12.902113,-3.087858,-15.506971,22.821953,-4.978829,-11.994533,-4.364751,-44.200977,-25.193594,0.118367,-4.230039,-10.759684,-17.846455,-5.331756,1.280902,2.269179,-3.303753,-6.948555,-3.842950,-14.765140,0.000000,175.000000,4.000000,,,,0.000000,4.000000,4.000000,4.000000,4.000000,4.000000,4.000000,4.000000,4.000000,4.000000,4.000000,4.000000,4.000000,4.000000,4.000000,4.000000,4.000000,4.000000,4.000000,2.000000,4.000000,4.000000,2.000000,4.000000,4.000000,4.000000,4.000000,4.000000,4.000000,2.000000,4.000000,4.000000,4.000000,50.000000
1614076755.716843,89.000000,0.000000,-2.375236,3.542032,-11.716576,3.831662,-6.943019,-0.315258,-2.292955,-7.343272,-2.959944,7.195079,-1.636426,-6.448869,-13.402031,-3.597590,-21.132490,0.747850,-10.614876,-25.315872,-8.975771,-45.695240,-25.168400,-4.497136,-7.815553,-10.748923,-20.392710,-5.839244,1.279621,2.779730,-3.300450,-9.505710,-3.839107,-13.211913,0.000000,206.000000,4.000000,,,,0.000000,4.000000,4.000000,4.000000,4.000000,4.000000,4.000000,4.000000,4.000000,4.000000,4.000000,4.000000,4.000000,4.000000,4.000000,4.000000,4.000000,4.000000,4.000000,2.000000,4.000000,4.000000,2.000000,4.000000,4.000000,4.000000,4.000000,4.000000,4.000000,2.000000,4.000000,4.000000,4.000000,50.000000
1614076755.724492,90.000000,0.000000,-4.424142,0.974388,-11.704860,3.827830,-7.448896,-0.314943,-8.957329,-11.951313,-5.521087,-0.504424,-9.327098,-5.929599,-12.875809,-4.106813,-27.265203,10.490691,-18.296568,-19.649530,-6.915513,-47.700825,-29.245796,-6.031100,-12.423121,-10.738174,-22.423599,-5.833405,1.278341,0.725668,-3.297149,-13.598767,-3.835268,-15.762803,0.000000,126.000000,4.000000,,,,0.000000,4.000000,4.000000,4.000000,4.000000,4.000000,4.000000,4.000000,4.000000,4.000000,4.000000,4.000000,4.000000,4.000000,4.000000,4.000000,4.000000,4.000000,4.000000,2.000000,4.000000,4.000000,2.000000,4.000000,4.000000,4.000000,4.000000,4.000000,4.000000,2.000000,4.000000,4.000000,4.000000,50.000000
1614076755.732341,91.000000,0.000000,-6.471001,-0.565048,-12.205975,2.285541,-7.441448,-0.314628,-10.999654,-11.939363,-7.566847,-5.632124,-13.420335,-5.923670,-13.375753,-4.102706,-27.237938,29.967381,-17.765451,-7.835009,-8.447059,-48.678764,-32.806293,-4.486608,-13.436339,-11.240257,-22.913996,-5.314751,1.277063,-1.326340,-3.293852,-7.944143,-3.831433,-17.285501,0.000000,205.000000,4.000000,,,,0.000000,4.000000,4.000000,4.000000,4.000000,4.000000,4.000000,4.000000,4.000000,4.000000,4.000000,4.000000,4.000000,4.000000,4.000000,4.000000,4.000000,4.000000,4.000000,2.000000,4.000000,4.000000,4.000000,4.000000,4.000000,4.000000,4.000000,4.000000,4.000000,2.000000,4.000000,4.000000,4.000000,66.666664
1614076755.740090,92.000000,0.000000,-5.951709,-0.564483,-11.680948,-0.280847,-7.434006,-0.314313,-9.963013,-11.414602,-9.610562,-4.600851,-11.355633,-6.430566,-13.362377,-3.072963,-25.159418,11.988695,-16.209225,-20.134867,-16.130920,-48.630085,-33.286308,-4.482121,-11.884441,-10.716196,-21.352621,-5.309436,1.275786,-1.837834,-3.290558,-4.859276,-3.827601,-17.781036,0.000000,167.000000,4.000000,,,,0.000000,4.000000,4.000000,4.000000,4.000000,4.000000,4.000000,4.000000,4.000000,4.000000,4.000000,4.000000,4.000000,4.000000,4.000000,4.000000,4.000000,4.000000,4.000000,2.000000,4.000000,4.000000,4.000000,4.000000,4.000000,4.000000,4.000000,4.000000,4.000000,2.000000,4.000000,4.000000,4.000000,66.666664
1614076755.747939,93.000000,0.000000,-6.458578,-1.589560,-11.156447,-0.793387,-7.426572,-0.313999,-9.953050,-11.916008,-10.113772,-4.596251,-12.882738,-5.911315,-9.246451,-4.608351,-16.929131,10.438245,-12.603271,-20.627552,-3.294276,-46.017353,-34.278664,-6.016101,-12.385378,-10.192659,-19.279985,-5.304127,0.761689,-1.323175,-3.287267,-8.956981,-3.823774,-17.763256,0.000000,178.000000,4.000000,,,,0.000000,4.000000,4.000000,4.000000,4.000000,4.000000,4.000000,4.000000,4.000000,4.000000,4.000000,4.000000,4.000000,4.000000,4.000000,4.000000,4.000000,4.000000,4.000000,2.000000,4.000000,4.000000,4.000000,4.000000,4.000000,4.000000,4.000000,4.000000,4.000000,2.000000,4.000000,4.000000,4.000000,66.666664
1614076755.755688,94.000000,0.000000,-5.939299,-4.152073,-14.735034,-0.279773,-7.931966,-0.313685,-8.404635,-11.904092,-10.103659,-7.155757,-12.869856,-1.802840,-3.083359,-3.578102,-1.014766,42.735500,0.229844,-0.094103,20.298761,-41.868774,-28.603357,0.143762,-13.398633,-11.208108,-18.747887,-5.298823,1.273748,-1.321852,-3.283980,-10.486485,-3.819950,-17.745493,0.000000,194.000000,4.000000,,,,0.000000,4.000000,4.000000,4.000000,4.000000,4.000000,4.000000,4.000000,4.000000,4.000000,4.000000,4.000000,4.000000,4.000000,4.000000,4.000000,4.000000,4.000000,4.000000,2.000000,4.000000,4.000000,4.000000,4.000000,4.000000,4.000000,4.000000,4.000000,4.000000,2.000000,4.000000,4.000000,4.000000,66.666664
1614076755.763537,95.000000,0.000000,-3.882077,-4.660741,-19.335684,-0.279493,-7.411213,0.199449,-5.832128,-11.379368,-9.580734,-0.481934,-3.113396,1.788706,1.022289,7.194707,7.704197,43.718403,8.947563,5.034196,22.842566,-39.775623,-14.728601,15.015412,-10.308311,-11.196900,-17.190676,-5.293524,3.836577,-1.320530,-3.280696,-9.450357,-3.816130,-17.727747,0.000000,190.000000,4.000000,,,,0.000000,4.000000,4.000000,4.000000,4.000000,4.000000,4.000000,4.000000,4.000000,4.000000,4.000000,4.000000,4.000000,4.000000,4.000000,4.000000,4.000000,4.000000,4.000000,2.000000,4.000000,4.000000,4.000000,4.000000,4.000000,4.000000,4.000000,4.000000,4.000000,2.000000,4.000000,4.000000,4.000000,66.666664
1614076755.771286,96.000000,0.000000,-1.826913,-4.143260,-19.829168,-0.279214,-4.839700,-0.313571,-6.339117,-11.367989,-7.519872,11.826240,6.120487,1.786918,4.098190,18.469564,6.670852,32.392635,7.912975,-0.611864,13.076134,-40.761486,-9.585667,19.102961,-5.682619,-6.570318,-15.122204,-5.288230,5.371202,-1.319210,-3.277416,-9.440907,-3.812314,-17.710020,8064.000000,0.000000,4.000000,,,,0.000000,4.000000,4.000000,4.000000,4.000000,4.000000,4.000000,4.000000,4.000000,4.000000,4.000000,4.000000,4.000000,4.000000,4.000000,4.000000,4.000000,4.000000,4.000000,2.000000,4.000000,4.000000,4.000000,4.000000,4.000000,4.000000,4.000000,4.000000,4.000000,2.000000,4.000000,4.000000,4.000000,66.666664
1614076755.779135,97.000000,0.000000,-2.337907,-4.139117,-20.322161,-0.278935,-3.809219,-2.877360,-6.332778,-11.869441,-5.461070,12.327234,7.140007,1.272310,6.145374,19.476734,6.664181,43.129471,7.392241,-1.124073,4.857929,-40.720726,-14.191465,6.263346,-4.651295,-2.461184,-14.594261,-5.282942,4.853010,-1.317891,-3.274138,-9.944287,-3.808501,-18.205130,8064.000000,0.000000,4.000000,,,,0.000000,4.000000,4.000000,4.000000,4.000000,4.000000,4.000000,4.000000,4.000000,4.000000,4.000000,4.000000,4.000000,4.000000,4.000000,4.000000,4.000000,4.000000,4.000000,2.000000,4.000000,4.000000,4.000000,4.000000,4.000000,4.000000,4.000000,4.000000,4.000000,2.000000,4.000000,4.000000,4.000000,66.666664
1614076755.786884,98.000000,0.000000,-2.335569,-4.647798,-18.763376,-0.278656,-4.318230,-4.412944,-6.326445,-11.344750,-5.968430,6.161061,5.594406,1.271038,5.626408,15.867515,6.144697,34.881214,5.333567,-8.815256,-2.326416,-40.167183,-15.202915,-2.460866,-5.672285,-5.535646,-15.092487,-5.277659,4.848157,-1.316573,-3.270864,-9.934342,-3.804693,-16.648464,8064.000000,0.000000,4.000000,,,,0.000000,4.000000,4.000000,4.000000,4.000000,4.000000,4.000000,4.000000,4.000000,4.000000,4.000000,4.000000,4.000000,4.000000,4.000000,4.000000,4.000000,4.000000,4.000000,2.000000,4.000000,4.000000,4.000000,4.000000,4.000000,4.000000,4.000000,4.000000,4.000000,2.000000,4.000000,4.000000,4.000000,66.666664
1614076755.794733,99.000000,0.000000,-2.333233,-3.617509,-11.052305,-0.278377,-2.775450,-3.895711,-6.320118,-8.769303,-5.962461,7.693361,6.614452,1.782587,5.107961,14.826006,3.574449,22.538641,3.789772,-19.062851,1.778475,-40.639839,-13.649251,4.208261,-5.153792,-6.042931,-12.513292,-5.272382,5.356130,-1.315256,-3.267593,-9.924409,-3.800888,-15.093353,8064.000000,0.000000,4.000000,,,,0.000000,4.000000,4.000000,4.000000,4.000000,4.000000,4.000000,4.000000,4.000000,4.000000,4.000000,4.000000,4.000000,4.000000,4.000000,4.000000,4.000000,4.000000,4.000000,2.000000,4.000000,4.000000,4.000000,4.000000,4.000000,4.000000,4.000000,4.000000,4.000000,2.000000,4.000000,4.000000,4.000000,66.666664
1614076755.802482,100.000000,0.000000,-2.330900,-1.049789,-3.861766,0.234722,-0.208573,-3.891815,-6.313798,-6.709252,-5.956499,4.095924,7.120658,1.780805,5.615674,15.324000,2.545234,39.439178,4.298802,-18.530968,3.827978,-40.599197,-14.148422,11.383540,-4.635818,0.116958,-10.962317,-5.267109,4.325132,-1.313941,-3.264326,-9.914484,-4.309908,-13.539799,8064.000000,0.000000,4.000000,,,,0.000000,4.000000,4.000000,4.000000,4.000000,4.000000,4.000000,4.000000,4.000000,4.000000,4.000000,4.000000,4.000000,4.000000,4.000000,4.000000,4.000000,4.000000,4.000000,2.000000,4.000000,4.000000,4.000000,4.000000,4.000000,4.000000,4.000000,4.000000,4.000000,2.000000,4.000000,4.000000,4.000000,66.666664
1614076755.810331,101.000000,0.000000,-2.328569,-0.023098,-4.370724,-0.791154,0.304457,-4.400743,-6.307484,-8.753825,-5.950542,-4.626120,6.087897,0.753383,4.584417,14.283035,-1.559875,38.374100,-1.859342,-16.973976,-11.047645,-41.071419,-14.647094,6.243951,-5.656823,-0.908800,-11.464175,-5.261842,1.756705,-1.312627,-3.261061,-9.904570,-3.279957,-11.474977,8064.000000,0.000000,4.000000,,,,0.000000,4.000000,4.000000,4.000000,4.000000,4.000000,4.000000,4.000000,4.000000,4.000000,4.000000,4.000000,4.000000,4.000000,4.000000,4.000000,4.000000,4.000000,4.000000,2.000000,4.000000,4.000000,4.000000,4.000000,4.000000,4.000000,4.000000,4.000000,4.000000,2.000000,4.000000,4.000000,4.000000,66.666664
1614076755.818080,102.000000,0.000000,-2.326241,-0.535896,-4.879174,-0.790363,-0.721489,-4.396343,-6.813997,-7.719430,-5.944592,1.532352,6.081809,1.778271,5.605473,13.755932,-5.148059,21.412649,-6.985688,-15.418540,-11.036597,-40.517529,-15.145267,-0.941780,-4.112705,-7.061737,-11.452711,-5.769401,0.729307,-1.311314,-3.770621,-10.920306,-1.225395,-10.437860,8064.000000,0.000000,4.000000,,,,0.000000,4.000000,4.000000,4.000000,4.000000,4.000000,4.000000,4.000000,4.000000,4.000000,4.000000,4.000000,4.000000,4.000000,4.000000,4.000000,4.000000,4.000000,4.000000,2.000000,4.000000,4.000000,4.000000,4.000000,4.000000,4.000000,4.000000,4.000000,4.000000,2.000000,4.000000,4.000000,4.000000,66.666664
1614076755.825929,103.000000,0.000000,-2.323914,-0.022539,-4.361475,0.748889,-0.207947,-3.366306,-6.294363,-2.583505,-5.938647,9.735948,7.101368,5.879056,8.163970,15.280638,0.498114,28.057903,-0.312036,-13.864660,9.487260,-39.451370,-14.104482,-1.453659,-1.544489,-6.541855,-10.928438,-5.250811,1.754219,-1.310003,-3.766850,-9.883744,-0.198529,-10.427423,8064.000000,0.000000,4.000000,,,,0.000000,4.000000,4.000000,4.000000,4.000000,4.000000,4.000000,4.000000,4.000000,4.000000,4.000000,4.000000,4.000000,4.000000,4.000000,4.000000,4.000000,4.000000,4.000000,2.000000,4.000000,4.000000,4.000000,4.000000,4.000000,4.000000,4.000000,4.000000,4.000000,2.000000,4.000000,4.000000,4.000000,66.666664
1614076755.833678,104.000000,0.000000,-2.321590,-0.535337,-5.895575,-3.354424,-1.746201,-4.901401,-5.775248,-5.657845,-5.932708,-0.017378,5.042984,1.770613,6.617345,13.726895,2.548898,24.440102,3.790840,-28.722589,8.452132,-42.488842,-14.090377,-0.426564,-1.030124,-2.432749,-11.430330,-5.245560,1.752465,-1.308693,-3.250263,-9.873861,-0.198330,-9.904175,8064.000000,0.000000,4.000000,,,,0.000000,4.000000,4.000000,4.000000,4.000000,4.000000,4.000000,4.000000,4.000000,4.000000,4.000000,4.000000,4.000000,4.000000,4.000000,4.000000,4.000000,4.000000,4.000000,2.000000,4.000000,4.000000,4.000000,4.000000,4.000000,4.000000,4.000000,4.000000,4.000000,2.000000,4.000000,4.000000,4.000000,66.666664
1614076755.841527,105.000000,0.000000,-2.319269,-3.098905,-8.966602,-9.504915,-4.821377,-7.460602,-7.307934,-14.370136,-6.439596,-9.760950,-0.090263,-5.923465,1.482522,8.584964,-4.120317,10.569507,-0.828335,-34.334892,-9.505038,-42.446350,-17.666031,-0.938958,-1.541915,-3.455957,-11.418900,-5.753135,-0.813390,-1.307384,-4.785474,-11.402449,-0.710952,-11.432733,8064.000000,0.000000,4.000000,,,,0.000000,4.000000,4.000000,4.000000,4.000000,4.000000,4.000000,4.000000,4.000000,4.000000,4.000000,4.000000,4.000000,4.000000,4.000000,4.000000,4.000000,4.000000,4.000000,2.000000,4.000000,4.000000,4.000000,4.000000,4.000000,4.000000,4.000000,4.000000,4.000000,2.000000,4.000000,4.000000,4.000000,66.666664
1614076755.849276,106.000000,0.000000,-2.316950,-4.634267,-9.470456,-3.341565,-3.790915,-5.914680,-5.249344,-7.176279,-5.407516,-5.135805,-2.141455,-4.379080,1.481040,7.037917,2.037649,34.661503,2.249416,-7.633892,-0.777585,-35.737240,-16.622723,-1.450839,-1.027552,-4.478142,-10.381840,-3.183279,-2.351039,-1.306077,-2.729407,-7.801302,-0.710241,-9.370017,8064.000000,0.000000,4.000000,,,,0.000000,4.000000,4.000000,4.000000,4.000000,4.000000,4.000000,4.000000,4.000000,4.000000,4.000000,4.000000,4.000000,4.000000,4.000000,4.000000,4.000000,4.000000,4.000000,2.000000,4.000000,4.000000,4.000000,4.000000,4.000000,4.000000,4.000000,4.000000,4.000000,2.000000,4.000000,4.000000,4.000000,66.666664
1614076755.856926,107.000000,0.000000,-2.314633,-4.116813,-4.845601,8.969469,3.905184,-0.780560,2.961033,7.189872,-3.350826,1.023177,-0.088032,-2.836239,1.992379,7.543700,8.702278,56.165302,3.272808,4.168614,17.171911,-34.675861,-11.990716,-0.936568,-3.590627,-1.396741,-7.807355,2.460930,0.728236,-1.304771,5.991271,3.488550,2.880213,-0.129878,8064.000000,0.000000,4.000000,,,,0.000000,4.000000,4.000000,4.000000,4.000000,4.000000,4.000000,4.000000,4.000000,4.000000,4.000000,4.000000,4.000000,4.000000,4.000000,4.000000,4.000000,4.000000,4.000000,2.000000,4.000000,4.000000,4.000000,4.000000,4.000000,4.000000,4.000000,4.000000,4.000000,2.000000,4.000000,4.000000,4.000000,66.666664
1614076755.864675,108.000000,0.000000,-2.312318,-4.112696,1.313091,12.037423,6.978201,0.245862,3.470893,1.028836,-3.860296,-1.029128,-3.677687,-11.038531,-5.701921,-0.156152,-9.767962,32.006573,-12.115081,-16.861195,12.539354,-42.846313,-15.568468,-0.935631,-8.202421,0.655938,-7.286727,6.048213,1.753148,-1.303466,12.139127,9.638907,6.979897,4.998457,8064.000000,0.000000,4.000000,,,,0.000000,4.000000,4.000000,4.000000,4.000000,4.000000,4.000000,4.000000,4.000000,4.000000,4.000000,4.000000,4.000000,4.000000,4.000000,4.000000,4.000000,4.000000,4.000000,2.000000,4.000000,4.000000,4.000000,4.000000,4.000000,4.000000,4.000000,4.000000,4.000000,2.000000,4.000000,4.000000,4.000000,66.666664
1614076755.872324,109.000000,0.000000,-2.310006,-4.108583,3.363060,9.974103,2.355839,-0.780025,-5.250527,-14.356809,-5.907717,-6.156304,-10.340676,-17.181339,-12.875706,-10.412406,-25.142809,14.025847,-23.385017,-20.946898,2.270405,-47.931671,-22.219566,-1.447516,-9.219860,-1.396000,-7.792262,6.042164,-3.376810,-1.302163,11.614167,8.603627,7.485737,3.967817,8064.000000,0.000000,4.000000,,,,0.000000,4.000000,4.000000,4.000000,4.000000,4.000000,4.000000,4.000000,4.000000,4.000000,4.000000,4.000000,4.000000,4.000000,4.000000,4.000000,4.000000,4.000000,4.000000,2.000000,4.000000,4.000000,4.000000,4.000000,4.000000,4.000000,4.000000,4.000000,4.000000,2.000000,4.000000,4.000000,4.000000,66.666664
1614076755.880073,110.000000,0.000000,-2.307696,-4.104475,2.334056,12.015411,-0.723440,0.246396,-8.835020,-19.983477,-6.414630,-8.201429,-12.894438,-18.189798,-13.888472,-11.940455,-18.963821,12.986181,-18.746246,-10.669541,-0.295968,-47.370918,-22.197348,-0.933248,-8.697820,-3.958707,-7.784469,5.523302,-6.963177,-1.300861,11.089732,8.082204,6.965431,6.527952,8064.000000,0.000000,4.000000,,,,0.000000,4.000000,4.000000,4.000000,4.000000,4.000000,4.000000,4.000000,4.000000,4.000000,4.000000,4.000000,4.000000,4.000000,4.000000,4.000000,4.000000,4.000000,4.000000,2.000000,4.000000,4.000000,4.000000,4.000000,4.000000,4.000000,4.000000,4.000000,4.000000,2.000000,4.000000,4.000000,4.000000,66.666664
1614076755.887722,111.000000,0.000000,-2.305388,-4.100370,2.844542,8.413652,0.302924,0.758970,-6.262082,-19.450672,-5.382575,-8.193229,-12.368723,-16.633148,-12.848942,-11.415694,-15.867934,4.768066,-13.599296,-18.351179,-2.346954,-46.810726,-23.713612,-0.419495,-8.689121,-3.441927,-7.263864,6.030599,-5.930573,-1.299560,12.104283,9.099762,7.471286,7.547065,8064.000000,0.000000,4.000000,,,,0.000000,4.000000,4.000000,4.000000,4.000000,4.000000,4.000000,4.000000,4.000000,4.000000,4.000000,4.000000,4.000000,4.000000,4.000000,4.000000,4.000000,4.000000,4.000000,2.000000,4.000000,4.000000,4.000000,4.000000,4.000000,4.000000,4.000000,4.000000,4.000000,2.000000,4.000000,4.000000,4.000000,66.666664
1614076755.895471,112.000000,0.000000,-2.303083,-4.096270,2.841698,3.789854,0.302621,-0.780251,-5.230179,-12.764556,-5.890012,-9.210676,-10.305073,-10.462668,-10.784811,-11.404279,-14.826425,15.019709,-15.124158,-13.204623,3.809239,-45.738277,-24.715538,-1.957537,-9.193254,-2.925665,-7.769421,5.511747,-6.437462,-1.298260,11.579359,8.577842,7.463815,3.949775,8064.000000,0.000000,4.000000,,,,0.000000,4.000000,4.000000,4.000000,4.000000,4.000000,4.000000,4.000000,4.000000,4.000000,4.000000,4.000000,4.000000,4.000000,4.000000,4.000000,4.000000,4.000000,4.000000,2.000000,4.000000,4.000000,4.000000,4.000000,4.000000,4.000000,4.000000,4.000000,4.000000,2.000000,4.000000,4.000000,4.000000,66.666664
1614076755.903120,113.000000,0.000000,-2.300780,-4.092173,2.326035,5.837346,-0.210502,1.784632,-4.199308,-0.444099,-5.884122,-6.124542,-6.192204,-2.247077,-6.671462,-5.751849,-4.042368,30.389305,-15.109034,5.782940,12.523378,-43.641254,-18.024157,0.095703,-8.671239,-3.435560,-7.761652,5.506236,-5.918204,-1.296962,11.054959,8.056444,6.943530,5.997107,8064.000000,0.000000,4.000000,,,,0.000000,4.000000,4.000000,4.000000,4.000000,4.000000,4.000000,4.000000,4.000000,4.000000,4.000000,4.000000,4.000000,4.000000,4.000000,4.000000,4.000000,4.000000,4.000000,2.000000,4.000000,4.000000,4.000000,4.000000,4.000000,4.000000,4.000000,4.000000,4.000000,2.000000,4.000000,4.000000,4.000000,66.666664
1614076755.910869,114.000000,0.000000,-2.298479,-4.088081,2.323709,5.831509,-0.210291,3.834130,-2.143826,4.684550,-5.878238,1.573890,-4.134729,-0.706369,-4.613508,-0.105071,-3.012684,12.923018,-14.068284,-9.094637,2.254445,-43.597614,-12.877928,6.249454,-8.662568,-3.432124,-7.753890,5.500730,-3.348184,-1.295665,11.556725,7.535567,6.936587,11.119315,8064.000000,0.000000,4.000000,,,,0.000000,4.000000,4.000000,4.000000,4.000000,4.000000,4.000000,4.000000,4.000000,4.000000,4.000000,4.000000,4.000000,4.000000,4.000000,4.000000,4.000000,4.000000,4.000000,2.000000,4.000000,4.000000,4.000000,4.000000,4.000000,4.000000,4.000000,4.000000,4.000000,2.000000,4.000000,4.000000,4.000000,66.666664
1614076755.918519,115.000000,0.000000,-2.296180,-4.083993,2.321386,0.697472,-0.210081,-2.836371,-2.654503,3.141404,-5.872360,3.110778,-4.643415,-3.269765,-6.660177,-1.130607,-13.778902,5.217787,-14.054215,-34.213749,-13.645246,-43.554016,-15.941973,4.191922,-9.166726,-3.428692,-7.746136,5.495229,-3.857656,-1.294369,10.006706,8.553672,6.929650,10.082555,8064.000000,0.000000,4.000000,,,,0.000000,4.000000,4.000000,4.000000,4.000000,4.000000,4.000000,4.000000,4.000000,4.000000,4.000000,4.000000,4.000000,4.000000,4.000000,4.000000,4.000000,4.000000,4.000000,2.000000,4.000000,4.000000,4.000000,4.000000,4.000000,4.000000,4.000000,4.000000,4.000000,2.000000,4.000000,4.000000,4.000000,66.666664
1614076755.926268,116.000000,0.000000,-2.806705,-4.079909,2.319064,-0.841687,0.815770,-11.038663,-2.651849,3.651083,-5.353667,0.543564,-4.125951,-4.804956,-8.704799,-3.693579,-17.354868,24.699749,-14.552981,-23.410303,-14.657242,-43.510464,-19.002954,-5.555860,-8.131918,-3.425264,-7.738389,5.489734,-5.392260,-1.293075,8.458238,8.032298,6.922720,7.508369,8064.000000,0.000000,4.000000,,,,0.000000,4.000000,4.000000,4.000000,4.000000,4.000000,4.000000,4.000000,4.000000,4.000000,4.000000,4.000000,4.000000,4.000000,4.000000,4.000000,4.000000,4.000000,4.000000,2.000000,4.000000,4.000000,4.000000,4.000000,4.000000,4.000000,4.000000,4.000000,4.000000,2.000000,4.000000,4.000000,4.000000,66.666664
1614076755.933917,117.000000,0.000000,-1.778257,-4.075829,2.316745,-0.840845,-1.749148,-12.053266,-2.649197,2.108971,-7.399596,-2.533902,-5.660286,-5.825792,-9.208915,-3.177065,-14.773410,25.187870,-14.538428,-8.515098,-13.104122,-43.466953,-21.035233,-8.627227,-5.559684,-3.421838,-7.730651,5.484244,-3.335586,-0.778961,6.398498,5.460163,6.915798,7.500861,8064.000000,0.000000,4.000000,,,,0.000000,4.000000,4.000000,4.000000,4.000000,4.000000,4.000000,4.000000,4.000000,4.000000,4.000000,4.000000,4.000000,4.000000,4.000000,4.000000,4.000000,4.000000,4.000000,2.000000,4.000000,4.000000,4.000000,4.000000,4.000000,4.000000,4.000000,4.000000,4.000000,2.000000,4.000000,4.000000,4.000000,66.666664
1614076755.941666,118.000000,0.000000,-2.289299,-4.071754,2.314429,-3.916927,-6.875604,-11.528392,-4.697830,-4.046984,-9.443478,-7.659574,-8.218729,-5.819967,-9.199706,-4.199529,-16.297098,19.521656,-14.523890,-17.737352,-14.629480,-43.936306,-22.039839,-5.541677,-5.554124,-3.418417,-7.722921,5.478760,-2.306609,-2.829464,3.827996,4.429062,6.908882,5.442078,8064.000000,0.000000,4.000000,,,,0.000000,4.000000,4.000000,4.000000,4.000000,4.000000,4.000000,4.000000,4.000000,4.000000,4.000000,4.000000,4.000000,4.000000,4.000000,4.000000,4.000000,4.000000,4.000000,2.000000,4.000000,4.000000,4.000000,4.000000,4.000000,4.000000,4.000000,4.000000,4.000000,2.000000,4.000000,4.000000,4.000000,66.666664
1614076755.949315,119.000000,0.000000,-5.363933,-4.067681,4.363396,-4.938652,-8.407190,-11.516863,-6.231594,-8.145501,-9.434034,-12.267299,-8.210510,-5.814147,-9.703326,-7.272252,-16.280800,28.732904,-14.509366,-20.796537,-9.486646,-43.379551,-21.504978,-3.997674,-5.035749,-3.414998,-7.715198,5.986101,-2.304302,-4.877917,3.824168,7.501556,6.901973,3.898174,8064.000000,0.000000,4.000000,,,,0.000000,4.000000,4.000000,4.000000,4.000000,4.000000,4.000000,4.000000,4.000000,4.000000,4.000000,4.000000,4.000000,4.000000,4.000000,4.000000,4.000000,4.000000,4.000000,2.000000,4.000000,4.000000,4.000000,4.000000,4.000000,4.000000,4.000000,4.000000,4.000000,2.000000,4.000000,4.000000,4.000000,66.666664
1614076755.957164,120.000000,0.000000,-5.358569,-4.063614,6.410315,-3.395251,-7.373142,-6.889962,-6.738183,-8.137356,-9.424601,-10.203750,-8.202299,-5.808332,-9.180802,-7.777801,-13.187597,19.986221,-14.494857,-18.724459,-5.374595,-42.823349,-21.483473,-5.019317,-4.517893,-3.411583,-7.707482,5.467295,-1.276357,-5.385859,4.333165,8.006875,6.895071,3.894276,8064.000000,0.000000,4.000000,,,,0.000000,4.000000,4.000000,4.000000,4.000000,4.000000,4.000000,4.000000,4.000000,4.000000,4.000000,4.000000,4.000000,4.000000,4.000000,4.000000,4.000000,4.000000,4.000000,2.000000,4.000000,4.000000,4.000000,4.000000,4.000000,4.000000,4.000000,4.000000,4.000000,2.000000,4.000000,4.000000,4.000000,66.666664
1614076755.964913,121.000000,0.000000,-2.789108,-4.059550,5.891084,-5.955958,-7.878589,-3.293328,-6.218624,-7.616398,-9.415175,-7.629443,-8.706918,-6.315345,-9.171622,-7.257202,-12.148768,4.581620,-14.480362,-26.910864,-7.420502,-44.318989,-21.974810,-5.527118,-6.051837,-3.408171,-7.699775,2.897725,-3.839183,-4.867653,1.251909,4.921945,6.888176,0.813459,8064.000000,0.000000,4.000000,,,,0.000000,4.000000,4.000000,4.000000,4.000000,4.000000,4.000000,4.000000,4.000000,4.000000,4.000000,4.000000,4.000000,4.000000,4.000000,4.000000,4.000000,4.000000,4.000000,2.000000,4.000000,4.000000,4.000000,4.000000,4.000000,4.000000,4.000000,4.000000,4.000000,2.000000,4.000000,4.000000,4.000000,66.666664
1614076755.972762,122.000000,0.000000,-2.786319,-4.055490,5.885193,-7.488464,-7.870711,-4.315676,-3.135482,-8.634422,-9.405761,-8.647454,-7.672570,-4.770568,-10.188091,-7.249945,-12.136620,11.756526,-14.465881,-21.755747,-0.233594,-42.223385,-20.414373,-2.957488,-2.968862,-3.404763,-7.692075,1.356366,-1.784062,-4.862785,-2.851907,3.891382,6.881288,0.299825,8064.000000,0.000000,4.000000,,,,0.000000,4.000000,4.000000,4.000000,4.000000,4.000000,4.000000,4.000000,4.000000,4.000000,4.000000,4.000000,4.000000,4.000000,4.000000,4.000000,4.000000,4.000000,4.000000,2.000000,4.000000,4.000000,4.000000,4.000000,4.000000,4.000000,4.000000,4.000000,4.000000,2.000000,4.000000,4.000000,4.000000,66.666664
1614076755.980511,123.000000,0.000000,-2.270712,-4.051435,6.392128,-2.865591,-2.734635,-1.747258,0.457397,-7.600147,-9.396355,-8.638807,-5.100795,-2.714515,-4.536878,-6.729875,-10.073201,19.437077,-12.912954,-0.195530,12.587152,-35.001675,-16.291395,3.199315,7.290517,-3.401359,-7.684383,1.867830,7.448491,-4.857923,-4.387517,4.400311,6.874406,5.427730,8064.000000,0.000000,4.000000,,,,0.000000,4.000000,4.000000,4.000000,4.000000,4.000000,4.000000,4.000000,4.000000,4.000000,4.000000,4.000000,4.000000,4.000000,4.000000,4.000000,4.000000,4.000000,4.000000,2.000000,4.000000,4.000000,4.000000,4.000000,4.000000,4.000000,4.000000,4.000000,4.000000,2.000000,4.000000,4.000000,4.000000,66.666664
1614076755.988360,124.000000,0.000000,0.808482,-4.047384,5.360095,0.727018,0.345023,2.869874,1.482581,-3.489983,-9.386958,-6.066066,-4.070053,-1.686160,4.185608,-4.671863,-8.011846,17.879179,-10.848760,3.394409,10.523283,-30.864111,-13.198181,8.324321,9.334509,-3.397957,-7.676699,1.865962,3.851299,-4.853065,-3.870309,4.395911,6.867532,6.960764,8064.000000,0.000000,4.000000,,,,0.000000,4.000000,4.000000,4.000000,4.000000,4.000000,4.000000,4.000000,4.000000,4.000000,4.000000,4.000000,4.000000,4.000000,4.000000,4.000000,4.000000,4.000000,4.000000,2.000000,4.000000,4.000000,4.000000,4.000000,4.000000,4.000000,4.000000,4.000000,4.000000,2.000000,4.000000,4.000000,4.000000,66.666664
1614076755.996109,125.000000,0.000000,-0.730788,-4.043336,2.790632,0.213471,0.344678,2.354184,0.968278,-3.999314,-7.326290,-4.008718,-4.578803,-2.197294,3.155782,-3.128729,-8.003834,24.527966,-10.325090,-7.891037,4.358913,-33.397350,-14.210624,6.777535,3.171328,-3.394559,-7.669022,1.864096,-7.947424,-4.848212,-2.840798,4.391515,6.860664,3.876880,8064.000000,0.000000,4.000000,,,,0.000000,4.000000,4.000000,4.000000,4.000000,4.000000,4.000000,4.000000,4.000000,4.000000,4.000000,4.000000,4.000000,4.000000,4.000000,4.000000,4.000000,4.000000,4.000000,2.000000,4.000000,4.000000,4.000000,4.000000,4.000000,4.000000,4.000000,4.000000,4.000000,2.000000,4.000000,4.000000,4.000000,66.666664
1614076756.003958,126.000000,0.000000,-1.242878,-4.039293,2.275021,-0.299563,-0.168487,-0.212273,1.480130,-3.995314,-5.267681,-4.517529,-4.574224,-2.195097,-1.462759,-2.612780,-8.508651,25.016258,-10.314765,-12.498530,6.918657,-35.415234,-18.298977,0.104091,2.655336,-3.391165,-7.661353,1.862232,-1.272810,-4.843363,-0.786675,4.387124,6.853804,3.360183,8064.000000,0.000000,4.000000,,,,0.000000,4.000000,4.000000,4.000000,4.000000,4.000000,4.000000,4.000000,4.000000,4.000000,4.000000,4.000000,4.000000,4.000000,4.000000,4.000000,4.000000,4.000000,4.000000,2.000000,4.000000,4.000000,4.000000,4.000000,4.000000,4.000000,4.000000,4.000000,4.000000,2.000000,4.000000,4.000000,4.000000,66.666664
1614076756.011707,127.000000,0.000000,3.373750,-4.035254,2.272746,-0.299264,0.344502,0.300760,1.478650,2.675348,-5.775234,-4.513012,-4.569650,-2.192902,-1.974117,-5.174270,-7.987321,16.273293,-12.355732,-14.537313,-0.780569,-41.533665,-21.870422,-4.511397,1.114219,-2.874953,-7.653692,1.860370,9.497694,-4.838520,0.752573,4.382736,6.846950,4.382463,8064.000000,0.000000,4.000000,,,,0.000000,4.000000,4.000000,4.000000,4.000000,4.000000,4.000000,4.000000,4.000000,4.000000,4.000000,4.000000,4.000000,4.000000,4.000000,4.000000,4.000000,4.000000,4.000000,2.000000,4.000000,4.000000,4.000000,4.000000,4.000000,4.000000,4.000000,4.000000,4.000000,2.000000,4.000000,4.000000,4.000000,66.666664
1614076756.019556,0.000000,0.000000,3.370376,-4.031219,2.783294,0.213856,0.344157,0.300459,0.964351,1.134211,-5.769459,-4.508499,-4.052260,-1.677888,-6.587527,-11.322942,-7.979334,16.257021,-13.881838,-18.625340,-17.702866,-51.748539,-26.976757,-4.506886,-6.579203,-4.410540,-7.646038,1.858509,4.872811,-4.833682,0.239000,4.378354,6.840103,3.865261,0.000000,186.000000,4.000000,,,,0.000000,4.000000,4.000000,4.000000,4.000000,4.000000,4.000000,4.000000,4.000000,4.000000,4.000000,4.000000,4.000000,4.000000,4.000000,4.000000,4.000000,4.000000,4.000000,2.000000,4.000000,4.000000,4.000000,4.000000,4.000000,4.000000,4.000000,4.000000,4.000000,2.000000,4.000000,4.000000,4.000000,66.666664
1614076756.027305,1.000000,0.000000,-1.761200,-4.027187,2.267690,0.213642,0.343813,0.300159,1.989027,-12.200256,-5.250869,-3.991170,-3.535387,-2.189031,-12.734786,-14.388542,-10.022636,18.292046,-14.380776,-19.119535,-16.659521,-53.235252,-29.001062,-5.015200,-9.649547,-6.457411,-7.638392,1.856651,0.252554,-4.828848,0.751582,4.373975,6.833263,3.861395,0.000000,214.000000,4.000000,,,,0.000000,4.000000,4.000000,4.000000,4.000000,4.000000,4.000000,4.000000,4.000000,4.000000,4.000000,4.000000,4.000000,4.000000,4.000000,4.000000,4.000000,4.000000,4.000000,2.000000,4.000000,4.000000,4.000000,4.000000,4.000000,4.000000,4.000000,4.000000,4.000000,2.000000,4.000000,4.000000,4.000000,66.666664
1614076756.035154,2.000000,0.000000,-2.785079,-4.023160,0.726961,-3.376315,-1.707813,0.812679,-0.577064,-20.393185,-5.758439,-3.987179,-6.095954,-5.776586,-13.747692,-14.886973,-12.576716,19.299395,-14.366396,-18.074776,-4.847991,-48.053814,-20.254112,-2.958903,-8.614256,-6.450953,-7.630754,2.367615,1.790763,-4.311199,0.238010,4.369601,7.339250,3.857534,0.000000,199.000000,4.000000,,,,0.000000,4.000000,4.000000,4.000000,4.000000,4.000000,4.000000,4.000000,4.000000,4.000000,4.000000,4.000000,4.000000,4.000000,4.000000,4.000000,4.000000,4.000000,4.000000,2.000000,4.000000,4.000000,4.000000,4.000000,4.000000,4.000000,4.000000,4.000000,4.000000,2.000000,4.000000,4.000000,4.000000,66.666664
1614076756.042903,3.000000,0.000000,-3.295115,-4.019137,-1.325048,-7.988323,-5.808669,-4.316339,-5.191872,-19.347151,-5.752680,-5.008832,-8.653961,-8.847732,-12.708303,-15.384908,-11.538499,23.382658,-13.839209,-18.569521,-0.740578,-45.954479,-9.977448,3.710723,-8.605641,-6.957323,-7.623123,0.826785,-0.775130,-6.358170,0.237772,4.365232,6.819090,3.853676,0.000000,184.000000,4.000000,,,,0.000000,4.000000,4.000000,4.000000,4.000000,4.000000,4.000000,4.000000,4.000000,4.000000,4.000000,4.000000,4.000000,4.000000,4.000000,4.000000,4.000000,4.000000,4.000000,2.000000,4.000000,4.000000,4.000000,4.000000,4.000000,4.000000,4.000000,4.000000,4.000000,2.000000,4.000000,4.000000,4.000000,66.666664
1614076756.050752,4.000000,0.000000,-5.855922,-4.015118,-1.836544,-8.493155,-7.341322,-7.388946,-6.212321,-17.789341,-5.234107,-3.978183,-8.132486,-9.351705,-13.208416,-14.856702,-12.039781,18.231071,-11.261268,-18.550951,-2.791120,-45.908524,-9.454650,5.758294,-8.597036,-6.950366,-7.615500,-1.225323,-1.799996,-8.403093,0.750354,4.360867,7.325092,4.362643,0.000000,190.000000,4.000000,,,,0.000000,4.000000,4.000000,4.000000,4.000000,4.000000,4.000000,4.000000,4.000000,4.000000,4.000000,4.000000,4.000000,4.000000,4.000000,4.000000,4.000000,4.000000,4.000000,2.000000,4.000000,4.000000,4.000000,4.000000,4.000000,4.000000,4.000000,4.000000,4.000000,2.000000,4.000000,4.000000,4.000000,66.666664
1614076756.058502,5.000000,0.000000,-5.337246,-4.011103,-0.296245,-6.946201,-7.846801,-6.868736,-7.231750,-19.822834,-6.767334,-3.974205,-9.662816,-10.880815,-13.195207,-15.867486,-19.207228,9.494891,-10.224365,-11.352913,-6.890893,-48.939537,-14.060579,4.214075,-9.614080,-5.917775,-7.607884,-2.249739,-3.849478,-8.394691,-0.788857,4.356505,7.317767,3.845460,0.000000,198.000000,4.000000,,,,0.000000,4.000000,4.000000,4.000000,4.000000,4.000000,4.000000,4.000000,4.000000,4.000000,4.000000,4.000000,4.000000,4.000000,4.000000,4.000000,4.000000,4.000000,4.000000,2.000000,4.000000,4.000000,4.000000,4.000000,4.000000,4.000000,4.000000,4.000000,4.000000,2.000000,4.000000,4.000000,4.000000,66.666664
1614076756.066351,6.000000,0.000000,-6.357550,-4.519912,-2.860052,-8.477716,-11.941519,-13.528534,-9.788621,-22.879934,-11.375952,-11.149717,-16.319820,-12.921216,-18.310217,-22.518286,-25.854687,5.382833,-13.291063,-10.828739,-11.499387,-56.582905,-20.200365,1.645758,-13.707030,-10.527242,-7.600276,-3.785951,-13.076398,-8.386295,-5.403453,4.352149,3.207885,1.277512,0.000000,186.000000,4.000000,,,,0.000000,4.000000,4.000000,4.000000,4.000000,4.000000,4.000000,4.000000,4.000000,4.000000,4.000000,4.000000,4.000000,4.000000,4.000000,4.000000,4.000000,4.000000,4.000000,2.000000,4.000000,4.000000,4.000000,4.000000,4.000000,4.000000,4.000000,4.000000,4.000000,2.000000,4.000000,4.000000,4.000000,66.666664
1614076756.074100,7.000000,0.000000,-6.351192,-3.489751,-7.985397,-8.469238,-14.493680,-18.130390,-9.778832,-19.780132,-13.928679,-16.266773,-14.765038,-13.421115,-20.856009,-20.444485,-27.367294,-3.853320,-14.816235,-30.305090,-14.051990,-62.680168,-29.410934,-5.535375,-16.257425,-17.696201,-7.592676,-5.833447,-15.627424,-8.890730,-8.474973,3.834976,-0.897887,-0.775047,0.000000,176.000000,4.000000,,,,0.000000,4.000000,4.000000,4.000000,4.000000,4.000000,4.000000,4.000000,4.000000,4.000000,4.000000,4.000000,4.000000,4.000000,4.000000,4.000000,4.000000,4.000000,4.000000,2.000000,4.000000,4.000000,4.000000,4.000000,4.000000,4.000000,4.000000,4.000000,4.000000,2.000000,4.000000,4.000000,4.000000,66.666664
1614076756.081749,8.000000,0.000000,-0.703815,-1.434979,-9.003053,-1.794103,-7.812519,-6.830208,-6.692130,-6.939839,-11.350647,-10.096660,-0.391299,-13.407694,-12.630025,-3.500964,-23.750183,2.304380,-14.801418,-36.428631,-15.063579,-61.591846,-32.971268,-12.709327,-16.753988,-18.704145,-7.585083,-5.827613,-8.945130,-8.881839,-6.415216,4.343962,-0.896989,-0.261452,0.000000,194.000000,4.000000,,,,0.000000,4.000000,4.000000,4.000000,4.000000,4.000000,4.000000,4.000000,4.000000,4.000000,4.000000,4.000000,4.000000,4.000000,4.000000,4.000000,4.000000,4.000000,4.000000,2.000000,4.000000,4.000000,4.000000,4.000000,4.000000,4.000000,4.000000,4.000000,4.000000,2.000000,4.000000,4.000000,4.000000,66.666664
1614076756.089498,9.000000,0.000000,-1.215932,0.104917,-5.404306,3.848717,-2.676502,0.356109,-5.146976,2.297870,-9.288014,-4.445538,7.814221,-13.907106,-5.437908,8.810229,-10.905921,35.122589,-14.273796,-8.187075,-9.407490,-56.402050,-29.348553,-8.081233,-16.224415,-15.095698,-7.577498,-5.308965,-7.910544,-8.360137,-3.331877,4.339618,-0.896092,0.251630,0.000000,199.000000,4.000000,,,,0.000000,4.000000,4.000000,4.000000,4.000000,4.000000,4.000000,4.000000,4.000000,4.000000,4.000000,4.000000,4.000000,4.000000,4.000000,4.000000,4.000000,4.000000,4.000000,2.000000,4.000000,4.000000,4.000000,4.000000,4.000000,4.000000,4.000000,4.000000,4.000000,2.000000,4.000000,4.000000,4.000000,66.666664
1614076756.097147,10.000000,0.000000,-10.958305,-0.408008,-5.398901,1.280766,-6.263569,-8.362196,-7.705932,-2.832633,-9.791547,-9.056477,2.165381,-12.354738,-4.919650,7.262958,-3.202707,46.369518,-14.259522,4.128805,-1.192954,-53.268726,-29.319202,-3.970588,-15.695369,-14.054961,-8.082742,-6.329298,-12.518018,-8.864597,-3.841366,3.309637,-0.382375,-0.774263,0.000000,202.000000,4.000000,,,,0.000000,4.000000,4.000000,4.000000,4.000000,4.000000,4.000000,4.000000,4.000000,4.000000,4.000000,4.000000,4.000000,4.000000,4.000000,4.000000,4.000000,4.000000,4.000000,2.000000,4.000000,4.000000,4.000000,4.000000,4.000000,4.000000,4.000000,4.000000,4.000000,2.000000,4.000000,4.000000,4.000000,66.666664
1614076756.104896,11.000000,0.000000,-14.537091,-0.407600,-4.367862,0.766665,-6.770126,-12.456398,-9.749508,-15.650312,-9.268934,-13.662805,-4.503451,-13.368025,-5.940371,3.665951,-14.994376,18.630840,-15.270904,-22.541990,-8.884068,-55.779560,-28.777063,-8.069181,-17.218136,-15.066547,-7.561838,-4.271686,-14.556782,-8.342912,-3.324704,5.870430,4.233391,3.841896,0.000000,185.000000,4.000000,,,,0.000000,4.000000,4.000000,4.000000,4.000000,4.000000,4.000000,4.000000,4.000000,4.000000,4.000000,4.000000,4.000000,4.000000,4.000000,4.000000,4.000000,4.000000,4.000000,2.000000,4.000000,4.000000,4.000000,4.000000,4.000000,4.000000,4.000000,4.000000,4.000000,2.000000,4.000000,4.000000,4.000000,66.666664
1614076756.112545,12.000000,0.000000,-8.368708,-0.407193,0.764711,8.458205,1.441773,-5.264454,-6.662836,-19.224405,-6.695563,-9.546578,-5.524589,-13.867477,-5.934431,3.662285,-16.005022,16.048107,-13.717172,-24.570730,-14.003389,-50.595573,-17.466236,-8.573933,-15.662456,-14.538661,-5.502994,0.860791,-13.516584,-5.257646,-1.270097,9.967124,7.306081,13.068824,0.000000,176.000000,4.000000,,,,0.000000,4.000000,4.000000,4.000000,4.000000,4.000000,4.000000,4.000000,4.000000,4.000000,4.000000,4.000000,4.000000,4.000000,4.000000,4.000000,4.000000,4.000000,4.000000,2.000000,4.000000,4.000000,4.000000,4.000000,4.000000,4.000000,4.000000,4.000000,4.000000,2.000000,4.000000,4.000000,4.000000,66.666664
1614076756.120294,13.000000,0.000000,-4.770596,-0.406785,3.328049,11.526670,5.030075,0.381836,-2.553609,-7.410310,-3.611945,-0.819083,-2.442141,-1.033097,-0.800291,7.248367,7.600726,46.801289,-7.036788,6.735891,8.574717,-32.596260,-7.192359,-0.360230,-3.339101,-8.370275,-3.446209,2.398391,-8.887683,-1.149824,0.782455,11.495618,6.785954,15.107037,0.000000,197.000000,4.000000,,,,0.000000,4.000000,4.000000,4.000000,4.000000,4.000000,4.000000,4.000000,4.000000,4.000000,4.000000,4.000000,4.000000,4.000000,4.000000,4.000000,4.000000,4.000000,4.000000,2.000000,4.000000,4.000000,4.000000,4.000000,4.000000,4.000000,4.000000,4.000000,4.000000,2.000000,4.000000,4.000000,4.000000,66.666664
1614076756.127944,14.000000,0.000000,-3.740184,-0.406379,1.786260,5.874118,2.460942,-0.644187,-2.038234,5.930434,-2.069871,3.797121,3.201327,15.378193,7.918458,13.394964,18.875175,48.292950,-2.927186,2.626591,23.437937,-21.794434,-5.133884,7.332438,7.433469,-0.156777,-2.417122,0.857532,-3.237770,-0.635854,0.268852,11.484122,6.779169,9.963725,0.000000,207.000000,4.000000,,,,0.000000,4.000000,4.000000,4.000000,4.000000,4.000000,4.000000,4.000000,4.000000,4.000000,4.000000,4.000000,4.000000,4.000000,4.000000,4.000000,4.000000,4.000000,4.000000,2.000000,4.000000,4.000000,4.000000,4.000000,4.000000,4.000000,4.000000,4.000000,4.000000,2.000000,4.000000,4.000000,4.000000,66.666664
1614076756.135693,15.000000,0.000000,-2.710803,-0.405972,3.322935,3.304142,3.484122,-1.156363,-2.549017,6.437324,-2.067801,1.742042,6.787869,13.824353,9.449001,13.381570,9.625532,19.013887,-3.949900,-23.017061,10.593986,-24.336742,-6.667212,9.376388,6.400394,4.458764,0.149398,3.933597,-2.721711,-1.148039,0.268583,14.549562,7.285210,12.005043,0.000000,202.000000,4.000000,,,,0.000000,4.000000,4.000000,4.000000,4.000000,4.000000,4.000000,4.000000,4.000000,4.000000,4.000000,4.000000,4.000000,4.000000,4.000000,4.000000,4.000000,4.000000,4.000000,2.000000,4.000000,4.000000,4.000000,4.000000,4.000000,4.000000,4.000000,4.000000,4.000000,2.000000,4.000000,4.000000,4.000000,66.666664
1614076756.143342,16.000000,0.000000,-1.682451,-0.405566,0.242689,3.300837,5.019099,0.896075,-2.546468,3.866784,-2.065733,3.278761,6.268260,5.092580,6.362629,10.804086,10.128727,18.482052,-0.356207,-6.583787,8.019289,-23.286764,-5.634904,9.879831,5.881174,3.941485,2.713351,5.980946,-2.206169,-1.146891,0.268314,14.535012,6.765104,16.095602,0.000000,182.000000,4.000000,,,,0.000000,4.000000,4.000000,4.000000,4.000000,4.000000,4.000000,4.000000,4.000000,4.000000,4.000000,4.000000,4.000000,4.000000,4.000000,4.000000,4.000000,4.000000,4.000000,2.000000,4.000000,4.000000,4.000000,4.000000,4.000000,4.000000,4.000000,4.000000,4.000000,2.000000,4.000000,4.000000,4.000000,66.666664
1614076756.151091,17.000000,0.000000,-2.193589,-0.405161,-7.962682,-1.317848,-0.626945,-0.130462,-2.543921,4.375738,-2.063668,9.942149,6.261992,5.600308,5.843446,12.331743,10.631419,40.514854,2.208252,17.525360,14.165116,-22.237837,-5.629269,10.382772,7.926574,4.450364,3.223458,4.436503,3.437063,-1.145744,0.268046,10.417913,6.758339,8.900020,0.000000,194.000000,4.000000,,,,0.000000,4.000000,4.000000,4.000000,4.000000,4.000000,4.000000,4.000000,4.000000,4.000000,4.000000,4.000000,4.000000,4.000000,4.000000,4.000000,4.000000,4.000000,4.000000,2.000000,4.000000,4.000000,4.000000,4.000000,4.000000,4.000000,4.000000,4.000000,4.000000,2.000000,4.000000,4.000000,4.000000,66.666664
1614076756.158740,18.000000,0.000000,-2.704216,-0.404756,-5.390617,-3.880633,-2.677600,-1.668793,-2.541377,-0.244023,-1.035963,10.445027,6.768551,4.569067,2.247859,10.268129,-3.738187,35.346134,-5.486264,1.097579,4.920182,-32.984829,-7.162101,10.372389,-0.799301,6.497196,4.758696,8.021811,5.484908,-1.144598,0.267778,14.510059,7.264401,9.403940,0.000000,204.000000,4.000000,,,,0.000000,4.000000,4.000000,4.000000,4.000000,4.000000,4.000000,4.000000,4.000000,4.000000,4.000000,4.000000,4.000000,4.000000,4.000000,4.000000,4.000000,4.000000,4.000000,2.000000,4.000000,4.000000,4.000000,4.000000,4.000000,4.000000,4.000000,4.000000,4.000000,2.000000,4.000000,4.000000,4.000000,66.666664
1614076756.166489,19.000000,0.000000,-1.675871,-0.404351,4.871184,1.251453,8.607128,7.563645,-2.538836,-4.346343,2.041996,10.947403,7.787423,2.513216,-1.344133,6.668117,-6.298552,26.080017,-9.070521,-9.672750,4.402441,-39.105690,-9.719042,9.849196,-9.003630,8.029160,6.805220,15.193275,5.479423,-1.143453,2.831613,25.264780,6.744317,23.240690,0.000000,177.000000,4.000000,,,,0.000000,4.000000,4.000000,4.000000,4.000000,4.000000,4.000000,4.000000,4.000000,4.000000,4.000000,4.000000,4.000000,4.000000,4.000000,4.000000,4.000000,4.000000,4.000000,2.000000,4.000000,4.000000,4.000000,4.000000,4.000000,4.000000,4.000000,4.000000,4.000000,2.000000,4.000000,4.000000,4.000000,66.666664
1614076756.174138,20.000000,0.000000,2.941190,-0.403946,6.917595,4.327125,16.290829,17.299671,-2.536297,-0.239432,5.629698,17.090302,10.343739,8.151728,0.708494,13.840937,6.015440,47.079578,1.194959,4.183077,14.141628,-30.861458,-10.734963,10.352168,-3.866421,7.508310,7.311235,17.229364,10.089328,-1.142310,4.367243,25.752337,6.737572,20.653347,0.000000,192.000000,4.000000,,,,0.000000,4.000000,4.000000,4.000000,4.000000,4.000000,4.000000,4.000000,4.000000,4.000000,4.000000,4.000000,4.000000,4.000000,4.000000,4.000000,4.000000,4.000000,4.000000,2.000000,4.000000,4.000000,4.000000,4.000000,4.000000,4.000000,4.000000,4.000000,4.000000,4.000000,4.000000,4.000000,4.000000,83.333336
1614076756.181887,21.000000,0.000000,5.502351,-0.403543,5.885036,3.297156,9.095051,11.641346,-2.533761,2.324910,6.136889,13.996288,8.794933,12.246140,1.220606,14.339916,6.522244,48.058140,7.860431,-3.000593,4.383897,-29.292133,-10.211409,10.341816,2.804112,7.500802,6.791103,16.699314,13.668983,-1.141168,3.850055,19.572737,7.243655,5.760898,0.000000,169.000000,4.000000,,,,0.000000,4.000000,4.000000,4.000000,4.000000,4.000000,4.000000,4.000000,4.000000,4.000000,4.000000,4.000000,4.000000,4.000000,4.000000,4.000000,4.000000,4.000000,4.000000,2.000000,4.000000,4.000000,4.000000,4.000000,4.000000,4.000000,4.000000,4.000000,4.000000,4.000000,4.000000,4.000000,4.000000,83.333336
1614076756.189537,22.000000,0.000000,4.984028,0.109682,6.904792,3.806680,3.444930,2.911756,-2.531227,-0.241518,3.053828,-1.402323,4.170753,9.156971,-1.857538,-3.623142,-1.689406,15.702389,2.724365,-25.561695,-6.389718,-35.416687,-10.201197,9.305833,2.801308,7.493301,6.784312,17.195436,11.604031,-1.140026,4.871846,18.527523,6.723591,5.242317,0.000000,189.000000,4.000000,,,,0.000000,4.000000,4.000000,4.000000,4.000000,4.000000,4.000000,4.000000,4.000000,4.000000,4.000000,4.000000,4.000000,4.000000,4.000000,4.000000,4.000000,4.000000,4.000000,2.000000,4.000000,4.000000,4.000000,4.000000,4.000000,4.000000,4.000000,4.000000,4.000000,4.000000,4.000000,4.000000,4.000000,83.333336
1614076756.197386,23.000000,0.000000,4.979044,-1.941710,0.231221,1.238770,3.954306,3.421664,-2.528696,-0.241276,-2.590251,-10.118870,2.628121,9.147814,-1.855681,-16.952852,-2.200537,13.635405,-0.355282,-26.048954,2.334621,-29.740246,-9.678175,10.834989,1.772866,7.485808,7.290348,12.562856,9.541145,-1.138886,3.328512,16.457714,2.614303,5.749895,0.000000,207.000000,4.000000,,,,0.000000,4.000000,4.000000,4.000000,4.000000,4.000000,4.000000,4.000000,4.000000,4.000000,4.000000,4.000000,4.000000,4.000000,4.000000,4.000000,4.000000,4.000000,4.000000,2.000000,4.000000,4.000000,4.000000,4.000000,4.000000,4.000000,4.000000,4.000000,4.000000,4.000000,4.000000,4.000000,4.000000,83.333336
1614076756.205135,24.000000,0.000000,5.486886,-3.991050,-8.486959,-6.454776,0.360608,2.905422,-2.526167,-1.779497,-5.664584,-8.057468,2.625493,9.138666,-1.853825,-14.884617,0.878587,40.801258,1.183535,-15.253675,4.896389,-24.069481,-9.668497,10.824153,2.796734,7.478322,6.770237,3.832344,7.993142,-1.137747,-1.803021,7.210487,-0.978055,-5.537906,0.000000,210.000000,4.000000,,,,0.000000,4.000000,4.000000,4.000000,4.000000,4.000000,4.000000,4.000000,4.000000,4.000000,4.000000,4.000000,4.000000,4.000000,4.000000,4.000000,4.000000,4.000000,4.000000,2.000000,4.000000,4.000000,4.000000,4.000000,4.000000,4.000000,4.000000,4.000000,4.000000,4.000000,4.000000,4.000000,4.000000,83.333336
1614076756.212984,25.000000,0.000000,5.994219,-3.987060,-9.504113,-11.576527,-4.255137,-0.174406,-2.523641,-5.880281,-5.658919,-7.536591,3.648509,9.129528,-1.851971,-13.331271,2.416170,42.298916,0.669531,-10.110215,0.788928,-31.737719,-10.171649,3.121022,2.793937,7.470844,7.276288,1.264409,1.831303,-1.136610,-3.852500,2.587892,-0.977077,-6.558009,0.000000,186.000000,4.000000,,,,0.000000,4.000000,4.000000,4.000000,4.000000,4.000000,4.000000,4.000000,4.000000,4.000000,4.000000,4.000000,4.000000,4.000000,4.000000,4.000000,4.000000,4.000000,4.000000,2.000000,4.000000,4.000000,4.000000,4.000000,4.000000,4.000000,4.000000,4.000000,4.000000,4.000000,4.000000,4.000000,4.000000,83.333336
1614076756.220733,26.000000,0.000000,5.475405,-3.470252,-7.956147,-11.052129,-3.738062,-0.687052,-2.008297,-7.412862,-5.653260,-9.067515,2.619219,10.658859,1.739625,-15.369222,2.413753,27.384823,1.181682,-13.177029,8.480447,-34.782902,-9.135837,-5.087228,-0.285780,7.463373,7.269011,1.775965,-2.273093,-1.135473,-2.823007,4.123765,0.049541,0.115215,0.000000,116.000000,4.000000,,,,0.000000,4.000000,4.000000,4.000000,4.000000,4.000000,4.000000,4.000000,4.000000,4.000000,4.000000,4.000000,4.000000,4.000000,4.000000,4.000000,4.000000,4.000000,4.000000,2.000000,4.000000,4.000000,4.000000,4.000000,4.000000,4.000000,4.000000,4.000000,4.000000,4.000000,4.000000,4.000000,4.000000,83.333336
1614076756.228582,27.000000,0.000000,4.444288,-4.492423,-8.973832,-11.041077,-3.734324,-0.173545,-2.519109,-9.456732,-6.160428,-8.545628,0.565318,3.468714,-0.313397,-15.866673,-1.178404,21.716413,-0.870782,-24.445902,10.523249,-35.260941,-11.690803,-5.594961,-5.926520,7.455909,6.748922,1.774189,-2.783640,-0.621517,-3.333004,4.119642,-0.976149,0.115100,0.000000,215.000000,4.000000,,,,0.000000,4.000000,4.000000,4.000000,4.000000,4.000000,4.000000,4.000000,4.000000,4.000000,4.000000,4.000000,4.000000,4.000000,4.000000,4.000000,4.000000,4.000000,4.000000,2.000000,4.000000,4.000000,4.000000,4.000000,4.000000,4.000000,4.000000,4.000000,4.000000,4.000000,4.000000,4.000000,4.000000,83.333336
1614076756.236331,28.000000,0.000000,5.978305,-3.462289,-8.964858,-11.542856,-4.756230,0.852270,-2.516590,-10.985737,-5.641447,-8.024261,0.051932,-10.380909,-9.031033,-14.825166,-7.843892,12.463927,-7.536578,-28.524021,-2.307788,-49.584656,-19.371420,-4.563725,-8.484695,7.448453,5.716532,1.772415,-2.268036,-1.133716,-3.329671,3.602701,-0.462352,0.627806,0.000000,156.000000,4.000000,,,,0.000000,4.000000,4.000000,4.000000,4.000000,4.000000,4.000000,4.000000,4.000000,4.000000,4.000000,4.000000,4.000000,4.000000,4.000000,4.000000,4.000000,4.000000,4.000000,2.000000,4.000000,4.000000,4.000000,4.000000,4.000000,4.000000,4.000000,4.000000,4.000000,4.000000,4.000000,4.000000,4.000000,83.333336
1614076756.244180,29.000000,0.000000,5.459507,-3.458827,-7.930253,-10.505672,-2.700192,-1.199865,-2.001253,-10.461930,-7.174267,-9.041879,-4.050684,-13.960272,-13.124565,-13.784699,-18.092459,0.143771,-10.605965,-20.290369,-11.023429,-61.842762,-24.993074,-5.584802,-7.963391,7.441005,3.146713,0.745002,-1.752947,-2.158223,-2.300700,4.624740,0.050930,2.678460,0.000000,205.000000,4.000000,,,,0.000000,4.000000,4.000000,4.000000,4.000000,4.000000,4.000000,4.000000,4.000000,4.000000,4.000000,4.000000,4.000000,4.000000,4.000000,4.000000,4.000000,4.000000,4.000000,2.000000,4.000000,4.000000,4.000000,4.000000,4.000000,4.000000,4.000000,4.000000,4.000000,4.000000,4.000000,4.000000,4.000000,83.333336
1614076756.251929,30.000000,0.000000,-4.289543,-7.045112,-9.460784,-12.546449,-5.774415,-7.352511,-4.050534,-16.092493,-9.218374,-14.673862,-16.354326,-13.433491,-14.649902,-18.386299,-26.279495,-2.420476,-11.620999,-19.244438,-9.473944,-58.703995,-24.968081,-4.553576,-12.057991,7.433564,-3.523101,-3.358308,-3.802476,-5.745809,-6.913785,2.568833,-2.513223,-0.401142,0.000000,195.000000,4.000000,,,,0.000000,4.000000,4.000000,4.000000,4.000000,4.000000,4.000000,4.000000,4.000000,4.000000,4.000000,4.000000,4.000000,4.000000,4.000000,4.000000,4.000000,4.000000,4.000000,2.000000,4.000000,4.000000,4.000000,4.000000,4.000000,4.000000,4.000000,4.000000,4.000000,4.000000,4.000000,4.000000,4.000000,83.333336
1614076756.259778,31.000000,0.000000,-13.516023,-11.140631,-11.502605,-17.149286,-16.025051,-11.960543,-8.149047,-24.281530,-9.209156,-18.761753,-21.466177,-18.548262,-17.199356,-22.470476,-25.227573,4.248611,-15.711943,-25.379040,-9.464470,-55.568371,-24.430292,-6.087484,-18.712601,7.426130,-10.186244,-5.406231,-12.003802,-9.842627,-13.573537,-2.049120,-7.126094,-3.990484,0.000000,186.000000,4.000000,,,,0.000000,4.000000,4.000000,4.000000,4.000000,4.000000,4.000000,4.000000,4.000000,4.000000,4.000000,4.000000,4.000000,4.000000,4.000000,4.000000,4.000000,4.000000,4.000000,2.000000,4.000000,4.000000,4.000000,4.000000,4.000000,4.000000,4.000000,4.000000,4.000000,4.000000,4.000000,4.000000,4.000000,83.333336
1614076756.267527,32.000000,0.000000,-14.015326,-11.642310,-12.003923,-17.132137,-19.085949,-11.435761,-10.192181,-21.693146,-9.199947,-15.153247,-11.188300,-21.093817,-12.566772,-9.627494,-22.125423,11.936670,-18.260332,-22.276737,-10.480646,-57.564083,-24.918682,-9.158320,-20.232349,7.418705,-12.227340,-6.939287,-17.120003,-12.396887,-15.098425,-4.098353,-8.144609,-3.473673,8064.000000,0.000000,4.000000,,,,0.000000,4.000000,4.000000,4.000000,4.000000,4.000000,4.000000,4.000000,4.000000,4.000000,4.000000,4.000000,4.000000,4.000000,4.000000,4.000000,4.000000,4.000000,4.000000,2.000000,4.000000,4.000000,4.000000,4.000000,4.000000,4.000000,4.000000,4.000000,4.000000,4.000000,4.000000,4.000000,4.000000,83.333336
1614076756.275376,33.000000,0.000000,-12.462850,-10.605027,-11.991920,-14.038083,-10.348914,-10.911506,-9.669168,-14.491965,-9.190747,-12.573991,-0.920701,-16.970160,-2.297794,6.279570,-15.949451,16.027298,-15.165150,-16.613434,-9.957345,-54.942417,-24.893764,-2.482495,-19.186476,7.411286,-11.189471,-8.983629,-14.538781,-11.871670,-13.544866,-3.068614,-7.623644,-2.957379,8064.000000,0.000000,4.000000,,,,0.000000,4.000000,4.000000,4.000000,4.000000,4.000000,4.000000,4.000000,4.000000,4.000000,4.000000,4.000000,4.000000,4.000000,4.000000,4.000000,4.000000,4.000000,4.000000,2.000000,4.000000,4.000000,4.000000,4.000000,4.000000,4.000000,4.000000,4.000000,4.000000,4.000000,4.000000,4.000000,4.000000,83.333336
1614076756.283125,34.000000,0.000000,-13.476028,-11.107243,-11.979927,-14.024045,-6.236001,-11.413415,-9.659498,-13.964653,-9.181557,-9.997314,0.105860,-15.927547,-0.757035,8.324573,-2.600169,17.549732,-13.611523,-16.084000,-8.921746,-49.246449,-24.868870,6.750757,-19.167290,7.916695,-12.203923,-9.487466,-12.472960,-11.859797,-14.044141,-3.065545,-7.616021,-3.980063,8064.000000,0.000000,4.000000,,,,0.000000,4.000000,4.000000,4.000000,4.000000,4.000000,4.000000,4.000000,4.000000,4.000000,4.000000,4.000000,4.000000,4.000000,4.000000,4.000000,4.000000,4.000000,4.000000,2.000000,4.000000,4.000000,4.000000,4.000000,4.000000,4.000000,4.000000,4.000000,4.000000,4.000000,4.000000,4.000000,4.000000,83.333336
1614076756.290974,35.000000,0.000000,-13.975372,-11.096135,-11.967947,-15.035662,-11.357970,-10.889180,-9.649838,-14.976329,-9.172375,-5.371933,-3.996810,-16.937262,-4.858842,5.239325,2.017816,17.532183,-14.110732,-19.657660,-7.374363,-46.633099,-23.818359,5.205544,-19.660942,7.395957,-12.191719,-8.965158,-13.486128,-11.847939,-14.542917,-3.575300,-8.121225,-3.463262,8064.000000,0.000000,4.000000,,,,0.000000,4.000000,4.000000,4.000000,4.000000,4.000000,4.000000,4.000000,4.000000,4.000000,4.000000,4.000000,4.000000,4.000000,4.000000,4.000000,4.000000,4.000000,4.000000,2.000000,4.000000,4.000000,4.000000,4.000000,4.000000,4.000000,4.000000,4.000000,4.000000,4.000000,4.000000,4.000000,4.000000,83.333336
1614076756.298723,36.000000,0.000000,-13.448577,-11.085039,-11.955979,-14.507806,-14.936356,-10.878291,-9.640189,-13.935712,-9.163202,-6.905022,-7.069736,-14.869041,-5.366804,-0.406940,-3.625227,15.976189,-12.045340,-19.125181,-3.777245,-45.560825,-21.230440,-0.953507,-19.641281,7.388562,-7.564143,-8.956193,-13.985462,-11.836090,-14.015553,-3.571725,-7.600284,-3.459799,8064.000000,0.000000,4.000000,,,,0.000000,4.000000,4.000000,4.000000,4.000000,4.000000,4.000000,4.000000,4.000000,4.000000,4.000000,4.000000,4.000000,4.000000,4.000000,4.000000,4.000000,4.000000,4.000000,2.000000,4.000000,4.000000,4.000000,4.000000,4.000000,4.000000,4.000000,4.000000,4.000000,4.000000,4.000000,4.000000,4.000000,83.333336
1614076756.306372,37.000000,0.000000,-10.871025,-11.073955,-11.944023,-14.493298,-13.895779,-10.867414,-9.630548,-13.921776,-9.154039,-14.077604,-8.088307,-12.290071,-3.822975,-12.201406,-2.595961,18.524315,-9.982012,-10.388108,4.944480,-43.463982,-20.183567,-0.952554,-18.595999,8.406815,-3.454015,-8.947237,-12.945836,-11.824254,-14.001538,-3.055333,-7.592683,-3.456339,8064.000000,0.000000,4.000000,,,,0.000000,4.000000,4.000000,4.000000,4.000000,4.000000,4.000000,4.000000,4.000000,4.000000,4.000000,4.000000,4.000000,4.000000,4.000000,4.000000,4.000000,4.000000,4.000000,2.000000,4.000000,4.000000,4.000000,4.000000,4.000000,4.000000,4.000000,4.000000,4.000000,4.000000,4.000000,4.000000,4.000000,83.333336
1614076756.314121,38.000000,0.000000,-9.321692,-11.062881,-11.932079,-14.478805,-13.881883,-10.856545,-9.620918,-14.420674,-9.144885,-16.627630,-8.080219,-12.790601,-6.383255,-19.881512,-12.336955,11.326303,-9.972030,-14.480284,5.965177,-47.523083,-20.676205,-0.951601,-16.013300,5.834305,-3.963381,-8.938290,-12.420070,-11.812429,-13.987536,-3.052278,-7.585091,-3.452883,8064.000000,0.000000,4.000000,,,,0.000000,4.000000,4.000000,4.000000,4.000000,4.000000,4.000000,4.000000,4.000000,4.000000,4.000000,4.000000,4.000000,4.000000,4.000000,4.000000,4.000000,4.000000,4.000000,2.000000,4.000000,4.000000,4.000000,4.000000,4.000000,4.000000,4.000000,4.000000,4.000000,4.000000,4.000000,4.000000,4.000000,83.333336
1614076756.321770,39.000000,0.000000,-9.312371,-11.051818,-11.920147,-15.489966,-14.893641,-11.358510,-10.124118,-14.919075,-9.648561,-15.585361,-9.097779,-12.777810,-11.505076,-19.861629,-32.837437,-10.223484,-11.500519,-37.542728,-13.015147,-55.680687,-21.681170,-5.053214,-15.997287,-2.889478,-4.985059,-8.929352,-13.946111,-11.800617,-14.486370,-3.562046,-7.577505,-3.449430,8064.000000,0.000000,4.000000,,,,0.000000,4.000000,4.000000,4.000000,4.000000,4.000000,4.000000,4.000000,4.000000,4.000000,4.000000,4.000000,4.000000,4.000000,4.000000,4.000000,4.000000,4.000000,4.000000,2.000000,4.000000,4.000000,4.000000,4.000000,4.000000,4.000000,4.000000,4.000000,4.000000,4.000000,4.000000,4.000000,4.000000,83.333336
1614076756.329520,40.000000,0.000000,-6.738956,-11.040766,-12.421047,-14.448835,-14.878748,-11.347151,-10.113994,-14.904156,-10.151732,-15.569776,-8.575861,-10.713750,-13.032033,-18.303307,-24.599472,3.120073,-10.976198,-33.402618,-24.797003,-51.522442,-19.608206,-5.560981,-14.955649,-9.040435,-1.390330,-9.946063,-11.880883,-11.788816,-14.471884,-1.507202,-8.082748,-3.958801,8064.000000,0.000000,4.000000,,,,0.000000,4.000000,4.000000,4.000000,4.000000,4.000000,4.000000,4.000000,4.000000,4.000000,4.000000,4.000000,4.000000,4.000000,4.000000,4.000000,4.000000,4.000000,4.000000,2.000000,4.000000,4.000000,4.000000,4.000000,4.000000,4.000000,4.000000,4.000000,4.000000,4.000000,4.000000,4.000000,4.000000,83.333336
1614076756.337169,41.000000,0.000000,-2.629653,-11.029725,-11.382985,-9.306182,-14.351048,-10.310163,-9.078238,-14.376431,-8.603120,-15.041385,-8.054465,-9.164575,-12.506181,-18.797825,-5.087694,35.937466,-7.375478,-4.138448,-4.772207,-37.624767,-17.024496,-4.016959,-12.376591,-4.928830,3.226445,-8.910476,-5.202335,-11.777028,-13.431770,3.622511,-7.561845,-3.442022,8064.000000,0.000000,4.000000,,,,0.000000,4.000000,4.000000,4.000000,4.000000,4.000000,4.000000,4.000000,4.000000,4.000000,4.000000,4.000000,4.000000,4.000000,4.000000,4.000000,4.000000,4.000000,4.000000,2.000000,4.000000,4.000000,4.000000,4.000000,4.000000,4.000000,4.000000,4.000000,4.000000,4.000000,4.000000,4.000000,4.000000,83.333336
1614076756.344918,42.000000,0.000000,-1.601383,-11.018695,-9.833141,-6.732773,-14.336698,-11.838314,-9.581981,-14.362055,-9.107337,-17.077625,-9.584872,-8.642590,-14.032136,-20.317488,-9.185170,26.670759,-6.855282,-7.724053,16.771027,-32.458935,-17.007471,-6.064224,-11.851394,-0.308517,1.171936,-8.901566,-1.094569,-11.765251,-14.443980,4.131709,-7.554283,-3.951400,8064.000000,0.000000,4.000000,,,,0.000000,4.000000,4.000000,4.000000,4.000000,4.000000,4.000000,4.000000,4.000000,4.000000,4.000000,4.000000,4.000000,4.000000,4.000000,4.000000,4.000000,4.000000,4.000000,2.000000,4.000000,4.000000,4.000000,4.000000,4.000000,4.000000,4.000000,4.000000,4.000000,4.000000,4.000000,4.000000,4.000000,83.333336
1614076756.352567,43.000000,0.000000,-2.112602,-11.007676,-7.772026,-7.238861,-14.835181,-10.800835,-10.598040,-14.860513,-10.123871,-11.419522,-4.447082,-6.582665,-7.864258,-11.066401,-7.124703,0.490242,-7.361248,-20.024021,15.728615,-33.964939,-15.964823,-3.494057,-11.326722,-2.359490,-0.367697,-10.943946,-2.119115,-12.266306,-14.942356,3.614757,-8.572370,-3.947449,8064.000000,0.000000,4.000000,,,,0.000000,4.000000,4.000000,4.000000,4.000000,4.000000,4.000000,4.000000,4.000000,4.000000,4.000000,4.000000,4.000000,4.000000,4.000000,4.000000,4.000000,4.000000,4.000000,2.000000,4.000000,4.000000,4.000000,4.000000,4.000000,4.000000,4.000000,4.000000,4.000000,4.000000,4.000000,4.000000,4.000000,83.333336
1614076756.360316,44.000000,0.000000,-2.110489,-10.996669,-4.174510,-4.154699,-11.743423,-2.584906,-4.946416,-8.691806,1.168305,3.976512,5.813775,-2.986339,5.476940,9.970306,16.472166,28.182058,1.876883,5.124207,16.225706,-25.213026,-7.230909,7.278668,-6.700010,-3.382772,7.837799,-4.266335,-2.116996,-11.228399,-9.286388,8.739347,-4.461234,-0.866578,8064.000000,0.000000,4.000000,,,,0.000000,4.000000,4.000000,4.000000,4.000000,4.000000,4.000000,4.000000,4.000000,4.000000,4.000000,4.000000,4.000000,4.000000,4.000000,4.000000,4.000000,4.000000,4.000000,2.000000,4.000000,4.000000,4.000000,4.000000,4.000000,4.000000,4.000000,4.000000,4.000000,4.000000,4.000000,4.000000,4.000000,83.333336
1614076756.367965,45.000000,0.000000,-1.595558,-10.985672,-0.067772,0.977661,-7.629116,4.084345,4.289299,2.086116,15.526111,11.664844,11.448987,-1.444891,10.086847,16.114182,20.558256,47.641056,7.516032,19.990879,24.414610,-18.008326,1.494271,11.373954,-3.616387,4.312919,17.573551,7.532803,0.449223,-8.653068,-3.123256,15.397274,4.261177,3.236853,8064.000000,0.000000,4.000000,,,,0.000000,4.000000,4.000000,4.000000,4.000000,4.000000,4.000000,4.000000,4.000000,4.000000,4.000000,4.000000,4.000000,4.000000,4.000000,4.000000,4.000000,4.000000,4.000000,2.000000,4.000000,4.000000,4.000000,4.000000,4.000000,4.000000,4.000000,4.000000,4.000000,4.000000,4.000000,4.000000,4.000000,83.333336
1614076756.375714,46.000000,0.000000,-2.106783,-10.974687,-0.580524,0.463863,-6.595846,4.593082,5.310651,2.084030,11.408021,5.499332,10.411897,-1.443446,4.435735,5.841658,4.640263,23.490852,-0.696613,-2.080395,18.236349,-28.759548,0.979956,4.695913,-4.638412,12.513734,14.991875,10.602193,1.987236,-7.618774,-2.094491,15.381877,6.821018,4.259257,8064.000000,0.000000,4.000000,,,,0.000000,4.000000,4.000000,4.000000,4.000000,4.000000,4.000000,4.000000,4.000000,4.000000,4.000000,4.000000,4.000000,4.000000,4.000000,4.000000,4.000000,4.000000,4.000000,2.000000,4.000000,4.000000,4.000000,4.000000,4.000000,4.000000,4.000000,4.000000,4.000000,4.000000,4.000000,4.000000,4.000000,83.333336
1614076756.383364,47.000000,0.000000,-2.104676,-10.963712,-1.092764,-0.049421,-7.102070,4.075668,1.715597,-6.636003,-1.423900,1.904090,10.401485,-2.467644,1.867197,0.194790,-2.543864,24.493002,-8.388224,-13.873186,2.833497,-42.576942,-8.251794,2.639935,-5.146594,12.501220,8.310216,6.489027,1.472428,-8.636796,-3.630859,14.853675,3.737274,3.742177,8064.000000,0.000000,4.000000,,,,0.000000,4.000000,4.000000,4.000000,4.000000,4.000000,4.000000,4.000000,4.000000,4.000000,4.000000,4.000000,4.000000,4.000000,4.000000,4.000000,4.000000,4.000000,4.000000,2.000000,4.000000,4.000000,4.000000,4.000000,4.000000,4.000000,4.000000,4.000000,4.000000,4.000000,4.000000,4.000000,4.000000,83.333336
1614076756.391113,48.000000,0.000000,-2.102571,-10.952748,-0.066031,0.463449,-7.094968,2.533131,1.713881,-7.142187,-2.960938,4.466288,9.365442,-1.952356,1.865330,-6.472071,-4.079782,29.596714,-7.354195,-12.833672,-0.759080,-43.047184,-17.474310,5.201397,-4.115807,5.822052,6.763444,5.456897,1.470955,-7.602518,-2.601587,16.377283,2.707896,3.738435,8064.000000,0.000000,4.000000,,,,0.000000,4.000000,4.000000,4.000000,4.000000,4.000000,4.000000,4.000000,4.000000,4.000000,4.000000,4.000000,4.000000,4.000000,4.000000,4.000000,4.000000,4.000000,4.000000,2.000000,4.000000,4.000000,4.000000,4.000000,4.000000,4.000000,4.000000,4.000000,4.000000,4.000000,4.000000,4.000000,4.000000,83.333336
1614076756.398762,49.000000,0.000000,-2.100469,-10.941795,-3.655708,-1.075476,-6.575053,-2.084787,1.199347,-7.135045,-0.393874,2.410540,6.791975,-0.924762,2.376285,-22.875854,-7.665446,-2.227755,-6.321199,-22.564428,1.292961,-39.927216,-22.072222,-3.521753,-4.624511,0.688025,5.218219,4.425799,1.469485,-5.030813,-2.598985,11.745521,3.730829,4.247517,8064.000000,0.000000,4.000000,,,,0.000000,4.000000,4.000000,4.000000,4.000000,4.000000,4.000000,4.000000,4.000000,4.000000,4.000000,4.000000,4.000000,4.000000,4.000000,4.000000,4.000000,4.000000,4.000000,2.000000,4.000000,4.000000,4.000000,4.000000,4.000000,4.000000,4.000000,4.000000,4.000000,4.000000,4.000000,4.000000,4.000000,83.333336
1614076756.406511,50.000000,0.000000,-2.611189,-10.930854,-10.318719,-3.638504,-7.081298,-4.133984,-2.904417,-12.256115,-2.444763,-3.232896,4.733901,-5.539222,1.861088,-27.468365,-9.709063,-16.584501,-7.853340,-30.234171,-3.323717,-48.605236,-25.127071,-16.851564,-5.132707,-0.851125,3.161719,1.857270,1.468015,-4.512962,-4.134848,4.554288,3.214277,3.730449,8064.000000,0.000000,4.000000,,,,0.000000,4.000000,4.000000,4.000000,4.000000,4.000000,4.000000,4.000000,4.000000,4.000000,4.000000,4.000000,4.000000,4.000000,4.000000,4.000000,4.000000,4.000000,4.000000,2.000000,4.000000,4.000000,4.000000,4.000000,4.000000,4.000000,4.000000,4.000000,4.000000,4.000000,4.000000,4.000000,4.000000,83.333336
1614076756.414160,51.000000,0.000000,-2.608578,-10.919923,-12.872503,-4.147686,-7.074217,-3.617030,-5.978436,-7.628474,-2.955138,-5.280945,2.165064,-9.123426,0.320765,-13.081922,-9.699353,-2.721763,-8.358307,-33.793682,-3.320393,-54.710480,-26.640406,-14.783431,-4.101933,-3.414376,2.645737,1.342593,1.466547,-4.508449,-2.079431,3.011272,3.211063,3.726718,8064.000000,0.000000,4.000000,,,,0.000000,4.000000,4.000000,4.000000,4.000000,4.000000,4.000000,4.000000,4.000000,4.000000,4.000000,4.000000,4.000000,4.000000,4.000000,4.000000,4.000000,4.000000,4.000000,2.000000,4.000000,4.000000,4.000000,4.000000,4.000000,4.000000,4.000000,4.000000,4.000000,4.000000,4.000000,4.000000,4.000000,83.333336
1614076756.421909,52.000000,0.000000,-0.554687,-10.909002,-11.833989,-3.630717,-7.067143,-3.613413,-6.485277,2.635565,0.637560,-2.711562,2.162899,-3.473277,2.371727,-0.761147,-3.022988,11.639934,-4.760205,-24.016296,2.836774,-38.758331,-17.382998,0.103148,-1.533729,-4.436603,3.155911,1.854071,1.465080,-2.452658,3.050854,4.546722,3.207852,4.235812,8064.000000,0.000000,4.000000,,,,0.000000,4.000000,4.000000,4.000000,4.000000,4.000000,4.000000,4.000000,4.000000,4.000000,4.000000,4.000000,4.000000,4.000000,4.000000,4.000000,4.000000,4.000000,4.000000,2.000000,4.000000,4.000000,4.000000,4.000000,4.000000,4.000000,4.000000,4.000000,4.000000,4.000000,4.000000,4.000000,4.000000,83.333336
1614076756.429558,53.000000,0.000000,1.497149,-10.898094,-11.822155,-3.627087,-7.060076,-4.122620,-5.965971,0.581647,2.175384,-0.657568,4.724839,2.171221,10.574483,0.778076,6.210805,33.679577,1.911222,4.725668,6.423680,-16.155470,-5.570742,12.923557,-0.506554,0.183219,3.152755,1.852216,1.463615,-0.398924,5.099085,4.029355,3.204644,3.205935,8064.000000,0.000000,4.000000,,,,0.000000,4.000000,4.000000,4.000000,4.000000,4.000000,4.000000,4.000000,4.000000,4.000000,4.000000,4.000000,4.000000,4.000000,4.000000,4.000000,4.000000,4.000000,4.000000,2.000000,4.000000,4.000000,4.000000,4.000000,4.000000,4.000000,4.000000,4.000000,4.000000,4.000000,4.000000,4.000000,4.000000,83.333336
1614076756.437407,54.000000,0.000000,1.495652,-10.887196,-12.323153,-3.623460,-7.053016,-3.605677,-5.960006,-3.008678,1.660388,-0.656911,6.258575,1.656230,12.102370,-1.786805,2.614850,33.645897,5.499054,7.285045,5.904436,-13.062392,-6.077992,14.449096,-1.018868,4.285599,3.149603,1.850364,1.462152,-0.398525,4.068345,3.512505,3.714260,1.151447,8064.000000,0.000000,4.000000,,,,0.000000,4.000000,4.000000,4.000000,4.000000,4.000000,4.000000,4.000000,4.000000,4.000000,4.000000,4.000000,4.000000,4.000000,4.000000,4.000000,4.000000,4.000000,4.000000,2.000000,4.000000,4.000000,4.000000,4.000000,4.000000,4.000000,4.000000,4.000000,4.000000,4.000000,4.000000,4.000000,4.000000,83.333336
1614076756.445156,55.000000,0.000000,2.006977,-10.876308,-11.285190,-3.107016,-7.045962,-3.602071,-5.954046,4.173818,2.171549,-0.656254,6.252317,2.680215,5.936422,-2.810659,-5.080072,3.868660,4.467914,-18.363266,3.334429,-20.741638,-8.123196,8.280800,-1.017849,3.768493,3.659274,1.848514,1.460690,-0.910947,4.577097,5.047454,3.197725,0.124655,8064.000000,0.000000,4.000000,,,,0.000000,4.000000,4.000000,4.000000,4.000000,4.000000,4.000000,4.000000,4.000000,4.000000,4.000000,4.000000,4.000000,4.000000,4.000000,4.000000,4.000000,4.000000,4.000000,2.000000,4.000000,4.000000,4.000000,4.000000,4.000000,4.000000,4.000000,4.000000,4.000000,4.000000,4.000000,4.000000,4.000000,83.333336
1614076756.453005,56.000000,0.000000,4.569073,-10.865432,-11.786725,-4.129550,-7.038917,-3.598469,-6.460912,7.759387,2.169377,-0.142777,8.810167,5.754457,7.468947,-0.243746,1.078854,11.557099,3.437805,-8.601313,6.408018,-15.592690,-2.986868,8.272519,-1.016831,3.764725,3.142794,1.846665,1.459229,-0.910036,4.059700,2.991125,3.194527,0.124530,8064.000000,0.000000,4.000000,,,,0.000000,4.000000,4.000000,4.000000,4.000000,4.000000,4.000000,4.000000,4.000000,4.000000,4.000000,4.000000,4.000000,4.000000,4.000000,4.000000,4.000000,4.000000,4.000000,2.000000,4.000000,4.000000,4.000000,4.000000,4.000000,4.000000,4.000000,4.000000,4.000000,4.000000,4.000000,4.000000,4.000000,83.333336
1614076756.460754,57.000000,0.000000,5.590145,-10.854567,-12.287759,-7.202343,-7.031878,-3.594870,-5.428810,3.649064,1.141567,-0.655455,9.826998,5.748703,14.128144,1.294959,10.821365,34.109646,4.972829,12.432929,9.478533,-10.448893,-4.009522,16.469376,-1.015815,6.325063,3.652472,1.844819,1.457770,-0.396305,-1.072565,-1.114431,4.216974,0.124406,8064.000000,0.000000,4.000000,,,,0.000000,4.000000,4.000000,4.000000,4.000000,4.000000,4.000000,4.000000,4.000000,4.000000,4.000000,4.000000,4.000000,4.000000,4.000000,4.000000,4.000000,4.000000,4.000000,2.000000,4.000000,4.000000,4.000000,4.000000,4.000000,4.000000,4.000000,4.000000,4.000000,4.000000,4.000000,4.000000,4.000000,83.333336
1614076756.468603,58.000000,0.000000,5.071734,-10.843712,-11.249830,-7.195141,-7.024846,-3.591275,-2.859279,3.645415,2.678887,-0.141979,10.329991,5.742954,12.062735,-0.757618,5.169518,4.844766,4.967856,-15.271811,-3.351458,-25.823059,-12.723461,18.504189,-1.014799,6.318738,4.161640,1.842974,1.456312,-0.908729,-3.635595,-3.164598,2.674295,0.637102,8064.000000,0.000000,4.000000,,,,0.000000,4.000000,4.000000,4.000000,4.000000,4.000000,4.000000,4.000000,4.000000,4.000000,4.000000,4.000000,4.000000,4.000000,4.000000,4.000000,4.000000,4.000000,4.000000,2.000000,4.000000,4.000000,4.000000,4.000000,4.000000,4.000000,4.000000,4.000000,4.000000,4.000000,4.000000,4.000000,4.000000,83.333336
1614076756.476353,59.000000,0.000000,5.066662,-10.832869,-12.264221,-6.162304,-6.505001,-2.562043,-1.830778,3.641769,2.676208,-0.141837,10.319661,4.198750,5.896825,-3.320963,-2.527959,-17.211361,-1.703778,-43.461666,-16.168619,-46.310055,-18.864584,5.152350,-1.013784,5.286778,-1.483548,2.353951,1.454856,-2.959103,-3.119139,-4.187075,-4.507866,-3.466100,8064.000000,0.000000,4.000000,,,,0.000000,4.000000,4.000000,4.000000,4.000000,4.000000,4.000000,4.000000,4.000000,4.000000,4.000000,4.000000,4.000000,4.000000,4.000000,4.000000,4.000000,4.000000,4.000000,2.000000,4.000000,4.000000,4.000000,4.000000,4.000000,4.000000,4.000000,4.000000,4.000000,4.000000,4.000000,4.000000,4.000000,83.333336
1614076756.484201,60.000000,0.000000,5.061596,-10.822036,-17.380161,-10.771527,-7.524137,-5.123584,-2.854589,-2.002898,-4.505956,-4.757080,6.206778,2.143269,4.352467,-3.830462,3.628415,11.523799,-5.804639,-20.341284,-3.331938,-50.366310,-20.897001,-7.160494,-1.012770,1.691747,-8.148730,2.351598,1.453401,-4.494605,-3.116020,-6.746990,-8.605923,-10.129300,8064.000000,0.000000,4.000000,,,,0.000000,4.000000,4.000000,4.000000,4.000000,4.000000,4.000000,4.000000,4.000000,4.000000,4.000000,4.000000,4.000000,4.000000,4.000000,4.000000,4.000000,4.000000,4.000000,2.000000,4.000000,4.000000,4.000000,4.000000,4.000000,4.000000,4.000000,4.000000,4.000000,4.000000,4.000000,4.000000,4.000000,83.333336
1614076756.491951,61.000000,0.000000,5.569355,-10.811213,-17.362782,-13.837679,-6.490971,-7.169742,-2.338914,-2.513716,-5.014270,-8.342066,2.610827,4.192408,5.373755,-3.826632,13.881197,35.614838,-1.696270,9.422648,11.543188,-44.162098,-20.876104,-2.025129,-1.011757,-2.925329,-8.140582,1.836425,1.451947,-4.490110,-3.625725,-6.740243,-7.571675,-11.657632,8064.000000,0.000000,4.000000,,,,0.000000,4.000000,4.000000,4.000000,4.000000,4.000000,4.000000,4.000000,4.000000,4.000000,4.000000,4.000000,4.000000,4.000000,4.000000,4.000000,4.000000,4.000000,4.000000,2.000000,4.000000,4.000000,4.000000,4.000000,4.000000,4.000000,4.000000,4.000000,4.000000,4.000000,4.000000,4.000000,4.000000,83.333336
1614076756.499800,62.000000,0.000000,5.050965,-10.800403,-10.165932,-9.208456,-3.407557,-4.598470,-1.310934,0.565721,3.708693,-6.282442,2.095396,6.239498,5.881202,-2.797164,14.892957,36.092045,1.382349,7.361943,5.377799,-45.143578,-20.855228,9.771768,-0.497925,-0.358301,-4.542698,2.347409,1.450495,-4.485620,-3.109278,-3.656580,-7.564104,-8.056231,8064.000000,0.000000,4.000000,,,,0.000000,4.000000,4.000000,4.000000,4.000000,4.000000,4.000000,4.000000,4.000000,4.000000,4.000000,4.000000,4.000000,4.000000,4.000000,4.000000,4.000000,4.000000,4.000000,2.000000,4.000000,4.000000,4.000000,4.000000,4.000000,4.000000,4.000000,4.000000,4.000000,4.000000,4.000000,4.000000,4.000000,83.333336
1614076756.507549,63.000000,0.000000,2.994632,-10.789602,-7.591663,-7.660786,-5.455432,-5.106692,-4.386546,-2.511768,1.140881,-3.712057,2.606121,2.130694,1.259937,-3.307188,6.672935,19.645697,-0.157494,-11.106956,0.757037,-45.611256,-21.860014,6.685073,-1.010248,6.308724,-4.025334,2.857882,1.449045,-4.481135,-3.106169,-2.627282,-8.069360,-7.022534,8064.000000,0.000000,4.000000,,,,0.000000,4.000000,4.000000,4.000000,4.000000,4.000000,4.000000,4.000000,4.000000,4.000000,4.000000,4.000000,4.000000,4.000000,4.000000,4.000000,4.000000,4.000000,4.000000,2.000000,4.000000,4.000000,4.000000,4.000000,4.000000,4.000000,4.000000,4.000000,4.000000,4.000000,4.000000,4.000000,4.000000,83.333336
1614076756.515398,64.000000,0.000000,1.453176,-10.778812,-11.173816,-11.755690,-10.065361,-9.716969,-5.920621,-7.637461,-9.116670,-3.708345,3.629156,-2.486821,-1.818246,-2.791060,3.589339,-2.938052,0.355484,-17.762516,7.422946,-37.873337,-17.735590,-4.603663,-0.496417,4.763954,-4.534130,-2.273180,1.447596,-4.476654,-3.103063,-3.137475,-7.548470,-7.528332,0.000000,204.000000,4.000000,,,,0.000000,4.000000,4.000000,4.000000,4.000000,4.000000,4.000000,4.000000,4.000000,4.000000,4.000000,4.000000,4.000000,4.000000,4.000000,4.000000,4.000000,4.000000,4.000000,2.000000,4.000000,4.000000,4.000000,4.000000,4.000000,4.000000,4.000000,4.000000,4.000000,4.000000,4.000000,4.000000,4.000000,83.333336
1614076756.523147,65.000000,0.000000,1.451722,-10.768034,-11.675462,-9.692652,-10.568116,-9.707253,-3.863418,-4.552900,-6.543450,-4.217457,7.728091,-2.484335,3.311777,2.852757,10.252417,13.987964,3.432051,4.306528,13.056549,-30.143154,-10.538367,-0.496495,0.016900,0.143805,-4.016775,-8.937574,1.958969,-4.472177,-3.099960,-3.134338,-7.540922,-7.007983,0.000000,212.000000,4.000000,,,,0.000000,4.000000,4.000000,4.000000,4.000000,4.000000,4.000000,4.000000,4.000000,4.000000,4.000000,4.000000,4.000000,4.000000,4.000000,4.000000,4.000000,4.000000,4.000000,2.000000,4.000000,4.000000,4.000000,4.000000,4.000000,4.000000,4.000000,4.000000,4.000000,4.000000,4.000000,4.000000,4.000000,83.333336
1614076756.530996,66.000000,0.000000,1.450271,-10.757265,-11.150966,-4.041934,-10.044727,-6.620623,-2.833914,0.067037,-0.383061,-4.213240,11.310106,-1.969030,9.462312,12.080673,15.883190,46.794487,4.454260,25.327862,17.146057,-26.010447,-8.476546,9.760411,-4.085681,0.656482,-4.012758,-9.954277,0.931369,-4.467705,-3.096860,-3.131204,-7.533381,-6.488154,0.000000,166.000000,4.000000,,,,0.000000,4.000000,4.000000,4.000000,4.000000,4.000000,4.000000,4.000000,4.000000,4.000000,4.000000,4.000000,4.000000,4.000000,4.000000,4.000000,4.000000,4.000000,4.000000,2.000000,4.000000,4.000000,4.000000,4.000000,4.000000,4.000000,4.000000,4.000000,4.000000,4.000000,4.000000,4.000000,4.000000,83.333336
1614076756.538745,67.000000,0.000000,1.448820,-10.746509,-11.139815,-2.499430,-11.060324,-6.614002,-5.395182,1.092611,-2.946780,-3.183385,9.760335,-1.967061,9.452849,12.581413,11.251922,35.978462,4.962626,10.430739,8.410962,-23.933155,-8.980890,5.135266,-9.209801,-1.395457,-4.521566,-8.918682,-2.146486,-4.463237,-3.093763,-3.128073,-7.525847,-6.994487,0.000000,187.000000,4.000000,,,,0.000000,4.000000,4.000000,4.000000,4.000000,4.000000,4.000000,4.000000,4.000000,4.000000,4.000000,4.000000,4.000000,4.000000,4.000000,4.000000,4.000000,4.000000,4.000000,2.000000,4.000000,4.000000,4.000000,4.000000,4.000000,4.000000,4.000000,4.000000,4.000000,4.000000,4.000000,4.000000,4.000000,83.333336
1614076756.546394,68.000000,0.000000,2.473013,-10.735762,-11.641496,-3.009751,-9.510802,-7.120208,-6.415428,0.065877,-6.533577,-3.693022,1.545446,-2.477914,5.853652,-2.302963,-2.605484,3.634792,2.906382,-19.323280,-12.623090,-30.063066,-11.023191,-0.510895,-8.174950,-3.445343,-4.004224,-9.422584,-5.221262,-4.458774,-3.090669,-3.124944,-7.518322,-6.987492,0.000000,176.000000,4.000000,,,,0.000000,4.000000,4.000000,4.000000,4.000000,4.000000,4.000000,4.000000,4.000000,4.000000,4.000000,4.000000,4.000000,4.000000,4.000000,4.000000,4.000000,4.000000,4.000000,2.000000,4.000000,4.000000,4.000000,4.000000,4.000000,4.000000,4.000000,4.000000,4.000000,4.000000,4.000000,4.000000,4.000000,83.333336
1614076756.554143,69.000000,0.000000,-0.606384,-10.725026,-13.681136,-5.570844,-12.578215,-8.651549,-5.896192,-3.523932,-5.501402,-11.894458,-11.276612,-5.039539,-2.357329,-18.710917,-14.397750,-15.343202,-2.737550,-32.124470,-15.687390,-43.366337,-16.653194,-2.048845,-8.166775,-2.929077,-4.000220,-9.413161,-6.241682,-4.454315,-3.087579,-3.121819,-7.510803,-6.980505,0.000000,183.000000,4.000000,,,,0.000000,4.000000,4.000000,4.000000,4.000000,4.000000,4.000000,4.000000,4.000000,4.000000,4.000000,4.000000,4.000000,4.000000,4.000000,4.000000,4.000000,4.000000,4.000000,2.000000,4.000000,4.000000,4.000000,4.000000,4.000000,4.000000,4.000000,4.000000,4.000000,4.000000,4.000000,4.000000,4.000000,83.333336
1614076756.561792,70.000000,0.000000,-6.246803,-10.714301,-15.718738,-9.667837,-22.309225,-10.694180,-5.890296,-7.110152,-5.495901,-19.574871,-19.470463,-6.060140,-12.611382,-23.820412,-17.460276,-6.609910,-9.914300,-25.938499,-2.338369,-50.502457,-21.251926,-12.303206,-14.312454,-8.567174,-5.021861,-8.890927,-6.235440,-4.449861,-3.597311,-3.118698,-7.503293,-6.973524,0.000000,193.000000,4.000000,,,,0.000000,4.000000,4.000000,4.000000,4.000000,4.000000,4.000000,4.000000,4.000000,4.000000,4.000000,4.000000,4.000000,4.000000,4.000000,4.000000,4.000000,4.000000,4.000000,2.000000,4.000000,4.000000,4.000000,4.000000,4.000000,4.000000,4.000000,4.000000,4.000000,4.000000,4.000000,4.000000,4.000000,83.333336
1614076756.569541,71.000000,0.000000,-4.189274,-10.190766,-15.190198,-11.196630,-24.338198,-10.683486,-5.884406,-8.641503,-5.490405,-19.555296,-19.450993,-5.541260,-13.624412,-21.232489,-16.417173,18.524906,-11.442847,-9.502305,0.740892,-46.862213,-18.666571,-13.829365,-13.785321,-14.712453,-2.965557,-8.882037,-5.716384,-4.445411,-2.055253,-3.115579,-7.495789,-6.453730,0.000000,179.000000,4.000000,,,,0.000000,4.000000,4.000000,4.000000,4.000000,4.000000,4.000000,4.000000,4.000000,4.000000,4.000000,4.000000,4.000000,4.000000,4.000000,4.000000,4.000000,4.000000,4.000000,2.000000,4.000000,4.000000,4.000000,4.000000,4.000000,4.000000,4.000000,4.000000,4.000000,4.000000,4.000000,4.000000,4.000000,83.333336
1614076756.577190,72.000000,0.000000,-1.620982,-10.180575,-15.175008,-10.672614,-18.672834,-10.672803,-6.904162,-11.196964,-5.484915,-18.510099,-20.457184,-7.074180,-12.585147,-22.749718,-15.887937,35.429459,-10.405764,0.763608,4.842715,-44.764069,-16.596622,1.569080,-6.079228,-9.056715,2.165614,-7.334693,-5.710668,-3.928145,-0.001915,-3.112463,-7.488294,-6.960097,0.000000,160.000000,4.000000,,,,0.000000,4.000000,4.000000,4.000000,4.000000,4.000000,4.000000,4.000000,4.000000,4.000000,4.000000,4.000000,4.000000,4.000000,4.000000,4.000000,4.000000,4.000000,4.000000,2.000000,4.000000,4.000000,4.000000,4.000000,4.000000,4.000000,4.000000,4.000000,4.000000,4.000000,4.000000,4.000000,4.000000,83.333336
1614076756.584940,73.000000,0.000000,-5.209105,-11.196035,-15.672653,-11.174762,-18.141342,-11.174951,-8.948541,-14.775511,-5.479430,-20.030052,-20.436726,-10.144029,-14.111023,-21.188505,-17.410509,16.932489,-11.420999,-9.493567,15.607103,-46.257767,-17.092846,4.131613,-4.534688,0.183111,3.701910,-5.788897,-6.730598,-4.437037,1.023728,-3.109351,-5.429523,-6.440316,0.000000,176.000000,4.000000,,,,0.000000,4.000000,4.000000,4.000000,4.000000,4.000000,4.000000,4.000000,4.000000,4.000000,4.000000,4.000000,4.000000,4.000000,4.000000,4.000000,4.000000,4.000000,4.000000,2.000000,4.000000,4.000000,4.000000,4.000000,4.000000,4.000000,4.000000,4.000000,4.000000,4.000000,4.000000,4.000000,4.000000,83.333336
1614076756.592589,74.000000,0.000000,-4.178255,-9.646379,-13.605699,-6.035382,-16.071918,-7.574032,-9.965233,-14.760736,-3.422668,-14.881816,-12.723982,-8.595424,-7.943066,-8.346805,-14.828997,4.095044,-9.871116,-19.740482,13.540215,-36.980740,-14.511651,-5.103288,-3.504512,0.695748,3.185388,-5.270288,-2.621304,-4.945421,1.022704,-3.619062,-3.885632,-4.382594,0.000000,207.000000,4.000000,,,,0.000000,4.000000,4.000000,4.000000,4.000000,4.000000,4.000000,4.000000,4.000000,4.000000,4.000000,4.000000,4.000000,4.000000,4.000000,4.000000,4.000000,4.000000,4.000000,2.000000,4.000000,4.000000,4.000000,4.000000,4.000000,4.000000,4.000000,4.000000,4.000000,4.000000,4.000000,4.000000,4.000000,83.333336
1614076756.600338,75.000000,0.000000,3.518231,-7.072629,-11.027990,0.124500,-8.363539,-3.976714,-9.442447,-9.617769,-1.367964,-5.636165,-0.403565,-3.458623,3.859749,3.456414,-1.993655,29.731976,-4.733040,-7.413050,4.808725,-20.533501,-8.343293,-0.482800,2.140018,-0.330588,4.207843,-4.752197,4.560805,-3.914834,0.508861,-3.102623,-3.368926,-3.865391,0.000000,198.000000,4.000000,,,,0.000000,4.000000,4.000000,4.000000,4.000000,4.000000,4.000000,4.000000,4.000000,4.000000,4.000000,4.000000,4.000000,4.000000,4.000000,4.000000,4.000000,4.000000,4.000000,2.000000,4.000000,4.000000,4.000000,4.000000,4.000000,4.000000,4.000000,4.000000,4.000000,4.000000,4.000000,4.000000,4.000000,83.333336
1614076756.607987,76.000000,0.000000,6.591636,-10.655300,-11.016962,-2.439727,-5.278252,-6.024019,-9.433004,-6.018408,-2.392237,-2.553606,4.212223,-1.403882,5.394351,6.017060,10.828852,43.548397,-2.164204,5.927696,11.983403,-15.384763,-10.899053,7.209991,-0.939045,1.208204,-0.924570,-8.337188,1.992142,-5.449381,-1.542930,-2.586699,-3.878377,-6.425628,0.000000,163.000000,4.000000,,,,0.000000,4.000000,4.000000,4.000000,4.000000,4.000000,4.000000,4.000000,4.000000,4.000000,4.000000,4.000000,4.000000,4.000000,4.000000,4.000000,4.000000,4.000000,4.000000,2.000000,4.000000,4.000000,4.000000,4.000000,4.000000,4.000000,4.000000,4.000000,4.000000,4.000000,4.000000,4.000000,4.000000,83.333336
1614076756.615736,77.000000,0.000000,5.046583,-17.311312,-11.518765,-7.052672,-6.811435,-7.556457,-9.423572,-10.114954,-4.953947,-6.140796,2.669549,-1.915299,-2.303351,2.934120,9.792381,22.992027,-3.187681,-2.796180,20.689369,-21.010405,-19.606102,2.074576,-7.604772,-0.331466,-8.103132,-13.969876,-4.676517,-10.572137,-3.592669,-5.661036,-4.900140,-9.496125,0.000000,197.000000,4.000000,,,,0.000000,4.000000,4.000000,4.000000,4.000000,4.000000,4.000000,4.000000,4.000000,4.000000,4.000000,4.000000,4.000000,4.000000,4.000000,4.000000,4.000000,4.000000,4.000000,2.000000,4.000000,4.000000,4.000000,4.000000,4.000000,4.000000,4.000000,4.000000,4.000000,4.000000,4.000000,4.000000,4.000000,83.333336
1614076756.623385,78.000000,0.000000,5.041536,-18.319641,-10.994427,-7.558440,-6.804624,-6.523260,-9.414148,-14.720223,-5.461813,-7.160296,3.692521,-1.913383,-5.890791,0.367084,4.141563,11.686984,-3.184493,-15.613896,16.053295,-21.502214,-20.099316,-2.030063,-4.007424,-2.895237,-2.966824,-10.878983,-6.210302,-11.587206,-3.076256,-6.681015,-7.459342,-11.537911,0.000000,208.000000,4.000000,,,,0.000000,4.000000,4.000000,4.000000,4.000000,4.000000,4.000000,4.000000,4.000000,4.000000,4.000000,4.000000,4.000000,4.000000,4.000000,4.000000,4.000000,4.000000,4.000000,2.000000,4.000000,4.000000,4.000000,4.000000,4.000000,4.000000,4.000000,4.000000,4.000000,4.000000,4.000000,4.000000,4.000000,83.333336
1614076756.631134,79.000000,0.000000,4.010854,-18.301321,-10.983432,-7.550881,-6.284998,-7.029557,-9.404734,-12.654222,-5.456352,-4.589033,4.201649,-1.398650,-4.859260,-2.197386,2.598960,18.854784,-2.155668,-12.521359,10.396216,-20.455070,-14.438191,-1.002392,0.099148,-3.917983,5.754091,-1.124515,-5.178451,-6.447413,-3.073180,-2.571770,-7.451883,-9.475092,0.000000,202.000000,4.000000,,,,0.000000,4.000000,4.000000,4.000000,4.000000,4.000000,4.000000,4.000000,4.000000,4.000000,4.000000,4.000000,4.000000,4.000000,4.000000,4.000000,4.000000,4.000000,4.000000,2.000000,4.000000,4.000000,4.000000,4.000000,4.000000,4.000000,4.000000,4.000000,4.000000,4.000000,4.000000,4.000000,4.000000,83.333336
1614076756.638784,80.000000,0.000000,0.929920,-17.770201,-11.485270,-5.492049,-6.791534,-6.509706,-9.395329,-10.077464,-5.450895,-3.558803,-0.417938,-1.910071,-5.367221,-3.733650,3.109182,20.887211,-4.204794,-4.816531,12.437102,-25.049999,-13.398112,-2.027030,-4.516336,-3.401244,6.261158,2.979174,-6.198914,-5.928145,-3.070107,1.020545,-7.444431,-4.850232,0.000000,173.000000,4.000000,,,,0.000000,4.000000,4.000000,4.000000,4.000000,4.000000,4.000000,4.000000,4.000000,4.000000,4.000000,4.000000,4.000000,4.000000,4.000000,4.000000,4.000000,4.000000,4.000000,2.000000,4.000000,4.000000,4.000000,4.000000,4.000000,4.000000,4.000000,4.000000,4.000000,4.000000,4.000000,4.000000,4.000000,83.333336
1614076756.646632,81.000000,0.000000,0.928990,-10.060122,-11.473783,1.180110,-6.784742,-3.939094,-9.898754,-11.605848,-5.445445,-4.580885,-5.032904,-2.420982,-5.874674,-3.729917,2.593252,19.840683,-7.277513,-3.786073,12.424664,-29.640335,-18.000099,0.539099,-9.127204,-3.397843,3.177974,1.950554,-6.192715,-7.973499,-3.067037,0.506704,-7.436987,-2.794100,0.000000,165.000000,4.000000,,,,0.000000,4.000000,4.000000,4.000000,4.000000,4.000000,4.000000,4.000000,4.000000,4.000000,4.000000,4.000000,4.000000,4.000000,4.000000,4.000000,4.000000,4.000000,4.000000,2.000000,4.000000,4.000000,4.000000,4.000000,4.000000,4.000000,4.000000,4.000000,4.000000,4.000000,4.000000,4.000000,4.000000,83.333336
1614076756.654382,82.000000,0.000000,1.440882,-2.357754,-11.462310,4.768673,-6.777957,-2.909514,-8.863214,-9.542960,-5.952820,-4.576304,-5.027871,-1.905740,-5.355979,-2.187725,2.077838,27.513151,-7.270235,-3.269467,6.258394,-29.610695,-20.546202,5.666765,-8.605257,-3.394445,2.149155,1.948603,-5.673701,-5.914244,-3.063970,0.506197,-7.429550,-3.304126,0.000000,204.000000,4.000000,,,,0.000000,4.000000,4.000000,4.000000,4.000000,4.000000,4.000000,4.000000,4.000000,4.000000,4.000000,4.000000,4.000000,4.000000,4.000000,4.000000,4.000000,4.000000,4.000000,2.000000,4.000000,4.000000,4.000000,4.000000,4.000000,4.000000,4.000000,4.000000,4.000000,4.000000,4.000000,4.000000,4.000000,83.333336
1614076756.662231,83.000000,0.000000,0.926620,-2.355396,-11.450848,4.251084,-6.771180,-3.419425,-6.803069,-4.405212,-5.434046,-2.007626,-4.510023,-1.903835,-5.350623,0.378565,2.075761,31.588202,-6.750144,-5.317479,4.200853,-29.581083,-20.012835,1.558534,-7.058190,-3.391051,0.608544,2.972296,-6.693669,-3.857048,-3.060906,1.018511,-7.422120,-2.788001,0.000000,207.000000,4.000000,,,,0.000000,4.000000,4.000000,4.000000,4.000000,4.000000,4.000000,4.000000,4.000000,4.000000,4.000000,4.000000,4.000000,4.000000,4.000000,4.000000,4.000000,4.000000,4.000000,2.000000,4.000000,4.000000,4.000000,4.000000,4.000000,4.000000,4.000000,4.000000,4.000000,4.000000,4.000000,4.000000,4.000000,83.333336
1614076756.669980,84.000000,0.000000,1.438514,-3.378682,-11.439397,3.734013,-6.764409,-3.416006,-4.744984,-2.862346,-2.864510,-0.467156,-5.018333,-2.927572,-5.345272,0.378187,2.586505,19.248920,-8.794676,-11.466008,8.299217,-29.038683,-19.992821,-2.545588,-5.512670,-3.387660,-0.930526,2.456503,-4.122872,-4.366011,-3.057845,1.017493,-7.414698,-2.785213,0.000000,190.000000,4.000000,,,,0.000000,4.000000,4.000000,4.000000,4.000000,4.000000,4.000000,4.000000,4.000000,4.000000,4.000000,4.000000,4.000000,4.000000,4.000000,4.000000,4.000000,4.000000,4.000000,2.000000,4.000000,4.000000,4.000000,4.000000,4.000000,4.000000,4.000000,4.000000,4.000000,4.000000,4.000000,4.000000,4.000000,83.333336
1614076756.677829,85.000000,0.000000,4.001178,-2.862483,-10.915137,2.704638,-6.757644,-3.412590,-3.201778,-3.885124,-1.323184,0.558952,-2.962033,0.665099,-5.339927,-0.135012,3.096739,12.050185,-3.657676,-5.300695,12.906302,-25.932720,-19.972828,6.174906,-4.481516,-3.384272,-0.416775,1.941226,0.496635,-1.797542,-3.054787,0.503655,-7.407283,-2.782428,0.000000,192.000000,4.000000,,,,0.000000,4.000000,4.000000,4.000000,4.000000,4.000000,4.000000,4.000000,4.000000,4.000000,4.000000,4.000000,4.000000,4.000000,4.000000,4.000000,4.000000,4.000000,4.000000,2.000000,4.000000,4.000000,4.000000,4.000000,4.000000,4.000000,4.000000,4.000000,4.000000,4.000000,4.000000,4.000000,4.000000,83.333336
1614076756.685578,86.000000,0.000000,5.535638,-2.859620,-10.904222,0.137831,-6.750886,-3.409177,-1.660114,-0.291496,-1.834681,2.609675,-0.394968,7.843922,-5.334587,1.403584,2.580822,26.909929,8.653674,11.114861,12.380575,-24.881147,-17.388754,17.963602,-4.477035,-3.380888,-0.416358,2.452105,2.547421,-1.282924,-3.051732,0.503151,-7.399876,-2.266825,0.000000,202.000000,4.000000,,,,0.000000,4.000000,4.000000,4.000000,4.000000,4.000000,4.000000,4.000000,4.000000,4.000000,4.000000,4.000000,4.000000,4.000000,4.000000,4.000000,4.000000,4.000000,4.000000,2.000000,4.000000,4.000000,4.000000,4.000000,4.000000,4.000000,4.000000,4.000000,4.000000,4.000000,4.000000,4.000000,4.000000,83.333336
1614076756.693427,87.000000,0.000000,5.530103,-3.369581,-11.406138,0.137693,-6.744135,-3.405768,-2.171275,3.811360,-1.832846,3.632706,-0.394573,10.400180,-5.329252,3.966284,2.065421,40.729172,13.260405,17.257593,10.829733,-24.856266,-12.243159,19.484100,-4.472558,-3.377507,-0.415942,2.449653,2.032053,-3.845744,-3.048680,1.528289,-7.392477,-6.879943,0.000000,196.000000,4.000000,,,,0.000000,4.000000,4.000000,4.000000,4.000000,4.000000,4.000000,4.000000,4.000000,4.000000,4.000000,4.000000,4.000000,4.000000,4.000000,4.000000,4.000000,4.000000,4.000000,2.000000,4.000000,4.000000,4.000000,4.000000,4.000000,4.000000,4.000000,4.000000,4.000000,4.000000,4.000000,4.000000,4.000000,83.333336
1614076756.701176,88.000000,0.000000,5.011752,-3.366212,-10.881911,0.137555,-6.737391,-3.402362,-2.169103,3.807549,-1.318193,3.629074,-0.906999,9.364139,-5.323923,4.475138,4.627458,40.688446,11.708683,14.163412,14.921468,-22.780127,-8.641172,12.797950,-4.468085,-3.374130,0.097294,-1.142540,2.030020,-4.867539,-3.045632,-1.550162,-7.385084,-13.539730,0.000000,190.000000,4.000000,,,,0.000000,4.000000,4.000000,4.000000,4.000000,4.000000,4.000000,4.000000,4.000000,4.000000,4.000000,4.000000,4.000000,4.000000,4.000000,4.000000,4.000000,4.000000,4.000000,2.000000,4.000000,4.000000,4.000000,4.000000,4.000000,4.000000,4.000000,4.000000,4.000000,4.000000,4.000000,4.000000,4.000000,83.333336
1614076756.709025,89.000000,0.000000,5.519561,-3.362845,-11.896670,0.137418,-6.217834,-3.398960,-2.166934,5.342203,-1.829695,3.625444,-0.393272,9.354774,-5.318599,3.957842,6.674112,41.673397,12.209794,11.072326,22.086033,-20.706064,-8.632531,7.144126,-3.950797,-3.370755,-1.441264,-6.269603,2.027990,-4.349851,-3.042586,-7.702458,-7.377699,-15.064651,0.000000,208.000000,4.000000,,,,0.000000,4.000000,4.000000,4.000000,4.000000,4.000000,4.000000,4.000000,4.000000,4.000000,4.000000,4.000000,4.000000,4.000000,4.000000,4.000000,4.000000,4.000000,4.000000,2.000000,4.000000,4.000000,4.000000,4.000000,4.000000,4.000000,4.000000,4.000000,4.000000,4.000000,4.000000,4.000000,4.000000,83.333336
1614076756.716774,90.000000,0.000000,5.514041,-3.359483,-14.961698,0.650101,-6.724436,-3.395561,-2.164767,3.798399,-1.827866,1.057716,-0.392879,6.268497,-4.800460,3.953884,3.077695,34.965057,8.095020,1.317664,18.474203,-22.736641,-8.111078,6.624162,-4.459666,-2.854564,-3.491105,-8.827436,2.025962,-4.345501,-2.526723,-11.284499,-7.370321,-13.511126,0.000000,126.000000,4.000000,,,,0.000000,4.000000,4.000000,4.000000,4.000000,4.000000,4.000000,4.000000,4.000000,4.000000,4.000000,4.000000,4.000000,4.000000,4.000000,4.000000,4.000000,4.000000,4.000000,2.000000,4.000000,4.000000,4.000000,4.000000,4.000000,4.000000,4.000000,4.000000,4.000000,4.000000,4.000000,4.000000,4.000000,83.333336
1614076756.724623,91.000000,0.000000,3.457245,-2.843302,-18.023659,-0.376191,-8.256173,-3.392165,-2.162603,-8.513092,-1.826038,-3.558726,-2.443768,-1.430079,-6.334121,4.975571,-1.027947,19.545477,-0.631023,-9.965706,5.635217,-28.867750,-9.641429,3.540614,-7.019310,-3.364530,-5.026076,-8.818608,0.485475,-4.341156,-3.037017,-10.247574,-7.362951,-14.010435,0.000000,227.000000,4.000000,,,,0.000000,4.000000,4.000000,4.000000,4.000000,4.000000,4.000000,4.000000,4.000000,4.000000,4.000000,4.000000,4.000000,4.000000,4.000000,4.000000,4.000000,4.000000,4.000000,2.000000,4.000000,4.000000,4.000000,4.000000,4.000000,4.000000,4.000000,4.000000,4.000000,4.000000,4.000000,4.000000,4.000000,83.333336
1614076756.732372,92.000000,0.000000,-0.648776,-4.378921,-19.031277,-2.939917,-10.812019,-3.388773,-2.160440,-20.299450,-3.362673,-5.093629,-4.492606,-7.582495,-8.379069,4.457775,-1.026919,22.602854,-4.220136,-12.007022,-0.524265,-36.531189,-15.785634,-4.668054,-8.550752,-4.899627,-8.610793,-10.348251,-5.156036,-4.336815,-5.085262,-10.237327,-7.868408,-15.022065,0.000000,190.000000,4.000000,,,,0.000000,4.000000,4.000000,4.000000,4.000000,4.000000,4.000000,4.000000,4.000000,4.000000,4.000000,4.000000,4.000000,4.000000,4.000000,4.000000,4.000000,4.000000,4.000000,2.000000,4.000000,4.000000,4.000000,4.000000,4.000000,4.000000,4.000000,4.000000,4.000000,4.000000,4.000000,4.000000,4.000000,83.333336
1614076756.740221,93.000000,0.000000,-3.212230,-6.425824,-18.499424,-4.475439,-10.801208,-3.385385,-2.158280,-18.740690,-5.923413,-4.062894,-5.000934,-9.626195,-9.396331,3.427676,-1.025892,31.298201,-5.241557,-10.456553,0.501901,-40.084404,-20.385233,-10.304412,-8.029380,-7.458830,-11.166285,-12.902006,-9.253445,-4.332478,-7.644279,-10.739909,-7.860540,-15.007043,0.000000,198.000000,4.000000,,,,0.000000,4.000000,4.000000,4.000000,4.000000,4.000000,4.000000,4.000000,4.000000,4.000000,4.000000,4.000000,4.000000,4.000000,4.000000,4.000000,4.000000,4.000000,4.000000,2.000000,4.000000,4.000000,4.000000,4.000000,4.000000,4.000000,4.000000,4.000000,4.000000,4.000000,4.000000,4.000000,4.000000,83.333336
1614076756.747970,94.000000,0.000000,-2.696197,-7.445039,-18.480925,-3.958143,-9.764766,-3.381999,-2.156121,-14.106565,-5.917490,-4.058831,-4.483112,-9.103748,-8.874114,5.475531,-0.512046,27.164337,-7.287597,-10.958918,3.578322,-40.044319,-20.364847,-9.268467,-8.021351,-6.938550,-11.155119,-12.889104,-9.757011,-4.328146,-6.610994,-10.216349,-6.827038,-13.453574,0.000000,194.000000,4.000000,,,,0.000000,4.000000,4.000000,4.000000,4.000000,4.000000,4.000000,4.000000,4.000000,4.000000,4.000000,4.000000,4.000000,4.000000,4.000000,4.000000,4.000000,4.000000,4.000000,2.000000,4.000000,4.000000,4.000000,4.000000,4.000000,4.000000,4.000000,4.000000,4.000000,4.000000,4.000000,4.000000,4.000000,83.333336
1614076756.755819,95.000000,0.000000,-2.180680,-7.437594,-18.975264,-3.441364,-10.780642,-3.378617,-2.666786,-15.630919,-5.398752,-4.567593,-4.478630,-6.530542,-8.865240,3.931594,0.514107,24.060249,-5.229027,-10.435138,5.113205,-40.004272,-20.344482,-3.105352,-8.013330,-6.931612,-11.656784,-12.876215,-9.747254,-4.323817,-7.117203,-10.206133,-8.358673,-14.978582,0.000000,186.000000,4.000000,,,,0.000000,4.000000,4.000000,4.000000,4.000000,4.000000,4.000000,4.000000,4.000000,4.000000,4.000000,4.000000,4.000000,4.000000,4.000000,4.000000,4.000000,4.000000,4.000000,2.000000,4.000000,4.000000,4.000000,4.000000,4.000000,4.000000,4.000000,4.000000,4.000000,4.000000,4.000000,4.000000,4.000000,83.333336
1614076756.763568,96.000000,0.000000,-2.691320,-6.404516,-18.956289,-4.463563,-10.769861,-3.888059,-1.638478,-11.512724,-5.906174,-4.050205,-4.474151,-5.498370,-8.856375,-5.303107,-4.614612,13.779779,-3.172516,-11.450343,1.518348,-37.912987,-19.811317,5.615702,-8.005316,-7.437501,-11.132307,-11.837697,-9.224687,-4.319494,-8.135727,-10.195927,-7.324673,-14.963604,8064.000000,0.000000,4.000000,,,,0.000000,4.000000,4.000000,4.000000,4.000000,4.000000,4.000000,4.000000,4.000000,4.000000,4.000000,4.000000,4.000000,4.000000,4.000000,4.000000,4.000000,4.000000,4.000000,2.000000,4.000000,4.000000,4.000000,4.000000,4.000000,4.000000,4.000000,4.000000,4.000000,4.000000,4.000000,4.000000,4.000000,83.333336
1614076756.771217,97.000000,0.000000,-2.688629,-2.295547,-15.860410,-3.433459,-7.169348,-2.858530,0.414443,1.319301,-2.823344,-4.046154,-4.469676,-5.492872,-8.847519,-11.451650,-8.712562,-1.105795,-3.169344,-10.413252,2.542471,-33.772511,-17.227404,11.251112,-7.997311,-6.404422,-6.505790,-6.697655,-5.625718,-4.315174,-1.973745,-8.134449,-0.650682,-4.692230,8064.000000,0.000000,4.000000,,,,0.000000,4.000000,4.000000,4.000000,4.000000,4.000000,4.000000,4.000000,4.000000,4.000000,4.000000,4.000000,4.000000,4.000000,4.000000,4.000000,4.000000,4.000000,4.000000,2.000000,4.000000,4.000000,4.000000,4.000000,4.000000,4.000000,4.000000,4.000000,4.000000,4.000000,4.000000,4.000000,4.000000,83.333336
1614076756.778966,98.000000,0.000000,-0.634658,0.783672,-12.254806,1.185359,-3.059614,-0.804389,1.952490,5.420546,1.282043,-4.042109,-3.952386,-4.974558,-8.325850,-10.927378,-4.088464,11.715823,-1.627713,-7.325916,11.770698,-30.661816,-15.671715,6.624476,-7.989314,-4.346736,-3.422361,-1.562752,-2.030349,-4.310859,7.258998,-6.075032,4.478174,7.107334,8064.000000,0.000000,4.000000,,,,0.000000,4.000000,4.000000,4.000000,4.000000,4.000000,4.000000,4.000000,4.000000,4.000000,4.000000,4.000000,4.000000,4.000000,4.000000,4.000000,4.000000,4.000000,4.000000,2.000000,4.000000,4.000000,4.000000,4.000000,4.000000,4.000000,4.000000,4.000000,4.000000,4.000000,4.000000,4.000000,4.000000,83.333336
1614076756.786715,99.000000,0.000000,1.417259,0.782888,-11.216909,4.261097,-2.543734,0.734877,1.437717,-3.302823,2.819223,-4.038066,-5.999716,-8.046507,-9.855987,-9.890809,-11.263863,21.447697,-4.190188,-15.010898,13.810209,-32.169617,-15.656043,2.002467,-7.468504,-2.803928,-3.418939,-1.048369,-2.028319,-4.306548,8.790200,-6.581778,3.448055,9.151508,8064.000000,0.000000,4.000000,,,,0.000000,4.000000,4.000000,4.000000,4.000000,4.000000,4.000000,4.000000,4.000000,4.000000,4.000000,4.000000,4.000000,4.000000,4.000000,4.000000,4.000000,4.000000,4.000000,2.000000,4.000000,4.000000,4.000000,4.000000,4.000000,4.000000,4.000000,4.000000,4.000000,4.000000,4.000000,4.000000,4.000000,83.333336
1614076756.794464,100.000000,0.000000,1.928662,0.269285,-9.154410,4.256836,-3.054011,0.221321,1.436279,-7.402084,1.790762,-4.034028,-8.557819,-12.653845,-12.923054,-11.419380,-29.714138,-1.137853,-14.955229,-22.688194,6.616911,-38.291290,-16.666029,4.564568,-9.512318,-3.313944,-4.441161,-1.047320,-2.026290,-4.302241,7.755769,-6.575196,3.444607,7.603896,8064.000000,0.000000,4.000000,,,,0.000000,4.000000,4.000000,4.000000,4.000000,4.000000,4.000000,4.000000,4.000000,4.000000,4.000000,4.000000,4.000000,4.000000,4.000000,4.000000,4.000000,4.000000,4.000000,2.000000,4.000000,4.000000,4.000000,4.000000,4.000000,4.000000,4.000000,4.000000,4.000000,4.000000,4.000000,4.000000,4.000000,83.333336
1614076756.802114,101.000000,0.000000,1.413913,0.781836,-6.581154,3.739758,-3.050957,0.733920,1.434843,-6.369041,2.301792,-4.029994,-8.549261,-13.666832,-12.910131,-10.895141,-25.581860,0.401747,-18.530016,-10.357814,4.559013,-43.381207,-18.700644,-0.055382,-11.554087,-5.361912,-3.411078,-1.046273,-2.024264,-4.297939,8.260834,-6.568621,4.979624,8.109112,8064.000000,0.000000,4.000000,,,,0.000000,4.000000,4.000000,4.000000,4.000000,4.000000,4.000000,4.000000,4.000000,4.000000,4.000000,4.000000,4.000000,4.000000,4.000000,4.000000,4.000000,4.000000,4.000000,2.000000,4.000000,4.000000,4.000000,4.000000,4.000000,4.000000,4.000000,4.000000,4.000000,4.000000,4.000000,4.000000,4.000000,83.333336
1614076756.809863,102.000000,0.000000,1.412499,0.268234,-8.625854,4.248839,-5.099188,0.733186,1.433408,-12.003698,2.299490,-5.564425,-7.515071,-12.114704,-11.871579,-9.858604,-7.094739,30.657755,-13.896102,-3.167969,3.528813,-42.825005,-20.220406,-13.901481,-11.542533,-6.895012,-3.920488,-3.609329,-4.586342,-4.293641,7.226932,-6.562052,1.897721,5.024080,8064.000000,0.000000,4.000000,,,,0.000000,4.000000,4.000000,4.000000,4.000000,4.000000,4.000000,4.000000,4.000000,4.000000,4.000000,4.000000,4.000000,4.000000,4.000000,4.000000,4.000000,4.000000,4.000000,2.000000,4.000000,4.000000,4.000000,4.000000,4.000000,4.000000,4.000000,4.000000,4.000000,4.000000,4.000000,4.000000,4.000000,83.333336
1614076756.817512,103.000000,0.000000,1.411086,0.780786,-10.155690,4.244590,-7.145371,0.219633,1.431975,-19.171181,-2.318194,-7.610143,-10.584479,-13.128230,-12.885348,-10.874387,-7.087644,18.832226,-18.497591,-24.190441,-1.090101,-43.807819,-19.687365,-16.964502,-12.043811,-6.888117,-4.429388,-5.144181,-6.120217,-4.289348,4.142782,-6.555490,0.357362,0.916492,8064.000000,0.000000,4.000000,,,,0.000000,4.000000,4.000000,4.000000,4.000000,4.000000,4.000000,4.000000,4.000000,4.000000,4.000000,4.000000,4.000000,4.000000,4.000000,4.000000,4.000000,4.000000,4.000000,2.000000,4.000000,4.000000,4.000000,4.000000,4.000000,4.000000,4.000000,4.000000,4.000000,4.000000,4.000000,4.000000,4.000000,83.333336
1614076756.825261,104.000000,0.000000,1.409675,-0.758457,-6.042971,4.240345,-6.625405,0.732234,1.430543,-17.613548,-5.905619,-8.115354,-12.625176,-14.140743,-12.359643,-10.350692,-11.695941,-5.289171,-21.043196,-36.473946,-0.576190,-41.199909,-19.154856,-8.229589,-11.006126,-7.394049,-3.912138,-5.651858,-4.062815,-4.285058,3.625818,-7.061755,3.433928,-0.110066,8064.000000,0.000000,4.000000,,,,0.000000,4.000000,4.000000,4.000000,4.000000,4.000000,4.000000,4.000000,4.000000,4.000000,4.000000,4.000000,4.000000,4.000000,4.000000,4.000000,4.000000,4.000000,4.000000,2.000000,4.000000,4.000000,4.000000,4.000000,4.000000,4.000000,4.000000,4.000000,4.000000,4.000000,4.000000,4.000000,4.000000,83.333336
1614076756.832910,105.000000,0.000000,1.408265,-2.808980,-3.472825,2.184823,-6.618780,0.218681,1.429112,-14.006191,-5.899714,-7.081597,-8.509987,-9.511218,-4.142155,-5.212136,-4.504758,16.254580,-6.663178,-14.899009,4.039771,-27.825377,-16.571598,-4.631616,-6.892556,-6.361014,-1.344123,-5.133385,-2.007470,-4.280773,5.160655,-6.541873,1.379211,-0.109956,8064.000000,0.000000,4.000000,,,,0.000000,4.000000,4.000000,4.000000,4.000000,4.000000,4.000000,4.000000,4.000000,4.000000,4.000000,4.000000,4.000000,4.000000,4.000000,4.000000,4.000000,4.000000,4.000000,2.000000,4.000000,4.000000,4.000000,4.000000,4.000000,4.000000,4.000000,4.000000,4.000000,4.000000,4.000000,4.000000,4.000000,83.333336
1614076756.840659,106.000000,0.000000,1.406857,-3.831812,-3.982173,0.131356,-7.637802,-5.422564,1.427683,-14.505006,-5.893814,-5.023234,-3.886093,-2.835040,3.041475,-3.155642,1.140772,33.674221,5.651177,6.141531,5.061372,-18.566782,-8.862720,-4.626984,-3.808740,-0.200807,-0.317138,-5.128252,-2.005463,-4.276493,2.078571,-6.535331,-6.314476,-0.109846,8064.000000,0.000000,4.000000,,,,0.000000,4.000000,4.000000,4.000000,4.000000,4.000000,4.000000,4.000000,4.000000,4.000000,4.000000,4.000000,4.000000,4.000000,4.000000,4.000000,4.000000,4.000000,4.000000,2.000000,4.000000,4.000000,4.000000,4.000000,4.000000,4.000000,4.000000,4.000000,4.000000,4.000000,4.000000,4.000000,4.000000,83.333336
1614076756.848308,107.000000,0.000000,1.405450,-3.315160,-4.491011,-0.381595,-7.117343,-10.545346,1.426255,-14.490500,-4.862279,-3.992569,-3.882206,-0.780923,1.499972,-8.280691,0.626811,11.589267,5.132706,-5.146661,4.543490,-23.163599,-3.212831,-2.571075,-3.804931,4.414778,-0.316821,-6.148765,-2.003458,-4.272216,-3.564534,-7.041616,-8.872264,-0.622556,8064.000000,0.000000,4.000000,,,,0.000000,4.000000,4.000000,4.000000,4.000000,4.000000,4.000000,4.000000,4.000000,4.000000,4.000000,4.000000,4.000000,4.000000,4.000000,4.000000,4.000000,4.000000,4.000000,2.000000,4.000000,4.000000,4.000000,4.000000,4.000000,4.000000,4.000000,4.000000,4.000000,4.000000,4.000000,4.000000,4.000000,83.333336
1614076756.856057,108.000000,0.000000,1.916865,-3.311845,-3.973700,0.131607,-6.597405,-8.996339,1.424829,-9.860626,0.270789,-3.988577,-4.903965,-0.780142,-5.168195,-11.349334,-3.476380,-9.960784,4.614753,-36.936386,2.487664,-30.832743,-6.799362,-2.055683,-3.801126,4.410364,1.734778,-4.091334,-2.001454,-4.267944,-3.048149,-3.957651,-6.812109,0.916528,8064.000000,0.000000,4.000000,,,,0.000000,4.000000,4.000000,4.000000,4.000000,4.000000,4.000000,4.000000,4.000000,4.000000,4.000000,4.000000,4.000000,4.000000,4.000000,4.000000,4.000000,4.000000,4.000000,2.000000,4.000000,4.000000,4.000000,4.000000,4.000000,4.000000,4.000000,4.000000,4.000000,4.000000,4.000000,4.000000,4.000000,83.333336
1614076756.863707,109.000000,0.000000,1.402128,-3.308533,-3.969726,0.131475,-8.129270,-6.423240,1.936225,-6.261022,2.834620,-3.984588,-3.873420,-3.343464,-8.752770,-9.799522,-16.806236,-14.566208,2.046035,-49.207142,-1.104567,-35.417294,-13.972050,-4.617730,-4.822967,3.893133,4.297145,1.040962,-1.999452,-4.263676,2.595925,1.687332,-4.754015,2.966893,8064.000000,0.000000,4.000000,,,,0.000000,4.000000,4.000000,4.000000,4.000000,4.000000,4.000000,4.000000,4.000000,4.000000,4.000000,4.000000,4.000000,4.000000,4.000000,4.000000,4.000000,4.000000,4.000000,2.000000,4.000000,4.000000,4.000000,4.000000,4.000000,4.000000,4.000000,4.000000,4.000000,4.000000,4.000000,4.000000,4.000000,83.333336
1614076756.871456,110.000000,0.000000,-0.650556,-5.869327,-1.401654,2.182626,-4.018576,-7.442458,-0.116994,-6.767581,1.293324,-3.980604,-3.869547,-10.006787,-8.744018,-10.302544,-24.481739,-5.833693,-8.725242,-23.516909,-1.616283,-41.535725,-16.522181,-5.125933,-7.382246,4.402060,3.267207,2.578383,-1.997453,-4.259412,4.644611,4.249747,-3.723620,7.066491,8064.000000,0.000000,4.000000,,,,0.000000,4.000000,4.000000,4.000000,4.000000,4.000000,4.000000,4.000000,4.000000,4.000000,4.000000,4.000000,4.000000,4.000000,4.000000,4.000000,4.000000,4.000000,4.000000,2.000000,4.000000,4.000000,4.000000,4.000000,4.000000,4.000000,4.000000,4.000000,4.000000,4.000000,4.000000,4.000000,4.000000,83.333336
1614076756.879105,111.000000,0.000000,-2.188367,-6.376278,2.702312,4.231725,7.267494,-6.409375,-2.168159,-6.760814,2.317672,-3.976623,-4.378498,-13.586524,-8.735273,-9.779421,-17.790590,20.325987,-14.357542,2.660454,0.436616,-41.494186,-15.992838,-4.095166,-8.400505,4.397658,3.776761,2.575805,-1.995456,-4.255153,3.614326,4.758318,-4.232717,12.700450,8064.000000,0.000000,4.000000,,,,0.000000,4.000000,4.000000,4.000000,4.000000,4.000000,4.000000,4.000000,4.000000,4.000000,4.000000,4.000000,4.000000,4.000000,4.000000,4.000000,4.000000,4.000000,4.000000,2.000000,4.000000,4.000000,4.000000,4.000000,4.000000,4.000000,4.000000,4.000000,4.000000,4.000000,4.000000,4.000000,4.000000,83.333336
1614076756.886954,112.000000,0.000000,-2.698999,-3.805799,5.776533,3.714673,13.414072,-3.326042,-2.165991,-4.189950,4.879457,-3.972646,-4.374119,-12.547297,-9.239359,-6.179898,-12.131774,35.690277,-9.727799,3.170614,5.564384,-32.221924,-15.976845,-5.116712,-7.879284,3.880440,6.849907,2.573229,-1.993460,-4.250897,4.123532,5.266380,-4.228484,15.764672,8064.000000,0.000000,4.000000,,,,0.000000,4.000000,4.000000,4.000000,4.000000,4.000000,4.000000,4.000000,4.000000,4.000000,4.000000,4.000000,4.000000,4.000000,4.000000,4.000000,4.000000,4.000000,4.000000,2.000000,4.000000,4.000000,4.000000,4.000000,4.000000,4.000000,4.000000,4.000000,4.000000,4.000000,4.000000,4.000000,4.000000,83.333336
1614076756.894703,113.000000,0.000000,-1.670659,-2.776352,6.796397,3.198138,10.323735,-2.809896,-1.651004,-2.647299,5.900218,-3.968674,-4.369745,-12.534749,-8.717299,-3.096795,-11.606821,32.064842,-6.128328,8.808469,11.712666,-23.984575,-16.473688,-4.085954,-7.871405,3.876559,5.817416,-1.019088,-1.991467,-4.246647,4.632229,2.184191,-3.198615,13.697625,8064.000000,0.000000,4.000000,,,,0.000000,4.000000,4.000000,4.000000,4.000000,4.000000,4.000000,4.000000,4.000000,4.000000,4.000000,4.000000,4.000000,4.000000,4.000000,4.000000,4.000000,4.000000,4.000000,2.000000,4.000000,4.000000,4.000000,4.000000,4.000000,4.000000,4.000000,4.000000,4.000000,4.000000,4.000000,4.000000,4.000000,83.333336
1614076756.902552,114.000000,0.000000,-2.181809,-3.286397,6.789601,3.707760,4.672386,-3.319906,-3.700635,-3.157472,5.381497,-3.964705,-4.365376,-13.035035,-7.170120,-2.580877,-6.467010,39.212265,-7.147841,17.004789,8.111210,-23.960590,-15.944394,1.046337,-7.863533,3.872683,0.683394,-5.120633,-1.989475,-4.242400,4.114776,-2.946199,-4.733878,11.119825,8064.000000,0.000000,4.000000,,,,0.000000,4.000000,4.000000,4.000000,4.000000,4.000000,4.000000,4.000000,4.000000,4.000000,4.000000,4.000000,4.000000,4.000000,4.000000,4.000000,4.000000,4.000000,4.000000,2.000000,4.000000,4.000000,4.000000,4.000000,4.000000,4.000000,4.000000,4.000000,4.000000,4.000000,4.000000,4.000000,4.000000,83.333336
1614076756.910301,115.000000,0.000000,-2.179627,-0.719008,6.782811,3.704052,1.590790,-3.316586,-5.748217,-3.154314,5.376116,-3.960740,-4.361010,-12.509180,-4.598847,-3.091117,-0.306696,41.737156,-7.140693,-1.986575,-0.614850,-24.449450,-15.928450,6.686316,-7.855669,3.868810,-0.855751,-5.628333,-1.987486,-4.238158,4.110662,-3.456073,-3.703503,11.108706,8064.000000,0.000000,4.000000,,,,0.000000,4.000000,4.000000,4.000000,4.000000,4.000000,4.000000,4.000000,4.000000,4.000000,4.000000,4.000000,4.000000,4.000000,4.000000,4.000000,4.000000,4.000000,4.000000,2.000000,4.000000,4.000000,4.000000,4.000000,4.000000,4.000000,4.000000,4.000000,4.000000,4.000000,4.000000,4.000000,4.000000,83.333336
1614076756.918150,116.000000,0.000000,-1.664627,0.820173,7.288849,3.187528,0.050738,-3.313270,-6.255289,-2.638340,5.370740,-3.956780,-3.843829,-12.496671,-4.081428,-2.575205,0.719252,21.695417,-6.107912,-21.984589,-1.127056,-23.399359,-15.912521,8.218092,-7.847814,4.377762,-0.342075,-5.109884,-1.472678,-4.233920,4.106551,-0.888514,2.966867,11.610417,8064.000000,0.000000,4.000000,,,,0.000000,4.000000,4.000000,4.000000,4.000000,4.000000,4.000000,4.000000,4.000000,4.000000,4.000000,4.000000,4.000000,4.000000,4.000000,4.000000,4.000000,4.000000,4.000000,2.000000,4.000000,4.000000,4.000000,4.000000,4.000000,4.000000,4.000000,4.000000,4.000000,4.000000,4.000000,4.000000,4.000000,83.333336
1614076756.925899,117.000000,0.000000,-2.688604,-1.744750,6.768740,3.184340,0.563508,-3.309956,-5.736213,-2.122881,5.365369,-3.952823,-3.839985,-12.484174,-6.128629,-2.572630,0.205712,9.878851,-6.101804,-15.295938,0.925353,-25.940063,-15.896608,3.081668,-7.839966,2.834923,-0.341733,-5.617595,-2.496846,-3.716865,4.102444,0.650836,8.092106,10.060346,8064.000000,0.000000,4.000000,,,,0.000000,4.000000,4.000000,4.000000,4.000000,4.000000,4.000000,4.000000,4.000000,4.000000,4.000000,4.000000,4.000000,4.000000,4.000000,4.000000,4.000000,4.000000,4.000000,2.000000,4.000000,4.000000,4.000000,4.000000,4.000000,4.000000,4.000000,4.000000,4.000000,4.000000,4.000000,4.000000,4.000000,83.333336
1614076756.933748,118.000000,0.000000,-5.250018,-3.794287,6.761971,6.258079,0.050124,-3.306646,-5.730477,-3.146399,5.360004,-4.461690,-4.348965,-11.958869,-8.173782,-3.082878,-0.820135,13.458715,-6.608522,-11.178078,0.411607,-27.965405,-16.393532,-4.613721,-7.832126,0.780806,-0.854212,-5.611977,-5.058452,-5.251610,4.098341,0.650185,7.571193,11.075926,8064.000000,0.000000,4.000000,,,,0.000000,4.000000,4.000000,4.000000,4.000000,4.000000,4.000000,4.000000,4.000000,4.000000,4.000000,4.000000,4.000000,4.000000,4.000000,4.000000,4.000000,4.000000,4.000000,2.000000,4.000000,4.000000,4.000000,4.000000,4.000000,4.000000,4.000000,4.000000,4.000000,4.000000,4.000000,4.000000,4.000000,83.333336
1614076756.941497,119.000000,0.000000,-6.270409,-3.277672,8.293671,10.354385,0.050073,-3.303340,-5.724746,-3.656073,5.354644,-3.944408,-3.831796,-12.972551,-8.678429,-3.079795,-1.332135,13.445256,-6.601914,-15.269464,2.975298,-28.450260,-15.864319,-4.609107,-7.824294,-0.245616,-0.340537,-5.093544,-6.079034,-7.297640,4.094244,0.649535,7.050801,15.680235,8064.000000,0.000000,4.000000,,,,0.000000,4.000000,4.000000,4.000000,4.000000,4.000000,4.000000,4.000000,4.000000,4.000000,4.000000,4.000000,4.000000,4.000000,4.000000,4.000000,4.000000,4.000000,4.000000,2.000000,4.000000,4.000000,4.000000,4.000000,4.000000,4.000000,4.000000,4.000000,4.000000,4.000000,4.000000,4.000000,4.000000,83.333336
1614076756.949346,120.000000,0.000000,-5.751318,-3.274395,10.849480,11.369672,0.562844,-3.300036,-5.719022,-2.626776,5.349289,-2.402002,-3.827964,-12.446758,-11.233853,-3.589536,-1.330803,14.970273,-6.595312,-14.228553,3.485143,-28.421810,-16.361275,-1.014755,-7.816470,0.267450,-0.853017,-5.601272,-5.560135,-8.315984,4.090149,0.648885,7.556571,18.741478,8064.000000,0.000000,4.000000,,,,0.000000,4.000000,4.000000,4.000000,4.000000,4.000000,4.000000,4.000000,4.000000,4.000000,4.000000,4.000000,4.000000,4.000000,4.000000,4.000000,4.000000,4.000000,4.000000,2.000000,4.000000,4.000000,4.000000,4.000000,4.000000,4.000000,4.000000,4.000000,4.000000,4.000000,4.000000,4.000000,4.000000,83.333336
1614076756.957095,121.000000,0.000000,-5.745566,-3.271120,9.300168,10.845481,0.562281,-3.296736,-6.226123,-6.213892,5.343940,-0.348318,-9.465161,-12.434312,-14.299542,-5.637228,-7.483319,6.750175,-8.127178,-20.880991,-0.108085,-27.880568,-17.370554,-9.218868,-7.808653,-0.245638,-0.852164,-5.082850,-5.554574,-7.794847,4.086059,0.648236,7.549015,18.209915,8064.000000,0.000000,4.000000,,,,0.000000,4.000000,4.000000,4.000000,4.000000,4.000000,4.000000,4.000000,4.000000,4.000000,4.000000,4.000000,4.000000,4.000000,4.000000,4.000000,4.000000,4.000000,4.000000,2.000000,4.000000,4.000000,4.000000,4.000000,4.000000,4.000000,4.000000,4.000000,4.000000,4.000000,4.000000,4.000000,4.000000,83.333336
1614076756.964944,122.000000,0.000000,-6.252641,-3.267849,7.239586,11.347456,0.561719,-3.293440,-6.219897,-14.925628,5.338596,-0.347970,-17.148005,-14.473159,-17.362165,-9.734156,-22.347630,-15.307858,-10.170333,-27.013956,5.533049,-28.365507,-13.763440,-19.466059,-8.313665,0.267428,-0.338491,-5.077767,-5.549020,-8.299872,4.081973,0.647588,7.028645,18.191706,8064.000000,0.000000,4.000000,,,,0.000000,4.000000,4.000000,4.000000,4.000000,4.000000,4.000000,4.000000,4.000000,4.000000,4.000000,4.000000,4.000000,4.000000,4.000000,4.000000,4.000000,4.000000,4.000000,2.000000,4.000000,4.000000,4.000000,4.000000,4.000000,4.000000,4.000000,4.000000,4.000000,4.000000,4.000000,4.000000,4.000000,83.333336
1614076756.972693,123.000000,0.000000,-5.733568,-3.264581,6.719526,9.797647,0.048337,-3.290146,-5.188036,-20.551727,5.333257,-0.347622,-20.720600,-13.945866,-20.934547,-12.288524,-22.838102,-11.702806,-10.672983,-10.576686,14.758285,-27.311501,-9.647113,-14.831209,-7.792531,0.267161,-0.850973,-5.585510,-5.543471,-7.778752,4.077891,0.646940,7.021616,18.686335,8064.000000,0.000000,4.000000,,,,0.000000,4.000000,4.000000,4.000000,4.000000,4.000000,4.000000,4.000000,4.000000,4.000000,4.000000,4.000000,4.000000,4.000000,4.000000,4.000000,4.000000,4.000000,4.000000,2.000000,4.000000,4.000000,4.000000,4.000000,4.000000,4.000000,4.000000,4.000000,4.000000,4.000000,4.000000,4.000000,4.000000,83.333336
1614076756.980542,124.000000,0.000000,-3.163732,-3.261317,6.199986,7.223747,1.073929,-3.799677,-5.695669,-12.326048,5.327924,-0.860095,-19.161417,-8.803715,-14.759767,-5.096748,1.287299,21.129410,-11.175131,7.382609,15.256347,-25.745728,-8.611825,-3.021506,-5.220636,-0.245927,-0.337302,-4.554283,-5.537928,-7.770974,4.073813,0.646294,7.014595,18.154827,8064.000000,0.000000,4.000000,,,,0.000000,4.000000,4.000000,4.000000,4.000000,4.000000,4.000000,4.000000,4.000000,4.000000,4.000000,4.000000,4.000000,4.000000,4.000000,4.000000,4.000000,4.000000,4.000000,2.000000,4.000000,4.000000,4.000000,4.000000,4.000000,4.000000,4.000000,4.000000,4.000000,4.000000,4.000000,4.000000,4.000000,83.333336
1614076756.988291,125.000000,0.000000,-1.622107,-3.770876,7.219427,6.703703,3.124137,-3.283056,-6.202793,1.532432,5.322596,-0.346414,-9.398666,-2.641065,3.716532,8.754502,23.850115,40.595459,-6.548571,9.426508,16.266731,-21.617418,-1.936546,5.186644,-4.702595,1.805601,4.791241,-0.447165,-5.532390,-8.276023,4.069739,0.645647,7.007580,18.136673,8064.000000,0.000000,4.000000,,,,0.000000,4.000000,4.000000,4.000000,4.000000,4.000000,4.000000,4.000000,4.000000,4.000000,4.000000,4.000000,4.000000,4.000000,4.000000,4.000000,4.000000,4.000000,4.000000,2.000000,4.000000,4.000000,4.000000,4.000000,4.000000,4.000000,4.000000,4.000000,4.000000,4.000000,4.000000,4.000000,4.000000,83.333336
1614076756.995940,126.000000,0.000000,-2.133305,-3.767105,9.263490,7.209820,4.659475,-1.228491,-1.581206,8.710387,5.317274,5.294958,8.046630,5.053884,18.584610,20.540621,28.954470,41.067684,3.714388,9.417082,18.814568,-15.954775,5.757698,8.771201,-3.159431,3.855077,10.427475,3.143026,-5.526857,-4.678003,3.552849,0.645002,7.000573,18.118536,8064.000000,0.000000,4.000000,,,,0.000000,4.000000,4.000000,4.000000,4.000000,4.000000,4.000000,4.000000,4.000000,4.000000,4.000000,4.000000,4.000000,4.000000,4.000000,4.000000,4.000000,4.000000,4.000000,2.000000,4.000000,4.000000,4.000000,4.000000,4.000000,4.000000,4.000000,4.000000,4.000000,4.000000,4.000000,4.000000,4.000000,83.333336
1614076757.003690,127.000000,0.000000,-2.131172,-2.737697,9.254227,7.202610,4.141995,0.824019,5.087042,8.701676,5.824777,10.930688,20.346275,10.177035,19.591667,24.622643,30.463976,41.539436,9.864519,7.869203,8.026522,-19.015743,-1.940367,5.172686,-0.592169,4.364043,11.442689,1.601421,-5.008510,-1.083582,4.062117,0.644357,6.993572,18.100418,8064.000000,0.000000,4.000000,,,,0.000000,4.000000,4.000000,4.000000,4.000000,4.000000,4.000000,4.000000,4.000000,4.000000,4.000000,4.000000,4.000000,4.000000,4.000000,4.000000,4.000000,4.000000,4.000000,2.000000,4.000000,4.000000,4.000000,4.000000,4.000000,4.000000,4.000000,4.000000,4.000000,4.000000,4.000000,4.000000,4.000000,83.333336
1614076757.011339,0.000000,0.000000,-2.129041,-4.273421,6.680870,7.195407,4.137853,0.310375,3.030673,4.077590,4.793311,9.381296,17.249006,6.064294,11.366946,21.008278,27.869410,44.574821,8.829014,3.245949,1.351829,-30.791599,-13.733299,-0.473512,-3.155679,3.846858,10.405604,-1.477103,-7.054783,-1.595319,4.058054,0.643712,6.986578,18.082317,0.000000,171.000000,4.000000,,,,0.000000,4.000000,4.000000,4.000000,4.000000,4.000000,4.000000,4.000000,4.000000,4.000000,4.000000,4.000000,4.000000,4.000000,4.000000,4.000000,4.000000,4.000000,4.000000,2.000000,4.000000,4.000000,4.000000,4.000000,4.000000,4.000000,4.000000,4.000000,4.000000,4.000000,4.000000,4.000000,4.000000,83.333336
1614076757.019088,1.000000,0.000000,-2.126912,-6.320429,6.161368,7.188212,4.133715,0.310064,-2.613384,-4.644436,1.711595,6.807812,3.385603,-3.172539,4.176092,10.730859,13.482566,46.581528,4.717621,10.935011,13.658170,-36.401833,-16.283669,-1.498680,-7.255087,3.843011,9.369558,-1.475626,-9.611832,-4.157826,3.541176,0.643069,6.979592,18.064236,0.000000,198.000000,4.000000,,,,0.000000,4.000000,4.000000,4.000000,4.000000,4.000000,4.000000,4.000000,4.000000,4.000000,4.000000,4.000000,4.000000,4.000000,4.000000,4.000000,4.000000,4.000000,4.000000,2.000000,4.000000,4.000000,4.000000,4.000000,4.000000,4.000000,4.000000,4.000000,4.000000,4.000000,4.000000,4.000000,4.000000,83.333336
1614076757.026737,2.000000,0.000000,-2.124785,-0.673083,7.180848,7.181024,4.129581,0.309754,-1.585129,-7.716714,1.709883,7.313825,-3.797270,-5.733469,2.120634,3.540641,2.699853,34.227253,1.635980,15.026640,18.772717,-32.775688,-16.267384,-0.471540,-6.222191,3.839168,7.308907,-1.474150,-7.038117,-4.153668,4.050455,1.155246,6.972612,18.046171,0.000000,202.000000,4.000000,,,,0.000000,4.000000,4.000000,4.000000,4.000000,4.000000,4.000000,4.000000,4.000000,4.000000,4.000000,4.000000,4.000000,4.000000,4.000000,4.000000,4.000000,4.000000,4.000000,2.000000,4.000000,4.000000,4.000000,4.000000,4.000000,4.000000,4.000000,4.000000,4.000000,4.000000,4.000000,4.000000,4.000000,83.333336
1614076757.034486,3.000000,0.000000,-2.122660,7.532718,6.660846,7.686663,5.151093,0.309445,2.006200,2.547412,5.297917,5.768050,-1.229370,-4.702095,1.092873,5.588382,2.184333,7.526360,0.095883,-8.065310,6.959072,-30.691629,-13.174194,-0.983889,-3.651866,3.835329,6.788777,-1.472676,-2.415694,-3.636694,8.661790,0.641270,7.478460,18.540945,0.000000,187.000000,4.000000,,,,0.000000,4.000000,4.000000,4.000000,4.000000,4.000000,4.000000,4.000000,4.000000,4.000000,4.000000,4.000000,4.000000,4.000000,4.000000,4.000000,4.000000,4.000000,4.000000,2.000000,4.000000,4.000000,4.000000,4.000000,4.000000,4.000000,4.000000,4.000000,4.000000,4.000000,4.000000,4.000000,4.000000,83.333336
1614076757.042135,4.000000,0.000000,-2.120537,8.550826,6.141365,7.678977,3.607480,0.821956,2.004194,6.647429,4.779799,3.198179,-1.228140,-5.210213,-3.523605,1.480229,-3.971698,-5.814499,0.608607,-30.108526,3.362369,-32.199398,-5.981533,-0.982905,-4.161035,3.831494,6.781988,-1.471203,-1.387637,-4.145878,11.730051,0.640629,6.445341,18.009584,0.000000,174.000000,4.000000,,,,0.000000,4.000000,4.000000,4.000000,4.000000,4.000000,4.000000,4.000000,4.000000,4.000000,4.000000,4.000000,4.000000,4.000000,4.000000,4.000000,4.000000,4.000000,4.000000,2.000000,4.000000,4.000000,4.000000,4.000000,4.000000,4.000000,4.000000,4.000000,4.000000,4.000000,4.000000,4.000000,4.000000,83.333336
1614076757.049884,5.000000,0.000000,-2.118417,7.516634,6.135224,3.568733,1.552590,-0.717328,0.976548,-4.128449,1.698095,2.682160,-5.329476,-5.717824,-8.135466,-11.341763,-13.198496,-1.193300,0.607999,-27.001495,2.333366,-31.654381,-8.026834,-2.007563,-4.669694,3.827662,6.775207,-1.469732,-1.899070,-4.141732,11.205501,3.204091,6.951716,18.504395,0.000000,203.000000,4.000000,,,,0.000000,4.000000,4.000000,4.000000,4.000000,4.000000,4.000000,4.000000,4.000000,4.000000,4.000000,4.000000,4.000000,4.000000,4.000000,4.000000,4.000000,4.000000,4.000000,2.000000,4.000000,4.000000,4.000000,4.000000,4.000000,4.000000,4.000000,4.000000,4.000000,4.000000,4.000000,4.000000,4.000000,83.333336
1614076757.057534,6.000000,0.000000,-2.116298,8.021938,6.641909,-0.537399,0.525397,-3.280713,1.488392,-11.816628,1.183577,2.166658,-5.836967,-5.199285,-10.691433,-15.945807,-13.185297,2.397637,0.094570,-16.205263,-4.848455,-31.109905,-15.711114,-1.492735,-4.152205,3.823835,6.768431,-1.468262,-1.897171,-4.137590,11.194295,4.226528,6.944764,18.485889,0.000000,187.000000,4.000000,,,,0.000000,4.000000,4.000000,2.000000,4.000000,4.000000,4.000000,4.000000,4.000000,4.000000,4.000000,4.000000,4.000000,4.000000,4.000000,4.000000,4.000000,4.000000,4.000000,2.000000,4.000000,4.000000,4.000000,4.000000,4.000000,4.000000,4.000000,4.000000,4.000000,4.000000,4.000000,4.000000,4.000000,66.666664
1614076757.065283,7.000000,0.000000,-2.114182,6.475455,5.096806,-0.536862,-2.552052,-3.277432,1.486904,-10.266350,1.695214,-0.399612,-4.292669,-5.194086,-13.244844,-14.391399,-12.146471,2.908059,0.607296,-17.214699,1.823060,-31.078794,-16.721045,0.047219,-4.148052,3.820011,5.736022,-1.466794,-1.382454,-4.133453,10.670280,0.119737,3.348076,12.826379,0.000000,142.000000,4.000000,,,,0.000000,4.000000,4.000000,2.000000,4.000000,4.000000,4.000000,4.000000,4.000000,4.000000,4.000000,4.000000,4.000000,4.000000,4.000000,4.000000,4.000000,4.000000,4.000000,2.000000,4.000000,4.000000,4.000000,4.000000,4.000000,4.000000,4.000000,4.000000,4.000000,4.000000,4.000000,4.000000,4.000000,66.666664
1614076757.072932,8.000000,0.000000,-2.112068,3.904877,2.014786,-0.536325,-6.139243,-5.325437,1.485417,-10.256083,1.180698,-0.912032,-4.288376,-5.188892,-14.257240,-15.402649,-13.159966,0.853869,0.606689,-21.300047,13.616109,-31.047716,-15.165861,-5.081033,-4.143904,3.816191,3.679004,-1.465327,-1.893892,-4.129319,8.095507,-3.982947,-0.757836,5.121244,0.000000,195.000000,4.000000,,,,0.000000,4.000000,4.000000,2.000000,4.000000,4.000000,4.000000,4.000000,4.000000,4.000000,4.000000,4.000000,4.000000,4.000000,4.000000,4.000000,4.000000,4.000000,4.000000,2.000000,4.000000,4.000000,4.000000,4.000000,4.000000,4.000000,4.000000,4.000000,4.000000,4.000000,4.000000,4.000000,4.000000,66.666664
1614076757.080681,9.000000,0.000000,-2.109956,3.388151,3.038412,-0.022968,-8.184386,-7.884214,1.483932,-9.220186,2.205158,-0.398300,-4.796908,-5.183703,-8.089137,-10.771861,-6.480139,10.596605,0.606082,-7.945415,8.474288,-31.016668,-16.176336,-8.152875,-4.139760,3.812375,2.649683,-1.463862,-1.891998,-4.125190,7.061770,-4.491784,0.268562,2.039200,0.000000,164.000000,4.000000,,,,0.000000,4.000000,4.000000,2.000000,4.000000,4.000000,4.000000,4.000000,4.000000,4.000000,4.000000,4.000000,4.000000,4.000000,4.000000,4.000000,4.000000,4.000000,4.000000,2.000000,4.000000,4.000000,4.000000,4.000000,4.000000,4.000000,4.000000,4.000000,4.000000,4.000000,4.000000,4.000000,4.000000,66.666664
1614076757.088330,10.000000,0.000000,-2.107846,3.897584,9.189219,6.130901,-7.150560,-2.235304,1.482448,-3.057120,5.792697,1.140560,-1.202368,-5.178519,0.636901,2.572244,7.372495,39.816776,0.605476,17.190737,5.901711,-30.985653,-12.570416,2.111688,-4.135621,3.808562,3.159854,-1.462398,-1.890106,-4.121065,9.618812,0.128092,6.422140,3.575623,0.000000,184.000000,4.000000,,,,0.000000,4.000000,4.000000,2.000000,4.000000,4.000000,4.000000,4.000000,4.000000,4.000000,4.000000,4.000000,4.000000,4.000000,4.000000,4.000000,4.000000,4.000000,4.000000,2.000000,4.000000,4.000000,4.000000,4.000000,4.000000,4.000000,4.000000,4.000000,4.000000,4.000000,4.000000,4.000000,4.000000,66.666664
1614076757.096079,11.000000,0.000000,-2.105738,3.893686,14.308235,11.252975,-2.015205,6.997700,1.480965,1.561321,8.351007,8.318907,4.439860,-5.173341,3.713187,9.749159,15.057430,41.315422,0.604871,18.712008,15.126578,-30.954666,-7.942461,9.801884,-4.131485,3.804754,3.156695,-1.460936,-1.888216,-4.116944,11.147654,6.281810,12.569564,3.572047,0.000000,220.000000,4.000000,,,,0.000000,4.000000,4.000000,2.000000,4.000000,4.000000,4.000000,4.000000,4.000000,4.000000,4.000000,4.000000,4.000000,4.000000,4.000000,4.000000,4.000000,4.000000,4.000000,2.000000,4.000000,4.000000,4.000000,4.000000,4.000000,4.000000,4.000000,4.000000,4.000000,4.000000,4.000000,4.000000,4.000000,66.666664
1614076757.103728,12.000000,0.000000,-2.103632,3.889793,14.293927,11.241722,3.627836,9.041985,1.479484,1.559760,9.368297,17.541357,7.512343,-5.168168,2.683833,9.226589,11.452629,12.043338,0.604266,-1.819525,9.470427,-30.923712,-8.447340,4.663877,-4.127353,3.800949,3.153538,-1.459475,-1.886327,-4.112827,11.649327,8.326811,14.608276,2.542834,0.000000,203.000000,4.000000,,,,0.000000,4.000000,4.000000,2.000000,4.000000,4.000000,4.000000,4.000000,4.000000,4.000000,4.000000,4.000000,4.000000,4.000000,4.000000,4.000000,4.000000,4.000000,4.000000,2.000000,4.000000,4.000000,4.000000,4.000000,4.000000,4.000000,4.000000,4.000000,4.000000,4.000000,4.000000,4.000000,4.000000,66.666664
1614076757.111477,13.000000,0.000000,-2.101529,3.885903,13.253992,10.204840,4.137029,5.956019,1.478005,0.019739,8.846107,16.498175,6.992011,-5.162999,3.193969,7.678901,6.312972,15.108217,0.603661,-3.356168,1.255828,-30.892788,-8.438892,2.095110,-4.123226,3.797148,3.150384,-1.458015,-1.884441,-4.108714,9.586395,7.292843,14.080848,2.540291,0.000000,197.000000,4.000000,,,,0.000000,4.000000,4.000000,2.000000,4.000000,4.000000,4.000000,4.000000,4.000000,4.000000,4.000000,4.000000,4.000000,4.000000,4.000000,4.000000,4.000000,4.000000,4.000000,2.000000,4.000000,4.000000,4.000000,4.000000,4.000000,4.000000,4.000000,4.000000,4.000000,4.000000,4.000000,4.000000,4.000000,66.666664
1614076757.119127,14.000000,0.000000,-2.099427,3.882017,14.266379,11.220276,6.184174,4.411602,1.476527,0.532540,8.837262,10.840651,6.985018,-5.157836,2.677955,8.696863,7.845120,39.195675,0.603058,6.903599,11.510982,-30.349075,-4.840710,6.708400,-4.119103,3.793351,3.147234,-1.969378,-1.882557,-4.104605,7.525527,7.798370,14.066767,4.589033,0.000000,204.000000,4.000000,,,,0.000000,4.000000,4.000000,2.000000,4.000000,4.000000,4.000000,4.000000,4.000000,4.000000,4.000000,4.000000,4.000000,4.000000,4.000000,4.000000,4.000000,4.000000,4.000000,2.000000,4.000000,4.000000,4.000000,4.000000,4.000000,4.000000,4.000000,4.000000,4.000000,4.000000,4.000000,4.000000,4.000000,66.666664
1614076757.126876,15.000000,0.000000,-2.097327,3.878135,14.764934,11.209055,9.254912,4.920011,1.475050,1.557648,9.341245,10.829810,6.465213,-5.152678,3.188098,8.688167,7.324455,28.387247,1.115275,-8.487920,10.473830,-30.831547,-4.835869,7.214512,-3.602163,3.789557,3.144087,-1.454588,-1.880674,-4.100501,9.569283,7.790572,14.565520,7.148546,0.000000,218.000000,4.000000,,,,0.000000,4.000000,4.000000,2.000000,4.000000,4.000000,4.000000,4.000000,4.000000,4.000000,4.000000,4.000000,4.000000,4.000000,4.000000,4.000000,4.000000,4.000000,4.000000,2.000000,4.000000,4.000000,4.000000,4.000000,4.000000,4.000000,4.000000,4.000000,4.000000,4.000000,4.000000,4.000000,4.000000,66.666664
1614076757.134525,16.000000,0.000000,-2.095230,3.874257,12.186066,11.197846,3.604632,3.376629,1.473575,-3.059294,8.819083,8.767698,1.330543,-4.634705,2.672089,1.499991,-4.990562,8.871680,-0.937122,-27.966612,-11.075106,-30.287893,-8.933598,6.181656,-5.137022,3.785768,3.140943,-1.453133,-1.878793,-4.096400,11.610996,7.782782,14.038135,6.628577,0.000000,199.000000,4.000000,,,,0.000000,4.000000,4.000000,2.000000,4.000000,4.000000,4.000000,4.000000,4.000000,4.000000,4.000000,4.000000,4.000000,4.000000,4.000000,4.000000,4.000000,4.000000,4.000000,2.000000,4.000000,4.000000,4.000000,4.000000,4.000000,4.000000,4.000000,4.000000,4.000000,4.000000,4.000000,4.000000,4.000000,66.666664
1614076757.142374,17.000000,0.000000,-2.093135,3.870383,10.122598,10.161007,-3.065639,0.809150,1.472102,-7.158799,8.810265,1.579443,-3.798993,-6.168532,-5.022891,-11.834843,-16.267622,6.298706,-2.987467,-20.246338,-19.781979,-31.283247,-8.411843,6.175475,-7.695988,3.781982,3.137802,-2.477321,-2.389735,-4.092304,9.548103,9.826281,14.024096,7.134769,0.000000,189.000000,4.000000,,,,0.000000,4.000000,4.000000,2.000000,4.000000,4.000000,4.000000,4.000000,4.000000,4.000000,4.000000,4.000000,4.000000,4.000000,4.000000,4.000000,4.000000,4.000000,4.000000,2.000000,4.000000,4.000000,4.000000,4.000000,4.000000,4.000000,4.000000,4.000000,4.000000,4.000000,4.000000,4.000000,4.000000,66.666664
1614076757.150123,18.000000,0.000000,-2.091042,3.866512,13.189399,11.176487,-1.011292,-0.217300,1.470629,-0.484974,8.801454,-2.011880,-4.820835,-8.213646,-12.710176,-15.412751,-16.764175,4.241126,-2.984479,-9.456861,-13.608351,-33.303246,-8.403431,2.579556,-8.201113,3.778200,3.134664,0.602079,-2.387345,-4.088212,13.128299,11.354916,14.010073,13.794301,0.000000,204.000000,4.000000,,,,0.000000,4.000000,4.000000,2.000000,4.000000,4.000000,4.000000,4.000000,4.000000,4.000000,4.000000,4.000000,4.000000,4.000000,4.000000,4.000000,4.000000,4.000000,4.000000,2.000000,4.000000,4.000000,4.000000,4.000000,4.000000,4.000000,4.000000,4.000000,4.000000,4.000000,4.000000,4.000000,4.000000,66.666664
1614076757.157972,19.000000,0.000000,-2.088951,4.375466,13.176208,11.165311,0.015361,0.808558,1.469159,7.720640,8.792652,-0.471406,-4.303194,-9.231073,-11.159004,-7.192210,-14.696130,11.416371,-2.468674,-14.575608,-14.107563,-38.398148,-19.164259,-1.525588,-7.680091,3.774422,3.131529,5.216862,0.691965,-4.084123,21.320299,11.343561,13.996062,17.370251,0.000000,214.000000,4.000000,,,,0.000000,4.000000,4.000000,2.000000,4.000000,4.000000,4.000000,4.000000,4.000000,4.000000,4.000000,4.000000,4.000000,4.000000,4.000000,4.000000,4.000000,4.000000,4.000000,2.000000,4.000000,4.000000,4.000000,4.000000,4.000000,4.000000,4.000000,4.000000,4.000000,4.000000,4.000000,4.000000,4.000000,66.666664
1614076757.165721,20.000000,0.000000,-2.086862,4.371090,5.470725,4.487479,-5.112860,-1.243532,1.467690,8.738560,6.732578,-0.470935,-4.811711,-9.221842,-8.070922,-2.569633,-14.681434,21.661366,-4.517488,-13.022572,-14.606276,-45.026417,-28.375864,-1.524062,-7.672411,4.283468,3.128398,6.237286,2.229735,-4.080039,17.709234,11.332217,13.982066,15.301598,0.000000,203.000000,4.000000,,,,0.000000,4.000000,4.000000,2.000000,4.000000,4.000000,4.000000,4.000000,4.000000,4.000000,4.000000,4.000000,4.000000,4.000000,4.000000,4.000000,4.000000,4.000000,4.000000,2.000000,4.000000,4.000000,4.000000,4.000000,4.000000,4.000000,4.000000,4.000000,4.000000,4.000000,4.000000,4.000000,4.000000,66.666664
1614076757.173570,21.000000,0.000000,-2.084775,3.853899,2.388331,-0.132393,-8.184669,-3.806391,1.466222,7.704180,5.187384,-0.983285,-4.806900,-8.699800,-9.088491,-3.592705,-12.102650,15.485858,-6.564252,8.528913,-9.463465,-44.468571,-21.680820,-1.009718,-7.664739,2.740723,3.125269,5.718228,0.689043,-4.075959,11.024858,11.320886,13.968084,16.311937,0.000000,188.000000,4.000000,,,,0.000000,4.000000,4.000000,2.000000,4.000000,4.000000,4.000000,4.000000,4.000000,4.000000,4.000000,4.000000,4.000000,4.000000,4.000000,4.000000,4.000000,4.000000,4.000000,2.000000,4.000000,4.000000,4.000000,4.000000,4.000000,4.000000,4.000000,4.000000,4.000000,4.000000,4.000000,4.000000,4.000000,66.666664
1614076757.181319,22.000000,0.000000,-2.082690,3.850045,7.514148,3.457483,-6.638024,-3.802585,1.464756,7.183656,4.669376,-0.982301,-4.289272,-6.639818,-9.079404,-3.589112,-8.500803,15.983192,-7.070508,20.315256,-2.787334,-32.116409,-8.838628,-1.008708,-7.657074,0.686700,2.609324,5.712510,3.765277,-4.071883,16.142038,11.822385,13.441296,18.346907,0.000000,192.000000,4.000000,,,,0.000000,4.000000,4.000000,2.000000,4.000000,4.000000,4.000000,4.000000,4.000000,4.000000,4.000000,4.000000,4.000000,4.000000,4.000000,4.000000,4.000000,4.000000,4.000000,2.000000,4.000000,4.000000,4.000000,4.000000,4.000000,4.000000,4.000000,4.000000,4.000000,4.000000,4.000000,4.000000,4.000000,66.666664
1614076757.189168,23.000000,0.000000,-2.080608,3.846195,10.583557,7.556590,-6.631386,-3.285962,1.976111,5.125190,5.177527,-0.468498,-4.284983,-4.581896,-8.044683,-2.559882,-7.979482,20.069773,-6.550618,-2.269162,4.394940,-21.827883,-4.214404,-0.494879,-7.649417,2.224475,3.632355,6.219618,8.376897,-4.067811,17.664358,14.374665,14.453495,17.815741,0.000000,217.000000,4.000000,,,,0.000000,4.000000,4.000000,2.000000,4.000000,4.000000,4.000000,4.000000,4.000000,4.000000,4.000000,4.000000,4.000000,4.000000,4.000000,4.000000,4.000000,4.000000,4.000000,2.000000,4.000000,4.000000,4.000000,4.000000,4.000000,4.000000,4.000000,4.000000,4.000000,4.000000,4.000000,4.000000,4.000000,66.666664
1614076757.196917,24.000000,0.000000,-2.078527,0.765426,10.060153,6.523392,-7.137575,-3.282676,0.435674,4.094424,5.172349,-0.468030,-4.793518,-5.090135,-9.062280,-2.557322,-7.458682,13.895858,-7.056888,-18.164330,10.544392,-22.831696,-5.235831,-1.520025,-7.641768,4.273533,6.192825,5.700578,6.317238,-4.063743,8.928745,14.873111,14.439042,18.310745,0.000000,214.000000,4.000000,,,,0.000000,4.000000,4.000000,2.000000,4.000000,4.000000,4.000000,4.000000,4.000000,4.000000,4.000000,4.000000,4.000000,4.000000,4.000000,4.000000,4.000000,4.000000,4.000000,2.000000,4.000000,4.000000,4.000000,4.000000,4.000000,4.000000,4.000000,4.000000,4.000000,4.000000,4.000000,4.000000,4.000000,66.666664
1614076757.204766,25.000000,0.000000,-2.076448,-4.363545,9.024451,6.516869,-6.617617,-3.279393,-1.616044,2.039047,3.628716,-0.980382,-4.788725,-5.085044,-8.540397,-3.067585,0.241085,31.317860,-6.024189,11.084604,13.097949,-22.808863,-3.692133,-1.518505,-7.634126,3.756439,6.699453,5.694877,1.695536,-4.572500,5.842894,12.806955,10.322039,15.728332,0.000000,206.000000,4.000000,,,,0.000000,4.000000,4.000000,2.000000,4.000000,4.000000,4.000000,4.000000,4.000000,4.000000,4.000000,4.000000,4.000000,4.000000,4.000000,4.000000,4.000000,4.000000,4.000000,2.000000,4.000000,4.000000,4.000000,4.000000,4.000000,4.000000,4.000000,4.000000,4.000000,4.000000,4.000000,4.000000,4.000000,66.666664
1614076757.212515,26.000000,0.000000,-2.074372,-4.872002,7.476966,5.997531,-6.610999,-3.276114,-2.640069,-2.065556,1.573805,-0.466582,-4.271115,-5.079959,-5.967753,-3.064518,7.933151,54.363464,-3.454063,30.047878,12.059211,-21.247593,-5.226903,1.047116,-7.626492,3.752682,7.205574,5.689182,1.181020,-4.055107,9.939615,11.255687,6.209153,11.097219,0.000000,121.000000,4.000000,,,,0.000000,4.000000,4.000000,2.000000,4.000000,4.000000,4.000000,4.000000,4.000000,4.000000,4.000000,4.000000,4.000000,4.000000,4.000000,4.000000,4.000000,4.000000,4.000000,2.000000,4.000000,4.000000,4.000000,4.000000,4.000000,4.000000,4.000000,4.000000,4.000000,4.000000,4.000000,4.000000,4.000000,66.666664
1614076757.220364,27.000000,0.000000,-2.072298,0.261075,6.443848,7.529995,-6.604388,-3.272838,-2.637429,-3.601952,1.059410,3.123629,-4.779665,-5.074879,-6.474607,-3.061453,4.848295,28.668076,-2.424968,-2.289861,1.790741,-28.918653,-11.888343,-3.056495,-7.618865,3.748930,9.249651,5.683493,2.205480,-1.486949,10.955317,10.218790,6.202943,13.650224,0.000000,224.000000,4.000000,,,,0.000000,4.000000,4.000000,2.000000,4.000000,4.000000,4.000000,4.000000,4.000000,4.000000,4.000000,4.000000,4.000000,4.000000,4.000000,4.000000,4.000000,4.000000,4.000000,2.000000,4.000000,4.000000,4.000000,4.000000,4.000000,4.000000,4.000000,4.000000,4.000000,4.000000,4.000000,4.000000,4.000000,66.666664
1614076757.228113,28.000000,0.000000,-2.070225,3.850558,5.924583,12.137850,-6.597784,-3.269565,-1.609150,-3.085529,1.571172,6.710248,-4.774885,-5.069804,-9.032234,-3.058392,-3.361681,7.100945,-2.935363,-28.954239,-6.928998,-41.197426,-15.466198,-14.335490,-7.611246,3.745181,10.778863,5.164989,1.690454,0.052999,10.431540,11.747033,6.196741,17.739138,0.000000,168.000000,4.000000,,,,0.000000,4.000000,4.000000,2.000000,4.000000,4.000000,4.000000,4.000000,4.000000,4.000000,4.000000,4.000000,4.000000,4.000000,4.000000,4.000000,4.000000,4.000000,4.000000,2.000000,4.000000,4.000000,4.000000,4.000000,4.000000,4.000000,4.000000,4.000000,4.000000,4.000000,4.000000,4.000000,4.000000,66.666664
1614076757.235962,29.000000,0.000000,-2.068155,3.333887,5.918659,12.125711,-6.591186,-3.779116,0.443741,-3.595264,1.056780,7.216359,-0.154726,-5.064734,-8.510382,-3.568154,-5.922422,25.042562,-2.932428,-5.335540,0.770238,-43.720333,-13.399449,-13.295513,-7.603635,3.741436,9.742443,5.672645,1.175943,-0.459874,10.421109,15.837851,6.703364,17.208578,0.000000,219.000000,4.000000,,,,0.000000,4.000000,4.000000,2.000000,4.000000,4.000000,4.000000,4.000000,4.000000,4.000000,4.000000,4.000000,4.000000,4.000000,4.000000,4.000000,4.000000,4.000000,4.000000,2.000000,4.000000,4.000000,4.000000,4.000000,4.000000,4.000000,4.000000,4.000000,4.000000,4.000000,4.000000,4.000000,4.000000,66.666664
1614076757.243711,30.000000,0.000000,-2.066087,4.869015,8.476843,11.600765,-6.584595,-3.775337,1.981759,-4.104490,1.055723,6.696322,5.486454,-5.572490,-5.937768,-3.564586,-4.890859,20.914955,-3.442316,6.977488,13.077160,-40.599689,-11.847589,-2.000166,-8.108851,3.737694,9.732700,8.231074,1.687587,-0.459415,10.410687,18.898935,10.286405,18.217010,0.000000,215.000000,4.000000,,,,0.000000,4.000000,4.000000,2.000000,4.000000,4.000000,4.000000,4.000000,4.000000,4.000000,4.000000,4.000000,4.000000,4.000000,4.000000,4.000000,4.000000,4.000000,4.000000,2.000000,4.000000,4.000000,4.000000,4.000000,4.000000,4.000000,4.000000,4.000000,4.000000,4.000000,4.000000,4.000000,4.000000,66.666664
1614076757.251360,31.000000,0.000000,-2.064021,9.479530,9.494007,15.691729,-6.578010,-3.258741,0.954136,-3.074744,1.054667,6.689626,7.532250,-5.054097,-4.393369,-3.048201,-3.860327,2.432503,-4.977335,-12.516669,8.961519,-43.123192,-12.348561,-4.562269,-7.587922,3.733956,10.748609,9.248485,1.685900,-0.458955,11.425919,18.367216,13.353041,20.762896,0.000000,184.000000,4.000000,,,,0.000000,4.000000,4.000000,2.000000,4.000000,4.000000,4.000000,4.000000,4.000000,4.000000,4.000000,4.000000,4.000000,4.000000,4.000000,4.000000,4.000000,4.000000,4.000000,2.000000,4.000000,4.000000,4.000000,4.000000,4.000000,4.000000,4.000000,4.000000,4.000000,4.000000,4.000000,4.000000,4.000000,66.666664
1614076757.259110,32.000000,0.000000,-2.061957,12.034153,9.484513,18.752960,-6.571432,-3.768303,1.466002,-3.584490,1.566433,6.682936,6.499077,-5.049043,-6.440258,-4.070794,-5.907749,10.635198,-6.510819,-14.555434,0.747429,-41.028786,-12.849033,-11.224373,-7.580334,3.730222,9.712219,8.726416,1.684214,-0.458496,13.978595,18.348848,14.878150,21.254953,8064.000000,0.000000,4.000000,,,,0.000000,4.000000,4.000000,2.000000,4.000000,4.000000,4.000000,4.000000,4.000000,4.000000,4.000000,4.000000,4.000000,4.000000,4.000000,4.000000,4.000000,4.000000,4.000000,2.000000,4.000000,4.000000,4.000000,4.000000,4.000000,4.000000,4.000000,4.000000,4.000000,4.000000,4.000000,4.000000,4.000000,66.666664
1614076757.266759,33.000000,0.000000,-2.059895,10.996478,13.577593,17.708567,-7.077681,-3.251714,1.977357,-4.093726,3.103328,6.676253,5.466937,-6.069635,-4.895356,-2.528261,-4.363379,17.804050,-8.042770,9.048864,14.592835,-23.039040,-8.733621,-3.008021,-8.085574,3.213672,10.215327,12.820253,1.169709,-0.458038,14.990257,18.330500,16.914553,24.823442,8064.000000,0.000000,4.000000,,,,0.000000,4.000000,4.000000,2.000000,4.000000,4.000000,4.000000,4.000000,4.000000,4.000000,4.000000,4.000000,4.000000,4.000000,4.000000,4.000000,4.000000,4.000000,4.000000,2.000000,4.000000,4.000000,4.000000,4.000000,4.000000,4.000000,4.000000,4.000000,4.000000,4.000000,4.000000,4.000000,4.000000,66.666664
1614076757.274508,34.000000,0.000000,-2.057835,10.472661,17.666578,18.203678,-6.557783,1.366922,0.949738,0.012932,5.664328,6.669577,9.051213,-4.525104,6.391591,5.166575,12.564061,33.683681,-3.419343,33.655201,30.988499,-3.528821,-0.519759,8.789859,-3.974925,4.236099,14.820497,16.909996,2.194180,-0.457580,13.949626,18.824989,17.923281,28.901182,8064.000000,0.000000,4.000000,,,,0.000000,4.000000,4.000000,2.000000,4.000000,4.000000,4.000000,4.000000,4.000000,4.000000,4.000000,4.000000,4.000000,4.000000,4.000000,4.000000,4.000000,4.000000,4.000000,2.000000,4.000000,4.000000,4.000000,4.000000,4.000000,4.000000,4.000000,4.000000,4.000000,4.000000,4.000000,4.000000,4.000000,66.666664
1614076757.282157,35.000000,0.000000,-2.055777,10.975009,17.648912,17.672653,-3.474302,4.442479,1.974430,7.192406,8.222766,6.662907,15.708829,2.658908,17.667250,12.853716,31.525856,66.470512,7.866128,43.877956,20.188280,-0.448369,2.557684,12.370812,3.208537,6.795966,18.395420,16.893087,4.243268,-0.969943,14.961317,21.370268,17.392536,27.333820,8064.000000,0.000000,4.000000,,,,0.000000,4.000000,4.000000,2.000000,4.000000,4.000000,4.000000,4.000000,4.000000,4.000000,4.000000,4.000000,4.000000,4.000000,4.000000,4.000000,4.000000,4.000000,4.000000,2.000000,4.000000,4.000000,4.000000,4.000000,4.000000,4.000000,4.000000,4.000000,4.000000,4.000000,4.000000,4.000000,4.000000,66.666664
1614076757.289906,36.000000,0.000000,-2.053721,12.502496,17.631264,18.167803,0.631736,4.438036,6.075019,9.236496,8.727364,6.656244,18.257223,6.758813,19.188044,11.815221,24.827663,48.455322,16.576210,24.859718,3.757835,-8.653049,-0.521797,9.281519,3.718149,7.814811,17.864204,16.363373,5.777487,0.056668,17.510458,22.374538,17.375143,24.742384,8064.000000,0.000000,4.000000,,,,0.000000,4.000000,4.000000,2.000000,4.000000,4.000000,4.000000,4.000000,4.000000,4.000000,4.000000,4.000000,4.000000,4.000000,4.000000,4.000000,4.000000,4.000000,4.000000,2.000000,4.000000,4.000000,4.000000,4.000000,4.000000,4.000000,4.000000,4.000000,4.000000,4.000000,4.000000,4.000000,4.000000,66.666664
1614076757.297555,37.000000,0.000000,-2.051668,14.541275,17.100811,20.713737,1.143925,3.920778,9.145867,6.150336,8.718637,6.649588,17.726145,5.726414,15.579113,8.213662,5.828476,16.099174,12.969891,0.732294,8.369462,-14.798242,-0.008454,-0.984173,0.124687,7.294175,16.820698,16.347010,5.258889,2.107894,18.518589,21.839344,17.357769,25.230463,8064.000000,0.000000,4.000000,,,,0.000000,4.000000,4.000000,2.000000,4.000000,4.000000,4.000000,4.000000,4.000000,4.000000,4.000000,4.000000,4.000000,4.000000,4.000000,4.000000,4.000000,4.000000,4.000000,2.000000,4.000000,4.000000,4.000000,4.000000,4.000000,4.000000,4.000000,4.000000,4.000000,4.000000,4.000000,4.000000,4.000000,66.666664
1614076757.305304,38.000000,0.000000,-2.049616,14.526733,13.493967,17.103279,1.142781,4.942498,8.623901,4.605724,8.709917,6.642939,17.708418,5.720687,12.999432,9.231090,2.232904,28.390768,7.828715,5.859767,6.309811,-20.424469,-3.085369,-7.649855,-0.388258,7.286881,17.829519,14.279381,5.253630,3.644247,17.987249,21.817505,17.340410,23.666771,8064.000000,0.000000,4.000000,,,,0.000000,4.000000,4.000000,2.000000,4.000000,4.000000,4.000000,4.000000,4.000000,4.000000,4.000000,4.000000,4.000000,4.000000,4.000000,4.000000,4.000000,4.000000,4.000000,2.000000,4.000000,4.000000,4.000000,4.000000,4.000000,4.000000,4.000000,4.000000,4.000000,4.000000,4.000000,4.000000,4.000000,66.666664
1614076757.312954,39.000000,0.000000,-2.560387,14.512207,9.890730,11.445150,1.141638,4.424735,8.615277,4.601119,9.214028,7.149116,15.126608,6.740607,9.396688,7.170577,4.794774,57.080326,8.846528,15.084677,-3.952909,-27.583532,-14.877155,-6.103744,-0.387869,7.279594,17.298868,12.213820,5.248376,3.127783,17.969263,21.795687,17.323071,21.079000,8064.000000,0.000000,4.000000,,,,0.000000,4.000000,4.000000,2.000000,4.000000,4.000000,4.000000,4.000000,4.000000,4.000000,4.000000,4.000000,4.000000,4.000000,4.000000,4.000000,4.000000,4.000000,4.000000,2.000000,4.000000,4.000000,4.000000,4.000000,4.000000,4.000000,4.000000,4.000000,4.000000,4.000000,4.000000,4.000000,4.000000,66.666664
1614076757.320703,40.000000,0.000000,-2.045006,14.497695,9.368018,9.895244,1.140497,4.420310,9.119482,4.596518,9.204814,6.629147,8.957635,5.195405,0.669343,-2.580184,-8.543354,30.356579,6.786399,-1.853485,5.281813,-32.684155,-19.477663,-6.610461,-0.387482,6.759494,14.204647,12.201606,5.243128,3.124655,17.951294,21.773891,17.818567,21.057922,8064.000000,0.000000,4.000000,,,,0.000000,4.000000,4.000000,2.000000,4.000000,4.000000,4.000000,4.000000,4.000000,4.000000,4.000000,4.000000,4.000000,4.000000,4.000000,4.000000,4.000000,4.000000,4.000000,2.000000,4.000000,4.000000,4.000000,4.000000,4.000000,4.000000,4.000000,4.000000,4.000000,4.000000,4.000000,4.000000,4.000000,66.666664
1614076757.328352,41.000000,0.000000,0.521142,14.483197,10.384292,10.398169,2.164997,4.928710,8.597543,4.079101,9.195609,7.135338,5.871754,2.626107,-7.023634,-7.705809,-21.868143,6.223659,-0.399874,-19.287529,3.738069,-36.241215,-15.868442,-8.655132,-0.387094,7.265555,13.164801,12.702225,5.750705,3.121530,17.933342,21.752117,17.800749,19.498402,8064.000000,0.000000,4.000000,,,,0.000000,4.000000,4.000000,2.000000,4.000000,4.000000,4.000000,4.000000,4.000000,4.000000,4.000000,4.000000,4.000000,4.000000,4.000000,4.000000,4.000000,4.000000,4.000000,2.000000,4.000000,4.000000,4.000000,4.000000,4.000000,4.000000,4.000000,4.000000,4.000000,4.000000,4.000000,4.000000,4.000000,66.666664
1614076757.336101,42.000000,0.000000,1.546261,14.981534,10.373907,11.413412,-0.401270,2.359679,9.101766,4.587842,8.673594,6.102561,6.891523,1.597840,-3.939688,-2.057077,-13.641148,29.807178,-5.014859,-12.088754,-17.804131,-39.281895,-17.903854,-5.056734,-0.899528,7.771110,13.664456,13.202343,4.206493,3.118409,18.428230,21.730364,16.757307,15.376340,8064.000000,0.000000,4.000000,,,,0.000000,4.000000,4.000000,2.000000,4.000000,4.000000,4.000000,4.000000,4.000000,4.000000,4.000000,4.000000,4.000000,4.000000,4.000000,4.000000,4.000000,4.000000,4.000000,2.000000,4.000000,4.000000,4.000000,4.000000,4.000000,4.000000,4.000000,4.000000,4.000000,4.000000,4.000000,4.000000,4.000000,66.666664
1614076757.343750,43.000000,0.000000,1.544715,14.453732,3.696867,9.863537,-6.554715,-3.796527,7.554202,2.531972,8.664920,1.481074,4.833350,2.109063,1.705278,1.021903,0.731468,47.726089,-2.958562,9.974617,-6.504275,-35.140049,-14.809029,-6.077318,0.127013,6.224877,13.650792,11.650679,6.253569,3.115290,17.896980,21.195814,18.279011,13.309682,8064.000000,0.000000,4.000000,,,,0.000000,4.000000,4.000000,2.000000,4.000000,4.000000,4.000000,4.000000,4.000000,4.000000,4.000000,4.000000,4.000000,4.000000,4.000000,4.000000,4.000000,4.000000,4.000000,2.000000,4.000000,4.000000,4.000000,4.000000,4.000000,4.000000,4.000000,4.000000,4.000000,4.000000,4.000000,4.000000,4.000000,66.666664
1614076757.351499,44.000000,0.000000,3.594453,12.387997,-4.511959,1.648545,-10.137904,-8.408114,5.495366,-3.111586,6.092152,-3.648612,-1.838150,2.106954,-0.860530,-2.056042,1.756377,26.139902,1.659781,17.144129,19.656076,-21.771576,-0.948065,-2.994318,4.742270,8.269935,12.611501,13.177490,10.862700,3.112175,17.879084,22.200258,17.747911,12.783551,8064.000000,0.000000,4.000000,,,,0.000000,4.000000,4.000000,2.000000,4.000000,4.000000,4.000000,4.000000,4.000000,4.000000,4.000000,4.000000,4.000000,4.000000,4.000000,4.000000,4.000000,4.000000,4.000000,2.000000,4.000000,4.000000,4.000000,4.000000,4.000000,4.000000,4.000000,4.000000,4.000000,4.000000,4.000000,4.000000,4.000000,66.666664
1614076757.359148,45.000000,0.000000,5.642140,10.837147,-6.045908,-5.019770,-11.666227,-11.476630,4.977050,-6.698217,-2.119068,-5.183425,-4.913235,2.104847,-5.475054,-3.592448,-1.322302,4.062479,4.222224,7.383395,7.841547,-14.570316,2.129806,12.393292,8.327271,13.389870,14.137350,16.241236,10.339016,3.109063,18.886847,22.178059,10.550677,11.232306,8064.000000,0.000000,4.000000,,,,0.000000,4.000000,4.000000,2.000000,4.000000,4.000000,4.000000,4.000000,4.000000,4.000000,4.000000,4.000000,4.000000,4.000000,4.000000,4.000000,4.000000,4.000000,4.000000,2.000000,4.000000,4.000000,4.000000,4.000000,4.000000,4.000000,4.000000,4.000000,4.000000,4.000000,4.000000,4.000000,4.000000,66.666664
1614076757.366997,46.000000,0.000000,5.123678,9.800669,-3.988580,-4.501930,-15.244305,-13.516436,4.459252,-6.691519,-9.296436,-5.691062,-3.882681,2.615562,-4.956758,-3.076035,-0.295339,25.084059,4.730822,16.093960,-3.448345,-14.555746,-8.128735,14.945002,6.267663,13.889300,13.097572,12.635250,5.713293,3.105954,15.278215,18.053316,2.847819,7.631330,8064.000000,0.000000,4.000000,,,,0.000000,4.000000,4.000000,2.000000,4.000000,4.000000,4.000000,4.000000,4.000000,4.000000,4.000000,4.000000,4.000000,4.000000,4.000000,4.000000,4.000000,4.000000,4.000000,2.000000,4.000000,4.000000,4.000000,4.000000,4.000000,4.000000,4.000000,4.000000,4.000000,4.000000,4.000000,4.000000,4.000000,66.666664
1614076757.374746,47.000000,0.000000,4.605733,7.739586,-5.523053,-3.984607,-18.818804,-14.528560,1.890690,-7.710469,-10.825602,-8.249474,-5.930080,1.587306,-4.951802,-3.072958,-0.295043,57.879486,4.213271,40.180431,11.426898,-15.054011,-13.248811,-1.480200,3.697292,9.260027,7.443449,5.443128,4.681938,3.102848,8.083450,13.932699,1.819330,2.495494,8064.000000,0.000000,4.000000,,,,0.000000,4.000000,4.000000,2.000000,4.000000,4.000000,4.000000,4.000000,4.000000,4.000000,4.000000,4.000000,4.000000,4.000000,4.000000,4.000000,4.000000,4.000000,4.000000,2.000000,4.000000,4.000000,4.000000,4.000000,4.000000,4.000000,4.000000,4.000000,4.000000,4.000000,4.000000,4.000000,4.000000,66.666664
1614076757.382595,48.000000,0.000000,5.626769,6.706205,-5.004709,-4.493443,-17.774345,-14.514031,0.350338,-7.702758,-9.276315,-9.266865,-4.385688,2.611360,-5.459671,-3.069885,-0.294748,53.719044,4.209057,32.447941,9.877009,-16.577419,-11.697101,-1.478720,3.180774,6.686664,6.923185,3.899224,5.190077,3.099745,7.049726,13.918767,2.843152,1.980178,8064.000000,0.000000,4.000000,,,,0.000000,4.000000,4.000000,2.000000,4.000000,4.000000,4.000000,4.000000,4.000000,4.000000,4.000000,4.000000,4.000000,4.000000,4.000000,4.000000,4.000000,4.000000,4.000000,2.000000,4.000000,4.000000,4.000000,4.000000,4.000000,4.000000,4.000000,4.000000,4.000000,4.000000,4.000000,4.000000,4.000000,66.666664
1614076757.390344,49.000000,0.000000,7.672424,7.212320,-2.435602,-3.976129,-12.628366,-13.986696,1.375629,-4.618133,-6.702936,-4.129393,2.285364,3.121569,-4.428570,0.010107,-1.320094,21.357632,4.717669,5.236008,-2.953380,-23.227509,-11.172583,8.779169,3.690414,7.192798,11.531647,7.485068,5.697707,3.096645,10.632420,14.417668,2.327488,6.080762,8064.000000,0.000000,4.000000,,,,0.000000,4.000000,4.000000,2.000000,4.000000,4.000000,4.000000,4.000000,4.000000,4.000000,4.000000,4.000000,4.000000,4.000000,4.000000,4.000000,4.000000,4.000000,4.000000,2.000000,4.000000,4.000000,4.000000,4.000000,4.000000,4.000000,4.000000,4.000000,4.000000,4.000000,4.000000,4.000000,4.000000,66.666664
1614076757.398193,50.000000,0.000000,9.203213,7.717928,-0.381885,-5.510615,-10.051634,-13.972710,1.887074,-6.664796,-5.157771,0.490121,-0.281024,-2.522578,-8.013885,1.035738,-5.934159,14.156787,4.200131,-4.512818,-4.488888,-31.922230,-14.238333,2.616544,1.635442,7.698425,13.571397,9.016045,5.179189,3.093549,10.621787,13.890430,2.325160,3.510578,8064.000000,0.000000,4.000000,,,,0.000000,4.000000,4.000000,2.000000,4.000000,4.000000,4.000000,4.000000,4.000000,4.000000,4.000000,4.000000,4.000000,4.000000,4.000000,4.000000,4.000000,4.000000,4.000000,2.000000,4.000000,4.000000,4.000000,4.000000,4.000000,4.000000,4.000000,4.000000,4.000000,4.000000,4.000000,4.000000,4.000000,66.666664
1614076757.405942,51.000000,0.000000,8.681190,7.197390,-0.894323,-7.556386,-12.605685,-13.958737,0.859546,-13.837619,-7.716716,-1.561651,-8.485871,-9.186723,-11.082794,0.009062,-9.517968,19.783655,0.606187,-5.021126,-7.048502,-35.480049,-16.788197,-5.591201,-2.981578,4.613804,9.968081,8.494207,2.609907,3.090455,10.098345,14.389360,2.322835,-2.133958,8064.000000,0.000000,4.000000,,,,0.000000,4.000000,4.000000,2.000000,4.000000,4.000000,4.000000,4.000000,4.000000,4.000000,4.000000,4.000000,4.000000,4.000000,4.000000,4.000000,4.000000,4.000000,4.000000,2.000000,4.000000,4.000000,4.000000,4.000000,4.000000,4.000000,4.000000,4.000000,4.000000,4.000000,4.000000,4.000000,4.000000,66.666664
1614076757.413791,52.000000,0.000000,8.672508,7.703012,-1.406249,-5.497548,-14.131541,-13.944778,1.884327,-9.208397,-6.683358,-3.611372,-1.297898,-8.151895,-6.969147,2.573155,-4.893066,20.276693,0.605581,7.804408,0.138034,-30.316366,-10.617563,-5.585609,-4.004238,-0.006194,8.419652,8.485714,2.607297,3.087364,10.601067,14.374970,2.833333,3.509202,8064.000000,0.000000,4.000000,,,,0.000000,4.000000,4.000000,2.000000,4.000000,4.000000,4.000000,4.000000,4.000000,4.000000,4.000000,4.000000,4.000000,4.000000,4.000000,4.000000,4.000000,4.000000,4.000000,2.000000,4.000000,4.000000,4.000000,4.000000,4.000000,4.000000,4.000000,4.000000,4.000000,4.000000,4.000000,4.000000,4.000000,66.666664
1614076757.421541,53.000000,0.000000,8.663836,8.208130,-0.379202,-3.440768,-11.553307,-11.366732,7.523468,2.595684,3.066915,0.494804,13.575194,-5.066820,-1.321152,9.750069,1.778494,41.282059,7.784462,34.976089,20.137896,-23.106562,1.187926,-5.580024,-1.436131,0.506632,11.488155,11.554151,5.168793,3.084277,10.590466,14.360596,5.394602,12.736462,8064.000000,0.000000,4.000000,,,,0.000000,4.000000,4.000000,2.000000,4.000000,4.000000,4.000000,4.000000,4.000000,4.000000,4.000000,4.000000,4.000000,4.000000,4.000000,4.000000,4.000000,4.000000,4.000000,2.000000,4.000000,4.000000,4.000000,4.000000,4.000000,4.000000,4.000000,4.000000,4.000000,4.000000,4.000000,4.000000,4.000000,66.666664
1614076757.429390,54.000000,0.000000,8.655171,3.584538,1.672459,-3.950148,-9.490472,-9.816903,9.567227,2.593088,5.115130,3.058412,14.587260,-5.061753,-0.807011,12.817242,3.315177,58.676674,12.392062,29.812910,19.604937,-23.596275,4.263661,5.707607,0.103767,5.121510,16.092052,13.081059,5.163624,3.081193,10.579875,14.859056,5.389207,12.723725,8064.000000,0.000000,4.000000,,,,0.000000,4.000000,4.000000,2.000000,4.000000,4.000000,4.000000,4.000000,4.000000,4.000000,4.000000,4.000000,4.000000,4.000000,4.000000,4.000000,4.000000,4.000000,4.000000,2.000000,4.000000,4.000000,4.000000,4.000000,4.000000,4.000000,4.000000,4.000000,4.000000,4.000000,4.000000,4.000000,4.000000,66.666664
1614076757.437139,55.000000,0.000000,9.159337,-4.624176,3.209248,-3.946198,-9.993801,-9.807086,4.942275,-7.153095,-4.120754,-2.585672,6.367545,-5.569512,-3.370306,7.163399,0.747759,31.951328,11.354030,2.090789,6.764820,-21.521397,3.233757,19.548054,-0.921978,7.680491,15.563140,10.503875,2.081537,3.078112,10.569295,13.305736,2.819716,9.634079,8064.000000,0.000000,4.000000,,,,0.000000,4.000000,4.000000,2.000000,4.000000,4.000000,4.000000,4.000000,4.000000,4.000000,4.000000,4.000000,4.000000,4.000000,4.000000,4.000000,4.000000,4.000000,4.000000,2.000000,4.000000,4.000000,4.000000,4.000000,4.000000,4.000000,4.000000,4.000000,4.000000,4.000000,4.000000,4.000000,4.000000,66.666664
1614076757.444988,56.000000,0.000000,7.611716,-7.696474,2.693218,-4.967893,-9.983808,-9.797279,1.347589,-11.761327,-10.270479,-8.736933,2.771434,-5.051122,-5.418218,-3.612995,-1.304271,6.791173,10.829855,5.165621,4.193952,-10.217825,4.256164,13.374660,-0.408235,7.672811,13.496294,8.954909,1.053815,3.075034,10.558726,11.241147,2.304075,10.137265,8064.000000,0.000000,4.000000,,,,0.000000,4.000000,4.000000,2.000000,4.000000,4.000000,4.000000,4.000000,4.000000,4.000000,4.000000,4.000000,4.000000,4.000000,4.000000,4.000000,4.000000,4.000000,4.000000,2.000000,4.000000,4.000000,4.000000,4.000000,4.000000,4.000000,4.000000,4.000000,4.000000,4.000000,4.000000,4.000000,4.000000,66.666664
1614076757.452737,57.000000,0.000000,5.040002,-7.688778,2.690525,-7.527027,-10.486645,-11.838764,0.833421,-9.698283,-9.234569,-8.215375,2.255842,-5.046071,-3.874338,-6.173484,0.235495,24.220280,12.357487,15.929687,3.164117,-6.617863,0.149344,2.079233,-0.407827,7.152318,12.969977,8.945954,3.104043,3.071959,10.548167,10.204266,3.327412,9.614307,8064.000000,0.000000,4.000000,,,,0.000000,4.000000,4.000000,2.000000,4.000000,4.000000,4.000000,4.000000,4.000000,4.000000,4.000000,4.000000,4.000000,4.000000,4.000000,4.000000,4.000000,4.000000,4.000000,2.000000,4.000000,4.000000,4.000000,4.000000,4.000000,4.000000,4.000000,4.000000,4.000000,4.000000,4.000000,4.000000,4.000000,66.666664
1614076757.460586,58.000000,0.000000,5.034962,-7.681089,2.687835,-8.032321,-9.450517,-13.878207,1.345408,-5.586020,-7.686872,-4.104596,3.792048,-3.502563,0.744921,-0.013465,2.286542,44.708878,11.319489,6.682988,8.289158,-12.252271,-3.953370,1.564334,-0.407419,7.657986,11.418546,7.398547,2.075298,3.581707,10.537620,10.706882,2.811265,6.527770,8064.000000,0.000000,4.000000,,,,0.000000,4.000000,4.000000,2.000000,4.000000,4.000000,4.000000,4.000000,4.000000,4.000000,4.000000,4.000000,4.000000,4.000000,4.000000,4.000000,4.000000,4.000000,4.000000,2.000000,4.000000,4.000000,4.000000,4.000000,4.000000,4.000000,4.000000,4.000000,4.000000,4.000000,4.000000,4.000000,4.000000,66.666664
1614076757.468335,59.000000,0.000000,5.542747,-5.109305,2.685147,-7.511468,-7.389784,-13.864328,3.395345,-3.016332,-6.653544,-1.536389,7.890820,-1.447778,2.795458,4.601933,2.797076,37.484684,11.308168,10.266048,20.588562,-13.778481,-3.436596,3.101231,-0.407012,8.675969,9.355845,4.827046,-6.131906,2.039664,10.527081,10.696175,2.808453,6.008421,8064.000000,0.000000,4.000000,,,,0.000000,4.000000,4.000000,2.000000,4.000000,4.000000,4.000000,4.000000,4.000000,4.000000,4.000000,4.000000,4.000000,4.000000,4.000000,4.000000,4.000000,4.000000,4.000000,2.000000,4.000000,4.000000,4.000000,4.000000,4.000000,4.000000,4.000000,4.000000,4.000000,4.000000,4.000000,4.000000,4.000000,66.666664
1614076757.476184,60.000000,0.000000,3.485923,-1.001632,2.682462,-7.503956,-6.356753,-14.363285,4.930411,-3.013316,-5.621250,-0.509211,8.395749,-0.933510,3.305483,4.084511,3.307099,29.754890,11.809681,20.512192,9.798742,-20.431368,-10.099826,3.098130,-0.406605,5.077549,9.346490,4.822219,-13.305261,-0.526478,10.516555,10.172658,2.805645,6.515234,8064.000000,0.000000,4.000000,,,,0.000000,4.000000,4.000000,2.000000,4.000000,4.000000,4.000000,4.000000,4.000000,4.000000,4.000000,4.000000,4.000000,4.000000,4.000000,4.000000,4.000000,4.000000,4.000000,2.000000,4.000000,4.000000,4.000000,4.000000,4.000000,4.000000,4.000000,4.000000,4.000000,4.000000,4.000000,4.000000,4.000000,66.666664
1614076757.483933,61.000000,0.000000,1.431155,0.537831,2.166959,-6.983632,-5.837576,-13.323280,4.925481,-3.010303,-5.615628,0.004118,3.259149,-0.932577,1.763716,3.567606,2.790972,35.366161,9.746590,5.619885,-16.364902,-36.821194,-20.858957,-1.520353,-0.406198,-2.107016,9.849963,5.330217,-13.804776,-1.038772,10.506038,10.675305,2.802839,6.508718,8064.000000,0.000000,4.000000,,,,0.000000,4.000000,4.000000,2.000000,4.000000,4.000000,4.000000,4.000000,4.000000,4.000000,4.000000,4.000000,4.000000,4.000000,4.000000,4.000000,4.000000,4.000000,4.000000,2.000000,4.000000,4.000000,4.000000,4.000000,4.000000,4.000000,4.000000,4.000000,4.000000,4.000000,4.000000,4.000000,4.000000,66.666664
1614076757.491582,62.000000,0.000000,0.916903,2.075755,3.703254,-3.899725,-3.780457,-8.694572,4.920555,-2.494472,-5.610013,0.004114,2.230248,-2.470105,-5.930356,4.589679,-1.827204,29.689770,5.121458,-12.847273,-19.938282,-46.527962,-24.427841,-10.236781,-0.405792,-5.181832,9.840114,5.324887,-12.252510,-0.524913,10.495532,10.664631,2.800036,6.502210,8064.000000,0.000000,4.000000,,,,0.000000,4.000000,4.000000,2.000000,4.000000,4.000000,4.000000,4.000000,4.000000,4.000000,4.000000,4.000000,4.000000,4.000000,4.000000,4.000000,4.000000,4.000000,4.000000,2.000000,4.000000,4.000000,4.000000,4.000000,4.000000,4.000000,4.000000,4.000000,4.000000,4.000000,4.000000,4.000000,4.000000,66.666664
1614076757.499331,63.000000,0.000000,1.428807,4.124961,6.263653,1.232380,-2.238214,-5.608955,4.915635,-3.004798,-5.604403,-0.508710,3.766480,-4.518918,-12.591092,4.072269,-6.953582,2.480593,3.065055,-16.936991,-10.174753,-45.968613,-23.377773,-4.072699,-0.405386,-3.638188,8.291812,5.319562,-13.265899,-0.524388,10.485036,10.653966,2.797236,6.495708,8064.000000,0.000000,4.000000,,,,0.000000,4.000000,4.000000,2.000000,4.000000,4.000000,4.000000,4.000000,4.000000,4.000000,4.000000,4.000000,4.000000,4.000000,4.000000,4.000000,4.000000,4.000000,4.000000,2.000000,4.000000,4.000000,4.000000,4.000000,4.000000,4.000000,4.000000,4.000000,4.000000,4.000000,4.000000,4.000000,4.000000,66.666664
1614076757.506980,64.000000,0.000000,1.427378,4.120836,6.770210,5.333711,-2.235976,-6.116167,4.910719,-3.001793,-5.598798,0.517439,2.737072,-5.540040,-11.040039,4.068197,-8.485090,-13.932144,4.087631,-9.740565,-9.138938,-42.332901,-20.790293,11.828810,-0.404981,-3.634550,6.745059,5.827063,-13.252632,-0.523864,10.987371,11.156133,2.794439,7.002032,0.000000,190.000000,4.000000,,,,0.000000,4.000000,4.000000,2.000000,4.000000,4.000000,4.000000,4.000000,4.000000,4.000000,4.000000,4.000000,4.000000,4.000000,4.000000,4.000000,4.000000,4.000000,4.000000,2.000000,4.000000,4.000000,4.000000,4.000000,4.000000,4.000000,4.000000,4.000000,4.000000,4.000000,4.000000,4.000000,4.000000,66.666664
1614076757.514729,65.000000,0.000000,1.425950,3.603895,6.250619,3.277096,-2.233740,-6.622871,4.905808,-2.998791,-5.593199,-0.508719,2.734335,-5.021679,-7.952076,4.576949,-7.450964,9.671532,4.083543,7.192252,-11.181081,-32.546978,-12.564374,12.329802,-0.404576,-4.656557,6.225493,5.821236,-12.726560,-0.523340,10.976384,10.632155,3.304465,6.995030,0.000000,198.000000,4.000000,,,,0.000000,4.000000,4.000000,2.000000,4.000000,4.000000,4.000000,4.000000,4.000000,4.000000,4.000000,4.000000,4.000000,4.000000,4.000000,4.000000,4.000000,4.000000,4.000000,2.000000,4.000000,4.000000,4.000000,4.000000,4.000000,4.000000,4.000000,4.000000,4.000000,4.000000,4.000000,4.000000,4.000000,66.666664
1614076757.522378,66.000000,0.000000,0.911704,4.113111,6.244368,0.709716,-2.744327,-6.103428,4.900903,-2.995792,-6.100427,-7.687697,3.244421,-5.016657,-8.969765,2.521090,-5.392231,38.379810,3.566639,13.338905,-12.195540,-25.334944,-7.936425,6.676446,-0.404171,-1.574977,6.219267,5.302594,-12.713833,-0.522817,9.939767,10.621524,2.788340,6.475214,0.000000,207.000000,4.000000,,,,0.000000,4.000000,4.000000,2.000000,4.000000,4.000000,4.000000,4.000000,4.000000,4.000000,4.000000,4.000000,4.000000,4.000000,4.000000,4.000000,4.000000,4.000000,4.000000,2.000000,4.000000,4.000000,4.000000,4.000000,4.000000,4.000000,4.000000,4.000000,4.000000,4.000000,4.000000,4.000000,4.000000,66.666664
1614076757.530128,67.000000,0.000000,1.423613,3.596178,6.750944,1.221827,-1.715942,-6.097324,4.896002,-2.992796,-5.581506,-11.782574,-0.861387,-5.524461,-8.960795,-0.045534,-4.874018,32.700405,3.563072,6.658900,-9.106422,-25.822430,-7.415668,9.746693,-0.403767,2.016342,6.725869,5.297291,-13.213940,-0.009473,10.442648,11.123723,2.785552,6.981560,0.000000,195.000000,4.000000,,,,0.000000,4.000000,4.000000,2.000000,4.000000,4.000000,4.000000,4.000000,4.000000,4.000000,4.000000,4.000000,4.000000,4.000000,4.000000,4.000000,4.000000,4.000000,4.000000,2.000000,4.000000,4.000000,4.000000,4.000000,4.000000,4.000000,4.000000,4.000000,4.000000,4.000000,4.000000,4.000000,4.000000,66.666664
1614076757.537777,68.000000,0.000000,3.986292,4.105402,6.231373,-2.369139,-2.739867,-6.091227,4.891106,-2.989804,-5.575924,-9.206689,-4.450270,-5.006116,-7.926194,-0.045488,-6.920426,19.847191,4.072330,9.729164,-2.943470,-24.770967,-5.869791,7.172843,-0.403364,3.552787,6.206323,5.291994,-12.687905,-1.547925,10.945025,9.061316,3.295587,6.974578,0.000000,188.000000,4.000000,,,,0.000000,4.000000,4.000000,2.000000,4.000000,4.000000,4.000000,4.000000,4.000000,4.000000,4.000000,4.000000,4.000000,4.000000,4.000000,4.000000,4.000000,4.000000,4.000000,2.000000,4.000000,4.000000,4.000000,4.000000,4.000000,4.000000,4.000000,4.000000,4.000000,4.000000,4.000000,4.000000,4.000000,66.666664
1614076757.545526,69.000000,0.000000,3.982306,4.101297,2.122577,-11.597539,-8.890973,-8.136417,4.886215,-2.986814,-6.083169,-7.146200,-5.471460,-5.513931,-8.943909,0.980198,-11.016069,23.929907,5.093898,4.591230,-10.120013,-26.797478,-18.171614,-3.603560,-0.402960,5.087696,0.559090,0.158497,-12.675217,-3.597660,5.293055,1.872768,0.215368,0.300937,0.000000,198.000000,4.000000,,,,0.000000,4.000000,4.000000,2.000000,4.000000,4.000000,4.000000,4.000000,4.000000,4.000000,4.000000,4.000000,4.000000,4.000000,4.000000,4.000000,4.000000,4.000000,4.000000,2.000000,4.000000,4.000000,4.000000,4.000000,4.000000,4.000000,4.000000,4.000000,4.000000,4.000000,4.000000,4.000000,4.000000,66.666664
1614076757.553175,70.000000,0.000000,1.927041,1.533093,-3.007750,-16.201326,-14.010287,-10.179564,4.881329,-2.983827,-3.000163,-8.677515,-4.440348,-4.995596,-7.909323,-1.072064,-13.056335,19.803413,3.550343,-20.028746,-18.827843,-35.488628,-33.025238,-6.676879,-0.915378,-0.045597,-5.595315,-5.995508,-13.175363,-4.619703,-0.866084,-4.282950,-4.913053,-7.904492,0.000000,187.000000,4.000000,,,,0.000000,4.000000,4.000000,4.000000,4.000000,4.000000,4.000000,4.000000,4.000000,4.000000,4.000000,4.000000,4.000000,4.000000,4.000000,4.000000,4.000000,4.000000,4.000000,2.000000,4.000000,4.000000,4.000000,4.000000,4.000000,4.000000,4.000000,4.000000,4.000000,4.000000,4.000000,4.000000,4.000000,83.333336
1614076757.560924,71.000000,0.000000,5.002037,1.018739,-5.056025,-14.646663,-13.996277,-10.169384,4.876447,-2.980843,1.105402,-7.643197,-2.384625,-2.426498,-3.798850,2.005931,-6.376613,12.091302,4.059613,-16.418974,-3.937219,-33.914680,-24.274261,-2.054818,1.649640,-10.301962,-5.076899,-4.451051,-10.085264,-4.102262,1.698884,-4.278667,-3.882498,-8.922229,0.000000,183.000000,4.000000,,,,0.000000,4.000000,4.000000,4.000000,4.000000,4.000000,4.000000,4.000000,4.000000,4.000000,4.000000,4.000000,4.000000,4.000000,4.000000,4.000000,4.000000,4.000000,4.000000,2.000000,4.000000,4.000000,4.000000,4.000000,4.000000,4.000000,4.000000,4.000000,4.000000,4.000000,4.000000,4.000000,4.000000,83.333336
1614076757.568573,72.000000,0.000000,9.612420,3.581823,-4.538148,-14.632016,-12.956639,-9.646394,4.871571,-2.977862,1.104296,-4.558630,-0.843779,-0.885610,-0.718128,9.696233,5.937456,31.566389,7.645297,13.341035,12.476974,-25.162815,-8.865373,-1.027122,3.699273,-8.753199,-0.456437,1.194426,-3.921332,-4.098160,7.338211,-1.197466,1.762410,-7.374845,0.000000,194.000000,4.000000,,,,0.000000,4.000000,4.000000,4.000000,4.000000,4.000000,4.000000,4.000000,4.000000,4.000000,4.000000,4.000000,4.000000,4.000000,4.000000,4.000000,4.000000,4.000000,4.000000,2.000000,4.000000,4.000000,4.000000,4.000000,4.000000,4.000000,4.000000,4.000000,4.000000,4.000000,4.000000,4.000000,4.000000,83.333336
1614076757.576322,73.000000,0.000000,8.064345,2.039780,-5.046431,-15.130205,-13.969324,-10.149568,4.866699,-2.974885,-0.948090,-3.015610,-0.842935,-0.884724,-0.204589,10.199357,6.444339,40.252773,5.073549,11.789232,6.310651,-27.188934,-10.907789,-1.538916,2.157112,2.024786,3.133763,2.218873,-1.353309,-4.094062,6.818052,-0.170627,3.811929,-8.393111,0.000000,197.000000,4.000000,,,,0.000000,4.000000,4.000000,4.000000,4.000000,4.000000,4.000000,4.000000,4.000000,4.000000,4.000000,4.000000,4.000000,4.000000,4.000000,4.000000,4.000000,4.000000,4.000000,2.000000,4.000000,4.000000,4.000000,4.000000,4.000000,4.000000,4.000000,4.000000,4.000000,4.000000,4.000000,4.000000,4.000000,83.333336
1614076757.583972,74.000000,0.000000,4.979358,-0.526362,-5.041384,-14.602254,-13.442534,-10.139419,5.374653,-2.971910,-1.972783,-4.038236,-0.329272,-1.396660,-2.768487,3.522491,-4.844156,13.033032,-4.162293,-15.402043,-0.362326,-33.828411,-16.025087,-1.024556,-0.409148,5.099684,2.617808,1.191013,-1.864776,-4.089968,6.298414,-0.683277,2.269656,-7.871897,0.000000,216.000000,4.000000,,,,0.000000,4.000000,4.000000,4.000000,4.000000,4.000000,4.000000,4.000000,4.000000,4.000000,4.000000,4.000000,4.000000,4.000000,4.000000,4.000000,4.000000,4.000000,4.000000,2.000000,4.000000,4.000000,4.000000,4.000000,4.000000,4.000000,4.000000,4.000000,4.000000,4.000000,4.000000,4.000000,4.000000,83.333336
1614076757.591721,75.000000,0.000000,4.974379,0.499805,-4.010702,-14.074831,-12.916271,-9.103638,4.343637,-2.968938,-6.073374,-4.034198,-1.354584,-0.882443,-6.355463,0.442046,-12.018800,-0.826155,-8.260695,-24.104591,1.176498,-33.281765,-14.983420,-1.023532,-0.921559,3.043302,2.615191,2.215463,-1.862911,-4.085878,7.317757,-0.169774,3.293027,-7.864026,0.000000,200.000000,4.000000,,,,0.000000,4.000000,4.000000,4.000000,4.000000,4.000000,4.000000,4.000000,4.000000,4.000000,4.000000,4.000000,4.000000,4.000000,4.000000,4.000000,4.000000,4.000000,4.000000,2.000000,4.000000,4.000000,4.000000,4.000000,4.000000,4.000000,4.000000,4.000000,4.000000,4.000000,4.000000,4.000000,4.000000,83.333336
1614076757.599370,76.000000,0.000000,5.482225,-2.064797,-5.545152,-16.112038,-14.441816,-11.658637,1.775191,-2.965969,-9.144224,-3.517343,-5.968614,-0.368740,-8.400389,-0.584037,-11.493960,10.456723,-6.713973,-18.439461,-3.952884,-31.710020,-18.045361,-0.509687,-2.971920,4.065900,3.638216,1.700427,-1.348228,-4.081792,5.771977,0.343217,4.315375,-9.394623,0.000000,201.000000,4.000000,,,,0.000000,4.000000,4.000000,4.000000,4.000000,4.000000,4.000000,4.000000,4.000000,4.000000,4.000000,4.000000,4.000000,4.000000,4.000000,4.000000,4.000000,4.000000,4.000000,2.000000,4.000000,4.000000,4.000000,4.000000,4.000000,4.000000,4.000000,4.000000,4.000000,4.000000,4.000000,4.000000,4.000000,83.333336
1614076757.607219,77.000000,0.000000,4.963923,-9.242220,-7.590889,-18.147209,-16.991478,-16.262363,1.260595,-2.450182,-9.135080,-7.103569,-8.013927,-3.445294,-8.391989,-7.250120,-11.482466,10.446266,-7.220080,-17.908199,-4.461751,-33.216770,-22.642700,-0.509178,-4.507409,3.549013,0.557655,-0.865376,-1.859700,-4.077711,3.202103,-1.708408,-2.868427,-10.923690,0.000000,212.000000,4.000000,,,,0.000000,4.000000,4.000000,4.000000,4.000000,4.000000,4.000000,4.000000,4.000000,4.000000,4.000000,4.000000,4.000000,4.000000,4.000000,4.000000,4.000000,4.000000,4.000000,2.000000,4.000000,4.000000,4.000000,4.000000,4.000000,4.000000,4.000000,4.000000,4.000000,4.000000,4.000000,4.000000,4.000000,83.333336
1614076757.614968,78.000000,0.000000,4.958959,-11.797080,-8.608939,-18.641882,-19.025768,-17.784561,0.233694,-3.986194,-12.715689,-11.711850,-8.005914,-8.057234,-8.383596,-11.345434,-12.496625,8.897358,-7.212860,-18.403112,5.799120,-33.183556,-22.620056,-4.098412,-3.990081,-0.557100,-5.596749,-2.402972,-1.857840,-4.073633,2.686080,-5.809264,-12.096328,-13.476869,0.000000,204.000000,4.000000,,,,0.000000,4.000000,4.000000,4.000000,4.000000,4.000000,4.000000,4.000000,4.000000,4.000000,4.000000,4.000000,4.000000,4.000000,4.000000,4.000000,4.000000,4.000000,4.000000,2.000000,4.000000,4.000000,4.000000,4.000000,4.000000,4.000000,4.000000,4.000000,4.000000,4.000000,4.000000,4.000000,4.000000,83.333336
1614076757.622817,79.000000,0.000000,4.954000,-10.759642,-8.087510,-18.110420,-20.545204,-17.253958,-1.817822,-6.546310,-16.292717,-10.674498,-9.023548,-9.074818,-8.888034,-8.257165,-10.945666,22.221794,-1.564621,-8.128299,7.331783,-32.637550,-22.084616,-5.119955,-3.986091,-6.197568,-8.668075,-1.887749,-1.855982,-4.069559,3.196214,-8.367558,-12.084231,-15.001853,0.000000,215.000000,4.000000,,,,0.000000,4.000000,4.000000,4.000000,4.000000,4.000000,4.000000,4.000000,4.000000,4.000000,4.000000,4.000000,4.000000,4.000000,4.000000,4.000000,4.000000,4.000000,4.000000,2.000000,4.000000,4.000000,4.000000,4.000000,4.000000,4.000000,4.000000,4.000000,4.000000,4.000000,4.000000,4.000000,4.000000,83.333336
1614076757.630566,80.000000,0.000000,5.461866,-10.748882,-8.079422,-18.092310,-21.037479,-17.236704,-2.841645,-6.026943,-12.686680,-5.022797,-5.424781,-7.527281,-8.366325,-3.633524,-7.344977,30.917521,1.513867,3.161880,-0.367857,-32.604912,-22.062532,-2.550732,-3.982105,-10.293935,-8.146586,-1.373041,-1.854126,-4.065490,3.193018,-6.820728,-6.431122,-9.858646,0.000000,229.000000,4.000000,,,,0.000000,4.000000,4.000000,4.000000,4.000000,4.000000,4.000000,4.000000,4.000000,4.000000,4.000000,4.000000,4.000000,4.000000,4.000000,4.000000,4.000000,4.000000,4.000000,2.000000,4.000000,4.000000,4.000000,4.000000,4.000000,4.000000,4.000000,4.000000,4.000000,4.000000,4.000000,4.000000,4.000000,83.333336
1614076757.638415,81.000000,0.000000,4.943583,-11.250954,-8.071343,-18.074217,-20.503620,-17.732286,-2.325983,-5.508096,-8.571429,-3.479313,-0.803972,-8.032575,-7.845138,-2.604249,-7.337632,27.809681,0.999532,-3.507948,-4.470053,-32.572308,-22.040468,-8.702027,-3.978123,-11.309282,-8.138440,-2.397309,-1.852272,-4.061424,3.189825,-2.711344,-3.860588,-4.207762,0.000000,182.000000,4.000000,,,,0.000000,4.000000,4.000000,4.000000,4.000000,4.000000,4.000000,4.000000,4.000000,4.000000,4.000000,4.000000,4.000000,4.000000,4.000000,4.000000,4.000000,4.000000,4.000000,2.000000,4.000000,4.000000,4.000000,4.000000,4.000000,4.000000,4.000000,4.000000,4.000000,4.000000,4.000000,4.000000,4.000000,83.333336
1614076757.646164,82.000000,0.000000,2.374537,-10.726883,-8.063272,-18.056143,-20.483118,-17.201735,-2.323657,-9.092331,-9.075678,-4.501474,-4.905732,-9.563004,-8.350114,-3.114465,-8.355936,24.704948,0.485712,-17.863415,-3.439942,-32.539738,-22.531250,-15.872813,-5.512607,-10.785152,-8.643122,-4.446193,-1.850420,-4.057363,3.186635,0.368291,-4.882369,-3.690734,0.000000,204.000000,4.000000,,,,0.000000,4.000000,4.000000,4.000000,4.000000,4.000000,4.000000,4.000000,4.000000,4.000000,4.000000,4.000000,4.000000,4.000000,4.000000,4.000000,4.000000,4.000000,4.000000,2.000000,4.000000,4.000000,4.000000,4.000000,4.000000,4.000000,4.000000,4.000000,4.000000,4.000000,4.000000,4.000000,4.000000,83.333336
1614076757.654013,83.000000,0.000000,1.346522,-10.716156,-8.055208,-18.038086,-20.462635,-17.184532,-2.321333,-8.570418,-9.579423,-3.984153,-6.439288,-6.989338,-7.828943,-2.598530,-4.757836,26.731525,0.998047,-14.255808,1.178883,-32.507198,-21.995897,-3.549248,-7.558376,-10.774367,-8.121658,-5.980209,-1.848570,-4.053305,3.183449,-0.657718,-4.364666,-4.712684,0.000000,215.000000,4.000000,,,,0.000000,4.000000,4.000000,4.000000,4.000000,4.000000,4.000000,4.000000,4.000000,4.000000,4.000000,4.000000,4.000000,4.000000,4.000000,4.000000,4.000000,4.000000,4.000000,2.000000,4.000000,4.000000,4.000000,4.000000,4.000000,4.000000,4.000000,4.000000,4.000000,4.000000,4.000000,4.000000,4.000000,83.333336
1614076757.661762,84.000000,0.000000,1.857996,-10.705440,-8.047153,-18.020048,-20.442171,-17.167347,-2.831833,-5.997746,-8.544203,-3.467348,-3.868746,-9.033630,-7.821114,-2.083111,-4.753078,30.294537,1.509869,-4.497962,-1.386399,-31.961868,-21.461081,6.197891,-7.550817,-11.276413,-8.113537,-5.461408,-1.333900,-4.049252,3.180265,-3.221163,-3.847481,-3.682330,0.000000,191.000000,4.000000,,,,0.000000,4.000000,4.000000,4.000000,4.000000,4.000000,4.000000,4.000000,4.000000,4.000000,4.000000,4.000000,4.000000,4.000000,4.000000,4.000000,4.000000,4.000000,4.000000,2.000000,4.000000,4.000000,4.000000,4.000000,4.000000,4.000000,4.000000,4.000000,4.000000,4.000000,4.000000,4.000000,4.000000,83.333336
1614076757.669611,85.000000,0.000000,-0.195144,-10.694735,-8.039106,-18.002028,-20.421730,-17.150181,-5.393104,-13.171235,-8.535659,-6.027983,-12.582826,-18.255365,-11.403036,-5.157951,-11.414992,20.520653,-1.055743,-6.031926,-15.231166,-31.929907,-22.465261,-6.115999,-7.543267,-10.752316,-7.592603,-5.455946,-1.332566,-4.045203,3.177085,-3.730763,-4.356453,-3.678648,0.000000,193.000000,4.000000,,,,0.000000,4.000000,4.000000,4.000000,4.000000,4.000000,4.000000,4.000000,4.000000,4.000000,4.000000,4.000000,4.000000,4.000000,4.000000,4.000000,4.000000,4.000000,4.000000,2.000000,4.000000,4.000000,4.000000,4.000000,4.000000,4.000000,4.000000,4.000000,4.000000,4.000000,4.000000,4.000000,4.000000,83.333336
1614076757.677360,86.000000,0.000000,-2.759052,-10.684039,-8.031067,-17.984026,-20.401308,-17.133030,-6.413352,-21.876013,-9.039944,-7.560417,-22.313833,-22.852495,-16.007019,-11.819460,-16.018961,1.012953,-3.618790,-3.461791,-12.651833,-32.410797,-20.904335,-17.904755,-7.535724,-10.741564,-8.097831,-5.450490,-1.844054,-4.041158,3.173908,-3.214211,-3.839277,-4.187790,0.000000,191.000000,4.000000,,,,0.000000,4.000000,4.000000,4.000000,4.000000,4.000000,4.000000,4.000000,4.000000,4.000000,4.000000,4.000000,4.000000,4.000000,4.000000,4.000000,4.000000,4.000000,4.000000,2.000000,4.000000,4.000000,4.000000,4.000000,4.000000,4.000000,4.000000,4.000000,4.000000,4.000000,4.000000,4.000000,4.000000,83.333336
1614076757.685209,87.000000,0.000000,-2.756293,-8.622073,-8.023036,-17.966042,-19.868086,-17.115898,-5.894117,-20.315676,-9.030904,-7.552856,-16.137672,-17.701437,-15.991011,-14.371743,-14.977302,4.088863,-2.589530,1.669876,8.899281,-31.865566,-15.755224,-14.809927,-7.528188,-10.730823,-8.089733,-5.445040,-1.842210,-4.037117,3.170734,-3.723818,-4.348258,-4.183602,0.000000,212.000000,4.000000,,,,0.000000,4.000000,4.000000,4.000000,4.000000,4.000000,4.000000,4.000000,4.000000,4.000000,4.000000,4.000000,4.000000,4.000000,4.000000,4.000000,4.000000,4.000000,4.000000,2.000000,4.000000,4.000000,4.000000,4.000000,4.000000,4.000000,4.000000,4.000000,4.000000,4.000000,4.000000,4.000000,4.000000,83.333336
1614076757.692958,88.000000,0.000000,-2.753536,-7.074990,-8.015013,-17.948076,-20.361038,-17.098782,-5.888223,-16.192795,-9.021873,-7.545303,-11.506150,-15.119634,-14.949379,-13.844551,-14.449504,11.264261,-4.638223,-12.690768,6.839099,-31.833700,-16.765110,-12.231014,-7.520659,-10.720092,-7.568822,-5.439595,-1.840368,-4.033079,3.167563,-3.720094,-6.395192,-4.179419,0.000000,220.000000,4.000000,,,,0.000000,4.000000,4.000000,4.000000,4.000000,4.000000,4.000000,4.000000,4.000000,4.000000,4.000000,4.000000,4.000000,4.000000,4.000000,4.000000,4.000000,4.000000,4.000000,2.000000,4.000000,4.000000,4.000000,4.000000,4.000000,4.000000,4.000000,4.000000,4.000000,4.000000,4.000000,4.000000,4.000000,83.333336
1614076757.700807,89.000000,0.000000,-2.750783,-7.067914,-8.006998,-17.930128,-20.340677,-17.081682,-6.395155,-17.715063,-9.012851,-7.537758,-16.110029,-16.642975,-16.472891,-13.830707,-15.460695,-8.747004,-9.761789,-32.678078,-22.911329,-35.391609,-23.415012,-12.218783,-8.025959,-10.709372,-9.612535,-5.434155,-7.479554,-4.029046,3.164396,-3.716374,-8.440079,-4.175239,0.000000,191.000000,4.000000,,,,0.000000,4.000000,4.000000,4.000000,4.000000,4.000000,4.000000,4.000000,4.000000,4.000000,4.000000,4.000000,4.000000,4.000000,4.000000,4.000000,4.000000,4.000000,4.000000,2.000000,4.000000,4.000000,4.000000,4.000000,4.000000,4.000000,4.000000,4.000000,4.000000,4.000000,4.000000,4.000000,4.000000,83.333336
1614076757.708556,90.000000,0.000000,-2.235211,-6.548026,-7.998991,-17.912197,-19.807516,-17.064600,-5.875940,-17.184528,-9.003838,-8.555861,-15.068278,-14.062230,-15.430778,-14.329696,-14.932414,-15.404922,-9.752028,-37.260784,-33.657650,-39.458782,-26.468519,-12.206565,-6.992292,-10.698662,-11.654205,-6.454362,-16.190023,-4.025017,3.161231,-3.199837,-7.918818,-3.658243,0.000000,126.000000,4.000000,,,,0.000000,4.000000,4.000000,4.000000,4.000000,4.000000,4.000000,4.000000,4.000000,4.000000,4.000000,4.000000,4.000000,4.000000,4.000000,4.000000,4.000000,4.000000,4.000000,2.000000,4.000000,4.000000,4.000000,4.000000,4.000000,4.000000,4.000000,4.000000,4.000000,4.000000,4.000000,4.000000,4.000000,83.333336
1614076757.716205,91.000000,0.000000,-3.258617,-7.567119,-7.990992,-17.894285,-21.838991,-17.047537,-5.870064,-14.090421,-8.994834,-10.598588,-10.950645,-10.971245,-10.287142,-13.802546,-14.917481,11.277149,-4.614070,-33.633781,-18.752195,-39.932144,-25.416410,-13.219999,-7.498121,-10.687963,-11.642551,-8.499190,-16.173832,-4.020992,3.158070,-4.735098,-7.910899,-5.705867,0.000000,207.000000,4.000000,,,,0.000000,4.000000,4.000000,4.000000,4.000000,4.000000,4.000000,4.000000,4.000000,4.000000,4.000000,4.000000,4.000000,4.000000,4.000000,4.000000,4.000000,4.000000,4.000000,2.000000,4.000000,4.000000,2.000000,4.000000,4.000000,4.000000,4.000000,4.000000,4.000000,4.000000,4.000000,4.000000,4.000000,66.666664
1614076757.723954,92.000000,0.000000,-1.716897,-7.046731,-7.983001,-17.876392,-23.355614,-17.543310,-5.864194,-13.050689,-8.985839,-11.613630,-11.452516,-11.985914,-7.712752,-13.788743,-15.415384,16.906897,-2.558174,-28.471941,-8.989854,-38.866573,-24.878174,-6.540112,-8.516264,-10.677276,-12.656549,-9.516332,-10.516633,-4.016971,3.154912,-6.781645,-8.415809,-8.264264,0.000000,148.000000,4.000000,,,,0.000000,4.000000,4.000000,4.000000,4.000000,4.000000,4.000000,4.000000,4.000000,4.000000,4.000000,4.000000,4.000000,4.000000,4.000000,4.000000,4.000000,4.000000,4.000000,2.000000,4.000000,4.000000,2.000000,4.000000,4.000000,4.000000,4.000000,4.000000,4.000000,4.000000,4.000000,4.000000,4.000000,66.666664
1614076757.731604,93.000000,0.000000,2.900204,-1.911480,-7.975018,-17.858515,-21.280975,-14.448843,-5.858330,-13.550459,-8.976853,-11.089196,-8.876961,-11.461108,-8.217859,-14.287775,-14.887149,-2.084369,-3.581257,-21.263981,-11.032146,-39.340527,-22.802013,7.312582,-3.379542,-10.666598,-10.079790,-8.481174,-8.454835,-4.012954,3.664578,-7.800505,-6.356111,-5.179077,0.000000,199.000000,4.000000,,,,0.000000,4.000000,4.000000,4.000000,4.000000,4.000000,4.000000,4.000000,4.000000,4.000000,4.000000,4.000000,4.000000,4.000000,4.000000,4.000000,4.000000,4.000000,4.000000,2.000000,4.000000,4.000000,2.000000,4.000000,4.000000,4.000000,4.000000,4.000000,4.000000,4.000000,4.000000,4.000000,4.000000,66.666664
1614076757.739353,94.000000,0.000000,5.461407,-0.371107,-7.967043,-17.840656,-19.721233,-10.331830,-4.314010,-13.536908,-8.967876,-11.078107,-4.252699,-8.885545,-8.209641,-13.760667,-14.359441,-1.569464,-3.064855,-15.601692,-11.021114,-39.301186,-20.727930,12.946295,3.803324,-10.655931,-2.890224,-6.421411,-9.472021,-4.008941,3.148093,-7.279884,-4.298472,-3.122615,0.000000,194.000000,4.000000,,,,0.000000,4.000000,4.000000,4.000000,4.000000,4.000000,4.000000,4.000000,4.000000,4.000000,4.000000,4.000000,4.000000,4.000000,4.000000,4.000000,4.000000,4.000000,4.000000,2.000000,4.000000,4.000000,2.000000,4.000000,4.000000,4.000000,4.000000,4.000000,4.000000,4.000000,4.000000,4.000000,4.000000,66.666664
1614076757.747002,95.000000,0.000000,5.455945,-6.524582,-8.984716,-17.822817,-20.727152,-10.321498,-2.258414,-13.523372,-9.471729,-11.579849,-3.222805,-8.363838,-8.201432,-11.695624,-15.883543,12.791080,-3.061791,-11.996346,-9.471632,-39.261883,-22.245663,5.241041,3.799521,-10.645275,-2.374513,-5.389349,-8.949728,-4.004932,0.580842,-7.272604,-4.806994,-8.247698,0.000000,210.000000,4.000000,,,,0.000000,4.000000,4.000000,4.000000,4.000000,4.000000,4.000000,4.000000,4.000000,4.000000,4.000000,4.000000,4.000000,4.000000,4.000000,4.000000,4.000000,4.000000,4.000000,2.000000,4.000000,4.000000,2.000000,4.000000,4.000000,4.000000,4.000000,4.000000,4.000000,4.000000,4.000000,4.000000,4.000000,66.666664
1614076757.754751,96.000000,0.000000,5.450490,-5.492416,-8.462912,-17.804993,-20.193605,-12.875279,-2.256155,-14.022669,-8.949437,-11.568269,-4.245224,-8.355474,-7.680410,-10.145467,-13.303557,16.880854,-3.058729,-12.497171,-9.462160,-39.222622,-21.710596,-1.430867,0.205978,-11.147450,-7.500343,-4.871139,-8.427958,-4.000927,-0.958200,-7.265331,-2.750906,-10.803553,8064.000000,0.000000,4.000000,,,,0.000000,4.000000,4.000000,4.000000,4.000000,4.000000,4.000000,4.000000,4.000000,4.000000,4.000000,4.000000,4.000000,4.000000,4.000000,4.000000,4.000000,4.000000,4.000000,2.000000,4.000000,4.000000,2.000000,4.000000,4.000000,4.000000,4.000000,4.000000,4.000000,4.000000,4.000000,4.000000,4.000000,66.666664
1614076757.762400,97.000000,0.000000,4.419398,0.666922,-7.941628,-17.787188,-20.173412,-13.375224,-2.253899,-11.444544,-8.940487,-11.043880,-4.240978,-5.783017,-5.621448,-9.622501,-5.085125,15.838331,-1.004388,-13.510315,-7.914236,-39.183399,-15.535040,0.621846,-0.307048,-10.110662,-5.954381,-5.379088,-8.932350,-3.996927,-0.444422,-7.770886,0.328768,-8.228646,8064.000000,0.000000,4.000000,,,,0.000000,4.000000,4.000000,4.000000,4.000000,4.000000,4.000000,4.000000,4.000000,4.000000,4.000000,4.000000,4.000000,4.000000,4.000000,4.000000,4.000000,4.000000,4.000000,2.000000,4.000000,4.000000,2.000000,4.000000,4.000000,4.000000,4.000000,4.000000,4.000000,4.000000,4.000000,4.000000,4.000000,66.666664
1614076757.770149,98.000000,0.000000,1.850876,-4.461950,-9.472148,-17.769402,-20.666058,-13.361849,-2.764466,-7.843355,-9.444367,-11.032837,-4.236737,-4.238772,-4.077364,-7.561596,1.586626,21.463518,1.047898,0.349349,-6.367860,-39.657036,-15.006684,3.185327,-1.845203,-7.536449,-3.384325,-7.424991,-8.923418,-3.992929,-0.956798,-7.250295,-2.235663,-9.246059,8064.000000,0.000000,4.000000,,,,0.000000,4.000000,4.000000,4.000000,4.000000,4.000000,4.000000,4.000000,4.000000,4.000000,4.000000,4.000000,4.000000,4.000000,4.000000,4.000000,4.000000,4.000000,4.000000,2.000000,4.000000,4.000000,2.000000,4.000000,4.000000,4.000000,4.000000,4.000000,4.000000,4.000000,4.000000,4.000000,4.000000,66.666664
1614076757.777798,99.000000,0.000000,0.823384,-5.995949,-6.898573,-18.264452,-18.594110,-12.835667,-2.248881,-5.784230,-8.409282,-12.047444,-4.232501,-4.747354,-4.586108,-6.015574,0.046578,26.057440,0.534030,10.092589,-7.899954,-39.104557,-21.658344,1.643680,-3.894640,-7.016092,-6.457863,-8.956028,-8.914495,-3.988937,-0.955841,-7.243045,-3.259068,-11.800916,8064.000000,0.000000,4.000000,,,,0.000000,4.000000,4.000000,4.000000,4.000000,4.000000,4.000000,4.000000,4.000000,4.000000,4.000000,4.000000,4.000000,4.000000,4.000000,4.000000,4.000000,4.000000,4.000000,2.000000,4.000000,4.000000,2.000000,4.000000,4.000000,4.000000,4.000000,4.000000,4.000000,4.000000,4.000000,4.000000,4.000000,66.666664
1614076757.785548,100.000000,0.000000,1.335381,4.266457,4.390377,-17.733368,-11.908850,-9.233088,-0.195350,-4.239984,-3.785488,-7.932833,-3.715447,-4.742606,-4.581522,-6.522378,-7.132956,1.415998,0.533496,-11.455964,-4.302310,-38.552635,-20.611046,-1.434887,-3.890745,-7.521896,-5.938585,-8.947072,-6.854298,-3.984948,-0.442065,-7.748622,1.359575,-8.712192,8064.000000,0.000000,4.000000,,,,0.000000,4.000000,4.000000,4.000000,4.000000,4.000000,4.000000,4.000000,4.000000,4.000000,4.000000,4.000000,4.000000,4.000000,4.000000,4.000000,4.000000,4.000000,4.000000,2.000000,4.000000,4.000000,2.000000,4.000000,4.000000,4.000000,4.000000,4.000000,4.000000,4.000000,4.000000,4.000000,4.000000,66.666664
1614076757.793197,101.000000,0.000000,1.334046,7.339114,11.565474,-17.715633,-8.820018,-6.146931,1.343307,-2.184462,-0.704780,-0.745413,-4.737373,-4.737864,-4.576940,-6.003036,-10.715566,-28.841829,1.045783,-28.367586,1.343017,-39.539722,-14.436588,-0.920632,-3.374034,-6.488734,-1.830082,-9.450945,-4.796162,-3.980963,-0.954443,-6.202412,1.358216,-7.165018,8064.000000,0.000000,4.000000,,,,0.000000,4.000000,4.000000,4.000000,4.000000,4.000000,4.000000,4.000000,4.000000,4.000000,4.000000,4.000000,4.000000,4.000000,4.000000,4.000000,4.000000,4.000000,4.000000,2.000000,4.000000,4.000000,2.000000,4.000000,4.000000,4.000000,4.000000,4.000000,4.000000,4.000000,4.000000,4.000000,4.000000,66.666664
1614076757.801046,102.000000,0.000000,0.819891,0.665108,9.502625,-18.210739,-8.811197,-5.627964,1.854784,-2.182278,-1.729716,0.280973,-3.706995,-4.220305,-4.572363,-4.971391,-7.627927,-12.402730,0.019096,-9.877680,-0.196787,-38.474541,-14.934972,1.131571,-4.396301,-6.995065,-0.289791,-8.928674,-5.304186,-3.976982,-0.440668,-1.580825,-4.284168,-8.183494,8064.000000,0.000000,4.000000,,,,0.000000,4.000000,4.000000,4.000000,4.000000,4.000000,4.000000,4.000000,4.000000,4.000000,4.000000,4.000000,4.000000,4.000000,4.000000,4.000000,4.000000,4.000000,4.000000,2.000000,4.000000,4.000000,2.000000,4.000000,4.000000,4.000000,4.000000,4.000000,4.000000,4.000000,4.000000,4.000000,4.000000,66.666664
1614076757.808795,103.000000,0.000000,0.819071,-0.874019,10.518764,-17.166887,-9.315207,-6.135157,3.904211,-2.692916,-1.727986,0.280692,1.424918,-2.164803,-5.080611,-0.863856,-2.492095,20.430185,1.044718,10.645019,4.418794,-31.769400,-12.355934,2.668901,-3.879084,-8.526532,0.223320,-4.304360,-5.298882,-3.973005,4.175157,-0.040783,-4.792705,-3.559926,8064.000000,0.000000,4.000000,,,,0.000000,4.000000,4.000000,4.000000,4.000000,4.000000,4.000000,4.000000,4.000000,4.000000,4.000000,4.000000,4.000000,4.000000,4.000000,4.000000,4.000000,4.000000,4.000000,2.000000,4.000000,4.000000,2.000000,4.000000,4.000000,4.000000,4.000000,4.000000,4.000000,4.000000,4.000000,4.000000,4.000000,66.666664
1614076757.816644,104.000000,0.000000,1.843893,1.690958,16.662092,-12.534335,-8.793071,-5.616201,5.951589,-2.177402,-1.213438,4.382976,3.474775,-0.624177,-4.562710,3.752393,0.074500,27.076422,3.094955,13.198477,17.234888,-25.583784,-4.138450,3.691873,-3.362385,-1.851339,2.787199,-1.223133,-4.780763,-3.456211,7.760725,-0.553563,-1.198168,3.110301,8064.000000,0.000000,4.000000,,,,0.000000,4.000000,4.000000,4.000000,4.000000,4.000000,4.000000,4.000000,4.000000,4.000000,4.000000,4.000000,4.000000,4.000000,4.000000,4.000000,4.000000,4.000000,4.000000,2.000000,4.000000,4.000000,2.000000,4.000000,4.000000,4.000000,4.000000,4.000000,4.000000,4.000000,4.000000,4.000000,4.000000,66.666664
1614076757.824393,105.000000,0.000000,1.329229,-0.874836,18.183891,-9.444878,-8.784278,-6.123405,4.407176,-3.713687,-2.237865,-0.236792,0.907197,-2.162014,-4.558147,2.210179,-0.951215,23.972422,2.579040,11.646816,13.627910,-27.096663,-5.159953,0.611258,-6.948766,7.381282,2.784412,-1.734730,-7.340085,-4.478396,5.701683,0.472632,-0.171329,4.132832,8064.000000,0.000000,4.000000,,,,0.000000,4.000000,4.000000,4.000000,4.000000,4.000000,4.000000,4.000000,4.000000,4.000000,4.000000,4.000000,4.000000,4.000000,4.000000,4.000000,4.000000,4.000000,4.000000,2.000000,4.000000,4.000000,2.000000,4.000000,4.000000,4.000000,4.000000,4.000000,4.000000,4.000000,4.000000,4.000000,4.000000,66.666664
1614076757.832242,106.000000,0.000000,0.815079,-3.438064,17.140066,-10.461074,-9.288315,-6.117282,1.838666,-6.274076,-4.799730,-9.980145,-1.144992,-4.723955,-5.066410,-4.971519,-10.181033,21.384348,0.525179,-5.287908,-1.257513,-31.684950,-13.359921,-4.517558,-11.557201,5.835439,2.781627,-1.732996,-8.871206,-7.550841,3.131878,-2.604764,-1.196799,3.103058,8064.000000,0.000000,4.000000,,,,0.000000,4.000000,4.000000,4.000000,4.000000,4.000000,4.000000,4.000000,4.000000,4.000000,4.000000,4.000000,4.000000,4.000000,4.000000,4.000000,4.000000,4.000000,4.000000,2.000000,4.000000,4.000000,2.000000,4.000000,4.000000,4.000000,4.000000,4.000000,4.000000,4.000000,4.000000,4.000000,4.000000,66.666664
1614076757.839991,107.000000,0.000000,4.404008,-3.947446,17.122927,-10.450613,-9.279026,-6.111165,1.324007,-6.780622,-6.333392,-7.918883,-0.631026,-4.719231,-4.548523,-8.556291,-15.811878,1.875783,-0.500987,-27.846722,-3.820358,-32.678905,-15.397843,-5.025861,-10.520003,-0.324243,2.266025,-1.218442,-6.298232,-7.030469,3.128747,-4.140620,-0.682781,3.099955,8064.000000,0.000000,4.000000,,,,0.000000,4.000000,4.000000,4.000000,4.000000,4.000000,4.000000,4.000000,4.000000,4.000000,4.000000,4.000000,4.000000,4.000000,4.000000,4.000000,4.000000,4.000000,4.000000,2.000000,4.000000,4.000000,2.000000,4.000000,4.000000,4.000000,4.000000,4.000000,4.000000,4.000000,4.000000,4.000000,4.000000,66.666664
1614076757.847840,108.000000,0.000000,8.502168,-3.430678,17.618624,-9.927341,-9.269747,-6.105053,1.322683,-6.261021,-5.301417,-0.218656,-0.630395,-2.663229,-0.954231,-5.470811,-7.078117,0.848266,2.063616,-18.588106,-2.278076,-29.056484,-14.869625,-1.431092,-7.432560,-0.323918,2.263759,-1.730044,-6.804754,-3.946516,3.638438,3.043007,-0.682099,3.609675,8064.000000,0.000000,4.000000,,,,0.000000,4.000000,4.000000,4.000000,4.000000,4.000000,4.000000,4.000000,4.000000,4.000000,4.000000,4.000000,4.000000,4.000000,4.000000,4.000000,4.000000,4.000000,4.000000,2.000000,4.000000,4.000000,2.000000,4.000000,4.000000,4.000000,4.000000,4.000000,4.000000,4.000000,4.000000,4.000000,4.000000,66.666664
1614076757.855589,109.000000,0.000000,7.468025,-3.427247,17.088184,-10.430235,-9.260477,-6.098948,1.321360,-6.254760,-2.732013,0.294383,-0.629765,-1.122105,2.636467,-0.849956,3.185371,26.488443,6.164117,11.174071,-3.301439,-25.437683,-13.316294,-1.942481,-7.425128,0.702047,6.876880,-1.728314,-9.362052,-4.455390,3.121979,11.245092,-0.681416,3.606066,8064.000000,0.000000,4.000000,,,,0.000000,4.000000,4.000000,4.000000,4.000000,4.000000,4.000000,4.000000,4.000000,4.000000,4.000000,4.000000,4.000000,4.000000,4.000000,4.000000,4.000000,4.000000,4.000000,2.000000,4.000000,4.000000,2.000000,4.000000,4.000000,4.000000,4.000000,4.000000,4.000000,4.000000,4.000000,4.000000,4.000000,66.666664
1614076757.863438,110.000000,0.000000,4.383634,-3.423820,17.071096,-9.394164,-9.251217,-6.092849,1.320039,-6.248505,-1.703640,-1.244373,-0.629135,-1.120982,3.146651,1.202176,4.207827,31.590160,8.209234,24.496231,7.471093,-23.873785,-6.123490,-4.504641,-6.904882,0.188524,13.023849,-1.726586,-7.814229,-3.425293,3.118857,11.233848,-0.680735,2.063998,8064.000000,0.000000,4.000000,,,,0.000000,4.000000,4.000000,4.000000,4.000000,4.000000,4.000000,4.000000,4.000000,4.000000,4.000000,4.000000,4.000000,4.000000,4.000000,4.000000,4.000000,4.000000,4.000000,2.000000,4.000000,4.000000,2.000000,4.000000,4.000000,4.000000,4.000000,4.000000,4.000000,4.000000,4.000000,4.000000,4.000000,66.666664
1614076757.871187,111.000000,0.000000,4.892070,-3.420396,17.054026,-7.333488,-9.241965,-6.086756,1.318719,-6.242257,-1.701937,-0.217487,-0.115686,-1.119861,2.630684,0.688153,3.690798,22.840622,7.688205,18.317888,15.155930,-24.362732,0.549300,-0.910393,-4.333875,1.726797,13.523646,-1.724859,-4.729491,1.706337,3.115739,10.196973,-0.680054,3.600395,8064.000000,0.000000,4.000000,,,,0.000000,4.000000,4.000000,4.000000,4.000000,4.000000,4.000000,4.000000,4.000000,4.000000,4.000000,4.000000,4.000000,4.000000,4.000000,4.000000,4.000000,4.000000,4.000000,2.000000,4.000000,4.000000,2.000000,4.000000,4.000000,4.000000,4.000000,4.000000,4.000000,4.000000,4.000000,4.000000,4.000000,66.666664
1614076757.879036,112.000000,0.000000,5.399999,-3.416976,17.036972,-6.300513,-9.232723,-6.080670,1.317400,-6.236014,-1.700235,0.295551,-0.628390,-1.118742,3.140874,3.764388,3.174287,27.945986,7.680517,10.607263,4.371543,-24.851189,0.548751,2.167440,-3.303900,4.289173,15.561404,-1.723135,-4.724762,4.268733,3.112623,11.212417,-0.679374,8.212180,8064.000000,0.000000,4.000000,,,,0.000000,4.000000,4.000000,4.000000,4.000000,4.000000,4.000000,4.000000,4.000000,4.000000,4.000000,4.000000,4.000000,4.000000,4.000000,4.000000,4.000000,4.000000,4.000000,2.000000,4.000000,4.000000,2.000000,4.000000,4.000000,4.000000,4.000000,4.000000,4.000000,4.000000,4.000000,4.000000,4.000000,66.666664
1614076757.886785,113.000000,0.000000,5.394599,-3.413559,17.019934,-6.807033,-9.223491,-6.074589,1.316083,-6.229778,-1.698534,-0.217565,-0.627762,-1.117623,2.624912,9.401649,2.658292,38.174450,8.185657,23.929989,-3.837957,-23.287876,0.548202,3.190914,-3.813416,4.284883,18.109945,-1.721411,-5.232858,3.238823,3.109510,11.201204,-0.678695,8.203967,8064.000000,0.000000,4.000000,,,,0.000000,4.000000,4.000000,4.000000,4.000000,4.000000,4.000000,4.000000,4.000000,4.000000,4.000000,4.000000,4.000000,4.000000,4.000000,4.000000,4.000000,4.000000,4.000000,2.000000,4.000000,4.000000,2.000000,4.000000,4.000000,4.000000,4.000000,4.000000,4.000000,4.000000,4.000000,4.000000,4.000000,66.666664
1614076757.894634,114.000000,0.000000,5.389204,-3.410145,17.002914,-6.800226,-9.727088,-6.068514,1.314767,-6.223548,-2.209656,-0.217348,-0.114314,-1.116505,3.135108,6.828146,5.732557,44.290123,8.177471,39.803493,0.268445,-20.700485,0.547654,7.803108,-3.809603,4.280599,15.527733,-1.719690,-5.227624,3.235585,3.106401,10.164362,-0.678016,3.580379,8064.000000,0.000000,4.000000,,,,0.000000,4.000000,4.000000,4.000000,4.000000,4.000000,4.000000,4.000000,4.000000,4.000000,4.000000,4.000000,4.000000,4.000000,4.000000,4.000000,4.000000,4.000000,4.000000,2.000000,4.000000,4.000000,2.000000,4.000000,4.000000,4.000000,4.000000,4.000000,4.000000,4.000000,4.000000,4.000000,4.000000,66.666664
1614076757.902383,115.000000,0.000000,3.845354,-3.406735,16.985910,-7.306246,-9.204540,-6.062446,1.313452,-6.217325,-1.181806,-0.217131,-3.191123,-1.115389,3.131973,-2.922272,-1.965483,23.733011,7.143652,7.968820,-0.244644,-21.705427,-3.042637,3.692740,-3.805793,4.276318,14.486565,-1.717970,-5.222397,3.745170,3.103294,11.179839,-0.677338,2.038337,8064.000000,0.000000,4.000000,,,,0.000000,4.000000,4.000000,4.000000,4.000000,4.000000,4.000000,4.000000,4.000000,4.000000,4.000000,4.000000,4.000000,4.000000,4.000000,4.000000,4.000000,4.000000,4.000000,2.000000,4.000000,4.000000,2.000000,4.000000,4.000000,4.000000,4.000000,4.000000,4.000000,4.000000,4.000000,4.000000,4.000000,66.666664
1614076757.910232,116.000000,0.000000,5.892790,-3.403328,16.968925,-6.786119,-6.631233,-6.056384,1.312139,-6.211108,1.383479,-0.216913,-7.290495,-1.114273,-0.460903,-8.047555,-19.399416,-8.598413,4.572406,-24.346842,-1.782861,-24.247824,-3.552415,-10.669927,-3.801987,4.272042,16.523359,-1.716252,-4.704354,3.228604,3.100191,13.219941,-0.676661,3.574760,8064.000000,0.000000,4.000000,,,,0.000000,4.000000,4.000000,4.000000,4.000000,4.000000,4.000000,4.000000,4.000000,4.000000,4.000000,4.000000,4.000000,4.000000,4.000000,4.000000,4.000000,4.000000,4.000000,2.000000,4.000000,4.000000,2.000000,4.000000,4.000000,4.000000,4.000000,4.000000,4.000000,4.000000,4.000000,4.000000,4.000000,66.666664
1614076757.917981,117.000000,0.000000,5.374077,-3.399925,16.951956,-6.266513,-5.086141,-6.050327,1.310827,-6.204896,2.407736,-0.216697,-8.308846,-1.113159,-4.563006,-6.501046,-15.277452,-1.923149,3.542193,-2.784033,5.398409,-23.710754,-3.036042,-9.120795,-3.285365,4.267770,10.352990,-1.714536,-5.725291,3.225375,3.097091,12.693900,-0.675984,3.058365,8064.000000,0.000000,4.000000,,,,0.000000,4.000000,4.000000,4.000000,4.000000,4.000000,4.000000,4.000000,4.000000,4.000000,4.000000,4.000000,4.000000,4.000000,4.000000,4.000000,4.000000,4.000000,4.000000,2.000000,4.000000,4.000000,2.000000,4.000000,4.000000,4.000000,4.000000,4.000000,4.000000,4.000000,4.000000,4.000000,4.000000,66.666664
1614076757.925830,118.000000,0.000000,-3.862067,-3.396525,17.447824,-7.798708,-5.593875,-6.044277,1.309516,-6.198692,1.892508,-0.216480,-7.787716,-1.112046,-5.071263,-6.494545,4.737826,30.899288,4.051471,30.039265,9.495575,-24.712687,-8.161211,2.683197,-5.333362,2.212220,2.137509,-1.712821,-8.796489,3.222150,3.093994,10.629925,-0.675308,2.542486,8064.000000,0.000000,4.000000,,,,0.000000,4.000000,4.000000,4.000000,4.000000,4.000000,4.000000,4.000000,4.000000,4.000000,4.000000,4.000000,4.000000,4.000000,4.000000,4.000000,4.000000,4.000000,4.000000,2.000000,4.000000,4.000000,2.000000,4.000000,4.000000,4.000000,4.000000,4.000000,4.000000,4.000000,4.000000,4.000000,4.000000,66.666664
1614076757.933579,119.000000,0.000000,-8.473589,-3.393129,16.917557,-5.226807,-5.075460,-6.038232,1.308206,-4.141211,1.890615,1.835019,-7.267108,-1.110934,-4.553371,-8.026512,8.322831,40.099155,4.047420,24.881020,4.357874,-29.816177,-15.332538,-3.986152,-7.379310,-1.379736,1.622551,-1.711109,-9.300512,3.731748,3.090900,10.619294,-0.674633,3.052764,8064.000000,0.000000,4.000000,,,,0.000000,4.000000,4.000000,4.000000,4.000000,4.000000,4.000000,4.000000,4.000000,4.000000,4.000000,4.000000,4.000000,4.000000,4.000000,4.000000,4.000000,4.000000,4.000000,2.000000,4.000000,4.000000,2.000000,4.000000,4.000000,4.000000,4.000000,4.000000,4.000000,4.000000,4.000000,4.000000,4.000000,66.666664
1614076757.941428,120.000000,0.000000,-0.772808,-3.389735,16.900639,4.522010,-4.557565,-6.032194,2.332539,-2.085788,2.401545,4.397286,-4.695739,-0.084182,-4.035998,-1.864640,-2.454722,12.366751,4.043372,15.625369,1.276593,-31.324823,-18.394129,-18.341141,-7.371931,-3.942459,3.159390,-1.709398,-6.727109,3.728017,3.087809,10.608675,-0.673958,4.588173,8064.000000,0.000000,4.000000,,,,0.000000,4.000000,4.000000,4.000000,4.000000,4.000000,4.000000,4.000000,4.000000,4.000000,4.000000,4.000000,4.000000,4.000000,4.000000,4.000000,4.000000,4.000000,4.000000,2.000000,4.000000,4.000000,2.000000,4.000000,4.000000,4.000000,4.000000,4.000000,4.000000,4.000000,4.000000,4.000000,4.000000,66.666664
1614076757.949177,121.000000,0.000000,0.253606,-3.386346,17.909380,8.107231,-6.604289,-5.513341,0.791745,-2.083702,2.399144,3.367248,-3.665402,-1.109739,-4.544782,4.803892,-8.093293,0.046691,4.552149,7.404615,1.275317,-32.319141,-18.375734,-14.733056,-7.364559,-5.476978,2.130590,-1.707688,-5.181921,3.211468,3.084721,10.598066,-0.673284,6.634867,8064.000000,0.000000,4.000000,,,,0.000000,4.000000,4.000000,4.000000,4.000000,4.000000,4.000000,4.000000,4.000000,4.000000,4.000000,4.000000,4.000000,4.000000,4.000000,4.000000,4.000000,4.000000,4.000000,2.000000,4.000000,4.000000,2.000000,4.000000,4.000000,4.000000,4.000000,4.000000,4.000000,4.000000,4.000000,4.000000,4.000000,66.666664
1614076757.956826,122.000000,0.000000,-4.874853,-3.382960,13.276086,3.996560,-7.623326,-6.533469,-1.773149,-2.081618,0.858283,0.799778,-5.200198,-5.211193,-5.053058,3.260626,-7.059559,-4.055920,4.034777,-4.910481,0.248401,-35.363743,-15.280435,-5.487554,-7.357194,-7.009962,2.641280,-1.705980,-4.663918,4.746718,3.594457,11.100289,-2.723893,6.628232,8064.000000,0.000000,4.000000,,,,0.000000,4.000000,4.000000,4.000000,4.000000,4.000000,4.000000,4.000000,4.000000,4.000000,4.000000,4.000000,4.000000,4.000000,4.000000,4.000000,4.000000,4.000000,4.000000,2.000000,4.000000,4.000000,2.000000,4.000000,4.000000,4.000000,4.000000,4.000000,4.000000,4.000000,4.000000,4.000000,4.000000,66.666664
1614076757.964576,123.000000,0.000000,-3.844337,-3.379576,6.596143,-0.110001,-9.666985,-9.091039,-2.284197,-3.105178,-1.706678,0.286158,-3.143716,-4.180341,-3.509543,1.718904,1.665450,14.409675,4.030742,19.709814,1.786614,-28.661713,-11.162591,-2.917964,-6.837017,-7.515773,3.151459,-1.704275,-5.684896,2.177869,3.078042,5.960984,-4.259631,6.621603,8064.000000,0.000000,4.000000,,,,0.000000,4.000000,4.000000,4.000000,4.000000,4.000000,4.000000,4.000000,4.000000,4.000000,4.000000,4.000000,4.000000,4.000000,4.000000,4.000000,4.000000,4.000000,4.000000,2.000000,4.000000,4.000000,2.000000,4.000000,4.000000,4.000000,4.000000,4.000000,4.000000,4.000000,4.000000,4.000000,4.000000,66.666664
1614076757.972225,124.000000,0.000000,-4.866133,-3.376197,4.538265,-4.725275,-17.862446,-10.107589,-3.820374,-8.230277,-3.756253,-1.765410,-4.166213,-3.663340,-4.018854,-0.334097,2.689425,36.446548,4.539532,40.202923,0.246366,-20.427923,-10.125787,-4.966328,-8.368641,-6.995437,2.122666,-1.702570,-8.243313,-6.542258,1.023682,-0.198824,-4.255371,6.614982,8064.000000,0.000000,4.000000,,,,0.000000,4.000000,4.000000,4.000000,4.000000,4.000000,4.000000,4.000000,4.000000,4.000000,4.000000,4.000000,4.000000,4.000000,4.000000,4.000000,4.000000,4.000000,4.000000,2.000000,4.000000,4.000000,2.000000,4.000000,4.000000,4.000000,4.000000,4.000000,4.000000,4.000000,4.000000,4.000000,4.000000,66.666664
1614076757.979974,125.000000,0.000000,-9.476652,-3.372821,7.610650,-9.848755,-25.024071,-9.584661,-8.431938,-13.863073,-5.290958,-5.866209,-11.341534,-13.916087,-13.758426,-13.154276,-15.774802,4.102408,3.509351,7.855029,-9.497471,-26.048521,-12.166944,-11.115208,-10.411554,-6.988441,3.146185,-1.700868,-8.747890,-12.176742,-1.028624,0.827016,-4.251116,6.608367,8064.000000,0.000000,4.000000,,,,0.000000,4.000000,4.000000,4.000000,4.000000,4.000000,4.000000,4.000000,4.000000,4.000000,4.000000,4.000000,4.000000,4.000000,4.000000,4.000000,4.000000,4.000000,4.000000,2.000000,4.000000,4.000000,2.000000,4.000000,4.000000,4.000000,4.000000,4.000000,4.000000,4.000000,4.000000,4.000000,4.000000,66.666664
1614076757.987623,126.000000,0.000000,-7.415893,-3.369448,9.141500,-6.761983,-22.947763,-9.575075,-9.961967,-13.849210,-5.798488,-8.424445,-13.894295,-22.107300,-20.411333,-23.397532,-31.656464,-28.209387,-1.109543,-20.357954,-14.103357,-35.253242,-13.693237,-15.719477,-10.913963,-6.468632,3.143039,-1.699167,-8.226322,-11.651744,-0.514775,3.903112,-4.246864,7.627400,8064.000000,0.000000,4.000000,,,,0.000000,4.000000,4.000000,4.000000,4.000000,4.000000,4.000000,4.000000,4.000000,4.000000,4.000000,4.000000,4.000000,4.000000,4.000000,4.000000,4.000000,4.000000,4.000000,2.000000,4.000000,4.000000,2.000000,4.000000,4.000000,4.000000,4.000000,4.000000,4.000000,4.000000,4.000000,4.000000,4.000000,66.666664
1614076757.995372,127.000000,0.000000,-5.357195,-3.366078,9.132359,-2.652657,-17.283791,-9.565500,-6.875083,-13.322540,-5.279869,-7.903201,-6.700913,-17.982628,-14.237076,-16.194647,-26.496603,4.639336,-3.672536,12.482917,-5.884126,-35.217987,-18.294930,-10.062732,-10.903049,-8.000625,-3.526771,-1.697468,-9.756557,-10.614451,-0.514260,3.386389,-4.242618,7.106952,8064.000000,0.000000,4.000000,,,,0.000000,4.000000,4.000000,4.000000,4.000000,4.000000,4.000000,4.000000,4.000000,4.000000,4.000000,4.000000,4.000000,4.000000,4.000000,4.000000,4.000000,4.000000,4.000000,2.000000,4.000000,4.000000,2.000000,4.000000,4.000000,4.000000,4.000000,4.000000,4.000000,4.000000,4.000000,4.000000,4.000000,66.666664
1614076758.003021,0.000000,0.000000,-5.864658,-3.362712,9.636047,-3.675645,-16.240866,-9.555935,-5.329746,-14.334859,-5.274589,-7.895297,-3.104469,-14.374902,-12.171556,-8.998965,-20.316259,25.660337,-3.668863,23.239664,-1.775678,-34.669949,-23.917660,-4.411644,-10.892147,-10.043906,-9.164270,-1.695770,-11.798082,-11.629478,-0.513746,2.870182,-4.238375,4.022922,0.000000,190.000000,4.000000,,,,0.000000,4.000000,4.000000,4.000000,4.000000,4.000000,4.000000,4.000000,4.000000,4.000000,4.000000,4.000000,4.000000,4.000000,4.000000,4.000000,4.000000,4.000000,4.000000,2.000000,4.000000,4.000000,2.000000,4.000000,4.000000,4.000000,4.000000,4.000000,4.000000,4.000000,4.000000,4.000000,4.000000,66.666664
1614076758.010770,1.000000,0.000000,-3.807512,-2.846529,9.626410,-2.646329,-16.737446,-9.546379,-5.837237,-10.730780,-5.269314,-7.374581,-4.639826,-16.411808,-18.313232,-12.066889,-25.424149,-6.673015,-3.152374,-8.065626,-6.902107,-38.737843,-25.432203,-6.458514,-10.881254,-11.572324,-7.103824,-1.181254,-12.811926,-11.105028,-0.513232,3.380132,-3.721316,4.018899,0.000000,186.000000,4.000000,,,,0.000000,4.000000,4.000000,4.000000,4.000000,4.000000,4.000000,4.000000,4.000000,4.000000,4.000000,4.000000,4.000000,4.000000,4.000000,4.000000,4.000000,4.000000,4.000000,2.000000,4.000000,4.000000,2.000000,4.000000,4.000000,4.000000,4.000000,4.000000,4.000000,4.000000,4.000000,4.000000,4.000000,66.666664
1614076758.018420,2.000000,0.000000,-2.778063,-4.382144,9.616784,-4.182144,-16.207888,-9.536833,-5.831400,-3.540562,-5.264045,-8.392848,-5.148007,-15.882576,-12.653893,-8.465078,-20.270519,-13.333009,-3.662042,-4.980638,-6.382385,-40.750389,-25.919592,-8.503337,-10.870374,-10.535110,-4.019797,-3.231355,-12.286293,-11.093923,-0.512719,3.376752,-5.256056,2.476418,0.000000,221.000000,4.000000,,,,0.000000,4.000000,4.000000,4.000000,4.000000,4.000000,4.000000,4.000000,4.000000,4.000000,4.000000,4.000000,4.000000,4.000000,4.000000,4.000000,4.000000,4.000000,4.000000,2.000000,4.000000,4.000000,2.000000,4.000000,4.000000,4.000000,4.000000,4.000000,4.000000,4.000000,4.000000,4.000000,4.000000,66.666664
1614076758.026169,3.000000,0.000000,-5.339388,-6.429044,9.607168,-10.331808,-16.191679,-9.527296,-5.825568,-1.998560,-5.258781,-7.358814,-3.091577,-12.276950,1.204915,4.363899,-2.301531,19.500837,-3.658380,27.844856,-0.222156,-37.119896,-26.406492,-8.494834,-10.859503,-10.524575,-5.041418,-5.792226,-12.274007,-11.082829,-0.512206,3.373375,-7.814903,-4.705545,0.000000,187.000000,4.000000,,,,0.000000,4.000000,4.000000,4.000000,4.000000,4.000000,4.000000,4.000000,4.000000,4.000000,4.000000,4.000000,4.000000,4.000000,4.000000,4.000000,4.000000,4.000000,4.000000,2.000000,4.000000,4.000000,2.000000,4.000000,4.000000,4.000000,4.000000,4.000000,4.000000,4.000000,4.000000,4.000000,4.000000,66.666664
1614076758.033818,4.000000,0.000000,-6.359689,-7.448256,9.597561,-8.783014,-15.149847,-9.517769,-5.819743,-1.996562,-5.253522,-2.736071,0.501258,-11.239032,5.306274,11.026202,7.444361,36.917233,-3.141901,35.509319,1.829348,-34.518673,-19.200600,-6.435057,-10.848643,-11.539692,-5.036376,-4.247972,-12.261733,-11.071746,-1.024514,3.370002,-8.319908,-8.290584,0.000000,190.000000,4.000000,,,,0.000000,4.000000,4.000000,4.000000,4.000000,4.000000,4.000000,4.000000,4.000000,4.000000,4.000000,4.000000,4.000000,4.000000,4.000000,4.000000,4.000000,4.000000,4.000000,2.000000,4.000000,4.000000,2.000000,4.000000,4.000000,4.000000,4.000000,4.000000,4.000000,4.000000,4.000000,4.000000,4.000000,66.666664
1614076758.041667,5.000000,0.000000,-5.840509,-6.927987,9.587963,-3.133206,-13.083415,-9.508251,-5.813923,-1.481744,-5.248269,0.343589,3.577680,-11.740614,2.224045,8.451074,2.821532,8.162368,-0.574657,25.217400,0.801878,-33.458511,-8.924989,-2.326058,-10.837794,-7.938409,-2.467238,-1.166801,-12.249472,-11.060675,-0.510669,3.366632,-7.798768,-5.205369,0.000000,198.000000,4.000000,,,,0.000000,4.000000,4.000000,4.000000,4.000000,4.000000,4.000000,4.000000,4.000000,4.000000,4.000000,4.000000,4.000000,4.000000,4.000000,4.000000,4.000000,4.000000,4.000000,2.000000,4.000000,4.000000,2.000000,4.000000,4.000000,4.000000,4.000000,4.000000,4.000000,4.000000,4.000000,4.000000,4.000000,66.666664
1614076758.049416,6.000000,0.000000,-4.809028,-6.921059,9.578375,-5.694175,-12.044691,-9.498742,-6.320930,-6.608468,-5.243021,0.343245,3.574102,-11.728873,3.247462,7.416981,3.844351,4.051641,0.964380,36.987053,5.416461,-23.681463,-5.326320,-0.272450,-10.826957,-1.263804,-0.413488,-2.191275,-12.237222,-11.049614,-0.510159,3.363265,-8.303790,-6.225805,0.000000,207.000000,4.000000,,,,0.000000,4.000000,4.000000,4.000000,4.000000,4.000000,4.000000,4.000000,4.000000,4.000000,4.000000,4.000000,4.000000,4.000000,4.000000,4.000000,4.000000,4.000000,4.000000,2.000000,4.000000,4.000000,2.000000,4.000000,4.000000,4.000000,4.000000,4.000000,4.000000,4.000000,4.000000,4.000000,4.000000,66.666664
1614076758.057265,7.000000,0.000000,-2.752937,-7.426959,9.568797,-9.791045,-12.545466,-9.489244,-5.288968,-9.165962,-5.237778,-0.169919,3.570528,-11.204324,4.782676,9.973667,12.558455,31.227077,0.450595,54.385963,9.513608,-10.324450,-6.346634,-0.272177,-10.816130,1.814383,-0.925895,-5.266007,-12.224984,-11.038564,-1.535290,3.359902,-7.782666,-7.758041,0.000000,173.000000,4.000000,,,,0.000000,4.000000,4.000000,4.000000,4.000000,4.000000,4.000000,4.000000,4.000000,4.000000,4.000000,4.000000,4.000000,4.000000,4.000000,4.000000,4.000000,4.000000,4.000000,2.000000,4.000000,4.000000,2.000000,4.000000,4.000000,4.000000,4.000000,4.000000,4.000000,4.000000,4.000000,4.000000,4.000000,66.666664
1614076758.065014,8.000000,0.000000,-1.724543,-6.906711,9.559228,-5.165870,-13.045742,-9.479754,-3.232397,-3.515770,-5.232540,0.343072,2.028496,-11.705940,-0.863132,6.886770,4.853590,31.195850,0.450144,28.177732,3.863069,-14.416689,-6.340288,-1.297546,-10.805314,0.274107,-0.924970,-5.773561,-12.212760,-9.489064,1.030348,3.356542,-5.723601,-0.570796,0.000000,182.000000,4.000000,,,,0.000000,4.000000,4.000000,4.000000,4.000000,4.000000,4.000000,4.000000,4.000000,4.000000,4.000000,4.000000,4.000000,4.000000,4.000000,4.000000,4.000000,4.000000,4.000000,2.000000,4.000000,4.000000,2.000000,4.000000,4.000000,4.000000,4.000000,4.000000,4.000000,4.000000,4.000000,4.000000,4.000000,66.666664
1614076758.072863,9.000000,0.000000,-1.722818,-5.361343,9.549668,-1.570960,-10.981414,-9.470275,-1.690703,-4.025075,-5.227307,-0.170092,-0.024814,-11.694234,-9.580218,-3.376527,-15.151264,-1.143038,0.449694,-4.158138,-5.371563,-30.812529,-7.359589,-3.347531,-10.281688,0.273833,-0.924045,-5.254968,-12.200547,-7.428293,5.644702,3.353186,-3.666595,7.122083,0.000000,190.000000,4.000000,,,,0.000000,4.000000,4.000000,4.000000,4.000000,4.000000,4.000000,4.000000,4.000000,4.000000,4.000000,4.000000,4.000000,4.000000,4.000000,4.000000,4.000000,4.000000,4.000000,2.000000,4.000000,4.000000,2.000000,4.000000,4.000000,4.000000,4.000000,4.000000,4.000000,4.000000,4.000000,4.000000,4.000000,66.666664
1614076758.080612,10.000000,0.000000,-1.721095,-2.791879,9.540119,-3.107851,-6.355048,-9.460805,-2.201833,-9.149255,-5.222080,-0.169922,-1.050430,-11.682540,-13.673202,-6.962894,-19.751497,-13.962408,0.449244,0.461405,-8.443115,-35.909920,-10.429152,-4.882645,-10.271406,1.299200,-0.923121,-5.249712,-11.675526,-6.908044,7.177519,3.349832,-4.175749,7.627781,0.000000,201.000000,4.000000,,,,0.000000,4.000000,4.000000,4.000000,4.000000,4.000000,4.000000,4.000000,4.000000,4.000000,4.000000,4.000000,4.000000,4.000000,4.000000,4.000000,4.000000,4.000000,4.000000,2.000000,4.000000,4.000000,2.000000,4.000000,4.000000,4.000000,4.000000,4.000000,4.000000,4.000000,4.000000,4.000000,4.000000,66.666664
1614076758.088461,11.000000,0.000000,-4.283477,-2.789087,9.530579,-3.104743,-4.297411,-9.451344,-1.686810,-4.011901,-5.216858,-0.169752,-0.536560,-11.670857,-11.095426,-1.314906,-8.962515,15.282324,0.448795,33.281456,-4.844928,-33.309910,-10.931543,-4.364942,-11.286776,-0.240560,-0.922197,-5.244463,-12.176671,-7.413956,6.657521,3.346483,-4.171573,5.568871,0.000000,198.000000,4.000000,,,,0.000000,4.000000,4.000000,4.000000,4.000000,4.000000,4.000000,4.000000,4.000000,4.000000,4.000000,4.000000,4.000000,4.000000,4.000000,4.000000,4.000000,4.000000,4.000000,2.000000,4.000000,4.000000,2.000000,4.000000,4.000000,4.000000,4.000000,4.000000,4.000000,4.000000,4.000000,4.000000,4.000000,66.666664
1614076758.096210,12.000000,0.000000,-5.817655,-3.299119,9.521049,-2.588818,-5.318754,-9.441893,-2.197944,2.145957,-4.698821,-0.169582,-0.536023,-11.659186,-12.109972,1.763332,-6.902271,19.369606,0.448346,34.786636,3.365045,-34.302238,-8.869329,-4.873397,-9.737028,-2.804422,-0.921275,-4.726398,-11.651673,-7.406542,7.676505,3.855957,-3.654581,4.024841,0.000000,179.000000,4.000000,,,,0.000000,4.000000,4.000000,4.000000,4.000000,4.000000,4.000000,4.000000,4.000000,4.000000,4.000000,4.000000,4.000000,4.000000,4.000000,4.000000,4.000000,4.000000,4.000000,2.000000,4.000000,4.000000,2.000000,4.000000,4.000000,4.000000,4.000000,4.000000,4.000000,4.000000,4.000000,4.000000,4.000000,66.666664
1614076758.104059,13.000000,0.000000,-5.811837,-2.782999,10.024347,-2.586229,-4.800615,-9.432450,-1.682925,1.630991,-4.694122,0.343408,-0.022666,-11.647527,-13.123503,0.735928,-7.408189,3.965620,0.447898,24.495440,2.848859,-35.293579,-12.963025,-4.355703,-10.240111,-3.314439,-0.920354,-4.721672,-9.075919,-7.399136,7.156008,3.852101,-3.650927,3.507996,0.000000,197.000000,4.000000,,,,0.000000,4.000000,4.000000,4.000000,4.000000,4.000000,4.000000,4.000000,4.000000,4.000000,4.000000,4.000000,4.000000,4.000000,4.000000,4.000000,4.000000,4.000000,4.000000,2.000000,4.000000,4.000000,2.000000,4.000000,4.000000,4.000000,4.000000,4.000000,4.000000,4.000000,4.000000,4.000000,4.000000,66.666664
1614076758.111808,14.000000,0.000000,-7.344487,-3.805857,10.014323,-2.583642,-5.308635,-8.910197,-1.681243,3.167821,-5.202248,0.343065,-0.535464,-11.635880,-6.443713,0.222372,3.368450,22.936014,0.447450,36.265816,-4.846297,-34.745464,-20.129549,-2.300066,-15.358076,-3.311124,-0.919434,-5.229770,-8.041203,-7.391737,7.148852,3.335428,-4.160096,4.017308,0.000000,206.000000,4.000000,,,,0.000000,4.000000,4.000000,4.000000,4.000000,4.000000,4.000000,4.000000,4.000000,4.000000,4.000000,4.000000,4.000000,4.000000,4.000000,4.000000,4.000000,4.000000,4.000000,2.000000,4.000000,4.000000,2.000000,4.000000,4.000000,4.000000,4.000000,4.000000,4.000000,4.000000,4.000000,4.000000,4.000000,66.666664
1614076758.119657,15.000000,0.000000,-9.388425,-6.366154,6.414566,-4.119521,-8.893070,-9.414107,-4.756485,4.703115,-4.684225,-0.170099,-0.534929,-11.111423,2.793500,1.247790,15.159953,40.861797,0.959823,43.921856,-3.815810,-33.172256,-21.135061,-0.246483,-16.881180,-4.846274,-0.918514,-4.198899,-10.084443,-7.384345,8.167344,3.844913,-3.130295,3.500470,0.000000,198.000000,4.000000,,,,0.000000,4.000000,4.000000,4.000000,4.000000,4.000000,4.000000,4.000000,4.000000,4.000000,4.000000,4.000000,4.000000,4.000000,4.000000,4.000000,4.000000,4.000000,4.000000,2.000000,4.000000,4.000000,2.000000,4.000000,4.000000,4.000000,4.000000,4.000000,4.000000,4.000000,4.000000,4.000000,4.000000,66.666664
1614076758.127406,16.000000,0.000000,-7.840574,-7.385429,2.818407,-5.653862,-8.884177,-9.404694,-9.367112,2.134310,-4.166720,0.855712,0.491247,-11.613132,2.790707,1.759363,8.990948,15.179908,0.446043,36.698448,3.880313,-30.574982,-17.524181,-0.246237,-11.736094,-6.892710,-0.917596,-5.220342,-12.125641,-7.376961,3.030972,4.353889,-5.178447,0.932867,0.000000,219.000000,4.000000,,,,0.000000,4.000000,4.000000,4.000000,4.000000,4.000000,4.000000,4.000000,4.000000,4.000000,4.000000,4.000000,4.000000,4.000000,4.000000,4.000000,4.000000,4.000000,4.000000,2.000000,4.000000,4.000000,2.000000,4.000000,4.000000,4.000000,4.000000,4.000000,4.000000,4.000000,4.000000,4.000000,4.000000,66.666664
1614076758.135255,17.000000,0.000000,-5.268631,-6.352402,1.277127,-8.212311,-7.849652,-8.882468,-9.870566,1.106534,-9.803579,0.342036,-3.098988,-11.601519,-2.853109,-1.319319,-6.915480,-8.425015,0.445597,35.123287,6.953356,-30.544407,-16.993837,0.266830,-11.724358,-6.885818,-0.916678,-13.933070,-12.113515,-7.369584,-5.690008,-0.265850,-11.839935,-4.196271,0.000000,181.000000,4.000000,,,,0.000000,4.000000,4.000000,4.000000,4.000000,4.000000,4.000000,4.000000,4.000000,4.000000,4.000000,4.000000,4.000000,4.000000,4.000000,4.000000,4.000000,4.000000,4.000000,2.000000,4.000000,4.000000,2.000000,4.000000,4.000000,4.000000,4.000000,4.000000,4.000000,4.000000,4.000000,4.000000,4.000000,66.666664
1614076758.143004,18.000000,0.000000,-5.776183,-7.884511,-1.288252,-12.306663,-11.944366,-10.924868,-9.347875,0.079787,-15.947622,-6.324973,-10.788197,-11.077097,-6.440000,-7.984667,-14.088051,-4.826847,1.470792,25.344576,3.869480,-32.052326,-17.489664,-0.759078,-17.353659,-6.878932,-0.402941,-20.072983,-12.101401,-7.362214,-8.761241,-8.983533,-15.930659,-13.935664,0.000000,171.000000,4.000000,,,,0.000000,4.000000,4.000000,4.000000,4.000000,4.000000,4.000000,4.000000,4.000000,4.000000,4.000000,4.000000,4.000000,4.000000,4.000000,4.000000,4.000000,4.000000,4.000000,2.000000,4.000000,4.000000,2.000000,4.000000,4.000000,4.000000,4.000000,4.000000,4.000000,4.000000,4.000000,4.000000,4.000000,66.666664
1614076758.150853,19.000000,0.000000,-5.770407,-9.927909,-4.876708,-14.345638,-18.599089,-15.529327,-9.338527,-4.535678,-16.957315,-14.010956,-15.392793,-12.604482,-12.074586,-11.053605,-16.125246,-5.847661,-1.607602,-6.988461,-5.877979,-35.610016,-17.472174,-0.758319,-18.361946,-6.359232,-0.915358,-17.488808,-12.089300,-7.354852,-7.726839,-12.051473,-14.889088,-22.639677,0.000000,204.000000,4.000000,,,,0.000000,4.000000,4.000000,4.000000,4.000000,4.000000,4.000000,4.000000,4.000000,4.000000,4.000000,4.000000,4.000000,4.000000,4.000000,4.000000,4.000000,4.000000,4.000000,2.000000,4.000000,4.000000,2.000000,4.000000,4.000000,4.000000,4.000000,4.000000,4.000000,4.000000,4.000000,4.000000,4.000000,66.666664
1614076758.158602,20.000000,0.000000,-5.764637,-10.943622,-5.384652,-13.818472,-20.631771,-17.052259,-9.842009,-6.582424,-15.401896,-15.535406,-15.377400,-15.155979,-18.216356,-10.016911,-22.775787,-15.585403,-10.323943,-18.263525,-16.641333,-42.241074,-18.480343,-0.244740,-17.830763,-7.378514,-0.914443,-16.958498,-12.077211,-7.347497,-8.231933,-11.013780,-14.874199,-23.129858,0.000000,209.000000,4.000000,,,,0.000000,4.000000,4.000000,4.000000,4.000000,4.000000,4.000000,4.000000,4.000000,4.000000,4.000000,4.000000,4.000000,4.000000,4.000000,4.000000,4.000000,4.000000,4.000000,2.000000,4.000000,4.000000,2.000000,4.000000,4.000000,4.000000,4.000000,4.000000,4.000000,4.000000,4.000000,4.000000,4.000000,66.666664
1614076758.166351,21.000000,0.000000,-5.758872,-10.419858,-4.866446,-13.804654,-19.585499,-16.522387,-9.319346,-6.063021,-16.412136,-14.494229,-14.849202,-15.653644,-19.736603,-10.006893,-27.368395,-16.082638,-14.929004,6.370124,-16.111870,-45.788574,-21.025965,-6.398341,-17.300112,-10.448059,-0.400708,-19.505642,-12.065134,-7.340149,-8.223701,-11.515587,-15.372145,-19.516985,0.000000,170.000000,4.000000,,,,0.000000,4.000000,4.000000,4.000000,4.000000,4.000000,4.000000,4.000000,4.000000,4.000000,4.000000,4.000000,4.000000,4.000000,4.000000,4.000000,4.000000,4.000000,4.000000,2.000000,4.000000,4.000000,2.000000,4.000000,4.000000,4.000000,4.000000,4.000000,4.000000,4.000000,4.000000,4.000000,4.000000,66.666664
1614076758.174100,22.000000,0.000000,-5.753113,-10.409438,-4.861580,-14.303670,-20.078733,-16.505865,-9.310027,-6.056958,-16.395723,-14.992556,-15.347174,-15.125170,-19.204044,-10.509707,-26.315386,-14.528094,-13.888433,6.876574,-19.172682,-50.870991,-27.158785,-19.725277,-17.282812,-9.924790,-2.451589,-19.998957,-12.053068,-7.332809,-8.215477,-10.991250,-14.843952,-18.471827,0.000000,184.000000,4.000000,,,,0.000000,4.000000,4.000000,4.000000,4.000000,4.000000,4.000000,4.000000,4.000000,4.000000,4.000000,4.000000,4.000000,4.000000,4.000000,4.000000,4.000000,4.000000,4.000000,2.000000,4.000000,4.000000,2.000000,4.000000,4.000000,4.000000,4.000000,4.000000,4.000000,4.000000,4.000000,4.000000,4.000000,66.666664
1614076758.181750,23.000000,0.000000,-5.747360,-10.399029,-4.856718,-13.776546,-20.058655,-17.002180,-9.300717,-6.563722,-15.866508,-14.977564,-15.844646,-15.110044,-18.672020,-9.986377,-25.263430,-14.513566,-14.900187,-14.668764,-27.871458,-61.076530,-33.285473,-24.320936,-20.855272,-9.402044,-7.064522,-21.004599,-12.041016,-7.325477,-7.694441,-11.493079,-15.341928,-19.991816,0.000000,191.000000,4.000000,,,,0.000000,4.000000,4.000000,4.000000,4.000000,4.000000,4.000000,4.000000,4.000000,4.000000,4.000000,4.000000,4.000000,4.000000,4.000000,4.000000,4.000000,4.000000,4.000000,2.000000,4.000000,4.000000,2.000000,4.000000,4.000000,4.000000,4.000000,4.000000,4.000000,4.000000,4.000000,4.000000,4.000000,66.666664
1614076758.189499,24.000000,0.000000,-5.741612,-10.388630,-4.851861,-13.762769,-19.525776,-16.472357,-9.291416,-6.044338,-15.850641,-14.449765,-13.777520,-15.094934,-17.114887,-9.976391,-20.622782,-7.319565,-14.372465,3.294623,-13.997433,-56.912891,-30.175264,-11.988922,-20.321596,-15.033669,-9.621560,-22.522057,-12.028975,-7.318151,-6.148285,-12.507228,-14.300946,-18.433363,0.000000,205.000000,4.000000,,,,0.000000,4.000000,4.000000,4.000000,4.000000,4.000000,4.000000,4.000000,4.000000,4.000000,4.000000,4.000000,4.000000,4.000000,4.000000,4.000000,4.000000,4.000000,4.000000,2.000000,4.000000,4.000000,2.000000,4.000000,4.000000,4.000000,4.000000,4.000000,4.000000,4.000000,4.000000,4.000000,4.000000,66.666664
1614076758.197148,25.000000,0.000000,-5.735871,-10.378241,-5.359830,-13.749006,-20.019070,-16.455885,-9.282125,-7.063934,-15.834790,-14.435316,-8.635537,-15.079840,-14.533669,-9.453593,-15.473953,0.892883,-9.229888,34.573380,0.888360,-39.420078,-20.401499,-4.284626,-12.608968,-16.557096,-7.047836,-18.396971,-12.016946,-7.310833,-4.090855,-6.340874,-11.722542,-13.286724,0.000000,183.000000,4.000000,,,,0.000000,4.000000,4.000000,4.000000,4.000000,4.000000,4.000000,4.000000,4.000000,4.000000,4.000000,4.000000,4.000000,4.000000,4.000000,4.000000,4.000000,4.000000,4.000000,2.000000,4.000000,4.000000,2.000000,4.000000,4.000000,4.000000,4.000000,4.000000,4.000000,4.000000,4.000000,4.000000,4.000000,66.666664
1614076758.204897,26.000000,0.000000,-5.730135,-9.855042,-5.867291,-13.735257,-19.486231,-16.439428,-9.272842,-9.620973,-15.818955,-14.420880,-6.575620,-15.064760,-15.031957,-9.444140,-13.920018,5.507374,-6.656555,24.282396,-16.548426,-34.252457,-16.791353,-9.408546,-11.057898,-10.899513,-4.476686,-15.301650,-12.004929,-7.303522,-3.573943,-3.770431,-11.197999,-10.709335,0.000000,104.000000,4.000000,,,,0.000000,4.000000,4.000000,4.000000,4.000000,4.000000,4.000000,4.000000,4.000000,4.000000,4.000000,4.000000,4.000000,4.000000,4.000000,4.000000,4.000000,4.000000,4.000000,2.000000,4.000000,4.000000,2.000000,4.000000,4.000000,4.000000,4.000000,4.000000,4.000000,4.000000,4.000000,4.000000,4.000000,66.666664
1614076758.212546,27.000000,0.000000,-5.724405,-10.870828,-4.322962,-13.721521,-14.851360,-16.422989,-9.263570,-10.124172,-15.803137,-14.406460,-7.594685,-15.049695,-15.016925,-10.460337,-13.393278,6.527508,-5.624258,7.847857,-24.224186,-36.269485,-17.287384,-10.937599,-13.610942,-12.427075,-4.472209,-16.311989,-11.992924,-7.296218,-4.083190,-11.971788,-11.699622,-11.724267,0.000000,205.000000,4.000000,,,,0.000000,4.000000,4.000000,4.000000,4.000000,4.000000,4.000000,4.000000,4.000000,4.000000,4.000000,4.000000,4.000000,4.000000,4.000000,4.000000,4.000000,4.000000,4.000000,2.000000,4.000000,4.000000,4.000000,4.000000,4.000000,4.000000,4.000000,4.000000,4.000000,4.000000,4.000000,4.000000,4.000000,83.333336
1614076758.220295,28.000000,0.000000,-5.718680,-10.347136,-4.831460,-14.220621,-11.246765,-16.406567,-9.254307,-7.037125,-15.787333,-14.392053,-7.074270,-15.034645,-14.489087,-8.911415,-14.918346,-3.735430,-3.567352,11.429752,1.953885,-27.002445,-12.654711,-1.695893,-8.981946,-17.030033,-3.954916,-12.193113,-11.980930,-7.288922,-4.079107,-11.446996,-8.610999,-8.122799,0.000000,172.000000,4.000000,,,,0.000000,4.000000,4.000000,4.000000,4.000000,4.000000,4.000000,4.000000,4.000000,4.000000,4.000000,4.000000,4.000000,4.000000,4.000000,4.000000,4.000000,4.000000,4.000000,2.000000,4.000000,4.000000,4.000000,4.000000,4.000000,4.000000,4.000000,4.000000,4.000000,4.000000,4.000000,4.000000,4.000000,83.333336
1614076758.227944,29.000000,0.000000,-5.712962,-5.721405,-6.365090,-12.155118,-11.748339,-16.390160,-9.245052,-4.465985,-15.771546,-14.377661,-7.067196,-15.019610,-16.013060,-9.928144,-20.544453,-11.424002,-3.563784,12.443964,11.695521,-21.334417,-5.462569,1.382726,-6.408862,-11.884798,-1.899680,-5.001433,-11.968949,-7.281633,-4.075027,1.384964,-3.987003,-1.448010,0.000000,197.000000,4.000000,,,,0.000000,4.000000,4.000000,4.000000,4.000000,4.000000,4.000000,4.000000,4.000000,4.000000,4.000000,4.000000,4.000000,4.000000,4.000000,4.000000,4.000000,4.000000,4.000000,2.000000,4.000000,4.000000,4.000000,4.000000,4.000000,4.000000,4.000000,4.000000,4.000000,4.000000,4.000000,4.000000,4.000000,83.333336
1614076758.235694,30.000000,0.000000,-5.707249,-2.638761,-0.717699,-10.604502,-12.249411,-16.373770,-9.748628,-10.102545,-15.755774,-14.363283,-9.624231,-15.004591,-18.561150,-18.636166,-20.523909,7.048960,-6.124323,22.687931,-3.187969,-24.390007,-4.944286,-2.208400,-8.966556,-5.206246,0.153502,-3.970790,-11.956981,-7.274352,-4.070952,2.922040,-3.470196,0.604720,0.000000,181.000000,4.000000,,,,0.000000,4.000000,4.000000,4.000000,4.000000,4.000000,4.000000,4.000000,4.000000,4.000000,4.000000,4.000000,4.000000,4.000000,4.000000,4.000000,4.000000,4.000000,4.000000,2.000000,4.000000,4.000000,4.000000,4.000000,4.000000,4.000000,4.000000,4.000000,4.000000,4.000000,4.000000,4.000000,4.000000,83.333336
1614076758.243343,31.000000,0.000000,-5.701542,-2.636122,8.513788,-9.568256,-11.724341,-16.357395,-8.200418,-16.246288,-15.740019,-14.348920,-11.153069,-14.989587,-18.542587,-24.771376,-17.426462,16.785501,-6.118198,38.049858,-6.774525,-26.416899,-9.554727,-3.231833,-9.983230,-6.226681,-1.385113,-4.992461,-11.945024,-7.267077,-4.066882,-3.747549,-3.979546,0.091295,0.000000,199.000000,4.000000,,,,0.000000,4.000000,4.000000,4.000000,4.000000,4.000000,4.000000,4.000000,4.000000,4.000000,4.000000,4.000000,4.000000,4.000000,4.000000,4.000000,4.000000,4.000000,4.000000,2.000000,4.000000,4.000000,4.000000,4.000000,4.000000,4.000000,4.000000,4.000000,4.000000,4.000000,4.000000,4.000000,4.000000,83.333336
1614076758.251092,32.000000,0.000000,-5.695840,-3.146306,9.018095,-8.020226,-12.225437,-16.853859,-5.628114,-13.153119,-15.724278,-14.334571,-11.141915,-14.974597,-18.524046,-20.644039,-21.511599,-7.333848,-8.676183,27.755398,-1.639545,-36.134071,-13.647736,-6.305524,-14.075810,-6.220455,-3.435010,-4.474648,-11.933079,-7.259810,-4.062815,-4.256621,-3.975567,0.091204,8064.000000,0.000000,4.000000,,,,0.000000,4.000000,4.000000,4.000000,4.000000,4.000000,4.000000,4.000000,4.000000,4.000000,4.000000,4.000000,4.000000,4.000000,4.000000,4.000000,4.000000,4.000000,4.000000,2.000000,4.000000,4.000000,4.000000,4.000000,4.000000,4.000000,4.000000,4.000000,4.000000,4.000000,4.000000,4.000000,4.000000,83.333336
1614076758.258741,33.000000,0.000000,-5.690145,-2.630339,5.419333,-6.473744,-12.213212,-16.324184,-7.160948,-10.575864,-15.708554,-14.320236,-11.130774,-14.959622,-19.018341,-16.520832,-24.567011,-16.044464,-13.795712,14.394309,-1.125085,-49.944092,-16.198191,-11.940244,-20.728401,-7.752696,-4.970037,-4.470173,-11.921145,-7.252551,-4.058752,-3.739544,-3.458771,-1.960169,8064.000000,0.000000,4.000000,,,,0.000000,4.000000,4.000000,4.000000,4.000000,4.000000,4.000000,4.000000,4.000000,4.000000,4.000000,4.000000,4.000000,4.000000,4.000000,4.000000,4.000000,4.000000,4.000000,2.000000,4.000000,4.000000,4.000000,4.000000,4.000000,4.000000,4.000000,4.000000,4.000000,4.000000,4.000000,4.000000,4.000000,83.333336
1614076758.266490,34.000000,0.000000,-5.684454,-3.140530,5.926734,-5.441629,-10.662537,-13.230937,-8.692248,-14.155031,-15.692845,-14.305916,-11.119642,-14.944663,-18.486504,-17.529951,-20.439880,-4.233547,-14.294737,14.379914,-10.354730,-53.483891,-18.233274,-10.389842,-22.246136,-12.873148,-5.477887,-4.978523,-12.422045,-7.245298,-4.054693,-3.222984,-3.968132,-4.522312,8064.000000,0.000000,4.000000,,,,0.000000,4.000000,4.000000,4.000000,4.000000,4.000000,4.000000,4.000000,4.000000,4.000000,4.000000,4.000000,4.000000,4.000000,4.000000,4.000000,4.000000,4.000000,4.000000,2.000000,4.000000,4.000000,4.000000,4.000000,4.000000,4.000000,4.000000,4.000000,4.000000,4.000000,4.000000,4.000000,4.000000,83.333336
1614076758.274139,35.000000,0.000000,-5.678770,-3.137389,6.946448,-3.384906,-8.600593,-13.217707,-6.632274,-11.576774,-16.189974,-14.804431,-11.108523,-15.442538,-19.493658,-18.025242,-18.368158,-20.126749,-14.793262,3.083483,-23.677708,-55.481689,-17.702221,-7.815350,-22.223888,-14.398736,-4.446768,-4.973545,-11.896803,-7.238053,-4.050639,-0.655659,-3.964164,-4.004969,8064.000000,0.000000,4.000000,,,,0.000000,4.000000,4.000000,4.000000,4.000000,4.000000,4.000000,4.000000,4.000000,4.000000,4.000000,4.000000,4.000000,4.000000,4.000000,4.000000,4.000000,4.000000,4.000000,2.000000,4.000000,4.000000,4.000000,4.000000,4.000000,4.000000,4.000000,4.000000,4.000000,4.000000,4.000000,4.000000,4.000000,83.333336
1614076758.281888,36.000000,0.000000,-5.673091,-3.134252,5.913861,-2.355880,-8.079171,-12.691668,-5.087180,-6.436992,-16.173784,-14.789626,-11.097415,-14.914275,-18.961344,-17.494396,-15.272866,-25.234827,-14.265649,2.054759,-13.910440,-48.759541,-14.607595,-11.397278,-21.688845,-14.384337,-4.442321,-5.481392,-11.884906,-7.230814,-4.046588,-2.193465,-3.960200,-6.052246,8064.000000,0.000000,4.000000,,,,0.000000,4.000000,4.000000,4.000000,4.000000,4.000000,4.000000,4.000000,4.000000,4.000000,4.000000,4.000000,4.000000,4.000000,4.000000,4.000000,4.000000,4.000000,4.000000,2.000000,4.000000,4.000000,4.000000,4.000000,4.000000,4.000000,4.000000,4.000000,4.000000,4.000000,4.000000,4.000000,4.000000,83.333336
1614076758.289537,37.000000,0.000000,-5.667418,-3.643938,5.395127,-3.379165,-9.096733,-8.063592,-5.594913,-5.917735,-15.131968,-14.262016,-11.086317,-14.899362,-12.788536,-13.887158,-6.026824,7.610920,-8.610357,26.668089,5.590650,-30.249243,-13.567347,-8.308958,-16.538950,-14.882773,-5.976340,-4.963090,-12.898662,-7.736404,-4.042541,-3.729733,-3.956240,-8.610296,8064.000000,0.000000,4.000000,,,,0.000000,4.000000,4.000000,4.000000,4.000000,4.000000,4.000000,4.000000,4.000000,4.000000,4.000000,4.000000,4.000000,4.000000,4.000000,4.000000,4.000000,4.000000,4.000000,2.000000,4.000000,4.000000,4.000000,4.000000,4.000000,4.000000,4.000000,4.000000,4.000000,4.000000,4.000000,4.000000,4.000000,83.333336
1614076758.297386,38.000000,0.000000,-6.174571,-2.614653,5.389731,-2.862966,-9.087637,-4.978605,-5.589319,-1.809253,-16.142477,-14.760574,-11.075231,-15.910103,-7.134722,-8.232245,-1.918234,19.398180,-3.986362,26.128599,-2.107249,-23.552326,-10.989676,7.083967,-13.958309,-9.739686,-1.354979,-3.419665,-10.321661,-6.703027,-4.038499,1.915023,-3.952284,-1.935019,8064.000000,0.000000,4.000000,,,,0.000000,4.000000,4.000000,4.000000,4.000000,4.000000,4.000000,4.000000,4.000000,4.000000,4.000000,4.000000,4.000000,4.000000,4.000000,4.000000,4.000000,4.000000,4.000000,2.000000,4.000000,4.000000,4.000000,4.000000,4.000000,4.000000,4.000000,4.000000,4.000000,4.000000,4.000000,4.000000,4.000000,83.333336
1614076758.305136,39.000000,0.000000,-5.142756,1.490526,5.897162,-2.347282,-6.001626,-4.973627,-5.583729,6.910505,-16.639156,-11.668891,-11.064156,-14.355731,-7.127587,-5.659911,-3.454777,-12.928909,-1.418273,10.205035,-8.258987,-20.451851,1.329005,16.307652,-13.431530,-1.011998,10.441247,-1.364964,-4.157493,-4.645042,-4.034460,7.554133,-3.948331,6.784864,8064.000000,0.000000,4.000000,,,,0.000000,4.000000,4.000000,4.000000,4.000000,4.000000,4.000000,4.000000,4.000000,4.000000,4.000000,4.000000,4.000000,4.000000,4.000000,4.000000,4.000000,4.000000,4.000000,2.000000,4.000000,4.000000,4.000000,4.000000,4.000000,4.000000,4.000000,4.000000,4.000000,4.000000,4.000000,4.000000,4.000000,83.333336
1614076758.312985,40.000000,0.000000,-2.573510,4.565958,5.891265,-3.370576,-1.893060,-3.430191,-5.578146,10.493339,-9.955850,-2.939274,-11.053091,-8.700350,-5.069177,-4.628610,-1.400040,-11.890340,4.736991,27.630728,7.646707,-1.457040,8.507163,12.701601,-6.751432,1.553117,16.071833,1.200504,-0.563592,-3.101935,-4.030426,7.546579,-3.944383,7.803720,8064.000000,0.000000,4.000000,,,,0.000000,4.000000,4.000000,4.000000,4.000000,4.000000,4.000000,4.000000,4.000000,4.000000,4.000000,4.000000,4.000000,4.000000,4.000000,4.000000,4.000000,4.000000,4.000000,2.000000,4.000000,4.000000,4.000000,4.000000,4.000000,4.000000,4.000000,4.000000,4.000000,4.000000,4.000000,4.000000,4.000000,83.333336
1614076758.320734,41.000000,0.000000,-1.545295,4.561392,4.859733,-2.341564,-1.378346,-1.375479,-5.572567,7.405922,-1.740766,4.243153,-11.042038,-3.563445,-0.448723,-2.572700,0.139821,20.942064,9.347638,41.449249,4.049317,0.595699,-0.219293,8.073515,-3.154937,1.038743,13.491657,2.737765,-0.563028,-3.611654,-4.026395,6.513391,-3.940439,7.283096,8064.000000,0.000000,4.000000,,,,0.000000,4.000000,4.000000,4.000000,4.000000,4.000000,4.000000,4.000000,4.000000,4.000000,4.000000,4.000000,4.000000,4.000000,4.000000,4.000000,4.000000,4.000000,4.000000,2.000000,4.000000,4.000000,4.000000,4.000000,4.000000,4.000000,4.000000,4.000000,4.000000,4.000000,4.000000,4.000000,4.000000,83.333336
1614076758.328583,42.000000,0.000000,-2.056571,4.044011,7.931796,2.276162,-0.351327,-1.374104,-5.566995,5.347234,-0.200564,4.751730,-11.030996,-3.559881,-0.961095,-2.057306,-2.424421,14.254455,8.825470,28.587290,-8.775246,-23.507462,-9.449842,7.552620,-7.767167,1.037705,9.375602,1.196566,-1.075286,-3.608042,-4.022369,7.532519,-3.936498,6.762993,8064.000000,0.000000,4.000000,,,,0.000000,4.000000,4.000000,4.000000,4.000000,4.000000,4.000000,4.000000,4.000000,4.000000,4.000000,4.000000,4.000000,4.000000,4.000000,4.000000,4.000000,4.000000,4.000000,2.000000,4.000000,4.000000,4.000000,4.000000,4.000000,4.000000,4.000000,4.000000,4.000000,4.000000,4.000000,4.000000,4.000000,83.333336
1614076758.336332,43.000000,0.000000,-2.054514,4.552787,13.052070,4.837988,3.751588,-1.885550,-5.561428,5.854707,-1.738825,3.721338,-11.019965,-3.556321,-4.037057,-1.029608,-3.960458,-2.170056,8.816645,24.968958,-2.099803,-35.278824,-13.030136,7.032248,-10.836323,-2.040256,6.802124,-0.855913,-2.099851,-3.091614,-4.018347,7.524987,-3.932562,4.192127,8064.000000,0.000000,4.000000,,,,0.000000,4.000000,4.000000,4.000000,4.000000,4.000000,4.000000,4.000000,4.000000,4.000000,4.000000,4.000000,4.000000,4.000000,4.000000,4.000000,4.000000,4.000000,4.000000,2.000000,4.000000,4.000000,4.000000,4.000000,4.000000,4.000000,4.000000,4.000000,4.000000,4.000000,4.000000,4.000000,4.000000,83.333336
1614076758.344181,44.000000,0.000000,-1.539639,4.035414,13.039018,4.833150,6.311939,-1.883664,-5.555867,4.823212,-0.711445,4.230437,-11.008945,-3.552765,-4.033020,1.535524,-2.930856,20.396217,7.269367,28.020912,-7.738729,-35.243546,-17.632490,5.486753,-9.799845,-6.140780,6.795321,-1.367878,-4.661854,-3.601343,-4.014328,7.004641,-3.928629,3.675115,8064.000000,0.000000,4.000000,,,,0.000000,4.000000,4.000000,4.000000,4.000000,4.000000,4.000000,4.000000,4.000000,4.000000,4.000000,4.000000,4.000000,4.000000,4.000000,4.000000,4.000000,4.000000,4.000000,2.000000,4.000000,4.000000,4.000000,4.000000,4.000000,4.000000,4.000000,4.000000,4.000000,4.000000,4.000000,4.000000,4.000000,83.333336
1614076758.351930,45.000000,0.000000,-1.538100,4.544199,9.436234,3.802676,6.305627,-1.881781,-6.063131,3.279927,-0.710733,4.226206,-11.510756,-4.574853,-5.054628,-0.004473,-2.927926,25.504025,3.159533,29.018532,-17.987400,-36.233944,-14.537935,7.532549,-9.790045,-7.160280,6.788526,-3.417792,-4.657192,-3.597741,-4.010314,6.997636,-3.924700,2.645798,8064.000000,0.000000,4.000000,,,,0.000000,4.000000,4.000000,4.000000,4.000000,4.000000,4.000000,4.000000,4.000000,4.000000,4.000000,4.000000,4.000000,4.000000,4.000000,4.000000,4.000000,4.000000,4.000000,2.000000,4.000000,4.000000,4.000000,4.000000,4.000000,4.000000,4.000000,4.000000,4.000000,4.000000,4.000000,4.000000,4.000000,83.333336
1614076758.359779,46.000000,0.000000,-3.587843,4.026834,8.913978,2.260412,5.786501,-1.879899,-5.544248,8.404852,-1.222843,3.709160,-10.473605,-3.031817,-7.613676,-1.030109,-4.463459,-6.316350,2.130733,36.169003,-1.046336,-33.633606,-3.754167,7.012196,-9.267435,-6.640299,3.191994,-4.440015,-3.626894,-3.081323,-4.006304,8.016280,-3.920776,-2.485053,8064.000000,0.000000,4.000000,,,,0.000000,4.000000,4.000000,4.000000,4.000000,4.000000,4.000000,4.000000,4.000000,4.000000,4.000000,4.000000,4.000000,4.000000,4.000000,4.000000,4.000000,4.000000,4.000000,2.000000,4.000000,4.000000,4.000000,4.000000,4.000000,4.000000,4.000000,4.000000,4.000000,4.000000,4.000000,4.000000,4.000000,83.333336
1614076758.367528,47.000000,0.000000,-5.635538,1.458705,9.930705,0.719690,6.293535,-1.878019,-5.025883,7.883627,-1.221620,4.218271,-10.975952,-4.054426,-8.118883,0.509382,-7.023098,-16.053623,-2.486783,23.825140,2.544453,-38.728180,-5.288874,-5.815329,-13.360731,-5.608018,-2.452224,-5.974037,-6.700190,-3.591062,-4.002297,5.444161,-3.916855,-5.046670,8064.000000,0.000000,4.000000,,,,0.000000,4.000000,4.000000,4.000000,4.000000,4.000000,4.000000,4.000000,4.000000,4.000000,4.000000,4.000000,4.000000,4.000000,4.000000,4.000000,4.000000,4.000000,4.000000,2.000000,4.000000,4.000000,4.000000,4.000000,4.000000,4.000000,4.000000,4.000000,4.000000,4.000000,4.000000,4.000000,4.000000,83.333336
1614076758.375377,48.000000,0.000000,-6.142723,-0.081216,9.407954,0.718970,5.774421,-1.876141,-6.046498,-2.380667,-1.220399,3.701232,-12.503438,-10.717038,-8.110764,-3.080871,-7.016075,3.449609,-9.150963,4.826956,-14.381168,-45.868938,-13.488713,-8.886436,-20.014038,-8.679333,-4.501054,-10.070626,-11.308875,-5.125933,-3.998295,1.336153,-3.912938,-4.015982,8064.000000,0.000000,4.000000,,,,0.000000,4.000000,4.000000,4.000000,4.000000,4.000000,4.000000,4.000000,4.000000,4.000000,4.000000,4.000000,4.000000,4.000000,4.000000,4.000000,4.000000,4.000000,4.000000,2.000000,4.000000,4.000000,4.000000,4.000000,4.000000,4.000000,4.000000,4.000000,4.000000,4.000000,4.000000,4.000000,4.000000,83.333336
1614076758.383126,49.000000,0.000000,-5.623759,0.431686,8.885725,0.718251,5.768647,-1.874265,-5.527631,1.724278,-1.219178,3.697531,-5.824267,-9.167860,-7.589833,-5.641892,-7.009059,6.010262,-6.577709,16.617001,-8.212940,-36.079479,-9.372661,4.455783,-17.429920,-15.337320,-4.496552,-11.599017,-12.323207,-7.172089,-3.994297,-0.716465,-3.909025,-4.011966,8064.000000,0.000000,4.000000,,,,0.000000,4.000000,4.000000,4.000000,4.000000,4.000000,4.000000,4.000000,4.000000,4.000000,4.000000,4.000000,4.000000,4.000000,4.000000,4.000000,4.000000,4.000000,4.000000,2.000000,4.000000,4.000000,4.000000,4.000000,4.000000,4.000000,4.000000,4.000000,4.000000,4.000000,4.000000,4.000000,4.000000,83.333336
1614076758.390975,50.000000,0.000000,-5.618135,0.431255,9.389660,0.717533,5.762878,-1.872391,-0.393898,14.030246,-1.217959,4.719474,2.899506,-1.979205,-7.582243,-3.072148,-8.540512,-6.303441,-2.468567,21.215769,-7.691907,-29.376734,-8.337646,3.938507,-11.258644,-17.373264,-4.492056,-9.023316,-11.798063,-7.164917,-3.990302,-1.228569,-3.905116,-4.520775,8064.000000,0.000000,4.000000,,,,0.000000,4.000000,4.000000,4.000000,4.000000,4.000000,4.000000,4.000000,4.000000,4.000000,4.000000,4.000000,4.000000,4.000000,4.000000,4.000000,4.000000,4.000000,4.000000,2.000000,4.000000,4.000000,4.000000,4.000000,4.000000,4.000000,4.000000,4.000000,4.000000,4.000000,4.000000,4.000000,4.000000,83.333336
1614076758.398724,51.000000,0.000000,-5.612517,0.430823,8.867450,0.716816,5.757115,-1.870518,0.632137,2.734164,-1.216741,1.637832,-0.693138,-6.079790,-8.087481,-5.120358,-10.583253,-9.886881,-7.594304,-1.369550,-27.171394,-39.603767,-20.637001,-11.450047,-14.324309,-15.304610,-4.487564,-8.501472,-11.786265,-7.157752,-4.499133,-3.791443,-3.901211,-4.003434,8064.000000,0.000000,4.000000,,,,0.000000,4.000000,4.000000,4.000000,4.000000,4.000000,4.000000,4.000000,4.000000,4.000000,4.000000,4.000000,4.000000,4.000000,4.000000,4.000000,4.000000,4.000000,4.000000,2.000000,4.000000,4.000000,4.000000,4.000000,4.000000,4.000000,4.000000,4.000000,4.000000,4.000000,4.000000,4.000000,4.000000,83.333336
1614076758.406473,52.000000,0.000000,-5.606905,0.430392,8.858582,0.716099,5.751358,-1.868648,-4.496700,-9.576262,-1.728345,-2.979191,-7.871932,-15.817300,-6.540932,-9.730622,-11.598311,-8.338532,-11.689274,1.708742,-17.400633,-42.641087,-26.257391,-16.566803,-18.412548,-16.314947,-5.508718,-9.005791,-12.287299,-7.150594,-3.981813,-4.300473,-3.897310,-6.050712,8064.000000,0.000000,4.000000,,,,0.000000,4.000000,4.000000,4.000000,4.000000,4.000000,4.000000,4.000000,4.000000,4.000000,4.000000,4.000000,4.000000,4.000000,4.000000,4.000000,4.000000,4.000000,4.000000,2.000000,4.000000,4.000000,4.000000,4.000000,4.000000,4.000000,4.000000,4.000000,4.000000,4.000000,4.000000,4.000000,4.000000,83.333336
1614076758.414222,53.000000,0.000000,-5.601298,0.429962,9.875365,0.715383,5.745607,-1.866779,-6.543486,-0.335917,-1.726617,-4.514673,-4.787137,-16.314302,-2.431827,-5.105507,-11.073893,-9.868655,-10.651943,25.296778,0.052665,-42.085625,-25.718311,-17.575876,-17.881315,-17.837093,-7.554491,-8.996785,-11.762192,-7.143444,-3.977831,-4.296172,-3.893413,-10.147225,8064.000000,0.000000,4.000000,,,,0.000000,4.000000,4.000000,4.000000,4.000000,4.000000,4.000000,4.000000,4.000000,4.000000,4.000000,4.000000,4.000000,4.000000,4.000000,4.000000,4.000000,4.000000,4.000000,2.000000,4.000000,4.000000,4.000000,4.000000,4.000000,4.000000,4.000000,4.000000,4.000000,4.000000,4.000000,4.000000,4.000000,83.333336
1614076758.421871,54.000000,0.000000,-5.595697,0.429532,8.839849,0.714667,5.739861,-2.377733,-5.511302,5.305445,-1.212069,-3.997338,-3.243888,-14.759527,-0.378113,-2.536299,-6.447433,-7.807504,-11.154112,24.758659,-17.896107,-49.735847,-29.795158,-19.096762,-18.376255,-18.844896,-8.572577,-9.500609,-12.263249,-7.136300,-4.486674,-4.291876,-3.889519,-10.649899,8064.000000,0.000000,4.000000,,,,0.000000,4.000000,4.000000,4.000000,4.000000,4.000000,4.000000,4.000000,4.000000,4.000000,4.000000,4.000000,4.000000,4.000000,4.000000,4.000000,4.000000,4.000000,4.000000,2.000000,4.000000,4.000000,4.000000,4.000000,4.000000,4.000000,4.000000,4.000000,4.000000,4.000000,4.000000,4.000000,4.000000,83.333336
1614076758.429620,55.000000,0.000000,-5.590101,0.429103,8.831009,0.201132,5.734121,-1.862535,-4.992970,1.197575,-1.723678,-4.506161,-4.266285,-15.257587,0.135085,-6.123506,-2.851243,-9.850979,-10.117316,11.913388,-30.698723,-45.070724,-23.611517,-9.334076,-14.255315,-18.826052,-8.051185,-5.388545,-11.738166,-7.129164,-1.918085,-1.210661,-2.347168,-8.587967,8064.000000,0.000000,4.000000,,,,0.000000,4.000000,4.000000,4.000000,4.000000,4.000000,4.000000,4.000000,4.000000,4.000000,4.000000,4.000000,4.000000,4.000000,4.000000,4.000000,4.000000,4.000000,4.000000,2.000000,4.000000,4.000000,4.000000,4.000000,4.000000,4.000000,4.000000,4.000000,4.000000,4.000000,4.000000,4.000000,4.000000,83.333336
1614076758.437269,56.000000,0.000000,-5.584511,0.428673,13.437562,1.226572,5.728387,0.190610,-3.449515,7.350224,-1.721954,0.626550,1.891827,-13.703869,-0.377870,-0.989177,-4.386853,-13.430872,-7.030276,5.234808,-17.847511,-32.717964,-8.203290,-4.196537,-6.548751,-8.550816,-8.043133,1.283511,-9.162325,-7.122035,2.186398,2.893114,-0.293539,-7.040917,8064.000000,0.000000,4.000000,,,,0.000000,4.000000,4.000000,4.000000,4.000000,4.000000,4.000000,4.000000,4.000000,4.000000,4.000000,4.000000,4.000000,4.000000,4.000000,4.000000,4.000000,4.000000,4.000000,2.000000,4.000000,4.000000,4.000000,4.000000,4.000000,4.000000,4.000000,4.000000,4.000000,4.000000,4.000000,4.000000,4.000000,83.333336
1614076758.445019,57.000000,0.000000,-5.578927,0.428245,17.526690,3.789448,5.722659,2.241701,-1.907604,13.496719,2.895153,9.343872,7.530961,-12.151703,-0.377492,9.781042,-1.818364,1.967175,-4.459144,18.562906,-8.086074,-26.531399,-0.502779,-9.320545,-6.542203,6.329530,-8.035089,3.333509,-4.537778,-7.114913,3.722673,3.915862,0.219575,-7.546697,8064.000000,0.000000,4.000000,,,,0.000000,4.000000,4.000000,4.000000,4.000000,4.000000,4.000000,4.000000,4.000000,4.000000,4.000000,4.000000,4.000000,4.000000,4.000000,4.000000,4.000000,4.000000,4.000000,2.000000,4.000000,4.000000,4.000000,4.000000,4.000000,4.000000,4.000000,4.000000,4.000000,4.000000,4.000000,4.000000,4.000000,83.333336
1614076758.452668,58.000000,0.000000,-5.573348,0.427817,13.406598,4.811300,5.716936,1.726639,-2.418517,12.970403,6.482001,11.898631,7.010610,-8.036987,7.315193,13.361005,7.414224,26.580591,6.827367,51.364857,7.819448,-12.658713,6.164391,1.458006,-4.997199,10.425765,-8.027055,2.304535,-1.969138,-7.107798,3.206130,3.399125,-1.319106,-8.051970,8064.000000,0.000000,4.000000,,,,0.000000,4.000000,4.000000,4.000000,4.000000,4.000000,4.000000,4.000000,4.000000,4.000000,4.000000,4.000000,4.000000,4.000000,4.000000,4.000000,4.000000,4.000000,4.000000,2.000000,4.000000,4.000000,4.000000,4.000000,4.000000,4.000000,4.000000,4.000000,4.000000,4.000000,4.000000,4.000000,4.000000,83.333336
1614076758.460417,59.000000,0.000000,-5.567774,0.427389,8.777807,4.293668,4.172758,1.724913,-1.903278,12.444612,6.475519,10.861092,9.567701,-1.875104,15.000185,12.322003,12.535015,26.041191,21.692335,61.569901,19.093679,0.687279,12.312073,20.430906,3.725747,7.338416,-8.019028,2.302230,-0.428707,-7.100690,3.202924,3.395726,-3.369069,-6.505457,8192.000000,0.000000,4.000000,,,,0.000000,4.000000,4.000000,4.000000,4.000000,4.000000,4.000000,4.000000,4.000000,4.000000,4.000000,4.000000,4.000000,4.000000,4.000000,4.000000,4.000000,4.000000,4.000000,2.000000,4.000000,4.000000,4.000000,4.000000,4.000000,4.000000,4.000000,4.000000,4.000000,4.000000,4.000000,4.000000,4.000000,83.333336
1614076758.468066,60.000000,0.000000,-5.562206,0.426961,9.281850,4.802195,2.117303,1.723188,-1.901375,8.329603,5.956223,10.850230,10.583775,0.690873,7.292878,10.771219,10.984018,8.579252,20.645000,29.200640,-4.002337,-9.569818,4.607453,16.307913,2.183560,8.869539,-8.011008,2.812749,0.084542,-7.093589,3.199721,3.905151,-3.878520,-3.934849,8064.000000,0.000000,4.000000,,,,0.000000,4.000000,4.000000,4.000000,4.000000,4.000000,4.000000,4.000000,4.000000,4.000000,4.000000,4.000000,4.000000,4.000000,4.000000,4.000000,4.000000,4.000000,4.000000,2.000000,4.000000,4.000000,4.000000,4.000000,4.000000,4.000000,4.000000,4.000000,4.000000,4.000000,4.000000,4.000000,4.000000,83.333336
1614076758.475815,61.000000,0.000000,-5.556644,0.426534,10.298209,3.258931,2.628006,2.234285,-2.412294,2.167427,6.975908,11.865022,3.393704,0.177362,-3.996467,7.683525,11.485855,4.980929,6.778202,11.735542,-20.921412,-21.867941,-8.730488,-0.631473,-10.126316,9.886311,-8.002997,2.297115,-0.428363,-7.086495,3.196521,3.901246,-3.874642,-4.443735,8064.000000,0.000000,4.000000,,,,0.000000,4.000000,4.000000,4.000000,4.000000,4.000000,4.000000,4.000000,4.000000,4.000000,4.000000,4.000000,4.000000,4.000000,4.000000,4.000000,4.000000,4.000000,4.000000,2.000000,4.000000,4.000000,4.000000,4.000000,4.000000,4.000000,4.000000,4.000000,4.000000,4.000000,4.000000,4.000000,4.000000,83.333336
1614076758.483464,62.000000,0.000000,-5.551087,0.426108,8.749449,0.691569,2.112558,2.232051,0.154221,0.626798,6.456111,11.853156,2.364669,0.177185,-4.505291,5.624559,12.500010,0.873385,0.617578,24.544319,-2.951772,-20.307611,-10.260220,-5.246226,-15.244395,6.286681,-7.994995,2.294818,-0.940755,-7.079409,5.757427,3.384524,-3.870767,-6.490573,8064.000000,0.000000,4.000000,,,,0.000000,4.000000,4.000000,4.000000,4.000000,4.000000,4.000000,4.000000,4.000000,4.000000,4.000000,4.000000,4.000000,4.000000,4.000000,4.000000,4.000000,4.000000,4.000000,2.000000,4.000000,4.000000,4.000000,4.000000,4.000000,4.000000,4.000000,4.000000,4.000000,4.000000,4.000000,4.000000,4.000000,83.333336
1614076758.491213,63.000000,0.000000,-5.545537,0.425682,9.766340,1.203698,3.136086,1.716998,4.256631,1.138992,5.936835,10.815662,9.028972,0.177007,-2.962324,7.670217,10.949049,-8.358258,1.129781,22.468493,1.666564,-24.389868,-8.711497,-2.676877,-13.177869,4.741932,-7.987000,2.292523,0.085826,-7.072330,7.290131,3.381140,-4.379717,-8.022544,8064.000000,0.000000,4.000000,,,,0.000000,4.000000,4.000000,4.000000,4.000000,4.000000,4.000000,4.000000,4.000000,4.000000,4.000000,4.000000,4.000000,4.000000,4.000000,4.000000,4.000000,4.000000,4.000000,2.000000,4.000000,4.000000,4.000000,4.000000,4.000000,4.000000,4.000000,4.000000,4.000000,4.000000,4.000000,4.000000,4.000000,83.333336
1614076758.498863,64.000000,0.000000,-6.052812,0.425256,9.756575,1.202495,6.209873,2.228102,6.303657,1.650673,6.443718,11.317667,13.122506,0.689651,-3.985003,9.713829,11.963740,8.060356,0.615831,14.753716,-17.822283,-31.544966,-13.318171,-4.212662,-13.677511,4.224370,-7.979012,2.290231,-1.965541,-7.065257,6.770020,4.403399,-3.349696,-6.988881,0.000000,187.000000,4.000000,,,,0.000000,4.000000,4.000000,4.000000,4.000000,4.000000,4.000000,4.000000,4.000000,4.000000,4.000000,4.000000,4.000000,4.000000,4.000000,4.000000,4.000000,4.000000,4.000000,2.000000,4.000000,4.000000,4.000000,4.000000,4.000000,4.000000,4.000000,4.000000,4.000000,4.000000,4.000000,4.000000,4.000000,83.333336
1614076758.506712,65.000000,0.000000,-5.533938,0.424831,4.105792,-0.337169,2.613919,2.225873,5.784533,1.136202,4.898813,11.306349,8.493999,-0.336680,-3.981018,6.627192,11.438956,26.513834,0.615215,24.995373,-23.445486,-34.077522,-20.997160,-8.823833,-14.176654,-0.908060,-8.483854,2.800761,-8.117422,-7.058192,7.788891,1.322073,-3.859167,-6.469071,0.000000,196.000000,4.000000,,,,0.000000,4.000000,4.000000,4.000000,4.000000,4.000000,4.000000,4.000000,4.000000,4.000000,4.000000,4.000000,4.000000,4.000000,4.000000,4.000000,4.000000,4.000000,4.000000,2.000000,4.000000,4.000000,4.000000,4.000000,4.000000,4.000000,4.000000,4.000000,4.000000,4.000000,4.000000,4.000000,4.000000,83.333336
1614076758.514461,66.000000,0.000000,-5.015584,-1.114056,-2.564980,-1.875294,-4.568182,-1.878916,0.137722,-4.505960,-2.285573,2.064274,-5.873469,-5.977369,-7.566780,-3.123025,-0.880175,2.897577,-1.949503,18.816532,-20.345118,-43.787037,-23.540266,-13.430394,-15.188119,-7.060998,-7.962550,1.259499,-12.211868,-6.538313,5.217000,-5.345916,-6.419410,-11.077987,0.000000,200.000000,4.000000,,,,0.000000,4.000000,4.000000,4.000000,4.000000,4.000000,4.000000,4.000000,4.000000,4.000000,4.000000,4.000000,4.000000,4.000000,4.000000,4.000000,4.000000,4.000000,4.000000,2.000000,4.000000,4.000000,4.000000,4.000000,4.000000,4.000000,4.000000,4.000000,4.000000,4.000000,4.000000,4.000000,4.000000,83.333336
1614076758.522310,67.000000,0.000000,-8.087491,-2.651403,-5.126518,-5.463162,-8.153357,-8.543704,-10.118826,-9.629659,-9.462774,-11.783944,-21.252211,-11.099596,-14.225880,-12.863492,-14.725449,-23.771988,-8.614221,-9.407413,-23.914515,-56.050941,-25.055187,-14.955425,-19.788315,-9.105219,-7.954587,-0.793043,-12.199656,-6.531775,-1.454884,-8.417493,-7.438632,-19.272038,0.000000,187.000000,4.000000,,,,0.000000,4.000000,4.000000,4.000000,4.000000,4.000000,4.000000,4.000000,4.000000,4.000000,4.000000,4.000000,4.000000,4.000000,4.000000,4.000000,4.000000,4.000000,4.000000,2.000000,4.000000,4.000000,4.000000,4.000000,4.000000,4.000000,4.000000,4.000000,4.000000,4.000000,4.000000,4.000000,4.000000,83.333336
1614076758.530059,68.000000,0.000000,-9.105044,-3.161572,-6.659853,-11.611545,-11.734947,-13.150545,-12.672810,-9.620029,-9.453312,-15.874724,-21.230959,-11.088497,-16.262936,-13.363449,-15.736364,-15.030266,-10.144068,-8.372365,-19.788036,-49.841045,-25.542952,-13.402009,-21.306988,-10.634575,-8.972274,-1.305070,-11.674637,-7.038064,-5.043172,-7.383434,-7.431193,-23.355330,0.000000,194.000000,4.000000,,,,0.000000,4.000000,4.000000,4.000000,4.000000,4.000000,4.000000,4.000000,4.000000,4.000000,4.000000,4.000000,4.000000,4.000000,4.000000,4.000000,4.000000,4.000000,4.000000,2.000000,4.000000,4.000000,4.000000,4.000000,4.000000,4.000000,4.000000,4.000000,4.000000,4.000000,4.000000,4.000000,4.000000,83.333336
1614076758.537908,69.000000,0.000000,-4.480555,-3.158411,-9.730116,-14.164036,-11.210392,-13.137395,-7.019111,-10.123230,-3.290012,-10.217824,-12.491779,-10.564588,-14.195392,-9.760342,-11.105244,-9.887031,-5.005718,23.943701,-7.460556,-34.919407,-14.748178,-4.670658,-18.721579,-10.111120,-4.860737,-0.790945,-9.611680,-6.518205,-3.499668,-7.376051,-7.423762,-20.767872,0.000000,198.000000,4.000000,,,,0.000000,4.000000,4.000000,4.000000,4.000000,4.000000,4.000000,4.000000,4.000000,4.000000,4.000000,4.000000,4.000000,4.000000,4.000000,4.000000,4.000000,4.000000,4.000000,2.000000,4.000000,4.000000,4.000000,4.000000,4.000000,4.000000,4.000000,4.000000,4.000000,4.000000,4.000000,4.000000,4.000000,83.333336
1614076758.545657,70.000000,0.000000,-1.399151,-2.642432,-8.694745,-13.637052,-5.558156,-12.098616,-5.986451,-9.600286,-1.748261,-4.053760,-10.428005,-11.579664,-12.129913,-9.750582,-11.094138,-16.543810,-1.923790,35.201809,-0.786429,-27.192181,0.651185,4.564782,-16.651575,-3.947163,2.323611,-1.815795,-7.550786,-6.511687,-4.008989,-7.881495,-6.903518,-18.183001,0.000000,188.000000,4.000000,,,,0.000000,4.000000,4.000000,4.000000,4.000000,4.000000,4.000000,4.000000,4.000000,4.000000,4.000000,4.000000,4.000000,4.000000,4.000000,4.000000,4.000000,4.000000,4.000000,2.000000,4.000000,4.000000,4.000000,4.000000,4.000000,4.000000,4.000000,4.000000,4.000000,4.000000,4.000000,4.000000,4.000000,83.333336
1614076758.553506,71.000000,0.000000,-1.397752,-3.152610,-9.198871,-16.700338,-12.219264,-14.137799,-9.570209,-6.513762,-5.849077,-3.536886,-11.956038,-10.542443,-11.092143,-10.253652,-11.083044,-0.629831,-3.460327,20.807631,-1.298463,-24.600885,1.163355,-3.132091,-16.634924,0.672169,3.859749,-0.275517,-8.568876,-10.094919,-8.107544,-7.873614,-7.922256,-21.754560,0.000000,172.000000,4.000000,,,,0.000000,4.000000,4.000000,4.000000,4.000000,4.000000,4.000000,4.000000,4.000000,4.000000,4.000000,4.000000,4.000000,4.000000,4.000000,4.000000,4.000000,4.000000,4.000000,2.000000,4.000000,4.000000,4.000000,4.000000,4.000000,4.000000,4.000000,4.000000,4.000000,4.000000,4.000000,4.000000,4.000000,83.333336
1614076758.561255,72.000000,0.000000,-1.909175,-9.303304,-16.369160,-21.299023,-22.976276,-18.226225,-10.073459,-10.096992,-8.920151,-7.635913,-11.431262,-11.557542,-11.593871,-10.243398,-10.046320,14.755414,-2.944046,17.197081,-2.322806,-27.140388,-9.094219,-13.385368,-18.156750,0.158676,2.830248,-2.326524,-7.534667,-14.187388,-11.176359,-7.352920,-9.965615,-25.835371,0.000000,179.000000,4.000000,,,,0.000000,4.000000,4.000000,4.000000,4.000000,4.000000,4.000000,4.000000,4.000000,4.000000,4.000000,4.000000,4.000000,4.000000,4.000000,4.000000,4.000000,4.000000,4.000000,2.000000,4.000000,4.000000,4.000000,4.000000,4.000000,4.000000,4.000000,4.000000,4.000000,4.000000,4.000000,4.000000,4.000000,83.333336
1614076758.569104,73.000000,0.000000,-3.445727,-14.422205,-19.942533,-21.790543,-17.825094,-20.259281,-8.524923,-17.266382,-8.398410,-10.705200,-10.907010,-16.674191,-11.069457,-9.720334,-12.600376,-2.695238,-3.966743,22.308088,-1.294842,-33.779915,-12.162048,-9.269420,-20.702696,-1.892764,3.853059,-11.042146,-7.527132,-14.686021,-11.678003,-7.345567,-11.494111,-25.809536,0.000000,185.000000,4.000000,,,,0.000000,4.000000,4.000000,4.000000,4.000000,4.000000,4.000000,4.000000,4.000000,4.000000,4.000000,4.000000,4.000000,4.000000,4.000000,4.000000,4.000000,4.000000,4.000000,2.000000,4.000000,4.000000,4.000000,4.000000,4.000000,4.000000,4.000000,4.000000,4.000000,4.000000,4.000000,4.000000,4.000000,83.333336
1614076758.576853,74.000000,0.000000,-5.493564,-14.920604,-14.794386,-20.743113,-8.576500,-19.726202,-9.029219,-16.223475,-7.877191,-10.694495,-10.896104,-19.221619,-10.545567,-9.710613,-17.203161,-17.564339,-10.116623,17.157576,-1.806367,-35.797417,-14.201168,-10.798612,-20.681993,-4.967795,0.772282,-16.672129,-20.340118,-14.671335,-11.153505,-7.851042,-10.969796,-24.758085,0.000000,200.000000,4.000000,,,,0.000000,4.000000,4.000000,4.000000,4.000000,4.000000,4.000000,4.000000,4.000000,4.000000,4.000000,4.000000,4.000000,4.000000,4.000000,4.000000,4.000000,4.000000,4.000000,2.000000,4.000000,4.000000,4.000000,4.000000,4.000000,4.000000,4.000000,4.000000,4.000000,4.000000,4.000000,4.000000,4.000000,83.333336
1614076758.584702,75.000000,0.000000,-5.488070,-12.854401,-11.189848,-18.158266,-8.055103,-19.706476,-9.533010,-10.566226,-8.894955,-11.709442,-10.885207,-17.151115,-12.073483,-10.726543,-18.211597,-7.803184,-13.696250,8.935289,-12.573792,-36.274441,-23.930557,-20.531403,-21.174131,-9.065391,-4.869515,-14.091355,-29.550547,-14.656664,-11.142351,-7.330370,-10.958827,-26.271788,0.000000,201.000000,4.000000,,,,0.000000,4.000000,4.000000,4.000000,4.000000,4.000000,4.000000,4.000000,4.000000,4.000000,4.000000,4.000000,4.000000,4.000000,4.000000,4.000000,4.000000,4.000000,4.000000,2.000000,4.000000,4.000000,4.000000,4.000000,4.000000,4.000000,4.000000,4.000000,4.000000,4.000000,4.000000,4.000000,4.000000,83.333336
1614076758.592451,76.000000,0.000000,-5.995403,-11.303085,-12.717119,-12.499083,-3.431663,-20.199589,-9.010656,-7.991557,-8.373240,-10.159270,-11.899963,-15.595502,-10.010127,-9.690176,-18.706207,-7.795381,-11.631271,7.900713,-24.868910,-43.417652,-29.547651,-17.946768,-21.665779,-11.107608,-2.300544,-11.513161,-18.751766,-12.077905,-12.156850,-4.758937,-10.947867,-24.194235,0.000000,188.000000,4.000000,,,,0.000000,4.000000,4.000000,4.000000,4.000000,4.000000,4.000000,4.000000,4.000000,4.000000,4.000000,4.000000,4.000000,4.000000,4.000000,4.000000,4.000000,4.000000,4.000000,2.000000,4.000000,4.000000,4.000000,4.000000,4.000000,4.000000,4.000000,4.000000,4.000000,4.000000,4.000000,4.000000,4.000000,83.333336
1614076758.600300,77.000000,0.000000,-5.989407,-10.266141,-12.191582,-9.409660,3.238435,-19.666569,-5.411902,-4.393822,-8.364866,-6.046547,-7.272678,-15.067086,-3.846271,-5.577922,-18.687500,-15.992714,-10.593999,6.867171,-21.254297,-48.502438,-28.492462,-11.262156,-16.003086,-10.583679,2.829962,-12.527288,-6.938142,-10.527365,-10.093411,-3.215717,-10.936920,-21.605938,0.000000,176.000000,4.000000,,,,0.000000,4.000000,4.000000,4.000000,4.000000,4.000000,4.000000,4.000000,4.000000,4.000000,4.000000,4.000000,4.000000,4.000000,4.000000,4.000000,4.000000,4.000000,4.000000,2.000000,4.000000,4.000000,4.000000,4.000000,4.000000,4.000000,4.000000,4.000000,4.000000,4.000000,4.000000,4.000000,4.000000,83.333336
1614076758.608049,78.000000,0.000000,-3.419315,-10.255875,-9.102468,-9.913071,3.235197,-20.159723,-1.816747,-3.363787,-8.356502,-3.989219,2.478184,-12.487916,0.260139,-1.469780,-7.899582,6.074561,-11.096226,10.450047,-10.463813,-48.453938,-30.002432,-10.738072,-7.781956,-10.060275,2.314312,-12.514762,-7.444024,-10.004017,-5.467933,-4.238142,-10.925983,-22.097153,0.000000,207.000000,4.000000,,,,0.000000,4.000000,4.000000,4.000000,4.000000,4.000000,4.000000,4.000000,4.000000,4.000000,4.000000,4.000000,4.000000,4.000000,4.000000,4.000000,4.000000,4.000000,4.000000,2.000000,4.000000,4.000000,4.000000,4.000000,4.000000,4.000000,4.000000,4.000000,4.000000,4.000000,4.000000,4.000000,4.000000,83.333336
1614076758.615898,79.000000,0.000000,-1.364614,-10.245619,-8.067724,-9.903158,3.744782,-20.139565,-1.302110,-1.821962,-8.348145,-0.395486,8.116732,-11.449787,0.772700,2.121433,5.954471,31.709513,-8.008206,19.670366,-9.427708,-44.302917,-23.305763,-4.060668,-5.210071,-10.563036,4.876100,-10.963785,-7.436580,-7.942731,-2.898363,-2.695442,-10.915057,-20.023773,0.000000,202.000000,4.000000,,,,0.000000,4.000000,4.000000,4.000000,4.000000,4.000000,4.000000,4.000000,4.000000,4.000000,4.000000,4.000000,4.000000,4.000000,4.000000,4.000000,4.000000,4.000000,4.000000,2.000000,4.000000,4.000000,4.000000,4.000000,4.000000,4.000000,4.000000,4.000000,4.000000,4.000000,4.000000,4.000000,4.000000,83.333336
1614076758.623647,80.000000,0.000000,-1.876070,-9.722552,-8.572476,-9.893254,6.817960,-19.606604,-1.813628,3.820886,-8.339797,5.758756,7.595794,-9.387055,-0.253714,6.734697,2.358773,7.062418,-5.948916,20.676338,-6.854177,-29.386822,-0.718355,4.661342,-4.692040,-10.552472,12.050711,-8.388719,-7.429143,-6.396327,-3.408285,-0.128644,-10.391321,-14.362723,0.000000,179.000000,4.000000,,,,0.000000,4.000000,4.000000,4.000000,4.000000,4.000000,4.000000,4.000000,4.000000,4.000000,4.000000,4.000000,4.000000,4.000000,4.000000,4.000000,4.000000,4.000000,4.000000,2.000000,4.000000,4.000000,4.000000,4.000000,4.000000,4.000000,4.000000,4.000000,4.000000,4.000000,4.000000,4.000000,4.000000,83.333336
1614076758.631296,81.000000,0.000000,-2.387014,-10.225651,-8.563904,-9.883361,5.272681,-20.099817,-1.298994,3.817065,-8.331457,8.829920,7.588198,-3.223822,-0.253460,8.779244,-3.797432,-21.149773,-6.968608,21.681303,4.434728,-7.818973,13.641338,4.143860,-2.636066,-5.926536,15.115583,-7.867510,-6.908894,-6.902751,-3.917697,0.384305,-11.406571,-14.348361,0.000000,192.000000,4.000000,,,,0.000000,4.000000,4.000000,4.000000,4.000000,4.000000,4.000000,4.000000,4.000000,4.000000,4.000000,4.000000,4.000000,4.000000,4.000000,4.000000,4.000000,4.000000,4.000000,2.000000,4.000000,4.000000,4.000000,4.000000,4.000000,4.000000,4.000000,4.000000,4.000000,4.000000,4.000000,4.000000,4.000000,83.333336
1614076758.639045,82.000000,0.000000,2.230757,-10.215425,-9.068161,-6.796555,2.703305,-20.592539,-2.323336,2.787607,-8.323126,7.282629,7.580610,2.420427,8.464742,11.334567,14.667904,11.691890,1.243489,47.300648,12.122601,6.035000,13.114877,4.652536,-1.607789,-0.279583,14.074827,-8.372462,2.328784,-5.870207,-3.400959,0.383920,-10.882344,-14.334013,0.000000,178.000000,4.000000,,,,0.000000,4.000000,4.000000,4.000000,4.000000,4.000000,4.000000,4.000000,4.000000,4.000000,4.000000,4.000000,4.000000,4.000000,4.000000,4.000000,4.000000,4.000000,4.000000,2.000000,4.000000,4.000000,4.000000,4.000000,4.000000,4.000000,4.000000,4.000000,4.000000,4.000000,4.000000,4.000000,4.000000,83.333336
1614076758.646694,83.000000,0.000000,6.843911,-10.205210,-8.033451,-3.200015,2.187782,-13.905279,-1.808192,12.528409,-8.314802,7.275346,7.573030,5.494930,18.199867,12.861694,30.550673,44.500710,12.011476,72.894371,15.700222,7.054606,11.050480,6.186346,-1.093361,1.771978,12.522290,-7.851270,4.890558,-3.813055,-3.397558,0.896357,-6.768898,-7.140192,0.000000,177.000000,4.000000,,,,0.000000,4.000000,4.000000,4.000000,4.000000,4.000000,4.000000,4.000000,4.000000,4.000000,4.000000,4.000000,4.000000,4.000000,4.000000,4.000000,4.000000,4.000000,4.000000,2.000000,4.000000,4.000000,4.000000,4.000000,4.000000,4.000000,4.000000,4.000000,4.000000,4.000000,4.000000,4.000000,4.000000,83.333336
1614076758.654444,84.000000,0.000000,3.760144,-10.195004,-5.974136,-2.171174,2.185594,-5.173425,-1.293563,14.567163,-8.306487,7.780891,7.565456,4.463794,9.463718,6.694986,14.109864,12.148518,6.871259,58.975323,11.069137,-5.260141,1.808660,-0.999328,-6.220473,2.283027,8.920025,-8.869060,-11.011768,-5.860524,-3.906981,-3.207103,-2.659565,-3.543308,0.000000,205.000000,4.000000,,,,0.000000,4.000000,4.000000,4.000000,4.000000,4.000000,4.000000,4.000000,4.000000,4.000000,4.000000,4.000000,4.000000,4.000000,4.000000,4.000000,4.000000,4.000000,4.000000,2.000000,4.000000,4.000000,4.000000,4.000000,4.000000,4.000000,4.000000,4.000000,4.000000,4.000000,4.000000,4.000000,4.000000,83.333336
1614076758.662093,85.000000,0.000000,-3.423103,-10.184810,-4.942521,-2.681823,2.183408,-4.655431,-3.856373,-0.319200,-8.298181,5.721828,6.019429,-5.284259,-5.930361,-2.542478,-8.981169,-20.171324,-4.930484,26.608656,-10.993215,-23.203598,-17.680328,-7.664995,-16.470663,-0.796179,5.834181,-11.424293,-23.308449,-9.444407,-8.005638,-10.383384,-4.708187,-8.155149,0.000000,203.000000,4.000000,,,,0.000000,4.000000,4.000000,4.000000,4.000000,4.000000,4.000000,4.000000,4.000000,4.000000,4.000000,4.000000,4.000000,4.000000,4.000000,4.000000,4.000000,4.000000,4.000000,2.000000,4.000000,4.000000,4.000000,4.000000,4.000000,4.000000,4.000000,4.000000,4.000000,4.000000,4.000000,4.000000,4.000000,83.333336
1614076758.669842,86.000000,0.000000,-5.983782,-10.174624,-3.911937,-2.679141,2.181225,-5.163596,-5.390978,-8.524009,-8.289883,3.664824,3.962128,-13.996924,-7.975712,-4.078397,-12.561931,-10.920382,-7.489656,10.684611,-27.905298,-32.923985,-25.867777,-9.195792,-20.043936,-11.564614,5.828347,-12.438510,-21.233858,-10.460604,-11.587376,-11.911462,-7.267581,-9.685455,0.000000,169.000000,4.000000,,,,0.000000,4.000000,4.000000,4.000000,4.000000,4.000000,4.000000,4.000000,4.000000,4.000000,4.000000,4.000000,4.000000,4.000000,4.000000,4.000000,4.000000,4.000000,4.000000,2.000000,4.000000,4.000000,4.000000,4.000000,4.000000,4.000000,4.000000,4.000000,4.000000,4.000000,4.000000,4.000000,4.000000,83.333336
1614076758.677491,87.000000,0.000000,-5.464978,-10.164450,-1.856743,-2.676462,2.179044,0.482593,0.768259,-3.387280,-8.281593,3.148339,2.932525,-12.957286,-4.890814,-2.535857,-9.985267,-19.114590,-6.456525,9.135465,-19.672264,-33.403881,-21.739344,-12.776340,-17.972609,-18.732536,6.335340,-11.913251,-17.622881,-10.450143,-11.575788,-10.361089,-7.260314,-6.598847,0.000000,196.000000,4.000000,,,,0.000000,4.000000,4.000000,4.000000,4.000000,4.000000,4.000000,4.000000,4.000000,4.000000,4.000000,4.000000,4.000000,4.000000,4.000000,4.000000,4.000000,4.000000,4.000000,2.000000,4.000000,4.000000,4.000000,4.000000,4.000000,4.000000,4.000000,4.000000,4.000000,4.000000,4.000000,4.000000,4.000000,83.333336
1614076758.685240,88.000000,0.000000,-5.972334,-10.154285,-0.829246,-2.673786,2.176865,0.994931,6.408517,1.744313,-8.273312,4.683652,3.442413,-9.867406,-3.347461,1.056423,-7.923999,-31.403168,-6.962889,14.767355,-8.370541,-32.857658,-20.691963,-9.173820,-17.441816,-17.688164,5.816184,-11.901338,-16.579617,-10.439692,-10.538571,-11.376369,-6.740233,-6.079428,0.000000,209.000000,4.000000,,,,0.000000,4.000000,4.000000,4.000000,4.000000,4.000000,4.000000,4.000000,4.000000,4.000000,4.000000,4.000000,4.000000,4.000000,4.000000,4.000000,4.000000,4.000000,4.000000,2.000000,4.000000,4.000000,4.000000,4.000000,4.000000,4.000000,4.000000,4.000000,4.000000,4.000000,4.000000,4.000000,4.000000,83.333336
1614076758.692889,89.000000,0.000000,-5.966362,-10.144131,-1.341237,-2.158291,2.174688,-6.185551,5.889288,4.306671,-8.265038,7.243071,3.438970,-11.396000,2.296912,9.260494,-2.275049,-5.217918,-5.417465,25.521818,-9.900632,-33.337620,-22.209734,3.655867,-13.321811,-17.670475,6.323188,-12.402257,-16.050217,-10.429254,-12.066495,-10.852172,-7.246314,-7.098989,0.000000,205.000000,4.000000,,,,0.000000,4.000000,4.000000,4.000000,4.000000,4.000000,4.000000,4.000000,4.000000,4.000000,4.000000,4.000000,4.000000,4.000000,4.000000,4.000000,4.000000,4.000000,4.000000,2.000000,4.000000,4.000000,4.000000,4.000000,4.000000,4.000000,4.000000,4.000000,4.000000,4.000000,4.000000,4.000000,4.000000,83.333336
1614076758.700638,90.000000,0.000000,-5.960395,-10.133987,-1.339896,-2.668954,3.198154,-9.256289,4.857758,4.815185,-8.256773,7.748649,3.435531,-11.384604,7.422820,13.353798,0.291328,6.582171,-2.847945,30.624502,-10.916372,-33.817104,-19.110601,7.241955,-6.129002,-17.652803,6.316864,-11.877034,-15.008526,-10.418824,-11.028788,-7.764397,-7.239067,-6.579070,0.000000,125.000000,4.000000,,,,0.000000,4.000000,4.000000,4.000000,4.000000,4.000000,4.000000,4.000000,4.000000,4.000000,4.000000,4.000000,4.000000,4.000000,4.000000,4.000000,4.000000,4.000000,4.000000,2.000000,4.000000,4.000000,4.000000,4.000000,4.000000,4.000000,4.000000,4.000000,4.000000,4.000000,4.000000,4.000000,4.000000,83.333336
1614076758.708288,91.000000,0.000000,-5.954435,-10.123853,-1.338556,-2.666285,2.169315,-8.221392,5.878541,4.810370,-8.248516,5.689618,3.432096,-10.347578,7.928218,10.776341,1.316678,-0.091078,0.744647,29.568235,-8.341353,-29.680721,-14.988926,4.157790,-5.610052,-13.532587,6.310548,-9.813874,-9.352491,-10.408405,-3.325451,-6.730991,-6.719007,-7.085311,0.000000,205.000000,4.000000,,,,0.000000,4.000000,4.000000,4.000000,4.000000,4.000000,4.000000,4.000000,4.000000,4.000000,4.000000,4.000000,4.000000,4.000000,4.000000,4.000000,4.000000,4.000000,4.000000,2.000000,4.000000,4.000000,4.000000,4.000000,4.000000,4.000000,4.000000,4.000000,4.000000,4.000000,4.000000,4.000000,4.000000,83.333336
1614076758.716037,92.000000,0.000000,-1.333096,-10.113729,-0.824397,-1.637977,2.167145,-8.725990,5.872662,6.344021,-8.240268,4.145467,3.428664,-10.850051,7.407469,9.739924,2.341002,8.114141,4.846466,30.051489,-7.820191,-18.368990,-7.794450,6.204914,-5.091621,-9.929311,6.304237,-7.752779,-3.702113,-10.397997,1.293259,-6.724260,-8.250750,-6.565405,0.000000,176.000000,4.000000,,,,0.000000,4.000000,4.000000,4.000000,4.000000,4.000000,4.000000,4.000000,4.000000,4.000000,4.000000,4.000000,4.000000,4.000000,4.000000,4.000000,4.000000,4.000000,4.000000,2.000000,4.000000,4.000000,4.000000,4.000000,4.000000,4.000000,4.000000,4.000000,4.000000,4.000000,4.000000,4.000000,4.000000,83.333336
1614076758.723686,93.000000,0.000000,5.334904,-10.103616,-1.336393,-3.687621,3.703440,-8.717264,5.353969,1.209472,-8.232027,2.602860,3.425235,-10.839201,6.374421,7.678902,-2.789544,-0.099101,4.841620,27.970156,-8.838013,-12.196774,-1.119989,7.737171,-1.496786,-7.868100,6.810753,-8.257847,-4.211232,-10.387599,-1.272136,-6.717536,-10.293781,-7.584481,0.000000,210.000000,4.000000,,,,0.000000,4.000000,4.000000,4.000000,4.000000,4.000000,4.000000,4.000000,4.000000,4.000000,4.000000,4.000000,4.000000,4.000000,4.000000,4.000000,4.000000,4.000000,4.000000,2.000000,4.000000,4.000000,4.000000,4.000000,4.000000,4.000000,4.000000,4.000000,4.000000,4.000000,4.000000,4.000000,4.000000,83.333336
1614076758.731435,94.000000,0.000000,5.329569,-10.093512,-3.386338,-8.299318,-1.428469,-8.708548,5.348615,-9.048148,-8.223795,0.548975,3.421810,-10.828362,3.291123,1.004557,-5.350857,-15.996437,4.836778,29.993467,-9.341995,-13.210218,-4.708612,8.755075,-3.546571,-6.321770,5.265481,-8.249589,-7.283944,-10.377212,-3.834967,-10.300562,-11.309129,-12.705102,0.000000,187.000000,4.000000,,,,0.000000,4.000000,4.000000,4.000000,4.000000,4.000000,4.000000,4.000000,4.000000,4.000000,4.000000,4.000000,4.000000,4.000000,4.000000,4.000000,4.000000,4.000000,4.000000,2.000000,4.000000,4.000000,4.000000,4.000000,4.000000,4.000000,4.000000,4.000000,4.000000,4.000000,4.000000,4.000000,4.000000,83.333336
1614076758.739084,95.000000,0.000000,2.247317,-10.083418,-5.434234,-10.342301,-10.144989,-11.776762,5.343266,-10.577561,-8.215571,-0.477215,3.418388,-10.817533,3.800652,-3.099012,-3.294224,-5.724031,6.370403,35.091679,-7.794191,-11.145726,-11.370570,7.207858,-5.081486,-5.802628,3.208934,-8.241339,-7.789480,-10.366834,-3.318311,-14.905646,-10.784999,-17.820602,0.000000,190.000000,4.000000,,,,0.000000,4.000000,4.000000,4.000000,4.000000,4.000000,4.000000,4.000000,4.000000,4.000000,4.000000,4.000000,4.000000,4.000000,4.000000,4.000000,4.000000,4.000000,4.000000,2.000000,4.000000,4.000000,4.000000,4.000000,4.000000,4.000000,4.000000,4.000000,4.000000,4.000000,4.000000,4.000000,4.000000,83.333336
1614076758.746833,96.000000,0.000000,1.732249,-10.073335,-4.915979,-9.819139,-13.211767,-15.354729,5.337923,-3.387496,-8.207356,-2.015200,3.414970,-10.806716,1.232749,-3.095913,-11.496058,-14.436255,0.723007,13.518126,-11.376141,-17.801247,-12.897661,-6.132683,-5.076405,-4.771184,2.692904,-8.233098,-6.756050,-10.356467,-4.853455,-14.890740,-10.774214,-18.315601,8064.000000,0.000000,4.000000,,,,0.000000,4.000000,4.000000,4.000000,4.000000,4.000000,4.000000,4.000000,4.000000,4.000000,4.000000,4.000000,4.000000,4.000000,4.000000,4.000000,4.000000,4.000000,4.000000,2.000000,4.000000,4.000000,4.000000,4.000000,4.000000,4.000000,4.000000,4.000000,4.000000,4.000000,4.000000,4.000000,4.000000,83.333336
1614076758.754482,97.000000,0.000000,2.243337,-10.063262,-4.911063,-9.809319,-13.198555,-16.365015,5.332585,-2.871289,-8.711969,-4.064466,3.411555,-10.795909,-4.922330,-5.144099,-27.381998,-46.216690,-10.559768,-18.803085,-21.621176,-38.296265,-19.038610,-22.023987,-13.789277,-5.792054,2.690211,-8.224865,-7.262114,-10.346110,-7.412704,-14.875850,-10.763440,-17.784466,8064.000000,0.000000,4.000000,,,,0.000000,4.000000,4.000000,4.000000,4.000000,4.000000,4.000000,4.000000,4.000000,4.000000,4.000000,4.000000,4.000000,4.000000,4.000000,4.000000,4.000000,4.000000,4.000000,2.000000,4.000000,4.000000,4.000000,4.000000,4.000000,4.000000,4.000000,4.000000,4.000000,4.000000,4.000000,4.000000,4.000000,83.333336
1614076758.762231,98.000000,0.000000,1.728273,-10.053198,-5.418973,-10.312330,-11.134074,-16.861471,5.327253,-6.970981,-8.190436,-4.060402,3.408143,-10.785113,-8.507151,-7.190237,-35.046925,-49.247398,-15.164592,-18.784283,-24.163656,-48.001560,-29.275982,-23.540424,-24.031898,-11.427288,2.687521,-8.216640,-10.844596,-10.335765,-7.918111,-14.860973,-10.752676,-18.279501,8064.000000,0.000000,4.000000,,,,0.000000,4.000000,4.000000,4.000000,4.000000,4.000000,4.000000,4.000000,4.000000,4.000000,4.000000,4.000000,4.000000,4.000000,4.000000,4.000000,4.000000,4.000000,4.000000,2.000000,4.000000,4.000000,4.000000,4.000000,4.000000,4.000000,4.000000,4.000000,4.000000,4.000000,4.000000,4.000000,4.000000,83.333336
1614076758.769881,99.000000,0.000000,1.726545,-10.043145,-2.849451,-9.789198,-4.456274,-12.229224,5.321926,-2.861446,-5.105323,-3.543521,3.917556,-9.748687,-9.011464,-6.157406,-32.960594,-35.864819,-13.610966,-3.893703,-23.113852,-46.415096,-31.297987,-21.978422,-22.982225,-12.954322,3.197654,-7.695602,-14.423494,-10.325429,-7.397373,-10.230728,-10.741923,-17.235580,8064.000000,0.000000,4.000000,,,,0.000000,4.000000,4.000000,4.000000,4.000000,4.000000,4.000000,4.000000,4.000000,4.000000,4.000000,4.000000,4.000000,4.000000,4.000000,4.000000,4.000000,4.000000,4.000000,2.000000,4.000000,4.000000,4.000000,4.000000,4.000000,4.000000,4.000000,4.000000,4.000000,4.000000,4.000000,4.000000,4.000000,83.333336
1614076758.777730,100.000000,0.000000,1.724818,-10.033102,-1.308140,-9.779408,-0.862074,-5.037508,5.316604,3.808082,-1.510474,-3.539978,3.913638,-10.251759,-5.925530,-5.638428,-22.671223,-21.469978,-13.597355,-4.915450,-27.193302,-48.419964,-33.317970,-29.135931,-20.395140,-12.941367,1.655995,-8.200727,-14.921892,-10.315104,-7.389976,-7.656395,-10.731182,-15.167063,8064.000000,0.000000,4.000000,,,,0.000000,4.000000,4.000000,4.000000,4.000000,4.000000,4.000000,4.000000,4.000000,4.000000,4.000000,4.000000,4.000000,4.000000,4.000000,4.000000,4.000000,4.000000,4.000000,2.000000,4.000000,4.000000,4.000000,4.000000,4.000000,4.000000,4.000000,4.000000,4.000000,4.000000,4.000000,4.000000,4.000000,83.333336
1614076758.785479,101.000000,0.000000,1.723094,-10.023068,-1.306832,-9.769629,-4.963776,-7.596573,5.311287,2.778633,-1.508964,-4.049258,3.396904,-11.779969,2.798344,-3.581507,-5.212655,1.115595,-14.609399,11.499722,-15.371237,-42.730518,-28.669270,-28.081154,-19.861925,-23.697657,-1.422584,-8.705347,-16.445431,-10.304789,-7.382586,-8.161559,-10.720450,-13.100615,8064.000000,0.000000,4.000000,,,,0.000000,4.000000,4.000000,4.000000,4.000000,4.000000,4.000000,4.000000,4.000000,4.000000,4.000000,4.000000,4.000000,4.000000,4.000000,4.000000,4.000000,4.000000,4.000000,2.000000,4.000000,4.000000,4.000000,4.000000,4.000000,4.000000,4.000000,4.000000,4.000000,4.000000,4.000000,4.000000,4.000000,83.333336
1614076758.793328,102.000000,0.000000,1.721370,-10.013045,-1.305525,-9.759859,-4.445992,-11.691541,5.305975,1.750213,-0.481814,-3.532388,3.906327,-7.152804,8.436572,3.088741,6.587430,2.652941,-13.569148,42.257454,9.772340,-24.739069,-8.640600,-14.206919,-13.688217,-28.289345,0.630121,-6.645360,-12.839242,-10.294483,-7.375203,0.564551,-10.709730,-11.549052,8064.000000,0.000000,4.000000,,,,0.000000,4.000000,4.000000,4.000000,4.000000,4.000000,4.000000,4.000000,4.000000,4.000000,4.000000,4.000000,4.000000,4.000000,4.000000,4.000000,4.000000,4.000000,4.000000,2.000000,4.000000,4.000000,4.000000,4.000000,4.000000,4.000000,4.000000,4.000000,4.000000,4.000000,4.000000,4.000000,4.000000,83.333336
1614076758.801077,103.000000,0.000000,1.719649,-10.003033,-1.817040,-9.750099,-1.877443,-7.064465,5.813490,2.774104,2.082771,-3.016035,4.415242,-3.043087,6.889674,6.162575,4.016739,-12.221507,-13.555579,36.574169,3.608721,-22.663048,-1.965293,-5.474763,-8.033503,-10.825157,4.219234,-5.100253,-7.185378,-10.284189,-7.367828,8.769115,-10.186200,-10.511862,8064.000000,0.000000,4.000000,,,,0.000000,4.000000,4.000000,4.000000,4.000000,4.000000,4.000000,4.000000,4.000000,4.000000,4.000000,4.000000,4.000000,4.000000,4.000000,4.000000,4.000000,4.000000,4.000000,2.000000,4.000000,4.000000,4.000000,4.000000,4.000000,4.000000,4.000000,4.000000,4.000000,4.000000,4.000000,4.000000,4.000000,83.333336
1614076758.808926,104.000000,0.000000,1.717929,-9.993030,-4.892147,-9.740349,-3.926848,-5.006118,5.294856,-6.459439,1.567867,-4.551481,-0.204558,-12.270814,2.267399,-2.048716,-5.730867,-9.645183,-13.542024,13.460672,-16.394888,-32.383976,-17.860764,-7.007750,-9.563931,-2.609204,0.112451,-6.633614,-12.819218,-10.273905,-7.360460,-2.008885,-11.201654,-11.014171,8064.000000,0.000000,4.000000,,,,0.000000,4.000000,4.000000,4.000000,4.000000,4.000000,4.000000,4.000000,4.000000,4.000000,4.000000,4.000000,4.000000,4.000000,4.000000,4.000000,4.000000,4.000000,4.000000,2.000000,4.000000,4.000000,4.000000,4.000000,4.000000,4.000000,4.000000,4.000000,4.000000,4.000000,4.000000,4.000000,4.000000,83.333336
1614076758.816675,105.000000,0.000000,1.716212,-9.983037,-4.887254,-9.730609,-3.922921,-8.590856,2.725459,-17.222210,-0.997803,-6.598211,-6.358200,-22.514954,-1.324612,-10.251795,-10.853341,-8.609897,-13.528481,24.216442,-3.045159,-29.787489,-19.894184,-7.513563,-12.631290,-15.427108,-4.503047,-8.678263,-17.421783,-10.263631,-7.353099,-11.237645,-10.677632,-10.490335,8064.000000,0.000000,4.000000,,,,0.000000,4.000000,4.000000,4.000000,4.000000,4.000000,4.000000,4.000000,4.000000,4.000000,4.000000,4.000000,4.000000,4.000000,4.000000,4.000000,4.000000,4.000000,4.000000,2.000000,4.000000,4.000000,4.000000,4.000000,4.000000,4.000000,4.000000,4.000000,4.000000,4.000000,4.000000,4.000000,4.000000,83.333336
1614076758.824524,106.000000,0.000000,1.714495,-7.921772,-2.318264,-9.720879,1.209207,-6.018162,1.697092,-11.051143,1.054477,-5.565972,-8.403124,-19.928335,-3.374569,-7.677441,-6.227103,-9.626927,-13.514954,41.115303,14.393784,-20.014112,-3.976855,-5.967588,-13.131479,-17.462963,0.629662,-8.156764,-8.173593,-10.253367,-7.345747,-1.482818,-6.051570,-10.992666,8064.000000,0.000000,4.000000,,,,0.000000,4.000000,4.000000,4.000000,4.000000,4.000000,4.000000,4.000000,4.000000,4.000000,4.000000,4.000000,4.000000,4.000000,4.000000,4.000000,4.000000,4.000000,4.000000,2.000000,4.000000,4.000000,4.000000,4.000000,4.000000,4.000000,4.000000,4.000000,4.000000,4.000000,4.000000,4.000000,4.000000,83.333336
1614076758.832273,107.000000,0.000000,2.225601,-6.375388,-1.290305,-9.711158,3.259280,-0.883939,1.695395,-2.322143,3.104704,-2.996304,-7.369080,-13.754560,-1.319913,-3.054379,-3.143953,2.177571,-13.501438,23.638290,0.533236,-18.968456,-1.408775,-6.987261,-12.605527,-4.112166,7.295699,-7.635787,-4.062854,-10.243114,-7.338401,8.775075,-2.968596,-12.007315,8064.000000,0.000000,4.000000,,,,0.000000,4.000000,4.000000,4.000000,4.000000,4.000000,4.000000,4.000000,4.000000,4.000000,4.000000,4.000000,4.000000,4.000000,4.000000,4.000000,4.000000,4.000000,4.000000,2.000000,4.000000,4.000000,4.000000,4.000000,4.000000,4.000000,4.000000,4.000000,4.000000,4.000000,4.000000,4.000000,4.000000,83.333336
1614076758.840122,108.000000,0.000000,0.684914,-6.369013,-1.289015,-10.214267,2.230380,-2.421516,0.155238,-5.909564,2.588779,-3.506128,-7.874531,-14.253627,-0.805772,-4.076965,-12.371578,-12.183581,-13.487937,4.127472,-11.774990,-21.513590,-8.586853,-7.493094,-13.105742,-1.031131,6.775583,-8.140971,-9.186996,-10.232871,-7.331062,7.227839,-3.478447,-3.790179,8064.000000,0.000000,4.000000,,,,0.000000,4.000000,4.000000,4.000000,4.000000,4.000000,4.000000,4.000000,4.000000,4.000000,4.000000,4.000000,4.000000,4.000000,4.000000,4.000000,4.000000,4.000000,4.000000,2.000000,4.000000,4.000000,4.000000,4.000000,4.000000,4.000000,4.000000,4.000000,4.000000,4.000000,4.000000,4.000000,4.000000,83.333336
1614076758.847871,109.000000,0.000000,-1.367053,-6.362644,0.763556,-9.178411,2.228149,-5.496018,-2.409020,-6.416475,2.586190,-4.015442,-7.866656,-14.752193,-0.292146,-7.149811,-18.000233,-41.402168,-13.474449,15.918217,-8.686292,-19.440794,-9.603908,-6.972781,-13.092636,-6.158305,5.743166,-8.132831,-8.664989,-10.222638,-7.323731,6.194970,-2.962148,9.034124,8064.000000,0.000000,4.000000,,,,0.000000,4.000000,4.000000,4.000000,4.000000,4.000000,4.000000,4.000000,4.000000,4.000000,4.000000,4.000000,4.000000,4.000000,4.000000,4.000000,4.000000,4.000000,4.000000,2.000000,4.000000,4.000000,4.000000,4.000000,4.000000,4.000000,4.000000,4.000000,4.000000,4.000000,4.000000,4.000000,4.000000,83.333336
1614076758.855720,110.000000,0.000000,-2.391327,-6.356281,2.814075,-6.605131,2.738742,-4.977701,-2.406610,0.256608,2.583604,-3.498606,-7.345969,-14.224621,-0.291854,-7.655482,-10.289925,-31.104355,-13.460975,27.697170,-14.318631,-21.472635,-10.619945,-8.504270,-13.079544,-6.664967,7.275884,-8.124698,-8.143504,-10.212416,-7.316408,7.727236,-0.395084,13.127654,8064.000000,0.000000,4.000000,,,,0.000000,4.000000,4.000000,4.000000,4.000000,4.000000,4.000000,4.000000,4.000000,4.000000,4.000000,4.000000,4.000000,4.000000,4.000000,4.000000,4.000000,4.000000,4.000000,2.000000,4.000000,4.000000,4.000000,4.000000,4.000000,4.000000,4.000000,4.000000,4.000000,4.000000,4.000000,4.000000,4.000000,83.333336
1614076758.863469,111.000000,0.000000,-1.876115,-5.324284,2.811261,-6.085705,2.223182,-4.459903,-2.404204,2.820454,2.581021,-3.495108,-8.364264,-13.184755,-0.804382,-0.468340,-2.587327,-11.073250,-13.447514,12.284858,-21.483799,-29.143471,-15.737530,-11.059868,-13.066464,-5.632661,6.242968,-8.116573,-10.186643,-10.202203,-7.309091,7.719509,0.630952,11.063245,8064.000000,0.000000,4.000000,,,,0.000000,4.000000,4.000000,4.000000,4.000000,4.000000,4.000000,4.000000,4.000000,4.000000,4.000000,4.000000,4.000000,4.000000,4.000000,4.000000,4.000000,4.000000,4.000000,2.000000,4.000000,4.000000,4.000000,4.000000,4.000000,4.000000,4.000000,4.000000,4.000000,4.000000,4.000000,4.000000,4.000000,83.333336
1614076758.871118,112.000000,0.000000,-1.874239,-3.267678,2.295629,-5.566799,2.220959,-4.968264,-1.888979,1.279172,2.578439,-3.491613,-5.791798,-11.120289,1.760525,11.327001,-2.071919,-9.010895,-13.434066,8.682830,-16.334110,-30.139969,-17.260254,-11.048808,-12.540577,-5.627028,3.672622,-8.108457,-6.073892,-10.192000,-7.301782,7.198969,0.117501,11.565001,8064.000000,0.000000,4.000000,,,,0.000000,4.000000,4.000000,4.000000,4.000000,4.000000,4.000000,4.000000,4.000000,4.000000,4.000000,4.000000,4.000000,4.000000,4.000000,4.000000,4.000000,4.000000,4.000000,2.000000,4.000000,4.000000,4.000000,4.000000,4.000000,4.000000,4.000000,4.000000,4.000000,4.000000,4.000000,4.000000,4.000000,83.333336
1614076758.878867,113.000000,0.000000,-1.872365,-2.238769,2.293333,-3.509950,2.218738,-4.963295,0.677012,1.277893,2.575861,-2.975301,1.393481,-10.083528,6.374149,12.341314,-2.582668,-0.283935,-13.420631,26.622864,-12.728033,-28.571367,-16.217352,-7.448016,-13.040857,-6.647042,2.130488,-8.100348,-4.529356,-10.181808,-7.807301,6.678949,-0.395437,12.066257,8064.000000,0.000000,4.000000,,,,0.000000,4.000000,4.000000,4.000000,4.000000,4.000000,4.000000,4.000000,4.000000,4.000000,4.000000,4.000000,4.000000,4.000000,4.000000,4.000000,4.000000,4.000000,4.000000,2.000000,4.000000,4.000000,4.000000,4.000000,4.000000,4.000000,4.000000,4.000000,4.000000,4.000000,4.000000,4.000000,4.000000,83.333336
1614076758.886516,114.000000,0.000000,-2.383313,-2.749351,2.291040,-1.967978,2.216520,-4.958332,2.214797,1.789436,2.573285,-4.510787,4.469011,-11.099085,5.342134,6.175127,-4.631367,-6.437497,-13.407211,20.955215,-13.740946,-28.542795,-17.226776,-4.876465,-13.540637,-10.742959,2.641178,-6.040966,-10.165853,-10.684447,-7.799493,7.185091,0.630599,11.541370,8064.000000,0.000000,4.000000,,,,0.000000,4.000000,4.000000,4.000000,4.000000,4.000000,4.000000,4.000000,4.000000,4.000000,4.000000,4.000000,4.000000,4.000000,4.000000,4.000000,4.000000,4.000000,4.000000,2.000000,4.000000,4.000000,4.000000,4.000000,4.000000,4.000000,4.000000,4.000000,4.000000,4.000000,4.000000,4.000000,4.000000,83.333336
1614076758.894265,115.000000,0.000000,-1.868109,-2.746601,2.288749,-2.478831,2.214303,-4.953374,1.699762,1.787646,3.083532,-2.967814,4.464542,-10.575165,3.285509,5.656132,-5.139556,-26.431059,-13.393804,10.677851,-6.034897,-17.745022,-14.645447,-3.845948,-12.501455,-9.706575,2.638537,-3.983643,-10.155686,-10.160942,-4.201950,8.203547,2.681251,11.529829,8064.000000,0.000000,4.000000,,,,0.000000,4.000000,4.000000,4.000000,4.000000,4.000000,4.000000,4.000000,4.000000,4.000000,4.000000,4.000000,4.000000,4.000000,4.000000,4.000000,4.000000,4.000000,4.000000,2.000000,4.000000,4.000000,4.000000,4.000000,4.000000,4.000000,4.000000,4.000000,4.000000,4.000000,4.000000,4.000000,4.000000,83.333336
1614076758.901915,116.000000,0.000000,-1.353420,-2.231034,2.286460,-1.963531,2.212089,-4.948421,1.698062,-0.265424,1.541987,0.112076,3.947257,-9.538949,4.820685,4.112014,-3.083134,-8.968731,-13.380410,30.667173,0.637804,-9.009329,-8.989776,-1.277999,-13.001775,-0.466100,2.635898,-4.492479,-9.119890,-9.637961,-2.659287,5.118421,4.729852,7.928555,8064.000000,0.000000,4.000000,,,,0.000000,4.000000,4.000000,4.000000,4.000000,4.000000,4.000000,4.000000,4.000000,4.000000,4.000000,4.000000,4.000000,4.000000,4.000000,4.000000,4.000000,4.000000,4.000000,2.000000,4.000000,4.000000,4.000000,4.000000,4.000000,4.000000,4.000000,4.000000,4.000000,4.000000,4.000000,4.000000,4.000000,83.333336
1614076758.909664,117.000000,0.000000,-3.916169,-2.741624,2.284174,-1.961568,2.209877,-4.943472,1.696364,-2.829261,-0.510837,-5.529061,-1.184895,-13.631974,-1.337981,-7.174150,-10.772359,5.399212,-13.879850,29.610865,-3.465398,-24.384935,-8.980786,-5.892106,-17.091337,0.560008,2.633262,-4.487987,-13.726154,-11.166784,-4.707910,2.036379,4.212301,3.305243,8064.000000,0.000000,4.000000,,,,0.000000,4.000000,4.000000,4.000000,4.000000,4.000000,4.000000,4.000000,4.000000,4.000000,4.000000,4.000000,4.000000,4.000000,4.000000,4.000000,4.000000,4.000000,4.000000,2.000000,4.000000,4.000000,4.000000,4.000000,4.000000,4.000000,4.000000,4.000000,4.000000,4.000000,4.000000,4.000000,4.000000,83.333336
1614076758.917313,118.000000,0.000000,-4.937894,-2.738882,2.281889,-2.985247,1.694846,-4.938529,1.694667,-1.800790,-1.535967,-13.728661,-7.850377,-14.643983,-11.080234,-15.372104,-24.094919,-25.888239,-13.353150,-2.726439,-6.026035,-35.642601,-9.484626,-9.475957,-16.048605,-8.158502,2.630629,-4.483499,-6.020121,-9.104336,-1.113458,6.649727,3.182448,3.301937,8064.000000,0.000000,4.000000,,,,0.000000,4.000000,4.000000,4.000000,4.000000,4.000000,4.000000,4.000000,4.000000,4.000000,4.000000,4.000000,4.000000,4.000000,4.000000,4.000000,4.000000,4.000000,4.000000,2.000000,4.000000,4.000000,4.000000,4.000000,4.000000,4.000000,4.000000,4.000000,4.000000,4.000000,4.000000,4.000000,4.000000,83.333336
1614076758.925062,119.000000,0.000000,-0.317572,-2.223323,2.279608,-1.956621,2.205972,-4.933590,1.692973,1.277933,-1.534431,-10.125188,-7.842527,-6.937032,-11.581973,-14.331090,-26.122107,-42.272606,-10.775694,-0.672430,-4.994368,-27.401831,-4.859756,2.328391,-8.340248,-6.099061,2.627998,-4.479015,9.370515,-1.915744,6.579963,10.232821,4.717727,4.324276,8064.000000,0.000000,4.000000,,,,0.000000,4.000000,4.000000,4.000000,4.000000,4.000000,4.000000,4.000000,4.000000,4.000000,4.000000,4.000000,4.000000,4.000000,4.000000,4.000000,4.000000,4.000000,4.000000,2.000000,4.000000,4.000000,4.000000,4.000000,4.000000,4.000000,4.000000,4.000000,4.000000,4.000000,4.000000,4.000000,4.000000,83.333336
1614076758.932711,120.000000,0.000000,1.221207,-2.733920,1.764508,-2.467485,2.203766,-4.928657,1.691280,1.276656,-1.532897,-6.525320,-7.834684,-3.340351,-13.108853,-14.316759,-25.583164,-27.871359,-9.226457,17.276960,-9.091938,-34.041096,-9.470282,4.377344,-6.793446,3.650628,2.625370,-4.474536,7.822683,1.675915,2.983639,2.530281,3.174548,0.730208,8064.000000,0.000000,4.000000,,,,0.000000,4.000000,4.000000,4.000000,4.000000,4.000000,4.000000,4.000000,4.000000,4.000000,4.000000,4.000000,4.000000,4.000000,4.000000,4.000000,4.000000,4.000000,4.000000,2.000000,4.000000,4.000000,4.000000,4.000000,4.000000,4.000000,4.000000,4.000000,4.000000,4.000000,4.000000,4.000000,4.000000,83.333336
1614076758.940460,121.000000,0.000000,-2.369757,-4.269648,2.275563,-8.106043,-0.362540,-4.923728,1.176768,1.788199,-1.531364,-8.570076,-7.826849,-7.439575,-15.659846,-14.302443,-26.070402,-22.715282,-10.755692,3.926350,-7.544384,-49.391670,-21.768503,-20.242418,-12.427678,-0.455587,2.622745,-4.470062,-3.467191,-1.915504,-7.275754,-0.549173,-3.495294,-4.398727,8064.000000,0.000000,4.000000,,,,0.000000,4.000000,4.000000,4.000000,4.000000,4.000000,4.000000,4.000000,4.000000,4.000000,4.000000,4.000000,4.000000,4.000000,4.000000,4.000000,4.000000,4.000000,4.000000,2.000000,4.000000,4.000000,4.000000,4.000000,4.000000,4.000000,4.000000,4.000000,4.000000,4.000000,4.000000,4.000000,4.000000,83.333336
1614076758.948109,122.000000,0.000000,-2.367388,-6.316660,2.786108,-9.123578,-1.387819,-4.918804,1.688412,4.350514,-1.529832,-1.894839,-0.126715,-4.868032,-4.362136,-5.057371,-9.121255,-7.307952,-8.693654,11.101911,-0.870173,-41.137150,-19.695454,-27.401663,-13.953712,-10.198721,2.620122,-4.978412,-5.002185,-2.939230,-8.294120,7.656505,-7.594362,-2.343046,8064.000000,0.000000,4.000000,,,,0.000000,4.000000,4.000000,4.000000,4.000000,4.000000,4.000000,4.000000,4.000000,4.000000,4.000000,4.000000,4.000000,4.000000,4.000000,4.000000,4.000000,4.000000,4.000000,2.000000,4.000000,4.000000,4.000000,4.000000,4.000000,4.000000,4.000000,4.000000,4.000000,4.000000,4.000000,4.000000,4.000000,83.333336
1614076758.955859,123.000000,0.000000,0.711903,-6.310343,1.244861,-3.473429,2.716133,-5.426706,4.250826,4.858984,-0.502661,9.901927,9.617002,3.854784,13.078124,4.691276,13.451969,17.314739,-4.069576,43.911324,-1.382123,-27.249859,-10.444988,-3.784517,-9.837194,-10.701343,2.617502,-4.460613,-2.945901,0.653453,-4.183261,11.238591,-5.535486,1.249040,8064.000000,0.000000,4.000000,,,,0.000000,4.000000,4.000000,4.000000,4.000000,4.000000,4.000000,4.000000,4.000000,4.000000,4.000000,4.000000,4.000000,4.000000,4.000000,4.000000,4.000000,4.000000,4.000000,2.000000,4.000000,4.000000,4.000000,4.000000,4.000000,4.000000,4.000000,4.000000,4.000000,4.000000,4.000000,4.000000,4.000000,83.333336
1614076758.963508,124.000000,0.000000,2.249652,-6.304033,3.294898,-2.444314,5.790340,-4.395638,5.785037,5.366945,4.113226,12.456128,11.658667,3.338109,15.629148,6.225047,13.438518,1.912810,-2.527045,32.072540,-6.508946,-27.222609,-8.896082,8.014139,-8.801716,-9.152180,2.614885,-2.917691,-3.968596,1.165620,-3.666258,10.201712,-2.965848,4.324715,8064.000000,0.000000,4.000000,,,,0.000000,4.000000,4.000000,4.000000,4.000000,4.000000,4.000000,4.000000,4.000000,4.000000,4.000000,4.000000,4.000000,4.000000,4.000000,4.000000,4.000000,4.000000,4.000000,2.000000,4.000000,4.000000,4.000000,4.000000,4.000000,4.000000,4.000000,4.000000,4.000000,4.000000,4.000000,4.000000,4.000000,83.333336
1614076758.971257,125.000000,0.000000,1.734582,-6.297729,10.983911,-2.441870,7.323011,-1.827140,5.266431,4.848758,8.724497,10.905210,10.621367,-0.254973,10.485314,4.680360,4.194310,-20.653206,-1.498877,-0.267226,-11.630643,-23.605642,-5.810263,0.313817,-9.305735,-9.143027,2.612270,-0.863491,-4.990269,0.651634,-2.124130,15.319715,-3.988523,10.474236,8064.000000,0.000000,4.000000,,,,0.000000,4.000000,4.000000,4.000000,4.000000,4.000000,4.000000,4.000000,4.000000,4.000000,4.000000,4.000000,4.000000,4.000000,4.000000,4.000000,4.000000,4.000000,4.000000,2.000000,4.000000,4.000000,4.000000,4.000000,4.000000,4.000000,4.000000,4.000000,4.000000,4.000000,4.000000,4.000000,4.000000,83.333336
1614076758.978906,126.000000,0.000000,1.732848,-6.291431,12.511389,0.637495,9.879790,-0.799672,5.261165,-2.848399,10.767055,10.894305,11.123566,2.822205,11.500470,5.701321,4.702936,-0.632552,2.605186,10.502272,-8.029268,-13.325626,1.887855,-0.712138,-6.732327,-4.518500,2.609657,-0.862628,-3.959638,0.650982,0.442097,16.842857,-3.984535,15.079146,8064.000000,0.000000,4.000000,,,,0.000000,4.000000,4.000000,4.000000,4.000000,4.000000,4.000000,4.000000,4.000000,4.000000,4.000000,4.000000,4.000000,4.000000,4.000000,4.000000,4.000000,4.000000,4.000000,2.000000,4.000000,4.000000,4.000000,4.000000,4.000000,4.000000,4.000000,4.000000,4.000000,4.000000,4.000000,4.000000,4.000000,83.333336
1614076758.986655,127.000000,0.000000,1.731115,-6.285140,4.806570,-0.901604,8.844270,-1.311692,5.255903,-5.409653,10.243467,11.396232,11.112442,4.870665,12.514610,5.182799,5.211053,13.214234,5.166684,37.671257,11.465940,-10.235377,3.424429,1.339857,-5.187133,-1.437058,2.607048,-1.887406,-1.904396,0.650331,-0.071166,13.749091,-3.467730,11.474323,8064.000000,0.000000,4.000000,,,,0.000000,4.000000,4.000000,4.000000,4.000000,4.000000,4.000000,4.000000,4.000000,4.000000,4.000000,4.000000,4.000000,4.000000,4.000000,4.000000,4.000000,4.000000,4.000000,2.000000,4.000000,4.000000,4.000000,4.000000,4.000000,4.000000,4.000000,4.000000,4.000000,4.000000,4.000000,4.000000,4.000000,83.333336
1614076758.994304,0.000000,0.000000,1.729384,-6.278854,1.212019,-5.516088,7.296964,-1.310381,5.250648,2.800885,7.156301,10.872014,10.588510,1.788871,4.296968,2.613513,-2.999286,-15.516929,5.161517,38.659225,24.274986,-12.276424,6.497928,0.312876,-5.181946,-2.461262,2.604441,-0.347057,0.148791,0.649681,-0.071095,18.350727,-3.464262,10.950028,0.000000,175.000000,4.000000,,,,0.000000,4.000000,4.000000,4.000000,4.000000,4.000000,4.000000,4.000000,4.000000,4.000000,4.000000,4.000000,4.000000,4.000000,4.000000,4.000000,4.000000,4.000000,4.000000,2.000000,4.000000,4.000000,4.000000,4.000000,4.000000,4.000000,4.000000,4.000000,4.000000,4.000000,4.000000,4.000000,4.000000,83.333336
1614076759.002153,1.000000,0.000000,1.727654,-6.272576,2.749269,-4.484930,8.828129,-1.309070,5.245397,2.285264,3.046580,10.861142,10.577921,0.248621,-4.425278,1.072438,-7.611671,-32.937309,4.643535,24.774414,11.430200,-13.802609,10.593994,1.338204,-5.689584,-2.458801,2.601836,5.294315,-0.364179,0.649031,1.980259,24.999043,-1.922336,16.067284,0.000000,198.000000,4.000000,,,,0.000000,4.000000,4.000000,4.000000,4.000000,4.000000,4.000000,4.000000,4.000000,4.000000,4.000000,4.000000,4.000000,4.000000,4.000000,4.000000,4.000000,4.000000,4.000000,2.000000,4.000000,4.000000,4.000000,4.000000,4.000000,4.000000,4.000000,4.000000,4.000000,4.000000,4.000000,4.000000,4.000000,83.333336
1614076759.009902,2.000000,0.000000,1.725927,-6.266303,2.233699,-1.916343,7.280839,-1.307761,5.240151,-5.922150,2.017893,10.337461,10.567343,-0.264448,-5.446494,0.045725,-7.604060,-15.981295,3.613250,15.518869,1.162359,-16.352909,0.839810,-5.842622,-7.222356,-1.943522,2.599234,9.904406,-0.363815,0.135562,4.029561,23.948402,0.130868,17.589678,0.000000,174.000000,4.000000,,,,0.000000,4.000000,4.000000,4.000000,4.000000,4.000000,4.000000,4.000000,4.000000,4.000000,4.000000,4.000000,4.000000,4.000000,4.000000,4.000000,4.000000,4.000000,4.000000,2.000000,4.000000,4.000000,4.000000,4.000000,4.000000,4.000000,4.000000,4.000000,4.000000,4.000000,4.000000,4.000000,4.000000,83.333336
1614076759.017751,3.000000,0.000000,1.724201,-6.260037,1.718645,-2.427247,2.145353,-1.306454,5.234911,-1.813663,2.528695,10.839944,10.556776,0.248637,-4.415406,1.071320,-8.109276,-2.631980,1.045534,19.093094,1.161197,-21.464762,-12.494363,-20.195753,-9.266416,-2.454399,2.596635,10.407322,0.149370,1.161067,3.512710,20.847530,0.643558,14.495166,0.000000,179.000000,4.000000,,,,0.000000,4.000000,4.000000,4.000000,4.000000,4.000000,4.000000,4.000000,4.000000,4.000000,4.000000,4.000000,4.000000,4.000000,4.000000,4.000000,4.000000,4.000000,4.000000,2.000000,4.000000,4.000000,4.000000,4.000000,4.000000,4.000000,4.000000,4.000000,4.000000,4.000000,4.000000,4.000000,4.000000,83.333336
1614076759.025500,4.000000,0.000000,1.722477,-6.253777,4.281029,-2.937640,1.117567,-1.305147,5.742497,6.393278,2.526167,10.829103,10.033399,0.761209,-4.410991,3.634351,-7.075526,-3.142169,0.531668,27.279129,-11.660478,-28.622784,-14.533151,-21.201199,-9.257150,-2.451944,2.594038,9.884094,-1.389241,1.159906,3.509197,21.339504,0.130094,13.967850,0.000000,189.000000,4.000000,,,,0.000000,4.000000,4.000000,4.000000,4.000000,4.000000,4.000000,4.000000,4.000000,4.000000,4.000000,4.000000,4.000000,4.000000,4.000000,4.000000,4.000000,4.000000,4.000000,2.000000,4.000000,4.000000,4.000000,4.000000,4.000000,4.000000,4.000000,4.000000,4.000000,4.000000,4.000000,4.000000,4.000000,83.333336
1614076759.033349,5.000000,0.000000,1.720754,-6.247523,6.328030,-2.421882,2.142090,-1.303842,3.685472,1.771500,2.010820,10.305454,10.023365,-4.367758,-5.432221,4.143538,-7.068450,-1.087745,1.043957,19.559542,-21.392406,-32.183907,-12.980156,-10.410767,-9.247892,-2.449492,2.591444,8.335749,-3.439134,-1.918177,3.505688,21.830986,0.129964,14.979523,0.000000,186.000000,4.000000,,,,0.000000,4.000000,4.000000,4.000000,4.000000,4.000000,4.000000,4.000000,4.000000,4.000000,4.000000,4.000000,4.000000,4.000000,4.000000,4.000000,4.000000,4.000000,4.000000,2.000000,4.000000,4.000000,4.000000,4.000000,4.000000,4.000000,4.000000,4.000000,4.000000,4.000000,4.000000,4.000000,4.000000,83.333336
1614076759.041098,6.000000,0.000000,1.719033,-6.241275,5.808881,-2.419460,1.627128,-1.302538,1.630505,-6.435399,2.521630,10.807969,10.526162,-11.030057,-4.401148,5.165035,-8.599843,-4.163580,0.530093,18.514341,-10.088963,-31.126080,-13.479997,-6.297792,-9.238645,-2.959863,2.588853,6.276130,-4.461336,-1.916259,3.502183,21.296333,0.129834,14.451723,0.000000,153.000000,4.000000,,,,0.000000,4.000000,4.000000,4.000000,4.000000,4.000000,4.000000,4.000000,4.000000,4.000000,4.000000,4.000000,4.000000,4.000000,4.000000,4.000000,4.000000,4.000000,4.000000,2.000000,4.000000,4.000000,4.000000,4.000000,4.000000,4.000000,4.000000,4.000000,4.000000,4.000000,4.000000,4.000000,4.000000,83.333336
1614076759.048947,7.000000,0.000000,1.717314,-5.722214,5.803072,-2.417041,2.138321,-1.301236,1.116054,-6.941784,2.519108,13.361264,10.002815,-9.480565,1.757100,10.288075,-1.411756,-2.620955,1.042383,43.111214,-0.335284,-32.633415,-12.953696,-7.829956,-9.229406,-2.444083,2.586264,6.269854,-3.944054,3.213863,3.498681,20.762217,0.129704,13.924451,0.000000,179.000000,4.000000,,,,0.000000,4.000000,4.000000,4.000000,4.000000,4.000000,4.000000,4.000000,4.000000,4.000000,4.000000,4.000000,4.000000,4.000000,4.000000,4.000000,4.000000,4.000000,4.000000,2.000000,4.000000,4.000000,4.000000,4.000000,4.000000,4.000000,4.000000,4.000000,4.000000,4.000000,4.000000,4.000000,4.000000,83.333336
1614076759.056696,8.000000,0.000000,1.715597,-6.742133,5.797269,-2.414623,4.187465,-1.299934,1.627758,-2.832278,2.003768,14.886364,9.992812,-3.830059,11.498932,14.380351,13.974271,23.535513,6.169546,49.734768,-2.386231,-27.472576,-10.376639,-5.770844,-9.220177,-2.441639,2.583678,6.263585,-3.940110,3.210649,3.495182,20.741455,0.129574,13.910526,0.000000,194.000000,4.000000,,,,0.000000,4.000000,4.000000,4.000000,4.000000,4.000000,4.000000,4.000000,4.000000,4.000000,4.000000,4.000000,4.000000,4.000000,4.000000,4.000000,4.000000,4.000000,4.000000,2.000000,4.000000,4.000000,4.000000,4.000000,4.000000,4.000000,4.000000,4.000000,4.000000,4.000000,4.000000,4.000000,4.000000,83.333336
1614076759.064545,9.000000,0.000000,1.713881,-6.222570,5.791472,-2.412209,6.234559,-1.298634,1.626130,2.298759,3.027406,14.358658,13.059743,-3.313408,17.641279,16.930073,21.652605,36.332489,11.291581,28.659391,-3.409486,-10.009207,-2.673955,3.978517,-8.185315,-2.952018,2.581094,5.744500,-3.936170,-2.433588,3.491687,20.720713,0.129445,13.896616,0.000000,175.000000,4.000000,,,,0.000000,4.000000,4.000000,4.000000,4.000000,4.000000,4.000000,4.000000,4.000000,4.000000,4.000000,4.000000,4.000000,4.000000,4.000000,4.000000,4.000000,4.000000,4.000000,2.000000,4.000000,4.000000,4.000000,4.000000,4.000000,4.000000,4.000000,4.000000,4.000000,4.000000,4.000000,4.000000,4.000000,83.333336
1614076759.072295,10.000000,0.000000,1.712168,-5.703526,5.785680,-2.409797,8.279607,-1.297336,1.624504,4.860563,5.588481,14.344298,17.149248,-3.822915,19.162100,18.964426,18.041208,9.629490,12.305931,32.220478,2.747770,2.821315,11.174872,15.256590,-5.613028,-1.410604,2.065693,5.738756,-3.932234,-3.969615,3.488195,20.699993,0.129315,14.395539,0.000000,200.000000,4.000000,,,,0.000000,4.000000,4.000000,4.000000,4.000000,4.000000,4.000000,4.000000,4.000000,4.000000,4.000000,4.000000,4.000000,4.000000,4.000000,4.000000,4.000000,4.000000,4.000000,2.000000,4.000000,4.000000,4.000000,4.000000,4.000000,4.000000,4.000000,4.000000,4.000000,4.000000,4.000000,4.000000,4.000000,83.333336
1614076759.080144,11.000000,0.000000,1.710455,-7.749105,5.779895,-2.407387,9.809789,-1.296038,1.622880,4.855702,6.608533,14.329954,18.157740,-2.793451,16.578835,19.458281,11.356501,-8.328857,11.780805,54.752357,7.873227,1.280032,18.343185,11.138769,-5.094594,2.180550,2.063627,5.733017,-3.928301,-2.427184,3.484707,20.679293,0.129186,13.868323,0.000000,197.000000,4.000000,,,,0.000000,4.000000,4.000000,4.000000,4.000000,4.000000,4.000000,4.000000,4.000000,4.000000,4.000000,4.000000,4.000000,4.000000,4.000000,4.000000,4.000000,4.000000,4.000000,2.000000,4.000000,4.000000,4.000000,4.000000,4.000000,4.000000,4.000000,4.000000,4.000000,4.000000,4.000000,4.000000,4.000000,83.333336
1614076759.087893,12.000000,0.000000,1.708745,-9.279818,5.774115,-2.404980,9.287158,-1.807563,1.621257,4.850846,6.089104,14.315624,17.626760,-3.303478,11.946872,18.926003,5.704118,1.935882,12.281844,49.569401,8.890995,-3.336632,15.760739,-3.231344,-5.602320,4.742472,2.574384,6.240105,-3.924373,-2.937578,2.968401,20.145792,0.129057,13.341635,0.000000,194.000000,4.000000,,,,0.000000,4.000000,4.000000,4.000000,4.000000,4.000000,4.000000,4.000000,4.000000,4.000000,4.000000,4.000000,4.000000,4.000000,4.000000,4.000000,4.000000,4.000000,4.000000,2.000000,4.000000,4.000000,4.000000,4.000000,4.000000,4.000000,4.000000,4.000000,4.000000,4.000000,4.000000,4.000000,4.000000,83.333336
1614076759.095742,13.000000,0.000000,1.707036,-5.680794,5.255520,-2.402575,9.277871,-0.780114,1.619636,5.358816,6.083015,14.301309,17.609135,-2.274534,9.883642,18.907076,3.647132,5.010869,11.756742,33.109573,8.882104,-4.358937,13.180876,-6.305036,-5.596717,5.250550,1.546168,9.310787,-3.920449,-3.447461,5.016715,23.715391,0.128928,16.405216,0.000000,170.000000,4.000000,,,,0.000000,4.000000,4.000000,4.000000,4.000000,4.000000,4.000000,4.000000,4.000000,4.000000,4.000000,4.000000,4.000000,4.000000,4.000000,4.000000,4.000000,4.000000,4.000000,2.000000,4.000000,4.000000,4.000000,4.000000,4.000000,4.000000,4.000000,4.000000,4.000000,4.000000,4.000000,4.000000,4.000000,83.333336
1614076759.103491,14.000000,0.000000,1.705329,-2.085370,6.275906,-2.400172,9.781414,1.271948,1.618016,5.353457,6.076932,14.287007,18.617167,0.291843,10.386580,18.888170,4.669126,2.441756,12.257806,33.076466,11.437325,-5.380219,13.680515,-0.657705,-5.078300,4.732479,2.570263,12.891220,-3.916528,-2.931193,7.062981,31.383984,0.128799,21.004196,0.000000,178.000000,4.000000,,,,0.000000,4.000000,4.000000,4.000000,4.000000,4.000000,4.000000,4.000000,4.000000,4.000000,4.000000,4.000000,4.000000,4.000000,4.000000,4.000000,4.000000,4.000000,4.000000,2.000000,4.000000,4.000000,4.000000,4.000000,4.000000,4.000000,4.000000,4.000000,4.000000,4.000000,4.000000,4.000000,4.000000,83.333336
1614076759.111140,15.000000,0.000000,1.703624,-2.083284,8.833733,-2.397772,9.258812,2.809137,1.616398,4.835283,6.070855,14.785541,18.085728,-0.221269,10.376193,18.869282,2.613175,13.721365,11.732727,32.530567,5.784862,-8.451761,13.154015,-0.657047,-5.586042,5.240567,9.747180,15.955253,-3.912612,-2.928261,7.568738,35.967983,0.128670,22.008833,0.000000,203.000000,4.000000,,,,0.000000,4.000000,4.000000,4.000000,4.000000,4.000000,4.000000,4.000000,4.000000,4.000000,4.000000,4.000000,4.000000,4.000000,4.000000,4.000000,4.000000,4.000000,4.000000,2.000000,4.000000,4.000000,4.000000,4.000000,4.000000,4.000000,4.000000,4.000000,4.000000,4.000000,4.000000,4.000000,4.000000,83.333336
1614076759.118889,16.000000,0.000000,1.701920,-3.106842,9.850539,-2.395374,9.762374,2.293508,1.614782,4.830448,6.064785,14.257935,14.477899,-2.785151,9.852996,18.850412,0.046459,22.425592,10.182533,36.600601,0.650871,-11.007413,13.140861,0.882071,-5.580456,4.722506,16.404100,17.477758,-3.908699,-2.925333,7.048349,35.932014,-0.384279,21.474003,0.000000,208.000000,4.000000,,,,0.000000,4.000000,4.000000,4.000000,4.000000,4.000000,4.000000,4.000000,4.000000,4.000000,4.000000,4.000000,4.000000,4.000000,4.000000,4.000000,4.000000,4.000000,4.000000,2.000000,4.000000,4.000000,4.000000,4.000000,4.000000,4.000000,4.000000,4.000000,4.000000,4.000000,4.000000,4.000000,4.000000,83.333336
1614076759.126538,17.000000,0.000000,1.700218,-2.590915,9.327868,-2.392979,10.265431,2.291214,1.613167,5.338438,6.058720,14.243677,11.386497,-3.295186,10.868784,18.831562,1.072053,16.249321,8.633889,51.948616,12.445092,-12.534866,12.614899,-0.657272,-5.574876,4.717783,17.413336,16.434639,-3.904790,-3.435228,6.528480,35.383263,-0.383895,21.452530,0.000000,191.000000,4.000000,,,,0.000000,4.000000,4.000000,4.000000,4.000000,4.000000,4.000000,4.000000,4.000000,4.000000,4.000000,4.000000,4.000000,4.000000,4.000000,4.000000,4.000000,4.000000,4.000000,2.000000,4.000000,4.000000,4.000000,4.000000,4.000000,4.000000,4.000000,4.000000,4.000000,4.000000,4.000000,4.000000,4.000000,83.333336
1614076759.134287,18.000000,0.000000,1.698518,-2.588324,9.318541,-2.903406,5.639782,2.288923,1.611554,5.333100,6.052661,15.255075,9.323830,-4.317532,10.345095,18.812731,1.070981,2.899738,7.086793,48.306923,13.971108,-15.086434,12.089463,-9.887384,-5.569301,4.713066,17.395924,13.854102,-3.900886,-2.406152,7.034772,36.373520,0.129310,21.431076,0.000000,202.000000,4.000000,,,,0.000000,4.000000,4.000000,4.000000,4.000000,4.000000,4.000000,4.000000,4.000000,4.000000,4.000000,4.000000,4.000000,4.000000,4.000000,4.000000,4.000000,4.000000,4.000000,2.000000,4.000000,4.000000,4.000000,4.000000,4.000000,4.000000,4.000000,4.000000,4.000000,4.000000,4.000000,4.000000,4.000000,83.333336
1614076759.141936,19.000000,0.000000,1.696819,-2.585736,9.309222,-2.387682,-1.032525,2.286634,1.609942,2.763664,6.046608,13.188538,5.211941,-6.877316,10.334750,18.793917,0.557090,-3.769828,5.028425,23.130413,-7.581324,-16.609810,10.026093,-6.287754,-5.563732,4.708353,17.378527,12.814608,-3.896985,-0.352464,7.027737,33.773045,-0.383640,21.409645,0.000000,210.000000,4.000000,,,,0.000000,4.000000,4.000000,4.000000,4.000000,4.000000,4.000000,4.000000,4.000000,4.000000,4.000000,4.000000,4.000000,4.000000,4.000000,4.000000,4.000000,4.000000,4.000000,2.000000,4.000000,4.000000,4.000000,4.000000,4.000000,4.000000,4.000000,4.000000,4.000000,4.000000,4.000000,4.000000,4.000000,83.333336
1614076759.149685,20.000000,0.000000,1.182302,-3.095970,9.299913,-2.385295,-2.569954,2.284348,1.608332,1.222439,6.040562,7.021502,3.668268,-7.383260,11.350056,18.775124,1.582174,3.413429,4.510576,11.825231,-11.676307,-16.080379,3.862220,3.462124,-5.558168,4.703644,13.771405,13.314613,-3.893088,1.186350,5.995069,28.098246,-0.383257,21.388235,0.000000,191.000000,4.000000,,,,0.000000,4.000000,4.000000,4.000000,4.000000,4.000000,4.000000,4.000000,4.000000,4.000000,4.000000,4.000000,4.000000,4.000000,4.000000,4.000000,4.000000,4.000000,4.000000,2.000000,4.000000,4.000000,4.000000,4.000000,4.000000,4.000000,4.000000,4.000000,4.000000,4.000000,4.000000,4.000000,4.000000,83.333336
1614076759.157335,21.000000,0.000000,2.206761,-2.067233,9.290613,-3.408551,-1.541743,2.282063,1.606724,2.246857,5.521700,2.911917,5.203061,-6.863056,7.236142,18.756348,-0.983511,-1.718190,4.506065,15.403150,-0.382579,-16.577120,-1.782668,-5.772107,-5.552610,4.698941,9.655069,13.301299,-3.889195,0.672343,8.040356,23.967583,5.258152,21.366848,0.000000,204.000000,4.000000,,,,0.000000,4.000000,4.000000,4.000000,4.000000,4.000000,4.000000,4.000000,4.000000,4.000000,4.000000,4.000000,4.000000,4.000000,4.000000,4.000000,4.000000,4.000000,4.000000,2.000000,4.000000,4.000000,4.000000,4.000000,4.000000,4.000000,4.000000,4.000000,4.000000,4.000000,4.000000,4.000000,4.000000,83.333336
1614076759.165084,22.000000,0.000000,4.255836,0.498936,9.281322,-1.866680,-2.053021,1.766961,1.605117,-2.370774,3.977717,1.883364,1.095294,-6.856193,-2.001863,18.737593,-10.213297,-28.383139,-1.139467,14.362105,-6.023222,-19.637465,-2.806526,-18.074028,-5.547057,4.694242,9.132594,12.775177,-3.885305,0.671671,15.211802,23.943617,10.893920,21.345480,0.000000,193.000000,4.000000,,,,0.000000,4.000000,4.000000,4.000000,4.000000,4.000000,4.000000,4.000000,4.000000,4.000000,4.000000,4.000000,4.000000,4.000000,4.000000,4.000000,4.000000,4.000000,4.000000,2.000000,4.000000,4.000000,4.000000,4.000000,4.000000,4.000000,4.000000,4.000000,4.000000,4.000000,4.000000,4.000000,4.000000,83.333336
1614076759.172733,23.000000,0.000000,5.790042,1.011258,9.272041,2.237751,-2.050968,2.278014,1.090691,-5.445326,1.409637,-0.169801,-5.059648,-6.849337,-5.076785,18.718855,-15.331288,-33.482960,-6.779353,11.783640,-1.401814,-20.643469,-1.778079,-11.902107,-5.541510,4.689548,9.636282,13.275222,-3.881420,0.670999,18.786333,24.432493,11.395846,21.324135,0.000000,189.000000,4.000000,,,,0.000000,4.000000,4.000000,4.000000,4.000000,4.000000,4.000000,4.000000,4.000000,4.000000,4.000000,4.000000,4.000000,4.000000,4.000000,4.000000,4.000000,4.000000,4.000000,2.000000,4.000000,4.000000,4.000000,4.000000,4.000000,4.000000,4.000000,4.000000,4.000000,4.000000,4.000000,4.000000,4.000000,83.333336
1614076759.180582,24.000000,0.000000,5.271431,1.523067,9.262769,4.799615,-1.536097,4.839839,2.628062,2.765247,2.433868,-1.195273,-5.054588,-6.842487,-5.071708,18.700136,-13.264675,-16.526400,-7.285394,13.823139,17.061127,-19.084364,-2.289121,-6.762000,-5.535969,4.684858,9.113825,13.261947,-3.877539,0.157508,17.741907,23.895241,10.358809,21.302811,0.000000,198.000000,4.000000,,,,0.000000,4.000000,4.000000,4.000000,4.000000,4.000000,4.000000,4.000000,4.000000,4.000000,4.000000,4.000000,4.000000,4.000000,4.000000,4.000000,4.000000,4.000000,4.000000,2.000000,4.000000,4.000000,4.000000,4.000000,4.000000,4.000000,4.000000,4.000000,4.000000,4.000000,4.000000,4.000000,4.000000,83.333336
1614076759.188331,25.000000,0.000000,5.266160,4.085647,9.253507,5.307636,-2.047381,6.373460,4.676716,7.890687,6.533998,-1.194077,-4.536713,-6.835645,-5.579457,18.168615,-11.200129,-8.817566,-7.278109,14.322136,0.633808,-21.629381,-2.286832,-8.293699,-6.043253,4.680173,9.104712,13.248685,-3.873661,1.182991,17.724165,23.871346,11.374092,21.281507,0.000000,206.000000,4.000000,,,,0.000000,4.000000,4.000000,4.000000,4.000000,4.000000,4.000000,4.000000,4.000000,4.000000,4.000000,4.000000,4.000000,4.000000,4.000000,4.000000,4.000000,4.000000,4.000000,2.000000,4.000000,4.000000,4.000000,4.000000,4.000000,4.000000,4.000000,4.000000,4.000000,4.000000,4.000000,4.000000,4.000000,83.333336
1614076759.196080,26.000000,0.000000,5.260894,5.107202,9.244253,7.353611,-2.045334,5.854267,5.697680,3.267412,9.604388,-0.680063,-4.532176,-6.828809,-0.445672,18.663267,-8.624825,2.473303,-6.245189,13.282173,-20.392466,-26.223137,-1.771725,-3.157201,-5.011569,4.675493,9.608427,13.235436,-3.869788,3.745911,18.219261,24.360294,11.362718,21.260227,0.000000,120.000000,4.000000,,,,0.000000,4.000000,4.000000,4.000000,4.000000,4.000000,4.000000,4.000000,4.000000,4.000000,4.000000,4.000000,4.000000,4.000000,4.000000,4.000000,4.000000,4.000000,4.000000,2.000000,4.000000,4.000000,4.000000,4.000000,4.000000,4.000000,4.000000,4.000000,4.000000,4.000000,4.000000,4.000000,4.000000,83.333336
1614076759.203729,27.000000,0.000000,5.255633,4.589274,9.235008,8.884719,-1.530468,5.848412,5.179163,0.187221,10.107604,1.371899,-2.476362,-6.821980,6.221440,18.644604,-5.539278,16.829803,-2.649201,18.909916,-4.474638,-25.684093,-1.769953,-1.102762,-5.519378,4.670817,9.598819,13.222201,-3.865918,4.767806,18.201042,24.335934,10.838534,21.238966,0.000000,201.000000,4.000000,,,,0.000000,4.000000,4.000000,4.000000,4.000000,4.000000,4.000000,4.000000,4.000000,4.000000,4.000000,4.000000,4.000000,4.000000,4.000000,4.000000,4.000000,4.000000,4.000000,2.000000,4.000000,4.000000,4.000000,4.000000,4.000000,4.000000,4.000000,4.000000,4.000000,4.000000,4.000000,4.000000,4.000000,83.333336
1614076759.211478,28.000000,0.000000,5.250377,5.097506,9.225774,8.363013,-2.041758,5.842564,4.661163,0.699855,8.559034,2.908989,-1.448244,-6.815159,6.215219,18.113138,-3.482456,13.736051,1.968833,34.275623,7.324708,-18.478922,-2.281004,-4.178582,-6.026679,4.666147,9.589220,12.696158,-3.862052,4.250217,17.670021,24.311598,10.827696,19.679266,0.000000,167.000000,4.000000,,,,0.000000,4.000000,4.000000,4.000000,4.000000,4.000000,4.000000,4.000000,4.000000,4.000000,4.000000,4.000000,4.000000,4.000000,4.000000,4.000000,4.000000,4.000000,4.000000,2.000000,4.000000,4.000000,4.000000,4.000000,4.000000,4.000000,4.000000,4.000000,4.000000,4.000000,4.000000,4.000000,4.000000,83.333336
1614076759.219127,29.000000,0.000000,5.245127,3.553946,9.216548,8.354650,-2.039716,5.836721,5.682143,1.211975,10.088937,4.444541,4.194230,-6.808343,11.337209,19.120667,2.674872,13.722315,7.095069,48.600319,3.214820,-10.768136,-1.253082,6.082007,-3.456550,4.661480,9.066811,13.196282,-4.371010,4.245967,16.113888,23.774466,10.816868,17.608305,0.000000,198.000000,4.000000,,,,0.000000,4.000000,4.000000,4.000000,4.000000,4.000000,4.000000,4.000000,4.000000,4.000000,4.000000,4.000000,4.000000,4.000000,4.000000,4.000000,4.000000,4.000000,4.000000,2.000000,4.000000,4.000000,4.000000,4.000000,4.000000,4.000000,4.000000,4.000000,4.000000,4.000000,4.000000,4.000000,4.000000,83.333336
1614076759.226877,30.000000,0.000000,5.239882,0.986290,9.207332,8.859117,2.577708,5.830884,8.240563,6.338968,14.181413,10.081122,12.395164,-6.801535,20.043819,21.152828,10.877325,19.349619,11.703359,48.551720,11.416733,-7.680444,1.825095,20.947720,2.187932,4.656819,9.570564,13.183086,-3.853819,4.241722,14.046493,23.750690,10.806051,17.077875,0.000000,189.000000,4.000000,,,,0.000000,4.000000,4.000000,4.000000,4.000000,4.000000,4.000000,4.000000,4.000000,4.000000,4.000000,4.000000,4.000000,4.000000,4.000000,4.000000,4.000000,4.000000,4.000000,2.000000,4.000000,4.000000,4.000000,4.000000,4.000000,4.000000,4.000000,4.000000,4.000000,4.000000,4.000000,4.000000,4.000000,83.333336
1614076759.234526,31.000000,0.000000,5.234642,0.472483,9.198124,8.337437,6.677694,5.825054,9.257963,11.973655,17.244154,14.686426,14.946871,-6.794734,19.510956,22.670137,11.379269,14.202064,12.204476,39.785221,7.815573,-9.211226,4.900193,20.413952,0.134462,4.652162,9.560993,12.657083,-3.849965,4.237480,13.519626,24.239761,10.795245,17.573618,0.000000,205.000000,4.000000,,,,0.000000,4.000000,4.000000,4.000000,4.000000,4.000000,4.000000,4.000000,4.000000,4.000000,4.000000,4.000000,4.000000,4.000000,4.000000,4.000000,4.000000,4.000000,4.000000,2.000000,4.000000,4.000000,4.000000,4.000000,4.000000,4.000000,4.000000,4.000000,4.000000,4.000000,4.000000,4.000000,4.000000,83.333336
1614076759.242375,32.000000,0.000000,5.229407,0.472011,9.701746,8.329099,6.671017,5.819229,8.735885,11.961681,17.226910,15.184560,14.419104,-6.787939,14.363240,22.647467,12.393531,20.854528,12.192272,42.822357,-8.602499,-8.689194,4.895292,12.188410,-5.506698,4.647510,8.525791,13.670067,-4.871756,4.233243,14.018927,23.702700,10.784450,17.556046,8064.000000,0.000000,4.000000,,,,0.000000,4.000000,4.000000,4.000000,4.000000,4.000000,4.000000,4.000000,4.000000,4.000000,4.000000,4.000000,4.000000,4.000000,4.000000,4.000000,4.000000,4.000000,4.000000,2.000000,4.000000,4.000000,4.000000,4.000000,4.000000,4.000000,4.000000,4.000000,4.000000,4.000000,4.000000,4.000000,4.000000,83.333336
1614076759.250124,33.000000,0.000000,5.224178,0.984359,9.179224,8.320770,5.125884,5.813409,8.727149,15.026643,16.696863,14.656555,15.430326,-6.781151,13.836056,23.137640,11.355495,21.859314,12.692900,49.446201,0.636872,-6.629222,6.428859,10.124939,-4.475550,4.642862,10.568547,16.220499,-3.328423,4.229009,13.492087,23.166178,10.773665,17.538488,8064.000000,0.000000,4.000000,,,,0.000000,4.000000,4.000000,4.000000,4.000000,4.000000,4.000000,4.000000,4.000000,4.000000,4.000000,4.000000,4.000000,4.000000,4.000000,4.000000,4.000000,4.000000,4.000000,2.000000,4.000000,4.000000,4.000000,4.000000,4.000000,4.000000,4.000000,4.000000,4.000000,4.000000,4.000000,4.000000,4.000000,83.333336
1614076759.257973,34.000000,0.000000,5.218954,3.547477,9.682865,6.773988,7.172040,5.807596,9.231242,19.627001,17.705807,14.641898,12.850793,-6.774370,12.283758,22.601681,-1.476372,-10.470237,9.603284,35.550602,13.456748,-12.776440,6.422430,12.166096,1.169951,4.638219,15.686184,17.229919,3.341572,4.224780,13.478595,28.271215,10.762892,17.520950,8064.000000,0.000000,4.000000,,,,0.000000,4.000000,4.000000,4.000000,4.000000,4.000000,4.000000,4.000000,4.000000,4.000000,4.000000,4.000000,4.000000,4.000000,4.000000,4.000000,4.000000,4.000000,4.000000,2.000000,4.000000,4.000000,4.000000,4.000000,4.000000,4.000000,4.000000,4.000000,4.000000,4.000000,4.000000,4.000000,4.000000,83.333336
1614076759.265722,35.000000,0.000000,5.213735,5.595212,10.186003,4.715931,6.652048,6.314609,8.709190,18.581732,17.175280,14.627256,10.786660,-6.767595,9.707372,22.579079,-4.551819,-8.921306,4.978296,24.233000,0.109958,-19.943150,4.364725,14.205213,2.707243,4.633581,17.721781,16.699869,7.953615,4.220555,13.977937,34.909611,10.752129,17.503429,8064.000000,0.000000,4.000000,,,,0.000000,4.000000,4.000000,4.000000,4.000000,4.000000,4.000000,4.000000,4.000000,4.000000,4.000000,4.000000,4.000000,4.000000,4.000000,4.000000,4.000000,4.000000,4.000000,2.000000,4.000000,4.000000,4.000000,4.000000,4.000000,4.000000,4.000000,4.000000,4.000000,4.000000,4.000000,4.000000,4.000000,83.333336
1614076759.273571,36.000000,0.000000,5.208521,4.563976,6.073253,4.711215,0.491549,5.795474,8.700481,17.024689,16.132463,14.612630,11.288693,-6.760828,10.723306,23.069321,14.939912,23.908129,3.947677,48.824150,3.186771,-11.205258,8.975745,14.191007,1.166074,4.628948,16.165596,16.683168,7.432841,4.216335,13.963959,32.310600,10.741377,17.485926,8064.000000,0.000000,4.000000,,,,0.000000,4.000000,4.000000,4.000000,4.000000,4.000000,4.000000,4.000000,4.000000,4.000000,4.000000,4.000000,4.000000,4.000000,4.000000,4.000000,4.000000,4.000000,4.000000,2.000000,4.000000,4.000000,4.000000,4.000000,4.000000,4.000000,4.000000,4.000000,4.000000,4.000000,4.000000,4.000000,4.000000,83.333336
1614076759.281320,37.000000,0.000000,5.203312,5.072232,1.964615,4.706504,-4.124327,4.764037,9.204601,13.930741,13.552229,11.008273,4.097918,-6.754067,9.174121,16.892406,21.078819,17.730375,4.969370,60.570198,19.593842,2.139280,15.120616,11.099893,2.190549,5.137139,17.687893,16.666487,6.912588,4.212118,13.949995,27.150084,10.730636,17.468439,8064.000000,0.000000,4.000000,,,,0.000000,4.000000,4.000000,4.000000,4.000000,4.000000,4.000000,4.000000,4.000000,4.000000,4.000000,4.000000,4.000000,4.000000,4.000000,4.000000,4.000000,4.000000,4.000000,2.000000,4.000000,4.000000,4.000000,4.000000,4.000000,4.000000,4.000000,4.000000,4.000000,4.000000,4.000000,4.000000,4.000000,83.333336
1614076759.289169,38.000000,0.000000,5.198109,5.579981,2.475471,5.214619,-5.145844,2.707991,8.169756,4.686042,8.923292,3.817778,-6.675411,-6.747313,2.498280,3.542180,-0.480722,-14.595048,3.425939,28.201937,0.599888,-4.016705,6.387546,8.011869,2.701179,7.696105,15.618923,17.162640,8.444137,4.720727,13.936045,27.122934,10.719905,15.912510,8064.000000,0.000000,4.000000,,,,0.000000,4.000000,4.000000,4.000000,4.000000,4.000000,4.000000,4.000000,4.000000,4.000000,4.000000,4.000000,4.000000,4.000000,4.000000,4.000000,4.000000,4.000000,4.000000,2.000000,4.000000,4.000000,4.000000,4.000000,4.000000,4.000000,4.000000,4.000000,4.000000,4.000000,4.000000,4.000000,4.000000,83.333336
1614076759.296918,39.000000,0.000000,5.192911,1.471837,0.421714,5.722224,-10.268903,-1.397281,6.110304,-3.010952,3.786164,-0.801425,-9.745659,-6.740566,-1.093962,-4.153670,-15.864857,-16.118916,-0.167230,-3.108316,-25.041737,-20.422945,-7.464995,4.926935,-0.891266,8.714049,6.372535,15.607016,3.820308,2.664724,13.922109,28.121452,10.709185,13.845316,8064.000000,0.000000,4.000000,,,,0.000000,4.000000,4.000000,4.000000,4.000000,4.000000,4.000000,4.000000,4.000000,4.000000,4.000000,4.000000,4.000000,4.000000,4.000000,4.000000,4.000000,4.000000,4.000000,2.000000,4.000000,4.000000,4.000000,4.000000,4.000000,4.000000,4.000000,4.000000,4.000000,4.000000,4.000000,4.000000,4.000000,83.333336
1614076759.304767,40.000000,0.000000,3.136436,-3.145020,-6.245375,0.588297,-16.412479,-4.985627,4.565732,-3.007941,0.192634,-0.800623,-7.171811,-6.733825,-0.580047,-3.636696,-14.310531,-6.872026,-2.731166,23.561459,-8.093618,-23.992266,-9.508812,2.870726,-5.505759,5.115592,1.750777,12.514486,-2.850179,0.610777,12.882546,26.554869,10.698476,12.805829,8064.000000,0.000000,4.000000,,,,0.000000,4.000000,4.000000,4.000000,4.000000,4.000000,4.000000,4.000000,4.000000,4.000000,4.000000,4.000000,4.000000,4.000000,4.000000,4.000000,4.000000,4.000000,4.000000,2.000000,4.000000,4.000000,4.000000,4.000000,4.000000,4.000000,4.000000,4.000000,4.000000,4.000000,4.000000,4.000000,4.000000,83.333336
1614076759.312516,41.000000,0.000000,1.594838,-3.141875,-9.316052,-6.078958,-16.908888,-5.493462,5.586808,-2.492113,-1.858841,0.225818,-5.626177,-6.727091,-0.579467,-3.120239,-11.732117,-13.019001,-3.241255,48.666103,11.914475,-19.352888,-5.909560,4.919137,-6.525895,1.520733,6.364411,11.989151,-4.898611,0.097346,13.895305,27.041134,10.174956,13.305844,8064.000000,0.000000,4.000000,,,,0.000000,4.000000,4.000000,4.000000,4.000000,4.000000,4.000000,4.000000,4.000000,4.000000,4.000000,4.000000,4.000000,4.000000,4.000000,4.000000,4.000000,4.000000,4.000000,2.000000,4.000000,4.000000,4.000000,4.000000,4.000000,4.000000,4.000000,4.000000,4.000000,4.000000,4.000000,4.000000,4.000000,83.333336
1614076759.320365,42.000000,0.000000,1.593243,-2.113092,-9.819556,-7.098520,-16.891979,-7.026430,4.555580,-3.002441,-1.856982,-0.287228,-4.082089,-6.720364,-0.578888,-4.142759,-9.669103,2.891454,-2.725193,37.848206,-0.405132,-19.846355,-5.903650,0.298834,-5.493728,0.493571,9.947790,13.002803,-3.868071,0.610069,14.394230,27.014093,10.677603,14.318179,8064.000000,0.000000,4.000000,,,,0.000000,4.000000,4.000000,4.000000,4.000000,4.000000,4.000000,4.000000,4.000000,4.000000,4.000000,4.000000,4.000000,4.000000,4.000000,4.000000,4.000000,4.000000,4.000000,2.000000,4.000000,4.000000,4.000000,4.000000,4.000000,4.000000,4.000000,4.000000,4.000000,4.000000,4.000000,4.000000,4.000000,83.333336
1614076759.328114,43.000000,0.000000,1.591650,-4.675081,-12.373839,-6.065781,-19.439190,-9.070686,-1.090001,-3.512259,-1.342304,-2.851043,-6.129289,-6.713644,-1.603950,-3.112976,-6.582511,10.068049,-2.722468,33.194973,-0.917547,-20.339331,-6.410567,-12.521978,-5.488234,1.005898,8.399381,11.451339,-3.864203,0.609459,9.764451,26.474258,10.666924,10.201297,8064.000000,0.000000,4.000000,,,,0.000000,4.000000,4.000000,4.000000,4.000000,4.000000,4.000000,4.000000,4.000000,4.000000,4.000000,4.000000,4.000000,4.000000,4.000000,4.000000,4.000000,4.000000,4.000000,2.000000,4.000000,4.000000,4.000000,4.000000,4.000000,4.000000,4.000000,4.000000,4.000000,4.000000,4.000000,4.000000,4.000000,83.333336
1614076759.335963,44.000000,0.000000,1.590058,-5.183227,-12.361465,-6.059715,-19.419750,-9.061615,-5.704296,-6.585670,-3.392244,-6.950756,-10.738544,-6.706930,-5.192090,-4.648324,-9.140031,-18.659967,-2.719746,38.802803,13.442345,-18.780529,-5.891336,-11.996635,-5.995566,1.004892,8.903802,12.978349,-4.373159,0.096029,6.164943,29.524708,10.143437,6.601352,8064.000000,0.000000,4.000000,,,,0.000000,4.000000,4.000000,4.000000,4.000000,4.000000,4.000000,4.000000,4.000000,4.000000,4.000000,4.000000,4.000000,4.000000,4.000000,4.000000,4.000000,4.000000,4.000000,2.000000,4.000000,4.000000,4.000000,4.000000,4.000000,4.000000,4.000000,4.000000,4.000000,4.000000,4.000000,4.000000,4.000000,83.333336
1614076759.343712,45.000000,0.000000,1.588468,-3.126762,-9.785002,-5.028014,-19.400331,-8.539733,-6.211412,-10.168828,-5.440134,-8.482267,-11.753448,-6.700223,-7.751000,-6.694958,-16.310377,-29.923359,-2.717026,20.815283,-2.981354,-21.325851,-5.372624,0.835874,-4.963930,0.491067,11.971822,21.170498,-3.855966,0.095933,14.363906,35.649029,11.671756,13.774238,8064.000000,0.000000,4.000000,,,,0.000000,4.000000,4.000000,4.000000,4.000000,4.000000,4.000000,4.000000,4.000000,4.000000,4.000000,4.000000,4.000000,4.000000,4.000000,4.000000,4.000000,4.000000,4.000000,2.000000,4.000000,4.000000,4.000000,4.000000,4.000000,4.000000,4.000000,4.000000,4.000000,4.000000,4.000000,4.000000,4.000000,83.333336
1614076759.351361,46.000000,0.000000,1.586880,-2.097994,-8.749576,-1.946063,-18.868111,-8.531194,-5.692380,-9.645839,-4.921873,-6.935323,-10.716053,-6.693523,-8.256069,-6.688263,-19.370991,-13.483178,-2.714309,5.409852,-22.978373,-26.945551,-3.315969,2.373499,-2.907684,1.003396,15.549593,27.815994,-3.852110,3.685581,21.529030,38.690304,15.762648,24.529694,8064.000000,0.000000,4.000000,,,,0.000000,4.000000,4.000000,4.000000,4.000000,4.000000,4.000000,4.000000,4.000000,4.000000,4.000000,4.000000,4.000000,4.000000,4.000000,4.000000,4.000000,4.000000,4.000000,2.000000,4.000000,4.000000,4.000000,4.000000,4.000000,4.000000,4.000000,4.000000,4.000000,4.000000,4.000000,4.000000,4.000000,83.333336
1614076759.359110,47.000000,0.000000,1.585293,-2.608716,-7.715185,-0.918476,-18.336422,-8.009842,-5.686688,-7.072090,-4.404131,-6.928388,-11.218157,-6.686830,-8.247813,-6.681575,-14.736235,-2.187644,-2.711595,30.532646,-0.904112,-24.354504,-1.261371,-4.295541,-1.366314,1.002393,17.072506,27.788179,-3.848258,7.271639,19.456219,38.138794,18.310987,25.017984,8064.000000,0.000000,4.000000,,,,0.000000,4.000000,4.000000,4.000000,4.000000,4.000000,4.000000,4.000000,4.000000,4.000000,4.000000,4.000000,4.000000,4.000000,4.000000,4.000000,4.000000,4.000000,4.000000,2.000000,4.000000,4.000000,4.000000,4.000000,4.000000,4.000000,4.000000,4.000000,4.000000,4.000000,4.000000,4.000000,4.000000,83.333336
1614076759.366760,48.000000,0.000000,1.583708,-2.606108,-8.733111,-4.507301,-22.420649,-9.027472,-6.193822,-6.552197,-7.989470,-11.536844,-11.719759,-7.192963,-8.239566,-7.700534,-9.080473,1.404287,-3.221703,56.143139,20.635254,-17.150661,-3.311392,-5.316886,-1.877769,1.001390,16.029791,27.247570,-4.357230,6.238726,16.872660,37.587833,18.292677,18.326300,8064.000000,0.000000,4.000000,,,,0.000000,4.000000,4.000000,4.000000,4.000000,4.000000,4.000000,4.000000,4.000000,4.000000,4.000000,4.000000,4.000000,4.000000,4.000000,4.000000,4.000000,4.000000,4.000000,2.000000,4.000000,4.000000,4.000000,4.000000,4.000000,4.000000,4.000000,4.000000,4.000000,4.000000,4.000000,4.000000,4.000000,83.333336
1614076759.374509,49.000000,0.000000,1.582124,-2.603502,-15.391045,-8.605358,-26.500792,-9.018445,-7.726089,-7.058466,-12.596866,-15.627872,-12.220860,-7.185770,-8.231326,-7.692834,-5.994470,-11.417630,-3.731302,37.625458,-0.923843,-16.620691,-2.795260,-3.773108,-2.388711,-0.025252,14.988121,25.169041,-3.840052,4.181205,17.881428,38.063065,16.223103,12.666948,8064.000000,0.000000,4.000000,,,,0.000000,4.000000,4.000000,4.000000,4.000000,4.000000,4.000000,4.000000,4.000000,4.000000,4.000000,4.000000,4.000000,4.000000,4.000000,4.000000,4.000000,4.000000,4.000000,2.000000,4.000000,4.000000,4.000000,4.000000,4.000000,4.000000,4.000000,4.000000,4.000000,4.000000,4.000000,4.000000,4.000000,83.333336
1614076759.382158,50.000000,0.000000,1.580542,-2.600898,-19.991037,-9.109572,-25.961472,-7.983786,-9.256824,-5.512946,-12.584269,-15.099423,-11.695819,-6.152943,-8.735915,-6.659500,-5.988475,-33.970314,-5.778853,17.075012,-20.922920,-18.655352,-0.741183,-3.256514,-1.360682,0.487594,16.511595,21.554129,-3.836212,4.177024,17.863546,38.025002,12.617135,10.090178,8064.000000,0.000000,4.000000,,,,0.000000,4.000000,4.000000,4.000000,4.000000,4.000000,4.000000,4.000000,4.000000,4.000000,4.000000,4.000000,4.000000,4.000000,4.000000,4.000000,4.000000,4.000000,4.000000,2.000000,4.000000,4.000000,4.000000,4.000000,4.000000,4.000000,4.000000,4.000000,4.000000,4.000000,4.000000,4.000000,4.000000,83.333336
1614076759.389907,51.000000,0.000000,1.578961,-2.085477,-19.458227,-12.177386,-28.499613,-13.616828,-9.760388,-6.020253,-12.058864,-14.571503,-10.658482,-7.685252,-7.188718,-8.191302,-7.008128,-30.346601,-7.824356,26.288706,-14.235330,-19.149517,-4.843006,-4.278899,-1.359321,0.999927,17.007904,19.481291,-4.858017,4.172847,17.332863,37.474155,10.040416,10.080089,8064.000000,0.000000,4.000000,,,,0.000000,4.000000,4.000000,4.000000,4.000000,4.000000,4.000000,4.000000,4.000000,4.000000,4.000000,4.000000,4.000000,4.000000,4.000000,4.000000,4.000000,4.000000,4.000000,2.000000,4.000000,4.000000,4.000000,4.000000,4.000000,4.000000,4.000000,4.000000,4.000000,4.000000,4.000000,4.000000,4.000000,83.333336
1614076759.397556,52.000000,0.000000,1.577382,-2.596212,-19.438768,-17.293413,-34.112137,-20.782698,-9.750628,-6.527054,-12.559626,-16.095392,-12.699105,-6.139105,-1.027683,-5.619008,-4.949838,-10.316255,-5.252429,31.903444,-9.092890,-19.643188,-4.838163,-5.300261,-3.409244,-0.539535,14.426793,18.948990,-1.263415,4.681495,17.315529,36.923862,10.543196,10.070008,8064.000000,0.000000,4.000000,,,,0.000000,4.000000,4.000000,4.000000,4.000000,4.000000,4.000000,4.000000,4.000000,4.000000,4.000000,4.000000,4.000000,4.000000,4.000000,4.000000,4.000000,4.000000,4.000000,2.000000,4.000000,4.000000,4.000000,4.000000,4.000000,4.000000,4.000000,4.000000,4.000000,4.000000,4.000000,4.000000,4.000000,83.333336
1614076759.405305,53.000000,0.000000,1.575805,-3.106436,-19.932150,-12.660736,-31.001102,-14.095249,-5.638313,1.684602,-9.470142,-6.848528,-8.583842,2.584983,6.152832,7.207124,3.260241,3.540216,2.957951,32.897182,-6.006874,-12.956878,13.115394,3.422988,-0.841732,2.025107,21.079033,20.468502,7.455797,6.728095,17.298214,38.425400,10.532653,9.547118,8064.000000,0.000000,4.000000,,,,0.000000,4.000000,4.000000,4.000000,4.000000,4.000000,4.000000,4.000000,4.000000,4.000000,4.000000,4.000000,4.000000,4.000000,4.000000,4.000000,4.000000,4.000000,4.000000,2.000000,4.000000,4.000000,4.000000,4.000000,4.000000,4.000000,4.000000,4.000000,4.000000,4.000000,4.000000,4.000000,4.000000,83.333336
1614076759.412954,54.000000,0.000000,1.574229,0.486414,-16.322474,-5.468588,-22.764975,-2.286282,0.521171,13.477789,-4.845288,8.542935,6.809357,9.249064,10.762064,19.507608,9.923647,23.023855,9.621660,53.889927,9.383749,-0.636229,32.076637,15.214437,7.877059,11.253852,37.468208,26.601879,11.550905,7.747008,17.280916,43.002357,10.009299,10.563212,8192.000000,0.000000,4.000000,,,,0.000000,4.000000,4.000000,4.000000,4.000000,4.000000,4.000000,4.000000,4.000000,4.000000,4.000000,4.000000,4.000000,4.000000,4.000000,4.000000,4.000000,4.000000,4.000000,2.000000,4.000000,4.000000,4.000000,4.000000,4.000000,4.000000,4.000000,4.000000,4.000000,4.000000,4.000000,4.000000,4.000000,83.333336
1614076759.420703,55.000000,0.000000,1.572655,1.511569,-15.793331,-9.052863,-25.306311,-3.309636,2.059111,11.925850,-3.814802,10.585674,15.007676,4.624431,10.238482,20.000921,3.759877,18.898268,7.047936,56.912960,9.887185,-4.225336,27.429176,10.583838,7.869182,16.883623,43.584587,31.703484,11.026534,7.739261,17.263636,45.523460,10.512111,9.014187,8064.000000,0.000000,4.000000,,,,0.000000,4.000000,4.000000,4.000000,4.000000,4.000000,4.000000,4.000000,4.000000,4.000000,4.000000,4.000000,4.000000,4.000000,4.000000,4.000000,4.000000,4.000000,4.000000,2.000000,4.000000,4.000000,4.000000,4.000000,4.000000,4.000000,4.000000,4.000000,4.000000,4.000000,4.000000,4.000000,4.000000,83.333336
1614076759.428353,56.000000,0.000000,1.058262,-6.182250,-20.392923,-16.736118,-33.486134,-10.998634,1.544232,3.195975,-6.375090,2.369961,8.326001,-2.046860,6.638499,16.903997,-5.987473,-13.428324,0.887042,30.189379,-9.097060,-20.118547,10.478669,3.906587,-1.369457,15.328278,35.335876,30.133318,10.502687,7.218701,17.246370,44.452293,10.501598,4.389789,8064.000000,0.000000,4.000000,,,,0.000000,4.000000,4.000000,4.000000,4.000000,4.000000,4.000000,4.000000,4.000000,4.000000,4.000000,4.000000,4.000000,4.000000,4.000000,4.000000,4.000000,4.000000,4.000000,2.000000,4.000000,4.000000,4.000000,4.000000,4.000000,4.000000,4.000000,4.000000,4.000000,4.000000,4.000000,4.000000,4.000000,83.333336
1614076759.436102,57.000000,0.000000,1.570024,-10.278632,-23.449453,-17.232203,-33.965469,-12.526097,2.055508,2.679958,-8.419996,-0.709332,3.189470,-2.557634,7.657502,15.861453,-3.930203,-1.620023,3.963078,36.313034,-8.575143,-20.098429,5.339986,9.030886,0.683195,14.800129,28.633873,27.026262,10.492184,7.724303,17.229124,44.407845,10.491096,2.334117,8064.000000,0.000000,4.000000,,,,0.000000,4.000000,4.000000,4.000000,4.000000,4.000000,4.000000,4.000000,4.000000,4.000000,4.000000,4.000000,4.000000,4.000000,4.000000,4.000000,4.000000,4.000000,4.000000,2.000000,4.000000,4.000000,4.000000,4.000000,4.000000,4.000000,4.000000,4.000000,4.000000,4.000000,4.000000,4.000000,4.000000,83.333336
1614076759.443751,58.000000,0.000000,3.619736,-5.140149,-22.913183,-16.189329,-30.341759,-10.975110,2.053452,1.138817,-8.411576,0.829838,6.776024,-0.503794,13.290870,15.845592,5.304496,31.202110,13.189884,64.994675,12.971893,-9.309099,8.924389,6.970573,8.374819,15.810970,27.579597,26.999235,10.481691,9.767861,16.186255,44.876255,9.967785,2.331783,8064.000000,0.000000,4.000000,,,,0.000000,4.000000,4.000000,4.000000,4.000000,4.000000,4.000000,4.000000,4.000000,4.000000,4.000000,4.000000,4.000000,4.000000,4.000000,4.000000,4.000000,4.000000,4.000000,2.000000,4.000000,4.000000,4.000000,4.000000,4.000000,4.000000,4.000000,4.000000,4.000000,4.000000,4.000000,4.000000,4.000000,83.333336
1614076759.451500,59.000000,0.000000,5.667398,-2.570906,-22.377449,-17.198780,-29.285776,-11.989776,1.538579,-7.580271,-8.403165,0.829009,7.794889,0.522350,12.251938,14.804105,7.350474,6.042702,16.766438,48.519421,19.625587,-9.812611,9.428286,0.809756,3.751060,15.282339,27.039198,26.972237,10.984031,11.296555,13.605966,44.831379,10.470638,1.816630,8064.000000,0.000000,4.000000,,,,0.000000,4.000000,4.000000,4.000000,4.000000,4.000000,4.000000,4.000000,4.000000,4.000000,4.000000,4.000000,4.000000,4.000000,4.000000,4.000000,4.000000,4.000000,4.000000,2.000000,4.000000,4.000000,4.000000,4.000000,4.000000,4.000000,4.000000,4.000000,4.000000,4.000000,4.000000,4.000000,4.000000,83.333336
1614076759.459149,60.000000,0.000000,5.148911,-2.568335,-22.867891,-17.181581,-29.769310,-11.977786,1.537040,-6.034229,-8.394762,0.315359,6.761454,0.521828,7.111481,14.789301,4.266201,-25.245392,15.211209,25.393978,12.426476,-13.392542,7.880395,8.501254,-2.919358,15.267056,26.499338,26.945265,8.921764,11.285258,13.079539,44.273727,10.460167,5.404557,8064.000000,0.000000,4.000000,,,,0.000000,4.000000,4.000000,4.000000,4.000000,4.000000,4.000000,4.000000,4.000000,4.000000,4.000000,4.000000,4.000000,4.000000,4.000000,4.000000,4.000000,4.000000,4.000000,2.000000,4.000000,4.000000,4.000000,4.000000,4.000000,4.000000,4.000000,4.000000,4.000000,4.000000,4.000000,4.000000,4.000000,83.333336
1614076759.466998,61.000000,0.000000,5.143762,2.049618,-22.845024,-14.600298,-29.739542,-11.965808,1.535503,0.638472,-7.873547,-0.710597,7.267512,0.521306,6.078728,16.312973,6.313216,3.497802,15.708819,53.060890,12.926869,-7.225303,8.385336,10.031215,1.698946,14.738969,25.960018,26.405499,6.348740,11.273973,15.117742,44.229454,9.936887,12.065820,8064.000000,0.000000,4.000000,,,,0.000000,4.000000,4.000000,4.000000,4.000000,4.000000,4.000000,4.000000,4.000000,4.000000,4.000000,4.000000,4.000000,4.000000,4.000000,4.000000,4.000000,4.000000,4.000000,2.000000,4.000000,4.000000,4.000000,4.000000,4.000000,4.000000,4.000000,4.000000,4.000000,4.000000,4.000000,4.000000,4.000000,83.333336
1614076759.474747,62.000000,0.000000,5.138618,5.637312,-22.822180,-12.534415,-29.196981,-11.953842,1.533967,-6.541654,-8.378493,0.828575,5.208963,1.033605,7.098290,12.706917,8.871006,16.314817,16.718752,73.520653,17.016506,-0.551411,9.402592,-0.235227,6.312632,15.237050,26.959700,26.379093,11.470596,11.262699,17.666727,44.698044,10.952591,14.617856,8064.000000,0.000000,4.000000,,,,0.000000,4.000000,4.000000,4.000000,4.000000,4.000000,4.000000,4.000000,4.000000,4.000000,4.000000,4.000000,4.000000,4.000000,4.000000,4.000000,4.000000,4.000000,4.000000,2.000000,4.000000,4.000000,4.000000,4.000000,4.000000,4.000000,4.000000,4.000000,4.000000,4.000000,4.000000,4.000000,4.000000,83.333336
1614076759.482596,63.000000,0.000000,5.133479,5.631675,-22.799356,-12.521881,-29.167784,-11.941889,1.532433,-10.637676,-7.857295,0.827746,4.178113,1.032572,6.578372,6.027543,8.862135,-10.368164,14.650750,51.908669,13.922567,0.474782,8.880368,3.867572,5.793499,17.785915,26.932739,26.865534,17.612972,11.251436,20.213163,43.627705,13.505741,13.577598,8064.000000,0.000000,4.000000,,,,0.000000,4.000000,4.000000,4.000000,4.000000,4.000000,4.000000,4.000000,4.000000,4.000000,4.000000,4.000000,4.000000,4.000000,4.000000,4.000000,4.000000,4.000000,4.000000,2.000000,4.000000,4.000000,4.000000,4.000000,4.000000,4.000000,4.000000,4.000000,4.000000,4.000000,4.000000,4.000000,4.000000,83.333336
1614076759.490345,64.000000,0.000000,5.128345,4.600402,-22.776558,-13.022180,-29.651438,-11.417126,1.530901,-0.883449,-7.849437,-7.891030,2.635473,-1.019743,7.084614,4.483054,7.827631,-11.896257,12.584818,35.446503,9.806081,-1.064155,9.384309,8.991910,4.762064,19.306591,26.392986,25.813028,15.031257,11.240185,19.680128,41.019974,14.517876,13.564019,0.000000,190.000000,4.000000,,,,0.000000,4.000000,4.000000,4.000000,4.000000,4.000000,4.000000,4.000000,4.000000,4.000000,4.000000,4.000000,4.000000,4.000000,4.000000,4.000000,4.000000,4.000000,4.000000,2.000000,4.000000,4.000000,4.000000,4.000000,4.000000,4.000000,4.000000,4.000000,4.000000,4.000000,4.000000,4.000000,4.000000,83.333336
1614076759.498194,65.000000,0.000000,5.123217,4.595801,-22.753780,-12.496337,-29.621786,-12.431350,1.529370,-3.959488,-10.918510,-18.139549,-4.546649,-2.557184,4.000606,1.401648,1.153137,-3.679233,6.418386,35.411057,6.719351,-1.063091,9.374924,0.777790,3.731661,18.774464,26.879414,23.223112,9.888021,11.228945,17.609167,40.466133,13.990538,14.063276,0.000000,185.000000,4.000000,,,,0.000000,4.000000,4.000000,4.000000,4.000000,4.000000,4.000000,4.000000,4.000000,4.000000,4.000000,4.000000,4.000000,4.000000,4.000000,4.000000,4.000000,4.000000,4.000000,2.000000,4.000000,4.000000,4.000000,4.000000,4.000000,4.000000,4.000000,4.000000,4.000000,4.000000,4.000000,4.000000,4.000000,83.333336
1614076759.505943,66.000000,0.000000,5.118094,5.616847,-22.218206,-12.483841,-29.592163,-14.983021,1.527841,-16.263222,-15.522977,-19.147051,-10.695949,-4.093089,-2.670061,-6.804882,-7.565965,-15.983246,-1.793160,28.196159,3.122889,0.476434,7.827088,-2.299911,2.189468,19.268511,26.852533,22.687069,9.878132,11.217715,17.078737,40.425667,14.489367,13.536392,0.000000,204.000000,4.000000,,,,0.000000,4.000000,4.000000,4.000000,4.000000,4.000000,4.000000,4.000000,4.000000,4.000000,4.000000,4.000000,4.000000,4.000000,4.000000,4.000000,4.000000,4.000000,4.000000,2.000000,4.000000,4.000000,4.000000,4.000000,4.000000,4.000000,4.000000,4.000000,4.000000,4.000000,4.000000,4.000000,4.000000,83.333336
1614076759.513792,67.000000,0.000000,5.625796,4.072768,-21.683168,-12.471357,-29.049751,-15.480859,1.526313,-13.682856,-16.020275,-18.102262,-11.198073,-7.165919,-7.795596,-10.900641,-9.609681,-22.633930,-6.919572,18.937193,1.068484,-2.600965,6.280799,-8.964278,0.648817,18.223600,24.774399,23.177202,10.893895,11.206498,17.061659,40.385242,13.449237,13.522856,0.000000,187.000000,4.000000,,,,0.000000,4.000000,4.000000,4.000000,4.000000,4.000000,4.000000,4.000000,4.000000,4.000000,4.000000,4.000000,4.000000,4.000000,4.000000,4.000000,4.000000,4.000000,4.000000,2.000000,4.000000,4.000000,4.000000,4.000000,4.000000,4.000000,4.000000,4.000000,4.000000,4.000000,4.000000,4.000000,4.000000,83.333336
1614076759.521541,68.000000,0.000000,4.594530,-3.110792,-23.199947,-12.971706,-29.533522,-15.465378,1.011966,-8.028147,-15.491433,-18.596981,-13.238157,-5.107471,-8.813441,-11.915381,-11.138533,-23.636936,-7.425473,17.892614,2.093056,-12.854774,4.223236,-26.391211,-2.428755,14.102813,22.698343,22.641205,9.857360,11.195292,13.967673,40.344856,10.871685,12.996512,0.000000,175.000000,4.000000,,,,0.000000,4.000000,4.000000,4.000000,4.000000,4.000000,4.000000,4.000000,4.000000,4.000000,4.000000,4.000000,4.000000,4.000000,4.000000,4.000000,4.000000,4.000000,4.000000,2.000000,4.000000,4.000000,4.000000,4.000000,4.000000,4.000000,4.000000,4.000000,4.000000,4.000000,4.000000,4.000000,4.000000,83.333336
1614076759.529390,69.000000,0.000000,5.615576,-6.184604,-22.663925,-12.445914,-29.503988,-15.449912,2.036595,-10.071401,-15.475943,-17.039923,-7.071073,1.051483,-4.702064,-10.365005,-10.614573,-13.869710,-6.392406,30.695236,-0.473139,-20.021406,-1.934833,-20.723795,-0.887865,11.524608,23.188465,24.157024,10.360323,10.671275,12.928065,40.817333,10.347993,14.009157,0.000000,195.000000,4.000000,,,,0.000000,4.000000,4.000000,4.000000,4.000000,4.000000,4.000000,4.000000,4.000000,4.000000,4.000000,4.000000,4.000000,4.000000,4.000000,4.000000,4.000000,4.000000,4.000000,2.000000,4.000000,4.000000,4.000000,4.000000,4.000000,4.000000,4.000000,4.000000,4.000000,4.000000,4.000000,4.000000,4.000000,83.333336
1614076759.537139,70.000000,0.000000,8.686884,-3.101496,-20.077160,-11.920648,-28.961664,-14.921642,4.598661,-9.035688,-15.973287,-13.945959,5.243690,5.665816,1.969305,-1.636691,0.678092,18.451853,-2.283450,49.126080,-6.113692,-19.488565,-6.548283,3.912314,4.754049,9.461802,23.678097,26.696970,10.862783,11.686245,13.940778,41.289337,9.824824,13.995148,0.000000,165.000000,4.000000,,,,0.000000,4.000000,4.000000,4.000000,4.000000,4.000000,4.000000,4.000000,4.000000,4.000000,4.000000,4.000000,4.000000,4.000000,4.000000,4.000000,4.000000,4.000000,4.000000,2.000000,4.000000,4.000000,4.000000,4.000000,4.000000,4.000000,4.000000,4.000000,4.000000,4.000000,4.000000,4.000000,4.000000,83.333336
1614076759.544988,71.000000,0.000000,7.652555,-2.585574,-27.236570,-15.498470,-29.958344,-16.445183,5.619703,-5.949729,-15.444493,-13.932014,-0.915400,5.147329,0.941694,-2.660696,2.728696,11.253913,1.308577,41.384644,-5.594758,-18.956257,-6.028914,5.446864,5.262115,7.913878,22.628778,23.080530,10.339100,12.187380,12.388375,40.735226,5.199615,10.391409,0.000000,148.000000,4.000000,,,,0.000000,4.000000,4.000000,2.000000,4.000000,4.000000,4.000000,4.000000,4.000000,4.000000,4.000000,4.000000,4.000000,4.000000,4.000000,4.000000,4.000000,4.000000,4.000000,2.000000,4.000000,4.000000,4.000000,4.000000,4.000000,4.000000,4.000000,4.000000,4.000000,4.000000,4.000000,4.000000,4.000000,66.666664
1614076759.552738,72.000000,0.000000,2.516698,-2.582989,-39.004204,-20.098356,-31.979668,-18.480019,3.049981,-7.995062,-15.429049,-14.430902,-13.734997,0.013977,-7.264375,-15.991368,-15.735571,-21.065033,-0.231193,15.189414,-4.050702,-19.962940,-5.510065,-7.891917,2.179930,7.393143,23.118971,18.954885,10.841581,7.046987,9.811885,40.181671,2.117492,6.791274,0.000000,194.000000,4.000000,,,,0.000000,4.000000,4.000000,2.000000,4.000000,4.000000,4.000000,4.000000,4.000000,4.000000,4.000000,4.000000,4.000000,4.000000,4.000000,4.000000,4.000000,4.000000,4.000000,2.000000,4.000000,4.000000,4.000000,4.000000,4.000000,4.000000,4.000000,4.000000,4.000000,4.000000,4.000000,4.000000,4.000000,66.666664
1614076759.560587,73.000000,0.000000,1.488540,-0.016303,-35.375458,-20.591078,-32.973328,-17.435898,0.995649,-10.038349,-15.413619,-13.903650,-9.618698,-5.627063,-11.872496,-12.385633,-21.873682,-24.633711,-2.795064,12.097301,-9.687676,-19.430157,-6.017375,-6.858384,-0.386353,7.898571,23.608671,19.961571,10.830740,4.475838,9.802073,42.192772,3.141016,6.271662,0.000000,197.000000,4.000000,,,,0.000000,4.000000,4.000000,2.000000,4.000000,4.000000,4.000000,4.000000,4.000000,4.000000,4.000000,4.000000,4.000000,4.000000,4.000000,4.000000,4.000000,4.000000,4.000000,2.000000,4.000000,4.000000,4.000000,4.000000,4.000000,4.000000,4.000000,4.000000,4.000000,4.000000,4.000000,4.000000,4.000000,66.666664
1614076759.568336,74.000000,0.000000,1.487052,-1.041928,-24.570850,-19.544846,-32.940353,-14.854360,1.507474,-9.002669,-15.398206,-13.889747,-4.993695,-7.159897,-11.347803,0.447265,-10.569757,8.211434,-3.817910,29.008282,-7.626707,-18.897907,-6.011358,-2.748961,-1.411607,7.890672,20.508141,17.890327,7.230166,9.599566,9.279450,38.560837,3.137875,5.239749,0.000000,178.000000,4.000000,,,,0.000000,4.000000,4.000000,2.000000,4.000000,4.000000,4.000000,4.000000,4.000000,4.000000,4.000000,4.000000,4.000000,4.000000,4.000000,4.000000,4.000000,4.000000,4.000000,2.000000,4.000000,4.000000,4.000000,4.000000,4.000000,4.000000,4.000000,4.000000,4.000000,4.000000,4.000000,4.000000,4.000000,66.666664
1614076759.576185,75.000000,0.000000,-1.078538,-5.656271,-25.571920,-22.089405,-32.907413,-15.352325,1.505967,-10.019308,-15.382808,-14.388678,-10.629726,-8.178378,-11.336455,-4.168567,-12.097649,12.305787,-5.865375,37.184402,3.662971,-18.879009,-5.492526,-3.259033,-1.923016,7.882782,14.333786,10.692950,2.094730,8.564326,5.680427,24.163300,3.134737,2.670407,0.000000,198.000000,4.000000,,,,0.000000,4.000000,4.000000,2.000000,4.000000,4.000000,4.000000,4.000000,4.000000,4.000000,4.000000,4.000000,4.000000,4.000000,4.000000,4.000000,4.000000,4.000000,4.000000,2.000000,4.000000,4.000000,4.000000,4.000000,4.000000,4.000000,4.000000,4.000000,4.000000,4.000000,4.000000,4.000000,4.000000,66.666664
1614076759.583934,76.000000,0.000000,-2.103100,-7.189076,-30.161734,-24.631418,-32.874508,-15.336973,1.504461,-13.086211,-15.880245,-14.374290,-12.157558,-10.734303,-11.837939,-15.446449,-21.829140,-11.296262,-6.885150,27.916447,-1.981717,-18.860130,-5.487033,-4.281415,-1.921093,7.874899,11.242529,7.092513,-0.984287,0.350634,2.597824,13.882727,2.105961,1.129275,0.000000,194.000000,4.000000,,,,0.000000,4.000000,4.000000,2.000000,4.000000,4.000000,4.000000,4.000000,4.000000,4.000000,4.000000,4.000000,4.000000,4.000000,4.000000,4.000000,4.000000,4.000000,4.000000,2.000000,4.000000,4.000000,4.000000,4.000000,4.000000,4.000000,4.000000,4.000000,4.000000,4.000000,4.000000,4.000000,4.000000,66.666664
1614076759.591583,77.000000,0.000000,-4.152279,-6.156246,-29.618752,-24.606787,-32.841633,-15.321636,1.502956,-14.098766,-15.351544,-14.359915,-12.145401,-10.723568,-11.826101,-15.943824,-23.345774,-11.284966,-6.878265,12.503916,-16.338711,-19.354090,-5.481546,-7.866877,-1.919172,7.867024,11.744106,8.623882,-0.983303,-1.188179,2.082405,16.945766,2.616676,-1.435956,0.000000,188.000000,4.000000,,,,0.000000,4.000000,4.000000,2.000000,4.000000,4.000000,4.000000,4.000000,4.000000,4.000000,4.000000,4.000000,4.000000,4.000000,4.000000,4.000000,4.000000,4.000000,4.000000,2.000000,4.000000,4.000000,4.000000,4.000000,4.000000,4.000000,4.000000,4.000000,4.000000,4.000000,4.000000,4.000000,4.000000,66.666664
1614076759.599332,78.000000,0.000000,-8.763512,-6.150089,-30.101954,-23.043718,-32.808792,-15.306314,1.501453,-10.494924,-13.284911,-14.345555,-10.081973,-10.200024,-10.788634,-10.799674,-20.245504,-2.555732,-6.358566,14.542694,-10.168525,-18.309095,-5.476065,-9.910292,-1.917253,7.859157,11.732363,8.615258,-0.982320,0.864292,2.593143,22.057026,4.152521,-5.024264,0.000000,202.000000,4.000000,,,,0.000000,4.000000,4.000000,2.000000,4.000000,4.000000,4.000000,4.000000,4.000000,4.000000,4.000000,4.000000,4.000000,4.000000,4.000000,4.000000,4.000000,4.000000,4.000000,2.000000,4.000000,4.000000,4.000000,4.000000,4.000000,4.000000,4.000000,4.000000,4.000000,4.000000,4.000000,4.000000,4.000000,66.666664
1614076759.606981,79.000000,0.000000,-10.293210,-7.169580,-33.661594,-24.046314,-32.263161,-15.291008,2.012772,-7.920327,-11.220344,-14.331209,0.184519,-10.702644,-8.726563,-4.635029,-17.661156,1.549388,-5.839387,34.015331,2.149336,-17.777966,-5.470589,-4.259356,-1.915336,5.800015,11.720631,8.093822,-0.468517,-0.162214,2.590550,19.983686,0.045804,-8.096163,0.000000,203.000000,4.000000,,,,0.000000,4.000000,4.000000,2.000000,4.000000,4.000000,4.000000,4.000000,4.000000,4.000000,4.000000,4.000000,4.000000,4.000000,4.000000,4.000000,4.000000,4.000000,4.000000,2.000000,4.000000,4.000000,4.000000,4.000000,4.000000,4.000000,4.000000,4.000000,4.000000,4.000000,4.000000,4.000000,4.000000,66.666664
1614076759.614730,80.000000,0.000000,-9.257276,-6.136770,-33.627934,-24.535089,-32.743717,-15.788538,2.010759,-12.014970,-11.209124,-13.804058,1.722796,-8.127839,-7.692195,-3.604753,-16.617853,3.086300,-7.372009,46.289009,2.147186,-20.324289,-5.465118,0.873108,-1.913420,4.255754,11.708910,8.598550,-1.493689,0.350769,2.075139,17.399601,-4.569626,-9.113708,0.000000,202.000000,4.000000,,,,0.000000,4.000000,4.000000,2.000000,4.000000,4.000000,4.000000,4.000000,4.000000,4.000000,4.000000,4.000000,4.000000,4.000000,4.000000,4.000000,4.000000,4.000000,4.000000,2.000000,4.000000,4.000000,4.000000,4.000000,4.000000,4.000000,4.000000,4.000000,4.000000,4.000000,4.000000,4.000000,4.000000,66.666664
1614076759.622379,81.000000,0.000000,-9.760839,-2.028069,-28.466101,-17.843887,-32.198154,-15.259929,0.983108,-13.028596,-11.710735,-14.815894,-2.381491,-3.504327,-6.658863,-4.113968,-10.447390,3.596034,-6.851817,51.883743,8.811706,-17.227043,-5.459653,-0.153406,-2.424327,3.738678,11.697201,8.589951,0.559086,2.401700,2.585885,18.407843,4.152892,-3.976389,0.000000,191.000000,4.000000,,,,0.000000,4.000000,4.000000,2.000000,4.000000,4.000000,4.000000,4.000000,4.000000,4.000000,4.000000,4.000000,4.000000,4.000000,4.000000,4.000000,4.000000,4.000000,4.000000,2.000000,4.000000,4.000000,4.000000,4.000000,4.000000,4.000000,4.000000,4.000000,4.000000,4.000000,4.000000,4.000000,4.000000,66.666664
1614076759.630128,82.000000,0.000000,-8.212616,3.614985,-25.360710,-9.620915,-30.114674,-10.629284,2.007766,-6.348901,-11.186204,-14.288259,2.236275,-1.962361,-4.088101,4.095274,4.947673,15.900130,-0.691119,53.370323,13.418279,-7.979046,-5.454194,-0.666073,-1.396262,4.247760,12.198324,8.068541,5.686732,4.450581,2.583299,21.466358,14.405149,2.181434,0.000000,199.000000,4.000000,,,,0.000000,4.000000,4.000000,2.000000,4.000000,4.000000,4.000000,4.000000,4.000000,4.000000,4.000000,4.000000,4.000000,4.000000,4.000000,4.000000,4.000000,4.000000,4.000000,2.000000,4.000000,4.000000,4.000000,4.000000,4.000000,4.000000,4.000000,4.000000,4.000000,4.000000,4.000000,4.000000,4.000000,66.666664
1614076759.637778,83.000000,0.000000,-5.640301,5.149831,-25.848171,-8.072833,-29.571739,-7.541732,2.005758,-9.932296,-11.687838,-14.273970,-2.894166,-4.011681,-3.571192,1.014256,2.891443,14.858589,-0.690428,27.163105,-3.518216,-11.560811,-5.448739,0.360234,-2.933327,4.243512,11.673306,8.573293,7.219507,6.497412,2.067895,22.470531,14.903564,3.204893,0.000000,193.000000,4.000000,,,,0.000000,4.000000,4.000000,2.000000,4.000000,4.000000,4.000000,4.000000,4.000000,4.000000,4.000000,4.000000,4.000000,4.000000,4.000000,4.000000,4.000000,4.000000,4.000000,2.000000,4.000000,4.000000,4.000000,4.000000,4.000000,4.000000,4.000000,4.000000,4.000000,4.000000,4.000000,4.000000,4.000000,66.666664
1614076759.645527,84.000000,0.000000,-5.121840,4.631861,-25.822323,-9.603222,-29.029346,-8.047010,-4.150094,-20.178774,-12.188971,-16.823799,-18.788708,-6.058951,-6.131724,-18.473938,-18.137089,-17.463961,-8.382045,-1.582006,-16.848032,-23.856943,-5.443291,-0.152947,-6.520137,3.726448,11.661632,8.564719,4.135365,7.516556,2.578647,22.448061,12.837379,2.688868,0.000000,220.000000,4.000000,,,,0.000000,4.000000,4.000000,2.000000,4.000000,4.000000,4.000000,4.000000,4.000000,4.000000,4.000000,4.000000,4.000000,4.000000,4.000000,4.000000,4.000000,4.000000,4.000000,2.000000,4.000000,4.000000,4.000000,4.000000,4.000000,4.000000,4.000000,4.000000,4.000000,4.000000,4.000000,4.000000,4.000000,66.666664
1614076759.653176,85.000000,0.000000,-5.629539,5.140049,-25.283680,-8.567977,-29.000319,-8.038963,-9.786969,-14.517570,-11.663961,-17.319796,-15.180176,-7.078533,-7.151233,-17.942644,-19.657413,-28.728548,-8.373663,9.188807,-7.087594,-20.756163,-5.950668,-0.152794,-3.436694,4.235542,13.701252,7.530513,2.592768,8.534680,4.627351,22.938435,14.363004,3.198999,0.000000,203.000000,4.000000,,,,0.000000,4.000000,4.000000,2.000000,4.000000,4.000000,4.000000,4.000000,4.000000,4.000000,4.000000,4.000000,4.000000,4.000000,4.000000,4.000000,4.000000,4.000000,4.000000,2.000000,4.000000,4.000000,4.000000,4.000000,4.000000,4.000000,4.000000,4.000000,4.000000,4.000000,4.000000,4.000000,4.000000,66.666664
1614076759.660925,86.000000,0.000000,-5.623909,5.134910,-25.771217,-8.559409,-29.996958,-8.030925,-8.238721,-2.708180,-11.652297,-11.148629,-4.395765,-6.045814,-5.092800,1.049658,-4.253141,4.120693,-0.160161,32.256542,-1.439481,-10.478996,-4.919076,-0.665461,3.746230,6.795409,15.738833,9.574265,3.615816,10.577428,6.674006,22.402676,14.348640,3.195801,0.000000,191.000000,4.000000,,,,0.000000,4.000000,4.000000,2.000000,4.000000,4.000000,4.000000,4.000000,4.000000,4.000000,4.000000,4.000000,4.000000,4.000000,4.000000,4.000000,4.000000,4.000000,4.000000,2.000000,4.000000,4.000000,4.000000,4.000000,4.000000,4.000000,4.000000,4.000000,4.000000,4.000000,4.000000,4.000000,4.000000,66.666664
1614076759.668574,87.000000,0.000000,-5.618286,4.616954,-25.232624,-9.063670,-25.351578,-6.997252,-6.179200,-1.167010,-12.153465,-4.470814,-4.391369,-3.475665,-0.985143,8.740916,-2.197606,25.655033,1.378461,35.301208,-3.489323,-11.494158,-2.862875,-0.151975,5.793766,8.327075,15.723094,14.180076,3.099380,11.592491,6.154511,22.893093,13.821471,2.679784,0.000000,190.000000,4.000000,,,,0.000000,4.000000,4.000000,2.000000,4.000000,4.000000,4.000000,4.000000,4.000000,4.000000,4.000000,4.000000,4.000000,4.000000,4.000000,4.000000,4.000000,4.000000,4.000000,2.000000,4.000000,4.000000,4.000000,4.000000,4.000000,4.000000,4.000000,4.000000,4.000000,4.000000,4.000000,4.000000,4.000000,66.666664
1614076759.676323,88.000000,0.000000,-5.612667,5.125158,-21.104828,-7.003325,-15.069815,-3.400512,-5.147380,-0.653023,-8.551568,0.661862,7.920715,-2.959369,4.144047,13.347560,-0.144126,24.603737,1.377082,37.830009,7.283397,-11.995484,-1.321550,1.899459,5.787971,7.805927,15.707371,16.729998,3.096280,11.068078,6.148356,22.870199,13.807650,2.677104,0.000000,221.000000,4.000000,,,,0.000000,4.000000,4.000000,2.000000,4.000000,4.000000,4.000000,4.000000,4.000000,4.000000,4.000000,4.000000,4.000000,4.000000,4.000000,4.000000,4.000000,4.000000,4.000000,2.000000,4.000000,4.000000,4.000000,4.000000,4.000000,4.000000,4.000000,4.000000,4.000000,4.000000,4.000000,4.000000,4.000000,66.666664
1614076759.683972,89.000000,0.000000,-5.607055,5.120033,-17.493980,-5.457860,-9.413719,-0.833009,0.498793,2.424553,-2.389171,4.763764,22.784590,-2.956410,7.729647,22.564981,5.497044,27.143236,4.965449,47.535767,13.429959,-9.932207,-1.320229,3.948841,6.807825,7.798121,16.204485,15.687627,3.093184,11.057011,6.655029,18.231945,14.306663,3.187248,0.000000,206.000000,4.000000,,,,0.000000,4.000000,4.000000,2.000000,4.000000,4.000000,4.000000,4.000000,4.000000,4.000000,4.000000,4.000000,4.000000,4.000000,4.000000,4.000000,4.000000,4.000000,4.000000,2.000000,4.000000,4.000000,4.000000,4.000000,4.000000,4.000000,4.000000,4.000000,4.000000,4.000000,4.000000,4.000000,4.000000,66.666664
1614076759.691721,90.000000,0.000000,-5.601448,4.089272,-17.989305,-4.939581,-9.917127,-0.319355,3.062397,2.422129,0.177321,4.246180,9.428471,-2.953453,8.234737,13.824468,-2.200761,12.244298,4.960484,46.462593,-0.942445,-16.076120,-2.344550,3.944892,1.159991,8.303144,16.188280,16.184759,3.090091,11.558774,5.109912,11.547047,13.779535,3.184061,0.000000,124.000000,4.000000,,,,0.000000,4.000000,4.000000,2.000000,4.000000,4.000000,4.000000,4.000000,4.000000,4.000000,4.000000,4.000000,4.000000,4.000000,4.000000,4.000000,4.000000,4.000000,4.000000,2.000000,4.000000,4.000000,4.000000,4.000000,4.000000,4.000000,4.000000,4.000000,4.000000,4.000000,4.000000,4.000000,4.000000,66.666664
1614076759.699371,91.000000,0.000000,-5.595846,1.521080,-18.484137,-5.447463,-10.420030,-0.319036,1.520873,1.906886,-0.848497,1.677831,-3.914291,-2.437679,6.688042,5.605515,-2.198560,-1.101280,5.468343,49.493053,-2.479964,-17.085686,-1.316564,3.940948,0.646011,6.243559,16.172092,16.168575,3.087001,10.008754,3.053520,10.509858,13.765756,2.668056,0.000000,203.000000,4.000000,,,,0.000000,4.000000,4.000000,2.000000,4.000000,4.000000,4.000000,4.000000,4.000000,4.000000,4.000000,4.000000,4.000000,4.000000,4.000000,4.000000,4.000000,4.000000,4.000000,2.000000,4.000000,4.000000,4.000000,4.000000,4.000000,4.000000,4.000000,4.000000,4.000000,4.000000,4.000000,4.000000,4.000000,66.666664
1614076759.707220,92.000000,0.000000,-5.590250,-1.044544,-17.952833,-5.442015,-9.896790,-0.831537,4.596275,1.904979,-0.334828,3.214615,7.371675,-2.435241,8.732635,16.881960,14.726715,22.489565,9.565439,62.776894,14.445593,-5.273728,1.248855,3.424186,7.824852,4.186033,16.155920,14.613945,3.083914,7.947463,2.024826,11.524989,14.777631,3.178208,0.000000,166.000000,4.000000,,,,0.000000,4.000000,4.000000,2.000000,4.000000,4.000000,4.000000,4.000000,4.000000,4.000000,4.000000,4.000000,4.000000,4.000000,4.000000,4.000000,4.000000,4.000000,4.000000,2.000000,4.000000,4.000000,4.000000,4.000000,4.000000,4.000000,4.000000,4.000000,4.000000,4.000000,4.000000,4.000000,4.000000,66.666664
1614076759.714969,93.000000,0.000000,-5.584660,-2.581961,-17.934879,-5.436573,-9.886892,-0.317885,6.642961,-0.148208,0.178327,5.262682,8.902764,-2.432806,8.211082,15.326617,12.147886,23.492716,6.478951,55.021809,14.431148,-5.781275,1.247606,3.933582,5.765745,4.181847,13.062840,12.548049,3.593650,7.426694,2.535621,11.000644,12.198751,2.662210,0.000000,198.000000,4.000000,,,,0.000000,4.000000,4.000000,2.000000,4.000000,4.000000,4.000000,4.000000,4.000000,4.000000,4.000000,4.000000,4.000000,4.000000,4.000000,4.000000,4.000000,4.000000,4.000000,2.000000,4.000000,4.000000,4.000000,4.000000,4.000000,4.000000,4.000000,4.000000,4.000000,4.000000,4.000000,4.000000,4.000000,66.666664
1614076759.722818,94.000000,0.000000,-5.579075,-3.092200,-18.429766,-5.431136,-10.389826,0.195253,-4.132913,-2.199342,-1.873133,1.667676,-7.516395,-2.943194,-3.592000,-3.663069,-10.428365,-8.838469,-4.809579,27.274479,-4.557642,-20.647289,-0.804924,4.442469,-3.470790,5.203306,7.921573,7.407296,3.590057,5.880806,2.533086,11.502463,5.519886,-1.443017,0.000000,197.000000,4.000000,,,,0.000000,4.000000,4.000000,2.000000,4.000000,4.000000,4.000000,4.000000,4.000000,4.000000,4.000000,4.000000,4.000000,4.000000,4.000000,4.000000,4.000000,4.000000,4.000000,2.000000,4.000000,4.000000,4.000000,4.000000,4.000000,4.000000,4.000000,4.000000,4.000000,4.000000,4.000000,4.000000,4.000000,66.666664
1614076759.730567,95.000000,0.000000,-5.573496,-2.576287,-18.411335,-5.425705,-15.507642,-4.420327,-13.872370,-2.709963,-4.948183,-6.539120,-13.662724,-3.965892,-15.383280,-9.300431,-15.033320,-8.829630,-7.881693,22.118999,-12.245393,-25.754847,-1.829760,0.848283,-6.031422,3.146821,3.811087,1.758862,2.048005,3.310823,2.530553,10.465321,2.437443,-5.031317,0.000000,190.000000,4.000000,,,,0.000000,4.000000,4.000000,2.000000,4.000000,4.000000,4.000000,4.000000,4.000000,4.000000,4.000000,4.000000,4.000000,4.000000,4.000000,4.000000,4.000000,4.000000,4.000000,2.000000,4.000000,4.000000,4.000000,4.000000,4.000000,4.000000,4.000000,4.000000,4.000000,4.000000,4.000000,4.000000,4.000000,66.666664
1614076759.738416,96.000000,0.000000,-5.567923,-2.573710,-18.392925,-5.420280,-21.133160,-11.082573,-11.294394,-2.194432,-7.507338,-16.276171,-10.059318,-7.551670,-15.880717,-6.214208,-12.454185,23.999712,-4.284068,36.455853,-8.130583,-28.293194,-4.904853,-5.819232,-10.127954,1.605213,0.217532,0.218642,0.507495,3.820333,2.528022,8.403573,2.947826,-5.026286,8064.000000,0.000000,4.000000,,,,0.000000,4.000000,4.000000,2.000000,4.000000,4.000000,4.000000,4.000000,4.000000,4.000000,4.000000,4.000000,4.000000,4.000000,4.000000,4.000000,4.000000,4.000000,4.000000,2.000000,4.000000,4.000000,4.000000,4.000000,4.000000,4.000000,4.000000,4.000000,4.000000,4.000000,4.000000,4.000000,4.000000,66.666664
1614076759.746165,97.000000,0.000000,-5.562355,-2.571137,-18.374531,-5.414859,-22.137667,-12.609952,-9.231818,-2.192238,-9.551112,-21.388100,-12.613361,-14.723605,-16.890478,-12.874660,-28.339167,7.565456,-10.433630,20.521963,-10.686555,-44.675156,-11.566615,-8.377515,-19.348597,0.577966,-2.346788,-0.294397,-1.031474,4.329333,2.525494,7.369528,0.893596,-3.995619,8064.000000,0.000000,4.000000,,,,0.000000,4.000000,4.000000,2.000000,4.000000,4.000000,4.000000,4.000000,4.000000,4.000000,4.000000,4.000000,4.000000,4.000000,4.000000,4.000000,4.000000,4.000000,4.000000,2.000000,4.000000,4.000000,4.000000,4.000000,4.000000,4.000000,4.000000,4.000000,4.000000,4.000000,4.000000,4.000000,4.000000,66.666664
1614076759.754014,98.000000,0.000000,-5.556792,-2.568566,-18.356157,-5.409444,-21.602709,-11.058881,-10.248228,-2.190046,-11.592843,-21.879532,-15.677671,-16.760164,-18.924870,-19.015631,-40.618519,-24.749802,-22.730888,-9.754970,-16.829714,-54.886894,-16.683254,-6.830676,-21.893351,-4.550817,-4.395723,-2.858205,-4.620186,-1.316022,3.035789,7.874979,-1.158580,-4.504444,8064.000000,0.000000,4.000000,,,,0.000000,4.000000,4.000000,2.000000,4.000000,4.000000,4.000000,4.000000,4.000000,4.000000,4.000000,4.000000,4.000000,4.000000,4.000000,4.000000,4.000000,4.000000,4.000000,2.000000,4.000000,4.000000,4.000000,4.000000,4.000000,4.000000,4.000000,4.000000,4.000000,4.000000,4.000000,4.000000,4.000000,66.666664
1614076759.761763,99.000000,0.000000,-5.551236,-2.565997,-18.337801,-5.404035,-22.093927,-11.560642,-4.596954,-2.187855,-12.094071,-21.857653,-15.149173,-12.128018,-14.290560,-15.919693,-29.808670,-9.340436,-23.733799,2.562477,-14.761602,-48.165340,-19.743494,-8.362307,-19.307354,-10.187291,-5.929789,-3.368167,-7.692489,-7.468552,2.519933,7.867104,-1.157421,-5.012760,8064.000000,0.000000,4.000000,,,,0.000000,4.000000,4.000000,2.000000,4.000000,4.000000,4.000000,4.000000,4.000000,4.000000,4.000000,4.000000,4.000000,4.000000,4.000000,4.000000,4.000000,4.000000,4.000000,2.000000,4.000000,4.000000,4.000000,4.000000,4.000000,4.000000,4.000000,4.000000,4.000000,4.000000,4.000000,4.000000,4.000000,66.666664
1614076759.769612,100.000000,0.000000,-5.032864,-2.563431,-18.319464,-5.398631,-22.071833,-12.061902,2.074310,-1.672847,-11.569157,-21.322973,-14.621203,-9.551788,-10.173705,-13.339670,-19.009630,11.181725,-17.556219,28.713760,-5.003252,-40.937687,-20.236570,-7.328303,-20.313688,-11.202745,-6.436680,-2.339158,-8.197617,-7.461084,3.030233,7.346416,-0.643443,-3.982106,8064.000000,0.000000,4.000000,,,,0.000000,4.000000,4.000000,2.000000,4.000000,4.000000,4.000000,4.000000,4.000000,4.000000,4.000000,4.000000,4.000000,4.000000,4.000000,4.000000,4.000000,4.000000,4.000000,2.000000,4.000000,4.000000,4.000000,4.000000,4.000000,4.000000,4.000000,4.000000,4.000000,4.000000,4.000000,4.000000,4.000000,66.666664
1614076759.777361,101.000000,0.000000,-5.540652,-2.048047,-18.301144,-5.393232,-21.536942,-11.537020,2.585056,-1.671174,-11.557588,-19.250370,-14.606582,-10.055057,-11.701993,-14.351972,-20.529083,-4.726893,-16.513021,17.402996,-0.382864,-40.383926,-19.703512,-6.295334,-20.293373,-10.165901,-5.917423,-2.336819,-8.189419,-6.940802,3.027203,7.851891,-0.129979,-4.490944,8064.000000,0.000000,4.000000,,,,0.000000,4.000000,4.000000,2.000000,4.000000,4.000000,4.000000,4.000000,4.000000,4.000000,4.000000,4.000000,4.000000,4.000000,4.000000,4.000000,4.000000,4.000000,4.000000,2.000000,4.000000,4.000000,4.000000,4.000000,4.000000,4.000000,4.000000,4.000000,4.000000,4.000000,4.000000,4.000000,4.000000,66.666664
1614076759.785210,102.000000,0.000000,-5.022290,-2.045999,-18.282843,-5.387839,-22.028225,-11.525482,2.069650,-3.720785,-12.058850,-17.692657,-15.104795,-10.045002,-11.177470,-15.876081,-22.559835,-4.722166,-18.034969,10.206106,-2.433763,-40.343544,-20.196630,-12.442885,-19.760260,-10.668556,-5.911505,-2.334482,-7.155589,-7.446682,-0.052747,7.844039,-0.642670,-7.050556,8064.000000,0.000000,4.000000,,,,0.000000,4.000000,4.000000,2.000000,4.000000,4.000000,4.000000,4.000000,4.000000,4.000000,4.000000,4.000000,4.000000,4.000000,4.000000,4.000000,4.000000,4.000000,4.000000,2.000000,4.000000,4.000000,4.000000,4.000000,4.000000,4.000000,4.000000,4.000000,4.000000,4.000000,4.000000,4.000000,4.000000,66.666664
1614076759.792959,103.000000,0.000000,-5.017268,-4.095235,-18.264559,-5.382451,-21.493376,-11.513957,0.529119,-5.255526,-12.559612,-17.674965,-15.089691,-11.573419,-10.653473,-14.321744,-19.460352,22.974865,-16.991295,34.298462,-1.918509,-39.790379,-20.176434,-12.430442,-19.740499,-10.657887,-5.905594,-2.332148,-5.097151,-7.439235,-4.155259,7.836195,-4.744591,-8.581966,8064.000000,0.000000,4.000000,,,,0.000000,4.000000,4.000000,2.000000,4.000000,4.000000,4.000000,4.000000,4.000000,4.000000,4.000000,4.000000,4.000000,4.000000,4.000000,4.000000,4.000000,4.000000,4.000000,2.000000,4.000000,4.000000,4.000000,4.000000,4.000000,4.000000,4.000000,4.000000,4.000000,4.000000,4.000000,4.000000,4.000000,66.666664
1614076759.800808,104.000000,0.000000,-8.601995,-6.142422,-16.195013,-5.377069,-19.420601,-11.502443,-4.086794,-7.301552,-11.521411,-17.657290,-14.561781,-13.613127,-18.335127,-13.281781,-19.953712,18.849325,-16.461483,39.905190,-0.890949,-39.750591,-19.643436,-0.623140,-19.720758,-10.647230,-5.899688,-2.329816,-3.553592,-6.918975,-5.176744,7.315538,-3.714206,-8.060564,8064.000000,0.000000,4.000000,,,,0.000000,4.000000,4.000000,2.000000,4.000000,4.000000,4.000000,4.000000,4.000000,4.000000,4.000000,4.000000,4.000000,4.000000,4.000000,4.000000,4.000000,4.000000,4.000000,2.000000,4.000000,4.000000,4.000000,4.000000,4.000000,4.000000,4.000000,4.000000,4.000000,4.000000,4.000000,4.000000,4.000000,66.666664
1614076759.808557,105.000000,0.000000,-12.695956,-6.136280,-14.127536,-5.371692,-18.375538,-11.490941,-6.133990,-12.935277,-11.509890,-18.665274,-15.060040,-13.599514,-22.932177,-15.832602,-21.985041,-11.938755,-16.957842,21.916569,-3.966981,-39.710838,-19.623793,2.967227,-19.701038,-9.610942,-5.893788,-2.327486,-4.062859,-6.912056,-4.658747,7.821043,-1.146389,-8.052504,8064.000000,0.000000,4.000000,,,,0.000000,4.000000,4.000000,2.000000,4.000000,4.000000,4.000000,4.000000,4.000000,4.000000,4.000000,4.000000,4.000000,4.000000,4.000000,4.000000,4.000000,4.000000,4.000000,2.000000,4.000000,4.000000,4.000000,4.000000,4.000000,4.000000,4.000000,4.000000,4.000000,4.000000,4.000000,4.000000,4.000000,66.666664
1614076759.816206,106.000000,0.000000,-13.196081,-6.642964,-14.113408,-5.366320,-17.331522,-11.479449,-6.127856,-13.435162,-13.036841,-15.056865,-14.019339,-13.585915,-16.242577,-9.150103,-16.834850,-7.824252,-16.940884,22.407473,-5.501476,-36.594204,-20.116989,-5.240869,-19.681337,-7.037228,-5.887895,-2.837979,-4.058796,-6.905144,-4.654088,7.813222,-9.350370,-8.044451,8064.000000,0.000000,4.000000,,,,0.000000,4.000000,4.000000,2.000000,4.000000,4.000000,4.000000,4.000000,4.000000,4.000000,4.000000,4.000000,4.000000,4.000000,4.000000,4.000000,4.000000,4.000000,4.000000,2.000000,4.000000,4.000000,4.000000,4.000000,4.000000,4.000000,4.000000,4.000000,4.000000,4.000000,4.000000,4.000000,4.000000,66.666664
1614076759.823955,107.000000,0.000000,-12.670065,-9.200423,-14.612116,-5.360954,-15.262908,-11.467970,-5.608907,-4.703778,-7.382779,-6.836679,-9.902755,-14.085149,-8.021207,11.884688,-5.535965,20.901522,-16.923943,32.128654,-1.393410,-33.480690,-17.532770,-7.799730,-19.661655,-6.004550,-5.882007,-2.322320,-4.054738,-7.411060,-5.162255,7.292588,-12.930764,-8.036407,8064.000000,0.000000,4.000000,,,,0.000000,4.000000,4.000000,2.000000,4.000000,4.000000,4.000000,4.000000,4.000000,4.000000,4.000000,4.000000,4.000000,4.000000,4.000000,4.000000,4.000000,4.000000,4.000000,2.000000,4.000000,4.000000,4.000000,4.000000,4.000000,4.000000,4.000000,4.000000,4.000000,4.000000,4.000000,4.000000,4.000000,66.666664
1614076759.831605,108.000000,0.000000,-13.170215,-10.216864,-14.597504,-5.355593,-14.222004,-11.456502,-4.064837,2.480413,4.419476,-2.214458,-4.764647,-13.045423,-5.449083,23.667675,-0.402224,22.419081,-16.907019,31.583704,1.684906,-32.934387,-12.899853,-7.791931,-20.154816,-6.511366,-5.876125,-2.319998,-4.050683,-6.890828,-4.644272,8.310937,0.928321,-8.028370,8064.000000,0.000000,4.000000,,,,0.000000,4.000000,4.000000,2.000000,4.000000,4.000000,4.000000,4.000000,4.000000,4.000000,4.000000,4.000000,4.000000,4.000000,4.000000,4.000000,4.000000,4.000000,4.000000,2.000000,4.000000,4.000000,4.000000,4.000000,4.000000,4.000000,4.000000,4.000000,4.000000,4.000000,4.000000,4.000000,4.000000,66.666664
1614076759.839354,109.000000,0.000000,-9.567301,-9.693827,-14.582906,-5.350237,-13.182141,-9.393764,-2.009490,1.965112,8.004800,-2.725064,-3.221421,-10.468275,-3.905172,16.977341,-1.940283,15.729995,-16.890112,34.629044,2.708863,-27.773247,-9.810030,-6.245677,-18.596199,-6.504854,-5.870249,-3.343319,-4.046632,-5.345476,-4.639628,10.866729,7.081238,-8.020342,8064.000000,0.000000,4.000000,,,,0.000000,4.000000,4.000000,2.000000,4.000000,4.000000,4.000000,4.000000,4.000000,4.000000,4.000000,4.000000,4.000000,4.000000,4.000000,4.000000,4.000000,4.000000,4.000000,2.000000,4.000000,4.000000,4.000000,4.000000,4.000000,4.000000,4.000000,4.000000,4.000000,4.000000,4.000000,4.000000,4.000000,66.666664
1614076759.847003,110.000000,0.000000,-4.942349,-10.196953,-15.081143,-5.344887,-8.553575,-7.845909,-2.007481,0.937506,6.458333,-3.235160,-3.731020,-9.432165,-3.388447,11.319338,-2.451164,29.560419,-16.873222,40.235439,4.244615,-21.591627,-8.774579,-0.085585,-13.962217,-5.985529,-3.813096,-0.263053,-4.042585,-3.288848,-5.147809,11.368682,-0.105330,-8.525142,8064.000000,0.000000,4.000000,,,,0.000000,4.000000,4.000000,2.000000,4.000000,4.000000,4.000000,4.000000,4.000000,4.000000,4.000000,4.000000,4.000000,4.000000,4.000000,4.000000,4.000000,4.000000,4.000000,2.000000,4.000000,4.000000,4.000000,4.000000,4.000000,4.000000,4.000000,4.000000,4.000000,4.000000,4.000000,4.000000,4.000000,66.666664
1614076759.854752,111.000000,0.000000,-5.450227,-10.186756,-14.553242,-5.852363,-5.980918,-7.838063,-2.005473,1.962209,7.477516,-2.719104,-3.727289,-9.935554,-3.385058,11.308019,-3.987174,32.094959,-16.856348,41.220848,5.778832,-21.570036,-8.765804,-6.752166,-11.896974,-6.492364,-1.758001,4.865416,-4.038543,-1.234277,-4.629840,11.357313,-1.643686,-8.003797,8064.000000,0.000000,4.000000,,,,0.000000,4.000000,4.000000,2.000000,4.000000,4.000000,4.000000,4.000000,4.000000,4.000000,4.000000,4.000000,4.000000,4.000000,4.000000,4.000000,4.000000,4.000000,4.000000,2.000000,4.000000,4.000000,4.000000,4.000000,4.000000,4.000000,4.000000,4.000000,4.000000,4.000000,4.000000,4.000000,4.000000,66.666664
1614076759.862401,112.000000,0.000000,-5.957598,-9.663749,-14.538689,-5.846510,-7.000578,-7.830225,-2.003468,1.960247,5.418756,-3.229205,-3.210741,-9.925618,-3.381673,9.245429,-5.521648,15.139790,-16.326672,43.743729,5.773053,-24.112570,-8.244218,-20.591568,-12.910717,-6.485872,-2.269064,3.322088,-4.034504,0.305418,-2.061108,11.345956,-1.129222,-7.995793,8064.000000,0.000000,4.000000,,,,0.000000,4.000000,4.000000,2.000000,4.000000,4.000000,4.000000,4.000000,4.000000,4.000000,4.000000,4.000000,4.000000,4.000000,4.000000,4.000000,4.000000,4.000000,4.000000,2.000000,4.000000,4.000000,4.000000,4.000000,4.000000,4.000000,4.000000,4.000000,4.000000,4.000000,4.000000,4.000000,4.000000,66.666664
1614076759.870150,113.000000,0.000000,-3.900358,-10.166905,-15.036970,-5.327843,-6.993578,-8.335215,-2.001464,1.445467,-2.791790,-3.225976,-3.720351,-9.402872,-3.378291,8.210543,-5.003306,7.432342,-18.361628,38.058960,6.280101,-25.114098,-8.235973,-15.955592,-11.872166,-6.479386,-4.318077,-1.809439,-4.030470,0.817934,-1.033406,9.796148,-4.717836,-8.500617,8064.000000,0.000000,4.000000,,,,0.000000,4.000000,4.000000,2.000000,4.000000,4.000000,4.000000,4.000000,4.000000,4.000000,4.000000,4.000000,4.000000,4.000000,4.000000,4.000000,4.000000,4.000000,4.000000,2.000000,4.000000,4.000000,4.000000,4.000000,4.000000,4.000000,4.000000,4.000000,4.000000,4.000000,4.000000,4.000000,4.000000,66.666664
1614076759.877799,114.000000,0.000000,-7.486201,-8.618278,-13.996292,-4.809695,-4.422482,-6.788418,-1.999463,1.444021,-5.865921,-3.222750,-3.716631,-9.906290,-3.374913,7.689511,-7.049585,11.014653,-20.394547,26.226028,5.761000,-29.704369,-9.253379,-7.734508,-12.373114,-6.472906,-5.852220,-2.833270,-4.026439,0.304295,-1.032372,7.735070,-1.636195,-7.466476,8064.000000,0.000000,4.000000,,,,0.000000,4.000000,4.000000,2.000000,4.000000,4.000000,4.000000,4.000000,4.000000,4.000000,4.000000,4.000000,4.000000,4.000000,4.000000,4.000000,4.000000,4.000000,4.000000,2.000000,4.000000,4.000000,4.000000,4.000000,4.000000,4.000000,4.000000,4.000000,4.000000,4.000000,4.000000,4.000000,4.000000,66.666664
1614076759.885548,115.000000,0.000000,-12.606920,-3.481454,-9.366912,-1.215142,-2.879598,-2.166245,-2.510284,1.442577,-2.783133,-3.732348,-3.712914,-9.896383,-3.884359,6.143360,-4.478433,19.208767,-20.886972,40.558777,5.242419,-29.674664,-7.705664,-7.213953,-12.873562,-6.466434,-5.846368,-2.317616,-4.022413,0.303991,1.019942,7.214515,6.057748,-1.817984,8064.000000,0.000000,4.000000,,,,0.000000,4.000000,4.000000,2.000000,4.000000,4.000000,4.000000,4.000000,4.000000,4.000000,4.000000,4.000000,4.000000,4.000000,4.000000,4.000000,4.000000,4.000000,4.000000,2.000000,4.000000,4.000000,4.000000,4.000000,4.000000,4.000000,4.000000,4.000000,4.000000,4.000000,4.000000,4.000000,4.000000,66.666664
1614076759.893198,116.000000,0.000000,-5.414826,1.137412,-4.742160,3.914279,-3.389539,-0.112797,-1.994953,1.441134,-0.729068,-3.728616,-3.709201,-7.835205,-3.367654,9.214140,2.705533,24.830584,-20.353266,62.569500,7.288458,-24.516783,-4.621035,-0.540072,-6.706842,-5.434326,-5.840521,-2.315299,-4.018391,0.303687,3.070204,7.720121,7.590152,2.799219,8064.000000,0.000000,4.000000,,,,0.000000,4.000000,4.000000,2.000000,4.000000,4.000000,4.000000,4.000000,4.000000,4.000000,4.000000,4.000000,4.000000,4.000000,4.000000,4.000000,4.000000,4.000000,4.000000,2.000000,4.000000,4.000000,4.000000,4.000000,4.000000,4.000000,4.000000,4.000000,4.000000,4.000000,4.000000,4.000000,4.000000,66.666664
1614076759.901047,117.000000,0.000000,2.282897,1.649095,-3.198956,5.961647,-3.386149,-0.625504,1.083965,1.439693,-1.241159,-3.212066,-3.705492,-5.776088,-3.877107,5.102362,-4.989480,5.318573,-19.820091,40.455647,2.665785,-25.517908,-7.180517,1.511750,-1.059109,-2.864789,-5.321860,-2.825804,-4.014372,0.303383,3.067134,7.712401,6.044101,3.309240,8064.000000,0.000000,4.000000,,,,0.000000,4.000000,4.000000,2.000000,4.000000,4.000000,4.000000,4.000000,4.000000,4.000000,4.000000,4.000000,4.000000,4.000000,4.000000,4.000000,4.000000,4.000000,4.000000,2.000000,4.000000,4.000000,4.000000,4.000000,4.000000,4.000000,4.000000,4.000000,4.000000,4.000000,4.000000,4.000000,4.000000,66.666664
1614076759.908796,118.000000,0.000000,-3.360412,0.108985,-3.708578,5.955685,-3.382763,-0.624879,1.595702,1.438254,-0.727097,-3.721675,-3.701787,-6.283132,-8.488614,-12.338638,-19.856285,-19.814951,-20.825912,8.107500,-10.157393,-31.646236,-14.865644,-5.669249,-4.647794,-2.349104,-8.393461,-2.822978,-4.010358,-0.209741,3.064067,7.704688,7.063697,2.793110,8064.000000,0.000000,4.000000,,,,0.000000,4.000000,4.000000,2.000000,4.000000,4.000000,4.000000,4.000000,4.000000,4.000000,4.000000,4.000000,4.000000,4.000000,4.000000,4.000000,4.000000,4.000000,4.000000,2.000000,4.000000,4.000000,4.000000,4.000000,4.000000,4.000000,4.000000,4.000000,4.000000,4.000000,4.000000,4.000000,4.000000,66.666664
1614076759.916645,119.000000,0.000000,-9.510898,2.672978,-3.192049,5.436909,-3.379380,-0.624254,1.081285,1.949636,-0.726370,-3.717953,-3.698085,-6.276849,-12.069869,-16.428864,-17.785147,-9.538725,-20.292267,26.048111,-11.685698,-31.614590,-16.902060,2.028728,-9.258531,-4.398036,-13.513273,-1.794514,-4.006347,0.303290,2.548182,7.696984,6.030993,3.303138,8064.000000,0.000000,4.000000,,,,0.000000,4.000000,4.000000,2.000000,4.000000,4.000000,4.000000,4.000000,4.000000,4.000000,4.000000,4.000000,4.000000,4.000000,4.000000,4.000000,4.000000,4.000000,4.000000,2.000000,4.000000,4.000000,4.000000,4.000000,4.000000,4.000000,4.000000,4.000000,4.000000,4.000000,4.000000,4.000000,4.000000,66.666664
1614076759.924394,120.000000,0.000000,-6.424464,7.285690,-3.701677,5.944293,-3.376001,-0.623630,4.669948,1.947686,-0.725644,-0.124492,-3.694386,-6.270572,-11.032158,1.023463,-13.664798,7.393890,-17.195051,45.509243,-6.032986,-32.095795,-14.833876,6.129263,-8.223631,-6.444921,-12.474119,0.771383,-3.489521,2.867089,3.058455,7.689287,3.460859,3.299835,8064.000000,0.000000,4.000000,,,,0.000000,4.000000,4.000000,2.000000,4.000000,4.000000,4.000000,4.000000,4.000000,4.000000,4.000000,4.000000,4.000000,4.000000,4.000000,4.000000,4.000000,4.000000,4.000000,2.000000,4.000000,4.000000,4.000000,4.000000,4.000000,4.000000,4.000000,4.000000,4.000000,4.000000,4.000000,4.000000,4.000000,66.666664
1614076759.932243,121.000000,0.000000,-4.366757,8.304045,-3.697976,5.425528,-3.885445,1.428276,8.767842,0.920098,-0.724918,3.978197,-3.690692,-6.264302,-11.533947,9.227568,-20.317801,2.771112,-17.690676,15.720143,-12.180799,-38.730366,-18.921606,-16.440969,-9.753869,-6.438476,-9.384722,1.796252,-3.998852,4.402683,3.568217,8.707238,2.431757,3.296535,8064.000000,0.000000,4.000000,,,,0.000000,4.000000,4.000000,2.000000,4.000000,4.000000,4.000000,4.000000,4.000000,4.000000,4.000000,4.000000,4.000000,4.000000,4.000000,4.000000,4.000000,4.000000,4.000000,2.000000,4.000000,4.000000,4.000000,4.000000,4.000000,4.000000,4.000000,4.000000,4.000000,4.000000,4.000000,4.000000,4.000000,66.666664
1614076759.939992,122.000000,0.000000,-5.900852,5.218818,-3.694278,5.420102,-3.368739,2.965309,7.220613,1.431998,-0.724193,4.487039,-3.687001,-6.258038,-11.522412,4.602955,-16.194918,11.999110,-20.237089,4.422371,-15.758362,-42.281380,-24.030890,-28.219400,-13.333858,-6.432037,-11.426620,1.281636,-6.046134,3.372639,-0.537916,6.647249,2.942146,2.267597,8064.000000,0.000000,4.000000,,,,0.000000,4.000000,4.000000,2.000000,4.000000,4.000000,4.000000,4.000000,4.000000,4.000000,4.000000,4.000000,4.000000,4.000000,4.000000,4.000000,4.000000,4.000000,4.000000,2.000000,4.000000,4.000000,4.000000,4.000000,4.000000,4.000000,4.000000,4.000000,4.000000,4.000000,4.000000,4.000000,4.000000,66.666664
1614076759.947841,123.000000,0.000000,-5.894951,4.187958,-4.203404,5.414682,-1.314089,2.962344,4.649289,1.943387,-1.236290,3.969732,-3.683315,-6.251779,-4.331403,3.572711,-0.794108,36.602497,-17.652748,37.238461,-3.947732,-37.623714,-22.468397,-12.806564,-12.807704,-6.425605,-13.466475,1.793175,-7.578550,3.882087,-4.639942,4.589320,3.452024,2.778150,8064.000000,0.000000,4.000000,,,,0.000000,4.000000,4.000000,2.000000,4.000000,4.000000,4.000000,4.000000,4.000000,4.000000,4.000000,4.000000,4.000000,4.000000,4.000000,4.000000,4.000000,4.000000,4.000000,2.000000,4.000000,4.000000,4.000000,4.000000,4.000000,4.000000,4.000000,4.000000,4.000000,4.000000,4.000000,4.000000,4.000000,66.666664
1614076759.955590,124.000000,0.000000,-5.376236,5.209411,-3.686380,5.409267,-0.287133,2.959382,5.157461,-3.186762,-1.747874,3.965762,-3.679631,-6.245528,3.365236,4.081959,3.309250,32.463329,-13.532532,51.560200,2.210062,-35.021988,-19.369005,-4.588630,-12.282076,-6.419180,-12.940187,1.791381,-7.570971,4.903846,-4.122481,4.584731,1.910111,3.801013,8064.000000,0.000000,4.000000,,,,0.000000,4.000000,4.000000,2.000000,4.000000,4.000000,4.000000,4.000000,4.000000,4.000000,4.000000,4.000000,4.000000,4.000000,4.000000,4.000000,4.000000,4.000000,4.000000,2.000000,4.000000,4.000000,4.000000,4.000000,4.000000,4.000000,4.000000,4.000000,4.000000,4.000000,4.000000,4.000000,4.000000,66.666664
1614076759.963439,125.000000,0.000000,-5.370860,4.691381,-1.118591,5.403858,0.225974,2.956422,5.665123,-5.234857,-0.720485,3.961796,-3.675951,-6.239282,4.387512,6.129159,1.254659,19.097532,-11.980537,30.482996,-3.433174,-35.499786,-18.836817,-6.635324,-13.295435,-6.412761,-12.414427,-0.774513,-8.076221,-0.229263,-7.195282,1.503223,-0.143081,-1.843814,8064.000000,0.000000,4.000000,,,,0.000000,4.000000,4.000000,2.000000,4.000000,4.000000,4.000000,4.000000,4.000000,4.000000,4.000000,4.000000,4.000000,4.000000,4.000000,4.000000,4.000000,4.000000,4.000000,2.000000,4.000000,4.000000,4.000000,4.000000,4.000000,4.000000,4.000000,4.000000,4.000000,4.000000,4.000000,4.000000,4.000000,66.666664
1614076759.971188,126.000000,0.000000,-5.365489,4.686690,0.420989,4.885633,0.225748,2.953466,5.146638,1.437044,-0.206944,3.957834,-3.672276,-6.233043,3.357483,10.225595,2.279046,22.155357,-7.865993,23.785847,-5.993843,-31.361723,-19.330801,-4.064586,-10.718037,-6.406348,-12.914833,-2.312200,-4.991222,-3.305956,-11.290651,-5.677768,-1.168579,-8.508636,8064.000000,0.000000,4.000000,,,,0.000000,4.000000,4.000000,2.000000,4.000000,4.000000,4.000000,4.000000,4.000000,4.000000,4.000000,4.000000,4.000000,4.000000,4.000000,4.000000,4.000000,4.000000,4.000000,2.000000,4.000000,4.000000,4.000000,4.000000,4.000000,4.000000,4.000000,4.000000,4.000000,4.000000,4.000000,4.000000,4.000000,66.666664
1614076759.979037,127.000000,0.000000,-5.872944,4.682003,-0.605073,5.393569,-0.800119,4.488974,5.141491,6.050992,-2.258019,3.441056,-4.181424,-6.226810,3.866946,7.138445,0.225484,6.748587,-4.781204,25.813343,-2.910926,-25.689335,-19.311470,-4.573341,-4.553473,-3.835839,-12.901918,-2.822708,1.167616,1.312734,-6.663976,-7.723372,-0.654590,-4.397563,8064.000000,0.000000,4.000000,,,,0.000000,4.000000,4.000000,2.000000,4.000000,4.000000,4.000000,4.000000,4.000000,4.000000,4.000000,4.000000,4.000000,4.000000,4.000000,4.000000,4.000000,4.000000,4.000000,2.000000,4.000000,4.000000,4.000000,4.000000,4.000000,4.000000,4.000000,4.000000,4.000000,4.000000,4.000000,4.000000,4.000000,66.666664
1614076759.986786,0.000000,0.000000,-4.841430,5.190142,-0.604468,7.439457,1.764784,6.535767,5.136350,5.532120,3.385265,3.950436,-3.664422,-6.220583,3.863079,0.977461,-5.415767,-16.847904,-5.289243,24.761889,1.707369,-23.099543,-18.779337,-5.594409,-0.446355,-2.293541,-12.889016,-1.794244,2.704910,4.901165,-0.503465,-5.664367,-0.653935,3.811962,0.000000,191.000000,4.000000,,,,0.000000,4.000000,4.000000,2.000000,4.000000,4.000000,4.000000,4.000000,4.000000,4.000000,4.000000,4.000000,4.000000,4.000000,4.000000,4.000000,4.000000,4.000000,4.000000,2.000000,4.000000,4.000000,4.000000,4.000000,4.000000,4.000000,4.000000,4.000000,4.000000,4.000000,4.000000,4.000000,4.000000,66.666664
1614076759.994635,1.000000,0.000000,-2.785306,5.697772,4.011521,9.996120,8.942507,7.042052,5.131214,5.526588,15.176751,8.049049,-1.609475,-6.214362,3.346396,2.002125,-6.948812,3.168943,-5.283954,38.583282,2.731303,-24.614904,-19.273378,-5.588815,-0.958729,-2.291248,-12.363307,-2.305270,0.650923,4.383443,-3.067065,-6.684343,0.372359,3.808150,0.000000,190.000000,4.000000,,,,0.000000,4.000000,4.000000,2.000000,4.000000,4.000000,4.000000,4.000000,4.000000,4.000000,4.000000,4.000000,4.000000,4.000000,4.000000,4.000000,4.000000,4.000000,4.000000,2.000000,4.000000,4.000000,4.000000,4.000000,4.000000,4.000000,4.000000,4.000000,4.000000,4.000000,4.000000,4.000000,4.000000,66.666664
1614076760.002384,2.000000,0.000000,-1.244059,3.640792,7.597253,8.960483,12.523308,6.522189,5.638903,3.469779,16.700035,11.630744,0.443416,-6.208148,3.343049,4.051404,-5.916223,30.858082,-6.817132,44.185722,-9.579121,-31.256956,-22.331028,-14.813995,-3.009053,-1.776136,-12.863764,-4.354247,-1.913831,3.866239,-5.115280,-10.780223,-1.166474,1.753060,0.000000,199.000000,4.000000,,,,0.000000,4.000000,4.000000,2.000000,4.000000,4.000000,4.000000,4.000000,4.000000,4.000000,4.000000,4.000000,4.000000,4.000000,4.000000,4.000000,4.000000,4.000000,4.000000,2.000000,4.000000,4.000000,4.000000,4.000000,4.000000,4.000000,4.000000,4.000000,4.000000,4.000000,4.000000,4.000000,4.000000,66.666664
1614076760.010233,3.000000,0.000000,-1.755636,2.098690,7.076836,8.438702,9.946682,6.515667,5.120443,-1.661895,7.452567,10.593472,-0.069848,-6.201940,3.339706,3.534533,-5.910306,11.340044,-11.938519,23.115896,-16.749029,-37.892368,-23.334339,-20.440207,-5.057326,-3.825642,-15.415003,-6.401175,-5.501661,4.375194,-4.084523,-9.743802,-1.678128,4.315410,0.000000,187.000000,4.000000,,,,0.000000,4.000000,4.000000,2.000000,4.000000,4.000000,4.000000,4.000000,4.000000,4.000000,4.000000,4.000000,4.000000,4.000000,4.000000,4.000000,4.000000,4.000000,4.000000,2.000000,4.000000,4.000000,4.000000,4.000000,4.000000,4.000000,4.000000,4.000000,4.000000,4.000000,4.000000,4.000000,4.000000,66.666664
1614076760.017982,4.000000,0.000000,-1.753880,1.583771,7.582579,10.481545,11.475197,7.021972,5.628143,-2.173054,5.906652,12.121340,-0.069778,-6.195738,3.336367,4.556639,-6.417217,-12.261040,-12.952222,8.220985,-4.424588,-40.418575,-22.798183,-16.317202,-4.026628,-8.950022,-15.912408,-5.369133,-8.060262,4.883639,-5.106080,-10.246879,1.400473,1.746992,0.000000,201.000000,4.000000,,,,0.000000,4.000000,4.000000,2.000000,4.000000,4.000000,4.000000,4.000000,4.000000,4.000000,4.000000,4.000000,4.000000,4.000000,4.000000,4.000000,4.000000,4.000000,4.000000,2.000000,4.000000,4.000000,4.000000,4.000000,4.000000,4.000000,4.000000,4.000000,4.000000,4.000000,4.000000,4.000000,4.000000,66.666664
1614076760.025831,5.000000,0.000000,-1.239306,-3.546018,6.549356,5.342859,12.489363,5.989309,5.622515,-3.709342,6.413567,11.083578,0.443112,-6.189542,3.333030,0.449518,-5.897979,9.802504,-9.862347,13.853790,1.220863,-39.352516,-23.801025,-14.762424,-1.458498,-10.479533,-16.922136,-6.902225,-7.539381,3.340294,-8.177896,-20.493042,-4.754774,-10.049627,0.000000,197.000000,4.000000,,,,0.000000,4.000000,4.000000,2.000000,4.000000,4.000000,4.000000,4.000000,4.000000,4.000000,4.000000,4.000000,4.000000,4.000000,4.000000,4.000000,4.000000,4.000000,4.000000,2.000000,4.000000,4.000000,4.000000,4.000000,4.000000,4.000000,4.000000,4.000000,4.000000,4.000000,4.000000,4.000000,4.000000,66.666664
1614076760.033580,6.000000,0.000000,-3.289349,-10.209139,-0.123860,-4.918895,2.220463,3.419217,1.001508,-8.321018,0.766127,-2.773660,-1.608613,-6.183352,3.842518,-3.140675,-3.840799,34.408085,-8.826843,22.045065,-8.011127,-33.159317,-21.213123,-8.080995,-2.995501,-9.956233,-21.007778,-11.510708,-7.531841,-3.842534,-8.682539,-29.703318,-21.160276,-17.731886,0.000000,184.000000,4.000000,,,,0.000000,4.000000,4.000000,2.000000,4.000000,4.000000,4.000000,4.000000,4.000000,4.000000,4.000000,4.000000,4.000000,4.000000,4.000000,4.000000,4.000000,4.000000,4.000000,2.000000,4.000000,4.000000,4.000000,4.000000,4.000000,4.000000,4.000000,4.000000,4.000000,4.000000,4.000000,4.000000,4.000000,66.666664
1614076760.041429,7.000000,0.000000,-5.337341,-11.224570,-0.636557,-3.888335,-3.935604,2.390157,-2.589237,-8.312696,0.252541,-10.463194,-4.171107,-6.177169,3.325855,3.016312,-2.298496,20.014704,-9.843657,24.587122,-4.926193,-21.844109,-10.935499,0.645035,-4.530967,-9.946277,-15.858566,-14.063299,-8.037130,-7.941255,-8.161036,-24.545410,-19.600655,-15.662871,0.000000,187.000000,4.000000,,,,0.000000,4.000000,4.000000,4.000000,4.000000,4.000000,4.000000,4.000000,4.000000,4.000000,4.000000,4.000000,4.000000,4.000000,4.000000,4.000000,4.000000,4.000000,4.000000,2.000000,4.000000,4.000000,4.000000,4.000000,4.000000,4.000000,4.000000,4.000000,4.000000,4.000000,4.000000,4.000000,4.000000,83.333336
1614076760.049178,8.000000,0.000000,-5.844824,-9.162064,8.082028,6.884785,6.324742,3.926228,-2.073827,-6.253102,7.431775,-1.221961,-4.166936,-6.170992,2.809708,11.218424,-2.296198,2.045970,-9.320993,20.972792,8.412066,-15.668418,-4.257897,-9.612020,-1.962334,-10.449151,-6.611938,-13.023595,-7.516273,-6.907673,-8.152875,-17.341377,-3.170797,-11.544644,0.000000,194.000000,4.000000,,,,0.000000,4.000000,4.000000,4.000000,4.000000,4.000000,4.000000,4.000000,4.000000,4.000000,4.000000,4.000000,4.000000,4.000000,4.000000,4.000000,4.000000,4.000000,4.000000,2.000000,4.000000,4.000000,4.000000,4.000000,4.000000,4.000000,4.000000,4.000000,4.000000,4.000000,4.000000,4.000000,4.000000,83.333336
1614076760.056827,9.000000,0.000000,-5.326159,-10.691363,8.586766,9.954823,15.036366,5.973584,-4.123035,-6.759669,10.501266,4.420286,-3.649948,-6.164821,3.832540,12.232846,-1.781081,15.377258,-8.798852,23.515921,10.967757,-16.678391,-4.253639,-20.884459,-3.498833,-9.925881,-10.707891,-13.010571,-8.021577,-8.952047,-8.657543,-18.862497,-1.116344,-12.558741,0.000000,199.000000,4.000000,,,,0.000000,4.000000,4.000000,4.000000,4.000000,4.000000,4.000000,4.000000,4.000000,4.000000,4.000000,4.000000,4.000000,4.000000,4.000000,4.000000,4.000000,4.000000,4.000000,2.000000,4.000000,4.000000,4.000000,4.000000,4.000000,4.000000,4.000000,4.000000,4.000000,4.000000,4.000000,4.000000,4.000000,83.333336
1614076760.064576,10.000000,0.000000,-5.320833,-11.193493,-0.139769,6.867945,10.405945,6.480431,-6.170195,-3.163166,9.465124,0.313302,-4.159119,-6.158656,3.828707,11.194973,-2.804941,21.002907,-9.302874,31.697533,8.392687,-16.661713,-4.762206,-14.709729,-7.597898,-9.915956,-16.338207,-13.510382,-7.500735,-10.994377,-8.136065,-17.305174,-3.679330,-13.059003,0.000000,202.000000,4.000000,,,,0.000000,4.000000,4.000000,4.000000,4.000000,4.000000,4.000000,4.000000,4.000000,4.000000,4.000000,4.000000,4.000000,4.000000,4.000000,4.000000,4.000000,4.000000,4.000000,2.000000,4.000000,4.000000,4.000000,4.000000,4.000000,4.000000,4.000000,4.000000,4.000000,4.000000,4.000000,4.000000,4.000000,83.333336
1614076760.072226,11.000000,0.000000,-5.315512,-5.028453,1.398833,10.450821,11.934001,5.961130,1.015463,2.993843,9.455659,3.902732,-3.642139,-6.152498,-1.303327,8.619675,-5.879059,-2.607840,-9.293571,28.588913,9.922755,-16.645050,-3.731803,-11.105275,-7.077480,-9.906039,-8.629562,-12.984051,-7.493234,-6.367999,-5.563826,-11.134022,5.555119,-4.840816,0.000000,198.000000,4.000000,,,,0.000000,4.000000,4.000000,4.000000,4.000000,4.000000,4.000000,4.000000,4.000000,4.000000,4.000000,4.000000,4.000000,4.000000,4.000000,4.000000,4.000000,4.000000,4.000000,2.000000,4.000000,4.000000,4.000000,4.000000,4.000000,4.000000,4.000000,4.000000,4.000000,4.000000,4.000000,4.000000,4.000000,83.333336
1614076760.079975,12.000000,0.000000,-5.310197,2.668883,9.602562,14.542933,20.127195,5.955169,8.193934,2.478029,9.959023,11.078317,-1.587215,-6.146345,-2.840485,5.021312,-5.873180,3.035793,-9.797098,32.150066,8.374372,-16.628405,-4.240891,-9.555709,-5.019120,-9.896133,-3.492728,-13.483887,-8.511382,-3.797528,-4.532621,-10.097247,12.729051,5.420436,0.000000,189.000000,4.000000,,,,0.000000,4.000000,4.000000,4.000000,4.000000,4.000000,4.000000,4.000000,4.000000,4.000000,4.000000,4.000000,4.000000,4.000000,4.000000,4.000000,4.000000,4.000000,4.000000,2.000000,4.000000,4.000000,4.000000,4.000000,4.000000,4.000000,4.000000,4.000000,4.000000,4.000000,4.000000,4.000000,4.000000,83.333336
1614076760.087624,13.000000,0.000000,-5.304886,5.743137,11.131421,17.092493,22.158350,7.487675,9.211382,1.962730,12.000347,12.092879,-0.047166,-6.140199,5.367484,6.041932,-2.790384,35.853271,-9.274480,49.040993,5.801894,-16.611776,-4.749471,1.223078,-4.501281,-10.399058,-5.540517,-12.957582,-5.425947,-3.280910,-3.502448,-9.574329,10.665039,7.466297,0.000000,201.000000,4.000000,,,,0.000000,4.000000,4.000000,4.000000,4.000000,4.000000,4.000000,4.000000,4.000000,4.000000,4.000000,4.000000,4.000000,4.000000,4.000000,4.000000,4.000000,4.000000,4.000000,2.000000,4.000000,4.000000,4.000000,4.000000,4.000000,4.000000,4.000000,4.000000,4.000000,4.000000,4.000000,4.000000,4.000000,83.333336
1614076760.095373,14.000000,0.000000,-5.299582,6.763035,13.171572,20.665144,24.187473,12.095572,11.766273,7.088973,15.578091,10.542325,-0.047119,-6.646879,7.413398,7.061531,-4.326055,33.766136,-9.265205,43.863747,4.770451,-18.646446,-4.744722,0.196214,-2.445497,-9.363018,-3.483694,-7.303599,1.246145,2.363397,-1.447663,-2.898088,10.141554,7.458831,0.000000,204.000000,4.000000,,,,0.000000,4.000000,4.000000,4.000000,4.000000,4.000000,4.000000,4.000000,4.000000,4.000000,4.000000,4.000000,4.000000,4.000000,4.000000,4.000000,4.000000,4.000000,4.000000,2.000000,4.000000,4.000000,4.000000,4.000000,4.000000,4.000000,4.000000,4.000000,4.000000,4.000000,4.000000,4.000000,4.000000,83.333336
1614076760.103022,15.000000,0.000000,-5.807103,8.807554,17.773785,23.208582,28.265850,16.698860,16.369892,9.133165,17.100973,11.044603,-0.559892,-6.127412,-0.286323,7.054469,-5.860191,1.424676,-10.794402,26.383987,2.201578,-20.166262,-5.252798,-5.957829,-1.417411,-5.763911,-0.916108,-2.168091,4.321822,8.514879,-0.420575,2.233015,10.644233,10.528296,0.000000,202.000000,4.000000,,,,0.000000,4.000000,4.000000,4.000000,4.000000,4.000000,4.000000,4.000000,4.000000,4.000000,4.000000,4.000000,4.000000,4.000000,4.000000,4.000000,4.000000,4.000000,4.000000,2.000000,4.000000,4.000000,4.000000,4.000000,4.000000,4.000000,4.000000,4.000000,4.000000,4.000000,4.000000,4.000000,4.000000,83.333336
1614076760.110771,16.000000,0.000000,-5.288475,9.311567,18.781652,24.211014,29.776045,17.707804,16.866343,8.611212,17.083872,11.546379,-0.046512,-3.557182,1.252425,11.662799,-4.315869,3.987354,-7.193864,21.742218,-0.877546,-17.581993,-4.221904,5.843001,-0.903173,-2.681224,-0.915192,-1.653102,3.804680,8.506365,-0.932974,1.205141,10.633589,8.979305,0.000000,210.000000,4.000000,,,,0.000000,4.000000,4.000000,4.000000,4.000000,4.000000,4.000000,4.000000,4.000000,4.000000,4.000000,4.000000,4.000000,4.000000,4.000000,4.000000,4.000000,4.000000,4.000000,2.000000,4.000000,4.000000,4.000000,4.000000,4.000000,4.000000,4.000000,4.000000,4.000000,4.000000,4.000000,4.000000,4.000000,83.333336
1614076760.118420,17.000000,0.000000,-5.283186,8.276614,18.250050,26.750906,29.233450,17.177275,16.336655,9.115421,19.118071,13.586115,4.056098,-2.527983,8.943480,10.625496,-7.388476,6.034649,-2.571285,7.874322,-3.440771,-17.051590,-3.704861,7.375619,1.149012,-2.165722,-0.914277,-2.164269,3.288055,7.985038,-0.419221,1.203936,10.622955,7.431865,0.000000,178.000000,4.000000,,,,0.000000,4.000000,4.000000,4.000000,4.000000,4.000000,4.000000,4.000000,4.000000,4.000000,4.000000,4.000000,4.000000,4.000000,4.000000,4.000000,4.000000,4.000000,4.000000,2.000000,4.000000,4.000000,4.000000,4.000000,4.000000,4.000000,4.000000,4.000000,4.000000,4.000000,4.000000,4.000000,4.000000,83.333336
1614076760.126169,18.000000,0.000000,-5.790724,8.781158,17.206158,25.698515,29.204216,17.672918,15.807498,8.080665,21.150234,15.110991,9.180247,-2.525455,10.472999,6.512306,-4.304164,-12.432924,-2.568714,8.379269,-1.898869,-16.521719,-5.752439,-10.067654,2.173504,-2.676377,-3.477465,-1.649285,3.797587,7.977053,-0.418802,2.228373,9.586691,6.398792,0.000000,195.000000,4.000000,,,,0.000000,4.000000,4.000000,4.000000,4.000000,4.000000,4.000000,4.000000,4.000000,4.000000,4.000000,4.000000,4.000000,4.000000,4.000000,4.000000,4.000000,4.000000,4.000000,2.000000,4.000000,4.000000,4.000000,4.000000,4.000000,4.000000,4.000000,4.000000,4.000000,4.000000,4.000000,4.000000,4.000000,83.333336
1614076760.133819,19.000000,0.000000,-1.682369,9.285198,12.573567,20.544611,25.585268,17.655245,16.304510,10.123866,20.616264,14.583058,11.222349,2.092455,16.103552,17.787846,16.725780,17.323099,1.536419,41.191402,6.820979,-6.761607,-3.182583,-6.980663,3.709792,-2.160880,-4.499629,-1.647635,5.845072,7.969076,-0.931203,-0.850778,7.013002,0.751367,0.000000,196.000000,4.000000,,,,0.000000,4.000000,4.000000,4.000000,4.000000,4.000000,4.000000,4.000000,4.000000,4.000000,4.000000,4.000000,4.000000,4.000000,4.000000,4.000000,4.000000,4.000000,4.000000,2.000000,4.000000,4.000000,4.000000,4.000000,4.000000,4.000000,4.000000,4.000000,4.000000,4.000000,4.000000,4.000000,4.000000,83.333336
1614076760.141568,20.000000,0.000000,4.985980,7.224630,9.484071,19.498425,25.559683,17.124769,16.801027,17.806049,20.595648,14.568476,11.723948,8.244208,21.728474,24.949545,23.375721,50.126289,8.201549,43.714314,6.814157,-3.677922,1.948804,9.949395,6.270185,-2.671540,-5.007949,-1.645988,7.377688,8.473927,-0.417452,-1.875569,6.493168,-5.403230,0.000000,213.000000,4.000000,,,,0.000000,4.000000,4.000000,4.000000,4.000000,4.000000,4.000000,4.000000,4.000000,4.000000,4.000000,4.000000,4.000000,4.000000,4.000000,4.000000,4.000000,4.000000,4.000000,2.000000,4.000000,4.000000,4.000000,4.000000,4.000000,4.000000,4.000000,4.000000,4.000000,4.000000,4.000000,4.000000,4.000000,83.333336
1614076760.149217,21.000000,0.000000,4.980994,5.678945,9.987408,17.940464,25.534122,17.107645,13.707303,17.788244,20.575052,15.066728,10.686583,8.748785,10.937514,8.514338,-0.237398,17.768469,3.065142,11.362906,-9.602913,-18.546040,-2.155709,7.888163,0.622889,-2.668869,-13.720890,-3.182803,2.242105,5.388530,-1.442675,-2.899334,6.999496,-4.885006,0.000000,213.000000,4.000000,,,,0.000000,4.000000,4.000000,4.000000,4.000000,4.000000,4.000000,4.000000,4.000000,4.000000,4.000000,4.000000,4.000000,4.000000,4.000000,4.000000,4.000000,4.000000,4.000000,2.000000,4.000000,4.000000,4.000000,4.000000,4.000000,4.000000,4.000000,4.000000,4.000000,4.000000,4.000000,4.000000,4.000000,83.333336
1614076760.156966,22.000000,0.000000,-0.152192,4.647624,10.490241,13.307139,16.790640,17.603357,6.514108,9.052507,20.041656,13.513199,5.547691,5.663113,-1.381116,-5.340330,-13.570494,-14.556991,-8.732795,19.043852,-14.208694,-28.271084,-12.922784,1.213608,-8.095682,-2.666200,-23.963579,-7.282185,-3.913983,-1.796346,-6.056617,-11.101563,3.915573,-3.854481,0.000000,175.000000,4.000000,,,,0.000000,4.000000,4.000000,4.000000,4.000000,4.000000,4.000000,4.000000,4.000000,4.000000,4.000000,4.000000,4.000000,4.000000,4.000000,4.000000,4.000000,4.000000,4.000000,2.000000,4.000000,4.000000,4.000000,4.000000,4.000000,4.000000,4.000000,4.000000,4.000000,4.000000,4.000000,4.000000,4.000000,83.333336
1614076760.164615,23.000000,0.000000,-2.203322,1.566054,9.966930,11.242551,10.107183,14.508831,3.943492,4.428070,20.534435,10.935583,-0.098882,4.631809,-0.354094,-1.745246,-6.890257,5.970387,-10.775344,31.845320,-5.476537,-27.729992,-16.499605,-4.428631,-9.626048,-3.689174,-24.452436,-9.326184,-4.422889,-4.358652,-8.614663,-20.834051,-2.242189,-6.414729,0.000000,196.000000,4.000000,,,,0.000000,4.000000,4.000000,4.000000,4.000000,4.000000,4.000000,4.000000,4.000000,4.000000,4.000000,4.000000,4.000000,4.000000,4.000000,4.000000,4.000000,4.000000,4.000000,2.000000,4.000000,4.000000,4.000000,4.000000,4.000000,4.000000,4.000000,4.000000,4.000000,4.000000,4.000000,4.000000,4.000000,83.333336
1614076760.172464,24.000000,0.000000,-1.175478,-3.050897,9.956963,10.205667,14.712461,10.391758,4.965189,4.423642,20.513901,10.411827,-0.611604,5.139997,-1.379381,1.333422,-12.524392,4.938775,-9.226108,5.146809,-3.419779,-29.753544,-15.970284,-16.219074,-9.103601,-6.249588,-23.915163,-9.316858,-3.905646,-2.815832,-8.093228,-22.351679,-4.804049,-8.459596,0.000000,200.000000,4.000000,,,,0.000000,4.000000,4.000000,4.000000,4.000000,4.000000,4.000000,4.000000,4.000000,4.000000,4.000000,4.000000,4.000000,4.000000,4.000000,4.000000,4.000000,4.000000,4.000000,2.000000,4.000000,4.000000,4.000000,4.000000,4.000000,4.000000,4.000000,4.000000,4.000000,4.000000,4.000000,4.000000,4.000000,83.333336
1614076760.180213,25.000000,0.000000,-1.687123,-3.047846,10.972647,8.657000,17.774672,9.355725,4.960224,4.932039,18.954926,10.914236,-0.098172,4.622037,-1.378001,-1.232014,-16.101612,-1.732830,-9.216881,18.987816,5.814410,-21.005842,-14.415853,-12.613111,-8.581677,-6.756159,-23.891249,-9.307542,-4.414561,-4.351477,-8.597956,-20.278046,-4.286425,-7.938316,0.000000,205.000000,4.000000,,,,0.000000,4.000000,4.000000,4.000000,4.000000,4.000000,4.000000,4.000000,4.000000,4.000000,4.000000,4.000000,4.000000,4.000000,4.000000,4.000000,4.000000,4.000000,4.000000,2.000000,4.000000,4.000000,4.000000,4.000000,4.000000,4.000000,4.000000,4.000000,4.000000,4.000000,4.000000,4.000000,4.000000,83.333336
1614076760.188062,26.000000,0.000000,-2.198256,-2.531978,13.012957,12.238087,18.782537,9.346370,4.442443,4.927107,16.884689,10.903322,-0.610894,4.617415,11.956710,1.333321,-1.726535,22.371466,-5.617921,51.789341,18.116287,-5.087399,-9.786052,6.373861,-2.419250,-5.723762,-14.636588,-9.298234,-4.410146,-3.321485,-8.076537,-21.283407,-4.282138,-7.417557,0.000000,126.000000,4.000000,,,,0.000000,4.000000,4.000000,4.000000,4.000000,4.000000,4.000000,4.000000,4.000000,4.000000,4.000000,4.000000,4.000000,4.000000,4.000000,4.000000,4.000000,4.000000,4.000000,2.000000,4.000000,4.000000,4.000000,4.000000,4.000000,4.000000,4.000000,4.000000,4.000000,4.000000,4.000000,4.000000,4.000000,83.333336
1614076760.195811,27.000000,0.000000,-1.683237,-3.042266,14.538405,16.328413,22.866320,9.849844,4.950821,3.383718,18.406265,10.379598,-0.610283,4.612797,16.047318,3.896090,4.429038,16.195250,-2.022559,27.122168,3.739197,-7.646415,-9.263446,9.444410,2.711375,-3.153935,-7.442464,-8.776115,-3.892916,0.271580,-5.504358,-21.262125,-4.790677,-7.410140,0.000000,224.000000,4.000000,,,,0.000000,4.000000,4.000000,4.000000,4.000000,4.000000,4.000000,4.000000,4.000000,4.000000,4.000000,4.000000,4.000000,4.000000,4.000000,4.000000,4.000000,4.000000,4.000000,2.000000,4.000000,4.000000,4.000000,4.000000,4.000000,4.000000,4.000000,4.000000,4.000000,4.000000,4.000000,4.000000,4.000000,83.333336
1614076760.203660,28.000000,0.000000,-1.681554,-3.039224,14.011046,15.799263,24.381914,12.404097,4.945870,4.918796,20.951962,10.882039,-0.096853,4.608184,7.826142,4.917835,-0.190776,-10.487613,-1.507716,0.428378,-12.161978,-19.946461,-11.818285,0.717017,2.708663,-2.125140,-9.486303,-10.305800,-3.889023,-2.805614,-6.011674,-20.728043,-4.273065,-8.941191,0.000000,125.000000,4.000000,,,,0.000000,4.000000,4.000000,4.000000,4.000000,4.000000,4.000000,4.000000,4.000000,4.000000,4.000000,4.000000,4.000000,4.000000,4.000000,4.000000,4.000000,4.000000,4.000000,2.000000,4.000000,4.000000,2.000000,4.000000,4.000000,4.000000,4.000000,4.000000,4.000000,4.000000,4.000000,4.000000,4.000000,66.666664
1614076760.211409,29.000000,0.000000,-1.679872,-2.523364,13.997035,15.783464,21.280609,12.904513,4.940925,13.119005,19.905369,10.871157,-0.096756,4.603576,11.408059,6.964199,3.911979,0.804926,0.545074,13.761283,-3.431867,-21.464975,-10.780826,-0.309341,2.705955,-2.635836,-12.553741,-12.346777,-3.885134,-7.418193,-8.056944,-20.707314,-4.268792,-11.496352,0.000000,205.000000,4.000000,,,,0.000000,4.000000,4.000000,4.000000,4.000000,4.000000,4.000000,4.000000,4.000000,4.000000,4.000000,4.000000,4.000000,4.000000,4.000000,4.000000,4.000000,4.000000,4.000000,2.000000,4.000000,4.000000,2.000000,4.000000,4.000000,4.000000,4.000000,4.000000,4.000000,4.000000,4.000000,4.000000,4.000000,66.666664
1614076760.219258,30.000000,0.000000,-1.678192,-2.520841,13.983038,16.280500,20.746508,10.327506,4.935984,14.131527,17.834181,10.860286,-0.096659,4.598973,18.063318,7.982876,4.933708,14.137454,2.595811,6.055214,-2.915615,-20.417870,-13.846968,0.716609,0.651967,-2.120379,-12.028366,-13.360071,-3.881248,-4.846673,-8.048887,-20.686607,-4.264524,-11.484856,0.000000,202.000000,4.000000,,,,0.000000,4.000000,4.000000,4.000000,4.000000,4.000000,4.000000,4.000000,4.000000,4.000000,4.000000,4.000000,4.000000,4.000000,4.000000,4.000000,4.000000,4.000000,4.000000,2.000000,4.000000,4.000000,2.000000,4.000000,4.000000,4.000000,4.000000,4.000000,4.000000,4.000000,4.000000,4.000000,4.000000,66.666664
1614076760.227007,31.000000,0.000000,-1.676514,-2.518320,11.917773,14.212938,21.238583,9.291537,4.931048,5.399447,16.277885,10.849425,-0.096562,5.107194,6.763203,7.974893,-1.225072,10.020753,2.080394,6.049159,-8.040904,-24.500015,-21.012608,0.715893,-3.964070,-2.631079,-12.016337,-12.833891,-3.877367,0.286379,-7.528018,-20.665920,-4.260259,-12.499012,0.000000,189.000000,4.000000,,,,0.000000,4.000000,4.000000,4.000000,4.000000,4.000000,4.000000,4.000000,4.000000,4.000000,4.000000,4.000000,4.000000,4.000000,4.000000,4.000000,4.000000,4.000000,4.000000,2.000000,4.000000,4.000000,2.000000,4.000000,4.000000,4.000000,4.000000,4.000000,4.000000,4.000000,4.000000,4.000000,4.000000,66.666664
1614076760.234856,32.000000,0.000000,-1.674838,-2.515802,9.854573,11.634624,21.730164,9.795066,4.926116,5.906868,17.287249,10.838576,-0.096466,5.102087,-2.474329,7.454098,-0.711027,15.651757,2.078314,38.863621,6.326111,-24.475515,-23.555698,0.202356,-5.498567,-5.192551,-12.517142,-12.821056,-3.873490,0.798913,-8.033311,-20.645254,-4.255999,-15.050615,8064.000000,0.000000,4.000000,,,,0.000000,4.000000,4.000000,4.000000,4.000000,4.000000,4.000000,4.000000,4.000000,4.000000,4.000000,4.000000,4.000000,4.000000,4.000000,4.000000,4.000000,4.000000,4.000000,2.000000,4.000000,4.000000,2.000000,4.000000,4.000000,4.000000,4.000000,4.000000,4.000000,4.000000,4.000000,4.000000,4.000000,66.666664
1614076760.242605,33.000000,0.000000,-1.673163,-2.513286,9.844719,11.622989,23.759716,9.785272,4.921191,15.131730,19.321243,10.827738,-0.096369,4.584165,3.169171,7.446644,-0.197495,13.584824,2.076236,33.183731,7.345426,-24.963861,-23.532143,-6.464513,-4.980248,-6.725820,-12.504625,-12.808235,-3.869617,-0.227527,-8.025277,-20.624609,-4.251742,-12.471462,8064.000000,0.000000,4.000000,,,,0.000000,4.000000,4.000000,4.000000,4.000000,4.000000,4.000000,4.000000,4.000000,4.000000,4.000000,4.000000,4.000000,4.000000,4.000000,4.000000,4.000000,4.000000,4.000000,2.000000,4.000000,4.000000,2.000000,4.000000,4.000000,4.000000,4.000000,4.000000,4.000000,4.000000,4.000000,4.000000,4.000000,66.666664
1614076760.250454,34.000000,0.000000,-1.671490,-2.510773,10.347694,12.124186,24.761597,9.262666,4.916269,14.603778,20.327564,10.816910,-0.096273,5.092401,7.781386,8.464838,-4.299861,4.340470,1.048518,6.996703,-3.943971,-26.990179,-21.970148,-10.047791,-5.488089,-6.206274,-12.492120,-12.795427,-3.865747,0.285521,-8.017252,-20.603985,-4.247491,-7.843606,8064.000000,0.000000,4.000000,,,,0.000000,4.000000,4.000000,4.000000,4.000000,4.000000,4.000000,4.000000,4.000000,4.000000,4.000000,4.000000,4.000000,4.000000,4.000000,4.000000,4.000000,4.000000,4.000000,2.000000,4.000000,4.000000,2.000000,4.000000,4.000000,4.000000,4.000000,4.000000,4.000000,4.000000,4.000000,4.000000,4.000000,66.666664
1614076760.258204,35.000000,0.000000,-1.669818,-2.508262,9.824526,12.112062,24.736835,9.766223,4.911353,6.896867,20.307236,8.754810,-0.096177,5.087308,6.235143,5.892271,-5.321203,8.438693,-1.003812,24.425604,8.367665,-26.963188,-17.332794,-3.371078,-3.944139,-5.687247,-12.479629,-12.782632,-3.861881,0.798056,-8.009234,-20.583380,-4.243243,-7.322942,8064.000000,0.000000,4.000000,,,,0.000000,4.000000,4.000000,4.000000,4.000000,4.000000,4.000000,4.000000,4.000000,4.000000,4.000000,4.000000,4.000000,4.000000,4.000000,4.000000,4.000000,4.000000,4.000000,2.000000,4.000000,4.000000,2.000000,4.000000,4.000000,4.000000,4.000000,4.000000,4.000000,4.000000,4.000000,4.000000,4.000000,66.666664
1614076760.265953,36.000000,0.000000,-3.719430,-2.505754,10.327522,11.587130,25.224918,9.756457,4.906442,3.813047,20.286928,6.694774,-0.096081,1.492478,6.228908,-0.780288,-9.418446,0.737947,-4.079731,27.478102,10.410580,-27.961866,-14.751358,0.734858,-1.376092,-6.194380,-12.467149,-12.769850,-3.858019,0.284438,-8.001225,-20.562798,-3.726180,-7.828440,8064.000000,0.000000,4.000000,,,,0.000000,4.000000,4.000000,4.000000,4.000000,4.000000,4.000000,4.000000,4.000000,4.000000,4.000000,4.000000,4.000000,4.000000,4.000000,4.000000,4.000000,4.000000,4.000000,2.000000,4.000000,4.000000,2.000000,4.000000,4.000000,4.000000,4.000000,4.000000,4.000000,4.000000,4.000000,4.000000,4.000000,66.666664
1614076760.273702,37.000000,0.000000,-5.254173,-2.503248,10.317195,12.088363,22.635592,9.746700,4.901536,5.347695,20.266642,6.688079,-0.095984,-2.611579,6.735500,-4.369252,-13.511591,-10.544842,-5.101293,2.322418,-17.292139,-27.421083,-17.813530,-2.855621,-3.425998,-6.188186,-12.454681,-12.757079,-3.854161,0.284153,-7.993224,-20.542234,-4.235274,-7.307791,8064.000000,0.000000,4.000000,,,,0.000000,4.000000,4.000000,4.000000,4.000000,4.000000,4.000000,4.000000,4.000000,4.000000,4.000000,4.000000,4.000000,4.000000,4.000000,4.000000,4.000000,4.000000,4.000000,2.000000,4.000000,4.000000,2.000000,4.000000,4.000000,4.000000,4.000000,4.000000,4.000000,4.000000,4.000000,4.000000,4.000000,66.666664
1614076760.281351,38.000000,0.000000,-5.248919,-2.500745,10.306877,12.076274,17.484751,9.736954,4.896634,4.829527,20.246374,6.681391,-0.095888,-3.121788,7.241585,-4.364882,-8.369875,-1.816349,-5.096191,11.550865,-18.300488,-21.752638,-16.257256,-3.878406,-4.961034,-5.669177,-11.929406,-12.744323,-3.850307,0.283869,-7.985231,-20.521692,-4.231039,-10.890226,8064.000000,0.000000,4.000000,,,,0.000000,4.000000,4.000000,4.000000,4.000000,4.000000,4.000000,4.000000,4.000000,4.000000,4.000000,4.000000,4.000000,4.000000,4.000000,4.000000,4.000000,4.000000,4.000000,2.000000,4.000000,4.000000,2.000000,4.000000,4.000000,4.000000,4.000000,4.000000,4.000000,4.000000,4.000000,4.000000,4.000000,66.666664
1614076760.289100,39.000000,0.000000,-5.756490,-2.498244,9.783750,10.012916,16.441626,9.214396,4.891737,3.799057,19.713308,6.674710,-1.121434,-2.605846,6.721523,-4.873338,-10.925608,-8.994020,-8.168018,15.129058,4.794736,-24.294987,-15.728177,-3.874528,-4.956073,-5.663508,-12.430297,-12.731578,-3.846457,0.283585,-7.977246,-20.501169,-3.713987,-14.981900,8064.000000,0.000000,4.000000,,,,0.000000,4.000000,4.000000,4.000000,4.000000,4.000000,4.000000,4.000000,4.000000,4.000000,4.000000,4.000000,4.000000,4.000000,4.000000,4.000000,4.000000,4.000000,4.000000,2.000000,4.000000,4.000000,2.000000,4.000000,4.000000,4.000000,4.000000,4.000000,4.000000,4.000000,4.000000,4.000000,4.000000,66.666664
1614076760.296749,40.000000,0.000000,-5.237913,-2.495746,10.286787,8.464441,16.938004,9.718002,4.886846,4.820899,20.206415,7.180855,-0.607492,-3.116060,4.150699,-3.842824,-23.222374,-26.420923,-12.775235,-14.116840,1.713019,-35.552742,-20.840654,-6.434756,-9.566502,-7.709126,-12.417867,-12.718846,-3.842610,0.283302,-8.482089,-20.480669,-4.735914,-15.479739,8064.000000,0.000000,4.000000,,,,0.000000,4.000000,4.000000,4.000000,4.000000,4.000000,4.000000,4.000000,4.000000,4.000000,4.000000,4.000000,4.000000,4.000000,4.000000,4.000000,4.000000,4.000000,4.000000,2.000000,4.000000,4.000000,2.000000,4.000000,4.000000,4.000000,4.000000,4.000000,4.000000,4.000000,4.000000,4.000000,4.000000,66.666664
1614076760.304498,41.000000,0.000000,-4.719855,-2.493250,10.276500,10.507259,16.921066,9.195464,4.881958,5.328898,20.186209,6.148034,-0.094064,-3.112944,3.120907,-2.300519,-21.147869,-12.035527,-13.275280,-7.436057,-10.083566,-39.619755,-21.845455,-7.453962,-12.633858,-10.265520,-9.328526,-12.706127,-3.838768,0.283018,-7.960786,-20.460188,-8.833742,-14.951439,8064.000000,0.000000,4.000000,,,,0.000000,4.000000,4.000000,4.000000,4.000000,4.000000,4.000000,4.000000,4.000000,4.000000,4.000000,4.000000,4.000000,4.000000,4.000000,4.000000,4.000000,4.000000,4.000000,2.000000,4.000000,4.000000,2.000000,4.000000,4.000000,4.000000,4.000000,4.000000,4.000000,4.000000,4.000000,4.000000,4.000000,66.666664
1614076760.312147,42.000000,0.000000,-7.792058,-2.490757,9.240582,11.522393,17.416965,8.160627,3.851436,3.272287,19.653202,6.654706,-1.632431,-3.109831,4.656248,-0.759757,-8.819030,10.540610,-13.262005,22.827789,-7.509380,-37.016033,-17.721045,-6.933688,-8.005839,-9.742434,-9.832018,-12.693421,-4.347749,0.282735,-7.952826,-20.439728,-11.901832,-15.449307,8064.000000,0.000000,4.000000,,,,0.000000,4.000000,4.000000,4.000000,4.000000,4.000000,4.000000,4.000000,4.000000,4.000000,4.000000,4.000000,4.000000,4.000000,4.000000,4.000000,4.000000,4.000000,4.000000,2.000000,4.000000,4.000000,2.000000,4.000000,4.000000,4.000000,4.000000,4.000000,4.000000,4.000000,4.000000,4.000000,4.000000,66.666664
1614076760.319897,43.000000,0.000000,-7.784266,-3.001086,10.256983,13.049332,20.476471,11.229390,4.360404,7.371579,20.146370,12.289077,0.420483,-2.593901,6.190053,11.548695,-2.143544,23.863403,-13.248743,22.804962,-2.886486,-33.902092,-14.113581,-6.926754,-4.920910,-9.732692,-13.924750,-12.680728,-3.830581,0.282453,-8.970513,-20.932108,-11.889930,-15.433859,8064.000000,0.000000,4.000000,,,,0.000000,4.000000,4.000000,4.000000,4.000000,4.000000,4.000000,4.000000,4.000000,4.000000,4.000000,4.000000,4.000000,4.000000,4.000000,4.000000,4.000000,4.000000,4.000000,2.000000,4.000000,4.000000,2.000000,4.000000,4.000000,4.000000,4.000000,4.000000,4.000000,4.000000,4.000000,4.000000,4.000000,66.666664
1614076760.327546,44.000000,0.000000,-1.109815,-2.485265,12.810828,17.138847,26.609840,15.833546,7.432967,16.082157,22.177505,19.456276,10.163652,-0.027204,8.235145,29.998684,2.986805,37.685692,-12.722673,31.500105,9.424092,-23.098961,-5.381518,-6.919827,-4.403169,-10.748600,-15.962108,-12.668047,-1.262648,0.282170,-6.910261,-20.398355,-11.365219,-14.905604,8064.000000,0.000000,4.000000,,,,0.000000,4.000000,4.000000,4.000000,4.000000,4.000000,4.000000,4.000000,4.000000,4.000000,4.000000,4.000000,4.000000,4.000000,4.000000,4.000000,4.000000,4.000000,4.000000,2.000000,4.000000,4.000000,2.000000,4.000000,4.000000,4.000000,4.000000,4.000000,4.000000,4.000000,4.000000,4.000000,4.000000,66.666664
1614076760.335295,45.000000,0.000000,2.993859,-0.431497,13.310838,19.685810,31.198616,16.330532,8.451176,10.937869,23.693789,21.488100,18.871437,0.998464,10.278192,34.071251,6.573562,29.955700,-13.222772,49.417324,18.132618,-12.306631,3.341812,-7.425728,0.729439,-9.199389,-16.458965,-12.142559,0.277076,0.281888,-2.287966,-17.813856,-11.866674,-15.916340,8192.000000,0.000000,4.000000,,,,0.000000,4.000000,4.000000,4.000000,4.000000,4.000000,4.000000,4.000000,4.000000,4.000000,4.000000,4.000000,4.000000,4.000000,4.000000,4.000000,4.000000,4.000000,4.000000,2.000000,4.000000,4.000000,2.000000,4.000000,4.000000,4.000000,4.000000,4.000000,4.000000,4.000000,4.000000,4.000000,4.000000,66.666664
1614076760.342944,46.000000,0.000000,2.478045,1.620216,14.323169,19.666124,31.680239,18.878304,8.442724,1.696162,23.670095,21.466612,18.339746,0.484645,9.755093,27.370512,5.541347,14.028309,-12.696728,36.034573,4.781151,-12.807145,3.338470,-5.367020,2.779992,-5.600447,-14.904045,-11.104775,0.276799,0.281606,-0.747217,-16.257580,-9.803526,-14.874783,8064.000000,0.000000,4.000000,,,,0.000000,4.000000,4.000000,4.000000,4.000000,4.000000,4.000000,4.000000,4.000000,4.000000,4.000000,4.000000,4.000000,4.000000,4.000000,4.000000,4.000000,4.000000,4.000000,2.000000,4.000000,4.000000,2.000000,4.000000,4.000000,4.000000,4.000000,4.000000,4.000000,4.000000,4.000000,4.000000,4.000000,66.666664
1614076760.350693,47.000000,0.000000,1.962746,4.182698,18.924231,21.697741,34.725479,27.577375,14.588128,7.848312,23.646425,24.009249,18.834227,2.022622,13.335082,25.291861,10.151191,24.270691,-4.991724,28.819050,5.802011,-6.127671,5.899235,-2.797550,3.290032,-6.107666,-8.222475,-7.503927,1.814984,2.332607,0.791992,-15.728501,-4.665517,-7.680420,8064.000000,0.000000,4.000000,,,,0.000000,4.000000,4.000000,4.000000,4.000000,4.000000,4.000000,4.000000,4.000000,4.000000,4.000000,4.000000,4.000000,4.000000,4.000000,4.000000,4.000000,4.000000,4.000000,2.000000,4.000000,4.000000,2.000000,4.000000,4.000000,4.000000,4.000000,4.000000,4.000000,4.000000,4.000000,4.000000,4.000000,66.666664
1614076760.358342,48.000000,0.000000,2.473604,7.255439,21.982229,23.214504,39.818962,33.190823,20.214565,17.071232,23.622780,26.036522,22.405136,4.584702,17.937132,26.805029,17.320526,31.938728,3.218396,45.200489,30.924414,9.263072,11.021541,-4.333214,5.850845,-5.075918,-3.086047,-4.932321,4.377272,4.381556,6.432226,-13.148670,-0.558288,-0.493253,8064.000000,0.000000,4.000000,,,,0.000000,4.000000,4.000000,4.000000,4.000000,4.000000,4.000000,4.000000,4.000000,4.000000,4.000000,4.000000,4.000000,4.000000,4.000000,4.000000,4.000000,4.000000,4.000000,2.000000,4.000000,4.000000,2.000000,4.000000,4.000000,4.000000,4.000000,4.000000,4.000000,4.000000,4.000000,4.000000,4.000000,66.666664
1614076760.366191,49.000000,0.000000,2.471130,8.786645,20.934605,22.678469,37.727859,32.131992,17.117428,11.413136,23.599155,25.497665,19.305807,5.092937,11.765347,26.778225,12.175001,18.060635,3.215178,35.411697,24.739643,1.048681,-2.835635,-6.380163,0.716789,0.570184,-7.698346,-7.491491,4.372894,3.351533,5.912973,-11.084240,0.467912,0.532882,8064.000000,0.000000,4.000000,,,,0.000000,4.000000,4.000000,4.000000,4.000000,4.000000,4.000000,4.000000,4.000000,4.000000,4.000000,4.000000,4.000000,4.000000,4.000000,4.000000,4.000000,4.000000,4.000000,2.000000,4.000000,4.000000,2.000000,4.000000,4.000000,4.000000,4.000000,4.000000,4.000000,4.000000,4.000000,4.000000,4.000000,66.666664
1614076760.373940,50.000000,0.000000,2.468659,8.777859,20.913671,22.655790,35.126030,26.458834,11.972105,7.811979,23.575558,24.959347,14.158297,4.575024,3.035634,22.136061,0.367954,11.375908,-3.454704,11.273722,-7.079967,-26.131855,-25.909723,-6.373783,-10.565979,-1.481669,-14.357314,-11.586563,0.265957,0.784079,-1.272427,-15.175720,-2.096659,-0.493292,8064.000000,0.000000,4.000000,,,,0.000000,4.000000,4.000000,4.000000,4.000000,4.000000,4.000000,4.000000,4.000000,4.000000,4.000000,4.000000,4.000000,4.000000,4.000000,4.000000,4.000000,4.000000,4.000000,2.000000,4.000000,4.000000,2.000000,4.000000,4.000000,4.000000,4.000000,4.000000,4.000000,4.000000,4.000000,4.000000,4.000000,66.666664
1614076760.381789,51.000000,0.000000,0.414908,8.769080,21.405577,22.633135,35.603722,21.304169,11.960133,10.368270,23.551981,25.447208,14.656959,5.083270,2.006957,14.934438,-6.811901,11.364532,-8.579454,11.262448,-14.252375,-37.387775,-32.037659,-9.957153,-13.632336,-12.249417,-18.445520,-12.600617,-5.375334,-0.242346,-4.348078,-19.263107,-3.633024,0.020021,8064.000000,0.000000,4.000000,,,,0.000000,4.000000,4.000000,4.000000,4.000000,4.000000,4.000000,4.000000,4.000000,4.000000,4.000000,4.000000,4.000000,4.000000,4.000000,4.000000,4.000000,4.000000,4.000000,2.000000,4.000000,4.000000,2.000000,4.000000,4.000000,4.000000,4.000000,4.000000,4.000000,4.000000,4.000000,4.000000,4.000000,66.666664
1614076760.389538,52.000000,0.000000,-1.636788,7.734670,20.871351,23.123323,31.465555,19.744404,12.460993,2.152773,23.528429,23.883299,11.565379,5.078186,4.056232,10.816939,-5.779448,9.301886,-9.083695,16.379391,-9.622738,-31.709362,-29.441519,-14.049760,-11.567422,-17.878195,-22.016819,-14.126478,-7.934062,0.270717,-4.856550,-19.756666,-3.629391,0.020001,8064.000000,0.000000,4.000000,,,,0.000000,4.000000,4.000000,4.000000,4.000000,4.000000,4.000000,4.000000,4.000000,4.000000,4.000000,4.000000,4.000000,4.000000,4.000000,4.000000,4.000000,4.000000,4.000000,2.000000,4.000000,4.000000,2.000000,4.000000,4.000000,4.000000,4.000000,4.000000,4.000000,4.000000,4.000000,4.000000,4.000000,66.666664
1614076760.397387,53.000000,0.000000,-1.635152,5.162833,20.850481,22.587379,27.331526,20.237480,11.935712,-6.054508,23.504902,18.218390,2.835865,3.021826,2.513714,7.729199,-5.260849,6.728481,-8.561791,11.234806,-16.279781,-30.652012,-30.437717,-10.445967,-12.068675,-16.834675,-24.046083,-16.163633,-7.413307,0.270446,-7.415796,-22.813831,-5.677043,-2.031301,8064.000000,0.000000,4.000000,,,,0.000000,4.000000,4.000000,4.000000,4.000000,4.000000,4.000000,4.000000,4.000000,4.000000,4.000000,4.000000,4.000000,4.000000,4.000000,4.000000,4.000000,4.000000,4.000000,2.000000,4.000000,4.000000,2.000000,4.000000,4.000000,4.000000,4.000000,4.000000,4.000000,4.000000,4.000000,4.000000,4.000000,66.666664
1614076760.405136,54.000000,0.000000,-2.659158,4.644850,20.829630,22.051971,31.406759,20.217243,10.898135,-1.945889,23.481396,14.097608,-1.782356,-0.570939,-1.078543,3.106086,-9.870972,-5.073120,-11.117332,4.556905,-15.237861,-32.159821,-28.355999,-10.435520,-13.082247,-17.330660,-23.509218,-16.660292,-7.918715,-0.242645,-8.434022,-29.457685,-7.722648,-4.080551,8064.000000,0.000000,4.000000,,,,0.000000,4.000000,4.000000,4.000000,4.000000,4.000000,4.000000,4.000000,4.000000,4.000000,4.000000,4.000000,4.000000,4.000000,4.000000,4.000000,4.000000,4.000000,4.000000,2.000000,4.000000,4.000000,2.000000,4.000000,4.000000,4.000000,4.000000,4.000000,4.000000,4.000000,4.000000,4.000000,4.000000,66.666664
1614076760.412985,55.000000,0.000000,-5.220601,3.101743,20.295980,23.055559,34.965096,19.171385,8.323134,-0.918302,22.432274,14.083509,-0.754932,-3.134471,-4.667208,2.590159,-13.450845,-5.068047,-13.157496,4.552348,-3.940572,-31.102020,-22.686617,-12.476367,-12.043524,-16.800508,-22.972887,-16.130810,-7.910796,0.270419,-7.912767,-31.479509,-7.714926,-4.076471,8064.000000,0.000000,4.000000,,,,0.000000,4.000000,4.000000,4.000000,4.000000,4.000000,4.000000,4.000000,4.000000,4.000000,4.000000,4.000000,4.000000,4.000000,4.000000,4.000000,4.000000,4.000000,4.000000,2.000000,4.000000,4.000000,2.000000,4.000000,4.000000,4.000000,4.000000,4.000000,4.000000,4.000000,4.000000,4.000000,4.000000,66.666664
1614076760.420734,56.000000,0.000000,-5.728201,0.534539,20.275684,21.494043,34.417309,14.536828,7.801991,-9.635333,19.845739,13.556605,-0.754177,-2.618516,-4.662541,4.126030,-9.334829,15.962663,-12.631519,14.804206,0.165933,-30.045277,-21.125469,0.356622,-12.031481,-14.219606,-22.949915,-16.114679,-7.390064,0.270148,-7.904854,-30.935209,-8.220032,-4.072394,8064.000000,0.000000,4.000000,,,,0.000000,4.000000,4.000000,4.000000,4.000000,4.000000,4.000000,4.000000,4.000000,4.000000,4.000000,4.000000,4.000000,4.000000,4.000000,4.000000,4.000000,4.000000,4.000000,2.000000,4.000000,4.000000,2.000000,4.000000,4.000000,4.000000,4.000000,4.000000,4.000000,4.000000,4.000000,4.000000,4.000000,66.666664
1614076760.428583,57.000000,0.000000,-5.209652,0.534005,20.768229,15.318703,34.382893,11.958189,8.307009,-11.676979,18.800253,10.978947,-1.266244,-2.615898,-4.145058,0.532161,-5.222931,14.408238,-12.618887,17.353504,-1.885515,-30.528051,-21.617163,10.099855,-12.019449,-12.666925,-22.414145,-16.098564,-7.895495,0.269878,-7.384129,-30.391453,-7.698991,-4.068322,8064.000000,0.000000,4.000000,,,,0.000000,4.000000,4.000000,4.000000,4.000000,4.000000,4.000000,4.000000,4.000000,4.000000,4.000000,4.000000,4.000000,4.000000,4.000000,4.000000,4.000000,4.000000,4.000000,2.000000,4.000000,4.000000,2.000000,4.000000,4.000000,4.000000,4.000000,4.000000,4.000000,4.000000,4.000000,4.000000,4.000000,66.666664
1614076760.436333,58.000000,0.000000,-5.204443,1.046291,20.234640,11.200820,32.810047,12.971871,5.734600,-7.562738,19.807093,9.429506,-0.239336,-3.126102,-5.166553,-3.570935,-5.217708,1.060497,-12.606269,10.156664,-1.883630,-30.497524,-22.108366,-4.782040,-12.007429,-12.654258,-22.904551,-16.082466,-6.861958,0.269608,-8.915206,-30.361061,-7.178471,-4.064254,8064.000000,0.000000,4.000000,,,,0.000000,4.000000,4.000000,4.000000,4.000000,4.000000,4.000000,4.000000,4.000000,4.000000,4.000000,4.000000,4.000000,4.000000,4.000000,4.000000,4.000000,4.000000,4.000000,2.000000,4.000000,4.000000,2.000000,4.000000,4.000000,4.000000,4.000000,4.000000,4.000000,4.000000,4.000000,4.000000,4.000000,66.666664
1614076760.444181,59.000000,0.000000,-5.199238,1.045245,20.214405,12.728081,30.725956,11.933259,4.703224,-6.016714,18.761644,9.932897,-0.751918,-2.610156,-3.110105,-4.593005,-2.135567,16.444052,-12.593662,17.838814,-0.856105,-29.441385,-21.060617,-14.008027,-11.995422,-13.154425,-22.881645,-16.066383,-4.290994,0.269339,-14.034496,-32.894802,-11.786677,-4.060189,8064.000000,0.000000,4.000000,,,,0.000000,4.000000,4.000000,4.000000,4.000000,4.000000,4.000000,4.000000,4.000000,4.000000,4.000000,4.000000,4.000000,4.000000,4.000000,4.000000,4.000000,4.000000,4.000000,2.000000,4.000000,4.000000,2.000000,4.000000,4.000000,4.000000,4.000000,4.000000,4.000000,4.000000,4.000000,4.000000,4.000000,66.666664
1614076760.451931,60.000000,0.000000,-5.194039,1.044199,23.271114,14.766634,34.797794,12.946966,7.775444,3.220072,19.255703,10.435784,-0.238345,-2.607545,-1.055713,-3.049951,-2.646252,11.812223,-12.581069,16.795334,-2.393710,-33.001686,-22.578018,-4.763249,-11.983427,-12.628449,-22.345943,-16.050318,-4.286703,0.269069,-16.071743,-36.964474,-15.364635,-4.056129,8064.000000,0.000000,4.000000,,,,0.000000,4.000000,4.000000,4.000000,4.000000,4.000000,4.000000,4.000000,4.000000,4.000000,4.000000,4.000000,4.000000,4.000000,4.000000,4.000000,4.000000,4.000000,4.000000,2.000000,4.000000,4.000000,2.000000,4.000000,4.000000,4.000000,4.000000,4.000000,4.000000,4.000000,4.000000,4.000000,4.000000,66.666664
1614076760.459780,61.000000,0.000000,-5.188845,1.043155,26.837585,16.803150,39.891201,19.600687,7.767668,15.524544,23.851833,9.912528,1.813175,-2.604938,-4.131580,-0.995619,-10.848734,-20.507282,-12.568487,-8.349666,-8.545163,-38.609711,-26.658005,-6.296948,-11.971443,-12.615821,-23.862059,-16.034267,-6.846519,0.268800,-12.978749,-37.440331,-10.221065,-3.539253,8064.000000,0.000000,4.000000,,,,0.000000,4.000000,4.000000,4.000000,4.000000,4.000000,4.000000,4.000000,4.000000,4.000000,4.000000,4.000000,4.000000,4.000000,4.000000,4.000000,4.000000,4.000000,4.000000,2.000000,4.000000,4.000000,2.000000,4.000000,4.000000,4.000000,4.000000,4.000000,4.000000,4.000000,4.000000,4.000000,4.000000,66.666664
1614076760.467529,62.000000,0.000000,-5.183656,1.042112,27.836390,20.888910,42.928234,24.709291,8.272721,12.432096,27.417725,9.902616,3.349823,-2.602333,-3.101808,-0.481803,-12.889168,-17.922672,-12.555919,-6.290034,-12.126361,-37.545460,-28.682629,-20.649626,-11.959472,-14.141666,-25.889479,-16.018232,-6.839672,0.268531,-10.914488,-38.941349,-3.544177,-3.535713,8064.000000,0.000000,4.000000,,,,0.000000,4.000000,4.000000,4.000000,4.000000,4.000000,4.000000,4.000000,4.000000,4.000000,4.000000,4.000000,4.000000,4.000000,4.000000,4.000000,4.000000,4.000000,4.000000,2.000000,4.000000,4.000000,2.000000,4.000000,4.000000,4.000000,4.000000,4.000000,4.000000,4.000000,4.000000,4.000000,4.000000,66.666664
1614076760.475378,63.000000,0.000000,-5.178473,1.041070,28.321373,22.919304,46.475048,23.658939,15.956757,4.214536,26.877485,9.892714,3.859294,-2.599731,3.055140,-0.994141,-10.312176,10.300380,-12.543363,12.177794,-11.601415,-33.918171,-30.705229,-23.705898,-11.947513,-16.178806,-26.376411,-16.002214,-7.858473,0.268263,-11.416394,-41.466511,-3.540633,-4.044998,8064.000000,0.000000,4.000000,,,,0.000000,4.000000,4.000000,4.000000,4.000000,4.000000,4.000000,4.000000,4.000000,4.000000,4.000000,4.000000,4.000000,4.000000,4.000000,4.000000,4.000000,4.000000,4.000000,2.000000,4.000000,4.000000,2.000000,4.000000,4.000000,4.000000,4.000000,4.000000,4.000000,4.000000,4.000000,4.000000,4.000000,66.666664
1614076760.483127,64.000000,0.000000,-5.173294,1.040029,30.857155,22.383564,49.505497,23.122461,20.043364,7.287245,26.337788,10.395641,2.316973,-2.597131,-4.127402,0.545314,-15.430069,-1.504793,-12.530820,-4.757460,-10.564172,-37.473995,-30.674522,-20.605270,-11.935565,-17.188269,-26.862854,-15.986213,-10.414718,0.267995,-11.404978,-40.912224,-4.049912,-3.015312,0.000000,212.000000,4.000000,,,,0.000000,4.000000,4.000000,4.000000,4.000000,4.000000,4.000000,4.000000,4.000000,4.000000,4.000000,4.000000,4.000000,4.000000,4.000000,4.000000,4.000000,4.000000,4.000000,2.000000,4.000000,4.000000,2.000000,4.000000,4.000000,4.000000,4.000000,4.000000,4.000000,4.000000,4.000000,4.000000,4.000000,66.666664
1614076760.490976,65.000000,0.000000,-4.655300,1.038989,31.339119,22.361181,49.455990,24.124979,13.869474,6.767137,26.824270,10.385245,-0.249446,-5.158637,-15.405326,1.057590,-21.568485,-11.759698,-13.031110,-10.906549,-4.399762,-34.359600,-18.848976,-20.071844,-11.923629,-16.658260,-24.784710,-15.970226,-10.404303,0.267727,-10.367932,-41.384132,-3.020221,-3.525117,0.000000,192.000000,4.000000,,,,0.000000,4.000000,4.000000,4.000000,4.000000,4.000000,4.000000,4.000000,4.000000,4.000000,4.000000,4.000000,4.000000,4.000000,4.000000,4.000000,4.000000,4.000000,4.000000,2.000000,4.000000,4.000000,2.000000,4.000000,4.000000,4.000000,4.000000,4.000000,4.000000,4.000000,4.000000,4.000000,4.000000,66.666664
1614076760.498725,66.000000,0.000000,-6.189106,1.037950,28.743677,22.338820,48.893715,23.588034,8.214579,-7.085784,26.797447,8.836398,-0.249197,-6.691939,-11.287356,-1.507571,-16.418711,5.687959,-11.479617,17.822306,3.296946,-21.504728,-3.958333,-18.000490,-11.398885,-16.641602,-22.708643,-15.441436,-12.958001,0.780279,-11.383205,-49.035057,-4.555663,-11.213900,0.000000,199.000000,4.000000,,,,0.000000,4.000000,4.000000,4.000000,4.000000,4.000000,4.000000,4.000000,4.000000,4.000000,4.000000,4.000000,4.000000,4.000000,4.000000,4.000000,4.000000,4.000000,4.000000,2.000000,4.000000,4.000000,2.000000,4.000000,4.000000,4.000000,4.000000,4.000000,4.000000,4.000000,4.000000,4.000000,4.000000,66.666664
1614076760.506374,67.000000,0.000000,-8.747020,1.036912,27.176472,22.316481,47.819180,23.564445,8.206365,-10.668442,26.257828,12.930126,2.315155,-4.633965,-4.096582,5.160604,-8.197165,12.348938,-9.416855,18.317305,-2.860197,-19.431940,-1.390272,-17.469669,-11.900307,-16.112141,-24.737217,-15.425994,-18.073248,0.266679,-14.448745,-53.088585,-7.628030,-18.894993,0.000000,187.000000,4.000000,,,,0.000000,4.000000,4.000000,4.000000,4.000000,4.000000,4.000000,4.000000,4.000000,4.000000,4.000000,4.000000,4.000000,4.000000,4.000000,4.000000,4.000000,4.000000,4.000000,2.000000,4.000000,4.000000,2.000000,4.000000,4.000000,4.000000,4.000000,4.000000,4.000000,4.000000,4.000000,4.000000,4.000000,66.666664
1614076760.514123,68.000000,0.000000,-9.251093,1.035875,27.662115,22.294165,48.797001,23.540882,8.710979,3.188380,27.770033,20.096684,5.902584,-2.065229,-3.066844,20.027237,-4.599223,23.105820,-7.868977,4.452833,-9.011183,-22.489431,-2.927343,-16.426558,-11.888407,-16.096027,-25.225300,-15.410568,-14.978251,0.266412,-14.947117,-49.958572,-7.107582,-19.388920,0.000000,212.000000,4.000000,,,,0.000000,4.000000,4.000000,4.000000,4.000000,4.000000,4.000000,4.000000,4.000000,4.000000,4.000000,4.000000,4.000000,4.000000,4.000000,4.000000,4.000000,4.000000,4.000000,2.000000,4.000000,4.000000,2.000000,4.000000,4.000000,4.000000,4.000000,4.000000,4.000000,4.000000,4.000000,4.000000,4.000000,66.666664
1614076760.521772,69.000000,0.000000,-8.729022,1.034839,27.634453,22.271870,52.337948,23.517340,8.189447,16.518526,30.306364,20.589407,7.947963,-2.575984,2.577248,19.494390,-1.004881,43.595535,-5.809825,28.038124,2.279879,-16.313097,-1.385954,-14.358850,-11.363697,-16.592752,-21.610331,-14.882337,-6.245325,1.291787,-13.906528,-47.857334,-7.613295,-17.831068,0.000000,217.000000,4.000000,,,,0.000000,4.000000,4.000000,4.000000,4.000000,4.000000,4.000000,4.000000,4.000000,4.000000,4.000000,4.000000,4.000000,4.000000,4.000000,4.000000,4.000000,4.000000,4.000000,2.000000,4.000000,4.000000,2.000000,4.000000,4.000000,4.000000,4.000000,4.000000,4.000000,4.000000,4.000000,4.000000,4.000000,66.666664
1614076760.529521,70.000000,0.000000,-8.720293,1.033804,27.093998,22.249598,48.695866,23.493824,6.129975,16.502007,30.276058,18.004715,6.401554,-2.573408,2.574671,3.577460,-0.491055,24.577579,-4.778375,37.753677,7.405805,-19.373707,-5.999953,-15.370131,-12.890796,-15.550519,-26.716927,-16.918737,-6.751900,-2.299249,-17.482365,-47.809475,-12.221066,-18.838879,0.000000,176.000000,4.000000,,,,0.000000,4.000000,4.000000,4.000000,4.000000,4.000000,4.000000,4.000000,4.000000,4.000000,4.000000,4.000000,4.000000,4.000000,4.000000,4.000000,4.000000,4.000000,4.000000,2.000000,4.000000,4.000000,2.000000,4.000000,4.000000,4.000000,4.000000,4.000000,4.000000,4.000000,4.000000,4.000000,4.000000,66.666664
1614076760.537170,71.000000,0.000000,-8.711573,1.032771,27.066904,22.227348,45.057426,22.957508,4.585384,8.793198,29.732962,17.473890,3.831049,-2.570835,-8.709955,-5.144066,-5.618769,-7.754690,-6.312058,5.408230,-7.986217,-37.303051,-17.788824,-16.380404,-14.929187,-17.073429,-36.433800,-21.004381,-14.950276,-9.989257,-22.080267,-47.248844,-16.824230,-18.820040,0.000000,173.000000,4.000000,,,,0.000000,4.000000,4.000000,4.000000,4.000000,4.000000,4.000000,4.000000,4.000000,4.000000,4.000000,4.000000,4.000000,4.000000,4.000000,4.000000,4.000000,4.000000,4.000000,2.000000,4.000000,4.000000,2.000000,4.000000,4.000000,4.000000,4.000000,4.000000,4.000000,4.000000,4.000000,4.000000,4.000000,66.666664
1614076760.544920,72.000000,0.000000,-8.702861,1.544558,27.552658,22.205122,50.653397,22.934551,4.067978,5.194661,30.216049,17.456415,4.340039,-2.568264,-11.778168,-3.600461,-9.202894,-4.157192,-8.869848,-14.597178,-18.747461,-46.496517,-29.053087,-18.415304,-15.939898,-23.723022,-37.423004,-26.624403,-20.063532,-14.594653,-22.571009,-50.791340,-18.345867,-18.288399,0.000000,194.000000,4.000000,,,,0.000000,4.000000,4.000000,4.000000,4.000000,4.000000,4.000000,4.000000,4.000000,4.000000,4.000000,4.000000,4.000000,4.000000,4.000000,4.000000,4.000000,4.000000,4.000000,2.000000,4.000000,4.000000,2.000000,4.000000,4.000000,4.000000,4.000000,4.000000,4.000000,4.000000,4.000000,4.000000,4.000000,66.666664
1614076760.552569,73.000000,0.000000,-8.694158,0.517373,27.525105,22.182917,55.730946,23.424437,4.576731,5.189466,29.673014,17.951780,1.258776,-3.078516,-10.740749,-3.084040,-8.680871,3.026452,-10.912261,-2.787709,-16.164612,-46.450020,-40.818905,-26.089197,-15.411138,-28.314684,-37.385582,-32.238804,-21.069109,-14.067238,-21.522797,-57.920036,-18.327520,-17.757290,0.000000,188.000000,4.000000,,,,0.000000,4.000000,4.000000,4.000000,4.000000,4.000000,4.000000,4.000000,4.000000,4.000000,4.000000,4.000000,4.000000,4.000000,4.000000,4.000000,4.000000,4.000000,4.000000,2.000000,4.000000,4.000000,2.000000,4.000000,4.000000,4.000000,4.000000,4.000000,4.000000,4.000000,4.000000,4.000000,4.000000,66.666664
1614076760.560318,74.000000,0.000000,-8.685464,-1.534427,28.010401,22.160732,52.598293,22.888193,4.572154,0.056071,29.643339,15.882546,-6.947611,-2.562617,-23.037701,-9.234802,-15.851677,-15.438112,-12.439810,-6.374665,-16.661266,-49.480492,-52.572960,-28.627211,-14.882906,-27.260729,-44.527683,-33.745026,-21.560860,-14.565990,-21.501274,-59.400578,-18.822014,-17.226713,0.000000,200.000000,4.000000,,,,0.000000,4.000000,4.000000,4.000000,4.000000,4.000000,4.000000,4.000000,4.000000,4.000000,4.000000,4.000000,4.000000,4.000000,4.000000,4.000000,4.000000,4.000000,4.000000,2.000000,4.000000,4.000000,2.000000,4.000000,4.000000,4.000000,4.000000,4.000000,4.000000,4.000000,4.000000,4.000000,4.000000,66.666664
1614076760.567967,75.000000,0.000000,-8.676778,-3.071354,26.956749,22.138573,50.494411,22.865305,4.567582,-7.123472,30.126516,8.687177,-12.068869,-2.560054,-30.706970,-16.917875,-25.066595,-12.345752,-12.940190,-9.958035,-17.670246,-47.379730,-50.981926,-20.393456,-15.893664,-27.746288,-49.098541,-33.711281,-22.564939,-14.551425,-21.479773,-58.315536,-17.777552,-18.235126,0.000000,190.000000,4.000000,,,,0.000000,4.000000,4.000000,4.000000,4.000000,4.000000,4.000000,4.000000,4.000000,4.000000,4.000000,4.000000,4.000000,4.000000,4.000000,4.000000,4.000000,4.000000,4.000000,2.000000,4.000000,4.000000,2.000000,4.000000,4.000000,4.000000,4.000000,4.000000,4.000000,4.000000,4.000000,4.000000,4.000000,66.666664
1614076760.575716,76.000000,0.000000,-8.668101,-2.555462,27.442614,22.116434,51.982380,24.893721,4.563014,-7.116349,29.583570,5.088746,-12.569620,-3.583135,-17.342930,-12.285572,-20.426144,18.435825,-12.414430,15.180129,-13.037192,-38.101582,-34.520687,-14.219215,-14.852130,-27.205723,-48.023800,-33.677570,-19.978273,-11.972771,-22.483932,-58.770042,-15.195671,-17.704071,0.000000,190.000000,4.000000,,,,0.000000,4.000000,4.000000,4.000000,4.000000,4.000000,4.000000,4.000000,4.000000,4.000000,4.000000,4.000000,4.000000,4.000000,4.000000,4.000000,4.000000,4.000000,4.000000,2.000000,4.000000,4.000000,2.000000,4.000000,4.000000,4.000000,4.000000,4.000000,4.000000,4.000000,4.000000,4.000000,4.000000,66.666664
1614076760.583365,77.000000,0.000000,-8.659433,-2.040086,27.927992,22.094316,51.417576,26.407290,4.558451,-3.006668,29.041166,11.237503,-8.454487,0.010191,-6.043536,1.572867,-8.098024,26.109697,-12.402016,21.831615,-13.024155,-31.909634,-20.127192,-12.153714,-10.221893,-22.563131,-43.873215,-33.131073,-15.855730,-9.909516,-20.922987,-58.198452,-15.693295,-16.660727,0.000000,201.000000,4.000000,,,,0.000000,4.000000,4.000000,4.000000,4.000000,4.000000,4.000000,4.000000,4.000000,4.000000,4.000000,4.000000,4.000000,4.000000,4.000000,4.000000,4.000000,4.000000,4.000000,2.000000,4.000000,4.000000,2.000000,4.000000,4.000000,4.000000,4.000000,4.000000,4.000000,4.000000,4.000000,4.000000,4.000000,66.666664
1614076760.591114,78.000000,0.000000,-8.650774,-4.089328,23.284678,22.072224,51.366161,26.893702,4.553893,1.098903,32.601868,17.380112,-0.753725,4.112745,-7.575954,8.237961,-4.500183,12.750254,-12.389613,-1.779960,-13.523952,-30.852083,-16.517321,-10.603099,-7.134748,-19.463646,-40.239597,-34.636402,-13.788592,-9.899607,-20.902065,-58.653072,-19.780167,-23.823553,0.000000,186.000000,4.000000,,,,0.000000,4.000000,4.000000,4.000000,4.000000,4.000000,4.000000,4.000000,4.000000,4.000000,4.000000,4.000000,4.000000,4.000000,4.000000,4.000000,4.000000,4.000000,4.000000,2.000000,4.000000,4.000000,2.000000,4.000000,4.000000,4.000000,4.000000,4.000000,4.000000,4.000000,4.000000,4.000000,4.000000,66.666664
1614076760.598764,79.000000,0.000000,-8.642123,-6.136521,16.594727,22.050150,51.314793,26.866808,4.549339,3.661906,32.056446,17.362732,4.375234,3.595812,-8.081199,7.204082,-6.034144,17.352888,-12.377224,5.401307,-1.202735,-29.282770,-17.526443,-13.669418,-9.691716,-18.931360,-39.686539,-38.704330,-14.287624,-10.402528,-29.599112,-62.696983,-22.324490,-37.133060,0.000000,182.000000,4.000000,,,,0.000000,4.000000,4.000000,4.000000,4.000000,4.000000,4.000000,4.000000,4.000000,4.000000,4.000000,4.000000,4.000000,4.000000,4.000000,4.000000,4.000000,4.000000,4.000000,2.000000,4.000000,4.000000,2.000000,4.000000,4.000000,4.000000,4.000000,4.000000,4.000000,4.000000,4.000000,4.000000,4.000000,66.666664
1614076760.606513,80.000000,0.000000,-8.633481,-6.643205,15.552491,21.515280,50.237839,24.788660,4.544789,4.683886,26.383364,16.832548,2.832397,0.515293,-7.047476,7.196878,-5.515290,25.540663,-12.364846,27.447187,9.054878,-28.740667,-16.996098,-16.219852,-11.733306,-19.938070,-40.159672,-41.742550,-14.273337,-9.879304,-36.749001,-65.711212,-21.789345,-41.198494,0.000000,204.000000,4.000000,,,,0.000000,4.000000,4.000000,4.000000,4.000000,4.000000,4.000000,4.000000,4.000000,4.000000,4.000000,4.000000,4.000000,4.000000,4.000000,4.000000,4.000000,4.000000,4.000000,2.000000,4.000000,4.000000,2.000000,4.000000,4.000000,4.000000,4.000000,4.000000,4.000000,4.000000,4.000000,4.000000,4.000000,66.666664
1614076760.614162,81.000000,0.000000,-8.624847,-6.123741,16.562580,22.006586,51.726063,23.738230,4.540245,5.192022,27.895441,17.841356,3.855206,1.027598,-6.527608,7.702501,-4.996954,14.745893,-12.352482,12.547946,2.379157,-29.224747,-15.953460,-14.152349,-11.721573,-21.456594,-37.555408,-40.162346,-13.746243,-10.382245,-33.122505,-65.645500,-21.767555,-39.106014,0.000000,191.000000,4.000000,,,,0.000000,4.000000,4.000000,4.000000,4.000000,4.000000,4.000000,4.000000,4.000000,4.000000,4.000000,4.000000,4.000000,4.000000,4.000000,4.000000,4.000000,4.000000,4.000000,2.000000,4.000000,4.000000,2.000000,4.000000,4.000000,4.000000,4.000000,4.000000,4.000000,4.000000,4.000000,4.000000,4.000000,66.666664
1614076760.622011,82.000000,0.000000,-8.616222,-6.117617,16.033197,21.984579,54.238438,25.252953,4.535705,7.238112,33.508572,16.797874,8.466736,1.026571,-6.008260,7.694799,-4.479136,17.808069,-12.852950,5.355911,-3.777069,-30.221163,-17.475967,-15.163838,-11.709851,-23.486420,-35.979393,-38.070900,-14.245317,-10.371863,-27.961180,-65.067032,-21.745787,-40.092548,0.000000,196.000000,4.000000,,,,0.000000,4.000000,4.000000,4.000000,4.000000,4.000000,4.000000,4.000000,4.000000,4.000000,4.000000,4.000000,4.000000,4.000000,4.000000,4.000000,4.000000,4.000000,4.000000,2.000000,4.000000,4.000000,2.000000,4.000000,4.000000,4.000000,4.000000,4.000000,4.000000,4.000000,4.000000,4.000000,4.000000,66.666664
1614076760.629760,83.000000,0.000000,-9.120427,-6.624320,16.017164,19.398491,53.158558,24.714880,4.018348,8.256516,32.962242,15.755436,10.509551,0.512724,-4.463790,9.225566,-3.449017,36.764622,-13.352918,31.504400,0.329272,-30.703762,-22.586697,-18.225597,-12.210962,-23.462933,-36.456234,-37.520008,-14.231072,-10.361491,-29.471680,-66.027603,-21.724041,-41.078094,0.000000,201.000000,4.000000,,,,0.000000,4.000000,4.000000,4.000000,4.000000,4.000000,4.000000,4.000000,4.000000,4.000000,4.000000,4.000000,4.000000,4.000000,4.000000,4.000000,4.000000,4.000000,4.000000,2.000000,4.000000,4.000000,2.000000,4.000000,4.000000,4.000000,4.000000,4.000000,4.000000,4.000000,4.000000,4.000000,4.000000,66.666664
1614076760.637609,84.000000,0.000000,-8.598486,-6.617696,16.001146,18.353453,57.207962,24.690165,3.501509,6.709797,33.442101,18.303783,9.986221,-0.000610,-3.433686,9.729160,-2.419926,23.394522,-12.826744,31.472897,1.354584,-29.647417,-26.153854,-16.156090,-11.685930,-24.465111,-36.419777,-36.969669,-14.216841,-10.351130,-29.955029,-65.961578,-21.702316,-37.447273,0.000000,193.000000,4.000000,,,,0.000000,4.000000,4.000000,4.000000,4.000000,4.000000,4.000000,4.000000,4.000000,4.000000,4.000000,4.000000,4.000000,4.000000,4.000000,4.000000,4.000000,4.000000,4.000000,2.000000,4.000000,4.000000,2.000000,4.000000,4.000000,4.000000,4.000000,4.000000,4.000000,4.000000,4.000000,4.000000,4.000000,66.666664
1614076760.645358,85.000000,0.000000,-8.589888,-6.098258,17.010786,22.950483,66.894348,28.255219,4.523649,8.241549,39.049686,19.823940,9.976234,0.512212,-5.481534,10.232252,-2.417506,-0.218616,-12.813917,10.415783,2.378871,-30.130590,-25.614880,-14.601473,-12.699885,-23.415005,-35.870537,-36.419880,-14.715445,-10.340778,-28.386612,-64.357155,-21.680614,-34.845726,0.000000,196.000000,4.000000,,,,0.000000,4.000000,4.000000,4.000000,4.000000,4.000000,4.000000,4.000000,4.000000,4.000000,4.000000,4.000000,4.000000,4.000000,4.000000,4.000000,4.000000,4.000000,4.000000,2.000000,4.000000,4.000000,2.000000,4.000000,4.000000,4.000000,4.000000,4.000000,4.000000,4.000000,4.000000,4.000000,4.000000,66.666664
1614076760.653207,86.000000,0.000000,-10.119760,-6.092159,19.557878,24.978815,67.853096,29.765425,5.544766,8.233307,39.523457,19.804117,9.453438,0.511699,-3.937591,14.324584,-1.389448,13.114936,-13.313924,15.533572,1.350851,-29.587639,-25.076445,-12.535589,-12.174365,-23.391590,-36.860306,-37.921921,-13.162268,-10.843259,-29.896687,-65.318443,-21.658934,-37.374981,0.000000,167.000000,4.000000,,,,0.000000,4.000000,4.000000,4.000000,4.000000,4.000000,4.000000,4.000000,4.000000,4.000000,4.000000,4.000000,4.000000,4.000000,4.000000,4.000000,4.000000,4.000000,4.000000,2.000000,4.000000,4.000000,2.000000,4.000000,4.000000,4.000000,4.000000,4.000000,4.000000,4.000000,4.000000,4.000000,4.000000,66.666664
1614076760.660956,87.000000,0.000000,-4.981434,-7.111708,20.051140,26.492298,65.733955,31.786942,8.103324,7.199433,38.458290,27.989441,14.572189,3.588111,6.835577,22.002567,4.765788,30.537718,-4.582661,24.748808,-7.881269,-19.814463,-23.512905,-4.317925,-4.469883,-25.419481,-34.772163,-33.268616,-11.610643,-10.319594,-26.789867,-65.765938,-21.124454,-33.747864,0.000000,173.000000,4.000000,,,,0.000000,4.000000,4.000000,4.000000,4.000000,4.000000,4.000000,4.000000,4.000000,4.000000,4.000000,4.000000,4.000000,4.000000,4.000000,4.000000,4.000000,4.000000,4.000000,2.000000,4.000000,4.000000,2.000000,4.000000,4.000000,4.000000,4.000000,4.000000,4.000000,4.000000,4.000000,4.000000,4.000000,66.666664
1614076760.668805,88.000000,0.000000,3.741496,-3.002032,19.518269,32.106831,72.334892,38.421822,13.736246,15.910182,43.548038,41.807606,27.378130,11.789651,17.597973,34.288258,20.658457,32.558464,11.832178,27.288162,-2.232363,-3.897211,-15.284265,1.840239,2.714074,-19.240215,-28.070726,-20.414833,-10.060572,-4.668250,-18.557949,-55.956585,-18.539228,-18.842319,0.000000,199.000000,4.000000,,,,0.000000,4.000000,4.000000,4.000000,4.000000,4.000000,4.000000,4.000000,4.000000,4.000000,4.000000,4.000000,4.000000,4.000000,4.000000,4.000000,4.000000,4.000000,4.000000,2.000000,4.000000,4.000000,2.000000,4.000000,4.000000,4.000000,4.000000,4.000000,4.000000,4.000000,4.000000,4.000000,4.000000,66.666664
1614076760.676554,89.000000,0.000000,7.327498,6.231739,21.550034,36.690109,77.903580,42.485962,19.363535,33.842991,47.607056,48.432465,37.607162,21.521450,19.631657,45.023201,36.022415,54.064365,21.563936,51.363438,25.462177,5.850276,-6.551032,1.838399,3.737001,-5.374821,-21.375988,-13.214931,-5.435126,-0.048197,-13.411186,-44.105759,-17.495047,-13.182452,0.000000,213.000000,4.000000,,,,0.000000,4.000000,4.000000,4.000000,4.000000,4.000000,4.000000,4.000000,4.000000,4.000000,4.000000,4.000000,4.000000,4.000000,4.000000,4.000000,4.000000,4.000000,4.000000,2.000000,4.000000,4.000000,2.000000,4.000000,4.000000,4.000000,4.000000,4.000000,4.000000,4.000000,4.000000,4.000000,4.000000,66.666664
1614076760.684403,90.000000,0.000000,6.807350,9.815250,23.579765,37.679058,76.800034,41.417835,19.856993,40.988632,48.072269,45.307110,38.082375,24.576853,18.073563,40.875610,32.396648,69.394920,22.055193,69.260796,32.616203,1.229041,-6.031661,1.836560,2.707623,-0.241241,-20.328972,-16.278639,-1.839948,0.977493,-13.397775,-44.061653,-17.477552,-18.810295,0.000000,126.000000,4.000000,,,,0.000000,4.000000,4.000000,4.000000,4.000000,4.000000,4.000000,4.000000,4.000000,4.000000,4.000000,4.000000,4.000000,4.000000,4.000000,4.000000,4.000000,4.000000,4.000000,2.000000,4.000000,4.000000,2.000000,4.000000,4.000000,4.000000,4.000000,4.000000,4.000000,4.000000,4.000000,4.000000,4.000000,66.666664
1614076760.692152,91.000000,0.000000,5.774901,6.215692,23.556185,36.615738,76.210419,40.863598,18.811495,29.152773,47.511375,42.184879,30.864805,20.449711,12.927285,28.014223,13.902714,43.171677,18.443394,47.653069,9.506663,-14.156804,-14.230757,-0.216558,3.217736,-0.241000,-24.411207,-18.826464,-6.966313,0.976515,-15.435658,-50.684258,-17.460075,-21.355587,0.000000,199.000000,4.000000,,,,0.000000,4.000000,4.000000,4.000000,4.000000,4.000000,4.000000,4.000000,4.000000,4.000000,4.000000,4.000000,4.000000,4.000000,4.000000,4.000000,4.000000,4.000000,4.000000,2.000000,4.000000,4.000000,2.000000,4.000000,4.000000,4.000000,4.000000,4.000000,4.000000,4.000000,4.000000,4.000000,4.000000,66.666664
1614076760.700001,92.000000,0.000000,0.128101,4.158194,23.532629,30.425278,74.082924,41.335556,19.305504,14.251826,47.463863,44.193977,23.654453,15.813877,7.273332,23.883646,1.068298,18.000299,10.732642,18.374647,-6.913100,-25.937519,-21.396013,-6.883008,3.214518,-0.240759,-30.027821,-19.833277,-14.138834,-0.562923,-19.009968,-53.197674,-17.955435,-21.334232,0.000000,169.000000,4.000000,,,,0.000000,4.000000,4.000000,4.000000,4.000000,4.000000,4.000000,4.000000,4.000000,4.000000,4.000000,4.000000,4.000000,4.000000,4.000000,4.000000,4.000000,4.000000,4.000000,2.000000,4.000000,4.000000,4.000000,4.000000,4.000000,4.000000,4.000000,4.000000,4.000000,4.000000,4.000000,4.000000,4.000000,83.333336
1614076760.707750,93.000000,0.000000,-5.513053,5.692498,24.021917,25.266647,72.470375,41.807041,19.286198,9.622190,48.442039,41.072857,21.066698,16.310884,7.266058,25.398224,1.580050,21.572042,5.080884,13.228067,-6.906187,-25.911581,-21.374617,-10.465869,2.698483,-11.009748,-32.561897,-23.403187,-14.637515,-2.613642,-21.555059,-53.144478,-17.424660,-27.979565,0.000000,198.000000,4.000000,,,,0.000000,4.000000,4.000000,4.000000,4.000000,4.000000,4.000000,4.000000,4.000000,4.000000,4.000000,4.000000,4.000000,4.000000,4.000000,4.000000,4.000000,4.000000,4.000000,2.000000,4.000000,4.000000,4.000000,4.000000,4.000000,4.000000,4.000000,4.000000,4.000000,4.000000,4.000000,4.000000,4.000000,83.333336
1614076760.715599,94.000000,0.000000,-5.507540,5.686805,23.485075,24.728559,73.423546,38.175488,19.266912,13.202311,46.342316,28.211273,17.968708,14.243291,5.207510,24.860004,2.091291,28.217136,6.101444,25.009712,-0.232614,-22.295925,-20.840422,-9.942582,2.695785,-19.716688,-32.016514,-25.943888,-13.597237,-3.123849,-21.020683,-53.091331,-17.407234,-32.566971,0.000000,168.000000,4.000000,,,,0.000000,4.000000,4.000000,4.000000,4.000000,4.000000,4.000000,4.000000,4.000000,4.000000,4.000000,4.000000,4.000000,4.000000,4.000000,4.000000,4.000000,4.000000,4.000000,2.000000,4.000000,4.000000,4.000000,4.000000,4.000000,4.000000,4.000000,4.000000,4.000000,4.000000,4.000000,4.000000,4.000000,83.333336
1614076760.723348,95.000000,0.000000,-4.989212,2.091375,23.461590,22.139729,67.196281,29.419365,17.196363,9.086545,39.116486,18.952293,9.232790,8.075202,-3.002825,23.809504,-3.551826,28.188921,3.531240,26.523163,4.895824,-26.376194,-22.870863,-10.445460,2.693089,-14.055945,-32.497318,-25.917944,-14.609281,-2.607905,-21.512484,-54.063881,-19.441109,-32.021584,0.000000,189.000000,4.000000,,,,0.000000,4.000000,4.000000,4.000000,4.000000,4.000000,4.000000,4.000000,4.000000,4.000000,4.000000,4.000000,4.000000,4.000000,4.000000,4.000000,4.000000,4.000000,4.000000,2.000000,4.000000,4.000000,4.000000,4.000000,4.000000,4.000000,4.000000,4.000000,4.000000,4.000000,4.000000,4.000000,4.000000,83.333336
1614076760.730997,96.000000,0.000000,-5.497043,-2.013281,24.463768,17.502205,57.898315,25.287382,13.589423,-4.255875,35.487625,19.446161,5.120993,3.964562,-9.153668,24.298513,-10.214941,12.263295,-1.600496,4.958179,-5.878303,-34.042126,-24.899275,-10.947836,2.690396,-16.093172,-32.977642,-25.379204,-14.594671,-3.118117,-21.490971,-53.496998,-21.472950,-31.476740,8064.000000,0.000000,4.000000,,,,0.000000,4.000000,4.000000,4.000000,4.000000,4.000000,4.000000,4.000000,4.000000,4.000000,4.000000,4.000000,4.000000,4.000000,4.000000,4.000000,4.000000,4.000000,4.000000,2.000000,4.000000,4.000000,4.000000,4.000000,4.000000,4.000000,4.000000,4.000000,4.000000,4.000000,4.000000,4.000000,4.000000,83.333336
1614076760.738746,97.000000,0.000000,-4.978725,-2.524088,21.362381,17.484703,56.301952,26.287735,11.011731,-6.302901,36.477779,20.452356,6.141513,3.960598,-8.118874,24.787037,-10.204726,-9.287430,-2.624537,-10.431396,-21.257040,-32.982441,-25.387196,-9.398426,2.687705,-26.333488,-31.919022,-25.353825,-14.067256,-3.114999,-20.443840,-52.930679,-20.938658,-31.958084,8192.000000,0.000000,4.000000,,,,0.000000,4.000000,4.000000,4.000000,4.000000,4.000000,4.000000,4.000000,4.000000,4.000000,4.000000,4.000000,4.000000,4.000000,4.000000,4.000000,4.000000,4.000000,4.000000,2.000000,4.000000,4.000000,4.000000,4.000000,4.000000,4.000000,4.000000,4.000000,4.000000,4.000000,4.000000,4.000000,4.000000,83.333336
1614076760.746396,98.000000,0.000000,-4.973747,-3.547205,12.623071,17.980038,55.732830,24.722986,11.000719,7.036735,34.902840,19.406261,6.648192,4.982278,-5.546652,24.762249,-5.579137,4.055191,-1.083451,5.989293,-16.107578,-26.795614,-24.848989,-12.465951,2.685018,-20.666130,-32.399921,-27.379753,-14.053189,-3.111884,-25.038780,-55.441853,-21.943359,-32.951767,8064.000000,0.000000,4.000000,,,,0.000000,4.000000,4.000000,4.000000,4.000000,4.000000,4.000000,4.000000,4.000000,4.000000,4.000000,4.000000,4.000000,4.000000,4.000000,4.000000,4.000000,4.000000,4.000000,2.000000,4.000000,4.000000,4.000000,4.000000,4.000000,4.000000,4.000000,4.000000,4.000000,4.000000,4.000000,4.000000,4.000000,83.333336
1614076760.754145,99.000000,0.000000,-4.968773,-8.159042,7.482243,16.423597,50.548893,21.621340,11.502539,13.696364,32.303837,19.386856,6.128723,4.464475,-4.515465,24.737488,-2.496634,29.179340,-2.620829,25.470484,-2.245316,-25.230356,-24.824139,-18.607330,2.682333,-14.491617,-34.931625,-31.967758,-14.039136,-6.185695,-31.680408,-61.027435,-24.485519,-36.508560,8192.000000,0.000000,4.000000,,,,0.000000,4.000000,4.000000,4.000000,4.000000,4.000000,4.000000,4.000000,4.000000,4.000000,4.000000,4.000000,4.000000,4.000000,4.000000,4.000000,4.000000,4.000000,4.000000,2.000000,4.000000,4.000000,4.000000,4.000000,4.000000,4.000000,4.000000,4.000000,4.000000,4.000000,4.000000,4.000000,4.000000,83.333336
1614076760.761794,100.000000,0.000000,-4.450984,-10.202166,8.500401,14.868711,48.447063,21.599718,10.978216,10.605745,32.271530,20.393110,6.635415,0.870267,-3.998129,24.712749,-1.981317,13.252726,-5.182311,22.880909,-1.217430,-26.230768,-25.312136,-13.973339,2.679650,-23.707895,-36.435154,-33.474251,-14.025097,-9.769253,-33.700008,-65.068970,-25.486673,-39.036152,8064.000000,0.000000,4.000000,,,,0.000000,4.000000,4.000000,4.000000,4.000000,4.000000,4.000000,4.000000,4.000000,4.000000,4.000000,4.000000,4.000000,4.000000,4.000000,4.000000,4.000000,4.000000,4.000000,2.000000,4.000000,4.000000,4.000000,4.000000,4.000000,4.000000,4.000000,4.000000,4.000000,4.000000,4.000000,4.000000,4.000000,83.333336
1614076760.769543,101.000000,0.000000,-6.497815,-9.679143,9.004722,11.776919,49.937077,22.603760,10.967237,11.620781,30.700798,20.372717,6.115959,-3.233167,-3.994131,24.688036,-1.979336,-4.709245,-5.177128,13.627259,-11.985443,-26.204536,-25.286823,-4.215776,2.676970,-28.812391,-35.885899,-32.927959,-14.523892,-10.785125,-31.615028,-65.003906,-24.435547,-38.997116,8192.000000,0.000000,4.000000,,,,0.000000,4.000000,4.000000,4.000000,4.000000,4.000000,4.000000,4.000000,4.000000,4.000000,4.000000,4.000000,4.000000,4.000000,4.000000,4.000000,4.000000,4.000000,4.000000,2.000000,4.000000,4.000000,4.000000,4.000000,4.000000,4.000000,4.000000,4.000000,4.000000,4.000000,4.000000,4.000000,4.000000,83.333336
1614076760.777192,102.000000,0.000000,-8.542599,-9.669463,7.970076,7.662579,50.399960,22.581156,11.469091,12.121981,29.131636,20.352345,6.622664,-3.229934,-3.990136,24.663349,-1.977357,9.141618,-6.197592,10.023889,-23.255508,-25.152691,-24.235895,-4.211560,3.187114,-24.681015,-35.337193,-32.895031,-13.483727,-10.261519,-32.609055,-63.913258,-24.923931,-38.445297,8192.000000,0.000000,4.000000,,,,0.000000,4.000000,4.000000,4.000000,4.000000,4.000000,4.000000,4.000000,4.000000,4.000000,4.000000,4.000000,4.000000,4.000000,4.000000,4.000000,4.000000,4.000000,4.000000,2.000000,4.000000,4.000000,4.000000,4.000000,4.000000,4.000000,4.000000,4.000000,4.000000,4.000000,4.000000,4.000000,4.000000,83.333336
1614076760.784941,103.000000,0.000000,-8.534057,-9.659794,8.474926,6.629275,50.349560,23.071396,11.457623,5.956012,28.589684,20.331991,7.128861,-2.713884,-4.498967,25.151506,-1.975379,14.260682,-8.242677,11.552326,-21.180971,-25.640360,-24.211660,-14.463758,1.132645,-22.092232,-36.327496,-32.862133,-13.983064,-10.251258,-33.602085,-64.874985,-24.899008,-38.919674,8064.000000,0.000000,4.000000,,,,0.000000,4.000000,4.000000,4.000000,4.000000,4.000000,4.000000,4.000000,4.000000,4.000000,4.000000,4.000000,4.000000,4.000000,4.000000,4.000000,4.000000,4.000000,4.000000,2.000000,4.000000,4.000000,4.000000,4.000000,4.000000,4.000000,4.000000,4.000000,4.000000,4.000000,4.000000,4.000000,4.000000,83.333336
1614076760.792590,104.000000,0.000000,-8.525522,-9.650134,8.979272,7.135466,49.786392,22.022682,11.446164,4.411594,27.022633,19.798840,4.557630,-2.711170,-3.981647,24.613533,-1.973404,10.143857,-9.772896,14.617698,-7.313637,-26.640360,-25.725910,-19.064680,-1.432590,-23.095781,-35.265530,-32.829273,-14.481901,-10.241007,-28.953098,-64.810112,-24.874109,-38.880753,8064.000000,0.000000,4.000000,,,,0.000000,4.000000,4.000000,4.000000,4.000000,4.000000,4.000000,4.000000,4.000000,4.000000,4.000000,4.000000,4.000000,4.000000,4.000000,4.000000,4.000000,4.000000,4.000000,2.000000,4.000000,4.000000,4.000000,4.000000,4.000000,4.000000,4.000000,4.000000,4.000000,4.000000,4.000000,4.000000,4.000000,83.333336
1614076760.800340,105.000000,0.000000,-8.516996,-9.127664,8.970292,6.615510,50.249424,23.539122,11.434718,7.996927,26.995611,20.291861,3.527431,-0.657176,-3.977666,24.588921,-1.971431,21.415764,-8.737482,15.115900,1.924446,-23.536797,-20.059158,-9.814846,-0.918337,-24.098326,-29.589237,-31.257982,-9.339214,-10.230765,-22.257479,-55.001713,-24.849234,-36.277771,8064.000000,0.000000,4.000000,,,,0.000000,4.000000,4.000000,4.000000,4.000000,4.000000,4.000000,4.000000,4.000000,4.000000,4.000000,4.000000,4.000000,4.000000,4.000000,4.000000,4.000000,4.000000,4.000000,2.000000,4.000000,4.000000,4.000000,4.000000,4.000000,4.000000,4.000000,4.000000,4.000000,4.000000,4.000000,4.000000,4.000000,83.333336
1614076760.807989,106.000000,0.000000,-8.508480,-9.118536,8.961322,7.121716,50.711994,24.028402,11.423284,7.988930,28.507076,20.271568,8.139289,1.394763,-4.486508,25.589972,-1.969459,28.061016,-5.651821,16.639246,2.948163,-16.333773,-10.295509,3.528302,-0.404598,-19.971664,-24.431444,-28.662621,-3.688849,-10.220534,-20.183939,-45.203121,-24.824385,-34.703033,8064.000000,0.000000,4.000000,,,,0.000000,4.000000,4.000000,4.000000,4.000000,4.000000,4.000000,4.000000,4.000000,4.000000,4.000000,4.000000,4.000000,4.000000,4.000000,4.000000,4.000000,4.000000,4.000000,2.000000,4.000000,4.000000,4.000000,4.000000,4.000000,4.000000,4.000000,4.000000,4.000000,4.000000,4.000000,4.000000,4.000000,83.333336
1614076760.815738,107.000000,0.000000,-8.499971,-9.622238,8.952361,6.601773,46.558720,14.260785,11.411860,7.468120,25.401646,18.712835,9.669611,0.880548,-1.917920,23.000280,-1.967490,27.007313,-2.569246,16.622606,-0.644529,-13.753336,-11.823675,3.524774,-2.968296,-10.208102,-25.945473,-29.146778,-6.762084,-10.210314,-21.189396,-46.696381,-24.799561,-34.668327,8064.000000,0.000000,4.000000,,,,0.000000,4.000000,4.000000,4.000000,4.000000,4.000000,4.000000,4.000000,4.000000,4.000000,4.000000,4.000000,4.000000,4.000000,4.000000,4.000000,4.000000,4.000000,4.000000,2.000000,4.000000,4.000000,4.000000,4.000000,4.000000,4.000000,4.000000,4.000000,4.000000,4.000000,4.000000,4.000000,4.000000,83.333336
1614076760.823387,108.000000,0.000000,-8.491471,-9.099795,8.943408,2.492607,38.307034,5.015755,11.400449,10.537575,21.273680,16.642841,7.608659,0.879667,2.186563,16.823433,-1.452702,21.852100,-1.028215,6.349574,-5.772089,-14.765224,-21.555441,-6.222341,-5.016610,-9.172254,-28.483631,-33.220196,-13.421988,-10.200104,-20.655386,-52.290707,-24.774761,-35.146481,8064.000000,0.000000,4.000000,,,,0.000000,4.000000,4.000000,4.000000,4.000000,4.000000,4.000000,4.000000,4.000000,4.000000,4.000000,4.000000,4.000000,4.000000,4.000000,4.000000,4.000000,4.000000,4.000000,2.000000,4.000000,4.000000,4.000000,4.000000,4.000000,4.000000,4.000000,4.000000,4.000000,4.000000,4.000000,4.000000,4.000000,83.333336
1614076760.831136,109.000000,0.000000,-8.482980,-9.090695,8.934465,-0.586808,34.678982,6.036380,11.389048,9.501396,21.765226,16.113379,6.062589,0.878787,3.722837,11.165585,-1.964070,-2.785136,-1.027187,5.317583,0.387529,-14.237638,-25.123631,-10.318683,-4.498773,-16.855389,-29.480787,-36.263901,-14.434207,-10.189904,-20.634731,-52.751240,-24.749987,-34.598515,8064.000000,0.000000,4.000000,,,,0.000000,4.000000,4.000000,4.000000,4.000000,4.000000,4.000000,4.000000,4.000000,4.000000,4.000000,4.000000,4.000000,4.000000,4.000000,4.000000,4.000000,4.000000,4.000000,2.000000,4.000000,4.000000,4.000000,4.000000,4.000000,4.000000,4.000000,4.000000,4.000000,4.000000,4.000000,4.000000,4.000000,83.333336
1614076760.838785,110.000000,0.000000,-8.474497,-11.645707,8.412710,-0.586222,35.157124,6.543164,9.839197,4.363690,19.179359,16.097265,4.005244,0.877909,3.206294,9.103137,-2.474926,-7.397736,-1.026160,22.235342,7.566628,-15.249042,-24.072865,-8.769902,-4.494274,-19.915457,-33.041050,-36.227634,-13.394132,-10.179714,-21.126917,-53.211308,-24.725237,-35.589558,8064.000000,0.000000,4.000000,,,,0.000000,4.000000,4.000000,4.000000,4.000000,4.000000,4.000000,4.000000,4.000000,4.000000,4.000000,4.000000,4.000000,4.000000,4.000000,4.000000,4.000000,4.000000,4.000000,2.000000,4.000000,4.000000,4.000000,4.000000,4.000000,4.000000,4.000000,4.000000,4.000000,4.000000,4.000000,4.000000,4.000000,83.333336
1614076760.846634,111.000000,0.000000,-8.466022,-13.685344,8.404297,-0.072815,33.583504,3.459698,6.239614,3.846506,14.031975,16.081167,2.975598,0.877031,2.690267,9.094033,0.604472,24.917355,-1.537954,24.777210,-2.697349,-18.310715,-24.561613,-9.786773,-4.489780,-18.869900,-35.572113,-36.191406,-13.893559,-10.169535,-21.105789,-52.645275,-25.213331,-35.553967,8064.000000,0.000000,4.000000,,,,0.000000,4.000000,4.000000,4.000000,4.000000,4.000000,4.000000,4.000000,4.000000,4.000000,4.000000,4.000000,4.000000,4.000000,4.000000,4.000000,4.000000,4.000000,4.000000,2.000000,4.000000,4.000000,4.000000,4.000000,4.000000,4.000000,4.000000,4.000000,4.000000,4.000000,4.000000,4.000000,4.000000,83.333336
1614076760.854383,112.000000,0.000000,-8.457557,-13.158838,8.908713,-0.072742,30.985819,6.020341,3.669272,3.842659,13.505122,15.552265,2.972623,0.876154,3.200397,8.059299,0.091047,22.328335,-1.536416,12.444740,-8.335677,-18.292404,-25.049871,-10.289807,-4.485290,-19.363850,-33.998077,-36.155216,-14.392486,-10.159365,-21.084684,-47.977245,-24.162477,-34.492771,8064.000000,0.000000,4.000000,,,,0.000000,4.000000,4.000000,4.000000,4.000000,4.000000,4.000000,4.000000,4.000000,4.000000,4.000000,4.000000,4.000000,4.000000,4.000000,4.000000,4.000000,4.000000,4.000000,2.000000,4.000000,4.000000,4.000000,4.000000,4.000000,4.000000,4.000000,4.000000,4.000000,4.000000,4.000000,4.000000,4.000000,83.333336
1614076760.862132,113.000000,0.000000,-8.449099,-14.171320,8.386984,-0.585490,30.442013,8.065602,3.665603,0.249073,14.004437,10.408508,-3.184196,0.875277,3.197197,1.897393,-7.088531,-10.001686,-1.022059,14.996398,2.954710,-19.299753,-25.024822,-10.279517,-4.480805,-17.806025,-32.425617,-36.631882,-13.865273,-10.149205,-21.063601,-46.390808,-24.651134,-36.509560,8064.000000,0.000000,4.000000,,,,0.000000,4.000000,4.000000,4.000000,4.000000,4.000000,4.000000,4.000000,4.000000,4.000000,4.000000,4.000000,4.000000,4.000000,4.000000,4.000000,4.000000,4.000000,4.000000,2.000000,4.000000,4.000000,4.000000,4.000000,4.000000,4.000000,4.000000,4.000000,4.000000,4.000000,4.000000,4.000000,4.000000,83.333336
1614076760.869782,114.000000,0.000000,-8.440650,-13.131508,7.865777,-0.584904,31.950031,7.031896,3.661937,1.274465,13.990434,8.859638,-2.155371,0.874402,2.681180,1.382675,-9.645545,-6.914761,-4.610781,9.853196,-2.176450,-22.357376,-24.486977,-9.756417,-4.476324,-16.762577,-28.803450,-35.569611,-14.364227,-10.139056,-22.068176,-44.805954,-26.164946,-34.421768,8064.000000,0.000000,4.000000,,,,0.000000,4.000000,4.000000,4.000000,4.000000,4.000000,4.000000,4.000000,4.000000,4.000000,4.000000,4.000000,4.000000,4.000000,4.000000,4.000000,4.000000,4.000000,4.000000,2.000000,4.000000,4.000000,4.000000,4.000000,4.000000,4.000000,4.000000,4.000000,4.000000,4.000000,4.000000,4.000000,4.000000,83.333336
1614076760.877631,115.000000,0.000000,-8.432209,-5.938889,11.447655,1.979783,37.559109,11.640248,4.171096,8.965498,18.079006,17.055906,12.718579,0.360707,2.678498,14.714626,-5.020515,15.143435,-9.221555,-11.182298,-16.533247,-23.360661,-24.462490,-9.746660,-4.471848,-15.720175,-20.569517,-31.944296,-14.349863,-10.128917,-18.969185,-36.556019,-18.959293,-21.054014,8064.000000,0.000000,4.000000,,,,0.000000,4.000000,4.000000,4.000000,4.000000,4.000000,4.000000,4.000000,4.000000,4.000000,4.000000,4.000000,4.000000,4.000000,4.000000,4.000000,4.000000,4.000000,4.000000,2.000000,4.000000,4.000000,4.000000,4.000000,4.000000,4.000000,4.000000,4.000000,4.000000,4.000000,4.000000,4.000000,4.000000,83.333336
1614076760.885380,116.000000,0.000000,-8.423777,-0.804745,15.025950,4.029085,42.649754,18.295275,3.654104,12.546276,22.163492,27.808081,22.449450,0.873167,9.342486,28.546064,-0.400110,26.410343,-7.161051,9.341705,-0.106458,-19.234735,-24.438026,-10.249735,-3.954555,-10.576249,-15.933564,-26.271326,-13.822693,-9.605968,-14.334832,-29.852798,-9.709565,-9.238089,8064.000000,0.000000,4.000000,,,,0.000000,4.000000,4.000000,4.000000,4.000000,4.000000,4.000000,4.000000,4.000000,4.000000,4.000000,4.000000,4.000000,4.000000,4.000000,4.000000,4.000000,4.000000,4.000000,2.000000,4.000000,4.000000,4.000000,4.000000,4.000000,4.000000,4.000000,4.000000,4.000000,4.000000,4.000000,4.000000,4.000000,83.333336
1614076760.893229,117.000000,0.000000,-8.415353,-2.855222,13.472463,2.486595,43.119926,20.328262,3.650450,11.508089,22.141329,28.805914,22.427002,3.436396,17.538273,30.568802,4.728495,43.307011,-2.025685,42.152878,20.406469,-17.677038,-24.413589,-8.701023,-4.463421,-8.514391,-16.943272,-24.706593,-14.321691,-10.109182,-14.320498,-31.874228,-11.751138,-11.280132,8064.000000,0.000000,4.000000,,,,0.000000,4.000000,4.000000,4.000000,4.000000,4.000000,4.000000,4.000000,4.000000,4.000000,4.000000,4.000000,4.000000,4.000000,4.000000,4.000000,4.000000,4.000000,4.000000,2.000000,4.000000,4.000000,4.000000,4.000000,4.000000,4.000000,4.000000,4.000000,4.000000,4.000000,4.000000,4.000000,4.000000,83.333336
1614076760.900978,118.000000,0.000000,-7.894117,-1.313905,11.920529,5.561031,42.563984,21.846395,8.262184,12.009401,21.606367,26.213005,21.891754,4.458601,19.059195,25.410027,9.339151,41.725243,-0.998018,15.956877,5.514268,-19.710644,-22.337893,-5.615399,-4.971778,-14.146902,-17.439148,-24.169065,-14.307369,-10.611894,-11.742074,-27.739788,-11.226566,-13.832955,8064.000000,0.000000,4.000000,,,,0.000000,4.000000,4.000000,4.000000,4.000000,4.000000,4.000000,4.000000,4.000000,4.000000,4.000000,4.000000,4.000000,4.000000,4.000000,4.000000,4.000000,4.000000,4.000000,2.000000,4.000000,4.000000,4.000000,4.000000,4.000000,4.000000,4.000000,4.000000,4.000000,4.000000,4.000000,4.000000,4.000000,83.333336
1614076760.908827,119.000000,0.000000,-8.399044,4.328434,17.036814,12.222136,43.034241,23.363010,14.920589,11.997392,22.097582,29.776537,17.767298,4.966963,17.501675,23.333336,10.355453,26.811722,1.054262,-13.289849,-14.491246,-14.049908,-20.264273,-6.635425,-0.351422,-14.645576,-16.396069,-20.555153,-8.652037,-7.011538,-4.038024,-17.968458,-1.471750,-10.229379,8064.000000,0.000000,4.000000,,,,0.000000,4.000000,4.000000,4.000000,4.000000,4.000000,4.000000,4.000000,4.000000,4.000000,4.000000,4.000000,4.000000,4.000000,4.000000,4.000000,4.000000,4.000000,4.000000,2.000000,4.000000,4.000000,4.000000,4.000000,4.000000,4.000000,4.000000,4.000000,4.000000,4.000000,4.000000,4.000000,4.000000,83.333336
1614076760.916576,120.000000,0.000000,-8.390645,4.324106,19.583879,14.261197,41.452744,22.314007,14.905668,10.959754,21.562662,27.182657,11.082864,4.961996,19.535456,21.258720,9.832277,36.015678,6.181413,19.543953,-9.861371,-6.856371,-20.756830,-6.628789,3.751493,-8.989904,-17.405313,-17.970495,-3.002358,-2.901962,-3.008345,-16.412029,-3.008739,-8.167867,8064.000000,0.000000,4.000000,,,,0.000000,4.000000,4.000000,4.000000,4.000000,4.000000,4.000000,4.000000,4.000000,4.000000,4.000000,4.000000,4.000000,4.000000,4.000000,4.000000,4.000000,4.000000,4.000000,2.000000,4.000000,4.000000,4.000000,4.000000,4.000000,4.000000,4.000000,4.000000,4.000000,4.000000,4.000000,4.000000,4.000000,83.333336
1614076760.924425,121.000000,0.000000,-7.869433,1.242858,17.000193,10.657192,37.308727,23.317333,12.326660,12.487255,20.515459,9.206757,9.533319,0.854470,15.926176,13.545154,3.668599,21.620689,4.636770,34.396206,-1.133561,-16.080284,-21.248894,-2.519597,0.670819,-7.442453,-17.387909,-17.439705,-2.486536,-3.924701,-6.082260,-20.498180,-13.262141,-9.698161,8064.000000,0.000000,4.000000,,,,0.000000,4.000000,4.000000,4.000000,4.000000,4.000000,4.000000,4.000000,4.000000,4.000000,4.000000,4.000000,4.000000,4.000000,4.000000,4.000000,4.000000,4.000000,4.000000,2.000000,4.000000,4.000000,4.000000,4.000000,4.000000,4.000000,4.000000,4.000000,4.000000,4.000000,4.000000,4.000000,4.000000,83.333336
1614076760.932174,122.000000,0.000000,-9.912846,0.728795,15.444732,10.133715,32.656036,21.242733,10.263052,8.885025,17.930841,-6.699886,3.369940,-3.248949,3.089737,4.300839,-6.078660,-10.708624,-3.060175,2.054116,-0.106786,-30.935999,-20.714825,-9.696564,-4.458057,-8.460651,-16.857700,-17.422264,-2.996870,-6.484879,-6.076178,-20.477682,-13.248878,-9.688462,8064.000000,0.000000,4.000000,,,,0.000000,4.000000,4.000000,4.000000,4.000000,4.000000,4.000000,4.000000,4.000000,4.000000,4.000000,4.000000,4.000000,4.000000,4.000000,4.000000,4.000000,4.000000,4.000000,2.000000,4.000000,4.000000,4.000000,4.000000,4.000000,4.000000,4.000000,4.000000,4.000000,4.000000,4.000000,4.000000,4.000000,83.333336
1614076760.940023,123.000000,0.000000,-11.954215,1.753707,15.942107,11.149221,28.007994,9.939440,7.175865,0.158191,14.323167,-7.206007,-6.377020,-3.758520,-5.631301,1.732435,-6.585402,11.353367,-6.134037,3.077703,-5.747705,-31.417883,-20.694109,-24.558662,-5.479240,-7.939370,-17.866484,-18.943304,-2.481052,-6.478395,-8.634204,-19.431564,-9.133066,-9.165954,8064.000000,0.000000,4.000000,,,,0.000000,4.000000,4.000000,4.000000,4.000000,4.000000,4.000000,4.000000,4.000000,4.000000,4.000000,4.000000,4.000000,4.000000,4.000000,4.000000,4.000000,4.000000,4.000000,2.000000,4.000000,4.000000,4.000000,4.000000,4.000000,4.000000,4.000000,4.000000,4.000000,4.000000,4.000000,4.000000,4.000000,83.333336
1614076760.947772,124.000000,0.000000,-12.455082,1.239133,16.438986,10.625252,24.390242,2.237193,3.578946,0.158033,13.796023,-6.685980,-10.986028,-3.754762,-5.625670,2.243524,-6.065995,38.008678,-5.102262,15.382318,-14.459906,-30.873644,-21.699057,-18.380257,-4.448120,-8.957072,-17.848616,-17.385899,-2.991392,-5.959095,-12.728134,-20.437775,-10.662395,-9.669608,8064.000000,0.000000,4.000000,,,,0.000000,4.000000,4.000000,4.000000,4.000000,4.000000,4.000000,4.000000,4.000000,4.000000,4.000000,4.000000,4.000000,4.000000,4.000000,4.000000,4.000000,4.000000,4.000000,2.000000,4.000000,4.000000,4.000000,4.000000,4.000000,4.000000,4.000000,4.000000,4.000000,4.000000,4.000000,4.000000,4.000000,83.333336
1614076760.955621,125.000000,0.000000,-12.442626,1.237894,15.909726,10.101806,22.827391,7.875981,3.575367,10.927105,17.884790,-5.653653,-8.410939,-1.699725,-4.081583,1.215639,-9.649673,7.714261,-6.122801,-4.120245,-8.804420,-32.894054,-19.113255,-1.438800,-2.392390,-12.025038,-13.728204,-12.753128,-2.988400,-6.465957,-9.125662,-20.417336,-8.087629,-9.659939,8064.000000,0.000000,4.000000,,,,0.000000,4.000000,4.000000,4.000000,4.000000,4.000000,4.000000,4.000000,4.000000,4.000000,4.000000,4.000000,4.000000,4.000000,4.000000,4.000000,4.000000,4.000000,4.000000,2.000000,4.000000,4.000000,4.000000,4.000000,4.000000,4.000000,4.000000,4.000000,4.000000,4.000000,4.000000,4.000000,4.000000,83.333336
1614076760.963370,126.000000,0.000000,-11.404543,0.723836,15.893816,10.604525,23.830204,15.047592,4.084612,16.557203,21.456650,8.198154,1.853882,3.943001,-0.487758,8.906731,-1.434895,8.219367,-3.552576,8.704389,4.024897,-23.117569,-14.478757,0.613921,-1.364356,-12.525833,-9.611912,-10.689094,-2.985412,-6.459491,-6.039614,-20.396919,-6.028260,-9.650279,8064.000000,0.000000,4.000000,,,,0.000000,4.000000,4.000000,4.000000,4.000000,4.000000,4.000000,4.000000,4.000000,4.000000,4.000000,4.000000,4.000000,4.000000,4.000000,4.000000,4.000000,4.000000,4.000000,2.000000,4.000000,4.000000,4.000000,4.000000,4.000000,4.000000,4.000000,4.000000,4.000000,4.000000,4.000000,4.000000,4.000000,83.333336
1614076760.971219,127.000000,0.000000,-9.854676,1.235932,15.877922,10.593921,26.370476,15.032545,3.567707,13.976544,21.435194,20.497648,17.236645,10.092904,9.256320,22.743979,16.515257,41.031662,5.168925,35.875172,-0.594513,-13.350862,-13.438637,5.228691,-0.337351,-12.000487,-10.115120,-10.165584,-3.495247,-6.453032,-6.546394,-20.889341,-7.047873,-10.153449,8064.000000,0.000000,4.000000,,,,0.000000,4.000000,4.000000,4.000000,4.000000,4.000000,4.000000,4.000000,4.000000,4.000000,4.000000,4.000000,4.000000,4.000000,4.000000,4.000000,4.000000,4.000000,4.000000,2.000000,4.000000,4.000000,4.000000,4.000000,4.000000,4.000000,4.000000,4.000000,4.000000,4.000000,4.000000,4.000000,4.000000,83.333336
1614076760.978968,0.000000,0.000000,-7.280719,3.798799,15.862044,10.583326,27.369747,14.504692,4.076960,15.501029,20.900938,20.989971,23.373253,15.723836,14.888089,24.259695,22.139769,34.836784,11.830423,12.762373,-3.670841,-8.209306,-11.373916,15.992693,3.252730,-11.988486,-7.028082,-3.488751,-1.953290,-6.446579,-4.488566,-18.817171,-3.451081,-10.143295,0.000000,187.000000,4.000000,,,,0.000000,4.000000,4.000000,4.000000,4.000000,4.000000,4.000000,4.000000,4.000000,4.000000,4.000000,4.000000,4.000000,4.000000,4.000000,4.000000,4.000000,4.000000,4.000000,2.000000,4.000000,4.000000,4.000000,4.000000,4.000000,4.000000,4.000000,4.000000,4.000000,4.000000,4.000000,4.000000,4.000000,83.333336
1614076760.986617,1.000000,0.000000,-5.734977,3.795000,14.307721,10.572743,27.855198,15.515828,4.072883,19.075272,21.392857,19.943340,19.760136,19.297855,13.847560,17.568769,20.579166,15.314767,12.844234,4.031662,11.204624,2.568135,-6.747158,7.258752,6.839221,-8.899575,-2.405669,1.642943,2.151227,-6.440132,-1.919975,-14.695789,0.142114,-9.107512,0.000000,204.000000,4.000000,,,,0.000000,4.000000,4.000000,4.000000,4.000000,4.000000,4.000000,4.000000,4.000000,4.000000,4.000000,4.000000,4.000000,4.000000,4.000000,4.000000,4.000000,4.000000,4.000000,2.000000,4.000000,4.000000,4.000000,4.000000,4.000000,4.000000,4.000000,4.000000,4.000000,4.000000,4.000000,4.000000,4.000000,83.333336
1614076760.994366,2.000000,0.000000,-4.190781,1.739923,12.242131,10.562170,27.314522,15.500312,4.068810,17.517735,21.371464,19.410576,18.201916,18.765738,15.372174,18.064022,21.071407,36.325092,14.369851,27.617374,13.244702,3.591207,-8.278872,-1.466456,4.781100,-0.685547,-4.967366,-0.922803,4.713179,-6.433692,-4.994978,-12.629811,-7.550336,-10.636865,0.000000,199.000000,4.000000,,,,0.000000,4.000000,4.000000,4.000000,4.000000,4.000000,4.000000,4.000000,4.000000,4.000000,4.000000,4.000000,4.000000,4.000000,4.000000,4.000000,4.000000,4.000000,4.000000,2.000000,4.000000,4.000000,4.000000,4.000000,4.000000,4.000000,4.000000,4.000000,4.000000,4.000000,4.000000,4.000000,4.000000,83.333336
1614076761.002015,3.000000,0.000000,-4.186590,0.712542,11.717069,10.551608,27.800028,14.971992,4.064741,14.936114,21.350092,16.827065,17.158072,16.695690,14.331161,17.020315,10.793926,43.468254,13.329840,17.846167,3.487868,-12.822640,-14.937260,8.791421,2.725037,3.930523,-10.090604,-3.998803,4.708465,-6.427258,-6.015624,-13.130002,-15.235093,-9.600587,0.000000,187.000000,4.000000,,,,0.000000,4.000000,4.000000,4.000000,4.000000,4.000000,4.000000,4.000000,4.000000,4.000000,4.000000,4.000000,4.000000,4.000000,4.000000,4.000000,4.000000,4.000000,4.000000,2.000000,4.000000,4.000000,4.000000,4.000000,4.000000,4.000000,4.000000,4.000000,4.000000,4.000000,4.000000,4.000000,4.000000,83.333336
1614076761.009764,4.000000,0.000000,-4.695224,1.224650,12.218172,10.541057,27.772228,14.957020,4.060677,14.921179,21.328743,16.297417,9.448606,12.576430,4.573240,5.208424,-9.729688,12.142735,3.060100,1.930885,1.945918,-23.066227,-17.486425,8.269809,2.722312,-0.688792,-10.080513,-2.969163,4.703757,-6.420831,-3.958326,-13.116873,-12.142936,-0.873038,0.000000,192.000000,4.000000,,,,0.000000,4.000000,4.000000,4.000000,4.000000,4.000000,4.000000,4.000000,4.000000,4.000000,4.000000,4.000000,4.000000,4.000000,4.000000,4.000000,4.000000,4.000000,4.000000,2.000000,4.000000,4.000000,4.000000,4.000000,4.000000,4.000000,4.000000,4.000000,4.000000,4.000000,4.000000,4.000000,4.000000,83.333336
1614076761.017414,5.000000,0.000000,-4.690528,1.223425,11.693133,10.530516,27.744455,14.942062,4.056616,12.342155,21.307413,16.281118,0.721209,4.358726,-4.149282,-6.078836,-19.976368,-14.536074,-5.660909,8.595621,-6.261156,-23.043161,-16.956118,-10.199999,0.668307,-4.790668,-10.070433,-2.966194,4.186233,-6.414410,-2.415906,-13.103756,-9.053869,8.358604,0.000000,184.000000,4.000000,,,,0.000000,4.000000,4.000000,4.000000,4.000000,4.000000,4.000000,4.000000,4.000000,4.000000,4.000000,4.000000,4.000000,4.000000,4.000000,4.000000,4.000000,4.000000,4.000000,2.000000,4.000000,4.000000,4.000000,4.000000,4.000000,4.000000,4.000000,4.000000,4.000000,4.000000,4.000000,4.000000,4.000000,83.333336
1614076761.025163,6.000000,0.000000,-4.685838,1.222202,11.681440,10.519985,27.716711,14.927120,4.052559,8.227248,21.286106,12.675094,-1.843615,-0.261018,-6.196415,-7.098398,-18.417931,-9.906154,-6.168068,1.920358,-12.921561,-25.071400,-16.939161,-16.343645,-1.383643,-4.785877,-9.547542,-3.476049,4.694867,-6.407996,-2.413491,-13.090652,-10.583277,9.888707,0.000000,183.000000,4.000000,,,,0.000000,4.000000,4.000000,4.000000,4.000000,4.000000,4.000000,4.000000,4.000000,4.000000,4.000000,4.000000,4.000000,4.000000,4.000000,4.000000,4.000000,4.000000,4.000000,2.000000,4.000000,4.000000,4.000000,4.000000,4.000000,4.000000,4.000000,4.000000,4.000000,4.000000,4.000000,4.000000,4.000000,83.333336
1614076761.032812,7.000000,0.000000,-4.681152,1.220980,12.182579,10.509465,27.176174,14.912193,4.048507,7.193380,21.264820,8.559855,-0.816130,2.303346,-3.626116,-0.424633,-7.117461,13.693497,-5.136260,0.892797,4.527257,-25.046329,-17.435043,-13.250379,-0.869439,-4.268270,-10.050815,-3.472573,5.202992,-6.401587,-4.462359,-13.077561,-10.572694,7.827537,0.000000,187.000000,4.000000,,,,0.000000,4.000000,4.000000,4.000000,4.000000,4.000000,4.000000,4.000000,4.000000,4.000000,4.000000,4.000000,4.000000,4.000000,4.000000,4.000000,4.000000,4.000000,4.000000,2.000000,4.000000,4.000000,4.000000,4.000000,4.000000,4.000000,4.000000,4.000000,4.000000,4.000000,4.000000,4.000000,4.000000,83.333336
1614076761.040561,8.000000,0.000000,-4.676471,1.219759,12.170397,11.011776,27.661819,14.897281,4.044458,7.699008,21.243555,8.551295,-1.328135,3.839504,1.505715,6.755279,2.120425,23.423393,-6.156764,16.276520,17.343243,-27.072565,-16.904787,-13.749949,-2.919852,-5.289643,-15.168969,-3.469100,2.120867,-6.395186,-6.509179,-13.577304,-9.536480,4.229965,0.000000,178.000000,4.000000,,,,0.000000,4.000000,4.000000,4.000000,4.000000,4.000000,4.000000,4.000000,4.000000,4.000000,4.000000,4.000000,4.000000,4.000000,4.000000,4.000000,4.000000,4.000000,4.000000,2.000000,4.000000,4.000000,4.000000,4.000000,4.000000,4.000000,4.000000,4.000000,4.000000,4.000000,4.000000,4.000000,4.000000,83.333336
1614076761.048210,9.000000,0.000000,-4.671794,1.218539,12.158226,9.462302,26.608517,14.882383,4.040413,7.178488,21.222313,9.055564,-0.301166,4.861306,6.632415,10.338267,5.195228,28.015354,-2.048043,21.388449,11.684875,-25.507030,-15.862242,-10.146455,-3.942573,-5.284354,-16.179441,-3.465631,-2.496639,-6.388791,-3.938567,-12.538086,-9.526943,1.148812,0.000000,199.000000,4.000000,,,,0.000000,4.000000,4.000000,4.000000,4.000000,4.000000,4.000000,4.000000,4.000000,4.000000,4.000000,4.000000,4.000000,4.000000,4.000000,4.000000,4.000000,4.000000,4.000000,2.000000,4.000000,4.000000,4.000000,4.000000,4.000000,4.000000,4.000000,4.000000,4.000000,4.000000,4.000000,4.000000,4.000000,83.333336
1614076761.055959,10.000000,0.000000,-4.667123,1.217320,12.146068,7.401558,22.992165,14.867501,4.036373,7.684130,21.201090,9.046509,3.288879,10.497470,8.164244,11.353570,13.395161,55.679646,2.056569,38.802956,11.160369,-8.045627,-11.743815,-2.956821,0.163934,-3.227787,-9.496595,-3.462165,-3.519783,-6.382402,0.680756,-10.474266,-10.030237,3.198946,0.000000,179.000000,4.000000,,,,0.000000,4.000000,4.000000,4.000000,4.000000,4.000000,4.000000,4.000000,4.000000,4.000000,4.000000,4.000000,4.000000,4.000000,4.000000,4.000000,4.000000,4.000000,4.000000,2.000000,4.000000,4.000000,4.000000,4.000000,4.000000,4.000000,4.000000,4.000000,4.000000,4.000000,4.000000,4.000000,4.000000,83.333336
1614076761.063608,11.000000,0.000000,-4.662456,1.216103,12.133922,6.368516,19.892248,14.852633,4.032337,8.189266,21.179890,8.524641,1.747129,12.025434,6.104797,6.214011,17.484329,53.059864,2.567333,41.328259,11.662029,-0.858094,-9.167969,-1.415403,3.240693,-1.173277,-4.871714,-3.971524,-3.003443,-6.888840,0.680075,-10.463791,-11.045848,4.734208,0.000000,198.000000,4.000000,,,,0.000000,4.000000,4.000000,4.000000,4.000000,4.000000,4.000000,4.000000,4.000000,4.000000,4.000000,4.000000,4.000000,4.000000,4.000000,4.000000,4.000000,4.000000,4.000000,2.000000,4.000000,4.000000,4.000000,4.000000,4.000000,4.000000,4.000000,4.000000,4.000000,4.000000,4.000000,4.000000,4.000000,83.333336
1614076761.071457,12.000000,0.000000,-4.657793,1.214887,12.121788,6.874968,19.872356,14.837781,4.028305,5.104154,21.158709,9.028937,-5.434105,9.449306,0.970488,-5.587074,0.543769,20.699112,1.539124,8.979237,0.881136,-19.318773,-10.697263,-2.439629,2.724632,-0.659284,-6.405303,-3.454731,-3.000440,-6.369131,0.166575,-7.889225,-10.009161,4.216653,0.000000,192.000000,4.000000,,,,0.000000,4.000000,4.000000,4.000000,4.000000,4.000000,4.000000,4.000000,4.000000,4.000000,4.000000,4.000000,4.000000,4.000000,4.000000,4.000000,4.000000,4.000000,4.000000,2.000000,4.000000,4.000000,4.000000,4.000000,4.000000,4.000000,4.000000,4.000000,4.000000,4.000000,4.000000,4.000000,4.000000,83.333336
1614076761.079207,13.000000,0.000000,-4.653135,0.700852,12.109666,6.868093,20.365305,14.822944,4.024276,0.996486,21.137550,9.019909,-9.018415,8.414216,-1.081765,-9.171231,-9.200365,6.319438,2.563226,-10.004102,-6.299232,-26.991762,-13.250668,-2.437189,4.773189,-1.171445,-6.398898,-3.451277,-2.997439,-2.773018,0.679229,-2.753131,-9.486331,4.725257,0.000000,171.000000,4.000000,,,,0.000000,4.000000,4.000000,4.000000,4.000000,4.000000,4.000000,4.000000,4.000000,4.000000,4.000000,4.000000,4.000000,4.000000,4.000000,4.000000,4.000000,4.000000,4.000000,2.000000,4.000000,4.000000,4.000000,4.000000,4.000000,4.000000,4.000000,4.000000,4.000000,4.000000,4.000000,4.000000,4.000000,83.333336
1614076761.087055,14.000000,0.000000,-4.648482,1.212971,12.097556,6.861225,20.857759,14.808121,4.020252,-0.030152,21.116413,8.498068,-7.983756,4.303237,0.457778,-4.546675,1.065246,39.133633,3.586304,22.826414,-6.805754,-18.246822,-13.237417,-1.921931,7.332519,-0.657453,-5.366858,-3.447826,-2.994442,0.306678,0.165729,-1.724736,-11.528127,5.233353,0.000000,204.000000,4.000000,,,,0.000000,4.000000,4.000000,4.000000,4.000000,4.000000,4.000000,4.000000,4.000000,4.000000,4.000000,4.000000,4.000000,4.000000,4.000000,4.000000,4.000000,4.000000,4.000000,2.000000,4.000000,4.000000,4.000000,4.000000,4.000000,4.000000,4.000000,4.000000,4.000000,4.000000,4.000000,4.000000,4.000000,83.333336
1614076761.094805,15.000000,0.000000,-5.156654,3.775861,12.085459,6.854363,19.811260,15.818954,4.016232,-0.030122,21.095297,6.438288,-7.975772,-2.367733,-4.158064,-9.157513,-3.038384,36.017574,-0.519846,34.598461,-3.209204,-18.741396,-12.198539,-1.920009,6.812366,-0.656795,-6.387133,-2.931557,-2.991447,0.819192,4.268127,-0.697371,-6.901214,4.202478,0.000000,178.000000,4.000000,,,,0.000000,4.000000,4.000000,4.000000,4.000000,4.000000,4.000000,4.000000,4.000000,4.000000,4.000000,4.000000,4.000000,4.000000,4.000000,4.000000,4.000000,4.000000,4.000000,2.000000,4.000000,4.000000,4.000000,4.000000,4.000000,4.000000,4.000000,4.000000,4.000000,4.000000,4.000000,4.000000,4.000000,83.333336
1614076761.102654,16.000000,0.000000,-3.100216,5.310546,12.073374,6.847509,20.304270,14.777493,4.012216,1.508370,20.561380,4.893388,-8.480617,-4.416647,-7.230829,-8.122715,-13.291756,15.468737,-1.544967,16.615145,6.024774,-19.748295,-10.135058,-3.456551,6.805553,-1.168959,-6.380745,2.712400,-0.937174,3.382475,10.930526,8.534096,6.951841,7.275199,0.000000,177.000000,4.000000,,,,0.000000,4.000000,4.000000,4.000000,4.000000,4.000000,4.000000,4.000000,4.000000,4.000000,4.000000,4.000000,4.000000,4.000000,4.000000,4.000000,4.000000,4.000000,4.000000,2.000000,4.000000,4.000000,4.000000,4.000000,4.000000,4.000000,4.000000,4.000000,4.000000,4.000000,4.000000,4.000000,4.000000,83.333336
1614076761.110403,17.000000,0.000000,-1.045833,5.305236,12.574121,6.840662,22.335247,14.762716,4.521024,5.096605,21.566460,5.401315,-4.882392,-1.848128,2.007171,9.321305,-4.560515,21.094294,4.610424,21.726734,2.941826,-16.651625,-9.099282,-0.888992,6.285927,-1.167790,-5.861544,7.837893,1.115045,7.481657,12.458056,14.166588,13.611556,12.396129,0.000000,204.000000,4.000000,,,,0.000000,4.000000,4.000000,4.000000,4.000000,4.000000,4.000000,4.000000,4.000000,4.000000,4.000000,4.000000,4.000000,4.000000,4.000000,4.000000,4.000000,4.000000,4.000000,2.000000,4.000000,4.000000,4.000000,4.000000,4.000000,4.000000,4.000000,4.000000,4.000000,4.000000,4.000000,4.000000,4.000000,83.333336
1614076761.118252,18.000000,0.000000,-0.531967,4.787110,12.048726,5.295360,15.646246,16.286415,2.978041,7.142791,21.032074,5.395914,-1.287766,0.205002,6.107728,16.491472,0.572251,17.996277,1.016070,4.781930,-11.932910,-26.891382,-11.141465,3.727282,3.715539,-0.653802,-7.394144,3.214670,0.088289,7.474175,12.445599,7.998575,6.418457,10.332451,0.000000,217.000000,4.000000,,,,0.000000,4.000000,4.000000,4.000000,4.000000,4.000000,4.000000,4.000000,4.000000,4.000000,4.000000,4.000000,4.000000,4.000000,4.000000,4.000000,4.000000,4.000000,4.000000,2.000000,4.000000,4.000000,4.000000,4.000000,4.000000,4.000000,4.000000,4.000000,4.000000,4.000000,4.000000,4.000000,4.000000,83.333336
1614076761.126001,19.000000,0.000000,-1.044256,4.782323,7.934113,3.238782,2.297266,10.629103,0.923781,5.084366,15.370015,4.877697,-0.260838,0.717618,-1.590687,6.218570,-9.171911,13.875716,-10.779819,-15.222852,-11.920978,-36.608082,-13.181605,3.210734,0.634900,-2.704430,-9.438032,-3.455211,-2.475902,4.389778,10.894691,-0.727373,0.258192,4.168272,0.000000,201.000000,4.000000,,,,0.000000,4.000000,4.000000,4.000000,4.000000,4.000000,4.000000,4.000000,4.000000,4.000000,4.000000,4.000000,4.000000,4.000000,4.000000,4.000000,4.000000,4.000000,4.000000,2.000000,4.000000,4.000000,4.000000,4.000000,4.000000,4.000000,4.000000,4.000000,4.000000,4.000000,4.000000,4.000000,4.000000,83.333336
1614076761.133850,20.000000,0.000000,-0.530391,5.290361,4.336435,2.722723,-3.346056,-3.227680,-0.102784,2.515179,9.713619,5.385640,-0.260577,0.716900,-4.666020,1.596967,-9.162740,34.887482,-10.256218,7.869294,-5.755210,-27.853525,-13.168424,-1.920682,-0.904196,-5.778649,-10.454235,-4.477397,-2.986246,4.385388,3.704310,-3.290748,1.283575,3.651283,0.000000,191.000000,4.000000,,,,0.000000,4.000000,4.000000,4.000000,4.000000,4.000000,4.000000,4.000000,4.000000,4.000000,4.000000,4.000000,4.000000,4.000000,4.000000,4.000000,4.000000,4.000000,4.000000,2.000000,4.000000,4.000000,4.000000,4.000000,4.000000,4.000000,4.000000,4.000000,4.000000,4.000000,4.000000,4.000000,4.000000,83.333336
1614076761.141599,21.000000,0.000000,-1.555501,5.285071,4.332099,3.232821,-1.291428,-8.865479,0.410140,-1.077080,9.191086,5.380255,-0.260316,1.229004,-0.558790,4.159472,-0.948449,40.493618,-1.528013,19.143476,-5.236634,-17.056440,-13.155255,-2.944402,-0.903292,-8.336973,-9.930961,-2.934458,-2.983260,5.919465,-0.401959,-1.748996,1.282292,5.186093,0.000000,204.000000,4.000000,,,,0.000000,4.000000,4.000000,4.000000,4.000000,4.000000,4.000000,4.000000,4.000000,4.000000,4.000000,4.000000,4.000000,4.000000,4.000000,4.000000,4.000000,4.000000,4.000000,2.000000,4.000000,4.000000,4.000000,4.000000,4.000000,4.000000,4.000000,4.000000,4.000000,4.000000,4.000000,4.000000,4.000000,83.333336
1614076761.149448,22.000000,0.000000,-4.118049,3.228504,4.840588,3.229588,-1.802958,-4.754049,0.409729,-3.127285,10.207536,5.374875,-1.798517,-0.310687,-0.045410,0.052749,-0.947500,27.119793,-0.500844,8.867923,1.948089,-13.962461,-13.142100,-1.915817,-0.902389,-8.328636,-9.921029,-3.957165,-2.980277,4.375083,0.624084,-3.285708,0.255368,3.129625,0.000000,190.000000,4.000000,,,,0.000000,4.000000,4.000000,4.000000,4.000000,4.000000,4.000000,4.000000,4.000000,4.000000,4.000000,4.000000,4.000000,4.000000,4.000000,4.000000,4.000000,4.000000,4.000000,2.000000,4.000000,4.000000,4.000000,4.000000,4.000000,4.000000,4.000000,4.000000,4.000000,4.000000,4.000000,4.000000,4.000000,83.333336
1614076761.157197,23.000000,0.000000,-5.139572,1.173993,4.322927,3.226358,-2.313975,-3.210833,0.409320,-3.124158,9.684507,5.369500,-4.873642,-2.874479,-0.558185,-5.588330,-2.485014,24.528570,-2.551625,10.910336,1.433321,-14.461319,-14.667419,-2.426722,-0.901486,-8.320307,-10.936749,-3.953207,-2.977296,0.780965,-0.915001,-4.308064,0.255113,5.177778,0.000000,195.000000,4.000000,,,,0.000000,4.000000,4.000000,4.000000,4.000000,4.000000,4.000000,4.000000,4.000000,4.000000,4.000000,4.000000,4.000000,4.000000,4.000000,4.000000,4.000000,4.000000,4.000000,2.000000,4.000000,4.000000,4.000000,4.000000,4.000000,4.000000,4.000000,4.000000,4.000000,4.000000,4.000000,4.000000,4.000000,83.333336
1614076761.165046,24.000000,0.000000,-4.621612,0.659999,4.318604,3.223132,-1.798841,-4.233263,0.408910,-4.659495,9.674823,4.851309,-7.945692,-3.897245,-1.583268,-6.608383,-4.020991,22.965580,-2.036253,0.130196,-10.875805,-18.549421,-17.216854,-2.937115,-0.900585,-8.311987,-9.900171,-0.359511,-3.999960,0.780184,1.137196,3.388552,0.254858,14.916189,0.000000,199.000000,4.000000,,,,0.000000,4.000000,4.000000,4.000000,4.000000,4.000000,4.000000,4.000000,4.000000,4.000000,4.000000,4.000000,4.000000,4.000000,4.000000,4.000000,4.000000,4.000000,4.000000,2.000000,4.000000,4.000000,4.000000,4.000000,4.000000,4.000000,4.000000,4.000000,4.000000,4.000000,4.000000,4.000000,4.000000,83.333336
1614076761.172795,25.000000,0.000000,-4.616990,1.172159,4.314285,3.219908,-2.309862,-3.716209,0.408501,-6.706118,10.177969,4.846458,-8.450566,-2.867707,-3.632967,-5.063313,-5.555431,26.019537,-1.521396,-6.023781,-6.249545,-20.582153,-17.199638,-2.934178,-0.899684,-8.303675,-7.838989,3.230592,-2.970319,1.292224,9.341187,12.103112,0.254603,20.542299,0.000000,216.000000,4.000000,,,,0.000000,4.000000,4.000000,4.000000,4.000000,4.000000,4.000000,4.000000,4.000000,4.000000,4.000000,4.000000,4.000000,4.000000,4.000000,4.000000,4.000000,4.000000,4.000000,2.000000,4.000000,4.000000,4.000000,4.000000,4.000000,4.000000,4.000000,4.000000,4.000000,4.000000,4.000000,4.000000,4.000000,83.333336
1614076761.180644,26.000000,0.000000,-4.612373,1.170987,4.822791,2.703868,0.256550,-4.225314,0.408093,-4.648129,9.654970,5.354432,-8.442116,-2.864839,-4.654975,-4.545429,-5.549876,45.993519,-1.007054,20.136089,1.961833,-21.587214,-14.105515,-2.418424,-0.898785,-8.295371,-6.805510,4.253003,-2.454528,-4.862915,9.331845,12.603830,0.767169,18.470474,0.000000,126.000000,4.000000,,,,0.000000,4.000000,4.000000,4.000000,4.000000,4.000000,4.000000,4.000000,4.000000,4.000000,4.000000,4.000000,4.000000,4.000000,4.000000,4.000000,4.000000,4.000000,4.000000,2.000000,4.000000,4.000000,4.000000,4.000000,4.000000,4.000000,4.000000,4.000000,4.000000,4.000000,4.000000,4.000000,4.000000,83.333336
1614076761.188393,27.000000,0.000000,-5.120581,1.169816,4.305148,3.213985,1.794755,-2.169806,-0.105136,-2.592199,10.158135,4.836257,-9.459314,-4.400436,-5.163141,-7.104986,-7.082788,49.024448,-3.570150,24.218517,-6.245257,-25.155369,-13.578589,-2.416005,-1.410706,-8.287076,-5.260242,3.735929,-5.016176,-10.499077,5.219950,12.078405,0.253581,19.477646,0.000000,202.000000,4.000000,,,,0.000000,4.000000,4.000000,4.000000,4.000000,4.000000,4.000000,4.000000,4.000000,4.000000,4.000000,4.000000,4.000000,4.000000,4.000000,4.000000,4.000000,4.000000,4.000000,2.000000,4.000000,4.000000,4.000000,4.000000,4.000000,4.000000,4.000000,4.000000,4.000000,4.000000,4.000000,4.000000,4.000000,83.333336
1614076761.196242,28.000000,0.000000,-4.089819,1.168646,5.839304,3.210771,2.305781,2.447748,1.433431,-3.102427,12.199260,5.344242,-4.321650,-0.806292,-4.132337,-1.969676,-5.537243,36.667732,-6.130682,13.937888,3.504578,-21.540470,-13.052190,-3.439230,-0.896475,-8.278789,-0.639597,3.732193,-1.421417,-6.898834,10.855756,17.194532,0.766148,22.535091,0.000000,167.000000,4.000000,,,,0.000000,4.000000,4.000000,4.000000,4.000000,4.000000,4.000000,4.000000,4.000000,4.000000,4.000000,4.000000,4.000000,4.000000,4.000000,4.000000,4.000000,4.000000,4.000000,2.000000,4.000000,4.000000,4.000000,4.000000,4.000000,4.000000,4.000000,4.000000,4.000000,4.000000,4.000000,4.000000,4.000000,83.333336
1614076761.203991,29.000000,0.000000,-2.034447,1.167478,11.987311,2.694740,6.918860,2.958121,3.483280,-3.099325,14.238342,9.441462,6.451902,6.374002,1.000001,14.955371,6.775987,49.451576,0.029295,32.385490,19.398510,-12.288160,-7.398112,-1.897329,-0.895579,-6.219228,1.925145,4.241282,8.323595,-2.789371,16.485926,20.767082,5.380766,22.512556,0.000000,198.000000,4.000000,,,,0.000000,4.000000,4.000000,4.000000,4.000000,4.000000,4.000000,4.000000,4.000000,4.000000,4.000000,4.000000,4.000000,4.000000,4.000000,4.000000,4.000000,4.000000,4.000000,2.000000,4.000000,4.000000,4.000000,4.000000,4.000000,4.000000,4.000000,4.000000,4.000000,4.000000,4.000000,4.000000,4.000000,83.333336
1614076761.211640,30.000000,0.000000,-0.493951,1.166310,18.641991,3.204865,13.065787,5.519265,4.505437,-2.583405,14.224104,13.021764,11.573655,8.931730,6.127206,26.222467,17.025621,67.863663,5.670291,32.865925,7.584239,-10.224590,-2.262509,3.745594,-1.920324,-4.161726,0.897579,6.288322,9.853732,-2.786582,15.443798,19.207853,8.452309,23.515684,0.000000,205.000000,4.000000,,,,0.000000,4.000000,4.000000,4.000000,4.000000,4.000000,4.000000,4.000000,4.000000,4.000000,4.000000,4.000000,4.000000,4.000000,4.000000,4.000000,4.000000,4.000000,4.000000,2.000000,4.000000,4.000000,4.000000,4.000000,4.000000,4.000000,4.000000,4.000000,4.000000,4.000000,4.000000,4.000000,4.000000,83.333336
1614076761.219389,31.000000,0.000000,-1.006278,1.165144,20.161810,7.304224,14.078362,14.744515,3.988111,-2.580822,13.697060,13.008741,10.023621,7.897158,7.146720,25.170603,17.521416,60.103493,3.100518,18.986904,7.576655,-8.163084,-1.234606,4.254669,0.132878,-4.670385,0.896681,7.820496,4.715673,-3.296616,14.402714,19.188644,7.931036,25.543451,0.000000,179.000000,4.000000,,,,0.000000,4.000000,4.000000,4.000000,4.000000,4.000000,4.000000,4.000000,4.000000,4.000000,4.000000,4.000000,4.000000,4.000000,4.000000,4.000000,4.000000,4.000000,4.000000,2.000000,4.000000,4.000000,4.000000,4.000000,4.000000,4.000000,4.000000,4.000000,4.000000,4.000000,4.000000,4.000000,4.000000,83.333336
1614076761.227038,32.000000,0.000000,-1.005272,1.163979,19.116007,10.886663,14.064284,17.806694,3.984123,-3.603882,13.683362,12.995733,10.526417,8.402081,9.190855,25.145433,19.042356,48.761337,4.635879,34.352531,25.517796,1.075848,0.305091,1.173491,4.748130,-4.665715,0.895784,7.299855,6.762240,-2.780499,15.413952,22.246380,7.923105,26.543549,8064.000000,0.000000,4.000000,,,,0.000000,4.000000,4.000000,4.000000,4.000000,4.000000,4.000000,4.000000,4.000000,4.000000,4.000000,4.000000,4.000000,4.000000,4.000000,4.000000,4.000000,4.000000,4.000000,2.000000,4.000000,4.000000,4.000000,4.000000,4.000000,4.000000,4.000000,4.000000,4.000000,4.000000,4.000000,4.000000,4.000000,83.333336
1614076761.234788,33.000000,0.000000,-0.491446,1.162815,19.096891,10.362957,13.024579,12.147861,3.980139,-3.087458,14.182500,11.444276,11.028711,7.880858,10.720126,25.120287,20.561775,49.738216,9.246628,30.728437,14.723047,5.177337,1.843247,4.762061,7.307484,-1.584126,0.894889,7.292555,8.293940,-2.777718,14.885717,22.736954,8.428002,28.055466,8064.000000,0.000000,4.000000,,,,0.000000,4.000000,4.000000,4.000000,4.000000,4.000000,4.000000,4.000000,4.000000,4.000000,4.000000,4.000000,4.000000,4.000000,4.000000,4.000000,4.000000,4.000000,4.000000,2.000000,4.000000,4.000000,4.000000,4.000000,4.000000,4.000000,4.000000,4.000000,4.000000,4.000000,4.000000,4.000000,4.000000,83.333336
1614076761.242437,34.000000,0.000000,-1.516596,1.161652,19.590614,10.352593,9.421810,10.084432,3.976159,-2.058729,12.629855,5.278986,8.453580,7.872977,6.094021,15.864398,19.002752,53.278221,7.698920,15.313093,4.451914,5.172159,1.328583,8.347042,6.274536,1.494381,3.458096,7.285263,3.157440,-2.774941,14.870831,22.714216,7.906754,29.565872,8064.000000,0.000000,4.000000,,,,0.000000,4.000000,4.000000,4.000000,4.000000,4.000000,4.000000,4.000000,4.000000,4.000000,4.000000,4.000000,4.000000,4.000000,4.000000,4.000000,4.000000,4.000000,4.000000,2.000000,4.000000,4.000000,4.000000,4.000000,4.000000,4.000000,4.000000,4.000000,4.000000,4.000000,4.000000,4.000000,4.000000,83.333336
1614076761.250186,35.000000,0.000000,-0.489438,1.160490,19.058203,10.855062,6.848286,12.125629,3.972183,-5.133594,10.565944,1.171142,6.393845,8.377925,2.498183,8.669046,16.932467,51.173660,7.178400,38.374702,18.293617,4.654167,2.352896,4.236131,6.268261,2.005707,4.480279,7.277977,-0.435461,-3.284986,14.343141,22.691502,8.411668,29.536306,8064.000000,0.000000,4.000000,,,,0.000000,4.000000,4.000000,4.000000,4.000000,4.000000,4.000000,4.000000,4.000000,4.000000,4.000000,4.000000,4.000000,4.000000,4.000000,4.000000,4.000000,4.000000,4.000000,2.000000,4.000000,4.000000,4.000000,4.000000,4.000000,4.000000,4.000000,4.000000,4.000000,4.000000,4.000000,4.000000,4.000000,83.333336
1614076761.257835,36.000000,0.000000,0.023872,1.159330,19.039145,9.818565,2.738874,11.087862,3.968211,-9.743845,10.042557,1.169971,5.874630,5.292624,2.495685,7.121915,6.146304,38.814796,3.581478,35.772224,2.377887,-9.709462,-0.213560,1.667793,6.774814,2.516522,4.475799,7.270699,-0.435025,-2.256060,14.841618,22.155991,10.454538,28.993950,8064.000000,0.000000,4.000000,,,,0.000000,4.000000,4.000000,4.000000,4.000000,4.000000,4.000000,4.000000,4.000000,4.000000,4.000000,4.000000,4.000000,4.000000,4.000000,4.000000,4.000000,4.000000,4.000000,2.000000,4.000000,4.000000,4.000000,4.000000,4.000000,4.000000,4.000000,4.000000,4.000000,4.000000,4.000000,4.000000,4.000000,83.333336
1614076761.265584,37.000000,0.000000,-4.078716,0.645350,19.020105,7.757465,-5.981814,10.563954,3.964242,-8.708460,9.006873,1.681622,6.381576,0.671947,1.980369,5.063511,-6.680356,31.083673,-6.165693,3.428761,-22.239876,-25.597189,-5.854372,0.127663,6.255218,2.514005,7.548246,7.263428,2.129512,0.310298,14.826776,23.159475,11.982545,29.477776,8064.000000,0.000000,4.000000,,,,0.000000,4.000000,4.000000,4.000000,4.000000,4.000000,4.000000,4.000000,4.000000,4.000000,4.000000,4.000000,4.000000,4.000000,4.000000,4.000000,4.000000,4.000000,4.000000,2.000000,4.000000,4.000000,4.000000,4.000000,4.000000,4.000000,4.000000,4.000000,4.000000,4.000000,4.000000,4.000000,4.000000,83.333336
1614076761.273233,38.000000,0.000000,-2.536176,1.157525,19.001085,6.211246,-10.078396,11.066211,3.960278,-3.571546,6.946585,0.654299,6.375195,2.722557,4.542491,7.622550,-1.032650,44.385921,-4.621066,19.835588,1.372108,-16.853642,-3.284415,1.153177,6.248963,1.998671,11.643262,7.256165,8.281229,1.335629,14.299129,25.187597,11.457742,29.448298,8064.000000,0.000000,4.000000,,,,0.000000,4.000000,4.000000,4.000000,4.000000,4.000000,4.000000,4.000000,4.000000,4.000000,4.000000,4.000000,4.000000,4.000000,4.000000,4.000000,4.000000,4.000000,4.000000,2.000000,4.000000,4.000000,4.000000,4.000000,4.000000,4.000000,4.000000,4.000000,4.000000,4.000000,4.000000,4.000000,4.000000,83.333336
1614076761.280982,39.000000,0.000000,4.133027,3.207650,18.982084,6.717855,-9.042677,11.055144,3.956318,-2.542334,5.913997,1.679286,6.368819,8.873680,12.230256,15.307236,11.276075,49.982563,7.178427,48.533703,16.755352,-0.426532,4.411177,11.408434,6.242714,6.099236,12.144439,7.248909,11.862691,0.821473,14.797650,26.188051,11.446284,28.906029,8064.000000,0.000000,4.000000,,,,0.000000,4.000000,4.000000,4.000000,4.000000,4.000000,4.000000,4.000000,4.000000,4.000000,4.000000,4.000000,4.000000,4.000000,4.000000,4.000000,4.000000,4.000000,4.000000,2.000000,4.000000,4.000000,4.000000,4.000000,4.000000,4.000000,4.000000,4.000000,4.000000,4.000000,4.000000,4.000000,4.000000,83.333336
1614076761.288631,40.000000,0.000000,3.103253,5.255724,18.963102,7.223958,-8.520814,12.069731,3.952362,-3.565432,6.420904,4.754529,6.362450,11.941730,14.782129,17.343210,11.777620,38.650528,10.248172,28.485168,-8.902430,1.625176,4.919587,19.089333,6.236471,12.246984,11.619474,7.241660,11.338008,0.820652,17.346954,26.161863,11.434838,29.389944,8064.000000,0.000000,4.000000,,,,0.000000,4.000000,4.000000,4.000000,4.000000,4.000000,4.000000,4.000000,4.000000,4.000000,4.000000,4.000000,4.000000,4.000000,4.000000,4.000000,4.000000,4.000000,4.000000,2.000000,4.000000,4.000000,4.000000,4.000000,4.000000,4.000000,4.000000,4.000000,4.000000,4.000000,4.000000,4.000000,4.000000,83.333336
1614076761.296381,41.000000,0.000000,-4.592158,4.737648,17.405678,6.191093,-9.025113,10.006378,3.948409,-3.049046,6.927303,5.775416,7.381729,11.416967,13.741706,17.325867,15.868406,48.868290,9.725103,26.405401,-14.534554,-0.427731,1.324923,9.326653,6.230235,14.286018,11.607855,7.234418,11.326670,0.819831,18.868069,26.135702,11.423403,29.873375,8064.000000,0.000000,4.000000,,,,0.000000,4.000000,4.000000,4.000000,4.000000,4.000000,4.000000,4.000000,4.000000,4.000000,4.000000,4.000000,4.000000,4.000000,4.000000,4.000000,4.000000,4.000000,4.000000,2.000000,4.000000,4.000000,4.000000,4.000000,4.000000,4.000000,4.000000,4.000000,4.000000,4.000000,4.000000,4.000000,4.000000,83.333336
1614076761.304030,42.000000,0.000000,-5.613207,4.732910,15.336990,2.595158,-8.503267,7.945090,3.944461,-2.533177,4.869094,3.205538,4.297424,11.405551,14.240785,17.821362,23.032024,74.460449,9.202558,50.994381,7.531263,1.623979,0.810778,0.086558,6.224005,13.758912,11.596247,7.227184,11.828164,0.819011,18.336382,26.109566,11.411980,27.792219,8192.000000,0.000000,4.000000,,,,0.000000,4.000000,4.000000,4.000000,4.000000,4.000000,4.000000,4.000000,4.000000,4.000000,4.000000,4.000000,4.000000,4.000000,4.000000,4.000000,4.000000,4.000000,4.000000,2.000000,4.000000,4.000000,4.000000,4.000000,4.000000,4.000000,4.000000,4.000000,4.000000,4.000000,4.000000,4.000000,4.000000,83.333336
1614076761.311779,43.000000,0.000000,-3.556311,5.240998,14.808833,-0.997181,-8.494764,8.449965,3.940516,-3.043464,1.274481,1.663871,0.190563,11.906965,14.226543,13.188156,15.316686,74.385986,0.475406,49.917744,11.113476,0.083893,1.835608,3.163394,6.217781,11.181050,11.584651,7.219957,11.816336,0.818192,18.318045,25.570635,11.400568,25.713144,8064.000000,0.000000,4.000000,,,,0.000000,4.000000,4.000000,4.000000,4.000000,4.000000,4.000000,4.000000,4.000000,4.000000,4.000000,4.000000,4.000000,4.000000,4.000000,4.000000,4.000000,4.000000,4.000000,2.000000,4.000000,4.000000,4.000000,4.000000,4.000000,4.000000,4.000000,4.000000,4.000000,4.000000,4.000000,4.000000,4.000000,83.333336
1614076761.319428,44.000000,0.000000,-4.578396,5.235757,15.819665,-0.483363,-7.973449,5.877413,3.936576,-3.040421,-1.290896,2.687848,-1.348089,11.895059,12.161036,7.533942,5.044959,51.747498,-4.140454,44.739620,3.922875,-2.993114,1.833773,5.724334,6.724383,7.067305,11.573066,7.212737,11.804520,0.817374,18.299726,26.057886,11.901988,26.200253,8064.000000,0.000000,4.000000,,,,0.000000,4.000000,4.000000,4.000000,4.000000,4.000000,4.000000,4.000000,4.000000,4.000000,4.000000,4.000000,4.000000,4.000000,4.000000,4.000000,4.000000,4.000000,4.000000,2.000000,4.000000,4.000000,4.000000,4.000000,4.000000,4.000000,4.000000,4.000000,4.000000,4.000000,4.000000,4.000000,4.000000,83.333336
1614076761.327277,45.000000,0.000000,-5.086638,4.717700,15.803845,0.029941,-7.965476,-1.307952,3.932639,-3.037380,-0.776785,0.633878,-0.833921,9.831882,10.610413,5.987947,5.039914,34.772671,0.991892,41.617958,4.944593,-2.477300,1.831939,4.692968,6.717659,5.521776,11.561493,7.205524,11.279895,0.816556,18.281427,26.031828,11.377265,24.635590,8064.000000,0.000000,4.000000,,,,0.000000,4.000000,4.000000,4.000000,4.000000,4.000000,4.000000,4.000000,4.000000,4.000000,4.000000,4.000000,4.000000,4.000000,4.000000,4.000000,4.000000,4.000000,4.000000,2.000000,4.000000,4.000000,4.000000,4.000000,4.000000,4.000000,4.000000,4.000000,4.000000,4.000000,4.000000,4.000000,4.000000,83.333336
1614076761.335026,46.000000,0.000000,-4.568731,5.225803,15.275221,0.029911,-7.957510,-3.870746,4.441527,-3.034343,-0.263187,-1.418038,-0.833087,8.283588,8.548520,3.930677,4.009233,28.584053,-0.034741,20.550699,6.990931,-2.987643,1.317286,5.201096,4.146839,6.541895,11.549932,7.198318,11.781435,0.815740,18.263145,25.492975,11.365888,22.046852,8064.000000,0.000000,4.000000,,,,0.000000,4.000000,4.000000,4.000000,4.000000,4.000000,4.000000,4.000000,4.000000,4.000000,4.000000,4.000000,4.000000,4.000000,4.000000,4.000000,4.000000,4.000000,4.000000,2.000000,4.000000,4.000000,4.000000,4.000000,4.000000,4.000000,4.000000,4.000000,4.000000,4.000000,4.000000,4.000000,4.000000,83.333336
1614076761.342875,47.000000,0.000000,-4.051342,5.220578,15.772766,0.029881,-7.436732,-2.841234,3.924265,-3.031308,-0.775745,-1.416620,-0.319433,7.762484,7.001510,2.901105,1.953941,29.581110,-5.675732,13.350662,5.958299,-6.574399,2.341610,1.093331,2.604230,6.022533,11.538382,7.191120,11.769653,0.814924,18.244883,27.518764,11.867343,26.127369,8064.000000,0.000000,4.000000,,,,0.000000,4.000000,4.000000,4.000000,4.000000,4.000000,4.000000,4.000000,4.000000,4.000000,4.000000,4.000000,4.000000,4.000000,4.000000,4.000000,4.000000,4.000000,4.000000,2.000000,4.000000,4.000000,4.000000,4.000000,4.000000,4.000000,4.000000,4.000000,4.000000,4.000000,4.000000,4.000000,4.000000,83.333336
1614076761.350624,48.000000,0.000000,-6.098573,3.164075,16.269814,-2.534251,-9.993398,-5.402496,1.869059,-3.028277,-1.287789,-3.466485,-2.883217,6.216260,6.994509,2.385383,1.439167,30.577169,-6.182877,25.645004,5.439520,-9.644748,1.826448,-2.497506,2.088806,6.016510,11.526843,7.183929,7.142499,0.814109,18.226637,29.029707,10.829834,29.178165,8064.000000,0.000000,4.000000,,,,0.000000,4.000000,4.000000,4.000000,4.000000,4.000000,4.000000,4.000000,4.000000,4.000000,4.000000,4.000000,4.000000,4.000000,4.000000,4.000000,4.000000,4.000000,4.000000,2.000000,4.000000,4.000000,4.000000,4.000000,4.000000,4.000000,4.000000,4.000000,4.000000,4.000000,4.000000,4.000000,4.000000,83.333336
1614076761.358473,49.000000,0.000000,-8.143756,2.135270,10.612519,-5.095819,-16.650072,-6.422734,-0.184092,-3.025249,-0.260861,-9.616865,-9.034180,4.158762,1.346488,-6.847771,-7.793042,28.495312,-4.638232,26.132179,3.895619,-14.250487,-5.354866,0.581914,0.035435,4.472033,11.515316,6.151104,1.494331,0.813295,18.208410,26.949396,5.690799,24.020782,8064.000000,0.000000,4.000000,,,,0.000000,4.000000,4.000000,4.000000,4.000000,4.000000,4.000000,4.000000,4.000000,4.000000,4.000000,4.000000,4.000000,4.000000,4.000000,4.000000,4.000000,4.000000,4.000000,2.000000,4.000000,4.000000,4.000000,4.000000,4.000000,4.000000,4.000000,4.000000,4.000000,4.000000,4.000000,4.000000,4.000000,83.333336
1614076761.366222,50.000000,0.000000,-8.135612,0.594673,2.909599,-9.706108,-21.761627,-7.954773,0.328912,-3.022224,0.252221,-18.325197,-13.127709,2.616141,-6.859986,-18.635796,-17.016018,30.518099,-5.146415,18.926559,2.353262,-20.390083,-14.067459,-0.957129,-1.503062,1.390638,11.503801,4.093671,-0.558445,0.812482,18.190203,25.896805,3.633826,17.842915,8064.000000,0.000000,4.000000,,,,0.000000,4.000000,4.000000,4.000000,4.000000,4.000000,4.000000,4.000000,4.000000,4.000000,4.000000,4.000000,4.000000,4.000000,4.000000,4.000000,4.000000,4.000000,4.000000,2.000000,4.000000,4.000000,4.000000,4.000000,4.000000,4.000000,4.000000,4.000000,4.000000,4.000000,4.000000,4.000000,4.000000,83.333336
1614076761.374071,51.000000,0.000000,-8.127477,-4.534127,-0.170234,-19.952812,-24.816788,-15.639126,0.841404,-3.019201,-6.414698,-25.999180,-15.165864,0.562243,-9.417229,-21.181261,-18.024643,23.820913,-7.192550,4.035839,0.299626,-22.420975,-17.643135,-10.699761,-1.501559,-2.713317,11.492297,3.063936,-0.557887,0.811669,18.172012,24.845266,3.630193,15.773790,8064.000000,0.000000,4.000000,,,,0.000000,4.000000,4.000000,4.000000,4.000000,4.000000,4.000000,4.000000,4.000000,4.000000,4.000000,4.000000,4.000000,4.000000,4.000000,4.000000,4.000000,4.000000,4.000000,2.000000,4.000000,4.000000,4.000000,4.000000,4.000000,4.000000,4.000000,4.000000,4.000000,4.000000,4.000000,4.000000,4.000000,83.333336
1614076761.381820,52.000000,0.000000,-8.119349,-6.068054,0.855577,-23.009783,-26.843252,-20.238871,-0.185078,-3.016182,-12.562130,-28.537283,-15.663518,0.048860,-9.407812,-20.134439,-19.032259,4.309913,-9.749460,-12.891274,-4.316058,-21.885735,-17.625492,-14.791626,-0.987237,-5.787527,10.967984,3.060872,0.981133,0.298037,18.153841,22.769140,3.113742,14.219555,8064.000000,0.000000,4.000000,,,,0.000000,4.000000,4.000000,4.000000,4.000000,4.000000,4.000000,4.000000,4.000000,4.000000,4.000000,4.000000,4.000000,4.000000,4.000000,4.000000,4.000000,4.000000,4.000000,2.000000,4.000000,4.000000,4.000000,4.000000,4.000000,4.000000,4.000000,4.000000,4.000000,4.000000,4.000000,4.000000,4.000000,83.333336
1614076761.389669,53.000000,0.000000,-8.111230,-0.933781,0.854722,-10.679081,-22.713846,-12.526325,0.327927,-3.013166,-8.959824,-26.457462,-15.647855,0.561632,-7.347122,-13.447639,-11.833739,9.946629,-6.149967,4.557515,-5.850203,-21.351028,-15.043764,-10.674271,-0.986250,-3.730458,11.469837,5.109093,3.544254,1.323380,18.135687,24.284832,6.187551,14.205335,8064.000000,0.000000,4.000000,,,,0.000000,4.000000,4.000000,4.000000,4.000000,4.000000,4.000000,4.000000,4.000000,4.000000,4.000000,4.000000,4.000000,4.000000,4.000000,4.000000,4.000000,4.000000,4.000000,2.000000,4.000000,4.000000,4.000000,4.000000,4.000000,4.000000,4.000000,4.000000,4.000000,4.000000,4.000000,4.000000,4.000000,83.333336
1614076761.397418,54.000000,0.000000,-8.103119,1.118435,0.341046,-5.027376,-19.614208,-10.975337,0.840420,-3.010153,-7.925223,-24.379725,-15.119387,0.561070,-0.160287,-2.664960,6.639633,42.757195,-2.041253,33.783726,-5.844353,-20.816856,-10.926157,-6.561032,-0.985264,1.401478,11.458367,8.693727,4.053530,3.373339,18.117550,28.875933,10.796748,13.678309,8192.000000,0.000000,4.000000,,,,0.000000,4.000000,4.000000,4.000000,4.000000,4.000000,4.000000,4.000000,4.000000,4.000000,4.000000,4.000000,4.000000,4.000000,4.000000,4.000000,4.000000,4.000000,4.000000,2.000000,4.000000,4.000000,4.000000,4.000000,4.000000,4.000000,4.000000,4.000000,4.000000,4.000000,4.000000,4.000000,4.000000,83.333336
1614076761.405267,55.000000,0.000000,-8.095016,-2.472427,0.853526,-13.740297,-23.697159,-22.246412,-1.724523,-3.007143,-19.199348,-26.406626,-15.617087,0.047689,3.429616,-2.149475,12.274018,46.304180,-2.552032,30.160198,-5.325688,-21.308859,-9.889589,-6.554471,-1.497099,1.912897,10.934088,10.736317,4.049477,4.908427,18.099434,29.872698,9.247490,13.664631,8064.000000,0.000000,4.000000,,,,0.000000,4.000000,4.000000,4.000000,4.000000,4.000000,4.000000,4.000000,4.000000,4.000000,4.000000,4.000000,4.000000,4.000000,4.000000,4.000000,4.000000,4.000000,4.000000,2.000000,4.000000,4.000000,4.000000,4.000000,4.000000,4.000000,4.000000,4.000000,4.000000,4.000000,4.000000,4.000000,4.000000,83.333336
1614076761.413016,56.000000,0.000000,-8.086921,-2.982775,0.852672,-15.777839,-24.699102,-23.762629,-3.261260,-3.004136,-21.744253,-28.431501,-14.063009,0.560462,3.426187,-7.788351,5.595078,15.488647,2.065904,23.463371,-1.217798,-16.672167,-7.315597,-7.573557,-0.469961,2.423805,12.461616,11.238400,10.712094,4.390698,18.081333,28.817183,7.699781,17.753531,8064.000000,0.000000,4.000000,,,,0.000000,4.000000,4.000000,4.000000,4.000000,4.000000,4.000000,4.000000,4.000000,4.000000,4.000000,4.000000,4.000000,4.000000,4.000000,4.000000,4.000000,4.000000,4.000000,2.000000,4.000000,4.000000,4.000000,4.000000,4.000000,4.000000,4.000000,4.000000,4.000000,4.000000,4.000000,4.000000,4.000000,83.333336
1614076761.420865,57.000000,0.000000,-8.078834,-1.954152,0.851820,-10.633856,-19.546198,-11.431173,-1.719537,-3.001131,-8.389174,-24.813326,-11.997663,2.611183,8.038145,-3.677998,9.692047,15.985978,11.807428,32.670677,4.424445,-1.783699,-1.667256,-1.412138,1.581791,9.600868,14.500436,13.278444,15.829587,4.386307,18.576073,28.788366,10.769004,21.838341,8064.000000,0.000000,4.000000,,,,0.000000,4.000000,4.000000,4.000000,4.000000,4.000000,4.000000,4.000000,4.000000,4.000000,4.000000,4.000000,4.000000,4.000000,4.000000,4.000000,4.000000,4.000000,4.000000,2.000000,4.000000,4.000000,4.000000,4.000000,4.000000,4.000000,4.000000,4.000000,4.000000,4.000000,4.000000,4.000000,4.000000,83.333336
1614076761.428614,58.000000,0.000000,-8.070755,-2.465018,0.850968,-10.623222,-17.988190,-4.753076,0.846285,-2.485310,-3.252580,-17.609026,-11.472846,4.659854,10.594210,2.992346,12.246457,43.149479,12.821261,30.073904,7.496943,5.397572,2.436975,7.307223,3.118671,14.719473,14.998756,14.803627,12.224014,4.381921,17.019035,29.272398,11.783876,22.329323,8064.000000,0.000000,4.000000,,,,0.000000,4.000000,4.000000,4.000000,4.000000,4.000000,4.000000,4.000000,4.000000,4.000000,4.000000,4.000000,4.000000,4.000000,4.000000,4.000000,4.000000,4.000000,4.000000,2.000000,4.000000,4.000000,4.000000,4.000000,4.000000,4.000000,4.000000,4.000000,4.000000,4.000000,4.000000,4.000000,4.000000,83.333336
1614076761.436264,59.000000,0.000000,-8.062684,-2.462553,0.850117,-11.125420,-19.508663,-7.312425,0.332618,-4.021286,-7.864712,-15.027314,-11.461373,4.142374,3.916949,2.989354,3.003442,47.721714,6.654594,21.838703,4.925344,-4.864236,1.921718,7.299916,2.602732,13.166291,14.983757,14.276003,7.083585,4.377539,14.437914,29.243126,8.182348,21.281353,8064.000000,0.000000,4.000000,,,,0.000000,4.000000,4.000000,4.000000,4.000000,4.000000,4.000000,4.000000,4.000000,4.000000,4.000000,4.000000,4.000000,4.000000,4.000000,4.000000,4.000000,4.000000,4.000000,2.000000,4.000000,4.000000,4.000000,4.000000,4.000000,4.000000,4.000000,4.000000,4.000000,4.000000,4.000000,4.000000,4.000000,83.333336
1614076761.444013,60.000000,0.000000,-8.054622,-2.972911,0.849267,-8.550192,-18.976336,-6.792292,0.332285,-6.581367,-8.882488,-16.037928,-11.962732,4.138231,-1.215173,2.473544,-3.153408,33.315018,5.109478,21.304043,-3.797530,-16.654243,1.406976,4.728513,2.600129,13.665946,14.968774,13.748906,7.589322,4.373162,13.910655,27.675421,7.148525,21.772892,8064.000000,0.000000,4.000000,,,,0.000000,4.000000,4.000000,4.000000,4.000000,4.000000,4.000000,4.000000,4.000000,4.000000,4.000000,4.000000,4.000000,4.000000,4.000000,4.000000,4.000000,4.000000,4.000000,2.000000,4.000000,4.000000,4.000000,4.000000,4.000000,4.000000,4.000000,4.000000,4.000000,4.000000,4.000000,4.000000,4.000000,83.333336
1614076761.451662,61.000000,0.000000,-8.046567,-2.457117,0.848417,-7.003180,-18.444538,-5.759859,0.331953,-7.087606,-6.822324,-16.021891,-11.437949,4.134093,-1.213958,2.983891,-4.175896,29.691959,6.130010,17.180176,-8.921938,-17.663231,1.918389,5.236605,2.597529,13.652280,14.953805,16.299261,8.094553,4.368788,14.409565,30.211849,10.218300,21.751120,8064.000000,0.000000,4.000000,,,,0.000000,4.000000,4.000000,4.000000,4.000000,4.000000,4.000000,4.000000,4.000000,4.000000,4.000000,4.000000,4.000000,4.000000,4.000000,4.000000,4.000000,4.000000,4.000000,2.000000,4.000000,4.000000,4.000000,4.000000,4.000000,4.000000,4.000000,4.000000,4.000000,4.000000,4.000000,4.000000,4.000000,83.333336
1614076761.459411,62.000000,0.000000,-8.038520,-0.403378,0.847569,-6.996177,-18.938913,-6.266919,0.331621,-6.567698,-7.328322,-15.493048,-7.836767,4.129959,0.325717,1.955266,-0.069156,38.380215,5.611059,15.111713,-5.836092,-16.619926,1.403650,0.103164,2.594932,7.997602,14.938851,17.821423,7.060817,4.364419,14.395156,35.822662,11.746543,21.729368,8064.000000,0.000000,4.000000,,,,0.000000,4.000000,4.000000,4.000000,4.000000,4.000000,4.000000,4.000000,4.000000,4.000000,4.000000,4.000000,4.000000,4.000000,4.000000,4.000000,4.000000,4.000000,4.000000,2.000000,4.000000,4.000000,4.000000,4.000000,4.000000,4.000000,4.000000,4.000000,4.000000,4.000000,4.000000,4.000000,4.000000,83.333336
1614076761.467060,63.000000,0.000000,-8.543303,1.648307,0.846721,-7.502001,-18.919975,-6.773473,0.331289,-6.561131,-7.833815,-15.477554,-4.239187,4.125829,1.863853,5.030234,8.648862,45.008503,5.092628,18.686344,-6.855897,-17.628948,1.402247,-1.435401,2.079516,6.963963,14.411092,17.803600,7.053756,4.360055,13.867940,34.761200,11.221976,21.707638,8064.000000,0.000000,4.000000,,,,0.000000,4.000000,4.000000,4.000000,4.000000,4.000000,4.000000,4.000000,4.000000,4.000000,4.000000,4.000000,4.000000,4.000000,4.000000,4.000000,4.000000,4.000000,4.000000,2.000000,4.000000,4.000000,4.000000,4.000000,4.000000,4.000000,4.000000,4.000000,4.000000,4.000000,4.000000,4.000000,4.000000,83.333336
1614076761.474809,64.000000,0.000000,-7.509118,1.133838,0.845875,-6.981678,-18.901054,-6.766699,0.330958,-6.554569,-7.825981,-15.974897,-3.722127,4.121703,2.374810,5.025204,9.153034,40.860931,5.600356,19.180479,-4.797760,-18.124140,1.400844,7.796803,2.590257,12.085204,14.909501,18.298618,7.559523,4.355695,14.366893,33.187977,11.210754,21.685930,0.000000,182.000000,4.000000,,,,0.000000,4.000000,4.000000,4.000000,4.000000,4.000000,4.000000,4.000000,4.000000,4.000000,4.000000,4.000000,4.000000,4.000000,4.000000,4.000000,4.000000,4.000000,4.000000,2.000000,4.000000,4.000000,4.000000,4.000000,4.000000,4.000000,4.000000,4.000000,4.000000,4.000000,4.000000,4.000000,4.000000,83.333336
1614076761.482458,65.000000,0.000000,-5.450326,1.132704,0.845029,-6.974697,-18.882154,-6.759933,0.330627,-6.548015,-7.818155,-15.958922,-4.744046,3.604761,2.885256,-1.133668,2.990035,37.230324,5.594755,26.853605,8.540372,-17.593195,1.399444,13.430033,4.638949,13.611581,17.458694,20.844421,7.551964,4.351339,14.352526,39.308636,11.199543,21.664246,0.000000,205.000000,4.000000,,,,0.000000,4.000000,4.000000,4.000000,4.000000,4.000000,4.000000,4.000000,4.000000,4.000000,4.000000,4.000000,4.000000,4.000000,4.000000,4.000000,4.000000,4.000000,4.000000,2.000000,4.000000,4.000000,4.000000,4.000000,4.000000,4.000000,4.000000,4.000000,4.000000,4.000000,4.000000,4.000000,4.000000,83.333336
1614076761.490207,66.000000,0.000000,-3.906415,1.131572,0.844184,-8.506184,-18.863272,-6.753173,0.330296,-6.541467,-7.810337,-15.942964,-3.713661,4.626797,4.420832,-3.696637,2.474224,38.731556,5.589160,37.595982,10.583114,-16.037140,1.398044,10.339680,6.685592,13.085149,18.979696,21.849218,7.544412,4.346988,14.338173,43.884708,11.188344,21.642580,0.000000,199.000000,4.000000,,,,0.000000,4.000000,4.000000,4.000000,4.000000,4.000000,4.000000,4.000000,4.000000,4.000000,4.000000,4.000000,4.000000,4.000000,4.000000,4.000000,4.000000,4.000000,4.000000,2.000000,4.000000,4.000000,4.000000,4.000000,4.000000,4.000000,4.000000,4.000000,4.000000,4.000000,4.000000,4.000000,4.000000,83.333336
1614076761.497857,67.000000,0.000000,-3.902508,1.130440,0.843340,-10.548960,-18.844408,-6.746419,0.329966,-6.534925,-7.802526,-15.414200,-3.197127,5.134991,3.390770,-2.154478,0.933288,36.641544,6.609212,32.943005,-1.222342,-16.533922,1.909467,8.790878,6.678906,15.636166,18.447897,21.314548,7.536867,4.342641,14.323834,38.199799,11.177155,20.595297,0.000000,187.000000,4.000000,,,,0.000000,4.000000,4.000000,4.000000,4.000000,4.000000,4.000000,4.000000,4.000000,4.000000,4.000000,4.000000,4.000000,4.000000,4.000000,4.000000,4.000000,4.000000,4.000000,2.000000,4.000000,4.000000,4.000000,4.000000,4.000000,4.000000,4.000000,4.000000,4.000000,4.000000,4.000000,4.000000,4.000000,83.333336
1614076761.505606,68.000000,0.000000,-3.898606,1.129310,0.842496,-11.051231,-17.799923,-6.739673,0.842457,-6.528390,-7.794724,-14.885965,-4.732391,3.078574,1.848918,-0.101042,3.496458,54.040798,5.576962,36.499802,3.907086,-18.055851,1.907557,8.269267,6.159407,14.594889,18.429449,21.293234,7.016510,4.338298,14.309511,35.597496,11.165978,18.523420,0.000000,197.000000,4.000000,,,,0.000000,4.000000,4.000000,4.000000,4.000000,4.000000,4.000000,4.000000,4.000000,4.000000,4.000000,4.000000,4.000000,4.000000,4.000000,4.000000,4.000000,4.000000,4.000000,2.000000,4.000000,4.000000,4.000000,4.000000,4.000000,4.000000,4.000000,4.000000,4.000000,4.000000,4.000000,4.000000,4.000000,83.333336
1614076761.513255,69.000000,0.000000,-4.407528,1.128181,0.328833,-11.040180,-18.294943,-6.732934,0.328794,-6.521862,-7.274108,-15.383900,-2.676377,6.152419,10.052197,13.232392,24.005781,86.807274,6.084206,68.770996,19.800615,-11.883948,1.392829,8.773818,6.153247,9.964910,18.411020,21.271940,7.522314,4.333960,14.295201,36.074718,11.154812,17.479256,0.000000,197.000000,4.000000,,,,0.000000,4.000000,4.000000,4.000000,4.000000,4.000000,4.000000,4.000000,4.000000,4.000000,4.000000,4.000000,4.000000,4.000000,4.000000,4.000000,4.000000,4.000000,4.000000,2.000000,4.000000,4.000000,4.000000,4.000000,4.000000,4.000000,4.000000,4.000000,4.000000,4.000000,4.000000,4.000000,4.000000,83.333336
1614076761.521004,70.000000,0.000000,-4.403120,1.127052,1.354146,-11.029140,-19.302290,-6.726201,0.328465,-6.515340,-7.779655,-15.368516,-0.109598,14.351395,12.606247,20.911469,26.545879,81.592262,10.180685,77.420174,14.139789,-4.179757,1.904257,12.867608,6.147094,8.929303,18.392609,21.250669,9.566073,4.329626,14.280907,35.013004,11.143658,17.461777,0.000000,189.000000,4.000000,,,,0.000000,4.000000,4.000000,4.000000,4.000000,4.000000,4.000000,4.000000,4.000000,4.000000,4.000000,4.000000,4.000000,4.000000,4.000000,4.000000,4.000000,4.000000,4.000000,2.000000,4.000000,4.000000,4.000000,4.000000,4.000000,4.000000,4.000000,4.000000,4.000000,4.000000,4.000000,4.000000,4.000000,83.333336
1614076761.528653,71.000000,0.000000,-3.373076,1.125925,3.916894,-8.454008,-17.231705,-5.693833,0.840957,-6.508825,-7.771875,-14.840327,-4.724873,11.260119,-6.380718,1.916197,-5.788360,49.202972,7.093582,45.035061,-3.823069,-13.406346,1.902352,7.213715,6.653768,9.946015,18.374216,21.229418,11.607790,4.325297,14.266625,37.542095,11.132514,19.495596,0.000000,176.000000,4.000000,,,,0.000000,4.000000,4.000000,4.000000,4.000000,4.000000,4.000000,4.000000,4.000000,4.000000,4.000000,4.000000,4.000000,4.000000,4.000000,4.000000,4.000000,4.000000,4.000000,2.000000,4.000000,4.000000,4.000000,4.000000,4.000000,4.000000,4.000000,4.000000,4.000000,4.000000,4.000000,4.000000,4.000000,83.333336
1614076761.536402,72.000000,0.000000,-7.472267,1.124799,4.938618,-7.932734,-19.265757,-6.713780,-0.185525,-6.502316,-7.251283,-18.415230,-12.925276,-3.110115,-19.194851,-18.598539,-27.833853,16.846079,-6.759666,12.682334,-12.024374,-28.264734,-4.253396,-9.203755,5.108653,9.423248,18.355841,21.208189,11.083362,4.320971,14.252358,42.119938,11.634202,19.988922,0.000000,196.000000,4.000000,,,,0.000000,4.000000,4.000000,4.000000,4.000000,4.000000,4.000000,4.000000,4.000000,4.000000,4.000000,4.000000,4.000000,4.000000,4.000000,4.000000,4.000000,4.000000,4.000000,2.000000,4.000000,4.000000,4.000000,4.000000,4.000000,4.000000,4.000000,4.000000,4.000000,4.000000,4.000000,4.000000,4.000000,83.333336
1614076761.544051,73.000000,0.000000,-12.080179,1.123675,1.856756,-12.027365,-28.477259,-8.758348,-4.287904,-6.495814,-9.295314,-28.653225,-15.989274,-8.748031,-9.432065,-18.067120,-13.959866,49.649746,-13.932393,26.002985,-7.909786,-28.749290,-9.890168,-13.809937,2.026621,9.413825,18.337486,21.186981,11.072278,4.316650,14.238107,40.026535,10.084106,18.430471,0.000000,199.000000,4.000000,,,,0.000000,4.000000,4.000000,4.000000,4.000000,4.000000,4.000000,4.000000,4.000000,4.000000,4.000000,4.000000,4.000000,4.000000,4.000000,4.000000,4.000000,4.000000,4.000000,2.000000,4.000000,4.000000,4.000000,4.000000,4.000000,4.000000,4.000000,4.000000,4.000000,4.000000,4.000000,4.000000,4.000000,83.333336
1614076761.551801,74.000000,0.000000,-8.478355,1.122551,0.316438,-15.092260,-34.089809,-10.288052,-7.360539,-6.489318,-13.388582,-35.291241,-14.947643,-6.175179,-2.243146,-15.484951,-3.176675,70.625740,-12.379999,47.002625,-8.414697,-27.694901,-10.393099,-5.590998,2.024594,8.378771,17.806328,19.627333,10.548386,4.312334,14.223868,35.371124,7.509920,17.386400,0.000000,198.000000,4.000000,,,,0.000000,4.000000,4.000000,4.000000,4.000000,4.000000,4.000000,4.000000,4.000000,4.000000,4.000000,4.000000,4.000000,4.000000,4.000000,4.000000,4.000000,4.000000,4.000000,2.000000,4.000000,4.000000,4.000000,4.000000,4.000000,4.000000,4.000000,4.000000,4.000000,4.000000,4.000000,4.000000,4.000000,83.333336
1614076761.559450,75.000000,0.000000,-3.854493,1.121428,0.828942,-15.077168,-30.465975,-12.841866,-6.840358,-6.482829,-14.913655,-34.230305,-14.932696,-7.194645,-5.317826,-17.007927,-11.378627,38.247417,-15.957363,21.827415,-26.355000,-37.923615,-10.895526,-1.995663,2.535390,6.831930,18.301342,17.556423,8.486555,4.308022,14.209644,35.335751,6.989589,17.881834,0.000000,198.000000,4.000000,,,,0.000000,4.000000,4.000000,4.000000,4.000000,4.000000,4.000000,4.000000,4.000000,4.000000,4.000000,4.000000,4.000000,4.000000,4.000000,4.000000,4.000000,4.000000,4.000000,2.000000,4.000000,4.000000,4.000000,4.000000,4.000000,4.000000,4.000000,4.000000,4.000000,4.000000,4.000000,4.000000,4.000000,83.333336
1614076761.567299,76.000000,0.000000,-4.876279,1.120307,0.315293,-14.549271,-28.897047,-17.957230,-7.859159,-6.476346,-15.411562,-31.631973,-15.943404,-7.700271,-5.312508,-14.939637,-11.367248,41.286095,-15.941405,7.959434,-34.533772,-36.347229,-8.320528,-3.019309,1.507214,5.286637,18.283041,17.026047,6.426786,4.303713,14.195435,35.813236,7.495420,17.863951,0.000000,189.000000,4.000000,,,,0.000000,4.000000,4.000000,4.000000,4.000000,4.000000,4.000000,4.000000,4.000000,4.000000,4.000000,4.000000,4.000000,4.000000,4.000000,4.000000,4.000000,4.000000,4.000000,2.000000,4.000000,4.000000,4.000000,4.000000,4.000000,4.000000,4.000000,4.000000,4.000000,4.000000,4.000000,4.000000,4.000000,83.333336
1614076761.575048,77.000000,0.000000,-3.845762,1.119187,0.827798,-14.534721,-30.406610,-18.452093,-6.825658,-6.469870,-15.908971,-30.574701,-14.389000,-0.513084,-3.255914,-12.873416,2.490273,74.065323,-3.617772,40.771988,-8.858213,-12.208320,3.995485,-3.016289,4.582629,4.255709,17.239117,17.521841,6.933180,3.786589,14.181239,35.777424,7.487925,17.333267,0.000000,181.000000,4.000000,,,,0.000000,4.000000,4.000000,4.000000,4.000000,4.000000,4.000000,4.000000,4.000000,4.000000,4.000000,4.000000,4.000000,4.000000,4.000000,4.000000,4.000000,4.000000,4.000000,2.000000,4.000000,4.000000,4.000000,4.000000,4.000000,4.000000,4.000000,4.000000,4.000000,4.000000,4.000000,4.000000,4.000000,83.333336
1614076761.582897,78.000000,0.000000,1.286289,1.118067,5.442355,-15.033007,-28.324923,-15.356718,-1.690627,-6.463399,-12.303319,-26.441563,-9.759226,7.692557,-2.739837,-6.193875,10.180091,95.016899,2.539692,73.551727,15.766029,5.752607,14.247900,-1.474812,11.244714,9.379659,20.811621,17.504318,11.028811,4.295623,14.167058,37.792927,7.480437,17.828754,0.000000,179.000000,4.000000,,,,0.000000,4.000000,4.000000,4.000000,4.000000,4.000000,4.000000,4.000000,4.000000,4.000000,4.000000,4.000000,4.000000,4.000000,4.000000,4.000000,4.000000,4.000000,4.000000,2.000000,4.000000,4.000000,4.000000,4.000000,4.000000,4.000000,4.000000,4.000000,4.000000,4.000000,4.000000,4.000000,4.000000,83.333336
1614076761.590646,79.000000,0.000000,3.849105,1.116949,9.026656,-14.505154,-26.245316,-13.802899,0.875166,-5.944116,-5.624349,-20.774096,-8.211005,8.710505,-3.762738,4.068728,6.580167,81.588547,3.562793,65.785866,11.134878,6.772495,13.208011,3.654868,14.310391,18.088228,24.893373,16.973993,15.120346,6.855430,14.152891,39.293598,7.472956,17.810926,0.000000,221.000000,4.000000,,,,0.000000,4.000000,4.000000,4.000000,4.000000,4.000000,4.000000,4.000000,4.000000,4.000000,4.000000,4.000000,4.000000,4.000000,4.000000,4.000000,4.000000,4.000000,4.000000,2.000000,4.000000,4.000000,4.000000,4.000000,4.000000,4.000000,4.000000,4.000000,4.000000,4.000000,4.000000,4.000000,4.000000,83.333336
1614076761.598495,80.000000,0.000000,3.332436,1.115832,7.991988,-8.336802,-24.167788,-12.250635,0.874291,-6.450992,-3.054622,-18.702038,-7.689973,7.676154,-5.810258,5.090301,6.573587,82.019775,11.251538,52.386749,3.944256,5.227262,11.656342,9.805059,13.783261,21.659883,24.868481,16.957020,14.592405,7.874216,13.625917,38.741482,7.465483,17.793116,0.000000,211.000000,4.000000,,,,0.000000,4.000000,4.000000,4.000000,4.000000,4.000000,4.000000,4.000000,4.000000,4.000000,4.000000,4.000000,4.000000,4.000000,4.000000,4.000000,4.000000,4.000000,4.000000,2.000000,4.000000,4.000000,4.000000,4.000000,4.000000,4.000000,4.000000,4.000000,4.000000,4.000000,4.000000,4.000000,4.000000,83.333336
1614076761.606244,81.000000,0.000000,3.329103,1.114717,8.496817,-2.687440,-22.092339,-9.674282,3.950339,-6.444541,-4.077208,-17.657696,-5.631001,9.206940,-2.727525,0.982647,8.105474,82.963402,12.265927,46.693336,5.991594,2.145111,14.721608,6.205511,12.743836,20.099762,25.869253,17.452883,14.064992,7.866342,14.125113,39.215561,7.458018,17.775322,0.000000,191.000000,4.000000,,,,0.000000,4.000000,4.000000,4.000000,4.000000,4.000000,4.000000,4.000000,4.000000,4.000000,4.000000,4.000000,4.000000,4.000000,4.000000,4.000000,4.000000,4.000000,4.000000,2.000000,4.000000,4.000000,4.000000,4.000000,4.000000,4.000000,4.000000,4.000000,4.000000,4.000000,4.000000,4.000000,4.000000,83.333336
1614076761.614093,82.000000,0.000000,1.787313,-0.937680,7.975500,-3.710393,-23.095886,-9.151787,3.433568,-6.438097,-4.073131,-23.281063,-13.317678,5.607989,-5.288899,-7.736285,-2.159041,52.111206,-0.054031,20.492798,5.472782,-8.113444,8.040219,-6.621207,9.141349,21.105303,24.817743,17.435431,15.589389,8.371296,14.110987,39.176346,7.450560,18.270367,0.000000,215.000000,4.000000,,,,0.000000,4.000000,4.000000,4.000000,4.000000,4.000000,4.000000,4.000000,4.000000,4.000000,4.000000,4.000000,4.000000,4.000000,4.000000,4.000000,4.000000,4.000000,4.000000,2.000000,4.000000,4.000000,4.000000,4.000000,4.000000,4.000000,4.000000,4.000000,4.000000,4.000000,4.000000,4.000000,4.000000,83.333336
1614076761.621842,83.000000,0.000000,-2.829859,-2.988024,-0.750425,-7.296427,-25.124073,-11.706738,-5.800634,-9.508581,-3.556237,-37.103935,-32.791538,-2.602747,-23.232328,-27.215729,-17.028677,22.315504,-7.746284,-0.553336,2.903207,-18.874561,-11.455000,-12.768433,5.542464,18.520094,14.023694,16.905174,11.984056,6.824463,13.584056,38.624348,6.930289,17.739275,0.000000,211.000000,4.000000,,,,0.000000,4.000000,4.000000,4.000000,4.000000,4.000000,4.000000,4.000000,4.000000,4.000000,4.000000,4.000000,4.000000,4.000000,4.000000,4.000000,4.000000,4.000000,4.000000,2.000000,4.000000,4.000000,4.000000,4.000000,4.000000,4.000000,4.000000,4.000000,4.000000,4.000000,4.000000,4.000000,4.000000,83.333336
1614076761.629691,84.000000,0.000000,-4.878312,-1.446575,-6.903521,-7.289130,-25.611769,-13.746313,-11.948680,-13.601637,-4.065502,-41.169395,-37.886955,-4.651426,-29.875763,-39.496204,-21.114212,33.575241,-5.687256,1.498499,-6.330466,-21.932610,-20.161493,-1.473613,5.536922,11.322087,6.317362,17.401091,7.869508,4.253536,14.596112,39.611366,8.461820,17.208715,0.000000,190.000000,4.000000,,,,0.000000,4.000000,4.000000,4.000000,4.000000,4.000000,4.000000,4.000000,4.000000,4.000000,4.000000,4.000000,4.000000,4.000000,4.000000,4.000000,4.000000,4.000000,4.000000,2.000000,4.000000,4.000000,4.000000,4.000000,4.000000,4.000000,4.000000,4.000000,4.000000,4.000000,4.000000,4.000000,4.000000,83.333336
1614076761.637440,85.000000,0.000000,-4.360613,1.118974,-2.281232,-6.256200,-25.073338,-13.732567,-8.859808,-15.639318,-4.061436,-31.897457,-24.002913,-2.595493,-12.409989,-31.251579,-14.426432,57.131409,-0.553363,5.599565,-14.016443,-15.756831,-9.372102,13.399656,5.018564,8.233842,16.567455,19.434971,11.964202,7.839026,17.145618,41.623035,11.017461,19.755610,0.000000,213.000000,4.000000,,,,0.000000,4.000000,4.000000,4.000000,4.000000,4.000000,4.000000,4.000000,4.000000,4.000000,4.000000,4.000000,4.000000,4.000000,4.000000,4.000000,4.000000,4.000000,4.000000,2.000000,4.000000,4.000000,4.000000,4.000000,4.000000,4.000000,4.000000,4.000000,4.000000,4.000000,4.000000,4.000000,4.000000,83.333336
1614076761.645289,86.000000,0.000000,-4.356252,1.117855,1.823613,-7.275585,-25.561085,-13.718835,-6.799666,-11.008293,-4.057374,-26.737354,-14.235320,-0.541615,-0.602708,-20.451097,-2.617133,59.125561,5.088215,19.440119,2.407830,-5.484664,0.380860,16.463179,6.552007,10.789711,26.294477,20.953997,18.106085,11.933751,18.154114,40.555775,10.493623,19.735855,0.000000,220.000000,4.000000,,,,0.000000,4.000000,4.000000,4.000000,4.000000,4.000000,4.000000,4.000000,4.000000,4.000000,4.000000,4.000000,4.000000,4.000000,4.000000,4.000000,4.000000,4.000000,4.000000,2.000000,4.000000,4.000000,4.000000,4.000000,4.000000,4.000000,4.000000,4.000000,4.000000,4.000000,4.000000,4.000000,4.000000,83.333336
1614076761.653038,87.000000,0.000000,-4.864717,0.603917,-1.767954,-9.832412,-26.048344,-14.217937,-8.331328,-1.253695,-4.053317,-24.146515,-9.605700,8.689695,1.961997,-7.610134,9.693176,60.092075,11.236974,48.138626,19.328499,0.161846,0.893300,14.908255,14.237763,13.343024,21.139978,20.420223,18.600800,11.921817,17.623140,37.951115,7.406206,14.587914,0.000000,196.000000,4.000000,,,,0.000000,4.000000,4.000000,4.000000,4.000000,4.000000,4.000000,4.000000,4.000000,4.000000,4.000000,4.000000,4.000000,4.000000,4.000000,4.000000,4.000000,4.000000,4.000000,2.000000,4.000000,4.000000,4.000000,4.000000,4.000000,4.000000,4.000000,4.000000,4.000000,4.000000,4.000000,4.000000,4.000000,83.333336
1614076761.660887,88.000000,0.000000,-4.859852,1.116133,-4.330289,-11.361041,-25.509476,-14.203718,-4.220433,6.439866,-4.562084,-15.404420,2.198777,20.988699,14.267728,10.859015,18.401432,73.878136,18.918045,55.782795,12.129683,1.187325,6.020612,18.483089,20.890192,14.868142,18.041916,20.912622,17.556557,10.884254,17.092695,38.425983,6.373159,14.060505,0.000000,197.000000,4.000000,,,,0.000000,4.000000,4.000000,4.000000,4.000000,4.000000,4.000000,4.000000,4.000000,4.000000,4.000000,4.000000,4.000000,4.000000,4.000000,4.000000,4.000000,4.000000,4.000000,2.000000,4.000000,4.000000,4.000000,4.000000,4.000000,4.000000,4.000000,4.000000,4.000000,4.000000,4.000000,4.000000,4.000000,83.333336
1614076761.668636,89.000000,0.000000,-3.316530,1.115017,-2.787497,-10.836860,-25.483965,-13.163874,3.476095,8.484708,-4.044702,-9.747990,12.452989,24.044632,22.971409,20.078924,22.485594,80.470924,25.052973,45.983425,4.938066,2.211779,11.142797,21.028709,20.869301,15.878916,21.100796,20.891710,18.564642,11.386190,17.588425,38.900379,7.905247,18.149008,0.000000,228.000000,4.000000,,,,0.000000,4.000000,4.000000,4.000000,4.000000,4.000000,4.000000,4.000000,4.000000,4.000000,4.000000,4.000000,4.000000,4.000000,4.000000,4.000000,4.000000,4.000000,4.000000,2.000000,4.000000,4.000000,4.000000,4.000000,4.000000,4.000000,4.000000,4.000000,4.000000,4.000000,4.000000,4.000000,4.000000,83.333336
1614076761.676285,90.000000,0.000000,-0.749111,0.601082,-2.784709,-11.338843,-25.971302,-14.176351,5.011081,8.989044,-4.040657,-10.763883,12.953356,20.943665,19.358694,15.956282,22.975929,78.339172,21.950996,46.450260,2.881846,1.696747,4.464987,17.417936,20.848433,16.375856,21.079695,19.845179,18.546076,11.374804,17.570835,37.835838,6.871701,15.053936,0.000000,127.000000,4.000000,,,,0.000000,4.000000,4.000000,4.000000,4.000000,4.000000,4.000000,4.000000,4.000000,4.000000,4.000000,4.000000,4.000000,4.000000,4.000000,4.000000,4.000000,4.000000,4.000000,2.000000,4.000000,4.000000,4.000000,4.000000,4.000000,4.000000,4.000000,4.000000,4.000000,4.000000,4.000000,4.000000,4.000000,83.333336
1614076761.684034,91.000000,0.000000,-0.748362,1.626122,-4.320386,-10.814684,-25.432510,-13.649354,4.493249,8.980055,-4.036616,-10.240298,9.863480,18.871439,16.775232,13.889044,20.901672,78.773651,16.800840,45.890991,-3.274882,0.156588,1.383599,15.349237,20.314764,16.359482,23.109898,22.902256,18.014709,11.363429,17.040443,40.362103,6.352009,15.038882,0.000000,205.000000,4.000000,,,,0.000000,4.000000,4.000000,4.000000,4.000000,4.000000,4.000000,4.000000,4.000000,4.000000,4.000000,4.000000,4.000000,4.000000,4.000000,4.000000,4.000000,4.000000,4.000000,2.000000,4.000000,4.000000,4.000000,4.000000,4.000000,4.000000,4.000000,4.000000,4.000000,4.000000,4.000000,4.000000,4.000000,83.333336
1614076761.691684,92.000000,0.000000,-0.234793,4.188598,0.299319,-7.726946,-21.817335,-7.481858,6.540038,8.458254,-3.006939,-8.691597,13.443360,18.852568,17.784098,20.029001,22.932053,86.900009,18.835321,49.947662,10.574547,5.797457,15.741190,20.974913,19.781628,16.343122,32.830379,29.546021,17.483875,11.352066,18.049046,44.424305,13.012323,25.793074,0.000000,165.000000,4.000000,,,,0.000000,4.000000,4.000000,4.000000,4.000000,4.000000,4.000000,4.000000,4.000000,4.000000,4.000000,4.000000,4.000000,4.000000,4.000000,4.000000,4.000000,4.000000,4.000000,2.000000,4.000000,4.000000,4.000000,4.000000,4.000000,4.000000,4.000000,4.000000,4.000000,4.000000,4.000000,4.000000,4.000000,83.333336
1614076761.699433,93.000000,0.000000,2.329544,5.210051,6.965686,-3.616655,-18.205772,-2.346171,9.097601,8.962617,-0.952650,-6.631623,19.583763,19.346535,18.791956,25.137177,26.498863,97.069519,21.380589,66.307976,27.999870,8.868583,24.956217,24.543682,21.813129,19.403702,37.412933,32.593395,17.979212,11.340714,20.082277,45.918343,21.717260,33.459591,0.000000,219.000000,4.000000,,,,0.000000,4.000000,4.000000,4.000000,4.000000,4.000000,4.000000,4.000000,4.000000,4.000000,4.000000,4.000000,4.000000,4.000000,4.000000,4.000000,4.000000,4.000000,4.000000,2.000000,4.000000,4.000000,4.000000,4.000000,4.000000,4.000000,4.000000,4.000000,4.000000,4.000000,4.000000,4.000000,4.000000,83.333336
1614076761.707082,94.000000,0.000000,3.352856,4.692020,9.010002,-3.100218,-17.674747,-2.343825,6.524401,5.363910,1.099585,-7.650632,9.820589,14.711804,15.696240,14.855629,17.754416,83.639114,17.256643,55.985252,11.561614,-1.396696,17.238955,16.826832,18.201572,23.486862,33.272953,31.535162,17.961233,11.329373,21.600657,45.359604,22.721184,32.400490,0.000000,216.000000,4.000000,,,,0.000000,4.000000,4.000000,4.000000,4.000000,4.000000,4.000000,4.000000,4.000000,4.000000,4.000000,4.000000,4.000000,4.000000,4.000000,4.000000,4.000000,4.000000,4.000000,2.000000,4.000000,4.000000,4.000000,4.000000,4.000000,4.000000,4.000000,4.000000,4.000000,4.000000,4.000000,4.000000,4.000000,83.333336
1614076761.714831,95.000000,0.000000,2.836682,4.687328,7.975351,-3.609938,-17.657072,-2.854302,2.415312,-3.872223,-0.952797,-16.360931,-8.650770,7.517605,5.424134,-5.159226,3.377687,55.350349,12.624002,27.724140,0.268001,-10.113248,10.555048,8.092055,9.978242,22.950554,32.214043,31.503628,15.891989,11.318044,21.066236,45.314243,17.057436,31.855267,0.000000,206.000000,4.000000,,,,0.000000,4.000000,4.000000,4.000000,4.000000,4.000000,4.000000,4.000000,4.000000,4.000000,4.000000,4.000000,4.000000,4.000000,4.000000,4.000000,4.000000,4.000000,4.000000,2.000000,4.000000,4.000000,4.000000,4.000000,4.000000,4.000000,4.000000,4.000000,4.000000,4.000000,4.000000,4.000000,4.000000,83.333336
1614076761.722480,96.000000,0.000000,2.321025,5.195461,7.967376,-3.606328,-17.639416,-2.338627,-0.664026,-7.970915,-3.515946,-21.472775,-10.693401,6.997267,3.880248,-6.692529,6.451232,60.936024,14.149840,40.516930,18.729271,-2.410827,13.108596,7.571143,14.583649,19.850681,31.669006,31.984945,15.363276,11.306726,21.045170,46.294571,14.476276,32.336231,8064.000000,0.000000,4.000000,,,,0.000000,4.000000,4.000000,4.000000,4.000000,4.000000,4.000000,4.000000,4.000000,4.000000,4.000000,4.000000,4.000000,4.000000,4.000000,4.000000,4.000000,4.000000,4.000000,2.000000,4.000000,4.000000,4.000000,4.000000,4.000000,4.000000,4.000000,4.000000,4.000000,4.000000,4.000000,4.000000,4.000000,83.333336
1614076761.730229,97.000000,0.000000,4.369986,4.677445,8.472229,-3.089901,-17.621777,-2.336288,0.362279,-3.860380,-3.512431,-14.271815,-0.426297,10.067193,14.645598,5.109035,15.162730,78.310982,16.699793,63.040516,22.300285,5.283892,13.095487,10.127674,23.799833,19.830830,28.560413,31.440140,17.912016,11.295419,21.024124,45.735455,14.974621,31.791077,8064.000000,0.000000,4.000000,,,,0.000000,4.000000,4.000000,4.000000,4.000000,4.000000,4.000000,4.000000,4.000000,4.000000,4.000000,4.000000,4.000000,4.000000,4.000000,4.000000,4.000000,4.000000,4.000000,2.000000,4.000000,4.000000,4.000000,4.000000,4.000000,4.000000,4.000000,4.000000,4.000000,4.000000,4.000000,4.000000,4.000000,83.333336
1614076761.737878,98.000000,0.000000,6.416898,4.159947,7.950936,-3.599632,-17.091333,-2.846772,2.926019,-0.266776,-4.534559,-11.693440,-0.425871,11.082767,14.630953,-0.537099,10.532183,59.771137,16.170273,45.028755,8.431831,2.714505,11.543930,7.040623,19.160650,20.323820,28.531855,31.921518,17.894104,11.284123,21.003099,45.176899,13.421185,32.784927,8064.000000,0.000000,4.000000,,,,0.000000,4.000000,4.000000,4.000000,4.000000,4.000000,4.000000,4.000000,4.000000,4.000000,4.000000,4.000000,4.000000,4.000000,4.000000,4.000000,4.000000,4.000000,4.000000,2.000000,4.000000,4.000000,4.000000,4.000000,4.000000,4.000000,4.000000,4.000000,4.000000,4.000000,4.000000,4.000000,4.000000,83.333336
1614076761.745627,99.000000,0.000000,6.410481,4.668608,7.942986,-6.160135,-19.638344,-2.843926,3.948734,0.759132,-11.709512,-17.835592,-4.528009,11.071684,3.847091,-15.921177,5.393445,48.942135,15.641282,33.701675,9.449040,1.173329,12.558027,7.546403,12.474822,18.252214,29.528963,30.351137,17.876209,11.272840,20.982098,45.644543,10.843661,29.675219,8064.000000,0.000000,4.000000,,,,0.000000,4.000000,4.000000,4.000000,4.000000,4.000000,4.000000,4.000000,4.000000,4.000000,4.000000,4.000000,4.000000,4.000000,4.000000,4.000000,4.000000,4.000000,4.000000,2.000000,4.000000,4.000000,4.000000,4.000000,4.000000,4.000000,4.000000,4.000000,4.000000,4.000000,4.000000,4.000000,4.000000,83.333336
1614076761.753277,100.000000,0.000000,6.404071,5.176760,7.935042,-9.743718,-27.823835,-3.866723,3.944785,0.758373,-15.800366,-19.869040,-4.523481,9.522151,1.791962,-17.443718,7.439334,67.867554,16.138460,40.847462,3.285745,0.659335,11.007008,12.154242,12.462347,16.695499,22.832767,26.218222,18.883974,11.261567,20.961115,45.598900,10.319997,22.978876,8064.000000,0.000000,4.000000,,,,0.000000,4.000000,4.000000,4.000000,4.000000,4.000000,4.000000,4.000000,4.000000,4.000000,4.000000,4.000000,4.000000,4.000000,4.000000,4.000000,4.000000,4.000000,4.000000,2.000000,4.000000,4.000000,4.000000,4.000000,4.000000,4.000000,4.000000,4.000000,4.000000,4.000000,4.000000,4.000000,4.000000,83.333336
1614076761.761026,101.000000,0.000000,6.910487,3.120301,7.927107,-11.272436,-33.437035,-7.452600,3.940840,1.270435,-11.682002,-20.361992,-4.518958,5.410065,0.251708,-16.400633,-0.260413,58.568913,16.122322,18.242512,-14.666258,-6.007991,3.303693,2.911318,7.321680,14.114702,14.604806,22.089439,10.659963,11.250305,20.940153,39.399456,9.284036,20.391794,8064.000000,0.000000,4.000000,,,,0.000000,4.000000,4.000000,4.000000,4.000000,4.000000,4.000000,4.000000,4.000000,4.000000,4.000000,4.000000,4.000000,4.000000,4.000000,4.000000,4.000000,4.000000,4.000000,2.000000,4.000000,4.000000,4.000000,4.000000,4.000000,4.000000,4.000000,4.000000,4.000000,4.000000,4.000000,4.000000,4.000000,83.333336
1614076761.768675,102.000000,0.000000,4.852294,2.091540,7.919180,-11.261164,-32.377960,-10.009250,3.936900,1.269165,-11.157499,-24.444193,-7.078541,3.353373,-6.928030,-19.973976,-10.516563,41.587269,16.106201,1.301192,-11.574669,-13.181470,-2.853457,-16.065952,0.647692,11.023664,12.538919,20.528887,-0.119928,11.239055,20.919214,33.206207,6.197829,20.371403,8064.000000,0.000000,4.000000,,,,0.000000,4.000000,4.000000,4.000000,4.000000,4.000000,4.000000,4.000000,4.000000,4.000000,4.000000,4.000000,4.000000,4.000000,4.000000,4.000000,4.000000,4.000000,4.000000,2.000000,4.000000,4.000000,4.000000,4.000000,4.000000,4.000000,4.000000,4.000000,4.000000,4.000000,4.000000,4.000000,4.000000,83.333336
1614076761.776524,103.000000,0.000000,2.796160,5.679192,8.424082,-10.224261,-29.268658,-10.512061,3.932963,0.242254,-11.659163,-26.471031,-8.097104,3.862840,-6.921103,-18.928360,-12.044508,60.007217,16.602915,26.940916,1.257419,-14.193930,-2.850604,-17.588348,1.159865,8.448538,14.064842,19.995539,0.905833,11.227816,20.385473,35.224285,6.704451,19.838211,8064.000000,0.000000,4.000000,,,,0.000000,4.000000,4.000000,4.000000,4.000000,4.000000,4.000000,4.000000,4.000000,4.000000,4.000000,4.000000,4.000000,4.000000,4.000000,4.000000,4.000000,4.000000,4.000000,2.000000,4.000000,4.000000,4.000000,4.000000,4.000000,4.000000,4.000000,4.000000,4.000000,4.000000,4.000000,4.000000,4.000000,83.333336
1614076761.784273,104.000000,0.000000,2.280544,8.750436,7.902837,-8.162755,-28.726568,-8.450267,3.929030,1.267653,-3.955195,-26.957380,-8.089006,3.858977,-7.427002,-17.370972,-13.570925,58.408749,16.073492,32.042183,-2.846403,-13.666915,-2.847753,-3.724606,1.158705,6.901628,13.537957,19.975542,7.058773,11.216588,20.877909,40.830086,10.287491,21.869656,8064.000000,0.000000,4.000000,,,,0.000000,4.000000,4.000000,4.000000,4.000000,4.000000,4.000000,4.000000,4.000000,4.000000,4.000000,4.000000,4.000000,4.000000,4.000000,4.000000,4.000000,4.000000,4.000000,2.000000,4.000000,4.000000,4.000000,4.000000,4.000000,4.000000,4.000000,4.000000,4.000000,4.000000,4.000000,4.000000,4.000000,83.333336
1614076761.792122,105.000000,0.000000,2.791084,8.228865,3.792370,-6.616131,-28.697842,-6.390534,3.925101,1.266386,-0.361497,-24.366322,-5.003995,3.342298,-7.419575,-15.815139,-11.506072,41.427265,15.544598,14.061421,-6.433300,-13.140428,-2.844905,2.432965,2.696007,4.843444,13.011599,19.955566,7.051714,11.205372,20.857031,40.276436,10.277203,18.770863,8064.000000,0.000000,4.000000,,,,0.000000,4.000000,4.000000,4.000000,4.000000,4.000000,4.000000,4.000000,4.000000,4.000000,4.000000,4.000000,4.000000,4.000000,4.000000,4.000000,4.000000,4.000000,4.000000,2.000000,4.000000,4.000000,4.000000,4.000000,4.000000,4.000000,4.000000,4.000000,4.000000,4.000000,4.000000,4.000000,4.000000,83.333336
1614076761.799871,106.000000,0.000000,2.788292,7.707815,0.198834,-7.122335,-28.669144,-6.384144,3.921176,-2.837445,-7.540622,-19.213749,-0.896427,3.338955,3.869896,-6.568554,6.454152,66.001221,18.093155,30.970436,1.778261,-9.024723,-0.790778,3.456173,11.924081,5.351421,13.511407,19.935612,6.019022,11.194166,20.323353,37.159237,10.779746,8.495681,8064.000000,0.000000,4.000000,,,,0.000000,4.000000,4.000000,4.000000,4.000000,4.000000,4.000000,4.000000,4.000000,4.000000,4.000000,4.000000,4.000000,4.000000,4.000000,4.000000,4.000000,4.000000,4.000000,2.000000,4.000000,4.000000,4.000000,4.000000,4.000000,4.000000,4.000000,4.000000,4.000000,4.000000,4.000000,4.000000,4.000000,83.333336
1614076761.807720,107.000000,0.000000,2.785504,9.238569,0.198635,-7.115213,-28.127653,-6.377760,3.917254,-2.321787,-12.661287,-18.681715,-2.433992,3.848437,7.968590,-0.408139,10.037441,71.063423,20.639164,50.939465,1.776483,-2.861852,1.774115,8.068102,17.553183,8.422994,14.010716,20.428497,7.038643,11.182972,21.328671,37.634895,15.384351,11.051288,8064.000000,0.000000,4.000000,,,,0.000000,4.000000,4.000000,4.000000,4.000000,4.000000,4.000000,4.000000,4.000000,4.000000,4.000000,4.000000,4.000000,4.000000,4.000000,4.000000,4.000000,4.000000,4.000000,2.000000,4.000000,4.000000,4.000000,4.000000,4.000000,4.000000,4.000000,4.000000,4.000000,4.000000,4.000000,4.000000,4.000000,83.333336
1614076761.815469,108.000000,0.000000,2.782719,11.280612,1.224078,-7.108098,-28.099525,-5.858562,3.913337,5.885663,-10.597343,-21.739956,-7.559763,3.844588,-0.757327,-9.125680,-7.921314,38.684669,14.977500,24.221859,-2.840678,-1.320529,1.772341,7.034392,17.022808,8.927391,13.483885,20.408068,7.544425,11.171789,23.358625,38.622902,18.958710,23.347929,8064.000000,0.000000,4.000000,,,,0.000000,4.000000,4.000000,4.000000,4.000000,4.000000,4.000000,4.000000,4.000000,4.000000,4.000000,4.000000,4.000000,4.000000,4.000000,4.000000,4.000000,4.000000,4.000000,2.000000,4.000000,4.000000,4.000000,4.000000,4.000000,4.000000,4.000000,4.000000,4.000000,4.000000,4.000000,4.000000,4.000000,83.333336
1614076761.823318,109.000000,0.000000,2.779936,12.294972,0.197213,-7.100989,-28.584248,-6.365523,3.909424,6.392598,-10.586746,-20.179754,-8.065023,3.327923,1.807533,-12.706298,-6.887752,39.671627,8.295856,4.710459,6.392932,-3.370490,0.744928,3.950435,16.492966,8.405643,13.983222,19.874840,6.511240,10.647797,24.360907,37.558640,17.914110,18.709196,8064.000000,0.000000,4.000000,,,,0.000000,4.000000,4.000000,4.000000,4.000000,4.000000,4.000000,4.000000,4.000000,4.000000,4.000000,4.000000,4.000000,4.000000,4.000000,4.000000,4.000000,4.000000,4.000000,2.000000,4.000000,4.000000,4.000000,4.000000,4.000000,4.000000,4.000000,4.000000,4.000000,4.000000,4.000000,4.000000,4.000000,83.333336
1614076761.831067,110.000000,0.000000,2.777156,11.769857,0.709836,-6.581068,-28.555664,-6.359158,3.905514,-1.818923,-11.601801,-18.108294,-3.954395,4.350236,15.651879,1.665383,15.683239,72.452469,10.338841,33.936516,17.155769,-1.315838,1.257003,17.279818,16.989292,8.397237,16.020521,19.854965,5.991908,11.149969,24.336546,37.521080,17.896196,9.972538,8064.000000,0.000000,4.000000,,,,0.000000,4.000000,4.000000,4.000000,4.000000,4.000000,4.000000,4.000000,4.000000,4.000000,4.000000,4.000000,4.000000,4.000000,4.000000,4.000000,4.000000,4.000000,4.000000,2.000000,4.000000,4.000000,4.000000,4.000000,4.000000,4.000000,4.000000,4.000000,4.000000,4.000000,4.000000,4.000000,4.000000,83.333336
1614076761.838916,111.000000,0.000000,2.774379,11.758087,1.734767,-7.600128,-28.527107,-5.839978,3.901609,-3.868386,-11.077378,-18.090185,-0.873517,8.961270,19.738791,11.920128,23.872684,84.174889,15.969528,63.133350,12.010408,3.813683,1.768567,29.570230,16.972303,10.952943,17.542961,20.860750,8.037198,11.138820,23.286570,39.022022,18.903942,12.526669,8064.000000,0.000000,4.000000,,,,0.000000,4.000000,4.000000,4.000000,4.000000,4.000000,4.000000,4.000000,4.000000,4.000000,4.000000,4.000000,4.000000,4.000000,4.000000,4.000000,4.000000,4.000000,4.000000,2.000000,4.000000,4.000000,4.000000,4.000000,4.000000,4.000000,4.000000,4.000000,4.000000,4.000000,4.000000,4.000000,4.000000,83.333336
1614076761.846665,112.000000,0.000000,2.771605,11.746329,-1.343891,-10.156631,-28.498581,-7.372600,3.897707,-1.813236,-11.579122,-18.584915,-0.359823,12.029233,17.154949,6.780003,16.156504,53.834301,15.953559,48.711243,4.306091,3.809870,-0.797305,20.309891,16.442511,15.044554,17.525419,18.788609,10.593264,10.102039,21.212000,35.393257,15.808114,6.360295,8064.000000,0.000000,4.000000,,,,0.000000,4.000000,4.000000,4.000000,4.000000,4.000000,4.000000,4.000000,4.000000,4.000000,4.000000,4.000000,4.000000,4.000000,4.000000,4.000000,4.000000,4.000000,4.000000,2.000000,4.000000,4.000000,4.000000,4.000000,4.000000,4.000000,4.000000,4.000000,4.000000,4.000000,4.000000,4.000000,4.000000,83.333336
1614076761.854514,113.000000,0.000000,2.768833,11.734583,-5.957932,-11.172114,-28.470081,-9.416510,3.893810,-3.349884,-10.541902,-18.566330,-0.359463,10.991562,14.060872,2.157838,11.524962,40.447136,15.424785,27.124069,5.840246,-0.809325,-1.822148,11.058812,15.913248,16.567970,16.482252,16.205717,9.557029,11.630399,20.677967,30.742477,10.664101,-1.338373,8064.000000,0.000000,4.000000,,,,0.000000,4.000000,4.000000,4.000000,4.000000,4.000000,4.000000,4.000000,4.000000,4.000000,4.000000,4.000000,4.000000,4.000000,4.000000,4.000000,4.000000,4.000000,4.000000,2.000000,4.000000,4.000000,4.000000,4.000000,4.000000,4.000000,4.000000,4.000000,4.000000,4.000000,4.000000,4.000000,4.000000,83.333336
1614076761.862263,114.000000,0.000000,2.766064,11.722849,-4.413512,-10.648122,-28.441612,-10.432734,4.402736,-2.833714,-8.480077,-18.034943,0.153717,11.493391,10.969888,3.181321,11.513437,54.252842,16.947823,33.763611,5.834406,-2.346977,2.282238,19.252882,16.922976,15.525762,18.517052,18.753614,12.624395,16.746973,23.221392,34.301479,10.140616,10.970658,8064.000000,0.000000,4.000000,,,,0.000000,4.000000,4.000000,4.000000,4.000000,4.000000,4.000000,4.000000,4.000000,4.000000,4.000000,4.000000,4.000000,4.000000,4.000000,4.000000,4.000000,4.000000,4.000000,2.000000,4.000000,4.000000,4.000000,4.000000,4.000000,4.000000,4.000000,4.000000,4.000000,4.000000,4.000000,4.000000,4.000000,83.333336
1614076761.870112,115.000000,0.000000,2.763298,11.711125,-2.870637,-10.637474,-27.900349,-9.909481,2.347052,-0.266777,-6.420315,-18.016909,0.666384,11.994719,11.471739,4.203781,12.014744,67.531921,15.392412,35.781132,1.213187,-1.831810,5.869699,24.874655,17.418873,16.535877,22.601099,23.350245,17.739977,18.268688,24.223812,40.933846,13.207399,20.703278,8064.000000,0.000000,4.000000,,,,0.000000,4.000000,4.000000,4.000000,4.000000,4.000000,4.000000,4.000000,4.000000,4.000000,4.000000,4.000000,4.000000,4.000000,4.000000,4.000000,4.000000,4.000000,4.000000,2.000000,4.000000,4.000000,4.000000,4.000000,4.000000,4.000000,4.000000,4.000000,4.000000,4.000000,4.000000,4.000000,4.000000,83.333336
1614076761.877861,116.000000,0.000000,2.760535,11.699414,-7.483151,-10.114017,-27.872450,-9.899571,0.293422,-4.881895,-7.439536,-18.511711,-0.359924,6.854518,8.383344,2.661115,8.925806,54.131058,11.787276,22.924837,0.699153,-2.342798,5.351009,20.747215,13.811710,19.083443,25.655420,23.326895,16.696594,15.173496,24.199589,38.328808,14.219832,12.477446,8064.000000,0.000000,4.000000,,,,0.000000,4.000000,4.000000,4.000000,4.000000,4.000000,4.000000,4.000000,4.000000,4.000000,4.000000,4.000000,4.000000,4.000000,4.000000,4.000000,4.000000,4.000000,4.000000,2.000000,4.000000,4.000000,4.000000,4.000000,4.000000,4.000000,4.000000,4.000000,4.000000,4.000000,4.000000,4.000000,4.000000,83.333336
1614076761.885710,117.000000,0.000000,2.757774,11.687715,-10.552590,-10.616722,-28.357397,-9.889671,0.293129,-10.518039,-7.432096,-17.467560,0.153257,4.283561,5.810858,3.171275,9.429701,50.487183,12.801130,37.773708,4.801018,0.736467,5.345658,18.675186,13.797899,20.090002,26.142586,20.739466,14.628616,14.132682,24.175388,34.187916,13.692792,8.362404,8192.000000,0.000000,4.000000,,,,0.000000,4.000000,4.000000,4.000000,4.000000,4.000000,4.000000,4.000000,4.000000,4.000000,4.000000,4.000000,4.000000,4.000000,4.000000,4.000000,4.000000,4.000000,4.000000,2.000000,4.000000,4.000000,4.000000,4.000000,4.000000,4.000000,4.000000,4.000000,4.000000,4.000000,4.000000,4.000000,4.000000,83.333336
1614076761.893459,118.000000,0.000000,2.755016,11.676027,-10.029218,-10.606106,-27.816219,-9.879782,0.292836,-9.481880,-6.399023,-17.450092,1.178744,6.330560,12.984534,4.193745,20.189503,81.205925,13.813970,60.812855,3.770576,2.787013,5.853133,20.194973,19.937946,20.582731,24.065161,19.180264,18.203732,15.144191,24.151213,33.640907,14.191920,10.918144,8192.000000,0.000000,4.000000,,,,0.000000,4.000000,4.000000,4.000000,4.000000,4.000000,4.000000,4.000000,4.000000,4.000000,4.000000,4.000000,4.000000,4.000000,4.000000,4.000000,4.000000,4.000000,4.000000,2.000000,4.000000,4.000000,4.000000,4.000000,4.000000,4.000000,4.000000,4.000000,4.000000,4.000000,4.000000,4.000000,4.000000,83.333336
1614076761.901308,119.000000,0.000000,2.752261,11.664351,-10.019189,-9.569859,-27.788403,-9.869902,0.292543,-5.882654,-7.931086,-20.509565,-4.463460,4.785768,10.920268,-0.425834,13.502646,77.022156,4.569387,41.777683,-1.361400,-4.395261,5.847280,18.123495,17.353907,20.049328,25.066738,17.109802,15.108604,13.077765,24.639883,34.632908,14.177728,8.343123,8064.000000,0.000000,4.000000,,,,0.000000,4.000000,4.000000,4.000000,4.000000,4.000000,4.000000,4.000000,4.000000,4.000000,4.000000,4.000000,4.000000,4.000000,4.000000,4.000000,4.000000,4.000000,4.000000,2.000000,4.000000,4.000000,4.000000,4.000000,4.000000,4.000000,4.000000,4.000000,4.000000,4.000000,4.000000,4.000000,4.000000,83.333336
1614076761.909057,120.000000,0.000000,2.749509,11.652687,-10.009170,-12.637212,-28.786255,-9.860032,0.805071,-6.389592,-12.538539,-24.078798,-15.228228,0.678418,-9.090652,-11.194639,-13.690344,44.637440,-6.204413,13.017958,-1.872859,-11.057532,3.277330,13.489987,8.105783,18.490818,26.580132,16.579872,8.426829,10.500584,23.589602,35.623913,14.676371,7.309140,8064.000000,0.000000,4.000000,,,,0.000000,4.000000,4.000000,4.000000,4.000000,4.000000,4.000000,4.000000,4.000000,4.000000,4.000000,4.000000,4.000000,4.000000,4.000000,4.000000,4.000000,4.000000,4.000000,2.000000,4.000000,4.000000,4.000000,4.000000,4.000000,4.000000,4.000000,4.000000,4.000000,4.000000,4.000000,4.000000,4.000000,83.333336
1614076761.916707,121.000000,0.000000,3.259580,12.153854,-9.486340,-17.239960,-31.321571,-9.337352,-0.734196,-6.896023,-15.090103,-26.106003,-19.315563,0.164919,-20.363613,-17.850111,-20.856140,36.900497,-6.711030,12.492119,-2.383806,-14.636219,-5.443896,7.835472,4.507934,17.959507,16.297142,16.050470,6.879941,10.490084,18.950626,29.434444,14.148874,4.737728,8064.000000,0.000000,4.000000,,,,0.000000,4.000000,4.000000,4.000000,4.000000,4.000000,4.000000,4.000000,4.000000,4.000000,4.000000,4.000000,4.000000,4.000000,4.000000,4.000000,4.000000,4.000000,4.000000,2.000000,4.000000,4.000000,4.000000,4.000000,4.000000,4.000000,4.000000,4.000000,4.000000,4.000000,4.000000,4.000000,4.000000,83.333336
1614076761.924456,122.000000,0.000000,2.743500,11.628881,-11.528135,-18.248360,-31.803072,-9.840835,-2.784743,-6.376307,-14.562193,-33.772205,-18.270607,-2.912169,-16.753506,-19.370722,-8.527593,64.043083,-4.653037,6.838602,-10.073730,-26.416454,-18.258965,-4.480056,2.964965,12.813342,-1.155053,10.906216,1.744856,10.992414,16.367575,17.610138,11.570622,-2.446497,8064.000000,0.000000,4.000000,,,,0.000000,4.000000,4.000000,4.000000,4.000000,4.000000,4.000000,4.000000,4.000000,4.000000,4.000000,4.000000,4.000000,4.000000,4.000000,4.000000,4.000000,4.000000,4.000000,2.000000,4.000000,4.000000,4.000000,4.000000,4.000000,4.000000,4.000000,4.000000,4.000000,4.000000,4.000000,4.000000,4.000000,83.333336
1614076761.932105,123.000000,0.000000,2.740757,11.617251,-13.567889,-17.717291,-31.771269,-9.830994,-3.807600,-5.857110,-14.547630,-40.405098,-18.765156,-10.088744,-16.736752,-20.889812,-12.108809,45.004681,-9.776588,-15.219519,-16.730324,-38.697731,-28.497116,-18.321730,-2.166206,-0.532805,-6.282103,8.844027,-2.872274,10.981421,16.864027,14.515605,10.020591,-0.905589,8064.000000,0.000000,4.000000,,,,0.000000,4.000000,4.000000,4.000000,4.000000,4.000000,4.000000,4.000000,4.000000,4.000000,4.000000,4.000000,4.000000,4.000000,4.000000,4.000000,4.000000,4.000000,4.000000,2.000000,4.000000,4.000000,4.000000,4.000000,4.000000,4.000000,4.000000,4.000000,4.000000,4.000000,4.000000,4.000000,4.000000,83.333336
1614076761.939854,124.000000,0.000000,3.763657,12.118455,-14.067142,-17.699574,-32.252316,-9.308342,-3.290972,-7.389714,-15.045903,-38.313412,-18.746391,-12.129937,-18.258478,-23.433025,-21.327469,20.857111,-13.869376,-22.896606,-16.713593,-40.197495,-29.494261,-17.790588,-3.189680,-7.711760,0.903666,12.937747,-1.330940,10.970440,16.847162,18.603653,10.523390,5.761983,8064.000000,0.000000,4.000000,,,,0.000000,4.000000,4.000000,4.000000,4.000000,4.000000,4.000000,4.000000,4.000000,4.000000,4.000000,4.000000,4.000000,4.000000,4.000000,4.000000,4.000000,4.000000,4.000000,2.000000,4.000000,4.000000,4.000000,4.000000,4.000000,4.000000,4.000000,4.000000,4.000000,4.000000,4.000000,4.000000,4.000000,83.333336
1614076761.947503,125.000000,0.000000,1.195791,10.567875,-14.053075,-17.681875,-31.707245,-10.324676,-3.287681,-9.946427,-14.518037,-36.223816,-18.214825,-10.066525,-13.624834,-22.896772,-17.716398,43.400356,-13.342686,-8.514736,-16.184059,-38.106014,-25.362202,-7.003566,-1.648029,-4.627125,3.466865,8.822246,-6.457814,10.959470,16.830317,18.072229,9.487226,-0.397625,8064.000000,0.000000,4.000000,,,,0.000000,4.000000,4.000000,4.000000,4.000000,4.000000,4.000000,4.000000,4.000000,4.000000,4.000000,4.000000,4.000000,4.000000,4.000000,4.000000,4.000000,4.000000,4.000000,2.000000,4.000000,4.000000,4.000000,4.000000,4.000000,4.000000,4.000000,4.000000,4.000000,4.000000,4.000000,4.000000,4.000000,83.333336
1614076761.955252,126.000000,0.000000,-5.472072,5.429102,-17.115944,-19.202654,-31.675537,-12.365632,-3.284393,-10.449301,-14.503519,-36.700413,-19.735071,-10.569280,-10.534286,-22.361055,-14.108937,63.356956,-12.816523,14.057881,-17.193516,-39.093548,-25.336840,-4.432460,-3.184843,-2.058395,-0.639166,-1.955808,-16.194946,10.948510,16.300665,15.490054,5.375175,-9.115176,8064.000000,0.000000,4.000000,,,,0.000000,4.000000,4.000000,4.000000,4.000000,4.000000,4.000000,4.000000,4.000000,4.000000,4.000000,4.000000,4.000000,4.000000,4.000000,4.000000,4.000000,4.000000,4.000000,2.000000,4.000000,4.000000,4.000000,4.000000,4.000000,4.000000,4.000000,4.000000,4.000000,4.000000,4.000000,4.000000,4.000000,83.333336
1614076761.962901,127.000000,0.000000,-8.543523,0.808288,-19.150110,-21.747555,-33.182323,-14.404549,-3.281109,-9.926031,-14.489016,-34.099609,-21.253798,-11.071530,-11.549393,-22.338694,-15.633290,61.755138,-13.316527,26.864336,-16.150681,-36.490353,-24.798683,-6.992130,-0.617555,-2.569157,-2.176988,-0.928211,-14.127469,10.937561,14.233082,14.448923,1.780056,-7.567599,8064.000000,0.000000,4.000000,,,,0.000000,4.000000,4.000000,4.000000,4.000000,4.000000,4.000000,4.000000,4.000000,4.000000,4.000000,4.000000,4.000000,4.000000,4.000000,4.000000,4.000000,4.000000,4.000000,2.000000,4.000000,4.000000,4.000000,4.000000,4.000000,4.000000,4.000000,4.000000,4.000000,4.000000,4.000000,4.000000,4.000000,83.333336
1614076761.970650,0.000000,0.000000,-5.970877,0.294659,-14.515576,-21.725807,-29.559397,-13.364503,-3.277828,-10.428926,-14.474526,-29.450125,-20.206903,-11.060459,-11.537844,-20.777893,-15.617657,58.616459,-12.790390,15.555420,-16.134531,-33.889759,-14.517473,-2.369754,6.562550,-3.592229,2.440573,10.354769,-5.395393,10.926624,12.680387,16.998577,3.829558,-2.431827,0.000000,190.000000,4.000000,,,,0.000000,4.000000,4.000000,4.000000,4.000000,4.000000,4.000000,4.000000,4.000000,4.000000,4.000000,4.000000,4.000000,4.000000,4.000000,4.000000,4.000000,4.000000,4.000000,2.000000,4.000000,4.000000,4.000000,4.000000,4.000000,4.000000,4.000000,4.000000,4.000000,4.000000,4.000000,4.000000,4.000000,83.333336
1614076761.978300,1.000000,0.000000,-3.913624,0.807185,-6.808753,-19.139978,-19.786247,-10.274216,-3.274550,-9.905676,-14.460052,-27.882214,-17.622593,-10.536578,-12.039126,-18.705833,-16.114861,50.865536,-10.726317,10.411660,-17.144037,-34.368690,-5.272187,0.709539,10.145731,-1.024534,9.104799,13.934157,-3.338715,11.428517,13.180528,22.622604,8.441113,3.211631,0.000000,184.000000,4.000000,,,,0.000000,4.000000,4.000000,4.000000,4.000000,4.000000,4.000000,4.000000,4.000000,4.000000,4.000000,4.000000,4.000000,4.000000,4.000000,4.000000,4.000000,4.000000,4.000000,2.000000,4.000000,4.000000,4.000000,4.000000,4.000000,4.000000,4.000000,4.000000,4.000000,4.000000,4.000000,4.000000,4.000000,83.333336
1614076761.986049,2.000000,0.000000,-4.935351,0.293557,-6.289124,-17.582376,-15.663898,-9.751122,-3.271275,-7.331668,-12.394310,-29.392792,-15.553689,-10.526041,-11.514267,-18.174307,-14.560284,55.430054,-7.638668,36.555096,-10.460226,-34.847141,-4.754094,1.734471,9.109943,6.668798,11.146976,12.381762,-3.848197,10.904268,13.167347,21.574341,9.458313,6.798163,0.000000,205.000000,4.000000,,,,0.000000,4.000000,4.000000,4.000000,4.000000,4.000000,4.000000,4.000000,4.000000,4.000000,4.000000,4.000000,4.000000,4.000000,4.000000,4.000000,4.000000,4.000000,4.000000,2.000000,4.000000,4.000000,4.000000,4.000000,4.000000,4.000000,4.000000,4.000000,4.000000,4.000000,4.000000,4.000000,4.000000,83.333336
1614076761.993698,3.000000,0.000000,-4.930416,0.293264,-3.718732,-17.564795,-17.186695,-10.254190,-3.780824,-5.785875,-10.330633,-28.850580,-11.435571,-12.053977,-6.887368,-19.181774,-7.879056,76.400269,-3.528465,50.364693,-2.244638,-33.786655,-5.262160,6.348121,9.100834,9.739053,9.084548,12.882200,-4.869990,10.893364,13.154180,16.937382,7.397573,6.791365,0.000000,186.000000,4.000000,,,,0.000000,4.000000,4.000000,4.000000,4.000000,4.000000,4.000000,4.000000,4.000000,4.000000,4.000000,4.000000,4.000000,4.000000,4.000000,4.000000,4.000000,4.000000,4.000000,2.000000,4.000000,4.000000,4.000000,4.000000,4.000000,4.000000,4.000000,4.000000,4.000000,4.000000,4.000000,4.000000,4.000000,83.333336
1614076762.001447,4.000000,0.000000,-2.361383,0.805791,3.977294,-15.495948,-14.605406,-5.628551,-2.751402,-6.292910,-10.833123,-20.616600,-7.834392,-8.452179,-4.316378,-18.649773,-4.281434,66.067451,-1.473655,22.622021,-8.909060,-34.778507,-7.308180,4.803311,9.604553,5.626749,11.126745,13.382138,-3.326658,11.395291,13.653846,18.971725,6.877354,7.810215,0.000000,169.000000,4.000000,,,,0.000000,4.000000,4.000000,4.000000,4.000000,4.000000,4.000000,4.000000,4.000000,4.000000,4.000000,4.000000,4.000000,4.000000,4.000000,4.000000,4.000000,4.000000,4.000000,2.000000,4.000000,4.000000,4.000000,4.000000,4.000000,4.000000,4.000000,4.000000,4.000000,4.000000,4.000000,4.000000,4.000000,83.333336
1614076762.009096,5.000000,0.000000,-0.307739,1.317806,1.409215,-13.429170,-12.026698,-1.007538,-0.697369,-6.286616,-10.822290,-13.416496,-6.800916,0.787042,-2.260779,-14.015738,-3.764332,45.488567,-1.985002,4.137860,-17.105280,-34.230911,-14.480359,-4.945082,9.082129,4.595481,11.115619,13.368756,-0.759229,8.819794,11.588910,17.927113,6.357656,4.725481,0.000000,222.000000,4.000000,,,,0.000000,4.000000,4.000000,4.000000,4.000000,4.000000,4.000000,4.000000,4.000000,4.000000,4.000000,4.000000,4.000000,4.000000,4.000000,4.000000,4.000000,4.000000,4.000000,2.000000,4.000000,4.000000,4.000000,4.000000,4.000000,4.000000,4.000000,4.000000,4.000000,4.000000,4.000000,4.000000,4.000000,83.333336
1614076762.016845,6.000000,0.000000,-0.820252,0.290847,-11.412707,-13.928561,-16.117235,-6.134736,0.841790,-6.280330,-10.811468,-14.428721,-6.794116,5.401639,3.895328,-7.847876,2.393279,65.955902,-1.983017,21.056799,-5.293302,-30.094114,-16.517160,-7.504240,9.073047,5.616527,4.950657,12.842567,-2.296932,4.195590,6.961936,9.704058,3.274376,-5.535655,0.000000,205.000000,4.000000,,,,0.000000,4.000000,4.000000,4.000000,4.000000,4.000000,4.000000,4.000000,4.000000,4.000000,4.000000,4.000000,4.000000,4.000000,4.000000,4.000000,4.000000,4.000000,4.000000,2.000000,4.000000,4.000000,4.000000,4.000000,4.000000,4.000000,4.000000,4.000000,4.000000,4.000000,4.000000,4.000000,4.000000,83.333336
1614076762.024494,7.000000,0.000000,-0.819432,1.316197,-14.991038,-13.401812,-21.742144,-10.231166,0.328128,-6.274050,-10.800656,-18.004036,-7.300142,3.857776,7.993996,-7.840028,7.006270,71.530968,-2.493854,24.112665,7.019684,-24.422995,-11.372438,-3.906991,9.063973,4.585269,3.920065,12.829724,-3.320276,3.165753,5.416513,10.207174,2.758281,-10.145504,0.000000,148.000000,4.000000,,,,0.000000,4.000000,4.000000,2.000000,4.000000,4.000000,4.000000,4.000000,4.000000,4.000000,4.000000,4.000000,4.000000,4.000000,4.000000,4.000000,4.000000,4.000000,4.000000,2.000000,4.000000,4.000000,4.000000,4.000000,4.000000,4.000000,4.000000,4.000000,4.000000,4.000000,4.000000,4.000000,4.000000,66.666664
1614076762.032343,8.000000,0.000000,-0.818613,3.878983,-12.411944,-11.337128,-21.207581,-4.067088,0.327799,-6.267776,-10.789856,-17.473211,-7.292842,3.853919,4.909079,-12.447572,0.332597,39.151745,-2.491360,2.037271,-2.730926,-22.860111,-8.796964,-3.390264,8.542089,5.606325,8.531529,13.329716,3.349711,3.675407,5.411097,14.812352,3.268343,-6.545615,0.000000,194.000000,4.000000,,,,0.000000,4.000000,4.000000,2.000000,4.000000,4.000000,4.000000,4.000000,4.000000,4.000000,4.000000,4.000000,4.000000,4.000000,4.000000,4.000000,4.000000,4.000000,4.000000,2.000000,4.000000,4.000000,4.000000,4.000000,4.000000,4.000000,4.000000,4.000000,4.000000,4.000000,4.000000,4.000000,4.000000,66.666664
1614076762.040093,9.000000,0.000000,-0.817794,2.849463,-13.425174,-9.787330,-19.647913,-3.037380,0.840292,-6.261508,-10.779066,-17.968559,-7.285549,4.362885,2.852888,-10.896663,-3.770300,47.830544,1.100875,4.086515,-14.010246,-24.375711,-9.813807,-2.874053,9.046368,10.728924,6.984537,12.290745,6.936105,3.671732,5.918506,10.694976,3.265075,-5.513428,0.000000,217.000000,4.000000,,,,0.000000,4.000000,4.000000,2.000000,4.000000,4.000000,4.000000,4.000000,4.000000,4.000000,4.000000,4.000000,4.000000,4.000000,4.000000,4.000000,4.000000,4.000000,4.000000,2.000000,4.000000,4.000000,4.000000,4.000000,4.000000,4.000000,4.000000,4.000000,4.000000,4.000000,4.000000,4.000000,4.000000,66.666664
1614076762.047941,10.000000,0.000000,-0.816976,-2.281591,-14.437389,-10.290362,-22.192368,-10.726650,-0.186189,-6.255246,-11.281107,-17.437769,-7.791084,3.845702,5.926958,-4.731920,0.848855,80.603226,1.612594,29.210634,-7.842390,-21.274414,-9.291173,-2.871179,9.037321,13.282298,2.874988,8.175890,0.262502,3.155240,5.399767,7.607358,2.748989,-4.482274,0.000000,199.000000,4.000000,,,,0.000000,4.000000,4.000000,2.000000,4.000000,4.000000,4.000000,4.000000,4.000000,4.000000,4.000000,4.000000,4.000000,4.000000,4.000000,4.000000,4.000000,4.000000,4.000000,2.000000,4.000000,4.000000,4.000000,4.000000,4.000000,4.000000,4.000000,4.000000,4.000000,4.000000,4.000000,4.000000,4.000000,66.666664
1614076762.055691,11.000000,0.000000,-0.816159,-3.817771,-13.397311,-10.792892,-20.631714,-6.613359,0.839638,-6.248991,-11.269826,-12.804948,-6.244831,5.893138,6.946672,-4.214368,3.412109,76.932877,1.098161,35.848091,2.934684,-11.509549,-3.640857,-3.893949,8.515463,12.243375,7.487498,5.090791,-1.276222,3.664905,5.394367,13.240776,3.259061,2.701696,0.000000,198.000000,4.000000,,,,0.000000,4.000000,4.000000,2.000000,4.000000,4.000000,4.000000,4.000000,4.000000,4.000000,4.000000,4.000000,4.000000,4.000000,4.000000,4.000000,4.000000,4.000000,4.000000,2.000000,4.000000,4.000000,4.000000,4.000000,4.000000,4.000000,4.000000,4.000000,4.000000,4.000000,4.000000,4.000000,4.000000,66.666664
1614076762.063540,12.000000,0.000000,-0.815343,-2.275492,-13.383914,-8.730818,-11.380312,6.213767,3.402901,-6.755563,-7.155992,-10.228040,-1.623202,7.425706,5.914084,-5.235795,3.921517,62.496971,6.738089,39.401985,11.649697,-2.267270,4.567913,8.417637,10.045409,12.743952,11.582574,5.085700,4.878901,3.661240,6.414614,16.817278,5.819904,7.827199,0.000000,189.000000,4.000000,,,,0.000000,4.000000,4.000000,2.000000,4.000000,4.000000,4.000000,4.000000,4.000000,4.000000,4.000000,4.000000,4.000000,4.000000,4.000000,4.000000,4.000000,4.000000,4.000000,2.000000,4.000000,4.000000,4.000000,4.000000,4.000000,4.000000,4.000000,4.000000,4.000000,4.000000,4.000000,4.000000,4.000000,66.666664
1614076762.071289,13.000000,0.000000,-0.814528,-2.786037,-13.370530,-6.670805,-5.215086,9.284476,3.912319,-6.235987,-3.046272,-10.730633,0.429703,7.418281,8.985094,1.948928,11.097083,95.254990,14.936479,66.542068,17.791893,-0.213721,5.588985,22.768194,14.650748,15.295310,10.032530,5.593435,7.950945,3.657579,8.972301,15.774820,7.352546,6.793731,0.000000,210.000000,4.000000,,,,0.000000,4.000000,4.000000,2.000000,4.000000,4.000000,4.000000,4.000000,4.000000,4.000000,4.000000,4.000000,4.000000,4.000000,4.000000,4.000000,4.000000,4.000000,4.000000,2.000000,4.000000,4.000000,4.000000,4.000000,4.000000,4.000000,4.000000,4.000000,4.000000,4.000000,4.000000,4.000000,4.000000,66.666664
1614076762.079138,14.000000,0.000000,-0.813713,-3.296071,-13.357160,-6.151313,-7.773973,4.659807,0.831483,-6.229751,-3.043226,-10.719902,-0.083547,7.410862,9.488929,1.946980,14.162910,95.672554,17.998465,67.501167,12.645897,-3.803251,-2.621732,13.514656,17.200201,16.818476,10.022497,5.075021,6.917353,3.653921,9.988971,15.246225,6.832373,6.274117,0.000000,216.000000,4.000000,,,,0.000000,4.000000,4.000000,2.000000,4.000000,4.000000,4.000000,4.000000,4.000000,4.000000,4.000000,4.000000,4.000000,4.000000,4.000000,4.000000,4.000000,4.000000,4.000000,2.000000,4.000000,4.000000,4.000000,4.000000,4.000000,4.000000,4.000000,4.000000,4.000000,4.000000,4.000000,4.000000,4.000000,66.666664
1614076762.086887,15.000000,0.000000,-0.812899,-2.779955,-13.343802,-6.657983,-9.817481,4.655147,-0.194989,-6.736341,-3.553003,-11.734823,-0.083463,7.403452,3.838414,-12.413941,3.379515,63.269188,13.877903,35.125977,0.325559,-9.440474,-8.772956,-3.934756,14.618897,14.750376,10.012475,5.582767,6.910436,3.650267,9.466161,16.256620,6.825540,6.780663,0.000000,199.000000,4.000000,,,,0.000000,4.000000,4.000000,2.000000,4.000000,4.000000,4.000000,4.000000,4.000000,4.000000,4.000000,4.000000,4.000000,4.000000,4.000000,4.000000,4.000000,4.000000,4.000000,2.000000,4.000000,4.000000,4.000000,4.000000,4.000000,4.000000,4.000000,4.000000,4.000000,4.000000,4.000000,4.000000,4.000000,66.666664
1614076762.094736,16.000000,0.000000,-0.812087,-2.777175,-13.330459,-6.651325,-8.782022,5.676133,0.318026,-4.165503,-3.036630,-14.800011,-0.083380,6.883228,3.834576,-14.965631,-1.239249,50.385406,9.248640,17.654953,-3.264510,-13.020777,-9.789824,-6.494924,12.040175,10.633061,7.438360,5.577184,7.416346,3.646617,9.456695,16.240362,6.818715,4.722600,0.000000,202.000000,4.000000,,,,0.000000,4.000000,4.000000,2.000000,4.000000,4.000000,4.000000,4.000000,4.000000,4.000000,4.000000,4.000000,4.000000,4.000000,4.000000,4.000000,4.000000,4.000000,4.000000,2.000000,4.000000,4.000000,4.000000,4.000000,4.000000,4.000000,4.000000,4.000000,4.000000,4.000000,4.000000,4.000000,4.000000,66.666664
1614076762.102485,17.000000,0.000000,-1.324095,-2.774397,-13.317128,-6.644673,-9.286061,4.644816,0.317708,-0.058773,-3.546413,-14.785212,-0.083296,8.414806,11.523049,-1.104511,12.608145,83.155533,10.777853,42.765503,0.328498,-12.494935,-9.267214,-4.949967,13.053777,8.058326,5.892460,5.571607,6.896109,3.642971,9.447238,13.660020,6.811896,2.666596,0.000000,191.000000,4.000000,,,,0.000000,4.000000,4.000000,2.000000,4.000000,4.000000,4.000000,4.000000,4.000000,4.000000,4.000000,4.000000,4.000000,4.000000,4.000000,4.000000,4.000000,4.000000,4.000000,2.000000,4.000000,4.000000,4.000000,4.000000,4.000000,4.000000,4.000000,4.000000,4.000000,4.000000,4.000000,4.000000,4.000000,66.666664
1614076762.110334,18.000000,0.000000,-1.322771,-2.771623,-13.303811,-6.638029,-9.276775,4.640171,0.317391,1.479748,-3.542867,-10.155042,1.968069,10.970494,14.588449,5.050440,21.313484,95.892891,16.920921,53.491970,1.866631,-9.405518,-7.206665,0.696009,15.604826,8.050267,6.399388,5.566035,6.889213,3.639328,9.437791,11.082257,6.805084,2.663929,0.000000,212.000000,4.000000,,,,0.000000,4.000000,4.000000,2.000000,4.000000,4.000000,4.000000,4.000000,4.000000,4.000000,4.000000,4.000000,4.000000,4.000000,4.000000,4.000000,4.000000,4.000000,4.000000,2.000000,4.000000,4.000000,4.000000,4.000000,4.000000,4.000000,4.000000,4.000000,4.000000,4.000000,4.000000,4.000000,4.000000,66.666664
1614076762.118083,19.000000,0.000000,-0.808628,-2.768852,-13.290507,-6.631391,-10.805960,5.148351,0.317073,0.965447,-3.539324,-7.067963,3.504562,10.446703,12.522578,1.968466,15.138326,72.720078,20.493744,43.182068,1.351944,-6.832009,-3.096894,15.054287,16.102041,8.555037,6.392989,5.560469,6.882324,3.635688,9.428353,11.583996,6.798279,2.661265,0.000000,201.000000,4.000000,,,,0.000000,4.000000,4.000000,2.000000,4.000000,4.000000,4.000000,4.000000,4.000000,4.000000,4.000000,4.000000,4.000000,4.000000,4.000000,4.000000,4.000000,4.000000,4.000000,2.000000,4.000000,4.000000,4.000000,4.000000,4.000000,4.000000,4.000000,4.000000,4.000000,4.000000,4.000000,4.000000,4.000000,66.666664
1614076762.125732,20.000000,0.000000,-1.833460,-3.278903,-13.277217,-6.624759,-15.410539,3.604741,0.316756,0.451661,-3.535785,-7.060895,3.501058,10.949077,13.535697,2.479318,14.097546,73.160172,19.960430,45.190166,1.863412,-5.799536,-2.068156,16.064875,15.573118,7.520842,5.873775,5.042088,6.875441,3.632053,8.906104,11.572412,6.791481,2.658604,0.000000,190.000000,4.000000,,,,0.000000,4.000000,4.000000,2.000000,4.000000,4.000000,4.000000,4.000000,4.000000,4.000000,4.000000,4.000000,4.000000,4.000000,4.000000,4.000000,4.000000,4.000000,4.000000,2.000000,4.000000,4.000000,4.000000,4.000000,4.000000,4.000000,4.000000,4.000000,4.000000,4.000000,4.000000,4.000000,4.000000,66.666664
1614076762.133481,21.000000,0.000000,-1.318806,-2.762804,-13.263939,-6.618134,-16.933590,1.549855,0.316439,0.964030,-3.532249,-7.053834,3.497557,11.450948,11.983700,4.015300,11.006525,75.651115,12.760983,45.657795,1.861549,-4.768095,-2.066087,3.741117,16.070366,8.026141,7.919184,5.549866,6.868566,3.115600,9.922839,10.535198,6.784689,2.655946,0.000000,233.000000,4.000000,,,,0.000000,4.000000,4.000000,2.000000,4.000000,4.000000,4.000000,4.000000,4.000000,4.000000,4.000000,4.000000,4.000000,4.000000,4.000000,4.000000,4.000000,4.000000,4.000000,2.000000,4.000000,4.000000,4.000000,4.000000,4.000000,4.000000,4.000000,4.000000,4.000000,4.000000,4.000000,4.000000,4.000000,66.666664
1614076762.141130,22.000000,0.000000,3.297897,-0.708759,-13.250675,-6.611516,-14.352553,0.522664,0.316123,0.963066,-3.528717,-7.559601,3.494059,8.362574,2.740947,2.472824,-8.491661,51.985722,4.543093,34.842907,1.859687,-5.788969,-0.525560,9.378401,16.054296,10.582217,9.962546,7.595599,6.861697,4.138125,12.477019,14.627227,6.265084,2.653290,0.000000,215.000000,4.000000,,,,0.000000,4.000000,4.000000,2.000000,4.000000,4.000000,4.000000,4.000000,4.000000,4.000000,4.000000,4.000000,4.000000,4.000000,4.000000,4.000000,4.000000,4.000000,4.000000,2.000000,4.000000,4.000000,4.000000,4.000000,4.000000,4.000000,4.000000,4.000000,4.000000,4.000000,4.000000,4.000000,4.000000,66.666664
1614076762.148879,23.000000,0.000000,5.858702,1.343232,-13.237425,-6.604905,-13.312560,1.034962,-0.197014,0.449283,-3.525188,-7.039221,4.003386,8.867032,1.712565,4.008812,-13.098554,48.856815,7.102653,43.013195,1.857828,-5.783179,2.039068,25.779280,15.012600,12.110097,9.952584,9.126465,6.854836,6.698090,13.490183,21.279266,6.771639,2.650636,0.000000,168.000000,4.000000,,,,0.000000,4.000000,4.000000,2.000000,4.000000,4.000000,4.000000,4.000000,4.000000,4.000000,4.000000,4.000000,4.000000,4.000000,4.000000,4.000000,4.000000,4.000000,4.000000,2.000000,4.000000,4.000000,4.000000,4.000000,4.000000,4.000000,4.000000,4.000000,4.000000,4.000000,4.000000,4.000000,4.000000,66.666664
1614076762.156728,24.000000,0.000000,7.904125,0.829068,-13.224187,-6.598300,-11.247965,1.033927,0.316004,1.987295,-3.521663,-0.365515,6.563485,17.063293,15.557006,8.620188,7.940186,81.628471,14.787858,66.559921,1.855970,-0.136371,2.037029,25.753500,17.048870,12.610807,9.942632,9.117338,6.847980,7.717033,12.963872,23.822090,7.277689,2.647986,0.000000,195.000000,4.000000,,,,0.000000,4.000000,4.000000,2.000000,4.000000,4.000000,4.000000,4.000000,4.000000,4.000000,4.000000,4.000000,4.000000,4.000000,4.000000,4.000000,4.000000,4.000000,4.000000,2.000000,4.000000,4.000000,4.000000,4.000000,4.000000,4.000000,4.000000,4.000000,4.000000,4.000000,4.000000,4.000000,4.000000,66.666664
1614076762.164477,25.000000,0.000000,11.998785,0.828239,-13.210963,-6.591702,-6.621333,1.032893,2.366970,6.087872,-3.518141,4.763056,7.582562,22.687256,25.285040,11.175671,19.214296,102.572479,16.311531,66.493362,1.341293,5.504791,1.522172,18.548260,21.647205,14.649479,9.932689,9.108221,6.841133,7.196495,12.950909,23.798267,4.706308,2.645338,0.000000,208.000000,4.000000,,,,0.000000,4.000000,4.000000,2.000000,4.000000,4.000000,4.000000,4.000000,4.000000,4.000000,4.000000,4.000000,4.000000,4.000000,4.000000,4.000000,4.000000,4.000000,4.000000,2.000000,4.000000,4.000000,4.000000,4.000000,4.000000,4.000000,4.000000,4.000000,4.000000,4.000000,4.000000,4.000000,4.000000,66.666664
1614076762.172127,26.000000,0.000000,14.550889,0.827411,-12.684932,-6.585110,-5.589070,1.031860,4.415885,12.235630,-4.027444,4.245472,7.062160,21.638927,24.746933,10.138854,17.143801,100.931450,15.269579,51.555077,1.339952,3.960825,2.033470,18.529711,23.676840,16.173290,9.922756,9.099113,6.834291,7.189299,12.937958,23.261650,3.675961,3.155513,0.000000,126.000000,4.000000,,,,0.000000,4.000000,4.000000,2.000000,4.000000,4.000000,4.000000,4.000000,4.000000,4.000000,4.000000,4.000000,4.000000,4.000000,4.000000,4.000000,4.000000,4.000000,4.000000,2.000000,4.000000,4.000000,4.000000,4.000000,4.000000,4.000000,4.000000,4.000000,4.000000,4.000000,4.000000,4.000000,4.000000,66.666664
1614076762.179876,27.000000,0.000000,13.510697,0.826584,-13.185067,-6.578525,-5.070661,1.030828,3.898649,15.813138,-2.997775,4.241227,7.055097,21.617289,24.722187,10.128715,21.742041,96.215134,15.767130,49.452240,2.877074,2.418403,2.031436,19.536821,23.140343,15.644297,9.912833,9.090014,6.827457,7.182109,12.925019,23.238388,5.723567,2.639537,0.000000,207.000000,4.000000,,,,0.000000,4.000000,4.000000,2.000000,4.000000,4.000000,4.000000,4.000000,4.000000,4.000000,4.000000,4.000000,4.000000,4.000000,4.000000,4.000000,4.000000,4.000000,4.000000,2.000000,4.000000,4.000000,4.000000,4.000000,4.000000,4.000000,4.000000,4.000000,4.000000,4.000000,4.000000,4.000000,4.000000,66.666664
1614076762.187525,28.000000,0.000000,13.497187,0.825757,-12.659061,-6.571946,-3.014308,1.029797,3.894750,12.720402,-0.943495,3.724165,7.048042,22.621311,24.184645,10.631407,18.130556,76.631737,16.264183,49.915607,2.361376,2.415984,1.516585,18.491644,23.117203,15.628653,9.902921,9.593744,6.820630,7.174927,13.424915,24.753611,7.256305,2.636897,0.000000,166.000000,4.000000,,,,0.000000,4.000000,4.000000,2.000000,4.000000,4.000000,4.000000,4.000000,4.000000,4.000000,4.000000,4.000000,4.000000,4.000000,4.000000,4.000000,4.000000,4.000000,4.000000,2.000000,4.000000,4.000000,4.000000,4.000000,4.000000,4.000000,4.000000,4.000000,4.000000,4.000000,4.000000,4.000000,4.000000,66.666664
1614076762.195274,29.000000,0.000000,13.996510,0.824931,-12.646402,-6.565374,-1.472832,1.541588,3.890855,8.092297,0.595910,1.669159,7.553814,22.085871,16.980972,9.082314,8.368835,60.657669,15.735099,47.301590,-0.205088,-1.176175,1.515068,18.985973,23.606907,16.125845,9.893018,8.045689,6.813809,7.167752,10.847387,19.087831,6.736228,3.659901,0.000000,199.000000,4.000000,,,,0.000000,4.000000,4.000000,2.000000,4.000000,4.000000,4.000000,4.000000,4.000000,4.000000,4.000000,4.000000,4.000000,4.000000,4.000000,4.000000,4.000000,4.000000,4.000000,2.000000,4.000000,4.000000,4.000000,4.000000,4.000000,4.000000,4.000000,4.000000,4.000000,4.000000,4.000000,4.000000,4.000000,66.666664
1614076762.202923,30.000000,0.000000,13.469693,0.824106,-14.685039,-6.558809,-1.984180,1.540046,3.886964,8.084205,0.082493,0.641848,7.546261,22.576605,13.374248,7.534770,11.950211,77.007271,16.232183,58.023518,5.436142,-0.662179,1.513553,16.915705,23.583300,15.596898,9.883124,5.986361,7.319816,7.160584,6.733976,4.709769,6.729492,1.092139,0.000000,195.000000,4.000000,,,,0.000000,4.000000,4.000000,2.000000,4.000000,4.000000,4.000000,4.000000,4.000000,4.000000,4.000000,4.000000,4.000000,4.000000,4.000000,4.000000,4.000000,4.000000,4.000000,2.000000,4.000000,4.000000,4.000000,4.000000,4.000000,4.000000,4.000000,4.000000,4.000000,4.000000,4.000000,4.000000,4.000000,66.666664
1614076762.210672,31.000000,0.000000,13.456223,0.823282,-16.721636,-6.552250,-4.033478,-0.512776,3.883077,9.101761,0.595231,-2.948537,7.025894,22.554028,13.873693,7.014415,11.938260,82.058464,16.215952,57.452675,11.071733,-0.661516,-0.539243,10.744944,24.072536,15.581301,9.873241,5.467554,6.799675,7.153424,5.188781,-4.012889,6.722762,-3.524338,0.000000,191.000000,4.000000,,,,0.000000,4.000000,4.000000,2.000000,4.000000,4.000000,4.000000,4.000000,4.000000,4.000000,4.000000,4.000000,4.000000,4.000000,4.000000,4.000000,4.000000,4.000000,4.000000,2.000000,4.000000,4.000000,4.000000,4.000000,4.000000,4.000000,4.000000,4.000000,4.000000,4.000000,4.000000,4.000000,4.000000,66.666664
1614076762.218321,32.000000,0.000000,12.929947,0.822459,-17.217733,-6.545698,-6.080726,-2.563545,3.879194,5.502916,0.594636,-8.586614,7.531689,19.454552,8.731615,5.981759,-3.971114,55.309742,13.635633,25.087528,-2.272673,-13.481368,-4.128447,5.605993,21.997181,16.591360,7.812086,5.462086,6.792876,7.146271,5.696413,-2.983235,7.228860,-5.059275,8064.000000,0.000000,4.000000,,,,0.000000,4.000000,4.000000,2.000000,4.000000,4.000000,4.000000,4.000000,4.000000,4.000000,4.000000,4.000000,4.000000,4.000000,4.000000,4.000000,4.000000,4.000000,4.000000,2.000000,4.000000,4.000000,4.000000,4.000000,4.000000,4.000000,4.000000,4.000000,4.000000,4.000000,4.000000,4.000000,4.000000,66.666664
1614076762.226070,33.000000,0.000000,13.429837,0.821636,-16.687696,-6.539152,-5.561825,-2.560982,3.875315,-0.143613,0.081221,-11.142130,6.498516,18.922276,6.158781,6.488598,-7.556887,61.408279,12.083536,18.395775,-12.013990,-19.108912,-6.175601,7.651670,19.923903,14.010667,5.752992,5.456625,7.298903,7.651945,6.203537,-2.980252,6.195990,-4.541395,8064.000000,0.000000,4.000000,,,,0.000000,4.000000,4.000000,2.000000,4.000000,4.000000,4.000000,4.000000,4.000000,4.000000,4.000000,4.000000,4.000000,4.000000,4.000000,4.000000,4.000000,4.000000,4.000000,2.000000,4.000000,4.000000,4.000000,4.000000,4.000000,4.000000,4.000000,4.000000,4.000000,4.000000,4.000000,4.000000,4.000000,66.666664
1614076762.233720,34.000000,0.000000,13.929228,0.820815,-16.671009,-6.532613,-7.094725,-4.096882,3.871440,-0.143469,0.593960,-12.669450,0.338171,16.339251,5.126981,4.943648,0.142978,88.526360,12.071452,51.197891,3.382639,-7.294931,-5.656605,7.644018,19.903978,9.381271,5.747239,3.912706,4.214682,6.618652,5.684513,-4.002913,3.625692,-6.588136,8064.000000,0.000000,4.000000,,,,0.000000,4.000000,4.000000,2.000000,4.000000,4.000000,4.000000,4.000000,4.000000,4.000000,4.000000,4.000000,4.000000,4.000000,4.000000,4.000000,4.000000,4.000000,4.000000,2.000000,4.000000,4.000000,4.000000,4.000000,4.000000,4.000000,4.000000,4.000000,4.000000,4.000000,4.000000,4.000000,4.000000,66.666664
1614076762.241469,35.000000,0.000000,10.838375,0.819994,-16.654337,-6.526081,-11.703014,-8.708170,3.867568,2.420777,-0.945095,-14.195242,-5.816013,2.476758,-6.160197,-7.881809,-9.600755,61.258343,9.495278,46.531307,13.122847,-10.364559,-6.163768,-5.696959,13.730228,7.833429,6.254312,-0.193771,-0.404918,4.560751,1.576264,-2.973269,3.109246,-9.145650,8064.000000,0.000000,4.000000,,,,0.000000,4.000000,4.000000,2.000000,4.000000,4.000000,4.000000,4.000000,4.000000,4.000000,4.000000,4.000000,4.000000,4.000000,4.000000,4.000000,4.000000,4.000000,4.000000,2.000000,4.000000,4.000000,4.000000,4.000000,4.000000,4.000000,4.000000,4.000000,4.000000,4.000000,4.000000,4.000000,4.000000,66.666664
1614076762.249118,36.000000,0.000000,6.724973,-1.232108,-17.150503,-6.006734,-13.742594,-10.750744,3.863701,-1.171387,-5.559535,-14.181046,-8.887120,-8.807770,-12.820704,-21.207260,-21.898846,28.889393,5.383219,14.177085,-1.762071,-29.841373,-10.772989,-15.947673,4.485729,6.799954,6.248058,-5.834602,-0.917333,3.017729,-2.015056,-3.483116,3.106136,-8.110864,8064.000000,0.000000,4.000000,,,,0.000000,4.000000,4.000000,2.000000,4.000000,4.000000,4.000000,4.000000,4.000000,4.000000,4.000000,4.000000,4.000000,4.000000,4.000000,4.000000,4.000000,4.000000,4.000000,2.000000,4.000000,4.000000,4.000000,4.000000,4.000000,4.000000,4.000000,4.000000,4.000000,4.000000,4.000000,4.000000,4.000000,66.666664
1614076762.256867,37.000000,0.000000,5.179786,-2.769338,-16.107712,-7.026368,-13.216030,-9.201531,3.859837,-3.734319,-8.118078,-14.679686,-7.339771,0.431807,1.551091,-13.493745,-10.594896,61.681015,5.890656,24.419319,-11.503899,-29.811533,-12.813498,-2.598392,4.481243,4.229052,5.728989,-5.315948,-0.916416,3.527532,-2.013041,-1.941172,2.077389,-6.051471,8064.000000,0.000000,4.000000,,,,0.000000,4.000000,4.000000,2.000000,4.000000,4.000000,4.000000,4.000000,4.000000,4.000000,4.000000,4.000000,4.000000,4.000000,4.000000,4.000000,4.000000,4.000000,4.000000,2.000000,4.000000,4.000000,4.000000,4.000000,4.000000,4.000000,4.000000,4.000000,4.000000,4.000000,4.000000,4.000000,4.000000,66.666664
1614076762.264516,38.000000,0.000000,6.200248,-2.766568,-13.527501,-6.506521,-13.715635,-7.141048,4.368798,4.474544,-5.545857,-13.639365,1.385517,10.687785,14.370053,4.468466,4.800314,94.439850,8.448868,56.702591,-8.415472,-14.397106,-9.210941,16.891386,11.143429,4.224823,6.748901,1.356035,-0.402679,3.524004,-1.498207,2.676154,3.613773,-3.994137,8064.000000,0.000000,4.000000,,,,0.000000,4.000000,4.000000,2.000000,4.000000,4.000000,4.000000,4.000000,4.000000,4.000000,4.000000,4.000000,4.000000,4.000000,4.000000,4.000000,4.000000,4.000000,4.000000,2.000000,4.000000,4.000000,4.000000,4.000000,4.000000,4.000000,4.000000,4.000000,4.000000,4.000000,4.000000,4.000000,4.000000,66.666664
1614076762.272365,39.000000,0.000000,6.706868,-2.763802,-12.488333,-3.423092,-11.137816,-5.595445,3.338788,9.085454,-3.489029,-9.010341,6.512337,4.010431,11.278760,7.540921,0.692950,62.037716,8.440419,45.363838,-9.945518,-11.818606,-5.611987,19.951418,12.157927,7.297521,9.306255,5.457243,2.161826,3.520480,-2.009530,5.237581,3.097339,-1.938861,8064.000000,0.000000,4.000000,,,,0.000000,4.000000,4.000000,2.000000,4.000000,4.000000,4.000000,4.000000,4.000000,4.000000,4.000000,4.000000,4.000000,4.000000,4.000000,4.000000,4.000000,4.000000,4.000000,2.000000,4.000000,4.000000,4.000000,4.000000,4.000000,4.000000,4.000000,4.000000,4.000000,4.000000,4.000000,4.000000,4.000000,66.666664
1614076762.280114,40.000000,0.000000,3.623238,-2.761038,-12.988666,-4.445310,-9.075397,-6.615491,-0.254295,-3.744144,-3.485540,-7.462869,-2.212124,-4.711528,8.190558,-1.184569,-5.974410,29.667986,7.919158,35.062065,-4.807367,-12.319609,-5.606375,18.393005,10.607306,8.315865,10.322590,3.913325,3.185305,3.516960,-2.007520,4.719522,-5.623707,-0.398461,8064.000000,0.000000,4.000000,,,,0.000000,4.000000,4.000000,2.000000,4.000000,4.000000,4.000000,4.000000,4.000000,4.000000,4.000000,4.000000,4.000000,4.000000,4.000000,4.000000,4.000000,4.000000,4.000000,2.000000,4.000000,4.000000,4.000000,4.000000,4.000000,4.000000,4.000000,4.000000,4.000000,4.000000,4.000000,4.000000,4.000000,66.666664
1614076762.287963,41.000000,0.000000,-0.995770,-2.758277,-12.975677,-11.620352,-13.681706,-9.172978,-3.330963,-15.535272,-3.482055,-12.070791,-7.850938,-5.732458,10.746470,-5.285948,0.698231,54.766521,8.424060,53.488541,8.530773,-3.589340,-5.600769,18.887432,13.673622,10.358830,9.799447,1.858129,3.694941,3.513443,-1.492692,4.714803,-6.643724,-0.910883,8064.000000,0.000000,4.000000,,,,0.000000,4.000000,4.000000,2.000000,4.000000,4.000000,4.000000,4.000000,4.000000,4.000000,4.000000,4.000000,4.000000,4.000000,4.000000,4.000000,4.000000,4.000000,4.000000,2.000000,4.000000,4.000000,4.000000,4.000000,4.000000,4.000000,4.000000,4.000000,4.000000,4.000000,4.000000,4.000000,4.000000,66.666664
1614076762.295712,42.000000,0.000000,0.543687,-2.755518,-12.962701,-14.172833,-15.206486,-9.676625,-3.840453,-8.340249,-3.991393,-14.110003,-2.202061,-0.085699,10.222903,-3.229380,7.364200,77.275856,7.902815,53.947872,13.650448,0.516813,-5.082347,19.894186,18.788155,11.886933,9.789647,1.856271,6.255348,3.509929,-1.491199,5.222909,3.106509,-0.909972,8064.000000,0.000000,4.000000,,,,0.000000,4.000000,4.000000,2.000000,4.000000,4.000000,4.000000,4.000000,4.000000,4.000000,4.000000,4.000000,4.000000,4.000000,4.000000,4.000000,4.000000,4.000000,4.000000,2.000000,4.000000,4.000000,4.000000,4.000000,4.000000,4.000000,4.000000,4.000000,4.000000,4.000000,4.000000,4.000000,4.000000,66.666664
1614076762.303561,43.000000,0.000000,5.671349,-2.752763,-12.949739,-10.568917,-9.037434,-8.128488,-3.323792,2.437321,-2.961761,-15.121533,0.364243,8.119514,9.187039,-4.251791,6.331194,51.044735,8.407733,41.586231,10.559875,-0.509344,-5.077265,22.438395,20.307827,12.387867,9.779858,2.367235,7.274734,3.506419,-1.489708,4.704865,7.205966,-0.909062,8064.000000,0.000000,4.000000,,,,0.000000,4.000000,4.000000,2.000000,4.000000,4.000000,4.000000,4.000000,4.000000,4.000000,4.000000,4.000000,4.000000,4.000000,4.000000,4.000000,4.000000,4.000000,4.000000,2.000000,4.000000,4.000000,4.000000,4.000000,4.000000,4.000000,4.000000,4.000000,4.000000,4.000000,4.000000,4.000000,4.000000,66.666664
1614076762.311310,44.000000,0.000000,6.691319,-2.750010,-10.885507,-9.532707,-4.413011,-5.556256,-3.320468,4.486166,-0.907517,-13.055130,0.363879,11.701138,9.690673,-5.273181,7.350504,36.634716,10.450607,47.185673,9.010853,-1.021656,-5.072187,18.826212,19.261879,11.862659,9.770078,1.852047,6.754639,3.502913,-1.488219,4.700161,3.096196,-0.908153,8064.000000,0.000000,4.000000,,,,0.000000,4.000000,4.000000,2.000000,4.000000,4.000000,4.000000,4.000000,4.000000,4.000000,4.000000,4.000000,4.000000,4.000000,4.000000,4.000000,4.000000,4.000000,4.000000,2.000000,4.000000,4.000000,4.000000,4.000000,4.000000,4.000000,4.000000,4.000000,4.000000,4.000000,4.000000,4.000000,4.000000,66.666664
1614076762.319159,45.000000,0.000000,5.658986,-2.747260,-8.823339,-10.548816,-5.434239,-3.499418,-3.829968,3.968860,0.631852,-5.862587,4.978900,8.099694,9.680982,1.398759,12.471359,69.418594,11.978619,58.933357,5.924919,-5.123198,-6.605577,10.602258,19.242617,11.850796,9.760307,1.850195,6.747884,3.499410,-0.973910,5.208281,3.605921,-0.394424,8064.000000,0.000000,4.000000,,,,0.000000,4.000000,4.000000,2.000000,4.000000,4.000000,4.000000,4.000000,4.000000,4.000000,4.000000,4.000000,4.000000,4.000000,4.000000,4.000000,4.000000,4.000000,4.000000,2.000000,4.000000,4.000000,4.000000,4.000000,4.000000,4.000000,4.000000,4.000000,4.000000,4.000000,4.000000,4.000000,4.000000,66.666664
1614076762.326908,46.000000,0.000000,6.166148,-2.744513,-8.814515,-10.025446,-6.967267,-3.495919,-3.313318,4.477711,0.631220,-3.805443,8.050844,7.065953,9.671301,10.115309,14.510170,97.041481,10.940998,63.489807,4.893353,-10.759101,-7.111792,7.001912,19.736195,11.838945,9.750547,1.848345,6.741136,3.495911,-1.485756,5.203073,4.627956,0.118791,8064.000000,0.000000,4.000000,,,,0.000000,4.000000,4.000000,2.000000,4.000000,4.000000,4.000000,4.000000,4.000000,4.000000,4.000000,4.000000,4.000000,4.000000,4.000000,4.000000,4.000000,4.000000,4.000000,2.000000,4.000000,4.000000,4.000000,4.000000,4.000000,4.000000,4.000000,4.000000,4.000000,4.000000,4.000000,4.000000,4.000000,66.666664
1614076762.334757,47.000000,0.000000,6.159982,-2.741768,-9.318521,-10.015421,-9.011581,-6.056525,-3.310004,4.986054,0.117768,-9.442663,7.017152,10.648631,9.661630,9.079553,12.957198,77.970085,11.442878,53.682728,6.939742,-14.338085,-8.643142,2.892346,19.203638,11.827106,9.740797,1.846497,6.734395,3.492415,-1.484271,4.172228,2.572046,-1.419789,8064.000000,0.000000,4.000000,,,,0.000000,4.000000,4.000000,2.000000,4.000000,4.000000,4.000000,4.000000,4.000000,4.000000,4.000000,4.000000,4.000000,4.000000,4.000000,4.000000,4.000000,4.000000,4.000000,2.000000,4.000000,4.000000,4.000000,4.000000,4.000000,4.000000,4.000000,4.000000,4.000000,4.000000,4.000000,4.000000,4.000000,66.666664
1614076762.342506,48.000000,0.000000,6.153821,-2.739027,-8.796382,-9.492585,-9.002570,-6.050468,-3.306695,4.468247,0.117651,-9.946041,7.010135,10.637982,9.651968,4.455088,9.354497,49.174164,11.944256,25.936739,-3.836429,-23.041695,-14.275524,0.325351,19.184435,11.815279,9.731056,2.357471,6.727661,3.488922,1.594137,5.193697,5.133576,-0.392729,8064.000000,0.000000,4.000000,,,,0.000000,4.000000,4.000000,2.000000,4.000000,4.000000,4.000000,4.000000,4.000000,4.000000,4.000000,4.000000,4.000000,4.000000,4.000000,4.000000,4.000000,4.000000,4.000000,2.000000,4.000000,4.000000,4.000000,4.000000,4.000000,4.000000,4.000000,4.000000,4.000000,4.000000,4.000000,4.000000,4.000000,66.666664
1614076762.350355,49.000000,0.000000,6.147668,-2.223467,-9.813227,-9.483092,-9.506388,-5.531598,-3.303388,4.463779,0.630354,-6.346351,7.515945,10.627344,10.155136,4.450634,6.268219,40.919865,10.393850,15.654391,-11.524900,-24.557116,-15.799710,7.504513,19.165251,11.803464,9.721325,2.355114,6.720933,3.485433,2.105363,5.188504,1.538699,0.120485,8064.000000,0.000000,4.000000,,,,0.000000,4.000000,4.000000,2.000000,4.000000,4.000000,4.000000,4.000000,4.000000,4.000000,4.000000,4.000000,4.000000,4.000000,4.000000,4.000000,4.000000,4.000000,4.000000,2.000000,4.000000,4.000000,4.000000,4.000000,4.000000,4.000000,4.000000,4.000000,4.000000,4.000000,4.000000,4.000000,4.000000,66.666664
1614076762.358105,50.000000,0.000000,6.141520,-3.246885,-12.367517,-11.524891,-14.625087,-7.577348,-3.300084,4.972136,-0.395918,-6.340005,6.995609,15.232101,9.632161,1.369260,7.287592,39.340481,14.998840,42.818226,9.512266,-5.558199,-6.040321,11.086752,19.658905,11.791660,8.173142,0.301476,6.714212,3.481948,-6.614691,-2.508993,-14.873096,-11.161687,8064.000000,0.000000,4.000000,,,,0.000000,4.000000,4.000000,2.000000,4.000000,4.000000,4.000000,4.000000,4.000000,4.000000,4.000000,4.000000,4.000000,4.000000,4.000000,4.000000,4.000000,4.000000,4.000000,2.000000,4.000000,4.000000,4.000000,4.000000,4.000000,4.000000,4.000000,4.000000,4.000000,4.000000,4.000000,4.000000,4.000000,66.666664
1614076762.365854,51.000000,0.000000,5.622558,-5.294920,-13.380790,-13.564649,-17.174564,-10.133873,-3.296784,4.454343,-4.498086,-7.359306,6.988613,18.806612,9.109708,-1.196212,11.382869,49.557552,24.214611,65.852325,25.913010,12.908897,2.683668,6.460280,19.639246,12.292689,6.113687,-2.262928,7.220318,3.478466,-13.787563,-10.711612,-24.088991,-21.919756,8064.000000,0.000000,4.000000,,,,0.000000,4.000000,4.000000,2.000000,4.000000,4.000000,4.000000,4.000000,4.000000,4.000000,4.000000,4.000000,4.000000,4.000000,4.000000,4.000000,4.000000,4.000000,4.000000,2.000000,4.000000,4.000000,4.000000,4.000000,4.000000,4.000000,4.000000,4.000000,4.000000,4.000000,4.000000,4.000000,4.000000,66.666664
1614076762.373603,52.000000,0.000000,7.155397,-6.828086,-12.854589,-13.551084,-14.080466,-10.123739,-3.293488,4.962709,-7.570511,-6.839126,6.981625,18.274986,11.664701,5.984471,15.986871,77.200302,27.780140,66.812119,14.605045,14.947270,1.655344,14.658948,19.106787,12.280396,6.107573,-1.747844,8.751559,3.474988,-10.696853,-9.675260,-16.885416,-18.308092,8064.000000,0.000000,4.000000,,,,0.000000,4.000000,4.000000,2.000000,4.000000,4.000000,4.000000,4.000000,4.000000,4.000000,4.000000,4.000000,4.000000,4.000000,4.000000,4.000000,4.000000,4.000000,4.000000,2.000000,4.000000,4.000000,4.000000,4.000000,4.000000,4.000000,4.000000,4.000000,4.000000,4.000000,4.000000,4.000000,4.000000,66.666664
1614076762.381452,53.000000,0.000000,9.712344,-6.308438,-12.841734,-13.537533,-14.066386,-9.600795,-3.290194,4.957747,-7.562941,-6.832287,6.974643,17.743891,13.704318,7.004128,19.047808,83.276947,25.701078,65.206841,19.718645,14.932323,2.166509,22.336597,20.113321,11.242476,6.101466,-1.233276,10.794090,3.471513,-5.557951,-6.588661,-10.201863,-11.110297,8064.000000,0.000000,4.000000,,,,0.000000,4.000000,4.000000,2.000000,4.000000,4.000000,4.000000,4.000000,4.000000,4.000000,4.000000,4.000000,4.000000,4.000000,4.000000,4.000000,4.000000,4.000000,4.000000,2.000000,4.000000,4.000000,4.000000,4.000000,4.000000,4.000000,4.000000,4.000000,4.000000,4.000000,4.000000,4.000000,4.000000,66.666664
1614076762.389201,54.000000,0.000000,10.215452,-6.302129,-13.341713,-13.523995,-13.539499,-10.104015,-3.286904,1.875866,-7.555377,-6.825455,6.967669,15.674864,9.075230,-8.387492,9.285170,54.988541,21.059992,60.013432,38.673286,9.276365,3.189983,8.980927,18.041925,13.282515,6.095364,-3.283325,11.296117,3.468041,-5.039572,-6.069252,-11.730124,-12.124828,8064.000000,0.000000,4.000000,,,,0.000000,4.000000,4.000000,2.000000,4.000000,4.000000,4.000000,4.000000,4.000000,4.000000,4.000000,4.000000,4.000000,4.000000,4.000000,4.000000,4.000000,4.000000,4.000000,2.000000,4.000000,4.000000,4.000000,4.000000,4.000000,4.000000,4.000000,4.000000,4.000000,4.000000,4.000000,4.000000,4.000000,66.666664
1614076762.396850,55.000000,0.000000,9.692416,-6.808648,-12.815551,-13.510471,-8.397755,-9.581090,-3.283617,-2.741395,-7.035002,-6.818629,7.473521,11.556625,1.886667,-16.584232,-7.134372,35.446373,7.192778,38.414959,17.608973,-13.297013,-6.556797,-2.822926,10.844397,11.730771,6.089269,-5.331324,4.105333,3.464573,-5.547353,-6.576003,-12.231214,-12.625524,8064.000000,0.000000,4.000000,,,,0.000000,4.000000,4.000000,2.000000,4.000000,4.000000,4.000000,4.000000,4.000000,4.000000,4.000000,4.000000,4.000000,4.000000,4.000000,4.000000,4.000000,4.000000,4.000000,2.000000,4.000000,4.000000,4.000000,4.000000,4.000000,4.000000,4.000000,4.000000,4.000000,4.000000,4.000000,4.000000,4.000000,66.666664
1614076762.404599,56.000000,0.000000,9.682724,-6.289019,-12.802735,-13.496961,-6.338074,-6.494586,-3.793154,-3.251474,-4.463864,-7.324631,7.466048,10.006607,1.371960,-9.388161,-12.768264,36.436569,-7.173389,14.786798,-14.716330,-32.258076,-18.345112,-6.922667,5.192526,0.949809,4.031898,-5.838813,-6.155182,3.461108,-5.541806,-6.569427,-10.680521,-11.587257,8064.000000,0.000000,4.000000,,,,0.000000,4.000000,4.000000,2.000000,4.000000,4.000000,4.000000,4.000000,4.000000,4.000000,4.000000,4.000000,4.000000,4.000000,4.000000,4.000000,4.000000,4.000000,4.000000,2.000000,4.000000,4.000000,4.000000,4.000000,4.000000,4.000000,4.000000,4.000000,4.000000,4.000000,4.000000,4.000000,4.000000,66.666664
1614076762.412248,57.000000,0.000000,9.673041,-6.282730,-13.302752,-13.996284,-4.793275,-2.898348,-2.763720,-2.735402,-3.946580,-5.778845,6.432940,10.509421,4.447511,-4.763388,-8.140111,38.451416,-6.140574,10.669448,-9.573408,-35.815559,-21.916510,-20.249077,4.161693,-7.769089,2.489404,-5.320153,-8.713130,3.457647,-4.510623,-5.024396,-10.669841,-12.088490,8064.000000,0.000000,4.000000,,,,0.000000,4.000000,4.000000,2.000000,4.000000,4.000000,4.000000,4.000000,4.000000,4.000000,4.000000,4.000000,4.000000,4.000000,4.000000,4.000000,4.000000,4.000000,4.000000,2.000000,4.000000,4.000000,4.000000,4.000000,4.000000,4.000000,4.000000,4.000000,4.000000,4.000000,4.000000,4.000000,4.000000,66.666664
1614076762.419997,58.000000,0.000000,9.663368,-6.789268,-10.725348,-12.956647,5.467929,-1.869809,-0.709674,-3.245487,-1.891351,-0.132040,7.452148,10.498912,8.545628,0.882401,-2.490945,51.746296,0.019412,33.735703,13.000268,-35.779747,-17.792028,-21.254469,4.670352,-7.248500,5.051017,-5.314833,-4.601852,3.454190,-2.454830,-2.455269,-11.684812,-7.461018,8064.000000,0.000000,4.000000,,,,0.000000,4.000000,4.000000,2.000000,4.000000,4.000000,4.000000,4.000000,4.000000,4.000000,4.000000,4.000000,4.000000,4.000000,4.000000,4.000000,4.000000,4.000000,4.000000,2.000000,4.000000,4.000000,4.000000,4.000000,4.000000,4.000000,4.000000,4.000000,4.000000,4.000000,4.000000,4.000000,4.000000,66.666664
1614076762.427646,59.000000,0.000000,9.653705,-5.756837,-6.612058,-10.892408,14.693230,-2.380759,0.829497,-3.242241,2.725925,4.483476,7.444696,10.488413,10.075543,12.676390,1.614110,79.386856,0.532213,60.881454,16.577011,-32.154221,-16.748596,1.330888,4.152861,-6.215610,6.584428,-3.258236,-4.084430,3.450736,-1.426735,-1.939993,-10.134665,-1.299710,8064.000000,0.000000,4.000000,,,,0.000000,4.000000,4.000000,2.000000,4.000000,4.000000,4.000000,4.000000,4.000000,4.000000,4.000000,4.000000,4.000000,4.000000,4.000000,4.000000,4.000000,4.000000,4.000000,2.000000,4.000000,4.000000,4.000000,4.000000,4.000000,4.000000,4.000000,4.000000,4.000000,4.000000,4.000000,4.000000,4.000000,66.666664
1614076762.435396,60.000000,0.000000,9.644052,-3.699798,-4.554164,-9.343055,12.627254,-1.865558,0.315847,-2.726179,4.774481,4.478993,1.283406,10.477924,8.527006,11.638073,0.586855,86.486961,0.018861,62.359032,5.791203,-19.814375,-17.757488,13.124429,4.148708,-6.722215,6.065023,-1.716516,-5.105987,3.447285,-0.912487,-2.450874,-5.509146,-0.785590,8064.000000,0.000000,4.000000,,,,0.000000,4.000000,4.000000,2.000000,4.000000,4.000000,4.000000,4.000000,4.000000,4.000000,4.000000,4.000000,4.000000,4.000000,4.000000,4.000000,4.000000,4.000000,4.000000,2.000000,4.000000,4.000000,4.000000,4.000000,4.000000,4.000000,4.000000,4.000000,4.000000,4.000000,4.000000,4.000000,4.000000,66.666664
1614076762.443045,61.000000,0.000000,9.634407,-2.157637,-5.062430,-9.846532,8.512063,-2.376513,0.315532,-2.723452,3.744066,3.961693,-4.358903,10.980267,6.980018,-0.681258,-6.080399,60.246624,1.044483,43.322315,-3.958178,-13.640716,-13.637167,7.983099,4.657380,-2.612929,6.058958,-1.714800,-3.049599,3.443837,1.139707,-0.909961,-2.939534,0.240836,8064.000000,0.000000,4.000000,,,,0.000000,4.000000,4.000000,2.000000,4.000000,4.000000,4.000000,4.000000,4.000000,4.000000,4.000000,4.000000,4.000000,4.000000,4.000000,4.000000,4.000000,4.000000,4.000000,2.000000,4.000000,4.000000,4.000000,4.000000,4.000000,4.000000,4.000000,4.000000,4.000000,4.000000,4.000000,4.000000,4.000000,66.666664
1614076762.450794,62.000000,0.000000,9.624773,-2.668300,-5.570189,-9.836685,9.529192,-2.374137,0.315216,-3.233549,4.765963,4.470552,-4.354545,10.456466,5.947397,-5.295961,-8.638421,34.545353,1.556259,30.971300,0.148345,-16.191177,-4.905581,6.949475,4.652722,3.030710,6.052899,-1.713085,-0.995267,3.440394,2.677029,1.655051,-3.962236,5.368801,8064.000000,0.000000,4.000000,,,,0.000000,4.000000,4.000000,2.000000,4.000000,4.000000,4.000000,4.000000,4.000000,4.000000,4.000000,4.000000,4.000000,4.000000,4.000000,4.000000,4.000000,4.000000,4.000000,2.000000,4.000000,4.000000,4.000000,4.000000,4.000000,4.000000,4.000000,4.000000,4.000000,4.000000,4.000000,4.000000,4.000000,66.666664
1614076762.458443,63.000000,0.000000,9.615148,-2.665632,-4.538977,-9.314028,7.981202,-2.371763,0.314901,-2.717495,2.709914,4.466082,-3.837369,9.420368,5.941450,-3.752203,-5.552859,39.126190,1.041882,36.068535,10.917427,-14.123704,0.227530,8.993808,4.648069,5.078961,6.046846,-1.711372,0.031369,3.436953,2.161531,2.679037,-3.958274,6.389073,8064.000000,0.000000,4.000000,,,,0.000000,4.000000,4.000000,2.000000,4.000000,4.000000,4.000000,4.000000,4.000000,4.000000,4.000000,4.000000,4.000000,4.000000,4.000000,4.000000,4.000000,4.000000,4.000000,2.000000,4.000000,4.000000,4.000000,4.000000,4.000000,4.000000,4.000000,4.000000,4.000000,4.000000,4.000000,4.000000,4.000000,66.666664
1614076762.466192,64.000000,0.000000,9.605533,-2.662966,-5.047259,-9.817534,1.306554,-3.395032,0.314586,-2.201957,-2.421001,3.948795,-4.346353,6.334025,6.961149,-3.748451,-4.008845,58.061424,1.040840,48.340157,8.342407,-7.955734,-0.798339,8.984814,4.643421,4.561062,6.553619,-1.709661,-0.481483,3.433516,2.159370,-0.913386,-3.441495,3.305761,0.000000,191.000000,4.000000,,,,0.000000,4.000000,4.000000,2.000000,4.000000,4.000000,4.000000,4.000000,4.000000,4.000000,4.000000,4.000000,4.000000,4.000000,4.000000,4.000000,4.000000,4.000000,4.000000,2.000000,4.000000,4.000000,4.000000,4.000000,4.000000,4.000000,4.000000,4.000000,4.000000,4.000000,4.000000,4.000000,4.000000,66.666664
1614076762.473841,65.000000,0.000000,9.595927,-2.660303,-11.196057,-9.807717,-5.361420,-5.955739,0.314271,-4.763858,-4.469862,3.944846,-3.829186,1.712306,4.902906,-5.795985,-4.517656,61.080288,1.039799,49.317459,-2.947987,-9.999061,-5.925746,7.950188,4.638778,4.556500,5.008605,-1.707951,-2.532283,3.430083,2.157211,-8.091959,-5.489336,2.789634,0.000000,208.000000,4.000000,,,,0.000000,4.000000,4.000000,2.000000,4.000000,4.000000,4.000000,4.000000,4.000000,4.000000,4.000000,4.000000,4.000000,4.000000,4.000000,4.000000,4.000000,4.000000,4.000000,2.000000,4.000000,4.000000,4.000000,4.000000,4.000000,4.000000,4.000000,4.000000,4.000000,4.000000,4.000000,4.000000,4.000000,66.666664
1614076762.481590,66.000000,0.000000,9.586331,-2.657643,-16.825888,-10.310730,-6.894520,-6.462604,0.313957,-6.810376,-3.439751,3.940902,-7.415100,-1.366329,-1.255843,-7.841471,-6.051600,53.839718,0.525939,45.678398,-5.509141,-15.630087,-12.073667,0.762751,4.121319,5.064764,2.952314,-1.706243,-4.068213,3.426653,2.155053,-10.647970,-8.047949,-1.315719,0.000000,199.000000,4.000000,,,,0.000000,4.000000,4.000000,2.000000,4.000000,4.000000,4.000000,4.000000,4.000000,4.000000,4.000000,4.000000,4.000000,4.000000,4.000000,4.000000,4.000000,4.000000,4.000000,2.000000,4.000000,4.000000,4.000000,4.000000,4.000000,4.000000,4.000000,4.000000,4.000000,4.000000,4.000000,4.000000,4.000000,66.666664
1614076762.489240,67.000000,0.000000,9.576745,-2.654985,-16.809061,-9.787599,-6.374804,-5.430501,0.313643,-2.701002,-3.436311,3.936960,-11.510249,-1.364962,-2.793049,-9.372091,-5.532728,60.965366,0.525413,51.273746,-3.965170,-15.614457,-13.600054,-5.904679,3.604377,4.546879,1.923720,-1.704537,-4.576965,3.423226,2.152898,-9.611681,-7.527080,-7.981070,0.000000,187.000000,4.000000,,,,0.000000,4.000000,4.000000,2.000000,4.000000,4.000000,4.000000,4.000000,4.000000,4.000000,4.000000,4.000000,4.000000,4.000000,4.000000,4.000000,4.000000,4.000000,4.000000,2.000000,4.000000,4.000000,4.000000,4.000000,4.000000,4.000000,4.000000,4.000000,4.000000,4.000000,4.000000,4.000000,4.000000,66.666664
1614076762.496989,68.000000,0.000000,9.567168,-2.652330,-16.279432,-9.777811,-6.368430,-3.886608,0.313329,1.404263,-3.945695,2.907382,-9.447456,-0.850777,2.337949,-7.824257,-3.475914,62.442863,1.037708,42.504524,-3.961205,-20.214228,-12.560813,-5.898774,4.626413,4.542333,2.434617,-1.702832,-4.572388,3.419803,2.150745,-10.114890,-7.519553,-8.485909,0.000000,206.000000,4.000000,,,,0.000000,4.000000,4.000000,2.000000,4.000000,4.000000,4.000000,4.000000,4.000000,4.000000,4.000000,4.000000,4.000000,4.000000,4.000000,4.000000,4.000000,4.000000,4.000000,2.000000,4.000000,4.000000,4.000000,4.000000,4.000000,4.000000,4.000000,4.000000,4.000000,4.000000,4.000000,4.000000,4.000000,66.666664
1614076762.504638,69.000000,0.000000,9.557601,-2.649678,-17.288794,-10.280853,-6.362062,-2.344260,-0.199804,-0.135602,-3.428929,3.930116,-8.412369,-1.362747,-2.279773,-7.816433,-8.600643,35.713753,0.523850,15.795351,-4.470065,-33.527348,-13.573894,-3.841594,4.621787,4.537790,2.432183,-1.701130,-4.054995,3.416383,1.635774,-10.104774,-8.024854,-5.400501,0.000000,199.000000,4.000000,,,,0.000000,4.000000,4.000000,2.000000,4.000000,4.000000,4.000000,4.000000,4.000000,4.000000,4.000000,4.000000,4.000000,4.000000,4.000000,4.000000,4.000000,4.000000,4.000000,2.000000,4.000000,4.000000,4.000000,4.000000,4.000000,4.000000,4.000000,4.000000,4.000000,4.000000,4.000000,4.000000,4.000000,66.666664
1614076762.512487,70.000000,0.000000,10.060863,-2.647028,-14.194581,-7.193650,-6.355699,-1.829095,0.826036,-2.699569,-3.425500,4.951827,-5.839853,-0.335743,-4.841596,-8.834258,-11.668965,25.421629,1.548967,21.420582,-4.978415,-34.519459,-12.021857,-2.299290,3.591524,4.020432,2.429750,-1.699428,-0.974017,3.412966,3.685420,-7.530568,-6.991188,-4.369459,0.000000,201.000000,4.000000,,,,0.000000,4.000000,4.000000,4.000000,4.000000,4.000000,4.000000,4.000000,4.000000,4.000000,4.000000,4.000000,4.000000,4.000000,4.000000,4.000000,4.000000,4.000000,4.000000,2.000000,4.000000,4.000000,4.000000,4.000000,4.000000,4.000000,4.000000,4.000000,4.000000,4.000000,4.000000,4.000000,4.000000,83.333336
1614076762.520236,71.000000,0.000000,9.537983,-2.644381,-9.565002,-1.032610,-3.272420,-2.340087,3.389313,-0.645588,-3.422075,2.895593,3.909576,5.818439,11.060681,-2.158757,5.778601,57.703899,8.214085,50.629929,0.154769,-14.484941,-6.368810,-3.322632,9.228958,5.554873,2.940141,-1.184909,0.052598,3.409554,6.245838,-4.958934,-4.420094,-4.877910,0.000000,175.000000,4.000000,,,,0.000000,4.000000,4.000000,4.000000,4.000000,4.000000,4.000000,4.000000,4.000000,4.000000,4.000000,4.000000,4.000000,4.000000,4.000000,4.000000,4.000000,4.000000,4.000000,2.000000,4.000000,4.000000,4.000000,4.000000,4.000000,4.000000,4.000000,4.000000,4.000000,4.000000,4.000000,4.000000,4.000000,83.333336
1614076762.528085,72.000000,0.000000,9.528444,-2.641737,-8.529797,1.532525,1.859057,-2.337747,4.411565,3.970443,-3.418653,6.995262,11.597975,14.017749,24.895775,12.202376,23.721540,79.184654,13.846896,55.194687,12.462306,1.939801,-1.234236,-5.370592,19.988960,10.164702,2.937201,-1.183724,3.129469,3.406144,6.239592,-5.979617,-3.902854,-4.873032,0.000000,182.000000,4.000000,,,,0.000000,4.000000,4.000000,4.000000,4.000000,4.000000,4.000000,4.000000,4.000000,4.000000,4.000000,4.000000,4.000000,4.000000,4.000000,4.000000,4.000000,4.000000,4.000000,2.000000,4.000000,4.000000,4.000000,4.000000,4.000000,4.000000,4.000000,4.000000,4.000000,4.000000,4.000000,4.000000,4.000000,83.333336
1614076762.535834,73.000000,0.000000,10.031736,-3.151915,-7.495625,1.530993,4.934121,2.279976,3.894333,7.043395,-3.415234,17.757498,12.612018,19.131935,25.383699,21.420942,26.261921,69.874702,15.884332,51.549747,20.654972,3.989143,2.356741,8.480933,25.609997,12.205820,2.421443,-1.695360,10.305826,3.402738,5.720531,-5.973637,-2.873310,-4.355339,0.000000,201.000000,4.000000,,,,0.000000,4.000000,4.000000,4.000000,4.000000,4.000000,4.000000,4.000000,4.000000,4.000000,4.000000,4.000000,4.000000,4.000000,4.000000,4.000000,4.000000,4.000000,4.000000,2.000000,4.000000,4.000000,4.000000,4.000000,4.000000,4.000000,4.000000,4.000000,4.000000,4.000000,4.000000,4.000000,4.000000,83.333336
1614076762.543683,74.000000,0.000000,8.483243,-2.635943,-4.924027,3.067923,5.442008,6.380260,4.916080,8.574813,-3.411819,17.739740,10.035303,18.599983,25.358316,15.245676,26.748480,70.317650,17.406908,63.805889,14.993292,5.010795,3.380026,24.369888,21.481823,12.706434,3.444663,-0.668024,9.782700,3.399335,6.740452,-4.429202,-0.306334,-0.761240,0.000000,216.000000,4.000000,,,,0.000000,4.000000,4.000000,4.000000,4.000000,4.000000,4.000000,4.000000,4.000000,4.000000,4.000000,4.000000,4.000000,4.000000,4.000000,4.000000,4.000000,4.000000,4.000000,2.000000,4.000000,4.000000,4.000000,4.000000,4.000000,4.000000,4.000000,4.000000,4.000000,4.000000,4.000000,4.000000,4.000000,83.333336
1614076762.551432,75.000000,0.000000,4.372196,-2.120486,-4.919103,5.116138,4.923745,1.245674,2.347061,8.566238,-3.408407,3.875846,1.820139,10.889076,17.127829,-1.692647,18.003782,73.837074,12.261297,59.639519,5.747529,-0.635241,-1.238739,11.012185,11.716751,11.668087,1.389936,-3.231458,-1.509134,3.395936,4.169609,-9.040157,0.206793,2.829265,0.000000,187.000000,4.000000,,,,0.000000,4.000000,4.000000,4.000000,4.000000,4.000000,4.000000,4.000000,4.000000,4.000000,4.000000,4.000000,4.000000,4.000000,4.000000,4.000000,4.000000,4.000000,4.000000,2.000000,4.000000,4.000000,4.000000,4.000000,4.000000,4.000000,4.000000,4.000000,4.000000,4.000000,4.000000,4.000000,4.000000,83.333336
1614076762.559281,76.000000,0.000000,1.803721,-3.656827,-5.939825,5.111021,2.354719,-6.447879,-2.270671,8.557673,-3.404998,-5.358799,-9.463732,1.134597,-2.376478,-14.511467,-5.603964,48.122211,-1.084298,37.015778,3.690499,-17.044863,-12.006731,-10.024468,4.525547,5.502573,-6.816582,-11.433355,-9.199933,3.392540,-1.475586,-17.749065,-0.306234,3.852077,0.000000,189.000000,4.000000,,,,0.000000,4.000000,4.000000,4.000000,4.000000,4.000000,4.000000,4.000000,4.000000,4.000000,4.000000,4.000000,4.000000,4.000000,4.000000,4.000000,4.000000,4.000000,4.000000,2.000000,4.000000,4.000000,4.000000,4.000000,4.000000,4.000000,4.000000,4.000000,4.000000,4.000000,4.000000,4.000000,4.000000,83.333336
1614076762.567030,77.000000,0.000000,2.314738,-1.089068,-4.908244,4.593090,1.326723,-3.364508,-4.319683,7.523474,-3.401593,-3.302158,-11.505550,-0.917820,-6.989486,-17.573879,-11.752207,32.689476,-8.262701,28.260813,3.686809,-27.797049,-21.225492,-10.014444,4.008201,-2.195237,-12.450791,-17.062948,-7.652271,3.389147,-5.063854,-21.321060,0.206892,3.335404,0.000000,202.000000,4.000000,,,,0.000000,4.000000,4.000000,4.000000,4.000000,4.000000,4.000000,4.000000,4.000000,4.000000,4.000000,4.000000,4.000000,4.000000,4.000000,4.000000,4.000000,4.000000,4.000000,2.000000,4.000000,4.000000,4.000000,4.000000,4.000000,4.000000,4.000000,4.000000,4.000000,4.000000,4.000000,4.000000,4.000000,83.333336
1614076762.574879,78.000000,0.000000,2.312423,4.040226,-2.339233,4.588497,3.376678,4.331164,-3.289722,9.054412,-3.398192,-0.734753,-7.904301,0.108739,1.735452,-13.453740,-1.484044,53.682426,-5.690335,31.822296,-3.496365,-30.333353,-27.358114,-4.876225,5.029834,-5.269965,-12.438340,-16.533064,-7.131798,3.385758,-5.058790,-20.274097,0.206685,2.819248,0.000000,205.000000,4.000000,,,,0.000000,4.000000,4.000000,4.000000,4.000000,4.000000,4.000000,4.000000,4.000000,4.000000,4.000000,4.000000,4.000000,4.000000,4.000000,4.000000,4.000000,4.000000,4.000000,2.000000,4.000000,4.000000,4.000000,4.000000,4.000000,4.000000,4.000000,4.000000,4.000000,4.000000,4.000000,4.000000,4.000000,83.333336
1614076762.582628,79.000000,0.000000,2.310111,2.497724,-1.311253,4.583908,4.398942,5.865294,-3.286432,8.532537,-3.394794,-0.221198,-7.383576,-3.481113,0.195255,-10.363363,-6.610765,57.731308,-6.197466,33.328934,-8.621074,-35.944046,-30.407679,-7.435451,2.460702,-6.290336,-11.913081,-16.003710,-9.175948,3.382372,-6.079372,-20.253824,-0.306342,3.842070,0.000000,193.000000,4.000000,,,,0.000000,4.000000,4.000000,4.000000,4.000000,4.000000,4.000000,4.000000,4.000000,4.000000,4.000000,4.000000,4.000000,4.000000,4.000000,4.000000,4.000000,4.000000,4.000000,2.000000,4.000000,4.000000,4.000000,4.000000,4.000000,4.000000,4.000000,4.000000,4.000000,4.000000,4.000000,4.000000,4.000000,83.333336
1614076762.590477,80.000000,0.000000,0.769339,-2.120158,-1.822762,4.579324,5.420185,4.320968,-3.795966,-0.706765,-3.904219,-0.220977,-7.889013,-8.093017,-6.984427,-8.814539,-20.450308,28.955627,-11.832294,29.705862,-6.561171,-38.985023,-31.402912,-8.453656,0.406959,-7.309687,-12.413989,-16.500526,-11.218055,3.378990,-8.637396,-20.746391,0.206785,3.325408,0.000000,193.000000,4.000000,,,,0.000000,4.000000,4.000000,4.000000,4.000000,4.000000,4.000000,4.000000,4.000000,4.000000,4.000000,4.000000,4.000000,4.000000,4.000000,4.000000,4.000000,4.000000,4.000000,2.000000,4.000000,4.000000,4.000000,4.000000,4.000000,4.000000,4.000000,4.000000,4.000000,4.000000,4.000000,4.000000,4.000000,83.333336
1614076762.598226,81.000000,0.000000,-1.282712,-2.630858,-1.820940,4.574745,7.466046,4.829467,-3.279350,-7.372725,-3.387495,0.292065,-7.368304,-8.084924,-6.977443,-5.728801,-20.429857,28.413853,-14.384564,28.650515,-9.631533,-38.946041,-29.320227,-9.470843,0.406552,-6.789557,-12.401575,-16.484026,-11.719657,3.375611,-9.141579,-20.212824,0.206578,-1.293303,0.000000,205.000000,4.000000,,,,0.000000,4.000000,4.000000,4.000000,4.000000,4.000000,4.000000,4.000000,4.000000,4.000000,4.000000,4.000000,4.000000,4.000000,4.000000,4.000000,4.000000,4.000000,4.000000,2.000000,4.000000,4.000000,4.000000,4.000000,4.000000,4.000000,4.000000,4.000000,4.000000,4.000000,4.000000,4.000000,4.000000,83.333336
1614076762.606075,82.000000,0.000000,-1.794250,-5.192330,-1.819119,4.570170,7.971401,5.337458,-3.276070,-3.775609,-3.896928,0.804593,-6.848115,-8.076838,-2.355081,0.943594,-10.153018,61.205952,-13.344539,40.929558,-7.570619,-37.368633,-21.598598,-9.974194,0.918966,-6.782767,-11.876352,-15.954722,-11.195117,3.372236,-8.619617,-20.192612,-3.383372,-7.445856,0.000000,221.000000,4.000000,,,,0.000000,4.000000,4.000000,4.000000,4.000000,4.000000,4.000000,4.000000,4.000000,4.000000,4.000000,4.000000,4.000000,4.000000,4.000000,4.000000,4.000000,4.000000,4.000000,2.000000,4.000000,4.000000,4.000000,4.000000,4.000000,4.000000,4.000000,4.000000,4.000000,4.000000,4.000000,4.000000,4.000000,83.333336
1614076762.613824,83.000000,0.000000,-1.279635,-9.802523,-1.817300,4.565600,10.014711,4.819300,-3.272794,-2.746192,-3.893031,0.290968,-7.354087,-7.555941,-0.814264,4.532394,-3.989019,67.811409,-14.356835,50.632217,12.436952,-31.690239,-13.884693,-8.938579,-0.107594,-6.775984,-11.864476,-15.938767,-11.183922,3.368863,-8.610997,-19.659597,-7.482553,-8.976871,0.000000,184.000000,4.000000,,,,0.000000,4.000000,4.000000,4.000000,4.000000,4.000000,4.000000,4.000000,4.000000,4.000000,4.000000,4.000000,4.000000,4.000000,4.000000,4.000000,4.000000,4.000000,4.000000,2.000000,4.000000,4.000000,4.000000,4.000000,4.000000,4.000000,4.000000,4.000000,4.000000,4.000000,4.000000,4.000000,4.000000,83.333336
1614076762.621673,84.000000,0.000000,-1.791176,-8.767078,-1.815482,4.561034,14.620082,3.788840,-3.269521,-4.794728,-2.350676,-0.222144,-7.346734,-3.958642,-2.864732,2.989400,-6.549132,35.435909,-12.804017,30.581585,14.988617,-28.068804,-11.306705,-7.903998,0.918154,-6.256388,-11.852612,-15.922829,-11.685558,3.365494,-8.602386,-19.639938,-7.987891,-7.942253,0.000000,190.000000,4.000000,,,,0.000000,4.000000,4.000000,4.000000,4.000000,4.000000,4.000000,4.000000,4.000000,4.000000,4.000000,4.000000,4.000000,4.000000,4.000000,4.000000,4.000000,4.000000,4.000000,2.000000,4.000000,4.000000,4.000000,4.000000,4.000000,4.000000,4.000000,4.000000,4.000000,4.000000,4.000000,4.000000,4.000000,83.333336
1614076762.629422,85.000000,0.000000,-1.276564,-5.681389,-1.813667,4.556473,16.143923,4.297872,-3.266252,3.415195,0.728598,1.316540,-7.339386,-0.364939,0.215056,2.986411,-5.004121,30.272266,-3.560443,18.243311,-8.616116,-24.450993,-11.808220,0.309034,5.532621,-4.711670,-11.840759,-15.906906,-9.109771,3.362129,-8.593783,-20.133120,-7.467082,-7.934311,0.000000,197.000000,4.000000,,,,0.000000,4.000000,4.000000,4.000000,4.000000,4.000000,4.000000,4.000000,4.000000,4.000000,4.000000,4.000000,4.000000,4.000000,4.000000,4.000000,4.000000,4.000000,4.000000,2.000000,4.000000,4.000000,4.000000,4.000000,4.000000,4.000000,4.000000,4.000000,4.000000,4.000000,4.000000,4.000000,4.000000,83.333336
1614076762.637071,86.000000,0.000000,-1.788108,-6.188528,-2.324674,4.039096,15.614959,9.421779,-3.262986,15.206652,3.804792,3.879326,-7.332047,-0.364575,10.471251,4.009066,12.436780,63.062508,5.161066,45.917377,-5.530576,-13.144489,-11.796412,8.513853,8.604012,-1.630035,-11.828918,-15.890999,-7.049378,3.358767,-8.585190,-19.600164,-7.972435,-8.439198,0.000000,193.000000,4.000000,,,,0.000000,4.000000,4.000000,4.000000,4.000000,4.000000,4.000000,4.000000,4.000000,4.000000,4.000000,4.000000,4.000000,4.000000,4.000000,4.000000,4.000000,4.000000,4.000000,2.000000,4.000000,4.000000,4.000000,4.000000,4.000000,4.000000,4.000000,4.000000,4.000000,4.000000,4.000000,4.000000,4.000000,83.333336
1614076762.644821,87.000000,0.000000,-1.273500,-6.695160,-2.322349,4.547878,20.214727,12.489280,-3.259723,15.191445,3.800987,3.875447,-7.324715,1.174252,13.537703,1.953775,17.039728,68.640472,5.668725,59.204792,17.551878,-5.439038,-11.784616,1.325852,8.595407,0.422877,-11.817090,-15.362288,-7.042329,3.355408,-8.576605,-19.580564,-7.451643,-8.430758,0.000000,175.000000,4.000000,,,,0.000000,4.000000,4.000000,4.000000,4.000000,4.000000,4.000000,4.000000,4.000000,4.000000,4.000000,4.000000,4.000000,4.000000,4.000000,4.000000,4.000000,4.000000,4.000000,2.000000,4.000000,4.000000,4.000000,4.000000,4.000000,4.000000,4.000000,4.000000,4.000000,4.000000,4.000000,4.000000,4.000000,83.333336
1614076762.652470,88.000000,0.000000,0.779056,-6.688465,-1.807206,4.543330,23.271437,11.451150,-3.256463,11.073689,2.258725,3.358751,-7.317390,3.737180,7.370319,-0.099461,-1.951671,36.264137,4.124595,27.350716,8.303556,-11.074624,-12.798471,-2.778038,7.561171,0.935275,-11.805272,-17.398207,-8.060927,3.352053,-8.568028,-21.612267,-7.957012,-7.909507,0.000000,198.000000,4.000000,,,,0.000000,4.000000,4.000000,4.000000,4.000000,4.000000,4.000000,4.000000,4.000000,4.000000,4.000000,4.000000,4.000000,4.000000,4.000000,4.000000,4.000000,4.000000,4.000000,2.000000,4.000000,4.000000,4.000000,4.000000,4.000000,4.000000,4.000000,4.000000,4.000000,4.000000,4.000000,4.000000,4.000000,83.333336
1614076762.660219,89.000000,0.000000,2.829559,-6.168956,-2.831040,3.513145,22.735344,12.978160,-3.253206,11.575437,7.897492,3.868213,-7.822894,5.784725,4.798846,1.439100,-4.513822,32.638130,5.146111,19.118237,-5.550901,-16.191755,-12.272853,5.942688,8.066430,0.421519,-11.793468,-19.432091,-7.540046,3.348701,-8.559461,-23.641935,-7.949055,-7.388777,0.000000,188.000000,4.000000,,,,0.000000,4.000000,4.000000,4.000000,4.000000,4.000000,4.000000,4.000000,4.000000,4.000000,4.000000,4.000000,4.000000,4.000000,4.000000,4.000000,4.000000,4.000000,4.000000,2.000000,4.000000,4.000000,4.000000,4.000000,4.000000,4.000000,4.000000,4.000000,4.000000,4.000000,4.000000,4.000000,4.000000,83.333336
1614076762.667868,90.000000,0.000000,2.313909,-4.111505,-1.802568,6.073735,22.712608,18.606207,-3.249953,13.102323,17.120363,3.864344,-7.302250,7.317401,6.332509,3.488943,8.824025,65.426003,5.140965,51.919632,7.787983,-13.611461,-12.773400,2.347002,8.571184,0.933918,-11.781673,-19.412659,-7.019686,3.345352,-8.550900,-22.592653,-6.402644,-8.407029,0.000000,118.000000,4.000000,,,,0.000000,4.000000,4.000000,4.000000,4.000000,4.000000,4.000000,4.000000,4.000000,4.000000,4.000000,4.000000,4.000000,4.000000,4.000000,4.000000,4.000000,4.000000,4.000000,2.000000,4.000000,4.000000,4.000000,4.000000,4.000000,4.000000,4.000000,4.000000,4.000000,4.000000,4.000000,4.000000,4.000000,83.333336
1614076762.675617,91.000000,0.000000,2.311595,-2.568932,5.378722,12.734328,22.177076,20.126062,-3.246703,11.550758,19.154526,2.834839,-7.294948,6.797264,5.813355,3.485454,2.148535,74.591347,4.623004,63.149761,8.805837,-19.751696,-12.247807,-9.450216,8.049792,1.445804,-11.769892,-19.393246,-8.038307,3.342006,-9.055170,-24.108522,-4.344959,-6.860160,0.000000,214.000000,4.000000,,,,0.000000,4.000000,4.000000,4.000000,4.000000,4.000000,4.000000,4.000000,4.000000,4.000000,4.000000,4.000000,4.000000,4.000000,4.000000,4.000000,4.000000,4.000000,4.000000,2.000000,4.000000,4.000000,4.000000,4.000000,4.000000,4.000000,4.000000,4.000000,4.000000,4.000000,4.000000,4.000000,4.000000,83.333336
1614076762.683266,92.000000,0.000000,2.309283,-1.540722,12.552831,16.311337,23.180540,19.080296,-3.243457,11.539207,18.109730,5.908927,-7.800474,6.790466,5.294722,2.969148,-9.648485,48.875732,4.105560,31.804562,-0.433739,-28.449892,-8.132995,-2.774100,7.528923,0.418718,-11.245301,-19.373854,-6.491807,3.338665,-7.507654,-26.648516,-2.802153,-1.725095,0.000000,134.000000,4.000000,,,,0.000000,4.000000,4.000000,4.000000,4.000000,4.000000,4.000000,4.000000,4.000000,4.000000,4.000000,4.000000,4.000000,4.000000,4.000000,4.000000,4.000000,4.000000,4.000000,2.000000,4.000000,4.000000,2.000000,4.000000,4.000000,4.000000,4.000000,4.000000,4.000000,4.000000,4.000000,4.000000,4.000000,66.666664
1614076762.691015,93.000000,0.000000,2.306974,0.512101,13.565919,15.782206,27.259924,19.061216,-3.240213,12.040489,18.604441,13.595326,-3.690109,8.322138,9.391991,2.966179,0.104753,45.237110,6.152737,29.208654,18.541054,-15.088109,-2.996656,3.895341,11.111137,2.469581,-8.669954,-18.841660,-1.357110,3.335326,-5.448864,-26.109047,-0.748069,0.327912,0.000000,171.000000,4.000000,,,,0.000000,4.000000,4.000000,4.000000,4.000000,4.000000,4.000000,4.000000,4.000000,4.000000,4.000000,4.000000,4.000000,4.000000,4.000000,4.000000,4.000000,4.000000,4.000000,2.000000,4.000000,4.000000,2.000000,4.000000,4.000000,4.000000,4.000000,4.000000,4.000000,4.000000,4.000000,4.000000,4.000000,66.666664
1614076762.698664,94.000000,0.000000,2.304667,1.537230,13.039532,15.766423,30.309587,19.554976,-3.236973,9.464346,16.021734,16.145834,4.518709,10.877918,16.562086,3.476033,14.463622,67.243156,10.249148,55.333290,35.445591,3.388518,0.596084,1.327343,15.202590,7.082496,-7.122822,-18.822817,1.208349,3.844811,-5.956235,-27.108580,0.791141,-2.749339,0.000000,178.000000,4.000000,,,,0.000000,4.000000,4.000000,4.000000,4.000000,4.000000,4.000000,4.000000,4.000000,4.000000,4.000000,4.000000,4.000000,4.000000,4.000000,4.000000,4.000000,4.000000,4.000000,2.000000,4.000000,4.000000,2.000000,4.000000,4.000000,4.000000,4.000000,4.000000,4.000000,4.000000,4.000000,4.000000,4.000000,66.666664
1614076762.706414,95.000000,0.000000,2.302362,1.022872,13.026492,15.750657,29.766457,19.022600,-3.233736,3.301035,10.877506,13.565585,8.103934,10.354219,17.571165,3.472557,15.474800,67.175911,11.264540,44.508728,10.794760,-2.768717,-0.430153,5.941401,11.084824,9.639516,-8.141340,-19.316814,-2.382603,2.302505,-8.514382,-34.773777,-0.235291,-4.797872,0.000000,171.000000,4.000000,,,,0.000000,4.000000,4.000000,4.000000,4.000000,4.000000,4.000000,4.000000,4.000000,4.000000,4.000000,4.000000,4.000000,4.000000,4.000000,4.000000,4.000000,4.000000,4.000000,2.000000,4.000000,4.000000,2.000000,4.000000,4.000000,4.000000,4.000000,4.000000,4.000000,4.000000,4.000000,4.000000,4.000000,66.666664
1614076762.714063,96.000000,0.000000,2.300060,1.021850,12.500646,15.734906,29.223869,19.003576,-4.256143,0.220811,11.379450,15.090481,7.583010,10.343865,10.374106,-1.146300,7.767017,35.313866,8.176353,12.156527,-17.421164,-18.663383,-7.609210,0.807254,4.407072,8.091414,-7.620378,-18.271856,-5.969964,-0.263900,-8.505868,-37.303108,-0.235056,-3.254612,8064.000000,0.000000,4.000000,,,,0.000000,4.000000,4.000000,4.000000,4.000000,4.000000,4.000000,4.000000,4.000000,4.000000,4.000000,4.000000,4.000000,4.000000,4.000000,4.000000,4.000000,4.000000,4.000000,2.000000,4.000000,4.000000,2.000000,4.000000,4.000000,4.000000,4.000000,4.000000,4.000000,4.000000,4.000000,4.000000,4.000000,66.666664
1614076762.721812,97.000000,0.000000,2.297760,0.508007,14.026607,15.719172,29.707466,19.497395,-3.226246,0.220591,14.444993,15.075391,7.062606,10.846342,5.235528,-5.760539,0.066942,18.868296,7.655355,21.375139,-9.711434,-19.157541,-15.293908,-16.629450,4.402665,1.929477,-8.125579,-19.279226,-7.502455,-0.776457,-7.984541,-37.778625,1.303641,-3.764178,8064.000000,0.000000,4.000000,,,,0.000000,4.000000,4.000000,4.000000,4.000000,4.000000,4.000000,4.000000,4.000000,4.000000,4.000000,4.000000,4.000000,4.000000,4.000000,4.000000,4.000000,4.000000,4.000000,2.000000,4.000000,4.000000,2.000000,4.000000,4.000000,4.000000,4.000000,4.000000,4.000000,4.000000,4.000000,4.000000,4.000000,66.666664
1614076762.729461,98.000000,0.000000,2.295462,-1.543783,8.884375,11.088067,29.677759,16.400974,-3.223020,0.220370,13.917727,4.803905,5.004261,9.809855,5.743113,-7.806060,0.066875,41.413528,8.673341,51.097355,10.811097,-16.061460,-16.817076,-18.151283,3.372621,-9.354504,-16.322582,-26.439434,-11.084697,-0.262860,-7.976557,-49.535717,-2.800227,-9.401440,8064.000000,0.000000,4.000000,,,,0.000000,4.000000,4.000000,4.000000,4.000000,4.000000,4.000000,4.000000,4.000000,4.000000,4.000000,4.000000,4.000000,4.000000,4.000000,4.000000,4.000000,4.000000,4.000000,2.000000,4.000000,4.000000,2.000000,4.000000,4.000000,4.000000,4.000000,4.000000,4.000000,4.000000,4.000000,4.000000,4.000000,66.666664
1614076762.737310,99.000000,0.000000,2.293167,-4.106342,-0.868099,4.923133,28.622440,11.256368,-4.758258,1.245791,10.826887,-1.354745,3.460796,7.235942,3.686087,-10.362356,-1.471653,54.192631,6.100565,39.764206,6.184902,-23.224886,-17.825901,-10.440824,0.292325,-17.550278,-26.562670,-33.592484,-15.176176,-0.262597,-8.994221,-59.742592,-9.976914,-15.545884,8064.000000,0.000000,4.000000,,,,0.000000,4.000000,4.000000,4.000000,4.000000,4.000000,4.000000,4.000000,4.000000,4.000000,4.000000,4.000000,4.000000,4.000000,4.000000,4.000000,4.000000,4.000000,4.000000,2.000000,4.000000,4.000000,2.000000,4.000000,4.000000,4.000000,4.000000,4.000000,4.000000,4.000000,4.000000,4.000000,4.000000,66.666664
1614076762.745059,100.000000,0.000000,2.290874,-1.538133,-0.867231,4.405389,29.106638,10.732290,-0.650936,3.808647,9.790419,7.364558,5.508617,5.690245,1.631119,-3.172507,-8.649669,30.548693,4.043183,7.929569,-14.334104,-31.406790,-20.372177,-4.789357,2.343315,-18.558369,-26.536106,-32.020428,-15.160999,-0.262335,-7.959586,-51.990543,-9.966937,-15.530338,8064.000000,0.000000,4.000000,,,,0.000000,4.000000,4.000000,4.000000,4.000000,4.000000,4.000000,4.000000,4.000000,4.000000,4.000000,4.000000,4.000000,4.000000,4.000000,4.000000,4.000000,4.000000,4.000000,2.000000,4.000000,4.000000,2.000000,4.000000,4.000000,4.000000,4.000000,4.000000,4.000000,4.000000,4.000000,4.000000,4.000000,66.666664
1614076762.752908,101.000000,0.000000,2.288583,5.642892,4.261841,7.477907,29.590353,13.798481,8.580484,4.317659,11.319090,17.100782,7.554390,6.710196,6.244873,13.753742,-4.025634,27.441221,6.090422,18.690870,-14.832590,-28.811281,-20.351805,11.625689,7.469177,-17.001348,-20.355724,-29.424305,-14.633018,-0.262072,-7.951626,-42.707783,-6.880047,-13.463526,8064.000000,0.000000,4.000000,,,,0.000000,4.000000,4.000000,4.000000,4.000000,4.000000,4.000000,4.000000,4.000000,4.000000,4.000000,4.000000,4.000000,4.000000,4.000000,4.000000,4.000000,4.000000,4.000000,2.000000,4.000000,4.000000,2.000000,4.000000,4.000000,4.000000,4.000000,4.000000,4.000000,4.000000,4.000000,4.000000,4.000000,66.666664
1614076762.760657,102.000000,0.000000,2.286294,7.175711,2.206297,7.983250,28.022301,15.323144,12.674468,4.313342,13.359053,18.622145,7.034016,7.729126,8.802731,17.329733,11.363007,59.721474,8.648434,51.492691,1.592499,-24.679905,-19.305811,16.229448,9.000170,-14.420244,-18.284086,-31.958982,-15.131206,-0.261810,-13.071879,-47.280460,-8.924449,-19.091087,8192.000000,0.000000,4.000000,,,,0.000000,4.000000,4.000000,4.000000,4.000000,4.000000,4.000000,4.000000,4.000000,4.000000,4.000000,4.000000,4.000000,4.000000,4.000000,4.000000,4.000000,4.000000,4.000000,2.000000,4.000000,4.000000,2.000000,4.000000,4.000000,4.000000,4.000000,4.000000,4.000000,4.000000,4.000000,4.000000,4.000000,66.666664
1614076762.768506,103.000000,0.000000,2.284008,1.527510,2.716911,7.462446,29.532740,15.307821,11.123332,3.796208,13.858515,17.577881,7.026981,5.670115,6.229825,6.543172,10.838823,59.148930,8.126965,40.159149,3.642189,-30.296251,-19.286507,-5.325243,6.427066,-8.251978,-21.342726,-34.491127,-14.603254,-0.261548,-19.725475,-52.361385,-11.479627,-25.738663,8064.000000,0.000000,4.000000,,,,0.000000,4.000000,4.000000,4.000000,4.000000,4.000000,4.000000,4.000000,4.000000,4.000000,4.000000,4.000000,4.000000,4.000000,4.000000,4.000000,4.000000,4.000000,4.000000,2.000000,4.000000,4.000000,2.000000,4.000000,4.000000,4.000000,4.000000,4.000000,4.000000,4.000000,4.000000,4.000000,4.000000,66.666664
1614076762.776255,104.000000,0.000000,2.281724,-0.012479,8.355220,7.967804,36.682693,15.292513,11.112208,4.305232,14.870297,18.585943,7.019955,3.613163,4.685134,1.921244,0.058754,27.294909,7.606017,11.913861,-0.976838,-32.830055,-19.780041,-10.960944,4.882178,-5.679623,-22.859844,-33.430996,-14.588651,-0.261287,-18.680107,-51.283382,-10.955327,-26.738565,8064.000000,0.000000,4.000000,,,,0.000000,4.000000,4.000000,4.000000,4.000000,4.000000,4.000000,4.000000,4.000000,4.000000,4.000000,4.000000,4.000000,4.000000,4.000000,4.000000,4.000000,4.000000,4.000000,2.000000,4.000000,4.000000,2.000000,4.000000,4.000000,4.000000,4.000000,4.000000,4.000000,4.000000,4.000000,4.000000,4.000000,66.666664
1614076762.784104,105.000000,0.000000,2.279442,2.038815,9.885326,7.959836,40.748577,15.277221,11.613916,6.352209,16.906710,18.567358,7.012935,7.712114,5.706089,2.944964,3.135618,36.498383,8.111232,29.337845,9.793369,-22.540817,-18.734619,2.383350,4.364475,-5.673944,-21.811344,-30.833462,-14.574062,-0.261026,-13.533223,-51.744919,-10.431551,-25.173367,8064.000000,0.000000,4.000000,,,,0.000000,4.000000,4.000000,4.000000,4.000000,4.000000,4.000000,4.000000,4.000000,4.000000,4.000000,4.000000,4.000000,4.000000,4.000000,4.000000,4.000000,4.000000,4.000000,2.000000,4.000000,4.000000,2.000000,4.000000,4.000000,4.000000,4.000000,4.000000,4.000000,4.000000,4.000000,4.000000,4.000000,66.666664
1614076762.791853,106.000000,0.000000,1.764342,0.498315,8.336980,7.951876,40.195007,15.261944,11.089482,7.371498,18.428263,18.035971,7.005922,10.781324,6.213204,2.942019,5.696585,55.949066,8.103121,47.257225,15.937422,-17.390070,-16.664602,2.893787,3.847290,-6.181090,-22.302353,-29.776987,-15.072309,-0.773585,-11.468408,-51.693172,-11.446760,-26.686655,8064.000000,0.000000,4.000000,,,,0.000000,4.000000,4.000000,4.000000,4.000000,4.000000,4.000000,4.000000,4.000000,4.000000,4.000000,4.000000,4.000000,4.000000,4.000000,4.000000,4.000000,4.000000,4.000000,2.000000,4.000000,4.000000,2.000000,4.000000,4.000000,4.000000,4.000000,4.000000,4.000000,4.000000,4.000000,4.000000,4.000000,66.666664
1614076762.799702,107.000000,0.000000,1.762578,0.497817,8.841463,7.943924,40.667633,15.246681,11.078393,7.364126,17.897015,16.992292,6.486095,5.642338,3.642888,1.913436,-4.565522,31.277731,6.556556,19.517660,0.536869,-23.013706,-15.622296,-3.262953,4.356264,-6.687729,-22.792871,-29.747210,-15.057236,-0.772811,-12.482580,-48.564556,-10.922493,-26.147146,8064.000000,0.000000,4.000000,,,,0.000000,4.000000,4.000000,4.000000,4.000000,4.000000,4.000000,4.000000,4.000000,4.000000,4.000000,4.000000,4.000000,4.000000,4.000000,4.000000,4.000000,4.000000,4.000000,2.000000,4.000000,4.000000,2.000000,4.000000,4.000000,4.000000,4.000000,4.000000,4.000000,4.000000,4.000000,4.000000,4.000000,66.666664
1614076762.807451,108.000000,0.000000,2.786456,1.522960,9.345442,7.935981,39.601322,15.231435,10.554494,8.382403,17.879118,15.436839,5.966789,0.508491,2.613604,-3.216683,-9.176341,24.066967,5.011538,15.908399,-8.181616,-25.554794,-15.606674,-8.900715,4.351907,-6.168221,-21.744436,-29.204641,-14.016538,-0.259218,-11.957277,-46.977531,-10.911571,-22.018436,8064.000000,0.000000,4.000000,,,,0.000000,4.000000,4.000000,4.000000,4.000000,4.000000,4.000000,4.000000,4.000000,4.000000,4.000000,4.000000,4.000000,4.000000,4.000000,4.000000,4.000000,4.000000,4.000000,2.000000,4.000000,4.000000,2.000000,4.000000,4.000000,4.000000,4.000000,4.000000,4.000000,4.000000,4.000000,4.000000,4.000000,66.666664
1614076762.815300,109.000000,0.000000,1.245208,-1.555486,8.823277,7.928045,35.971977,15.216204,7.467016,7.861200,17.861238,13.882941,2.371078,-2.056120,4.662273,-3.213466,-1.474857,56.863411,3.468065,48.713001,4.647078,-22.965137,-15.591067,-13.507199,0.757812,-5.136412,-22.748333,-30.201078,-12.464060,-0.771779,-11.432499,-47.956196,-11.413480,-18.919495,8064.000000,0.000000,4.000000,,,,0.000000,4.000000,4.000000,4.000000,4.000000,4.000000,4.000000,4.000000,4.000000,4.000000,4.000000,4.000000,4.000000,4.000000,4.000000,4.000000,4.000000,4.000000,4.000000,2.000000,4.000000,4.000000,2.000000,4.000000,4.000000,4.000000,4.000000,4.000000,4.000000,4.000000,4.000000,4.000000,4.000000,66.666664
1614076762.823049,110.000000,0.000000,2.269604,-2.066751,8.814453,7.920116,35.936005,15.200987,6.946729,6.827698,17.843378,13.356237,2.368707,-1.541244,4.144790,9.097440,5.706105,66.037315,6.541520,54.305317,12.847559,-18.839609,-16.601118,-2.724461,0.244233,-7.695378,-22.212765,-29.145235,-10.913135,-0.258187,-12.446708,-43.292854,-10.376426,-16.849293,8064.000000,0.000000,4.000000,,,,0.000000,4.000000,4.000000,4.000000,4.000000,4.000000,4.000000,4.000000,4.000000,4.000000,4.000000,4.000000,4.000000,4.000000,4.000000,4.000000,4.000000,4.000000,4.000000,2.000000,4.000000,4.000000,2.000000,4.000000,4.000000,4.000000,4.000000,4.000000,4.000000,4.000000,4.000000,4.000000,4.000000,66.666664
1614076762.830898,111.000000,0.000000,11.498104,4.089161,8.292818,7.912197,36.412891,15.185786,8.991064,14.513178,17.825535,19.496727,12.109928,12.306452,7.730389,21.908855,10.315784,52.125126,15.765747,36.815113,5.655225,-9.077179,-16.071695,10.098776,8.961938,-5.636401,-16.036705,-20.398142,-5.261195,4.357456,-10.382979,-35.044434,-5.750664,-12.729879,8064.000000,0.000000,4.000000,,,,0.000000,4.000000,4.000000,4.000000,4.000000,4.000000,4.000000,4.000000,4.000000,4.000000,4.000000,4.000000,4.000000,4.000000,4.000000,4.000000,4.000000,4.000000,4.000000,2.000000,4.000000,4.000000,2.000000,4.000000,4.000000,4.000000,4.000000,4.000000,4.000000,4.000000,4.000000,4.000000,4.000000,66.666664
1614076762.838647,112.000000,0.000000,18.153273,9.213278,6.746064,7.904284,30.222631,15.170601,11.033355,22.190973,17.294888,21.528513,14.149100,27.165939,19.004709,20.348484,13.895211,64.893517,23.442289,46.521889,4.111108,-2.914256,-10.414598,3.934831,16.132463,6.676928,-10.379643,-14.223898,0.385091,7.942842,-5.757211,-37.573490,-3.180811,-9.640226,8064.000000,0.000000,4.000000,,,,0.000000,4.000000,4.000000,4.000000,4.000000,4.000000,4.000000,4.000000,4.000000,4.000000,4.000000,4.000000,4.000000,4.000000,4.000000,4.000000,4.000000,4.000000,4.000000,2.000000,4.000000,4.000000,2.000000,4.000000,4.000000,4.000000,4.000000,4.000000,4.000000,4.000000,4.000000,4.000000,4.000000,66.666664
1614076762.846297,113.000000,0.000000,16.083838,8.178423,5.200856,7.383559,24.551384,15.155430,11.022322,13.450832,17.790413,10.224933,-0.736844,25.087492,15.908782,6.481982,8.240291,62.777340,19.829103,44.936905,11.286484,-9.578009,-8.865723,-4.787052,11.500946,13.336918,-14.984649,-18.312239,0.384706,5.883617,-5.751454,-48.817970,-3.177630,-11.681869,8064.000000,0.000000,4.000000,,,,0.000000,4.000000,4.000000,4.000000,4.000000,4.000000,4.000000,4.000000,4.000000,4.000000,4.000000,4.000000,4.000000,4.000000,4.000000,4.000000,4.000000,4.000000,4.000000,2.000000,4.000000,4.000000,2.000000,4.000000,4.000000,4.000000,4.000000,4.000000,4.000000,4.000000,4.000000,4.000000,4.000000,66.666664
1614076762.854046,114.000000,0.000000,12.990830,8.170245,4.170014,7.888997,27.090935,14.627454,10.498479,4.206613,17.772623,4.060862,-5.864312,16.857277,-0.004563,-1.729628,-5.614103,30.406870,12.116966,20.276583,8.198275,-18.286379,-9.882498,-1.192522,6.874061,5.631273,-19.072227,-21.883669,-0.641319,3.826451,-8.309805,-52.871716,-3.687273,-14.234289,8064.000000,0.000000,4.000000,,,,0.000000,4.000000,4.000000,4.000000,4.000000,4.000000,4.000000,4.000000,4.000000,4.000000,4.000000,4.000000,4.000000,4.000000,4.000000,4.000000,4.000000,4.000000,4.000000,2.000000,4.000000,4.000000,2.000000,4.000000,4.000000,4.000000,4.000000,4.000000,4.000000,4.000000,4.000000,4.000000,4.000000,66.666664
1614076762.861695,115.000000,0.000000,12.977839,8.674895,6.729947,9.932389,34.756153,15.125647,11.000801,9.330611,17.242029,15.851673,10.038988,17.353239,2.046724,8.528512,-9.198233,29.350821,11.079208,22.307589,3.061871,-16.729631,1.409436,1.885594,8.405648,-0.528204,-10.848027,-19.297684,0.897784,5.873907,-8.301496,-46.664997,-3.170765,-14.732875,8064.000000,0.000000,4.000000,,,,0.000000,4.000000,4.000000,4.000000,4.000000,4.000000,4.000000,4.000000,4.000000,4.000000,4.000000,4.000000,4.000000,4.000000,4.000000,4.000000,4.000000,4.000000,4.000000,2.000000,4.000000,4.000000,2.000000,4.000000,4.000000,4.000000,4.000000,4.000000,4.000000,4.000000,4.000000,4.000000,4.000000,66.666664
1614076762.869444,116.000000,0.000000,13.477682,6.614938,8.774499,11.460918,38.823959,15.110521,10.989800,11.885384,17.737608,25.579411,19.772539,18.874348,15.890831,23.391779,0.041734,58.552238,11.580950,41.259640,6.648553,-14.148799,9.613154,0.345247,6.345960,1.523606,-2.119231,-17.739923,-1.667217,7.406495,-7.780374,-43.541409,-3.680415,-14.205321,8064.000000,0.000000,4.000000,,,,0.000000,4.000000,4.000000,4.000000,4.000000,4.000000,4.000000,4.000000,4.000000,4.000000,4.000000,4.000000,4.000000,4.000000,4.000000,4.000000,4.000000,4.000000,4.000000,2.000000,4.000000,4.000000,2.000000,4.000000,4.000000,4.000000,4.000000,4.000000,4.000000,4.000000,4.000000,4.000000,4.000000,66.666664
1614076762.877093,117.000000,0.000000,12.951384,4.557041,5.175981,11.449458,39.810776,14.582590,10.978810,10.335036,20.283974,24.528191,17.188663,16.804192,17.926222,24.906849,10.298103,72.339844,11.056548,45.320946,11.257289,-16.185932,-1.165689,-2.219201,3.262691,1.522082,-4.681214,-18.747826,-4.742473,6.886268,-8.285414,-44.523510,-3.676735,-14.191116,8064.000000,0.000000,4.000000,,,,0.000000,4.000000,4.000000,4.000000,4.000000,4.000000,4.000000,4.000000,4.000000,4.000000,4.000000,4.000000,4.000000,4.000000,4.000000,4.000000,4.000000,4.000000,4.000000,2.000000,4.000000,4.000000,2.000000,4.000000,4.000000,4.000000,4.000000,4.000000,4.000000,4.000000,4.000000,4.000000,4.000000,66.666664
1614076762.884842,118.000000,0.000000,12.425611,4.552484,1.581061,11.438008,39.258144,16.106470,10.967832,19.042650,21.289331,24.503662,17.684296,16.787388,15.344193,20.266556,14.390369,62.523911,13.096774,43.224342,10.733211,-13.092823,-4.241446,-2.729802,6.336351,-0.017901,-7.753456,-19.241898,0.903295,6.366561,-8.277128,-42.940525,-3.673058,-15.202566,7936.000000,0.000000,4.000000,,,,0.000000,4.000000,4.000000,4.000000,4.000000,4.000000,4.000000,4.000000,4.000000,4.000000,4.000000,4.000000,4.000000,4.000000,4.000000,4.000000,4.000000,4.000000,4.000000,2.000000,4.000000,4.000000,2.000000,4.000000,4.000000,4.000000,4.000000,4.000000,4.000000,4.000000,4.000000,4.000000,4.000000,66.666664
1614076762.892491,119.000000,0.000000,12.926006,4.547932,6.194865,11.426570,39.731709,18.141645,10.956863,25.177454,21.268042,24.991980,16.640970,17.283421,15.328849,15.630905,10.786235,30.666515,15.134959,33.950348,9.696836,-5.387423,8.070487,0.349851,11.458220,1.007758,-5.181600,-18.709835,7.056238,7.385835,-8.268851,-39.820660,-3.669385,-14.161722,8064.000000,0.000000,4.000000,,,,0.000000,4.000000,4.000000,4.000000,4.000000,4.000000,4.000000,4.000000,4.000000,4.000000,4.000000,4.000000,4.000000,4.000000,4.000000,4.000000,4.000000,4.000000,4.000000,2.000000,4.000000,4.000000,2.000000,4.000000,4.000000,4.000000,4.000000,4.000000,4.000000,4.000000,4.000000,4.000000,4.000000,66.666664
1614076762.900240,120.000000,0.000000,12.913080,4.543384,9.778414,11.415144,40.204796,19.149145,10.945907,18.485609,21.246773,19.838781,10.983304,17.266136,13.262239,9.974249,6.160064,11.661490,15.119824,23.147165,8.148679,-3.330753,8.062417,2.913603,11.446762,3.058032,-3.125136,-18.178305,6.023541,7.378449,-8.260582,-39.268017,-3.665715,-14.147561,8064.000000,0.000000,4.000000,,,,0.000000,4.000000,4.000000,4.000000,4.000000,4.000000,4.000000,4.000000,4.000000,4.000000,4.000000,4.000000,4.000000,4.000000,4.000000,4.000000,4.000000,4.000000,4.000000,2.000000,4.000000,4.000000,2.000000,4.000000,4.000000,4.000000,4.000000,4.000000,4.000000,4.000000,4.000000,4.000000,4.000000,66.666664
1614076762.907890,121.000000,0.000000,12.900167,4.538840,8.742994,11.916549,37.087669,18.617174,10.934961,13.338919,21.225527,18.793303,10.459500,17.248871,12.736156,9.964274,11.282109,44.470341,15.104705,37.995815,7.114889,-3.327422,1.900508,4.961972,11.435315,5.106256,-3.634831,-18.672947,2.940594,5.832609,-8.252321,-39.741570,-3.662050,-18.748798,8064.000000,0.000000,4.000000,,,,0.000000,4.000000,4.000000,4.000000,4.000000,4.000000,4.000000,4.000000,4.000000,4.000000,4.000000,4.000000,4.000000,4.000000,4.000000,4.000000,4.000000,4.000000,4.000000,2.000000,4.000000,4.000000,2.000000,4.000000,4.000000,4.000000,4.000000,4.000000,4.000000,4.000000,4.000000,4.000000,4.000000,66.666664
1614076762.915639,122.000000,0.000000,12.887267,4.534302,8.734251,11.391812,35.512119,18.598557,10.924026,15.376862,21.204300,23.389894,13.525964,17.231623,14.774701,15.595336,19.475956,72.630997,15.602421,54.368076,6.594953,-3.324095,2.411428,4.957010,11.936701,5.101150,-4.144017,-18.654274,3.963295,3.262674,-8.244069,-39.701828,-3.658388,-20.781332,8064.000000,0.000000,4.000000,,,,0.000000,4.000000,4.000000,4.000000,4.000000,4.000000,4.000000,4.000000,4.000000,4.000000,4.000000,4.000000,4.000000,4.000000,4.000000,4.000000,4.000000,4.000000,4.000000,2.000000,4.000000,4.000000,2.000000,4.000000,4.000000,4.000000,4.000000,4.000000,4.000000,4.000000,4.000000,4.000000,4.000000,66.666664
1614076762.923288,123.000000,0.000000,12.874380,5.042588,8.725516,11.380420,38.040710,18.579958,10.913102,15.361485,21.183096,25.417786,14.025258,17.214390,16.811209,17.118202,18.943659,59.737854,14.561177,48.159859,4.537076,-6.910514,-0.155086,-2.227434,10.899123,4.070407,-4.652694,-17.097158,3.959332,2.746591,-6.184543,-39.662128,-3.654729,-16.657986,8064.000000,0.000000,4.000000,,,,0.000000,4.000000,4.000000,4.000000,4.000000,4.000000,4.000000,4.000000,4.000000,4.000000,4.000000,4.000000,4.000000,4.000000,4.000000,4.000000,4.000000,4.000000,4.000000,2.000000,4.000000,4.000000,2.000000,4.000000,4.000000,4.000000,4.000000,4.000000,4.000000,4.000000,4.000000,4.000000,4.000000,66.666664
1614076762.931037,124.000000,0.000000,13.374327,4.524724,9.229611,11.881860,39.541130,18.561378,10.902189,14.320482,21.161913,24.366728,13.498412,17.197176,18.845680,17.101084,16.360613,68.396065,15.572257,50.162983,11.712027,-5.365142,2.921992,0.851716,13.452327,5.091978,-3.109579,-14.515959,3.955372,3.256665,-4.127077,-39.622467,-3.651075,-13.564404,8064.000000,0.000000,4.000000,,,,0.000000,4.000000,4.000000,4.000000,4.000000,4.000000,4.000000,4.000000,4.000000,4.000000,4.000000,4.000000,4.000000,4.000000,4.000000,4.000000,4.000000,4.000000,4.000000,2.000000,4.000000,4.000000,2.000000,4.000000,4.000000,4.000000,4.000000,4.000000,4.000000,4.000000,4.000000,4.000000,4.000000,66.666664
1614076762.938686,125.000000,0.000000,11.822491,2.468918,9.733203,9.305876,39.501591,18.542818,10.891287,14.306162,21.140751,24.855181,13.997734,17.179979,20.365295,17.596804,16.344252,80.635361,15.043864,56.779488,24.008007,2.845351,15.226763,15.722659,18.054258,10.215092,-4.644931,-16.039904,3.438596,3.253408,-4.122950,-40.095665,-3.134603,-14.063661,8064.000000,0.000000,4.000000,,,,0.000000,4.000000,4.000000,4.000000,4.000000,4.000000,4.000000,4.000000,4.000000,4.000000,4.000000,4.000000,4.000000,4.000000,4.000000,4.000000,4.000000,4.000000,4.000000,2.000000,4.000000,4.000000,2.000000,4.000000,4.000000,4.000000,4.000000,4.000000,4.000000,4.000000,4.000000,4.000000,4.000000,66.666664
1614076762.946435,126.000000,0.000000,7.708104,0.927987,6.646546,4.681185,39.462090,18.524275,10.880396,14.804676,21.119612,24.830326,13.983737,17.162798,19.832109,16.553566,14.276626,48.247036,10.413436,42.363731,18.342974,-0.234417,12.134613,14.168475,12.395179,11.743338,-11.819774,-18.587967,-0.667406,3.250155,-4.118826,-42.106850,-3.131468,-14.049597,8064.000000,0.000000,4.000000,,,,0.000000,4.000000,4.000000,4.000000,4.000000,4.000000,4.000000,4.000000,4.000000,4.000000,4.000000,4.000000,4.000000,4.000000,4.000000,4.000000,4.000000,4.000000,4.000000,2.000000,4.000000,4.000000,2.000000,4.000000,4.000000,4.000000,4.000000,4.000000,4.000000,4.000000,4.000000,4.000000,4.000000,66.666664
1614076762.954084,127.000000,0.000000,5.136293,0.414239,1.511695,3.138043,39.422626,18.505751,10.869515,14.789871,20.585670,24.805494,13.969753,17.145636,20.837919,19.101114,12.723887,32.301353,8.351740,30.013676,7.042579,-6.900850,-1.210855,-1.743129,3.664835,7.116210,-15.397697,-18.569380,-6.307765,3.246905,-4.627528,-43.603207,-3.641157,-14.035547,8064.000000,0.000000,4.000000,,,,0.000000,4.000000,4.000000,4.000000,4.000000,4.000000,4.000000,4.000000,4.000000,4.000000,4.000000,4.000000,4.000000,4.000000,4.000000,4.000000,4.000000,4.000000,4.000000,2.000000,4.000000,4.000000,2.000000,4.000000,4.000000,4.000000,4.000000,4.000000,4.000000,4.000000,4.000000,4.000000,4.000000,66.666664
1614076762.961933,0.000000,0.000000,5.643977,0.926645,2.023004,4.160545,39.383202,18.487246,10.858645,15.287902,21.077906,25.293510,13.955783,17.128490,19.278620,21.133295,12.711164,63.551102,12.958773,37.163151,16.266306,-0.227282,-1.722465,-3.792668,3.148350,4.032170,-9.741274,-18.037989,-7.839919,3.243658,-5.135721,-43.559601,-2.611875,-14.021512,0.000000,191.000000,4.000000,,,,0.000000,4.000000,4.000000,4.000000,4.000000,4.000000,4.000000,4.000000,4.000000,4.000000,4.000000,4.000000,4.000000,4.000000,4.000000,4.000000,4.000000,4.000000,4.000000,2.000000,4.000000,4.000000,2.000000,4.000000,4.000000,4.000000,4.000000,4.000000,4.000000,4.000000,4.000000,4.000000,4.000000,66.666664
1614076762.969683,1.000000,0.000000,5.638333,0.925719,0.995339,4.156385,39.856640,18.981579,10.847787,14.759793,21.569649,24.242577,13.429007,17.111362,12.079853,13.419854,12.698453,64.513191,16.022738,46.869576,25.993629,1.824227,-1.207922,1.852150,4.683663,4.540959,-6.654610,-18.532772,-7.319258,3.240414,-3.079304,-43.003220,-3.634904,-13.494670,0.000000,214.000000,4.000000,,,,0.000000,4.000000,4.000000,4.000000,4.000000,4.000000,4.000000,4.000000,4.000000,4.000000,4.000000,4.000000,4.000000,4.000000,4.000000,4.000000,4.000000,4.000000,4.000000,2.000000,4.000000,4.000000,2.000000,4.000000,4.000000,4.000000,4.000000,4.000000,4.000000,4.000000,4.000000,4.000000,4.000000,66.666664
1614076762.977531,2.000000,0.000000,5.119874,0.924793,-6.185143,3.639408,35.714218,17.424135,10.836939,14.745034,17.958334,22.679871,14.441219,17.607071,10.016492,6.739768,14.737036,44.961498,15.493894,39.643219,12.634302,-9.972469,-10.437483,-0.200984,3.140517,5.049238,-10.237699,-18.514238,-7.311939,3.237174,-6.665968,-43.473038,-9.785115,-21.686304,0.000000,241.000000,4.000000,,,,0.000000,4.000000,4.000000,4.000000,4.000000,4.000000,4.000000,4.000000,4.000000,4.000000,4.000000,4.000000,4.000000,4.000000,4.000000,4.000000,4.000000,4.000000,4.000000,2.000000,4.000000,4.000000,2.000000,4.000000,4.000000,4.000000,4.000000,4.000000,4.000000,4.000000,4.000000,4.000000,4.000000,66.666664
1614076762.985281,3.000000,0.000000,5.627575,0.923868,-10.794343,4.148589,27.473377,15.355429,10.826102,16.268751,13.837812,21.118731,14.426778,17.076643,11.544936,6.220208,12.158196,37.737049,14.965580,12.424089,-3.275768,-16.629164,-11.965508,-0.200783,4.675838,4.531369,-11.765923,-18.495724,-7.817447,3.233937,-16.915712,-43.429565,-14.903536,-33.459488,0.000000,198.000000,4.000000,,,,0.000000,4.000000,4.000000,4.000000,4.000000,4.000000,4.000000,4.000000,4.000000,4.000000,4.000000,4.000000,4.000000,4.000000,4.000000,4.000000,4.000000,4.000000,4.000000,2.000000,4.000000,4.000000,2.000000,4.000000,4.000000,4.000000,4.000000,4.000000,4.000000,4.000000,4.000000,4.000000,4.000000,66.666664
1614076762.993130,4.000000,0.000000,5.621948,1.435765,-9.757907,4.144441,23.343340,14.314432,10.815276,13.175559,13.311154,15.969406,9.796967,17.059566,6.918007,2.111423,4.966551,26.417263,14.950614,-1.947309,-1.734031,-15.074073,-4.261234,3.389161,7.235265,4.014017,-10.728516,-18.477228,-7.296809,3.230703,-19.462898,-42.873314,-14.888632,-34.451672,0.000000,164.000000,4.000000,,,,0.000000,4.000000,4.000000,4.000000,4.000000,4.000000,4.000000,4.000000,4.000000,4.000000,4.000000,4.000000,4.000000,4.000000,4.000000,4.000000,4.000000,4.000000,4.000000,2.000000,4.000000,4.000000,2.000000,4.000000,4.000000,4.000000,4.000000,4.000000,4.000000,4.000000,4.000000,4.000000,4.000000,66.666664
1614076763.000879,5.000000,0.000000,5.616326,1.434329,-9.235329,4.140296,24.345636,14.812939,10.804461,3.931614,13.810663,9.799591,6.197426,18.068148,5.372627,1.083671,10.089789,40.749821,16.474125,26.772587,6.472831,-14.033358,0.871232,4.411413,8.253671,4.522823,-10.717787,-17.945930,-7.289513,3.227472,-11.238308,-42.830441,-14.360923,-28.776194,0.000000,198.000000,4.000000,,,,0.000000,4.000000,4.000000,4.000000,4.000000,4.000000,4.000000,4.000000,4.000000,4.000000,4.000000,4.000000,4.000000,4.000000,4.000000,4.000000,4.000000,4.000000,4.000000,2.000000,4.000000,4.000000,2.000000,4.000000,4.000000,4.000000,4.000000,4.000000,4.000000,4.000000,4.000000,4.000000,4.000000,66.666664
1614076763.008728,6.000000,0.000000,5.610709,-2.156849,-9.738914,4.136156,24.321291,14.798125,10.793656,-0.687702,13.796853,9.276971,6.704049,14.460337,8.444178,7.749254,17.259188,69.939842,12.867908,45.720173,5.953538,-14.532145,-1.693741,4.407001,7.732597,8.108044,-11.219890,-18.953627,-7.282223,3.224244,-7.124506,-42.787613,-14.859383,-28.234596,0.000000,175.000000,4.000000,,,,0.000000,4.000000,4.000000,4.000000,4.000000,4.000000,4.000000,4.000000,4.000000,4.000000,4.000000,4.000000,4.000000,4.000000,4.000000,4.000000,4.000000,4.000000,4.000000,2.000000,4.000000,4.000000,2.000000,4.000000,4.000000,4.000000,4.000000,4.000000,4.000000,4.000000,4.000000,4.000000,4.000000,66.666664
1614076763.016477,7.000000,0.000000,5.605099,-6.257257,-9.216354,4.132020,23.784149,14.783327,11.295683,-0.174194,11.731774,10.293335,2.594781,7.779210,2.281888,4.151761,3.395774,48.331436,1.060167,21.571888,-2.257544,-20.671459,-9.897176,3.889774,7.724864,6.561474,-10.695849,-20.985954,-7.274941,3.221020,-8.655843,-42.744823,-13.818882,-29.232002,0.000000,173.000000,4.000000,,,,0.000000,4.000000,4.000000,4.000000,4.000000,4.000000,4.000000,4.000000,4.000000,4.000000,4.000000,4.000000,4.000000,4.000000,4.000000,4.000000,4.000000,4.000000,4.000000,2.000000,4.000000,4.000000,2.000000,4.000000,4.000000,4.000000,4.000000,4.000000,4.000000,4.000000,4.000000,4.000000,4.000000,66.666664
1614076763.024326,8.000000,0.000000,5.599494,-6.250999,-9.207138,4.127888,23.760366,14.768544,10.771567,0.338801,10.181581,9.770221,-5.100121,5.207328,-1.310138,-7.647263,-8.915314,21.616440,-4.069098,16.422112,0.308816,-24.753351,-14.502664,4.398705,7.717139,-0.624574,-11.197974,-21.990610,-7.267666,3.730620,-8.647186,-42.702080,-14.830705,-28.689951,0.000000,185.000000,4.000000,,,,0.000000,4.000000,4.000000,4.000000,4.000000,4.000000,4.000000,4.000000,4.000000,4.000000,4.000000,4.000000,4.000000,4.000000,4.000000,4.000000,4.000000,4.000000,4.000000,2.000000,4.000000,4.000000,2.000000,4.000000,4.000000,4.000000,4.000000,4.000000,4.000000,4.000000,4.000000,4.000000,4.000000,66.666664
1614076763.032075,9.000000,0.000000,5.593894,-5.731927,-9.197931,4.123760,24.249426,14.240954,10.247975,3.415385,9.658579,9.247630,-5.095022,5.714941,7.921941,-7.126795,0.324371,40.569183,-0.988106,41.021076,9.539277,-16.523470,-10.385596,4.907127,7.709422,-2.162411,-10.673956,-22.481440,-7.260398,3.214069,-7.100078,-43.172199,-14.303053,-29.174082,0.000000,194.000000,4.000000,,,,0.000000,4.000000,4.000000,4.000000,4.000000,4.000000,4.000000,4.000000,4.000000,4.000000,4.000000,4.000000,4.000000,4.000000,4.000000,4.000000,4.000000,4.000000,4.000000,2.000000,4.000000,4.000000,2.000000,4.000000,4.000000,4.000000,4.000000,4.000000,4.000000,4.000000,4.000000,4.000000,4.000000,66.666664
1614076763.039924,10.000000,0.000000,5.588300,-6.751837,-9.701553,4.119636,26.789278,15.252355,11.263368,12.642738,9.648920,10.264024,0.551099,5.196405,13.042225,1.085460,5.452251,44.118355,0.038523,31.749285,4.401532,-9.840280,-8.836749,2.338117,7.188892,-0.108967,-10.150461,-21.433317,-7.765958,2.698034,-7.605798,-43.129025,-11.211827,-28.119267,0.000000,206.000000,4.000000,,,,0.000000,4.000000,4.000000,4.000000,4.000000,4.000000,4.000000,4.000000,4.000000,4.000000,4.000000,4.000000,4.000000,4.000000,4.000000,4.000000,4.000000,4.000000,4.000000,2.000000,4.000000,4.000000,2.000000,4.000000,4.000000,4.000000,4.000000,4.000000,4.000000,4.000000,4.000000,4.000000,4.000000,66.666664
1614076763.047673,11.000000,0.000000,6.095532,-5.719444,-8.666211,4.115517,28.300951,14.724282,10.739285,15.707019,10.152092,10.253759,3.627471,5.704030,12.516362,5.186939,2.882696,34.843468,0.038485,5.563689,-4.320818,-12.394542,-12.417656,-2.279606,5.643242,-0.621678,-12.704413,-21.411884,-7.245372,4.233798,-9.649474,-42.060257,-13.764718,-27.578325,0.000000,184.000000,4.000000,,,,0.000000,4.000000,4.000000,4.000000,4.000000,4.000000,4.000000,4.000000,4.000000,4.000000,4.000000,4.000000,4.000000,4.000000,4.000000,4.000000,4.000000,4.000000,4.000000,2.000000,4.000000,4.000000,2.000000,4.000000,4.000000,4.000000,4.000000,4.000000,4.000000,4.000000,4.000000,4.000000,4.000000,66.666664
1614076763.055522,12.000000,0.000000,4.550975,-6.739365,-8.657545,4.111401,28.272650,10.606994,4.061878,8.511825,10.141939,8.705044,3.111023,5.185505,15.580769,5.694572,9.033660,55.321445,2.089729,19.404280,4.914272,-14.946250,-12.918059,-4.328608,3.073496,-2.159518,-17.819914,-25.493036,-6.725306,1.152641,-11.691107,-43.556656,-20.930441,-32.166134,0.000000,164.000000,4.000000,,,,0.000000,4.000000,4.000000,4.000000,4.000000,4.000000,4.000000,4.000000,4.000000,4.000000,4.000000,4.000000,4.000000,4.000000,4.000000,4.000000,4.000000,4.000000,4.000000,2.000000,4.000000,4.000000,2.000000,4.000000,4.000000,4.000000,4.000000,4.000000,4.000000,4.000000,4.000000,4.000000,4.000000,66.666664
1614076763.063271,13.000000,0.000000,1.982322,-12.373652,-10.700170,4.107289,27.731558,6.493823,-0.557568,-0.727456,9.106156,6.132236,1.569450,5.693140,14.026727,5.176057,12.614369,60.907150,4.651742,46.051540,15.165768,-15.444124,-11.879500,-3.811459,4.096064,-6.259923,-18.827736,-29.057287,-7.744222,-5.515179,-11.679416,-46.590023,-22.447971,-29.057043,0.000000,201.000000,4.000000,,,,0.000000,4.000000,4.000000,4.000000,4.000000,4.000000,4.000000,4.000000,4.000000,4.000000,4.000000,4.000000,4.000000,4.000000,4.000000,4.000000,4.000000,4.000000,4.000000,2.000000,4.000000,4.000000,2.000000,4.000000,4.000000,4.000000,4.000000,4.000000,4.000000,4.000000,4.000000,4.000000,4.000000,66.666664
1614076763.071120,14.000000,0.000000,1.980339,-12.874099,-8.125366,4.103182,27.703825,8.025790,3.032733,1.324553,10.635511,8.690207,5.157625,11.328472,14.012699,10.811907,10.550473,49.564190,11.826577,48.056770,14.124961,-13.377398,-11.867620,-3.294827,8.707352,-9.330585,-17.783266,-24.925665,-6.710836,-2.432740,-11.667737,-46.030613,-18.835779,-16.720293,0.000000,204.000000,4.000000,,,,0.000000,4.000000,4.000000,4.000000,4.000000,4.000000,4.000000,4.000000,4.000000,4.000000,4.000000,4.000000,4.000000,4.000000,4.000000,4.000000,4.000000,4.000000,4.000000,2.000000,4.000000,4.000000,2.000000,4.000000,4.000000,4.000000,4.000000,4.000000,4.000000,4.000000,4.000000,4.000000,4.000000,66.666664
1614076763.078869,15.000000,0.000000,4.542462,-7.220199,-1.963395,4.611899,28.188942,11.094687,7.132264,9.015536,14.214620,13.296902,13.357595,19.522272,24.767918,20.031864,16.693769,64.899246,18.481417,43.906151,16.162119,-6.184533,-9.804471,-3.804353,12.288388,-3.167409,-18.791124,-20.798176,-1.575920,6.287641,-11.656069,-43.933300,-17.278482,-15.165112,0.000000,176.000000,4.000000,,,,0.000000,4.000000,4.000000,4.000000,4.000000,4.000000,4.000000,4.000000,4.000000,4.000000,4.000000,4.000000,4.000000,4.000000,4.000000,4.000000,4.000000,4.000000,4.000000,2.000000,4.000000,4.000000,2.000000,4.000000,4.000000,4.000000,4.000000,4.000000,4.000000,4.000000,4.000000,4.000000,4.000000,66.666664
1614076763.086518,16.000000,0.000000,6.076381,-7.212978,-8.628098,2.556006,28.160753,10.057952,7.125132,9.519341,12.149123,12.770783,13.344237,22.066853,31.409817,20.524652,19.753998,70.475372,19.488577,46.939167,21.786982,-0.537323,-8.256205,-4.313369,10.737638,4.528066,-21.336435,-21.290197,-0.035883,3.717251,-11.644413,-46.453468,-18.286844,-25.406357,0.000000,201.000000,4.000000,,,,0.000000,4.000000,4.000000,4.000000,4.000000,4.000000,4.000000,4.000000,4.000000,4.000000,4.000000,4.000000,4.000000,4.000000,4.000000,4.000000,4.000000,4.000000,4.000000,2.000000,4.000000,4.000000,2.000000,4.000000,4.000000,4.000000,4.000000,4.000000,4.000000,4.000000,4.000000,4.000000,4.000000,66.666664
1614076763.094267,17.000000,0.000000,5.557484,-10.282689,-16.824598,0.502168,27.106951,10.560715,6.605186,8.484181,9.572871,10.193911,7.177047,19.993504,27.275843,16.914385,17.170141,61.174126,18.443447,48.430691,22.790836,1.514496,-5.683846,1.844791,11.752542,5.036358,-22.340740,-21.781729,-3.625591,-3.465954,-11.632769,-48.971119,-18.268559,-29.996336,0.000000,194.000000,4.000000,,,,0.000000,4.000000,4.000000,4.000000,4.000000,4.000000,4.000000,4.000000,4.000000,4.000000,4.000000,4.000000,4.000000,4.000000,4.000000,4.000000,4.000000,4.000000,4.000000,2.000000,4.000000,4.000000,2.000000,4.000000,4.000000,4.000000,4.000000,4.000000,4.000000,4.000000,4.000000,4.000000,4.000000,66.666664
1614076763.101916,18.000000,0.000000,5.551926,-7.195483,-6.551363,-0.011155,29.643948,15.678359,6.598581,14.629543,14.691504,9.670897,9.733973,21.511972,26.735746,17.923111,21.255535,77.010384,18.937824,46.330978,21.229584,4.077085,-3.626880,11.073715,14.817713,6.056963,-21.805578,-21.759947,-3.109145,-0.385565,-11.621136,-47.383686,-16.711828,-27.915056,0.000000,207.000000,4.000000,,,,0.000000,4.000000,4.000000,4.000000,4.000000,4.000000,4.000000,4.000000,4.000000,4.000000,4.000000,4.000000,4.000000,4.000000,4.000000,4.000000,4.000000,4.000000,4.000000,2.000000,4.000000,4.000000,2.000000,4.000000,4.000000,4.000000,4.000000,4.000000,4.000000,4.000000,4.000000,4.000000,4.000000,66.666664
1614076763.109665,19.000000,0.000000,5.546374,-2.060082,5.762880,0.501677,37.306610,18.739603,7.617623,19.743118,20.830658,10.174046,14.339623,21.490459,26.196190,15.341085,20.721460,84.112862,18.918886,45.259007,20.695534,0.996084,-5.161715,12.088283,13.264433,9.640650,-21.783773,-21.225367,-2.593215,4.743026,-11.609514,-45.285019,-14.643834,-26.348680,0.000000,176.000000,4.000000,,,,0.000000,4.000000,4.000000,4.000000,4.000000,4.000000,4.000000,4.000000,4.000000,4.000000,4.000000,4.000000,4.000000,4.000000,4.000000,4.000000,4.000000,4.000000,4.000000,2.000000,4.000000,4.000000,2.000000,4.000000,4.000000,4.000000,4.000000,4.000000,4.000000,4.000000,4.000000,4.000000,4.000000,66.666664
1614076763.117315,20.000000,0.000000,5.540828,-2.058022,0.628912,0.501175,38.294945,18.720863,10.174109,18.184914,19.271366,10.163872,9.709899,15.827944,19.503326,7.633437,9.418687,63.003109,18.899967,47.777847,23.238941,-7.722861,-7.207835,7.973630,8.122964,7.579727,-21.761990,-21.204140,-8.744468,3.199821,-11.597905,-46.265377,-14.116370,-25.296690,0.000000,167.000000,4.000000,,,,0.000000,4.000000,4.000000,4.000000,4.000000,4.000000,4.000000,4.000000,4.000000,4.000000,4.000000,4.000000,4.000000,4.000000,4.000000,4.000000,4.000000,4.000000,4.000000,2.000000,4.000000,4.000000,2.000000,4.000000,4.000000,4.000000,4.000000,4.000000,4.000000,4.000000,4.000000,4.000000,4.000000,66.666664
1614076763.125064,21.000000,0.000000,5.535287,-2.568785,-6.551204,0.500674,31.077164,17.676502,10.163935,18.166729,17.200813,9.640887,5.597625,9.658270,15.381260,4.548881,4.281063,53.196518,18.881067,43.114685,18.087496,-12.330523,-8.226269,7.965656,6.576379,4.495224,-21.740227,-23.747040,-10.274185,2.683801,-11.586308,-46.219112,-14.102253,-26.297035,0.000000,194.000000,4.000000,,,,0.000000,4.000000,4.000000,4.000000,4.000000,4.000000,4.000000,4.000000,4.000000,4.000000,4.000000,4.000000,4.000000,4.000000,4.000000,4.000000,4.000000,4.000000,4.000000,2.000000,4.000000,4.000000,2.000000,4.000000,4.000000,4.000000,4.000000,4.000000,4.000000,4.000000,4.000000,4.000000,4.000000,66.666664
1614076763.132713,22.000000,0.000000,5.529752,-2.566216,-5.519012,0.500173,26.943521,18.684467,7.589668,17.635742,17.183613,10.144067,6.617669,8.622971,14.853058,4.544332,4.276782,43.399731,17.323725,28.199778,1.146332,-13.856653,-13.859068,6.419229,8.108264,4.490729,-21.718487,-23.723291,-4.622885,3.706758,-11.574720,-43.608788,-14.600971,-28.834841,0.000000,198.000000,4.000000,,,,0.000000,4.000000,4.000000,4.000000,4.000000,4.000000,4.000000,4.000000,4.000000,4.000000,4.000000,4.000000,4.000000,4.000000,4.000000,4.000000,4.000000,4.000000,4.000000,2.000000,4.000000,4.000000,2.000000,4.000000,4.000000,4.000000,4.000000,4.000000,4.000000,4.000000,4.000000,4.000000,4.000000,66.666664
1614076763.140462,23.000000,0.000000,5.524222,-2.050829,-4.487852,0.499673,27.942219,18.665783,6.556437,13.002722,14.602325,10.133923,6.611051,9.639988,15.351026,7.103890,4.785326,28.484535,18.332043,24.581833,-7.059943,-14.868438,-18.460594,3.335887,7.587336,3.460597,-21.696768,-19.597004,-5.131083,3.190231,-11.563146,-42.026718,-14.586370,-28.293186,0.000000,195.000000,4.000000,,,,0.000000,4.000000,4.000000,4.000000,4.000000,4.000000,4.000000,4.000000,4.000000,4.000000,4.000000,4.000000,4.000000,4.000000,4.000000,4.000000,4.000000,4.000000,4.000000,2.000000,4.000000,4.000000,2.000000,4.000000,4.000000,4.000000,4.000000,4.000000,4.000000,4.000000,4.000000,4.000000,4.000000,66.666664
1614076763.148111,24.000000,0.000000,5.518698,-2.561599,-5.509005,0.499173,27.914278,17.108654,7.062701,11.964078,15.100544,10.123789,6.604440,9.117528,19.951059,15.301914,17.088232,45.379128,19.852171,30.198277,-6.027242,-14.853569,-19.980595,3.845371,7.066927,0.893034,-21.675072,-18.038946,-10.766977,3.187041,-11.551583,-41.984692,-10.469220,-25.700790,0.000000,194.000000,4.000000,,,,0.000000,4.000000,4.000000,4.000000,4.000000,4.000000,4.000000,4.000000,4.000000,4.000000,4.000000,4.000000,4.000000,4.000000,4.000000,4.000000,4.000000,4.000000,4.000000,2.000000,4.000000,4.000000,2.000000,4.000000,4.000000,4.000000,4.000000,4.000000,4.000000,4.000000,4.000000,4.000000,4.000000,66.666664
1614076763.155860,25.000000,0.000000,5.513179,-2.559037,-6.016316,0.498674,26.860722,15.040264,7.055638,14.003396,17.136726,10.113666,9.674759,9.108410,22.495211,21.440458,26.814734,62.769646,13.165652,26.578335,-7.559676,-16.377178,-20.473434,3.841526,7.572681,0.379321,-21.653397,-21.097830,-11.781852,3.183854,-11.540031,-42.455528,-3.792084,-24.136627,0.000000,213.000000,4.000000,,,,0.000000,4.000000,4.000000,4.000000,4.000000,4.000000,4.000000,4.000000,4.000000,4.000000,4.000000,4.000000,4.000000,4.000000,4.000000,4.000000,4.000000,4.000000,4.000000,2.000000,4.000000,4.000000,2.000000,4.000000,4.000000,4.000000,4.000000,4.000000,4.000000,4.000000,4.000000,4.000000,4.000000,66.666664
1614076763.163509,26.000000,0.000000,5.507666,-2.556478,-8.061583,0.498175,27.346682,13.999583,6.535762,14.502213,13.529845,10.103552,9.665084,9.612123,18.370152,20.906197,20.121252,41.168415,7.511461,27.064577,13.473525,-7.642851,-9.683730,2.812043,7.565108,0.891762,-20.606102,-21.589552,-10.231608,3.180670,-11.528491,-42.413071,-2.249831,-24.112490,0.000000,125.000000,4.000000,,,,0.000000,4.000000,4.000000,4.000000,4.000000,4.000000,4.000000,4.000000,4.000000,4.000000,4.000000,4.000000,4.000000,4.000000,4.000000,4.000000,4.000000,4.000000,4.000000,2.000000,4.000000,4.000000,2.000000,4.000000,4.000000,4.000000,4.000000,4.000000,4.000000,4.000000,4.000000,4.000000,4.000000,66.666664
1614076763.171358,27.000000,0.000000,5.502159,-2.553922,-9.591982,0.497677,27.319336,14.498404,7.042047,13.974890,8.900930,10.093448,7.091316,9.602510,15.274858,20.372471,19.075491,28.819555,14.170616,40.370846,44.229282,11.851971,11.351595,9.475898,8.070364,1.403690,-18.021395,-21.055143,-10.734197,3.177489,-11.004142,-41.345016,-3.273222,-24.088379,0.000000,190.000000,4.000000,,,,0.000000,4.000000,4.000000,4.000000,4.000000,4.000000,4.000000,4.000000,4.000000,4.000000,4.000000,4.000000,4.000000,4.000000,4.000000,4.000000,4.000000,4.000000,4.000000,2.000000,4.000000,4.000000,4.000000,4.000000,4.000000,4.000000,4.000000,4.000000,4.000000,4.000000,4.000000,4.000000,4.000000,83.333336
1614076763.179107,28.000000,0.000000,5.496656,-2.551368,-9.069570,0.497179,27.804836,14.483905,7.035005,14.473736,9.404850,10.083354,6.058584,10.105728,16.285225,20.864920,24.697441,52.380478,18.259010,40.843296,25.210693,13.378580,13.391525,17.671551,7.549473,3.453569,-17.490551,-21.034088,-10.723463,3.174312,-11.505959,-39.252392,-3.269949,-24.064289,0.000000,166.000000,4.000000,,,,0.000000,4.000000,4.000000,4.000000,4.000000,4.000000,4.000000,4.000000,4.000000,4.000000,4.000000,4.000000,4.000000,4.000000,4.000000,4.000000,4.000000,4.000000,4.000000,2.000000,4.000000,4.000000,4.000000,4.000000,4.000000,4.000000,4.000000,4.000000,4.000000,4.000000,4.000000,4.000000,4.000000,83.333336
1614076763.186857,29.000000,0.000000,5.491159,-2.548816,-9.060500,0.496682,27.777031,14.469421,7.027970,14.459262,9.908266,10.073271,6.565346,9.069982,15.756118,20.844053,18.518898,70.789635,10.548444,34.135788,-7.122209,-1.506593,-2.519302,14.576956,7.029103,4.988577,-17.985882,-21.013054,-10.712739,3.683958,-11.494452,-38.187496,-2.753858,-24.040226,0.000000,174.000000,4.000000,,,,0.000000,4.000000,4.000000,4.000000,4.000000,4.000000,4.000000,4.000000,4.000000,4.000000,4.000000,4.000000,4.000000,4.000000,4.000000,4.000000,4.000000,4.000000,4.000000,2.000000,4.000000,4.000000,4.000000,4.000000,4.000000,4.000000,4.000000,4.000000,4.000000,4.000000,4.000000,4.000000,4.000000,83.333336
1614076763.194506,30.000000,0.000000,5.485669,-2.546268,-9.051439,0.496186,27.236433,13.942131,7.020942,14.444802,9.385537,10.063198,6.558780,9.573732,15.740362,20.823210,13.884994,67.129105,6.435331,41.793957,3.654144,-7.146112,-8.157808,7.382892,9.073356,5.496409,-17.967896,-22.530502,-10.702026,3.680274,-10.970138,-38.149311,-2.751104,-24.016186,0.000000,172.000000,4.000000,,,,0.000000,4.000000,4.000000,4.000000,4.000000,4.000000,4.000000,4.000000,4.000000,4.000000,4.000000,4.000000,4.000000,4.000000,4.000000,4.000000,4.000000,4.000000,4.000000,2.000000,4.000000,4.000000,4.000000,4.000000,4.000000,4.000000,4.000000,4.000000,4.000000,4.000000,4.000000,4.000000,4.000000,83.333336
1614076763.202355,31.000000,0.000000,5.993003,-2.543721,-9.042388,0.495689,28.234838,14.953831,7.013921,14.430358,9.376152,10.053135,6.552222,10.589799,15.724622,17.725464,10.281365,49.113255,5.916075,38.162422,14.932541,-12.779991,-9.175292,6.862688,5.987360,3.439630,-17.437107,-24.559254,-10.178504,1.112491,-12.497629,-38.111160,-4.799635,-25.017811,0.000000,189.000000,4.000000,,,,0.000000,4.000000,4.000000,4.000000,4.000000,4.000000,4.000000,4.000000,4.000000,4.000000,4.000000,4.000000,4.000000,4.000000,4.000000,4.000000,4.000000,4.000000,4.000000,2.000000,4.000000,4.000000,4.000000,4.000000,4.000000,4.000000,4.000000,4.000000,4.000000,4.000000,4.000000,4.000000,4.000000,83.333336
1614076763.210104,32.000000,0.000000,4.448549,-2.541178,-9.033346,0.495194,28.206604,14.938876,7.006907,14.415928,9.879596,10.043081,6.545670,6.476645,9.555051,12.066712,-6.139173,30.602604,2.320415,13.508873,0.045813,-28.151827,-18.396885,8.394287,-3.762218,-3.743297,-17.932491,-25.047514,-11.706787,-0.427083,-15.049234,-39.611511,-6.846117,-27.044075,8064.000000,0.000000,4.000000,,,,0.000000,4.000000,4.000000,4.000000,4.000000,4.000000,4.000000,4.000000,4.000000,4.000000,4.000000,4.000000,4.000000,4.000000,4.000000,4.000000,4.000000,4.000000,4.000000,2.000000,4.000000,4.000000,4.000000,4.000000,4.000000,4.000000,4.000000,4.000000,4.000000,4.000000,4.000000,4.000000,4.000000,83.333336
1614076763.217953,33.000000,0.000000,2.392818,-2.538636,-9.024312,0.494699,24.075832,10.821374,6.999900,15.427153,9.869717,10.033038,6.539124,2.880425,4.930111,8.977722,-11.774059,33.136105,-0.246008,12.982544,-4.056797,-34.790340,-24.532335,6.847431,-6.835379,-9.893399,-17.914558,-24.509647,-13.746363,-0.426656,-15.547006,-42.136002,-6.839272,-28.042671,8064.000000,0.000000,4.000000,,,,0.000000,4.000000,4.000000,4.000000,4.000000,4.000000,4.000000,4.000000,4.000000,4.000000,4.000000,4.000000,4.000000,4.000000,4.000000,4.000000,4.000000,4.000000,4.000000,2.000000,4.000000,4.000000,4.000000,4.000000,4.000000,4.000000,4.000000,4.000000,4.000000,4.000000,4.000000,4.000000,4.000000,83.333336
1614076763.225702,34.000000,0.000000,1.877605,-2.023277,-8.502467,0.494204,20.974834,6.707988,6.992900,13.873264,9.859847,10.023005,6.532585,4.928827,6.976463,9.481565,3.622330,54.641430,-0.245762,38.097767,-4.052740,-33.729912,-22.969341,6.840584,-0.674697,-10.396326,-17.896645,-24.997957,-14.245437,-1.451870,-14.505817,-42.093864,-6.319612,-28.014629,8064.000000,0.000000,4.000000,,,,0.000000,4.000000,4.000000,4.000000,4.000000,4.000000,4.000000,4.000000,4.000000,4.000000,4.000000,4.000000,4.000000,4.000000,4.000000,4.000000,4.000000,4.000000,4.000000,2.000000,4.000000,4.000000,4.000000,4.000000,4.000000,4.000000,4.000000,4.000000,4.000000,4.000000,4.000000,4.000000,4.000000,83.333336
1614076763.233551,35.000000,0.000000,1.875727,-3.559716,-9.006785,0.493710,19.928219,6.701280,6.985908,10.782468,9.849987,10.525803,6.526052,5.949539,9.020769,10.497725,7.721272,63.817558,0.267305,37.034027,-8.664071,-31.644897,-22.433552,7.346564,0.864439,-9.873110,-17.878748,-24.972960,-14.744012,-4.014521,-14.491311,-41.538952,-6.826113,-27.473793,8064.000000,0.000000,4.000000,,,,0.000000,4.000000,4.000000,4.000000,4.000000,4.000000,4.000000,4.000000,4.000000,4.000000,4.000000,4.000000,4.000000,4.000000,4.000000,4.000000,4.000000,4.000000,4.000000,2.000000,4.000000,4.000000,4.000000,4.000000,4.000000,4.000000,4.000000,4.000000,4.000000,4.000000,4.000000,4.000000,4.000000,83.333336
1614076763.241300,36.000000,0.000000,1.873851,-5.607438,-8.997779,0.493216,17.344187,7.207399,6.978921,11.797326,9.840137,8.976815,6.519526,3.379487,8.498927,4.846201,-0.491577,45.805023,0.267037,14.945712,4.677926,-25.459408,-22.923939,7.852038,-0.674887,-10.376057,-17.860868,-24.947987,-13.703627,-4.523327,-15.502461,-42.010235,-6.819287,-27.446320,8064.000000,0.000000,4.000000,,,,0.000000,4.000000,4.000000,4.000000,4.000000,4.000000,4.000000,4.000000,4.000000,4.000000,4.000000,4.000000,4.000000,4.000000,4.000000,4.000000,4.000000,4.000000,4.000000,2.000000,4.000000,4.000000,4.000000,4.000000,4.000000,4.000000,4.000000,4.000000,4.000000,4.000000,4.000000,4.000000,4.000000,83.333336
1614076763.249149,37.000000,0.000000,1.871978,-6.627471,-8.475961,0.492723,12.711458,6.687371,7.484763,9.734246,9.830297,7.429377,6.513006,2.350466,7.464787,-3.363773,-3.055188,18.579729,-0.758871,8.264099,13.391196,-21.331385,-22.388193,7.844186,0.351429,-10.365681,-17.843008,-24.923038,-11.638640,-4.005983,-14.974138,-41.968224,-6.812467,-29.470156,8064.000000,0.000000,4.000000,,,,0.000000,4.000000,4.000000,4.000000,4.000000,4.000000,4.000000,4.000000,4.000000,4.000000,4.000000,4.000000,4.000000,4.000000,4.000000,4.000000,4.000000,4.000000,4.000000,2.000000,4.000000,4.000000,4.000000,4.000000,4.000000,4.000000,4.000000,4.000000,4.000000,4.000000,4.000000,4.000000,4.000000,83.333336
1614076763.256898,38.000000,0.000000,1.357285,-6.108024,-10.005946,0.492230,12.185926,6.680684,6.964458,-0.019077,9.820466,6.396307,6.506494,1.322475,4.380400,-5.924512,-8.180338,7.791919,-2.809394,8.768656,-1.493989,-23.874155,-22.365805,6.810700,-0.674563,-9.842495,-17.825165,-24.898115,-11.114182,-4.001977,-13.933523,-41.413433,-6.292834,-30.979147,8064.000000,0.000000,4.000000,,,,0.000000,4.000000,4.000000,4.000000,4.000000,4.000000,4.000000,4.000000,4.000000,4.000000,4.000000,4.000000,4.000000,4.000000,4.000000,4.000000,4.000000,4.000000,4.000000,2.000000,4.000000,4.000000,4.000000,4.000000,4.000000,4.000000,4.000000,4.000000,4.000000,4.000000,4.000000,4.000000,4.000000,83.333336
1614076763.264747,39.000000,0.000000,-1.208175,-6.101915,-12.047222,0.491738,13.199382,7.186824,6.957493,-8.224186,9.810646,4.851449,6.499987,-0.730130,1.299096,-4.892946,-15.351645,13.937974,-3.832226,10.811170,-3.543777,-24.875921,-22.343439,7.829531,-2.725171,-9.832652,-17.807339,-24.873217,-13.667170,-3.997975,-17.509333,-41.884842,-8.337824,-31.460989,8064.000000,0.000000,4.000000,,,,0.000000,4.000000,4.000000,4.000000,4.000000,4.000000,4.000000,4.000000,4.000000,4.000000,4.000000,4.000000,4.000000,4.000000,4.000000,4.000000,4.000000,4.000000,4.000000,2.000000,4.000000,4.000000,4.000000,4.000000,4.000000,4.000000,4.000000,4.000000,4.000000,4.000000,4.000000,4.000000,4.000000,83.333336
1614076763.272496,40.000000,0.000000,-2.232608,-6.095814,-12.547996,0.491246,13.186182,7.179637,7.463356,-8.215962,9.800836,2.795316,6.493487,-1.755041,0.784977,-4.888053,-12.772191,19.565062,-2.802752,24.646511,8.254638,-24.338226,-22.321096,7.821701,-1.696805,-9.822820,-17.789532,-24.848345,-14.166324,-3.993977,-22.107208,-40.817314,-10.380768,-32.967987,8064.000000,0.000000,4.000000,,,,0.000000,4.000000,4.000000,4.000000,4.000000,4.000000,4.000000,4.000000,4.000000,4.000000,4.000000,4.000000,4.000000,4.000000,4.000000,4.000000,4.000000,4.000000,4.000000,2.000000,4.000000,4.000000,4.000000,4.000000,4.000000,4.000000,4.000000,4.000000,4.000000,4.000000,4.000000,4.000000,4.000000,83.333336
1614076763.280345,41.000000,0.000000,-1.717554,-6.089718,-12.535447,1.003575,13.685817,7.172457,6.430252,-7.182105,10.303855,3.305341,6.999814,-3.291747,1.297012,-5.395986,-8.144034,24.160881,-3.312770,27.185968,4.656640,-24.313887,-22.298775,1.147213,0.868995,-9.812997,-17.771742,-24.823496,-13.639337,-3.989983,-19.520998,-38.212395,-10.370387,-34.986301,8064.000000,0.000000,4.000000,,,,0.000000,4.000000,4.000000,4.000000,4.000000,4.000000,4.000000,4.000000,4.000000,4.000000,4.000000,4.000000,4.000000,4.000000,4.000000,4.000000,4.000000,4.000000,4.000000,2.000000,4.000000,4.000000,4.000000,4.000000,4.000000,4.000000,4.000000,4.000000,4.000000,4.000000,4.000000,4.000000,4.000000,83.333336
1614076763.288094,42.000000,0.000000,-1.715837,-6.083628,-12.522912,1.002572,13.159310,7.165285,0.782796,-7.174923,9.267910,2.276394,7.505635,-4.826917,1.808536,-4.364949,-7.623070,25.162361,-5.360739,8.697244,-3.553145,-24.289574,-22.276476,-8.084703,0.355305,-9.803184,-17.753971,-24.798672,-14.138517,-3.985993,-14.886093,-37.148544,-9.847196,-32.900036,8064.000000,0.000000,4.000000,,,,0.000000,4.000000,4.000000,4.000000,4.000000,4.000000,4.000000,4.000000,4.000000,4.000000,4.000000,4.000000,4.000000,4.000000,4.000000,4.000000,4.000000,4.000000,4.000000,2.000000,4.000000,4.000000,4.000000,4.000000,4.000000,4.000000,4.000000,4.000000,4.000000,4.000000,4.000000,4.000000,4.000000,83.333336
1614076763.295943,43.000000,0.000000,-1.714121,-6.077544,-12.510389,0.488749,13.146151,7.158120,-4.346192,-8.193389,7.207360,-3.879728,6.985309,-5.334910,1.293907,-4.360584,-9.153908,11.291045,-6.893840,1.509059,-7.139335,-27.342207,-22.254200,-6.538157,0.354950,-9.793381,-17.736217,-24.773874,-13.611559,-3.982007,-16.409668,-38.649857,-10.350169,-30.815853,8064.000000,0.000000,4.000000,,,,0.000000,4.000000,4.000000,4.000000,4.000000,4.000000,4.000000,4.000000,4.000000,4.000000,4.000000,4.000000,4.000000,4.000000,4.000000,4.000000,4.000000,4.000000,4.000000,2.000000,4.000000,4.000000,4.000000,4.000000,4.000000,4.000000,4.000000,4.000000,4.000000,4.000000,4.000000,4.000000,4.000000,83.333336
1614076763.303692,44.000000,0.000000,-1.712407,-5.558646,-12.497879,1.001080,14.158646,7.150961,-4.341846,-7.159555,5.661691,-5.927131,6.465503,-4.816755,0.779792,-6.407505,-9.657575,19.997702,-7.399767,17.917807,-6.619376,-28.340506,-22.744766,2.699150,0.354595,-9.783587,-17.718481,-24.749100,-15.136409,-3.978025,-18.957361,-41.175308,-10.852640,-31.297857,8064.000000,0.000000,4.000000,,,,0.000000,4.000000,4.000000,4.000000,4.000000,4.000000,4.000000,4.000000,4.000000,4.000000,4.000000,4.000000,4.000000,4.000000,4.000000,4.000000,4.000000,4.000000,4.000000,2.000000,4.000000,4.000000,4.000000,4.000000,4.000000,4.000000,4.000000,4.000000,4.000000,4.000000,4.000000,4.000000,4.000000,83.333336
1614076763.311341,45.000000,0.000000,-1.710695,-7.604370,-12.485381,1.000079,9.529102,7.656631,-3.311863,-2.537011,6.681671,-0.792998,7.997499,-4.811938,4.368756,-4.349816,-1.442789,52.798218,-6.879547,35.335785,4.669295,-23.696781,-21.696381,1.670810,0.354241,-9.773804,-17.700762,-24.724350,-17.172554,-3.974047,-18.425583,-41.646954,-9.303326,-31.266560,8064.000000,0.000000,4.000000,,,,0.000000,4.000000,4.000000,4.000000,4.000000,4.000000,4.000000,4.000000,4.000000,4.000000,4.000000,4.000000,4.000000,4.000000,4.000000,4.000000,4.000000,4.000000,4.000000,2.000000,4.000000,4.000000,4.000000,4.000000,4.000000,4.000000,4.000000,4.000000,4.000000,4.000000,4.000000,4.000000,4.000000,83.333336
1614076763.319090,46.000000,0.000000,-1.196163,-9.648047,-12.472896,-2.590664,0.288804,6.110513,-5.359833,-0.996012,6.162169,-2.843488,1.835655,-4.807127,4.364388,-3.832645,3.174039,53.771061,-6.872667,33.249168,11.331292,-23.160263,-19.110582,-9.612912,0.866707,-9.764030,-17.683062,-24.699627,-18.181023,-3.457253,-17.894337,-41.605305,-11.345304,-31.748114,8064.000000,0.000000,4.000000,,,,0.000000,4.000000,4.000000,4.000000,4.000000,4.000000,4.000000,4.000000,4.000000,4.000000,4.000000,4.000000,4.000000,4.000000,4.000000,4.000000,4.000000,4.000000,4.000000,2.000000,4.000000,4.000000,4.000000,4.000000,4.000000,4.000000,4.000000,4.000000,4.000000,4.000000,4.000000,4.000000,4.000000,83.333336
1614076763.326740,47.000000,0.000000,-3.246249,-9.638399,-12.973243,-6.690638,-3.301228,4.053120,-7.405755,-7.661683,2.053442,-13.097054,-13.037975,-7.879242,-4.870746,-14.085223,-12.726571,21.409597,-7.378615,8.600534,4.140474,-28.265308,-18.065830,-15.244325,-1.185442,-9.754266,-17.665379,-24.162106,-17.650021,-5.505077,-18.902084,-42.076523,-16.462164,-31.716366,8064.000000,0.000000,4.000000,,,,0.000000,4.000000,4.000000,4.000000,4.000000,4.000000,4.000000,4.000000,4.000000,4.000000,4.000000,4.000000,4.000000,4.000000,4.000000,4.000000,4.000000,4.000000,4.000000,2.000000,4.000000,4.000000,4.000000,4.000000,4.000000,4.000000,4.000000,4.000000,4.000000,4.000000,4.000000,4.000000,4.000000,83.333336
1614076763.334489,48.000000,0.000000,-5.294285,-9.628761,-11.934628,-6.683947,0.291817,3.023426,-7.911170,-11.756585,-1.538355,-16.160881,-21.230066,-8.384184,-9.481260,-19.199343,-22.457434,7.029213,-7.371236,-6.279861,3.623513,-28.237043,-18.560585,-11.639337,-3.235538,-9.744512,-17.647713,-24.650764,-17.632372,-7.550854,-18.370361,-38.957523,-16.958523,-28.094906,8064.000000,0.000000,4.000000,,,,0.000000,4.000000,4.000000,4.000000,4.000000,4.000000,4.000000,4.000000,4.000000,4.000000,4.000000,4.000000,4.000000,4.000000,4.000000,4.000000,4.000000,4.000000,4.000000,2.000000,4.000000,4.000000,4.000000,4.000000,4.000000,4.000000,4.000000,4.000000,4.000000,4.000000,4.000000,4.000000,4.000000,83.333336
1614076763.342138,49.000000,0.000000,-5.801811,-9.619132,-9.871412,-6.164443,2.342807,3.533223,-7.390438,-10.206367,-1.023996,-7.939591,-18.131912,-6.324517,-2.805112,-4.308349,-4.999080,39.842697,-5.312583,11.162316,0.542966,-25.131884,-18.542025,-11.114877,-2.206662,-9.734767,-17.630066,-24.626114,-17.614738,-7.543303,-18.351992,-35.328819,-11.813359,-25.502707,8064.000000,0.000000,4.000000,,,,0.000000,4.000000,4.000000,4.000000,4.000000,4.000000,4.000000,4.000000,4.000000,4.000000,4.000000,4.000000,4.000000,4.000000,4.000000,4.000000,4.000000,4.000000,4.000000,2.000000,4.000000,4.000000,4.000000,4.000000,4.000000,4.000000,4.000000,4.000000,4.000000,4.000000,4.000000,4.000000,4.000000,83.333336
1614076763.349887,50.000000,0.000000,-5.283189,-9.609513,-8.835899,-7.696740,1.827644,3.529690,-7.383048,-11.221802,-1.022972,-3.316267,-15.036858,-5.292552,2.325898,6.978011,8.339252,53.136189,-3.255988,30.125513,-9.713986,-24.081110,-19.036303,-11.103763,-0.153173,-9.725032,-15.561153,-22.037386,-18.622765,-7.535760,-18.846460,-35.293491,-10.263083,-21.374641,8064.000000,0.000000,4.000000,,,,0.000000,4.000000,4.000000,4.000000,4.000000,4.000000,4.000000,4.000000,4.000000,4.000000,4.000000,4.000000,4.000000,4.000000,4.000000,4.000000,4.000000,4.000000,4.000000,2.000000,4.000000,4.000000,4.000000,4.000000,4.000000,4.000000,4.000000,4.000000,4.000000,4.000000,4.000000,4.000000,4.000000,83.333336
1614076763.357536,51.000000,0.000000,-5.277906,-9.599903,-8.827064,-6.663402,2.851457,3.526160,-7.375665,-11.210580,-1.021949,-4.851412,-16.047462,-3.748798,0.272290,-0.721275,2.689888,34.108692,-2.739912,31.121029,2.603420,-22.005747,-19.017265,-10.579838,0.359800,-9.715307,-13.494310,-17.912785,-16.040039,-7.528224,-17.289152,-30.129993,-10.252821,-11.609676,8064.000000,0.000000,4.000000,,,,0.000000,4.000000,4.000000,4.000000,4.000000,4.000000,4.000000,4.000000,4.000000,4.000000,4.000000,4.000000,4.000000,4.000000,4.000000,4.000000,4.000000,4.000000,4.000000,2.000000,4.000000,4.000000,4.000000,4.000000,4.000000,4.000000,4.000000,4.000000,4.000000,4.000000,4.000000,4.000000,4.000000,83.333336
1614076763.365285,52.000000,0.000000,-5.272628,-9.590303,-8.818236,-5.631098,2.848605,4.035455,-7.368289,-6.583985,-1.020927,-4.333740,-15.518594,-1.180946,0.784838,-6.361579,1.661557,41.766891,-3.249992,31.602728,18.498253,-21.983742,-17.972609,-13.646181,0.359441,-9.705592,-13.993636,-16.869230,-11.408615,-7.520696,-12.656478,-23.433197,-10.242568,-10.059605,8064.000000,0.000000,4.000000,,,,0.000000,4.000000,4.000000,4.000000,4.000000,4.000000,4.000000,4.000000,4.000000,4.000000,4.000000,4.000000,4.000000,4.000000,4.000000,4.000000,4.000000,4.000000,4.000000,2.000000,4.000000,4.000000,4.000000,4.000000,4.000000,4.000000,4.000000,4.000000,4.000000,4.000000,4.000000,4.000000,4.000000,83.333336
1614076763.372934,53.000000,0.000000,-5.267355,-9.580713,-9.322239,-12.292133,-2.795269,1.980137,-7.360921,-2.987657,-2.558368,-3.816586,-14.990254,-4.769509,2.322515,-3.278294,3.711177,44.802048,-3.246742,26.442921,5.146420,-27.602783,-18.980276,-12.606894,-0.153739,-9.695887,-13.979643,-17.365181,-9.858745,-7.513175,-10.079719,-23.922585,-11.770787,-16.716211,8064.000000,0.000000,4.000000,,,,0.000000,4.000000,4.000000,4.000000,4.000000,4.000000,4.000000,4.000000,4.000000,4.000000,4.000000,4.000000,4.000000,4.000000,4.000000,4.000000,4.000000,4.000000,4.000000,2.000000,4.000000,4.000000,4.000000,4.000000,4.000000,4.000000,4.000000,4.000000,4.000000,4.000000,4.000000,4.000000,4.000000,83.333336
1614076763.380683,54.000000,0.000000,-5.262088,-9.571133,-7.774455,-16.895226,-7.920679,-0.073125,-7.353560,-2.984669,-4.607091,-3.812769,-14.975265,-8.354483,0.268910,-4.813478,-5.010482,25.270065,-3.243496,19.236990,-2.038213,-32.190563,-18.961296,-2.337877,0.359235,-10.199011,-13.965663,-17.860636,-10.361707,-7.505662,-11.095280,-21.334558,-8.169272,-15.673855,8064.000000,0.000000,4.000000,,,,0.000000,4.000000,4.000000,4.000000,4.000000,4.000000,4.000000,4.000000,4.000000,4.000000,4.000000,4.000000,4.000000,4.000000,4.000000,4.000000,4.000000,4.000000,4.000000,2.000000,4.000000,4.000000,4.000000,4.000000,4.000000,4.000000,4.000000,4.000000,4.000000,4.000000,4.000000,4.000000,4.000000,83.333336
1614076763.388333,55.000000,0.000000,-5.256826,-9.561562,-2.638476,-9.186023,-8.938399,-0.073052,-7.346206,-4.520146,-5.115305,-3.808957,-14.960289,-4.243565,3.858385,-4.295844,-8.082396,30.373001,-3.240252,32.038265,10.271518,-30.619913,-8.173104,5.869589,3.435799,-7.111889,-14.977338,-16.817135,-8.300063,-7.498157,-11.597006,-11.569634,-0.468796,-7.453053,8064.000000,0.000000,4.000000,,,,0.000000,4.000000,4.000000,4.000000,4.000000,4.000000,4.000000,4.000000,4.000000,4.000000,4.000000,4.000000,4.000000,4.000000,4.000000,4.000000,4.000000,4.000000,4.000000,2.000000,4.000000,4.000000,4.000000,4.000000,4.000000,4.000000,4.000000,4.000000,4.000000,4.000000,4.000000,4.000000,4.000000,83.333336
1614076763.396082,56.000000,0.000000,-5.764390,-9.552000,-0.584555,-1.997350,-11.493563,-0.072979,-7.338860,-3.489985,-4.597369,-5.343609,-14.945329,-0.136757,10.008373,3.913580,-0.382005,49.316986,-3.237012,39.698536,10.261246,-26.486729,3.629941,3.812438,3.432363,-3.002213,-13.936720,-14.749036,-6.240481,-7.490658,-11.585408,-8.481142,-0.468327,-5.907138,8064.000000,0.000000,4.000000,,,,0.000000,4.000000,4.000000,4.000000,4.000000,4.000000,4.000000,4.000000,4.000000,4.000000,4.000000,4.000000,4.000000,4.000000,4.000000,4.000000,4.000000,4.000000,4.000000,2.000000,4.000000,4.000000,4.000000,4.000000,4.000000,4.000000,4.000000,4.000000,4.000000,4.000000,4.000000,4.000000,4.000000,83.333336
1614076763.403731,57.000000,0.000000,-5.245804,-9.542448,-4.686535,-3.020993,-16.097454,-2.124188,-7.844342,-2.460854,-4.592772,-7.902368,-14.930384,-1.162261,8.459903,2.884026,1.156839,44.652287,-3.233775,19.146017,-1.031067,-25.434601,1.062208,-1.832400,-1.186454,-1.460749,-12.384321,-13.708646,-6.234241,-7.995988,-10.548182,-9.498302,-2.006320,-6.414052,8064.000000,0.000000,4.000000,,,,0.000000,4.000000,4.000000,4.000000,4.000000,4.000000,4.000000,4.000000,4.000000,4.000000,4.000000,4.000000,4.000000,4.000000,4.000000,4.000000,4.000000,4.000000,4.000000,2.000000,4.000000,4.000000,4.000000,4.000000,4.000000,4.000000,4.000000,4.000000,4.000000,4.000000,4.000000,4.000000,4.000000,83.333336
1614076763.411480,58.000000,0.000000,-5.240559,-10.045726,-4.681848,-3.017972,-16.594177,-4.173346,-7.323677,-5.022496,-4.588179,-8.407287,-15.428274,-1.673919,4.348879,-3.785525,-1.408421,44.607632,-3.230541,16.049948,-3.081318,-25.409166,-7.656803,-4.394670,-3.236550,-2.997750,-10.833476,-13.694937,-6.740827,-7.987992,-11.563274,-1.283675,3.636712,-3.843535,8064.000000,0.000000,4.000000,,,,0.000000,4.000000,4.000000,4.000000,4.000000,4.000000,4.000000,4.000000,4.000000,4.000000,4.000000,4.000000,4.000000,4.000000,4.000000,4.000000,4.000000,4.000000,4.000000,2.000000,4.000000,4.000000,4.000000,4.000000,4.000000,4.000000,4.000000,4.000000,4.000000,4.000000,4.000000,4.000000,4.000000,83.333336
1614076763.419129,59.000000,0.000000,-5.748139,-8.497219,-0.061782,-3.014954,-15.039122,-4.681993,-7.316353,-2.453371,-4.583591,-7.886058,-14.387204,-1.159425,5.370171,-4.294560,1.669911,55.332256,-3.227311,37.059540,1.024328,-19.742731,-7.649146,1.763570,0.356431,-2.481932,-5.694437,-8.553037,-6.734086,-3.877440,-12.064532,5.897096,9.274101,-3.839691,8064.000000,0.000000,4.000000,,,,0.000000,4.000000,4.000000,4.000000,4.000000,4.000000,4.000000,4.000000,4.000000,4.000000,4.000000,4.000000,4.000000,4.000000,4.000000,4.000000,4.000000,4.000000,4.000000,2.000000,4.000000,4.000000,4.000000,4.000000,4.000000,4.000000,4.000000,4.000000,4.000000,4.000000,4.000000,4.000000,4.000000,83.333336
1614076763.426878,60.000000,0.000000,-4.716750,-6.437439,2.502383,-3.011939,-15.536903,-2.626029,-8.334678,8.318314,-4.579007,-7.878172,-11.808715,-1.158265,4.339160,-7.880009,-2.947144,34.251282,-2.711263,30.868633,1.023303,-12.030681,-6.615856,5.864371,3.945818,0.084653,4.054847,-0.852176,-5.701711,0.229001,-5.385801,5.378378,8.239185,3.343635,8064.000000,0.000000,4.000000,,,,0.000000,4.000000,4.000000,4.000000,4.000000,4.000000,4.000000,4.000000,4.000000,4.000000,4.000000,4.000000,4.000000,4.000000,4.000000,4.000000,4.000000,4.000000,4.000000,2.000000,4.000000,4.000000,4.000000,4.000000,4.000000,4.000000,4.000000,4.000000,4.000000,4.000000,4.000000,4.000000,4.000000,83.333336
1614076763.434527,61.000000,0.000000,-0.096648,-5.405361,2.499880,3.657739,-15.521366,1.991982,-4.223779,10.874098,-4.061607,-7.870294,-10.258445,0.894175,1.770718,-10.436232,-10.123684,11.652929,-2.708552,11.863405,-9.234130,-15.608394,-7.634881,-0.808160,3.941872,1.623030,9.178997,1.712778,-3.131907,0.228772,5.388816,9.988384,7.205306,16.673626,8064.000000,0.000000,4.000000,,,,0.000000,4.000000,4.000000,4.000000,4.000000,4.000000,4.000000,4.000000,4.000000,4.000000,4.000000,4.000000,4.000000,4.000000,4.000000,4.000000,4.000000,4.000000,4.000000,2.000000,4.000000,4.000000,4.000000,4.000000,4.000000,4.000000,4.000000,4.000000,4.000000,4.000000,4.000000,4.000000,4.000000,83.333336
1614076763.442376,62.000000,0.000000,2.980371,-5.912776,3.010201,7.243825,-14.993024,4.041272,2.959932,4.196557,-4.570366,-7.862424,-7.684083,2.944563,8.435614,7.010102,5.271055,40.872044,-3.218663,25.184875,-9.224896,-20.208170,-6.601605,-1.320173,3.937930,1.621407,8.656998,0.685425,-2.615954,-0.284277,8.460350,15.106601,8.223742,17.169771,8064.000000,0.000000,4.000000,,,,0.000000,4.000000,4.000000,4.000000,4.000000,4.000000,4.000000,4.000000,4.000000,4.000000,4.000000,4.000000,4.000000,4.000000,4.000000,4.000000,4.000000,4.000000,4.000000,2.000000,4.000000,4.000000,4.000000,4.000000,4.000000,4.000000,4.000000,4.000000,4.000000,4.000000,4.000000,4.000000,4.000000,83.333336
1614076763.450126,63.000000,0.000000,1.951750,-5.906863,0.955909,3.134017,-15.490851,4.037230,2.444151,4.705181,-4.565796,-7.854561,-3.573835,2.428798,13.042563,21.874887,18.086296,68.523483,-2.189804,41.057125,14.374072,-13.008474,-2.492439,10.476019,4.446813,1.106965,7.622700,0.684739,-3.126158,0.228828,6.913428,9.450469,7.702697,5.870551,8064.000000,0.000000,4.000000,,,,0.000000,4.000000,4.000000,4.000000,4.000000,4.000000,4.000000,4.000000,4.000000,4.000000,4.000000,4.000000,4.000000,4.000000,4.000000,4.000000,4.000000,4.000000,4.000000,2.000000,4.000000,4.000000,4.000000,4.000000,4.000000,4.000000,4.000000,4.000000,4.000000,4.000000,4.000000,4.000000,4.000000,83.333336
1614076763.457974,64.000000,0.000000,1.949798,-5.388136,3.519055,0.566781,-14.449719,4.033194,-3.199318,2.649194,-3.535589,-7.333887,-3.570261,2.426369,4.824392,12.622243,3.196416,52.557522,-3.726076,41.016068,26.667391,-11.969825,1.099797,13.542466,4.442366,1.105858,8.640718,1.196875,-2.610212,-0.284221,7.419335,7.389736,7.694994,4.326219,0.000000,191.000000,4.000000,,,,0.000000,4.000000,4.000000,4.000000,4.000000,4.000000,4.000000,4.000000,4.000000,4.000000,4.000000,4.000000,4.000000,4.000000,4.000000,4.000000,4.000000,4.000000,4.000000,2.000000,4.000000,4.000000,4.000000,4.000000,4.000000,4.000000,4.000000,4.000000,4.000000,4.000000,4.000000,4.000000,4.000000,83.333336
1614076763.465724,65.000000,0.000000,2.460669,-5.895568,8.643742,0.566214,-15.460911,0.952237,-4.221760,-11.712430,-6.096156,-9.377834,-9.720537,2.936763,-3.385560,1.840390,-10.140114,43.274197,-9.876196,47.641720,16.384314,-21.701445,-1.978226,8.400719,2.386641,1.617572,8.119257,0.682858,-4.146063,-0.283937,7.924736,11.484911,7.687299,10.988560,0.000000,199.000000,4.000000,,,,0.000000,4.000000,4.000000,4.000000,4.000000,4.000000,4.000000,4.000000,4.000000,4.000000,4.000000,4.000000,4.000000,4.000000,4.000000,4.000000,4.000000,4.000000,4.000000,2.000000,4.000000,4.000000,4.000000,4.000000,4.000000,4.000000,4.000000,4.000000,4.000000,4.000000,4.000000,4.000000,4.000000,83.333336
1614076763.473573,66.000000,0.000000,1.945388,-5.889673,0.942790,-3.536916,-20.060835,-5.715382,-2.679077,-19.393024,-10.705444,-11.419739,-15.864663,2.933826,-2.869354,-0.212733,-8.078691,47.333485,-14.481704,38.876129,6.111518,-28.859230,-17.360863,0.700010,0.332973,0.590314,6.059855,0.682175,-6.706020,-0.283653,6.891171,9.422144,7.679612,12.516032,0.000000,186.000000,4.000000,,,,0.000000,4.000000,4.000000,4.000000,4.000000,4.000000,4.000000,4.000000,4.000000,4.000000,4.000000,4.000000,4.000000,4.000000,4.000000,4.000000,4.000000,4.000000,4.000000,2.000000,4.000000,4.000000,4.000000,4.000000,4.000000,4.000000,4.000000,4.000000,4.000000,4.000000,4.000000,4.000000,4.000000,83.333336
1614076763.481322,67.000000,0.000000,1.943443,-5.883783,-11.878666,-7.635943,-23.117697,-7.760949,-5.240500,-13.219786,-12.233201,-11.408319,-19.438541,2.418072,-2.353664,-9.443289,-15.250100,23.183588,-14.980042,6.529561,-5.689465,-37.035500,-28.112734,-15.710946,-0.693001,-4.025661,1.951232,0.681493,-7.212134,-0.283370,6.884279,13.002465,7.671932,11.477875,0.000000,173.000000,4.000000,,,,0.000000,4.000000,4.000000,4.000000,4.000000,4.000000,4.000000,4.000000,4.000000,4.000000,4.000000,4.000000,4.000000,4.000000,4.000000,4.000000,4.000000,4.000000,4.000000,2.000000,4.000000,4.000000,4.000000,4.000000,4.000000,4.000000,4.000000,4.000000,4.000000,4.000000,4.000000,4.000000,4.000000,83.333336
1614076763.489171,68.000000,0.000000,1.941499,-5.877899,-11.353967,-7.115487,-22.581758,-7.240367,-7.799362,-9.616823,-11.708147,-10.884090,-18.393463,2.415654,-2.351311,-18.664616,-19.337414,2.134763,-14.452242,-6.810302,-4.145314,-33.408722,-17.315390,-18.772158,0.846153,-9.662662,-0.102002,0.680811,-7.204922,-0.283086,6.877395,21.707411,7.664260,11.466397,0.000000,188.000000,4.000000,,,,0.000000,4.000000,4.000000,4.000000,4.000000,4.000000,4.000000,4.000000,4.000000,4.000000,4.000000,4.000000,4.000000,4.000000,4.000000,4.000000,4.000000,4.000000,4.000000,2.000000,4.000000,4.000000,4.000000,4.000000,4.000000,4.000000,4.000000,4.000000,4.000000,4.000000,4.000000,4.000000,4.000000,83.333336
1614076763.496920,69.000000,0.000000,1.939558,-5.872022,-9.291330,-6.595551,-22.559177,-6.720306,-7.791563,-11.658488,-11.696439,-11.386026,-11.195581,2.926059,2.266425,-14.543386,-2.907820,25.209551,-10.848046,26.017021,16.884472,-9.785568,-0.887818,1.759434,2.896589,-11.191460,0.410921,0.680130,-6.684896,-0.282803,6.870518,16.044678,8.169416,12.480572,0.000000,203.000000,4.000000,,,,0.000000,4.000000,4.000000,4.000000,4.000000,4.000000,4.000000,4.000000,4.000000,4.000000,4.000000,4.000000,4.000000,4.000000,4.000000,4.000000,4.000000,4.000000,4.000000,2.000000,4.000000,4.000000,4.000000,4.000000,4.000000,4.000000,4.000000,4.000000,4.000000,4.000000,4.000000,4.000000,4.000000,83.333336
1614076763.504769,70.000000,0.000000,1.937618,-5.866149,-12.358962,-7.101776,-22.536617,-8.764868,-7.270951,-10.621188,-11.684742,-11.887462,-6.569001,1.897492,6.366723,-4.272433,10.428421,43.645878,-6.734634,42.401260,9.688101,-1.057834,0.138711,12.014085,4.432154,-6.052063,-0.102311,0.679450,-6.678212,-0.282520,6.863647,8.849146,6.622786,11.955271,0.000000,191.000000,4.000000,,,,0.000000,4.000000,4.000000,2.000000,4.000000,4.000000,4.000000,4.000000,4.000000,4.000000,4.000000,4.000000,4.000000,4.000000,4.000000,4.000000,4.000000,4.000000,4.000000,2.000000,4.000000,4.000000,4.000000,4.000000,4.000000,4.000000,4.000000,4.000000,4.000000,4.000000,4.000000,4.000000,4.000000,66.666664
1614076763.512518,71.000000,0.000000,1.935681,-5.860283,-10.808142,-6.581854,-22.001261,-13.884308,-7.263680,-11.123387,-11.673058,-10.849933,-10.664996,-1.181329,4.309074,-0.165596,4.776967,31.294542,-6.727900,15.692192,-11.347228,-16.954212,-0.887069,1.745661,3.914901,0.107835,-0.102208,0.165950,-7.184354,-0.282238,6.343963,13.968502,4.052060,11.943316,0.000000,152.000000,4.000000,,,,0.000000,4.000000,4.000000,2.000000,4.000000,4.000000,4.000000,4.000000,4.000000,4.000000,4.000000,4.000000,4.000000,4.000000,4.000000,4.000000,4.000000,4.000000,4.000000,2.000000,4.000000,4.000000,4.000000,4.000000,4.000000,4.000000,4.000000,4.000000,4.000000,4.000000,4.000000,4.000000,4.000000,66.666664
1614076763.520367,72.000000,0.000000,1.933745,-5.854423,-9.771692,-6.575272,-24.030542,-17.972988,-7.256416,-14.189187,-14.225487,-10.839083,-15.269716,-4.257071,1.740663,-1.703892,1.182446,37.929913,-6.721172,29.009832,14.817966,-16.937258,5.780485,-1.333008,3.910986,1.646188,2.461997,0.165784,-5.638708,-0.281956,7.363260,16.005816,3.535188,11.931373,0.000000,194.000000,4.000000,,,,0.000000,4.000000,4.000000,2.000000,4.000000,4.000000,4.000000,4.000000,4.000000,4.000000,4.000000,4.000000,4.000000,4.000000,4.000000,4.000000,4.000000,4.000000,4.000000,2.000000,4.000000,4.000000,4.000000,4.000000,4.000000,4.000000,4.000000,4.000000,4.000000,4.000000,4.000000,4.000000,4.000000,66.666664
1614076763.528116,73.000000,0.000000,1.931811,-5.848568,-11.813203,-6.055876,-25.032152,-18.467836,-7.249160,-14.174998,-15.236903,-14.930808,-14.741626,-5.278455,1.738922,-1.189368,3.745366,62.507370,-2.611887,60.775696,31.213404,-8.715193,6.287525,6.360633,3.907075,0.618901,3.997996,2.216901,-0.504864,-0.281674,9.919999,20.092375,4.557293,12.432261,0.000000,177.000000,4.000000,,,,0.000000,4.000000,4.000000,2.000000,4.000000,4.000000,4.000000,4.000000,4.000000,4.000000,4.000000,4.000000,4.000000,4.000000,4.000000,4.000000,4.000000,4.000000,4.000000,2.000000,4.000000,4.000000,4.000000,4.000000,4.000000,4.000000,4.000000,4.000000,4.000000,4.000000,4.000000,4.000000,4.000000,66.666664
1614076763.535865,74.000000,0.000000,1.929879,-5.842720,-7.698826,-6.049820,-22.955837,-17.936546,-7.241910,-11.083900,-15.221665,-19.018440,-14.214064,-4.760355,0.198721,-0.162537,1.690339,55.265373,-3.634916,41.227741,-1.125502,-19.475708,-3.462352,8.918375,3.903168,2.156744,4.506818,3.753145,1.034102,-0.281392,10.935720,30.841513,4.039916,11.907009,0.000000,152.000000,4.000000,,,,0.000000,4.000000,4.000000,2.000000,4.000000,4.000000,4.000000,4.000000,4.000000,4.000000,4.000000,4.000000,4.000000,4.000000,4.000000,4.000000,2.000000,4.000000,4.000000,2.000000,4.000000,4.000000,4.000000,4.000000,4.000000,4.000000,4.000000,4.000000,4.000000,4.000000,4.000000,4.000000,4.000000,50.000000
1614076763.543614,75.000000,0.000000,1.927949,-5.836877,-1.537281,-7.069412,-21.907242,-18.431431,-7.234669,-10.047175,-15.206444,-17.973782,-14.712670,-4.755595,-2.365580,-2.726477,-1.388275,29.569082,-7.221025,19.648050,-9.329505,-28.174181,-9.099916,7.370995,3.899265,4.718690,6.553594,5.287854,-2.043855,-0.281111,9.899144,32.861954,4.035876,11.895102,0.000000,221.000000,4.000000,,,,0.000000,4.000000,4.000000,2.000000,4.000000,4.000000,4.000000,4.000000,4.000000,4.000000,4.000000,4.000000,4.000000,4.000000,4.000000,4.000000,2.000000,4.000000,4.000000,2.000000,4.000000,4.000000,4.000000,4.000000,4.000000,4.000000,4.000000,4.000000,4.000000,4.000000,4.000000,4.000000,4.000000,50.000000
1614076763.551263,76.000000,0.000000,1.926021,-5.831040,0.002718,-6.036701,-21.885334,-17.900179,-7.227434,-10.549949,-15.191237,-14.878884,-14.697957,-4.750840,-2.363214,-4.775033,-1.899707,21.334385,-3.111239,33.474556,18.372133,-19.428059,-7.552354,7.876444,3.895366,5.226792,8.598322,7.333848,-3.580273,-0.280829,10.914886,27.700886,4.544661,13.421668,0.000000,170.000000,4.000000,,,,0.000000,4.000000,4.000000,2.000000,4.000000,4.000000,4.000000,4.000000,4.000000,4.000000,4.000000,4.000000,4.000000,4.000000,4.000000,4.000000,2.000000,4.000000,4.000000,2.000000,4.000000,4.000000,4.000000,4.000000,4.000000,4.000000,4.000000,4.000000,4.000000,4.000000,4.000000,4.000000,4.000000,50.000000
1614076763.559012,77.000000,0.000000,1.924095,-5.825210,-1.535746,-6.030664,-21.863449,-17.882278,-7.220207,-10.539398,-15.176046,-13.838365,-14.683260,-4.746089,-2.360851,-4.770258,-1.384987,23.364334,-2.595307,24.723133,8.610170,-14.793245,-7.031981,8.381389,3.891471,5.221565,7.051262,7.326514,-2.551051,-0.280549,9.878329,25.621902,3.001654,10.331324,0.000000,172.000000,4.000000,,,,0.000000,4.000000,4.000000,2.000000,4.000000,4.000000,4.000000,4.000000,4.000000,4.000000,4.000000,4.000000,4.000000,4.000000,4.000000,4.000000,2.000000,4.000000,4.000000,2.000000,4.000000,4.000000,4.000000,4.000000,4.000000,4.000000,4.000000,4.000000,4.000000,4.000000,4.000000,4.000000,4.000000,50.000000
1614076763.566661,78.000000,0.000000,1.922171,-5.819384,-6.662416,-12.178480,-25.431328,-17.864397,-7.212986,-10.528859,-15.160871,-15.875809,-15.181396,-4.741343,-3.896952,-4.765488,-1.896422,34.110199,-12.336302,5.211231,-3.193311,-18.881016,-8.563411,6.321725,3.887579,4.703523,4.480109,4.755085,-4.086962,-0.280268,4.740246,18.929615,0.947371,1.090223,0.000000,204.000000,4.000000,,,,0.000000,4.000000,4.000000,2.000000,4.000000,4.000000,4.000000,4.000000,4.000000,4.000000,4.000000,4.000000,4.000000,4.000000,4.000000,4.000000,2.000000,4.000000,4.000000,2.000000,4.000000,4.000000,4.000000,4.000000,4.000000,4.000000,4.000000,4.000000,4.000000,4.000000,4.000000,4.000000,4.000000,50.000000
1614076763.574410,79.000000,0.000000,1.920249,-5.813565,-12.296779,-17.294506,-29.508461,-17.846533,-7.205773,-11.031151,-15.145710,-17.911215,-14.653395,-4.736601,-2.354593,-4.760722,-2.920167,56.127373,-11.298325,33.411148,20.399626,-15.785213,-8.554847,7.853865,3.883692,2.647537,3.962808,3.724689,-6.646977,-0.279988,2.684224,11.731197,-0.079218,-4.039073,0.000000,201.000000,4.000000,,,,0.000000,4.000000,4.000000,2.000000,4.000000,4.000000,4.000000,4.000000,4.000000,4.000000,4.000000,4.000000,4.000000,4.000000,4.000000,4.000000,2.000000,4.000000,4.000000,2.000000,4.000000,4.000000,4.000000,4.000000,4.000000,4.000000,4.000000,4.000000,4.000000,4.000000,4.000000,4.000000,4.000000,50.000000
1614076763.582060,80.000000,0.000000,1.918329,-6.320572,-12.797302,-15.225930,-29.991774,-17.828686,-7.198567,-10.507299,-15.130564,-18.406124,-14.638741,-4.731865,-1.839418,-4.755961,-3.942888,58.122524,-4.620359,56.454659,27.045893,-18.333530,-7.007831,7.846011,3.879808,1.106428,3.958845,4.746605,-7.153151,-0.279708,5.245642,13.770748,0.433682,-3.009392,0.000000,177.000000,4.000000,,,,0.000000,4.000000,4.000000,2.000000,4.000000,4.000000,4.000000,4.000000,4.000000,4.000000,4.000000,4.000000,4.000000,4.000000,4.000000,4.000000,2.000000,4.000000,4.000000,2.000000,4.000000,4.000000,4.000000,4.000000,4.000000,4.000000,4.000000,4.000000,4.000000,4.000000,4.000000,4.000000,4.000000,50.000000
1614076763.589809,81.000000,0.000000,1.916411,-5.801431,-12.784505,-13.159422,-29.448961,-18.323677,-7.191369,-11.009612,-15.115434,-18.900539,-15.649744,-5.239954,-9.529886,-8.340949,-9.067150,30.884916,-14.359329,24.090513,5.480385,-36.263912,-9.564925,-6.007989,3.363107,0.592501,3.954886,3.716218,-7.145998,-0.792249,6.266037,14.782619,-0.079572,-3.519204,0.000000,191.000000,4.000000,,,,0.000000,4.000000,4.000000,2.000000,4.000000,4.000000,4.000000,4.000000,4.000000,4.000000,4.000000,4.000000,4.000000,4.000000,4.000000,4.000000,2.000000,4.000000,4.000000,2.000000,4.000000,4.000000,4.000000,4.000000,4.000000,4.000000,4.000000,4.000000,4.000000,4.000000,4.000000,4.000000,4.000000,50.000000
1614076763.597458,82.000000,0.000000,1.914494,-2.718706,-12.771721,-14.171904,-29.419512,-17.792534,-7.184178,-10.998603,-15.100318,-21.958561,-13.582812,-4.209073,-11.058818,-12.435172,-9.570903,22.136084,-20.498816,3.553602,-4.268685,-41.868675,-12.632284,-15.232750,3.872565,0.591909,3.950931,4.225322,-5.087570,-0.278636,6.259772,15.793477,0.433328,-3.002864,0.000000,204.000000,4.000000,,,,0.000000,4.000000,4.000000,2.000000,4.000000,4.000000,4.000000,4.000000,4.000000,4.000000,4.000000,4.000000,4.000000,4.000000,4.000000,4.000000,2.000000,4.000000,4.000000,2.000000,4.000000,4.000000,4.000000,4.000000,4.000000,4.000000,4.000000,4.000000,4.000000,4.000000,4.000000,4.000000,4.000000,50.000000
1614076763.605207,83.000000,0.000000,1.912580,-1.690346,-11.220488,-13.644911,-29.390093,-17.261921,-7.176993,-6.372220,-15.085217,-21.936602,-6.389742,-1.640761,1.259933,-11.397096,5.310462,48.267792,-8.170625,36.370560,3.427891,-24.390909,-4.927344,-2.397005,5.919974,1.616958,3.946980,7.298019,-0.467098,-0.278357,7.279153,18.341785,0.432895,0.077062,0.000000,199.000000,4.000000,,,,0.000000,4.000000,4.000000,2.000000,4.000000,4.000000,4.000000,4.000000,4.000000,4.000000,4.000000,4.000000,4.000000,4.000000,4.000000,4.000000,2.000000,4.000000,4.000000,2.000000,4.000000,4.000000,4.000000,4.000000,4.000000,4.000000,4.000000,4.000000,4.000000,4.000000,4.000000,4.000000,4.000000,50.000000
1614076763.612856,84.000000,0.000000,1.910667,-3.739938,-13.773370,-13.631267,-29.873524,-18.783119,-7.682637,-0.212001,-15.070132,-16.786461,-2.280788,-0.613479,9.463801,-6.257494,16.587204,59.501575,-0.470146,54.795731,11.116771,-12.058826,5.846814,10.938725,7.965336,4.179443,3.943033,7.803542,1.071831,-1.816540,5.733412,15.759342,-0.593179,0.589806,0.000000,189.000000,4.000000,,,,0.000000,4.000000,4.000000,2.000000,4.000000,4.000000,4.000000,4.000000,4.000000,4.000000,4.000000,4.000000,4.000000,4.000000,4.000000,4.000000,2.000000,4.000000,4.000000,2.000000,4.000000,4.000000,4.000000,4.000000,4.000000,4.000000,4.000000,4.000000,4.000000,4.000000,4.000000,4.000000,4.000000,50.000000
1614076763.620605,85.000000,0.000000,1.908756,-0.146455,-11.708314,-14.130456,-28.818008,-16.713055,-6.649313,0.301031,-13.516601,-14.205572,-3.816969,-1.125686,4.326132,-3.687134,4.775744,28.672844,-3.546599,23.971703,9.567193,-12.559588,8.405070,11.440608,7.444551,4.688085,3.426270,7.282918,0.045118,2.287840,7.266140,17.794865,1.971516,1.614857,0.000000,193.000000,4.000000,,,,0.000000,4.000000,4.000000,2.000000,4.000000,4.000000,4.000000,4.000000,4.000000,4.000000,4.000000,4.000000,4.000000,4.000000,4.000000,4.000000,2.000000,4.000000,4.000000,2.000000,4.000000,4.000000,4.000000,4.000000,4.000000,4.000000,4.000000,4.000000,4.000000,4.000000,4.000000,4.000000,4.000000,50.000000
1614076763.628254,86.000000,0.000000,1.906848,8.571641,-1.440195,-11.552222,-24.173805,-9.516854,-4.591382,0.813551,-8.887699,-14.704186,-3.300331,-1.124560,0.732063,-5.221908,-9.075185,2.490325,-3.543053,4.460551,4.429420,-10.495747,9.422306,12.454808,7.437106,4.683396,3.935664,8.814096,0.557893,9.465039,17.515284,30.084763,6.584929,7.254268,0.000000,191.000000,4.000000,,,,0.000000,4.000000,4.000000,2.000000,4.000000,4.000000,4.000000,4.000000,4.000000,4.000000,4.000000,4.000000,4.000000,4.000000,4.000000,4.000000,2.000000,4.000000,4.000000,2.000000,4.000000,4.000000,4.000000,4.000000,4.000000,4.000000,4.000000,4.000000,4.000000,4.000000,4.000000,4.000000,4.000000,50.000000
1614076763.636004,87.000000,0.000000,1.392120,9.075890,0.612527,-6.925286,-21.072708,-5.404774,-3.048329,2.351199,-4.776248,-14.689483,-2.784211,-1.123436,1.756972,-7.780789,-5.476367,21.462194,-2.001048,30.097116,12.117299,-8.433969,11.464166,8.339789,7.429669,6.729995,3.931728,10.856565,1.070156,9.968395,19.549051,34.157242,8.629626,11.862398,0.000000,196.000000,4.000000,,,,0.000000,4.000000,4.000000,2.000000,4.000000,4.000000,4.000000,4.000000,4.000000,4.000000,4.000000,4.000000,4.000000,4.000000,4.000000,4.000000,2.000000,4.000000,4.000000,2.000000,4.000000,4.000000,4.000000,4.000000,4.000000,4.000000,4.000000,4.000000,4.000000,4.000000,4.000000,4.000000,4.000000,50.000000
1614076763.643653,88.000000,0.000000,1.903549,4.451429,-9.644496,-5.379899,-21.564457,-7.963471,-3.558101,-5.343460,-3.745830,-14.674793,-6.883990,-1.635133,1.242394,-8.285829,-0.342685,49.645859,-3.537508,50.579838,21.848772,-8.938355,4.273214,0.126321,7.422239,7.236085,3.414976,11.358528,-0.982196,6.368683,8.760271,33.610264,7.595356,12.363356,0.000000,196.000000,4.000000,,,,0.000000,4.000000,4.000000,2.000000,4.000000,4.000000,4.000000,4.000000,4.000000,4.000000,4.000000,4.000000,4.000000,4.000000,4.000000,4.000000,2.000000,4.000000,4.000000,2.000000,4.000000,4.000000,4.000000,4.000000,4.000000,4.000000,4.000000,4.000000,4.000000,4.000000,4.000000,4.000000,4.000000,50.000000
1614076763.651402,89.000000,0.000000,3.952927,8.549541,-13.224595,-6.400160,-22.055714,-10.519610,-3.554543,-12.004784,-4.254905,-14.660118,-11.492491,-1.633498,0.728331,-8.277543,-2.393624,48.057751,-3.021151,39.247208,17.724358,-9.442238,-3.423367,9.356964,6.901997,4.664747,3.924382,13.398452,1.582889,7.387955,6.700229,39.217678,7.587760,14.402275,0.000000,206.000000,4.000000,,,,0.000000,4.000000,4.000000,2.000000,4.000000,4.000000,4.000000,4.000000,4.000000,4.000000,4.000000,4.000000,4.000000,4.000000,4.000000,4.000000,2.000000,4.000000,4.000000,2.000000,4.000000,4.000000,4.000000,4.000000,4.000000,4.000000,4.000000,4.000000,4.000000,4.000000,4.000000,4.000000,4.000000,50.000000
1614076763.659051,90.000000,0.000000,6.000256,16.233299,-8.595985,-6.393760,-21.520836,-9.996270,-3.038168,-4.813292,-3.225009,-12.594176,-11.480999,-1.119044,1.240423,-9.294906,-1.878410,44.419952,-4.043770,30.490013,12.578429,-16.612282,-5.471225,13.962992,7.407915,3.634441,8.023022,14.923515,6.709511,10.457491,13.873016,37.127178,8.092994,18.490437,0.000000,126.000000,4.000000,,,,0.000000,4.000000,4.000000,2.000000,4.000000,4.000000,4.000000,4.000000,4.000000,4.000000,4.000000,4.000000,4.000000,4.000000,4.000000,4.000000,2.000000,4.000000,4.000000,2.000000,4.000000,4.000000,4.000000,4.000000,4.000000,4.000000,4.000000,4.000000,4.000000,4.000000,4.000000,4.000000,4.000000,50.000000
1614076763.666900,91.000000,0.000000,5.481435,14.165785,-8.074570,-5.874546,-21.499315,-9.986274,-3.547951,-4.295658,-3.221784,-11.043120,-10.956697,-1.630745,0.726362,-6.208688,-1.876532,56.170403,-8.142291,29.946701,8.976107,-29.416183,-11.106779,-6.050972,7.400507,5.169268,11.604742,14.395771,6.189981,10.959853,13.346322,27.859283,7.572080,19.497587,0.000000,216.000000,4.000000,,,,0.000000,4.000000,4.000000,2.000000,4.000000,4.000000,4.000000,4.000000,4.000000,4.000000,4.000000,4.000000,4.000000,4.000000,4.000000,4.000000,2.000000,4.000000,4.000000,2.000000,4.000000,4.000000,4.000000,4.000000,4.000000,4.000000,4.000000,4.000000,4.000000,4.000000,4.000000,4.000000,4.000000,50.000000
1614076763.674649,92.000000,0.000000,5.475954,7.997773,-9.092135,-6.381492,-21.477816,-10.489108,-3.544403,-10.958029,-4.757024,-10.519257,-11.458561,-1.116294,2.264098,0.464187,-1.361835,52.011669,-6.082866,25.301371,12.556874,-27.848305,-9.557211,-15.275689,6.880286,3.625637,11.080317,16.432657,4.645329,10.436073,14.871438,31.421167,7.564508,18.965269,0.000000,166.000000,4.000000,,,,0.000000,4.000000,4.000000,2.000000,4.000000,4.000000,4.000000,4.000000,4.000000,4.000000,4.000000,4.000000,4.000000,4.000000,4.000000,4.000000,2.000000,4.000000,4.000000,2.000000,4.000000,4.000000,4.000000,4.000000,4.000000,4.000000,4.000000,4.000000,4.000000,4.000000,4.000000,4.000000,4.000000,50.000000
1614076763.682498,93.000000,0.000000,5.470478,8.502595,-8.570223,-6.375110,-22.481979,-10.478620,-3.028038,-1.716301,-3.213805,-8.457456,-7.344538,4.013027,8.415680,4.566287,7.870296,42.728886,3.666806,41.686325,33.057137,-8.333278,7.375423,-0.388619,7.899047,4.134832,10.043595,21.544430,10.794530,10.425637,23.574514,38.056412,7.556943,18.946304,0.000000,194.000000,4.000000,,,,0.000000,4.000000,4.000000,2.000000,4.000000,4.000000,4.000000,4.000000,4.000000,4.000000,4.000000,4.000000,4.000000,4.000000,4.000000,4.000000,2.000000,4.000000,4.000000,2.000000,4.000000,4.000000,4.000000,4.000000,4.000000,4.000000,4.000000,4.000000,4.000000,4.000000,4.000000,4.000000,4.000000,50.000000
1614076763.690247,94.000000,0.000000,5.465008,9.519733,-8.048833,-6.368735,-25.023600,-10.468141,-5.076292,7.003364,-4.236233,-6.910536,-0.670527,9.650040,14.048289,6.100183,17.606016,64.737442,9.304165,69.849770,37.639465,6.546851,19.675739,6.278436,11.993711,13.361466,14.136116,23.061346,16.424761,10.415212,22.012480,37.505535,7.549387,18.927357,0.000000,209.000000,4.000000,,,,0.000000,4.000000,4.000000,2.000000,4.000000,4.000000,4.000000,4.000000,4.000000,4.000000,4.000000,4.000000,4.000000,4.000000,4.000000,4.000000,2.000000,4.000000,4.000000,2.000000,4.000000,4.000000,4.000000,4.000000,4.000000,4.000000,4.000000,4.000000,4.000000,4.000000,4.000000,4.000000,4.000000,50.000000
1614076763.698096,95.000000,0.000000,5.459543,4.894829,-8.553604,-6.362366,-25.511396,-10.457672,-7.122498,-3.772871,-13.462766,-6.903626,0.868605,7.589108,12.495780,7.119723,15.024307,82.621422,8.269219,59.010689,14.012082,6.027483,19.656065,4.733696,15.058641,20.014772,18.737364,21.499825,15.382695,10.404797,11.221235,35.929569,7.541837,18.908430,0.000000,189.000000,4.000000,,,,0.000000,4.000000,4.000000,2.000000,4.000000,4.000000,4.000000,4.000000,4.000000,4.000000,4.000000,4.000000,4.000000,4.000000,4.000000,4.000000,2.000000,4.000000,4.000000,2.000000,4.000000,4.000000,4.000000,4.000000,4.000000,4.000000,4.000000,4.000000,4.000000,4.000000,4.000000,4.000000,4.000000,50.000000
1614076763.705845,96.000000,0.000000,5.454083,0.787370,-8.545051,-6.356004,-24.973064,-10.447215,-7.628195,-11.461406,-19.090328,-6.896722,0.354916,2.966134,7.355079,7.112604,7.316975,62.025978,7.748130,31.772188,10.408326,4.995815,18.097946,9.344347,15.043583,19.481937,19.231447,21.991144,14.854492,10.394391,8.645912,36.919281,7.534295,18.889523,8064.000000,0.000000,4.000000,,,,0.000000,4.000000,4.000000,2.000000,4.000000,4.000000,4.000000,4.000000,4.000000,4.000000,4.000000,4.000000,4.000000,4.000000,4.000000,4.000000,2.000000,4.000000,4.000000,2.000000,4.000000,4.000000,4.000000,4.000000,4.000000,4.000000,4.000000,4.000000,4.000000,4.000000,4.000000,4.000000,4.000000,50.000000
1614076763.713694,97.000000,0.000000,5.448629,0.786583,-8.023685,-5.836827,-24.948092,-10.436768,-7.107747,-7.347380,-13.943033,-6.889825,0.354561,1.937527,4.783621,7.105491,4.745555,40.425491,8.766023,39.945545,24.244072,8.067742,18.592669,10.873465,14.515718,21.000916,17.673754,25.046076,15.352458,10.383997,11.201368,37.908001,7.526761,19.383453,8064.000000,0.000000,4.000000,,,,0.000000,4.000000,4.000000,2.000000,4.000000,4.000000,4.000000,4.000000,4.000000,4.000000,4.000000,4.000000,4.000000,4.000000,4.000000,4.000000,2.000000,4.000000,4.000000,2.000000,4.000000,4.000000,4.000000,4.000000,4.000000,4.000000,4.000000,4.000000,4.000000,4.000000,4.000000,4.000000,4.000000,50.000000
1614076763.721443,98.000000,0.000000,5.956001,1.298617,-8.015661,-7.369452,-25.435965,-9.913510,-7.100639,-7.340033,-9.826526,-7.395756,-0.158614,2.961231,5.291658,6.585565,7.304913,39.872246,7.218795,50.162010,17.040340,0.880187,17.548435,8.298489,13.988382,23.544018,18.681723,26.046671,15.849926,10.373613,10.164526,37.870094,7.519234,19.876890,8064.000000,0.000000,4.000000,,,,0.000000,4.000000,4.000000,2.000000,4.000000,4.000000,4.000000,4.000000,4.000000,4.000000,4.000000,4.000000,4.000000,4.000000,4.000000,4.000000,2.000000,4.000000,4.000000,2.000000,4.000000,4.000000,4.000000,4.000000,4.000000,4.000000,4.000000,4.000000,4.000000,4.000000,4.000000,4.000000,4.000000,50.000000
1614076763.729292,99.000000,0.000000,3.898763,0.784498,-8.520466,-9.413364,-24.897709,-10.416417,-7.606359,-10.922436,-11.867981,-6.875540,0.354365,2.445449,1.696623,2.989236,5.246325,35.729809,2.083371,25.496464,6.254070,-13.992488,8.300117,5.726087,15.000035,19.930731,19.175861,23.456522,14.295615,10.363239,9.128720,34.242481,7.511715,18.831371,8064.000000,0.000000,4.000000,,,,0.000000,4.000000,4.000000,2.000000,4.000000,4.000000,4.000000,4.000000,4.000000,4.000000,4.000000,4.000000,4.000000,4.000000,4.000000,4.000000,2.000000,4.000000,4.000000,2.000000,4.000000,4.000000,4.000000,4.000000,4.000000,4.000000,4.000000,4.000000,4.000000,4.000000,4.000000,4.000000,4.000000,50.000000
1614076763.737041,100.000000,0.000000,2.356403,0.783713,-7.999125,-9.916772,-24.872810,-10.406001,-7.085932,-12.449975,-11.343293,-7.381485,-3.235733,-1.146740,-9.074305,-6.757343,-10.656357,25.437670,-5.611020,-3.246982,5.222175,-23.209265,-9.656900,-2.997587,13.959394,15.808235,14.028480,22.407425,8.640294,10.352877,10.145233,31.131315,7.504203,19.325361,8064.000000,0.000000,4.000000,,,,0.000000,4.000000,4.000000,2.000000,4.000000,4.000000,4.000000,4.000000,4.000000,4.000000,4.000000,4.000000,4.000000,4.000000,4.000000,4.000000,2.000000,4.000000,4.000000,2.000000,4.000000,4.000000,4.000000,4.000000,4.000000,4.000000,4.000000,4.000000,4.000000,4.000000,4.000000,4.000000,4.000000,50.000000
1614076763.744890,101.000000,0.000000,1.841226,1.295750,-6.965485,-9.906855,-25.360758,-9.882774,-7.078846,-12.950346,-10.819129,-11.476667,-14.514548,-8.325081,-18.808821,-21.622381,-24.491854,21.822489,-11.759254,-0.679632,-3.500996,-25.750158,-21.954935,-6.584333,8.304409,12.202683,7.347785,20.846556,4.016269,10.342524,10.135088,29.048901,7.496699,20.331676,8064.000000,0.000000,4.000000,,,,0.000000,4.000000,4.000000,2.000000,4.000000,4.000000,4.000000,4.000000,4.000000,4.000000,4.000000,4.000000,4.000000,4.000000,4.000000,4.000000,2.000000,4.000000,4.000000,2.000000,4.000000,4.000000,4.000000,4.000000,4.000000,4.000000,4.000000,4.000000,4.000000,4.000000,4.000000,4.000000,4.000000,50.000000
1614076763.752639,102.000000,0.000000,0.813743,1.294454,-12.086724,-9.384128,-28.412321,-10.898533,-7.071767,-12.424575,-15.423695,-15.054935,-19.628239,-8.829576,-17.764370,-27.754604,-17.287874,25.390409,-11.234674,22.397970,1.117889,-23.673126,-18.856058,-2.988006,9.321746,6.549455,6.314796,16.723145,3.499432,10.332181,8.073670,21.840364,7.489202,13.644678,8064.000000,0.000000,4.000000,,,,0.000000,4.000000,4.000000,2.000000,4.000000,4.000000,4.000000,4.000000,4.000000,4.000000,4.000000,4.000000,4.000000,4.000000,4.000000,4.000000,2.000000,4.000000,4.000000,2.000000,4.000000,4.000000,4.000000,4.000000,4.000000,4.000000,4.000000,4.000000,4.000000,4.000000,4.000000,4.000000,4.000000,50.000000
1614076763.760488,103.000000,0.000000,2.864212,1.293160,-18.741304,-9.374743,-32.999294,-12.938916,-5.526234,-11.386509,-18.998014,-14.527059,-11.403482,0.410023,-6.464554,-15.931978,-1.885972,32.031685,-1.992671,40.324291,23.680874,-13.905863,-9.606433,1.117547,18.543194,4.491624,7.334122,13.629498,3.495933,10.321849,6.527135,14.126217,7.481713,2.861803,8064.000000,0.000000,4.000000,,,,0.000000,4.000000,4.000000,2.000000,4.000000,4.000000,4.000000,4.000000,4.000000,4.000000,4.000000,4.000000,4.000000,4.000000,4.000000,4.000000,2.000000,4.000000,4.000000,2.000000,4.000000,4.000000,4.000000,4.000000,4.000000,4.000000,4.000000,4.000000,4.000000,4.000000,4.000000,4.000000,4.000000,50.000000
1614076763.768237,104.000000,0.000000,8.502373,1.291867,-19.748205,-12.442292,-36.556038,-14.464438,-3.469425,-9.323840,-19.491837,-14.512532,-1.135669,8.614740,3.285500,-2.582713,3.244119,34.563755,7.752912,45.412170,32.375141,-3.635547,-1.391698,10.860019,23.140034,7.051235,6.813967,14.128690,4.005257,10.311527,6.520608,13.599271,7.474231,-1.756444,8064.000000,0.000000,4.000000,,,,0.000000,4.000000,4.000000,2.000000,4.000000,4.000000,4.000000,4.000000,4.000000,4.000000,4.000000,4.000000,4.000000,4.000000,4.000000,4.000000,2.000000,4.000000,4.000000,2.000000,4.000000,4.000000,4.000000,4.000000,4.000000,4.000000,4.000000,4.000000,4.000000,4.000000,4.000000,4.000000,4.000000,50.000000
1614076763.776086,105.000000,0.000000,6.955409,1.290575,-20.754097,-17.045235,-36.519482,-13.937154,-3.465956,-4.186312,-18.446705,-16.036482,-0.108892,10.144588,5.846317,-1.041669,4.266516,42.221500,8.770800,45.879578,24.137638,-1.067809,-0.364665,20.592749,21.578432,8.069824,6.294333,14.627381,4.001252,10.301215,6.514088,14.611312,7.466757,0.296595,8064.000000,0.000000,4.000000,,,,0.000000,4.000000,4.000000,2.000000,4.000000,4.000000,4.000000,4.000000,4.000000,4.000000,4.000000,4.000000,4.000000,4.000000,4.000000,4.000000,2.000000,4.000000,4.000000,2.000000,4.000000,4.000000,4.000000,4.000000,4.000000,4.000000,4.000000,4.000000,4.000000,4.000000,4.000000,4.000000,4.000000,50.000000
1614076763.783835,106.000000,0.000000,1.307428,1.289284,-23.297445,-18.566650,-36.482960,-14.436037,-3.462490,-5.207767,-18.941078,-14.481983,-0.621604,9.621622,4.814830,-1.553447,6.313532,65.769020,5.172285,41.218315,12.831450,-2.092382,-2.415583,12.367027,21.556854,7.548934,6.288039,14.099934,1.433148,10.290914,5.481933,14.083880,7.459290,0.296298,8192.000000,0.000000,4.000000,,,,0.000000,4.000000,4.000000,2.000000,4.000000,4.000000,4.000000,4.000000,4.000000,4.000000,4.000000,4.000000,4.000000,4.000000,4.000000,4.000000,2.000000,4.000000,4.000000,2.000000,4.000000,4.000000,4.000000,4.000000,4.000000,4.000000,4.000000,4.000000,4.000000,4.000000,4.000000,4.000000,4.000000,50.000000
1614076763.791485,107.000000,0.000000,3.357403,1.287995,-19.684404,-16.496801,-36.446480,-13.395960,-3.459028,-9.305122,-19.434958,-14.467501,0.404659,9.612000,3.784374,-1.039073,6.820039,71.857101,4.654292,32.459148,8.716054,-1.577469,6.304782,7.739276,22.048119,7.028565,8.845853,14.598655,1.944535,10.280623,6.502091,14.582617,7.451831,-1.755280,8064.000000,0.000000,4.000000,,,,0.000000,4.000000,4.000000,2.000000,4.000000,4.000000,4.000000,4.000000,4.000000,4.000000,4.000000,4.000000,4.000000,4.000000,4.000000,4.000000,2.000000,4.000000,4.000000,2.000000,4.000000,4.000000,4.000000,4.000000,4.000000,4.000000,4.000000,4.000000,4.000000,4.000000,4.000000,4.000000,4.000000,50.000000
1614076763.799234,108.000000,0.000000,8.995071,1.286707,-15.049335,-16.993126,-33.333111,-10.305641,-3.455569,-3.141971,-15.825779,-15.991495,-0.108566,10.628030,1.729307,-1.038034,6.300398,44.605755,6.700920,39.093357,25.630415,-1.063071,16.554888,22.090511,22.026070,8.559998,12.939571,14.584056,6.045155,10.270343,7.008410,14.055214,7.444379,2.861860,8064.000000,0.000000,4.000000,,,,0.000000,4.000000,4.000000,2.000000,4.000000,4.000000,4.000000,4.000000,4.000000,4.000000,4.000000,4.000000,4.000000,4.000000,4.000000,4.000000,2.000000,4.000000,4.000000,2.000000,4.000000,4.000000,4.000000,4.000000,4.000000,4.000000,4.000000,4.000000,4.000000,4.000000,4.000000,4.000000,4.000000,50.000000
1614076763.806883,109.000000,0.000000,9.498897,0.772600,-16.059927,-19.027414,-29.197212,-10.295336,-3.452113,4.040658,-9.143287,-8.796017,0.917183,12.155864,1.214757,5.629670,5.781277,34.817558,6.694219,52.387596,34.835552,-3.113290,11.922948,22.581242,22.004044,13.679643,13.952272,14.569471,8.603212,10.260072,3.924479,15.579620,7.436935,14.141049,8064.000000,0.000000,4.000000,,,,0.000000,4.000000,4.000000,2.000000,4.000000,4.000000,4.000000,4.000000,4.000000,4.000000,4.000000,4.000000,4.000000,4.000000,4.000000,4.000000,2.000000,4.000000,4.000000,2.000000,4.000000,4.000000,4.000000,4.000000,4.000000,4.000000,4.000000,4.000000,4.000000,4.000000,4.000000,4.000000,4.000000,50.000000
1614076763.814632,110.000000,0.000000,8.463757,1.284648,-11.428483,-13.880182,-26.603912,-9.259399,-3.961482,5.062258,-6.570040,3.520472,5.018830,13.682169,1.213543,13.829169,6.288317,46.577614,4.123423,45.668541,16.852001,-7.212741,6.269999,4.609942,16.853834,14.691605,18.553705,16.093365,7.568968,10.249812,4.433374,23.769169,8.455139,20.280754,8064.000000,0.000000,4.000000,,,,0.000000,4.000000,4.000000,2.000000,4.000000,4.000000,4.000000,4.000000,4.000000,4.000000,4.000000,4.000000,4.000000,4.000000,4.000000,4.000000,2.000000,4.000000,4.000000,2.000000,4.000000,4.000000,4.000000,4.000000,4.000000,4.000000,4.000000,4.000000,4.000000,4.000000,4.000000,4.000000,4.000000,50.000000
1614076763.822281,111.000000,0.000000,8.968113,3.334645,-1.160644,-1.558609,-18.885000,-4.121934,-3.444700,8.646939,-7.076291,9.157977,8.090734,13.155666,1.212329,13.815340,6.282028,41.402832,3.606478,33.828003,11.706944,-9.256810,12.417575,-0.010053,14.785699,11.599990,26.740280,18.641373,7.561399,10.239562,11.095608,29.386425,10.497966,19.234833,8064.000000,0.000000,4.000000,,,,0.000000,4.000000,4.000000,2.000000,4.000000,4.000000,4.000000,4.000000,4.000000,4.000000,4.000000,4.000000,4.000000,4.000000,4.000000,4.000000,2.000000,4.000000,4.000000,2.000000,4.000000,4.000000,4.000000,4.000000,4.000000,4.000000,4.000000,4.000000,4.000000,4.000000,4.000000,4.000000,4.000000,50.000000
1614076763.830030,112.000000,0.000000,9.471966,5.382593,-1.159483,2.032693,-12.712269,-3.604992,-2.928434,4.535728,-7.069215,9.148819,6.031362,13.655332,1.211117,11.237422,5.762926,45.976814,4.628513,43.024940,25.028570,-9.760374,15.994902,4.092521,17.335016,12.614031,30.303284,19.648373,8.066658,10.229322,12.110153,29.869860,11.513109,18.702778,8064.000000,0.000000,4.000000,,,,0.000000,4.000000,4.000000,2.000000,4.000000,4.000000,4.000000,4.000000,4.000000,4.000000,4.000000,4.000000,4.000000,4.000000,4.000000,4.000000,2.000000,4.000000,4.000000,2.000000,4.000000,4.000000,4.000000,4.000000,4.000000,4.000000,4.000000,4.000000,4.000000,4.000000,4.000000,4.000000,4.000000,50.000000
1614076763.837679,113.000000,0.000000,8.949674,4.864389,-9.363452,-4.123186,-21.930326,-10.780874,-4.976788,-9.827782,-10.139069,4.011465,2.435587,13.641676,1.722726,9.687723,6.269983,73.623146,4.623885,55.289608,18.849695,-8.724973,14.440445,4.088429,16.292040,15.678340,29.760159,14.500519,8.058592,10.219093,6.457017,29.327169,9.963134,17.145613,8192.000000,0.000000,4.000000,,,,0.000000,4.000000,4.000000,2.000000,4.000000,4.000000,4.000000,4.000000,4.000000,4.000000,4.000000,4.000000,4.000000,4.000000,4.000000,4.000000,2.000000,4.000000,4.000000,2.000000,4.000000,4.000000,4.000000,4.000000,4.000000,4.000000,4.000000,4.000000,4.000000,4.000000,4.000000,4.000000,4.000000,50.000000
1614076763.845429,114.000000,0.000000,8.940723,4.859525,-12.431011,-6.683166,-34.728909,-14.872658,-6.510273,-11.356416,-14.231494,-8.300239,0.381869,13.115213,1.208183,3.524189,6.776534,68.934135,3.593620,46.003551,12.164179,-5.639324,14.938825,8.699725,13.711645,15.149840,27.679117,5.768070,7.537713,10.208875,5.424920,29.297842,7.901889,11.487442,8064.000000,0.000000,4.000000,,,,0.000000,4.000000,4.000000,2.000000,4.000000,4.000000,4.000000,4.000000,4.000000,4.000000,4.000000,4.000000,4.000000,4.000000,4.000000,4.000000,2.000000,4.000000,4.000000,2.000000,4.000000,4.000000,4.000000,4.000000,4.000000,4.000000,4.000000,4.000000,4.000000,4.000000,4.000000,4.000000,4.000000,50.000000
1614076763.853078,115.000000,0.000000,8.931783,4.854665,-10.880119,-5.650841,-36.745461,-13.832144,-4.965301,-3.652751,-14.730083,-15.984246,0.894308,14.127740,2.232616,-1.094720,2.667193,36.557510,4.615667,21.342163,20.357143,-6.146505,8.770040,9.716666,14.210753,16.160332,21.497591,2.685379,5.478893,10.198666,6.957956,26.704441,6.868346,7.373390,8064.000000,0.000000,4.000000,,,,0.000000,4.000000,4.000000,2.000000,4.000000,4.000000,4.000000,4.000000,4.000000,4.000000,4.000000,4.000000,4.000000,4.000000,4.000000,4.000000,2.000000,4.000000,4.000000,2.000000,4.000000,4.000000,4.000000,4.000000,4.000000,4.000000,4.000000,4.000000,4.000000,4.000000,4.000000,4.000000,4.000000,50.000000
1614076763.860927,116.000000,0.000000,9.435672,4.849811,-11.382059,-5.645190,-34.657433,-13.818312,-2.909054,-4.674739,-14.202532,-14.429800,0.380593,13.087971,2.743204,-2.632087,-2.976500,26.777363,5.123872,6.449026,10.593196,-11.268564,-5.597704,-1.575102,13.683722,15.118530,15.322248,3.708334,4.447773,10.188467,6.438178,25.139275,7.374298,7.366017,8064.000000,0.000000,4.000000,,,,0.000000,4.000000,4.000000,2.000000,4.000000,4.000000,4.000000,4.000000,4.000000,4.000000,4.000000,4.000000,4.000000,4.000000,4.000000,4.000000,2.000000,4.000000,4.000000,2.000000,4.000000,4.000000,4.000000,4.000000,4.000000,4.000000,4.000000,4.000000,4.000000,4.000000,4.000000,4.000000,4.000000,50.000000
1614076763.868676,117.000000,0.000000,7.887774,4.844961,-12.396318,-5.639545,-36.161240,-14.317314,-2.906144,-6.721347,-18.803715,-13.902550,-6.799275,6.921037,-2.900565,-7.244839,-6.050446,35.468533,1.016184,13.109243,-6.853295,-16.385500,-13.797235,-7.727373,11.105936,4.847002,13.768464,2.166165,4.443325,10.178278,5.918919,25.626957,7.366924,7.871471,8064.000000,0.000000,4.000000,,,,0.000000,4.000000,4.000000,2.000000,4.000000,4.000000,4.000000,4.000000,4.000000,4.000000,4.000000,4.000000,4.000000,4.000000,4.000000,4.000000,2.000000,4.000000,4.000000,2.000000,4.000000,4.000000,4.000000,4.000000,4.000000,4.000000,4.000000,4.000000,4.000000,4.000000,4.000000,4.000000,4.000000,50.000000
1614076763.876525,118.000000,0.000000,5.828605,4.840116,-11.358281,-6.659547,-36.125076,-14.302997,-3.416059,-7.740267,-22.374655,-17.478392,-11.407860,1.785910,-9.051511,-11.852979,-6.044396,40.048450,-3.600217,26.942287,-0.692596,-17.907578,-12.244976,-5.668363,10.069189,-4.388615,13.754696,6.266562,3.413241,10.168100,6.425820,25.601330,6.846736,7.350779,8192.000000,0.000000,4.000000,,,,0.000000,4.000000,4.000000,2.000000,4.000000,4.000000,4.000000,4.000000,4.000000,4.000000,4.000000,4.000000,4.000000,4.000000,4.000000,4.000000,2.000000,4.000000,4.000000,2.000000,4.000000,4.000000,4.000000,4.000000,4.000000,4.000000,4.000000,4.000000,4.000000,4.000000,4.000000,4.000000,4.000000,50.000000
1614076763.884274,119.000000,0.000000,4.797135,4.835276,-10.834103,-6.140067,-35.576130,-13.775873,-3.412643,-11.835091,-22.352280,-18.486553,-10.370811,2.809766,-10.068100,-11.841126,-4.499890,39.495583,-3.083796,28.453808,8.538866,-15.325566,-7.104526,-3.611413,10.059120,-3.358585,13.740941,16.516706,4.435469,10.157932,6.419394,25.575729,7.865531,7.343429,8064.000000,0.000000,4.000000,,,,0.000000,4.000000,4.000000,2.000000,4.000000,4.000000,4.000000,4.000000,4.000000,4.000000,4.000000,4.000000,4.000000,4.000000,4.000000,4.000000,2.000000,4.000000,4.000000,2.000000,4.000000,4.000000,4.000000,4.000000,4.000000,4.000000,4.000000,4.000000,4.000000,4.000000,4.000000,4.000000,4.000000,50.000000
1614076763.892123,120.000000,0.000000,5.305158,4.830441,-12.874550,-3.057003,-35.540554,-10.685174,-2.896410,-10.797614,-21.304285,-17.442427,-14.463005,1.781315,-12.622134,-13.880567,-7.572313,20.481726,-5.131994,19.707405,3.402122,-19.925625,-9.661524,-0.018058,11.074702,0.747338,14.752841,19.577112,4.943853,10.660595,6.412975,26.575794,10.934588,7.848906,8064.000000,0.000000,4.000000,,,,0.000000,4.000000,4.000000,2.000000,4.000000,4.000000,4.000000,4.000000,4.000000,4.000000,4.000000,4.000000,4.000000,4.000000,4.000000,4.000000,2.000000,4.000000,4.000000,2.000000,4.000000,4.000000,4.000000,4.000000,4.000000,4.000000,4.000000,4.000000,4.000000,4.000000,4.000000,4.000000,4.000000,50.000000
1614076763.899872,121.000000,0.000000,5.299853,4.825610,-14.912958,-5.618049,-35.505016,-9.136027,-3.406334,-8.735535,-21.795803,-18.450624,-21.628029,-4.887133,-19.276178,-18.994892,-21.923716,-1.077217,-13.844811,6.867185,-2.242306,-38.880058,-22.472376,-2.582142,9.525166,0.746591,12.686806,15.454971,-2.753398,9.624293,6.406562,26.036398,10.923654,7.841057,8064.000000,0.000000,4.000000,,,,0.000000,4.000000,4.000000,2.000000,4.000000,4.000000,4.000000,4.000000,4.000000,4.000000,4.000000,4.000000,4.000000,4.000000,4.000000,4.000000,2.000000,4.000000,4.000000,2.000000,4.000000,4.000000,4.000000,4.000000,4.000000,4.000000,4.000000,4.000000,4.000000,4.000000,4.000000,4.000000,4.000000,50.000000
1614076763.907721,122.000000,0.000000,3.756092,4.820785,-14.898045,-12.279098,-35.469509,-11.690994,-9.556773,-15.906286,-21.774006,-20.996277,-22.632042,-8.984810,-20.795364,-20.001537,-27.542816,10.205912,-19.984812,7.885958,-1.727243,-45.507847,-22.449903,-14.887253,4.387435,-1.305438,10.622837,13.901054,-9.930132,6.537745,6.400156,24.471899,11.425550,7.833216,8064.000000,0.000000,4.000000,,,,0.000000,4.000000,4.000000,2.000000,4.000000,4.000000,4.000000,4.000000,4.000000,4.000000,4.000000,4.000000,4.000000,4.000000,4.000000,4.000000,2.000000,4.000000,4.000000,2.000000,4.000000,4.000000,4.000000,4.000000,4.000000,4.000000,4.000000,4.000000,4.000000,4.000000,4.000000,4.000000,4.000000,50.000000
1614076763.915470,123.000000,0.000000,1.701054,4.815964,-17.960070,-14.318101,-35.434040,-13.730585,-14.162601,-22.557047,-21.752232,-22.000921,-22.096590,-9.488646,-16.672005,-18.955894,-11.617838,36.349552,-16.375084,35.057560,10.069356,-21.872595,-4.991556,-10.256981,3.870228,-3.355415,11.125035,15.938436,-4.791996,6.531208,6.393755,26.498709,12.439766,8.338202,8064.000000,0.000000,4.000000,,,,0.000000,4.000000,4.000000,2.000000,4.000000,4.000000,4.000000,4.000000,4.000000,4.000000,4.000000,4.000000,4.000000,4.000000,4.000000,4.000000,2.000000,4.000000,4.000000,2.000000,4.000000,4.000000,4.000000,4.000000,4.000000,4.000000,4.000000,4.000000,4.000000,4.000000,4.000000,4.000000,4.000000,50.000000
1614076763.923319,124.000000,0.000000,1.186532,4.811148,-22.557495,-12.765321,-35.398605,-13.204034,-12.097157,-22.021669,-21.730480,-21.466101,-21.561672,-7.940696,-13.578410,-18.424118,5.829677,45.031151,-7.127940,52.458401,18.264416,-2.876363,1.167282,4.625071,10.020204,-1.813598,8.549808,14.384036,1.366642,7.037497,6.387362,24.420929,7.299121,7.817044,8064.000000,0.000000,4.000000,,,,0.000000,4.000000,4.000000,2.000000,4.000000,4.000000,4.000000,4.000000,4.000000,4.000000,4.000000,4.000000,4.000000,4.000000,4.000000,4.000000,2.000000,4.000000,4.000000,2.000000,4.000000,4.000000,4.000000,4.000000,4.000000,4.000000,4.000000,4.000000,4.000000,4.000000,4.000000,4.000000,4.000000,50.000000
1614076763.931068,125.000000,0.000000,1.698166,4.806337,-23.047758,-13.265376,-35.363209,-15.242112,-10.546598,-20.461185,-21.708750,-20.931812,-17.437546,-6.394293,-12.539190,-15.841592,8.387950,43.447659,-1.479786,31.893120,4.912817,-10.565794,-8.577475,-0.507759,9.497363,0.752318,3.925873,4.626062,-1.198828,3.953537,6.380974,8.499072,-1.938947,5.245124,8064.000000,0.000000,4.000000,,,,0.000000,4.000000,4.000000,2.000000,4.000000,4.000000,4.000000,4.000000,4.000000,4.000000,4.000000,4.000000,4.000000,4.000000,4.000000,4.000000,2.000000,4.000000,4.000000,2.000000,4.000000,4.000000,4.000000,4.000000,4.000000,4.000000,4.000000,4.000000,4.000000,4.000000,4.000000,4.000000,4.000000,50.000000
1614076763.938917,126.000000,0.000000,1.696468,4.801530,-22.511889,-13.764932,-35.327843,-17.790972,-10.536052,-16.850981,-21.687040,-21.423702,-13.317545,-4.849438,-13.039472,-14.800109,4.789818,34.686260,-3.529588,20.579176,-0.733121,-20.811638,-11.645821,-12.302123,-0.255724,-1.812536,2.383486,-4.609333,-3.761731,-0.665802,6.374593,-1.765837,-5.013931,3.701418,8064.000000,0.000000,4.000000,,,,0.000000,4.000000,4.000000,2.000000,4.000000,4.000000,4.000000,4.000000,4.000000,4.000000,4.000000,4.000000,4.000000,4.000000,4.000000,4.000000,2.000000,4.000000,4.000000,2.000000,4.000000,4.000000,4.000000,4.000000,4.000000,4.000000,4.000000,4.000000,4.000000,4.000000,4.000000,4.000000,4.000000,50.000000
1614076763.946666,127.000000,0.000000,1.694771,4.796729,-23.002197,-13.238346,-35.292515,-17.773182,-8.474234,-13.244387,-21.665354,-21.402279,-13.817048,-4.844588,-12.513612,-15.298130,3.246567,32.087475,-7.115802,38.507317,14.652227,-19.252365,-7.018790,-9.212898,-5.383674,-6.938929,3.406743,-3.066262,-3.245149,-1.690777,6.368219,8.492339,-3.470456,4.210537,8064.000000,0.000000,4.000000,,,,0.000000,4.000000,4.000000,2.000000,4.000000,4.000000,4.000000,4.000000,4.000000,4.000000,4.000000,4.000000,4.000000,4.000000,4.000000,4.000000,2.000000,4.000000,4.000000,2.000000,4.000000,4.000000,4.000000,4.000000,4.000000,4.000000,4.000000,4.000000,4.000000,4.000000,4.000000,4.000000,4.000000,50.000000
1614076763.954515,0.000000,0.000000,1.693077,5.304753,-22.979195,-12.712287,-35.257225,-17.242588,-6.414477,-13.231142,-21.643688,-20.868055,-13.803230,-4.839744,-11.475457,-14.770011,5.294602,46.414360,-4.544584,32.827782,12.073473,-17.181831,-6.498951,-5.613941,-3.839828,-6.931990,2.890516,2.065009,-2.729084,-0.663445,6.361851,18.227436,-3.979806,3.693506,0.000000,163.000000,4.000000,,,,0.000000,4.000000,4.000000,2.000000,4.000000,4.000000,4.000000,4.000000,4.000000,4.000000,4.000000,4.000000,4.000000,4.000000,4.000000,4.000000,2.000000,4.000000,4.000000,2.000000,4.000000,4.000000,4.000000,4.000000,4.000000,4.000000,4.000000,4.000000,4.000000,4.000000,4.000000,4.000000,4.000000,50.000000
1614076763.962264,1.000000,0.000000,2.204204,3.760986,-22.956217,-14.750856,-34.709145,-17.738165,-6.920883,-13.217911,-21.622046,-21.872828,-13.789428,-4.834904,-14.540905,-16.293703,2.212385,39.188457,-6.591321,3.051364,-6.912960,-24.344135,-10.082195,-7.659609,-3.835989,-3.335315,2.887625,3.088585,-2.726354,-0.662782,6.355489,15.132286,-4.488647,4.202633,0.000000,198.000000,4.000000,,,,0.000000,4.000000,4.000000,2.000000,4.000000,4.000000,4.000000,4.000000,4.000000,4.000000,4.000000,4.000000,4.000000,4.000000,4.000000,4.000000,2.000000,4.000000,4.000000,2.000000,4.000000,4.000000,4.000000,4.000000,4.000000,4.000000,4.000000,4.000000,4.000000,4.000000,4.000000,4.000000,4.000000,50.000000
1614076763.970113,2.000000,0.000000,0.663538,1.705943,-22.933260,-16.787388,-35.187260,-17.207607,-6.913962,-14.743155,-21.600422,-24.415058,-16.339741,-4.317248,-21.193031,-20.379972,-15.225725,6.841578,-20.430883,-3.105533,-9.470149,-36.114662,-14.174678,-7.651950,-4.344973,-3.844800,3.397558,3.598317,-5.800551,-1.174939,6.349133,13.065871,-3.458517,4.198431,0.000000,198.000000,4.000000,,,,0.000000,4.000000,4.000000,2.000000,4.000000,4.000000,4.000000,4.000000,4.000000,4.000000,4.000000,4.000000,4.000000,4.000000,4.000000,4.000000,2.000000,4.000000,4.000000,2.000000,4.000000,4.000000,4.000000,4.000000,4.000000,4.000000,4.000000,4.000000,4.000000,4.000000,4.000000,4.000000,4.000000,50.000000
1614076763.977862,3.000000,0.000000,-1.388407,0.678596,-19.833405,-14.719318,-35.152069,-17.190399,-6.907048,-17.805334,-21.578823,-25.416285,-18.374683,-4.825752,-24.248760,-22.410875,-29.056654,7.347557,-29.128403,5.102701,-7.409397,-41.206753,-15.698964,-8.157119,-4.340628,-6.405057,2.881340,3.081898,-10.410135,-0.660944,6.342784,15.104088,-4.480700,3.681411,0.000000,168.000000,4.000000,,,,0.000000,4.000000,4.000000,2.000000,4.000000,4.000000,4.000000,4.000000,4.000000,4.000000,4.000000,4.000000,4.000000,4.000000,4.000000,4.000000,2.000000,4.000000,4.000000,2.000000,4.000000,4.000000,4.000000,4.000000,4.000000,4.000000,4.000000,4.000000,4.000000,4.000000,4.000000,4.000000,4.000000,50.000000
1614076763.985711,4.000000,0.000000,-2.412660,1.190738,-14.172544,-12.653317,-32.552814,-17.686029,-6.900141,-17.274708,-21.557243,-24.878048,-17.843487,-6.359387,-23.711691,-19.824362,-27.489136,34.519695,-23.971069,12.277085,-5.863526,-32.960419,-13.631983,-6.097679,-3.310647,-7.424294,3.391279,3.591637,-10.912545,-1.173103,6.336442,15.088984,-4.476219,6.241833,0.000000,190.000000,4.000000,,,,0.000000,4.000000,4.000000,2.000000,4.000000,4.000000,4.000000,4.000000,4.000000,4.000000,4.000000,4.000000,4.000000,4.000000,4.000000,4.000000,2.000000,4.000000,4.000000,2.000000,4.000000,4.000000,4.000000,4.000000,4.000000,4.000000,4.000000,4.000000,4.000000,4.000000,4.000000,4.000000,4.000000,50.000000
1614076763.993460,5.000000,0.000000,-2.410247,1.189548,-8.004526,-12.640664,-30.981802,-16.642702,-6.893241,-18.283075,-21.535686,-24.340349,-17.825644,-8.404310,-23.687981,-18.266075,-27.461645,35.510818,-20.357353,27.649424,11.065414,-23.696690,-7.977325,-0.963376,-1.256054,-3.827126,5.951991,10.767532,-7.824710,-0.659110,6.330105,14.048253,2.707745,10.338155,0.000000,198.000000,4.000000,,,,0.000000,4.000000,4.000000,2.000000,4.000000,4.000000,4.000000,4.000000,4.000000,4.000000,4.000000,4.000000,4.000000,4.000000,4.000000,4.000000,2.000000,4.000000,4.000000,2.000000,4.000000,4.000000,4.000000,4.000000,4.000000,4.000000,4.000000,4.000000,4.000000,4.000000,4.000000,4.000000,4.000000,50.000000
1614076764.001309,6.000000,0.000000,-1.895017,0.675537,-4.406778,-13.140843,-31.463640,-14.574778,-7.399168,-21.341715,-21.514151,-25.341650,-17.807819,-8.395905,-24.177113,-18.760630,-26.921364,34.449665,-20.849817,34.288441,26.951784,-23.160172,-3.866784,-0.962413,0.283664,1.304907,7.484500,14.346508,-6.791244,-0.658451,6.323775,14.547026,8.346063,11.866279,0.000000,187.000000,4.000000,,,,0.000000,4.000000,4.000000,2.000000,4.000000,4.000000,4.000000,4.000000,4.000000,4.000000,4.000000,4.000000,4.000000,4.000000,4.000000,4.000000,2.000000,4.000000,4.000000,2.000000,4.000000,4.000000,4.000000,4.000000,4.000000,4.000000,4.000000,4.000000,4.000000,4.000000,4.000000,4.000000,4.000000,50.000000
1614076764.009058,7.000000,0.000000,-1.893121,1.187682,-3.889551,-13.127703,-31.432177,-13.534562,-6.878949,-13.628066,-21.492636,-24.803488,-15.738729,-8.387510,-23.640114,-19.254690,-8.945724,47.748550,-14.162300,30.664408,25.899193,-17.495987,-3.350097,1.602652,-0.229440,4.380525,6.964195,7.152675,-6.784453,-1.683433,6.317451,14.532478,6.799255,11.341592,0.000000,147.000000,4.000000,,,,0.000000,4.000000,4.000000,2.000000,4.000000,4.000000,4.000000,4.000000,4.000000,4.000000,4.000000,4.000000,4.000000,4.000000,4.000000,4.000000,2.000000,4.000000,4.000000,2.000000,4.000000,4.000000,4.000000,4.000000,4.000000,4.000000,4.000000,4.000000,4.000000,4.000000,4.000000,4.000000,4.000000,50.000000
1614076764.016707,8.000000,0.000000,-2.916869,1.186495,-3.885661,-11.063293,-28.323822,-11.982566,-3.795146,-0.793925,-21.471144,-20.676119,-14.184528,-8.379123,-23.616474,-17.696974,7.473478,44.111057,-6.455831,40.377335,18.693806,-3.632337,-3.859567,9.806177,-0.229211,4.888965,6.957231,3.042958,-7.290489,-0.143288,6.311133,15.030766,9.356558,11.330250,0.000000,169.000000,4.000000,,,,0.000000,4.000000,4.000000,2.000000,4.000000,4.000000,4.000000,4.000000,4.000000,4.000000,4.000000,4.000000,4.000000,4.000000,4.000000,4.000000,2.000000,4.000000,4.000000,2.000000,4.000000,4.000000,4.000000,4.000000,4.000000,4.000000,4.000000,4.000000,4.000000,4.000000,4.000000,4.000000,4.000000,50.000000
1614076764.024457,9.000000,0.000000,-1.375491,0.672488,-3.881775,-9.000948,-27.269857,-9.919301,-0.201608,1.770972,-21.449673,-17.065701,-13.657523,-8.370743,-23.592857,-15.627995,4.389081,39.964382,-5.423734,48.542084,13.034086,1.499501,-3.342887,6.206628,-0.228982,4.371255,6.950274,6.629659,-6.257557,4.472239,6.304822,14.502915,17.552330,11.831740,0.000000,198.000000,4.000000,,,,0.000000,4.000000,4.000000,2.000000,4.000000,4.000000,4.000000,4.000000,4.000000,4.000000,4.000000,4.000000,4.000000,4.000000,4.000000,4.000000,2.000000,4.000000,4.000000,2.000000,4.000000,4.000000,4.000000,4.000000,4.000000,4.000000,4.000000,4.000000,4.000000,4.000000,4.000000,4.000000,4.000000,50.000000
1614076764.032106,10.000000,0.000000,3.241269,1.184636,-3.877894,-10.530408,-27.242586,-9.396562,0.824235,-2.333363,-21.428223,-17.048634,-13.643866,-8.362372,-23.569265,-14.586726,-3.307616,47.103905,-5.931130,30.032003,6.354385,-10.296870,-5.390826,-5.081630,-0.228753,4.879704,6.943324,7.648670,-3.687197,7.031870,6.298518,13.462771,18.047598,11.307088,0.000000,208.000000,4.000000,,,,0.000000,4.000000,4.000000,2.000000,4.000000,4.000000,4.000000,4.000000,4.000000,4.000000,4.000000,4.000000,4.000000,4.000000,4.000000,4.000000,4.000000,4.000000,4.000000,2.000000,4.000000,4.000000,4.000000,4.000000,4.000000,4.000000,4.000000,4.000000,4.000000,4.000000,4.000000,4.000000,4.000000,66.666664
1614076764.039855,11.000000,0.000000,5.802130,3.747554,-4.386836,-13.083981,-27.728165,-9.899985,0.310590,-3.869492,-21.406796,-17.544407,-15.681504,-8.354011,-23.545696,-15.084960,-5.868411,29.108084,-7.463661,3.848126,2.758287,-25.158369,-7.436718,-1.999625,-0.228524,4.874825,6.936380,8.153842,-2.657869,6.512017,6.292219,15.500590,14.439807,11.295781,0.000000,200.000000,4.000000,,,,0.000000,4.000000,4.000000,2.000000,4.000000,4.000000,4.000000,4.000000,4.000000,4.000000,4.000000,4.000000,4.000000,4.000000,4.000000,4.000000,4.000000,4.000000,4.000000,2.000000,4.000000,4.000000,4.000000,4.000000,4.000000,4.000000,4.000000,4.000000,4.000000,4.000000,4.000000,4.000000,4.000000,66.666664
1614076764.047504,12.000000,0.000000,5.283508,5.282268,-4.382450,-13.070896,-28.213257,-9.890085,0.310279,-5.404084,-21.385387,-17.014042,-17.717104,-8.858477,-24.547791,-15.582695,-12.529209,9.078975,-9.507479,-4.873671,0.704247,-31.799877,-7.942101,4.156220,-0.741116,4.357130,6.929444,9.684150,-3.168032,6.505506,6.285927,14.972270,14.938188,11.284485,0.000000,187.000000,4.000000,,,,0.000000,4.000000,4.000000,2.000000,4.000000,4.000000,4.000000,4.000000,4.000000,4.000000,4.000000,4.000000,4.000000,4.000000,4.000000,4.000000,4.000000,4.000000,4.000000,2.000000,4.000000,4.000000,4.000000,4.000000,4.000000,4.000000,4.000000,4.000000,4.000000,4.000000,4.000000,4.000000,4.000000,66.666664
1614076764.055253,13.000000,0.000000,5.278224,4.764165,-4.378067,-13.057825,-27.672224,-9.880196,0.822790,-6.937141,-21.876823,-17.509848,-18.725029,-9.362438,-24.010424,-16.079933,-17.132065,25.480152,-10.010792,6.926075,-0.834919,-30.742435,-7.934159,3.126423,-0.740375,4.352772,6.922514,5.059081,-3.164864,7.011820,6.279641,7.264990,13.384788,11.273200,0.000000,208.000000,4.000000,,,,0.000000,4.000000,4.000000,2.000000,4.000000,4.000000,4.000000,4.000000,4.000000,4.000000,4.000000,4.000000,4.000000,4.000000,4.000000,4.000000,4.000000,4.000000,4.000000,2.000000,4.000000,4.000000,4.000000,4.000000,4.000000,4.000000,4.000000,4.000000,4.000000,4.000000,4.000000,4.000000,4.000000,66.666664
1614076764.062902,14.000000,0.000000,5.785767,4.759401,-4.373689,-13.044767,-27.131731,-9.870315,0.309146,-6.930204,-21.342125,-17.492338,-18.193483,-8.327435,-19.883848,-15.038212,-16.089291,36.223904,-10.513602,22.816584,0.191557,-31.224514,-7.413404,4.661758,-0.226814,4.348420,7.428412,-0.587004,-2.648878,6.491988,6.273361,4.180802,8.243198,11.261928,0.000000,204.000000,4.000000,,,,0.000000,4.000000,4.000000,2.000000,4.000000,4.000000,4.000000,4.000000,4.000000,4.000000,4.000000,4.000000,4.000000,4.000000,4.000000,4.000000,4.000000,4.000000,4.000000,2.000000,4.000000,4.000000,4.000000,4.000000,4.000000,4.000000,4.000000,4.000000,4.000000,4.000000,4.000000,4.000000,4.000000,66.666664
1614076764.070651,15.000000,0.000000,5.779981,4.754642,-4.369315,-13.031723,-28.643061,-9.347624,0.308837,-6.923274,-21.320784,-17.474846,-16.636827,-7.806287,-20.376785,-13.997533,-17.098843,24.392807,-12.554370,20.742485,0.191366,-32.218929,-6.380350,0.041712,-0.739408,4.344071,5.369702,-0.586417,-3.159050,6.485496,4.215806,9.817646,6.183673,11.250666,0.000000,201.000000,4.000000,,,,0.000000,4.000000,4.000000,2.000000,4.000000,4.000000,4.000000,4.000000,4.000000,4.000000,4.000000,4.000000,4.000000,4.000000,4.000000,4.000000,4.000000,4.000000,4.000000,2.000000,4.000000,4.000000,4.000000,4.000000,4.000000,4.000000,4.000000,4.000000,4.000000,4.000000,4.000000,4.000000,4.000000,66.666664
1614076764.078301,16.000000,0.000000,5.774201,4.749887,-4.877767,-13.531511,-25.537495,-9.851097,0.308528,-4.865068,-22.325104,-17.970192,-15.594550,-9.336943,-19.843588,-15.521996,-11.440719,30.522261,-11.516175,19.183281,-0.321646,-22.955942,-7.912431,-6.624997,0.799793,4.852548,3.825871,0.439810,-3.155891,6.479011,2.673129,8.269367,7.203130,11.239414,0.000000,204.000000,4.000000,,,,0.000000,4.000000,4.000000,2.000000,4.000000,4.000000,4.000000,4.000000,4.000000,4.000000,4.000000,4.000000,4.000000,4.000000,4.000000,4.000000,4.000000,4.000000,4.000000,2.000000,4.000000,4.000000,4.000000,4.000000,4.000000,4.000000,4.000000,4.000000,4.000000,4.000000,4.000000,4.000000,4.000000,66.666664
1614076764.086050,17.000000,0.000000,5.255606,4.745137,-4.360068,-10.953877,-17.306828,-9.841246,0.308220,-0.757639,-20.764317,-16.926580,-13.014853,-3.686580,-6.490411,-10.378270,5.493799,48.953278,-9.453377,43.779484,8.396625,-4.984269,-6.878878,6.714962,5.414378,4.334875,3.309224,-0.586270,-1.101453,6.472532,2.670455,3.132893,7.195927,10.715355,0.000000,201.000000,4.000000,,,,0.000000,4.000000,4.000000,2.000000,4.000000,4.000000,4.000000,4.000000,4.000000,4.000000,4.000000,4.000000,4.000000,4.000000,4.000000,4.000000,4.000000,4.000000,4.000000,2.000000,4.000000,4.000000,4.000000,4.000000,4.000000,4.000000,4.000000,4.000000,4.000000,4.000000,4.000000,4.000000,4.000000,66.666664
1614076764.093699,18.000000,0.000000,5.250350,4.740392,-1.791605,-6.840360,-11.135675,-6.241661,0.307912,1.294401,-14.076886,-14.345551,-2.232607,10.676081,9.926336,6.042365,16.770357,53.006889,-9.956744,53.479294,16.593355,4.764306,1.333129,21.580042,10.537169,5.869001,3.305915,-0.585684,0.950931,6.466059,2.667785,10.309247,6.675910,10.704639,0.000000,221.000000,4.000000,,,,0.000000,4.000000,4.000000,2.000000,4.000000,4.000000,4.000000,4.000000,4.000000,4.000000,4.000000,4.000000,4.000000,4.000000,4.000000,4.000000,4.000000,4.000000,4.000000,2.000000,4.000000,4.000000,4.000000,4.000000,4.000000,4.000000,4.000000,4.000000,4.000000,4.000000,4.000000,4.000000,4.000000,66.666664
1614076764.101448,19.000000,0.000000,5.757921,4.735651,-0.251352,-5.295058,-11.637361,-2.132855,0.307604,1.293106,-9.447425,-13.305564,5.974753,15.793610,10.429230,11.164528,11.625381,52.953880,-9.946787,29.323250,8.371634,1.682618,0.818976,15.917436,11.552273,8.427235,4.328250,-0.072278,-0.588482,6.459593,2.665117,16.452784,7.182055,11.206756,0.000000,203.000000,4.000000,,,,0.000000,4.000000,4.000000,2.000000,4.000000,4.000000,4.000000,4.000000,4.000000,4.000000,4.000000,4.000000,4.000000,4.000000,4.000000,4.000000,4.000000,4.000000,4.000000,2.000000,4.000000,4.000000,4.000000,4.000000,4.000000,4.000000,4.000000,4.000000,4.000000,4.000000,4.000000,4.000000,4.000000,66.666664
1614076764.109097,20.000000,0.000000,2.675240,4.730916,-1.276742,-5.802583,-15.728287,-5.207645,0.307296,-0.246649,-9.950798,-13.805079,-3.261991,4.495765,-1.376071,-3.718432,-0.181116,52.900928,-9.936840,23.652901,0.158134,-8.062654,-12.515177,7.696390,7.438156,7.393167,1.246999,-0.072206,-3.151996,6.965954,2.149632,10.795305,7.174873,10.169908,0.000000,202.000000,4.000000,,,,0.000000,4.000000,4.000000,2.000000,4.000000,4.000000,4.000000,4.000000,4.000000,4.000000,4.000000,4.000000,4.000000,4.000000,4.000000,4.000000,4.000000,4.000000,4.000000,2.000000,4.000000,4.000000,4.000000,4.000000,4.000000,4.000000,4.000000,4.000000,4.000000,4.000000,4.000000,4.000000,4.000000,66.666664
1614076764.116846,21.000000,0.000000,-1.942820,4.726185,-0.249824,-5.796781,-19.302301,-10.330643,0.306989,-2.297684,-10.453668,-13.791274,-16.592062,-5.252320,-10.092644,-17.560867,-9.924524,42.078796,-9.926904,36.962582,6.311822,-15.746900,-19.682148,1.022027,1.789693,1.231927,-5.933735,-0.072133,-3.148844,4.907706,2.147482,6.681946,7.167698,11.698199,0.000000,193.000000,4.000000,,,,0.000000,4.000000,4.000000,2.000000,4.000000,4.000000,4.000000,4.000000,4.000000,4.000000,4.000000,4.000000,4.000000,4.000000,4.000000,4.000000,4.000000,4.000000,4.000000,2.000000,4.000000,4.000000,4.000000,4.000000,4.000000,4.000000,4.000000,4.000000,4.000000,4.000000,4.000000,4.000000,4.000000,66.666664
1614076764.124495,22.000000,0.000000,-2.966518,4.721458,2.314528,-5.278163,-20.308641,-10.320313,0.306682,-3.321027,-9.930393,-13.264663,-18.626751,-4.734248,-12.133833,-18.568947,-12.478703,22.036716,-9.916977,24.105106,6.305511,-18.295256,-18.124004,-6.671302,-0.776200,-2.871869,-8.491904,-0.072061,-3.145695,2.851516,2.658155,10.265008,7.160531,15.789065,0.000000,191.000000,4.000000,,,,0.000000,4.000000,4.000000,2.000000,4.000000,4.000000,4.000000,4.000000,4.000000,4.000000,4.000000,4.000000,4.000000,4.000000,4.000000,4.000000,4.000000,4.000000,4.000000,2.000000,4.000000,4.000000,4.000000,4.000000,4.000000,4.000000,4.000000,4.000000,4.000000,4.000000,4.000000,4.000000,4.000000,66.666664
1614076764.132344,23.000000,0.000000,0.113371,4.716737,3.337855,-6.298526,-21.313972,-9.284351,0.306375,-2.804886,-9.920463,-13.764218,-16.556843,-4.216693,-12.634520,-18.037558,-11.953403,10.732628,-9.907060,-1.047204,-8.572590,-22.379524,-18.105881,0.514856,-0.262603,-2.868997,-7.457771,-0.584810,-3.142550,2.335844,2.142676,9.229102,6.640550,18.337379,0.000000,217.000000,4.000000,,,,0.000000,4.000000,4.000000,2.000000,4.000000,4.000000,4.000000,4.000000,4.000000,4.000000,4.000000,4.000000,4.000000,4.000000,4.000000,4.000000,4.000000,4.000000,4.000000,2.000000,4.000000,4.000000,4.000000,4.000000,4.000000,4.000000,4.000000,4.000000,4.000000,4.000000,4.000000,4.000000,4.000000,66.666664
1614076764.140093,24.000000,0.000000,1.651719,4.712020,2.821696,-5.266587,-23.856762,-10.300708,0.306069,-2.802081,-10.423363,-13.750454,-18.078747,-5.238117,-13.134706,-19.557981,-12.454270,16.875742,-9.897153,-1.558977,-15.743505,-29.536631,-18.600595,4.616905,-0.262340,-2.866128,-7.963134,-0.071404,-3.139407,2.846329,2.140534,6.655770,8.685191,19.344683,0.000000,194.000000,4.000000,,,,0.000000,4.000000,4.000000,2.000000,4.000000,4.000000,4.000000,4.000000,4.000000,4.000000,4.000000,4.000000,4.000000,4.000000,4.000000,4.000000,4.000000,4.000000,4.000000,2.000000,4.000000,4.000000,4.000000,4.000000,4.000000,4.000000,4.000000,4.000000,4.000000,4.000000,4.000000,4.000000,4.000000,66.666664
1614076764.147942,25.000000,0.000000,1.650068,4.707308,2.818875,-3.210038,-24.345726,-9.777587,0.305763,-2.286458,-10.412940,-13.736704,-18.573490,-5.232879,-13.121571,-19.538424,-12.441816,23.012712,-9.887256,2.032325,-12.650838,-31.045557,-15.505072,-11.285148,-0.774899,-3.376082,-6.929530,-0.071333,-3.136268,2.843482,5.215316,8.700397,10.727788,21.376619,0.000000,201.000000,4.000000,,,,0.000000,4.000000,4.000000,2.000000,4.000000,4.000000,4.000000,4.000000,4.000000,4.000000,4.000000,4.000000,4.000000,4.000000,4.000000,4.000000,4.000000,4.000000,4.000000,2.000000,4.000000,4.000000,4.000000,4.000000,4.000000,4.000000,4.000000,4.000000,4.000000,4.000000,4.000000,4.000000,4.000000,66.666664
1614076764.155691,26.000000,0.000000,1.648418,4.702601,2.816056,-1.668366,-23.808559,-7.203706,0.305457,-3.309813,-10.402527,-13.722967,-17.529276,-4.714826,-12.595629,-18.493244,-12.429375,20.938417,-9.877368,-3.097912,-11.099726,-27.424767,-13.951105,-16.914888,-0.774124,-3.372706,-2.307216,-1.096903,-3.133131,2.840639,9.312665,11.255798,10.717060,22.380884,0.000000,127.000000,4.000000,,,,0.000000,4.000000,4.000000,2.000000,4.000000,4.000000,4.000000,4.000000,4.000000,4.000000,4.000000,4.000000,4.000000,4.000000,4.000000,4.000000,4.000000,4.000000,4.000000,2.000000,4.000000,4.000000,4.000000,4.000000,4.000000,4.000000,4.000000,4.000000,4.000000,4.000000,4.000000,4.000000,4.000000,66.666664
1614076764.163540,27.000000,0.000000,1.646769,4.697898,2.813240,-2.179519,-23.784752,-6.170862,0.305152,-3.306503,-10.392124,-13.709244,-18.024567,-4.710111,-12.583034,-18.987572,-12.416945,36.814915,-9.867491,11.776980,-4.421959,-26.371702,-14.449975,-3.564640,-0.773350,-2.856513,0.259194,0.955476,-3.129998,2.324978,10.328994,10.731722,10.706343,21.845682,0.000000,228.000000,4.000000,,,,0.000000,4.000000,4.000000,2.000000,4.000000,4.000000,4.000000,4.000000,4.000000,4.000000,4.000000,4.000000,4.000000,4.000000,4.000000,4.000000,4.000000,4.000000,4.000000,2.000000,4.000000,4.000000,4.000000,4.000000,4.000000,4.000000,4.000000,4.000000,4.000000,4.000000,4.000000,4.000000,4.000000,66.666664
1614076764.171289,28.000000,0.000000,1.645122,4.693201,2.810426,-2.177339,-24.273787,-6.164691,0.304846,-1.251914,-10.381732,-13.695535,-17.493721,-4.705400,-12.570450,-19.481405,-11.378887,61.393486,-9.857623,41.508793,8.402976,-26.345329,-14.435525,-0.484152,-0.259756,-2.853657,-0.253886,5.569905,-3.126868,2.835473,9.805843,10.208170,10.695637,21.823837,0.000000,164.000000,4.000000,,,,0.000000,4.000000,4.000000,2.000000,4.000000,4.000000,4.000000,4.000000,4.000000,4.000000,4.000000,4.000000,4.000000,4.000000,4.000000,4.000000,4.000000,4.000000,4.000000,2.000000,4.000000,4.000000,4.000000,4.000000,4.000000,4.000000,4.000000,4.000000,4.000000,4.000000,4.000000,4.000000,4.000000,66.666664
1614076764.179138,29.000000,0.000000,1.643477,4.688507,2.807616,-2.175162,-23.736692,-6.158526,0.304541,-5.353227,-10.371350,-13.681839,-17.476227,-4.700695,-12.557879,-18.436281,-15.470072,46.460297,-9.847766,36.851898,11.471496,-25.806164,-13.908269,-5.099052,-0.259496,-2.850803,-0.766452,7.615617,-3.123741,5.396740,9.796038,10.710782,10.684941,21.802013,0.000000,186.000000,4.000000,,,,0.000000,4.000000,4.000000,2.000000,4.000000,4.000000,4.000000,4.000000,4.000000,4.000000,4.000000,4.000000,4.000000,4.000000,4.000000,4.000000,4.000000,4.000000,4.000000,2.000000,4.000000,4.000000,4.000000,4.000000,4.000000,4.000000,4.000000,4.000000,4.000000,4.000000,4.000000,4.000000,4.000000,66.666664
1614076764.186888,30.000000,0.000000,1.129013,4.170998,2.804808,-2.172987,-23.712955,-6.665188,-0.208584,-13.040181,-10.360979,-14.180978,-18.484392,-5.208815,-12.545321,-19.443487,-21.095629,15.131784,-9.837918,4.507356,4.793357,-27.831640,-14.920002,-4.068313,-1.284878,-3.360773,-0.252865,6.582361,-3.633438,6.416985,9.786242,10.700071,10.674256,21.780210,0.000000,195.000000,4.000000,,,,0.000000,4.000000,4.000000,2.000000,4.000000,4.000000,4.000000,4.000000,4.000000,4.000000,4.000000,4.000000,4.000000,4.000000,4.000000,4.000000,4.000000,4.000000,4.000000,2.000000,4.000000,4.000000,4.000000,4.000000,4.000000,4.000000,4.000000,4.000000,4.000000,4.000000,4.000000,4.000000,4.000000,66.666664
1614076764.194737,31.000000,0.000000,1.640705,5.705289,2.802004,-2.170814,-24.202063,-5.120061,0.817266,-10.463038,-10.350618,-12.628335,-16.414625,-3.665145,-12.532777,-18.911222,-14.920686,20.757679,-8.289618,7.066951,4.275743,-25.752525,-14.392262,-4.064244,1.280510,-2.331771,0.260208,8.627061,-2.604164,6.410568,9.776456,10.176551,10.663582,21.758430,0.000000,172.000000,4.000000,,,,0.000000,4.000000,4.000000,2.000000,4.000000,4.000000,4.000000,4.000000,4.000000,4.000000,4.000000,4.000000,4.000000,4.000000,4.000000,4.000000,4.000000,4.000000,4.000000,2.000000,4.000000,4.000000,4.000000,4.000000,4.000000,4.000000,4.000000,4.000000,4.000000,4.000000,4.000000,4.000000,4.000000,66.666664
1614076764.202486,32.000000,0.000000,5.741628,7.750865,2.799201,-2.168643,-19.562477,-1.012377,2.867731,-2.760268,-10.340267,-10.051604,-10.244365,-1.610198,-12.520244,-8.635901,-2.598073,40.736919,-5.717227,33.726551,8.886852,-20.085749,-12.326587,-0.983257,6.407434,-0.278157,-1.278514,11.182536,-0.550277,7.942619,9.766679,9.653554,10.652918,21.223852,8064.000000,0.000000,4.000000,,,,0.000000,4.000000,4.000000,2.000000,4.000000,4.000000,4.000000,4.000000,4.000000,4.000000,4.000000,4.000000,4.000000,4.000000,4.000000,4.000000,4.000000,4.000000,4.000000,2.000000,4.000000,4.000000,4.000000,4.000000,4.000000,4.000000,4.000000,4.000000,4.000000,4.000000,4.000000,4.000000,4.000000,66.666664
1614076764.210335,33.000000,0.000000,9.325630,8.768756,2.796402,-2.166474,-11.337786,1.552738,4.403325,-2.757507,-10.329927,-10.041553,-6.131557,-0.582946,-13.020544,4.193247,0.481448,45.824390,-6.224329,31.641542,4.775402,-25.706688,-10.775799,7.222855,7.426668,1.260583,-0.251594,10.145713,0.988734,10.498778,9.756912,11.182362,10.642265,21.715448,8064.000000,0.000000,4.000000,,,,0.000000,4.000000,4.000000,2.000000,4.000000,4.000000,4.000000,4.000000,4.000000,4.000000,4.000000,4.000000,4.000000,4.000000,4.000000,4.000000,4.000000,4.000000,4.000000,2.000000,4.000000,4.000000,4.000000,4.000000,4.000000,4.000000,4.000000,4.000000,4.000000,4.000000,4.000000,4.000000,4.000000,66.666664
1614076764.218084,34.000000,0.000000,8.803484,8.247167,2.793606,-2.164308,-8.249525,1.038365,3.373280,-7.370134,-10.319597,-10.544332,-7.151066,-2.633645,-13.007524,7.778798,-2.083136,46.804207,-9.295029,14.686824,-11.639630,-34.398930,-10.252202,10.292555,5.880780,0.233681,5.902503,10.648387,0.474925,9.975459,9.234335,10.145538,10.631623,22.206554,8064.000000,0.000000,4.000000,,,,0.000000,4.000000,4.000000,2.000000,4.000000,4.000000,4.000000,4.000000,4.000000,4.000000,4.000000,4.000000,4.000000,4.000000,4.000000,4.000000,4.000000,4.000000,4.000000,2.000000,4.000000,4.000000,4.000000,4.000000,4.000000,4.000000,4.000000,4.000000,4.000000,4.000000,4.000000,4.000000,4.000000,66.666664
1614076764.225933,35.000000,0.000000,8.281860,8.238919,2.790812,-2.162143,-9.266916,1.037326,3.882728,-7.362764,-10.822098,-7.456864,-6.118274,-2.118191,-12.994516,6.745378,-1.055412,45.731762,-9.798553,21.851624,-15.730555,-25.133762,-8.703488,9.256621,6.900540,0.233447,10.511986,16.278765,-0.038370,9.965484,10.250742,9.109752,10.620992,20.133064,8064.000000,0.000000,4.000000,,,,0.000000,4.000000,4.000000,2.000000,4.000000,4.000000,4.000000,4.000000,4.000000,4.000000,4.000000,4.000000,4.000000,4.000000,4.000000,4.000000,4.000000,4.000000,4.000000,2.000000,4.000000,4.000000,4.000000,4.000000,4.000000,4.000000,4.000000,4.000000,4.000000,4.000000,4.000000,4.000000,4.000000,66.666664
1614076764.233682,36.000000,0.000000,8.786399,8.230680,2.788022,-2.159981,-8.744829,1.549109,4.391665,-5.816940,-9.785635,-5.910946,-3.035233,3.524953,-12.468701,7.251453,-0.028715,44.147568,-6.199012,32.599003,10.439022,-12.288116,-6.643503,6.170442,7.406460,1.258855,11.014295,21.390692,0.474489,9.955519,12.804594,18.844233,10.610371,18.574471,8064.000000,0.000000,4.000000,,,,0.000000,4.000000,4.000000,2.000000,4.000000,4.000000,4.000000,4.000000,4.000000,4.000000,4.000000,4.000000,4.000000,4.000000,4.000000,4.000000,4.000000,4.000000,4.000000,2.000000,4.000000,4.000000,4.000000,4.000000,4.000000,4.000000,4.000000,4.000000,4.000000,4.000000,4.000000,4.000000,4.000000,66.666664
1614076764.241331,37.000000,0.000000,8.264791,8.222449,3.298054,-2.157821,-8.223264,1.034740,2.335992,-6.836764,-7.724567,-7.443496,-3.032197,5.059889,-9.892130,7.244202,-0.541507,46.154701,-2.090249,27.438198,31.967045,-10.737366,-7.662500,3.087348,5.860592,-0.280865,9.977639,20.856480,0.474014,9.945563,13.817430,31.133080,10.599760,20.094357,8064.000000,0.000000,4.000000,,,,0.000000,4.000000,4.000000,2.000000,4.000000,4.000000,4.000000,4.000000,4.000000,4.000000,4.000000,4.000000,4.000000,4.000000,4.000000,4.000000,4.000000,4.000000,4.000000,2.000000,4.000000,4.000000,4.000000,4.000000,4.000000,4.000000,4.000000,4.000000,4.000000,4.000000,4.000000,4.000000,4.000000,66.666664
1614076764.249080,38.000000,0.000000,9.794989,8.214228,2.781935,-2.155663,-9.240682,1.033705,0.282374,-7.855568,-6.691202,-4.871950,0.047758,7.618932,-2.702750,10.826701,1.510316,46.621368,4.065688,34.077427,25.268412,-1.495859,-7.654838,17.443235,10.982937,0.232236,9.967661,18.271521,-0.039280,9.935617,13.290792,28.025024,10.589160,17.510160,8064.000000,0.000000,4.000000,,,,0.000000,4.000000,4.000000,2.000000,4.000000,4.000000,4.000000,4.000000,4.000000,4.000000,4.000000,4.000000,4.000000,4.000000,4.000000,4.000000,4.000000,4.000000,4.000000,2.000000,4.000000,4.000000,4.000000,4.000000,4.000000,4.000000,4.000000,4.000000,4.000000,4.000000,4.000000,4.000000,4.000000,66.666664
1614076764.256729,39.000000,0.000000,14.400578,8.206013,2.779154,-2.153508,-6.154518,1.032671,3.871835,-0.668226,-3.607587,5.902153,9.278480,20.431826,11.146107,17.482540,12.790857,62.472183,12.779571,65.838219,19.089296,18.505636,1.070765,35.887329,22.766825,8.437132,17.650002,17.740429,0.473579,9.925682,13.277501,21.843153,10.578571,13.902906,8064.000000,0.000000,4.000000,,,,0.000000,4.000000,4.000000,2.000000,4.000000,4.000000,4.000000,4.000000,4.000000,4.000000,4.000000,4.000000,4.000000,4.000000,4.000000,4.000000,4.000000,4.000000,4.000000,2.000000,4.000000,4.000000,4.000000,4.000000,4.000000,4.000000,4.000000,4.000000,4.000000,4.000000,4.000000,4.000000,4.000000,66.666664
1614076764.264478,40.000000,0.000000,16.437460,8.197807,6.878938,-1.638534,-1.532979,1.031639,8.483348,13.178596,0.498584,12.562917,13.884585,27.078060,19.340088,18.490700,23.547297,82.922531,16.869356,78.080078,25.736874,25.153797,10.813285,24.056572,25.308161,17.146643,30.452864,18.235508,3.550029,9.915756,14.289865,26.436695,10.567992,16.453106,8064.000000,0.000000,4.000000,,,,0.000000,4.000000,4.000000,2.000000,4.000000,4.000000,4.000000,4.000000,4.000000,4.000000,4.000000,4.000000,4.000000,4.000000,4.000000,4.000000,4.000000,4.000000,4.000000,2.000000,4.000000,4.000000,4.000000,4.000000,4.000000,4.000000,4.000000,4.000000,4.000000,4.000000,4.000000,4.000000,4.000000,66.666664
1614076764.272127,41.000000,0.000000,15.908201,8.189610,5.846418,-1.636895,-5.121189,1.030607,8.474864,17.780802,1.523727,11.011892,7.716855,14.743290,9.064338,11.292722,11.216058,65.916534,12.749922,50.822510,22.121393,11.282491,11.828113,1.468412,17.077724,19.180779,31.448051,17.704453,4.059299,10.418661,13.249934,28.461540,10.557425,17.975115,8064.000000,0.000000,4.000000,,,,0.000000,4.000000,4.000000,2.000000,4.000000,4.000000,4.000000,4.000000,4.000000,4.000000,4.000000,4.000000,4.000000,4.000000,4.000000,4.000000,4.000000,4.000000,4.000000,2.000000,4.000000,4.000000,4.000000,4.000000,4.000000,4.000000,4.000000,4.000000,4.000000,4.000000,4.000000,4.000000,4.000000,66.666664
1614076764.279877,42.000000,0.000000,15.892293,8.181419,-1.338915,-4.199361,-12.295555,1.029576,3.851005,12.121996,0.496562,7.411137,1.042471,4.472136,-6.329342,4.614762,-9.820800,48.927536,5.044864,36.412712,19.535170,-6.677510,10.790643,-2.122800,12.958083,18.648777,22.185835,18.199570,3.542420,8.869781,13.236684,25.356155,10.546867,12.316114,8064.000000,0.000000,4.000000,,,,0.000000,4.000000,4.000000,2.000000,4.000000,4.000000,4.000000,4.000000,4.000000,4.000000,4.000000,4.000000,4.000000,4.000000,4.000000,4.000000,4.000000,4.000000,4.000000,2.000000,4.000000,4.000000,4.000000,4.000000,4.000000,4.000000,4.000000,4.000000,4.000000,4.000000,4.000000,4.000000,4.000000,66.666664
1614076764.287526,43.000000,0.000000,16.389221,8.173238,-4.927320,-5.733623,-13.308901,1.028547,0.770231,8.007310,1.521706,5.352444,0.528608,6.518947,-8.374294,3.071686,-12.887901,63.750404,-1.114027,49.709633,28.746403,-15.901602,11.292673,-0.069395,14.483586,18.117308,17.548264,16.642908,5.077339,6.809629,14.249088,24.305159,11.049141,10.765336,8064.000000,0.000000,4.000000,,,,0.000000,4.000000,4.000000,2.000000,4.000000,4.000000,4.000000,4.000000,4.000000,4.000000,4.000000,4.000000,4.000000,4.000000,4.000000,4.000000,4.000000,4.000000,4.000000,2.000000,4.000000,4.000000,4.000000,4.000000,4.000000,4.000000,4.000000,4.000000,4.000000,4.000000,4.000000,4.000000,4.000000,66.666664
1614076764.295275,44.000000,0.000000,16.372833,8.165065,-4.409572,-5.727890,-11.757131,1.540339,-0.256181,8.512123,-0.018277,3.808630,0.528080,5.999607,-6.314638,3.068614,-10.310911,47.789219,-2.651374,35.813770,17.948425,-16.398521,5.127534,-1.094967,13.956283,13.483807,14.966614,12.523701,1.995338,5.777178,9.106634,18.127007,9.499630,10.241751,8064.000000,0.000000,4.000000,,,,0.000000,4.000000,4.000000,2.000000,4.000000,4.000000,4.000000,4.000000,4.000000,4.000000,4.000000,4.000000,4.000000,4.000000,4.000000,4.000000,4.000000,4.000000,4.000000,2.000000,4.000000,4.000000,4.000000,4.000000,4.000000,4.000000,4.000000,4.000000,4.000000,4.000000,4.000000,4.000000,4.000000,66.666664
1614076764.302924,45.000000,0.000000,15.843639,8.156899,-7.994906,-7.260623,-14.822296,0.513157,0.256896,8.503611,-2.069541,1.240719,0.527552,5.480787,-5.795503,5.116827,-9.274960,24.151686,-3.161543,12.701032,-4.120804,-16.894943,-5.646824,0.957410,13.429505,6.290835,11.361903,9.947074,-6.211785,6.284222,0.379579,7.852469,7.438848,4.077662,8064.000000,0.000000,4.000000,,,,0.000000,4.000000,4.000000,2.000000,4.000000,4.000000,4.000000,4.000000,4.000000,4.000000,4.000000,4.000000,4.000000,4.000000,4.000000,4.000000,4.000000,4.000000,4.000000,2.000000,4.000000,4.000000,4.000000,4.000000,4.000000,4.000000,4.000000,4.000000,4.000000,4.000000,4.000000,4.000000,4.000000,66.666664
1614076764.310673,46.000000,0.000000,15.827795,8.148743,-8.499732,-9.304645,-16.858755,-2.051458,0.256639,7.982287,-3.093112,-4.914368,0.527024,9.065050,0.364139,7.162993,7.144572,56.948048,-3.158382,31.662689,-0.526940,-15.852407,-7.692460,0.443632,13.416076,2.181981,9.812080,9.937127,-3.641471,6.277937,-2.697724,5.280514,6.405768,-1.054620,8064.000000,0.000000,4.000000,,,,0.000000,4.000000,4.000000,2.000000,4.000000,4.000000,4.000000,4.000000,4.000000,4.000000,4.000000,4.000000,4.000000,4.000000,4.000000,4.000000,4.000000,4.000000,4.000000,2.000000,4.000000,4.000000,4.000000,4.000000,4.000000,4.000000,4.000000,4.000000,4.000000,4.000000,4.000000,4.000000,4.000000,66.666664
1614076764.318322,47.000000,0.000000,16.324789,8.140594,-4.901488,-9.808161,-16.329077,-3.075048,-0.256438,6.435843,-6.166942,-10.550480,-2.550426,7.517523,-0.661866,3.053266,10.214351,69.198792,-3.155223,42.400257,9.217176,-11.221169,-0.505280,0.956009,13.915481,5.769542,9.289448,10.440011,6.105760,6.271659,-0.130924,6.300875,6.912183,-0.540745,8064.000000,0.000000,4.000000,,,,0.000000,4.000000,4.000000,2.000000,4.000000,4.000000,4.000000,4.000000,4.000000,4.000000,4.000000,4.000000,4.000000,4.000000,4.000000,4.000000,4.000000,4.000000,4.000000,2.000000,4.000000,4.000000,4.000000,4.000000,4.000000,4.000000,4.000000,4.000000,4.000000,4.000000,4.000000,4.000000,4.000000,66.666664
1614076764.326071,48.000000,0.000000,14.770001,8.132454,-7.973510,-9.285532,-16.312748,-2.559152,0.256639,4.890946,-10.263339,-11.052750,-6.650440,2.381801,-12.968897,-4.642095,-12.872787,36.821899,-2.639248,25.947601,10.746421,-6.081743,11.290097,13.775566,13.901566,10.891977,10.818620,9.916750,8.663757,6.265388,1.920489,5.781753,6.905271,-0.027384,8064.000000,0.000000,4.000000,,,,0.000000,4.000000,4.000000,2.000000,4.000000,4.000000,4.000000,4.000000,4.000000,4.000000,4.000000,4.000000,4.000000,4.000000,4.000000,4.000000,4.000000,4.000000,4.000000,2.000000,4.000000,4.000000,4.000000,4.000000,4.000000,4.000000,4.000000,4.000000,4.000000,4.000000,4.000000,4.000000,4.000000,66.666664
1614076764.333720,49.000000,0.000000,12.191130,8.124321,-10.529639,-9.276246,-16.296434,-2.556593,0.256382,4.373234,-8.201794,-10.016056,-7.156610,3.405060,-10.904646,-4.124633,-9.270170,43.451744,-2.636608,46.947296,25.607470,2.642287,21.022396,23.505381,13.887664,11.393907,16.448826,9.906834,8.655093,6.259122,1.918569,7.314433,6.898366,-0.540177,8064.000000,0.000000,4.000000,,,,0.000000,4.000000,4.000000,2.000000,4.000000,4.000000,4.000000,4.000000,4.000000,4.000000,4.000000,4.000000,4.000000,4.000000,4.000000,4.000000,4.000000,4.000000,4.000000,2.000000,4.000000,4.000000,4.000000,4.000000,4.000000,4.000000,4.000000,4.000000,4.000000,4.000000,4.000000,4.000000,4.000000,66.666664
1614076764.341470,50.000000,0.000000,11.666118,8.116197,-4.365263,-9.266970,-16.280138,-3.066857,0.256126,3.856040,-6.655130,-7.441937,-6.636632,9.042681,4.490874,3.571800,14.841664,76.228806,-2.121151,63.310604,23.017759,5.716568,13.821887,19.379311,14.386597,11.382512,18.483660,10.409747,11.723361,6.252863,2.429471,9.871222,6.891468,-0.539637,8064.000000,0.000000,4.000000,,,,0.000000,4.000000,4.000000,2.000000,4.000000,4.000000,4.000000,4.000000,4.000000,4.000000,4.000000,4.000000,4.000000,4.000000,4.000000,4.000000,4.000000,4.000000,4.000000,2.000000,4.000000,4.000000,4.000000,4.000000,4.000000,4.000000,4.000000,4.000000,4.000000,4.000000,4.000000,4.000000,4.000000,66.666664
1614076764.349119,51.000000,0.000000,12.167272,8.108081,0.767307,-9.257703,-16.776678,-2.550970,0.255870,4.365005,-6.648475,-4.357572,-6.629996,10.059278,7.563306,7.157971,8.160155,62.819244,-2.631851,30.939602,-9.312950,-7.622482,-4.653473,14.744547,13.859389,11.883950,11.285689,10.399338,11.711638,6.246610,1.914221,10.886991,6.884576,-0.026277,8064.000000,0.000000,4.000000,,,,0.000000,4.000000,4.000000,2.000000,4.000000,4.000000,4.000000,4.000000,4.000000,4.000000,4.000000,4.000000,4.000000,4.000000,4.000000,4.000000,4.000000,4.000000,4.000000,2.000000,4.000000,4.000000,4.000000,4.000000,4.000000,4.000000,4.000000,4.000000,4.000000,4.000000,4.000000,4.000000,4.000000,66.666664
1614076764.356968,52.000000,0.000000,12.155105,8.099973,-0.771922,-9.248446,-15.734262,-2.548419,0.255614,6.411922,-2.026442,-2.814753,-7.136187,9.536399,4.478820,6.637993,-0.565953,51.987194,-3.142039,26.806097,-10.329279,-16.332808,-5.674460,14.216982,13.845530,11.359246,6.146198,9.876118,12.212747,6.240364,2.937948,9.850463,6.877691,-0.539071,8064.000000,0.000000,4.000000,,,,0.000000,4.000000,4.000000,2.000000,4.000000,4.000000,4.000000,4.000000,4.000000,4.000000,4.000000,4.000000,4.000000,4.000000,4.000000,4.000000,4.000000,4.000000,4.000000,2.000000,4.000000,4.000000,4.000000,4.000000,4.000000,4.000000,4.000000,4.000000,4.000000,4.000000,4.000000,4.000000,4.000000,66.666664
1614076764.364717,53.000000,0.000000,11.630129,8.091872,-1.283970,-9.239197,-11.103142,-2.545870,0.255358,5.892690,0.026866,-2.811938,-7.129050,10.552504,6.525623,6.631355,13.793587,75.524948,-1.600436,59.599804,22.501564,-11.701091,9.715829,15.228406,14.857326,11.860707,8.704154,10.379062,11.687714,6.234123,7.550395,10.353433,6.870814,-0.538532,8064.000000,0.000000,4.000000,,,,0.000000,4.000000,4.000000,2.000000,4.000000,4.000000,4.000000,4.000000,4.000000,4.000000,4.000000,4.000000,4.000000,4.000000,4.000000,4.000000,4.000000,4.000000,4.000000,2.000000,4.000000,4.000000,4.000000,4.000000,4.000000,4.000000,4.000000,4.000000,4.000000,4.000000,4.000000,4.000000,4.000000,66.666664
1614076764.372566,54.000000,0.000000,12.131319,8.083780,-0.257045,-9.229958,-8.527937,-2.543324,0.255103,1.784233,-5.101366,-2.809126,-7.121921,5.413746,4.980636,5.599082,8.138768,63.141731,-3.650117,48.770973,19.402140,-18.868877,8.167652,14.700356,11.765545,11.848846,10.746733,12.419965,2.958077,6.227889,10.106947,15.984105,6.863943,1.000468,8064.000000,0.000000,4.000000,,,,0.000000,4.000000,4.000000,2.000000,4.000000,4.000000,4.000000,4.000000,4.000000,4.000000,4.000000,4.000000,4.000000,4.000000,4.000000,4.000000,4.000000,4.000000,4.000000,2.000000,4.000000,4.000000,4.000000,4.000000,4.000000,4.000000,4.000000,4.000000,4.000000,4.000000,4.000000,4.000000,4.000000,66.666664
1614076764.380315,55.000000,0.000000,12.119188,8.075697,-0.769609,-9.733548,-9.032229,-2.540781,0.254848,0.243987,-7.147546,-3.831958,-6.089159,-1.258335,-2.716652,3.542202,-9.818089,34.360641,-11.338775,19.491434,-6.771110,-30.644880,-6.712311,8.018990,5.087113,8.247254,9.710344,13.946007,-3.198727,6.221662,9.584019,21.609146,6.857079,3.050750,8064.000000,0.000000,4.000000,,,,0.000000,4.000000,4.000000,2.000000,4.000000,4.000000,4.000000,4.000000,4.000000,4.000000,4.000000,4.000000,4.000000,4.000000,4.000000,4.000000,4.000000,4.000000,4.000000,2.000000,4.000000,4.000000,4.000000,4.000000,4.000000,4.000000,4.000000,4.000000,4.000000,4.000000,4.000000,4.000000,4.000000,66.666664
1614076764.388164,56.000000,0.000000,12.107069,8.067621,-0.768839,-7.672533,-8.510376,-2.538240,0.254593,1.782205,-6.627578,-5.366588,-6.595890,-1.769897,-6.303679,3.538659,-3.141604,42.531410,-13.378718,44.087326,9.645918,-18.819363,-8.756881,-1.732619,2.005103,4.136443,9.700634,13.932060,1.419856,6.215440,10.087255,20.561897,6.850222,4.073340,8064.000000,0.000000,4.000000,,,,0.000000,4.000000,4.000000,2.000000,4.000000,4.000000,4.000000,4.000000,4.000000,4.000000,4.000000,4.000000,4.000000,4.000000,4.000000,4.000000,4.000000,4.000000,4.000000,2.000000,4.000000,4.000000,4.000000,4.000000,4.000000,4.000000,4.000000,4.000000,4.000000,4.000000,4.000000,4.000000,4.000000,66.666664
1614076764.395913,57.000000,0.000000,12.094962,8.059554,-0.768070,-6.126399,-9.014687,-3.048523,0.254338,0.754781,-7.133771,-7.925324,-7.102114,-1.768127,-5.271735,2.509480,1.989743,54.283749,-8.237134,48.658623,30.661913,-2.903108,-3.619918,-5.320630,3.028738,3.619486,10.716575,13.918128,5.008180,6.209224,9.051527,16.951591,6.843372,6.120549,8064.000000,0.000000,4.000000,,,,0.000000,4.000000,4.000000,2.000000,4.000000,4.000000,4.000000,4.000000,4.000000,4.000000,4.000000,4.000000,4.000000,4.000000,4.000000,4.000000,4.000000,4.000000,4.000000,2.000000,4.000000,4.000000,4.000000,4.000000,4.000000,4.000000,4.000000,4.000000,4.000000,4.000000,4.000000,4.000000,4.000000,66.666664
1614076764.403762,58.000000,0.000000,12.082867,8.051494,-0.767302,-5.094631,-9.518493,-2.532654,0.254084,0.241206,-1.998433,-5.353296,0.084475,-0.740718,-5.266463,3.019791,-6.217375,52.178185,-5.151974,16.302273,12.169713,-4.951487,-3.616298,-0.187104,3.025710,4.128687,10.193038,13.904210,3.977531,6.203015,4.427091,18.473101,6.836528,7.652890,8064.000000,0.000000,4.000000,,,,0.000000,4.000000,4.000000,2.000000,4.000000,4.000000,4.000000,4.000000,4.000000,4.000000,4.000000,4.000000,4.000000,4.000000,4.000000,4.000000,4.000000,4.000000,4.000000,2.000000,4.000000,4.000000,4.000000,4.000000,4.000000,4.000000,4.000000,4.000000,4.000000,4.000000,4.000000,4.000000,4.000000,66.666664
1614076764.411511,59.000000,0.000000,12.070784,8.043443,-0.766535,-3.551075,-6.944871,-0.478839,0.253830,1.779426,3.644592,3.370006,9.315160,4.388228,-5.774017,4.042412,-6.723979,48.023441,-6.685284,13.209047,-5.278354,-8.536279,-3.612682,6.992570,2.509864,4.124558,10.182844,13.890306,3.973553,6.196812,1.858562,17.428988,6.829692,7.132417,8064.000000,0.000000,4.000000,,,,0.000000,4.000000,4.000000,2.000000,4.000000,4.000000,4.000000,4.000000,4.000000,4.000000,4.000000,4.000000,4.000000,4.000000,4.000000,4.000000,4.000000,4.000000,4.000000,2.000000,4.000000,4.000000,4.000000,4.000000,4.000000,4.000000,4.000000,4.000000,4.000000,4.000000,4.000000,4.000000,4.000000,66.666664
1614076764.419360,60.000000,0.000000,12.058713,8.035399,-0.765768,-1.496242,-5.399465,1.572922,0.766397,-2.324917,1.076844,4.392277,4.177639,5.922302,-6.793884,-1.089836,-8.255716,35.667725,-6.165778,30.631737,1.906411,-9.553384,-3.609069,4.421475,3.020174,4.120433,10.172662,13.876416,2.431118,6.190615,2.369524,9.719251,6.822862,7.125284,8064.000000,0.000000,4.000000,,,,0.000000,4.000000,4.000000,2.000000,4.000000,4.000000,4.000000,4.000000,4.000000,4.000000,4.000000,4.000000,4.000000,4.000000,4.000000,4.000000,4.000000,4.000000,4.000000,2.000000,4.000000,4.000000,4.000000,4.000000,4.000000,4.000000,4.000000,4.000000,4.000000,4.000000,4.000000,4.000000,4.000000,66.666664
1614076764.427109,61.000000,0.000000,12.046655,8.027364,-0.765003,-1.494745,-8.983809,1.058529,-0.260011,-10.014900,-3.539617,-5.868526,-8.134231,-1.263108,-8.325552,-7.755413,-18.503870,37.683342,-8.723715,29.575462,8.058351,-16.723318,-10.272127,-10.454741,3.017154,4.116313,8.624027,12.324078,-2.699518,6.184424,2.367154,5.606967,6.816039,8.143800,8064.000000,0.000000,4.000000,,,,0.000000,4.000000,4.000000,2.000000,4.000000,4.000000,4.000000,4.000000,4.000000,4.000000,4.000000,4.000000,4.000000,4.000000,4.000000,4.000000,4.000000,4.000000,4.000000,2.000000,4.000000,4.000000,4.000000,4.000000,4.000000,4.000000,4.000000,4.000000,4.000000,4.000000,4.000000,4.000000,4.000000,66.666664
1614076764.434958,62.000000,0.000000,9.983326,8.019337,-0.764238,-2.006071,-8.462005,1.057470,-2.823853,-8.979244,-3.023257,-9.452400,-11.715840,-6.902871,-9.342867,-4.157914,-20.536650,59.696938,-14.868837,26.981785,4.460549,-22.860441,-14.877239,-16.085312,0.450034,4.112197,6.564121,10.260471,-4.235280,6.178240,1.851966,8.678283,6.809223,9.674118,8064.000000,0.000000,4.000000,,,,0.000000,4.000000,4.000000,2.000000,4.000000,4.000000,4.000000,4.000000,4.000000,4.000000,4.000000,4.000000,4.000000,4.000000,4.000000,4.000000,4.000000,4.000000,4.000000,2.000000,4.000000,4.000000,4.000000,4.000000,4.000000,4.000000,4.000000,4.000000,4.000000,4.000000,4.000000,4.000000,4.000000,66.666664
1614076764.442707,63.000000,0.000000,7.922060,8.011317,-0.763473,-2.004065,-0.248414,2.082054,-3.846670,-0.765137,-2.507413,-3.801923,-8.114381,-3.819045,-9.333524,3.538552,-17.439190,58.611603,-17.418072,28.493265,1.891986,-24.376041,-12.811080,-2.223073,-1.088877,4.620905,6.044737,9.737391,-3.718224,6.172062,2.362935,10.720887,6.802414,11.202905,8064.000000,0.000000,4.000000,,,,0.000000,4.000000,4.000000,2.000000,4.000000,4.000000,4.000000,4.000000,4.000000,4.000000,4.000000,4.000000,4.000000,4.000000,4.000000,4.000000,4.000000,4.000000,4.000000,2.000000,4.000000,4.000000,4.000000,4.000000,4.000000,4.000000,4.000000,4.000000,4.000000,4.000000,4.000000,4.000000,4.000000,66.666664
1614076764.450556,64.000000,0.000000,7.914138,8.003305,-0.762710,-2.002061,3.341578,-0.996952,-3.330003,1.799731,-3.530547,-2.259659,-6.567804,3.364262,-6.760088,4.047834,-13.319186,38.552990,-14.323730,30.516054,7.018299,-21.787563,-10.234166,10.599663,-0.574968,2.565002,6.038692,10.240474,-3.201686,6.165890,1.847751,9.171704,6.795611,10.678882,0.000000,177.000000,4.000000,,,,0.000000,4.000000,4.000000,2.000000,4.000000,4.000000,4.000000,4.000000,4.000000,4.000000,4.000000,4.000000,4.000000,4.000000,4.000000,4.000000,4.000000,4.000000,4.000000,2.000000,4.000000,4.000000,4.000000,4.000000,4.000000,4.000000,4.000000,4.000000,4.000000,4.000000,4.000000,4.000000,4.000000,66.666664
1614076764.458305,65.000000,0.000000,8.419044,7.995302,-0.761947,-2.000059,-0.251508,-6.124160,-3.326673,0.772290,-3.527016,-3.795861,-5.022775,6.437820,-2.650764,3.018145,-2.023815,42.617001,-10.206841,39.716309,14.703588,-14.586288,-11.249574,11.101884,-0.574393,-0.001665,6.032653,9.717413,-3.711304,6.159724,2.358724,9.675353,6.788816,6.565639,0.000000,177.000000,4.000000,,,,0.000000,4.000000,4.000000,2.000000,4.000000,4.000000,4.000000,4.000000,4.000000,4.000000,4.000000,4.000000,4.000000,4.000000,4.000000,4.000000,4.000000,4.000000,4.000000,2.000000,4.000000,4.000000,4.000000,4.000000,4.000000,4.000000,4.000000,4.000000,4.000000,4.000000,4.000000,4.000000,4.000000,66.666664
1614076764.465954,66.000000,0.000000,8.410625,7.987307,-0.761185,-1.998059,-2.302538,-6.118036,-3.836167,0.771518,-3.523489,-1.227962,-1.428009,5.918562,-0.596831,6.604871,7.208978,60.523102,-5.581251,39.163769,4.945295,-11.494779,-11.751144,9.552320,-1.086639,-0.001664,6.539441,10.220516,-4.220414,6.153564,2.356365,10.178498,6.782027,2.969329,0.000000,219.000000,4.000000,,,,0.000000,4.000000,4.000000,2.000000,4.000000,4.000000,4.000000,4.000000,4.000000,4.000000,4.000000,4.000000,4.000000,4.000000,4.000000,4.000000,4.000000,4.000000,4.000000,2.000000,4.000000,4.000000,4.000000,4.000000,4.000000,4.000000,4.000000,4.000000,4.000000,4.000000,4.000000,4.000000,4.000000,66.666664
1614076764.473703,67.000000,0.000000,8.402215,7.979320,-0.760424,-1.996061,-1.274595,-3.034994,-3.319510,0.770747,-3.519966,1.337368,1.137522,5.912643,-1.109055,8.649548,7.201769,63.539501,-2.498746,35.022041,-4.803240,-15.073028,-9.175291,8.004307,-0.572732,-0.001662,4.994440,9.697474,-2.677732,6.147411,1.841189,9.142679,6.775245,3.479181,0.000000,208.000000,4.000000,,,,0.000000,4.000000,4.000000,2.000000,4.000000,4.000000,4.000000,4.000000,4.000000,4.000000,4.000000,4.000000,4.000000,4.000000,4.000000,4.000000,4.000000,4.000000,4.000000,2.000000,4.000000,4.000000,4.000000,4.000000,4.000000,4.000000,4.000000,4.000000,4.000000,4.000000,4.000000,4.000000,4.000000,66.666664
1614076764.481353,68.000000,0.000000,8.393813,7.971341,-0.759664,-1.994065,-1.786141,-2.519139,-3.316191,1.795617,-3.003625,1.336031,1.136384,5.393910,-3.672048,2.999873,1.553541,44.501602,-2.496247,43.704967,14.688743,-13.006673,-3.525090,7.483481,1.991943,-0.001660,8.579189,10.200598,2.453151,6.141263,2.352168,11.184818,6.768470,6.552625,0.000000,166.000000,4.000000,,,,0.000000,4.000000,4.000000,2.000000,4.000000,4.000000,4.000000,4.000000,4.000000,4.000000,4.000000,4.000000,4.000000,4.000000,4.000000,4.000000,4.000000,4.000000,4.000000,2.000000,4.000000,4.000000,4.000000,4.000000,4.000000,4.000000,4.000000,4.000000,4.000000,4.000000,4.000000,4.000000,4.000000,66.666664
1614076764.489102,69.000000,0.000000,8.385419,7.450549,-0.758904,-1.992071,-1.784354,-3.029440,-3.312875,0.255360,-4.026263,0.821874,-0.916034,2.824414,-9.822223,-5.208255,-9.730063,19.841717,-2.493751,33.917675,25.443285,-7.352640,0.580999,6.963178,3.528413,4.100905,17.801380,12.241679,5.014801,6.135122,5.939559,17.840300,6.761702,7.058892,0.000000,197.000000,4.000000,,,,0.000000,4.000000,4.000000,2.000000,4.000000,4.000000,4.000000,4.000000,4.000000,4.000000,4.000000,4.000000,4.000000,4.000000,4.000000,4.000000,4.000000,4.000000,4.000000,2.000000,4.000000,4.000000,4.000000,4.000000,4.000000,4.000000,4.000000,4.000000,4.000000,4.000000,4.000000,4.000000,4.000000,66.666664
1614076764.496751,70.000000,0.000000,8.377033,8.468740,-0.758145,-1.990079,-1.782570,-2.513590,-3.309562,-5.385921,-2.483775,0.821052,-2.966400,1.795949,-16.479067,-8.279970,-25.104948,20.847517,-1.978437,1.576064,-3.300107,-10.422211,0.580418,4.904932,3.012064,10.250650,22.398962,13.767900,3.984145,6.128987,9.523363,21.925024,8.293401,7.051834,0.000000,205.000000,4.000000,,,,0.000000,4.000000,4.000000,4.000000,4.000000,4.000000,4.000000,4.000000,4.000000,4.000000,4.000000,4.000000,4.000000,4.000000,4.000000,4.000000,4.000000,4.000000,4.000000,2.000000,4.000000,4.000000,4.000000,4.000000,4.000000,4.000000,4.000000,4.000000,4.000000,4.000000,4.000000,4.000000,4.000000,83.333336
1614076764.504500,71.000000,0.000000,8.368657,11.024373,-0.757387,-1.988089,-1.780787,-2.511077,-3.819073,-5.893356,4.698196,1.333052,-2.963434,2.306973,-17.488228,-8.271690,-28.156767,38.262566,-3.002100,-5.092179,-20.219885,-15.539993,0.067017,0.284643,3.009052,12.291682,20.838102,13.754131,3.980161,6.122858,10.026660,20.877459,10.336390,7.044782,0.000000,170.000000,4.000000,,,,0.000000,4.000000,4.000000,4.000000,4.000000,4.000000,4.000000,4.000000,4.000000,4.000000,4.000000,4.000000,4.000000,4.000000,4.000000,4.000000,4.000000,4.000000,4.000000,2.000000,4.000000,4.000000,4.000000,4.000000,4.000000,4.000000,4.000000,4.000000,4.000000,4.000000,4.000000,4.000000,4.000000,83.333336
1614076764.512149,72.000000,0.000000,8.360288,12.038990,-0.756629,-1.986101,-1.779007,-1.482925,-3.302433,-0.759257,8.796062,3.383001,-0.396368,2.304666,-13.368176,-6.724957,-14.282456,46.429432,-1.973456,25.169323,4.928541,-12.960351,0.066950,-1.766924,3.006043,11.253749,20.817265,13.740377,4.489001,6.116735,9.503814,20.856581,11.351694,7.037737,0.000000,192.000000,4.000000,,,,0.000000,4.000000,4.000000,4.000000,4.000000,4.000000,4.000000,4.000000,4.000000,4.000000,4.000000,4.000000,4.000000,4.000000,4.000000,4.000000,4.000000,4.000000,4.000000,2.000000,4.000000,4.000000,4.000000,4.000000,4.000000,4.000000,4.000000,4.000000,4.000000,4.000000,4.000000,4.000000,4.000000,83.333336
1614076764.519898,73.000000,0.000000,8.351928,11.514130,-0.755873,-1.984115,-1.777228,1.082661,-0.735028,0.779963,7.761625,4.918079,0.629670,2.302361,-6.688141,-2.615668,-1.447661,54.075310,0.592620,54.887745,25.949253,-10.896109,1.092525,2.850228,3.003037,11.242496,21.309267,13.726637,3.971692,6.110618,9.494309,21.348545,7.750599,7.030699,0.000000,200.000000,4.000000,,,,0.000000,4.000000,4.000000,4.000000,4.000000,4.000000,4.000000,4.000000,4.000000,4.000000,4.000000,4.000000,4.000000,4.000000,4.000000,4.000000,4.000000,4.000000,4.000000,2.000000,4.000000,4.000000,4.000000,4.000000,4.000000,4.000000,4.000000,4.000000,4.000000,4.000000,4.000000,4.000000,4.000000,83.333336
1614076764.527547,74.000000,0.000000,8.343575,11.502616,-0.755117,-2.494951,-1.775450,1.594399,0.804168,1.292004,7.753863,4.400341,0.629040,2.300059,-4.117351,-0.048950,0.092248,63.252003,1.617668,58.935421,20.282278,-11.398033,3.142714,13.616609,3.000034,11.744074,20.775137,13.712911,3.967720,6.617328,9.484816,20.814375,3.640285,7.023668,0.000000,218.000000,4.000000,,,,0.000000,4.000000,4.000000,4.000000,4.000000,4.000000,4.000000,4.000000,4.000000,4.000000,4.000000,4.000000,4.000000,4.000000,4.000000,4.000000,4.000000,4.000000,4.000000,2.000000,4.000000,4.000000,4.000000,4.000000,4.000000,4.000000,4.000000,4.000000,4.000000,4.000000,4.000000,4.000000,4.000000,83.333336
1614076764.535296,75.000000,0.000000,8.335232,11.491114,-0.754362,-1.979635,-1.773675,1.079984,0.290544,3.854815,8.258930,4.395940,0.628411,2.297759,-7.190156,-1.587362,-1.959126,50.368240,1.103230,33.748280,11.031227,-11.386635,4.165212,20.782478,2.997034,11.219509,20.754362,13.699197,3.963752,4.559429,9.988151,20.793560,2.611003,7.016645,0.000000,215.000000,4.000000,,,,0.000000,4.000000,4.000000,4.000000,4.000000,4.000000,4.000000,4.000000,4.000000,4.000000,4.000000,4.000000,4.000000,4.000000,4.000000,4.000000,4.000000,4.000000,4.000000,2.000000,4.000000,4.000000,4.000000,4.000000,4.000000,4.000000,4.000000,4.000000,4.000000,4.000000,4.000000,4.000000,4.000000,83.333336
1614076764.542946,76.000000,0.000000,8.326897,11.479622,-0.753607,0.586447,-1.771901,1.078904,0.290253,2.312498,8.250671,4.391544,-0.397859,2.808282,-8.721428,-3.637057,-3.495629,23.138384,1.614947,12.688890,5.891991,-12.913710,3.648227,15.120670,2.994037,11.208289,20.733608,13.685498,3.959788,2.503587,8.439701,20.772768,3.121213,7.009628,0.000000,182.000000,4.000000,,,,0.000000,4.000000,4.000000,4.000000,4.000000,4.000000,4.000000,4.000000,4.000000,4.000000,4.000000,4.000000,4.000000,4.000000,4.000000,4.000000,4.000000,4.000000,4.000000,2.000000,4.000000,4.000000,4.000000,4.000000,4.000000,4.000000,4.000000,4.000000,4.000000,4.000000,4.000000,4.000000,4.000000,83.333336
1614076764.550795,77.000000,0.000000,8.318570,11.468143,-0.752854,2.124322,-1.257309,1.077825,0.289963,-2.305199,8.242420,4.899973,-2.961563,1.267012,-8.199886,-4.659061,-8.107517,12.858835,2.126153,27.547997,4.860458,-14.952078,3.644578,4.849140,3.503863,11.197082,21.225695,13.671813,3.955829,2.501084,6.379980,21.264814,3.118092,7.515439,0.000000,198.000000,4.000000,,,,0.000000,4.000000,4.000000,4.000000,4.000000,4.000000,4.000000,4.000000,4.000000,4.000000,4.000000,4.000000,4.000000,4.000000,4.000000,4.000000,4.000000,4.000000,4.000000,2.000000,4.000000,4.000000,4.000000,4.000000,4.000000,4.000000,4.000000,4.000000,4.000000,4.000000,4.000000,4.000000,4.000000,83.333336
1614076764.558544,78.000000,0.000000,8.310251,11.456675,-0.752101,2.122198,-1.256052,1.076747,0.289673,-1.277253,8.234178,4.382253,-3.471422,-0.785537,-8.704507,-3.628761,-11.689154,29.256233,-0.440076,47.007629,7.419700,-14.937126,4.666575,5.357111,2.987539,11.185884,21.204470,13.658141,3.951873,2.498583,5.347959,21.243549,2.602153,6.995103,0.000000,204.000000,4.000000,,,,0.000000,4.000000,4.000000,4.000000,4.000000,4.000000,4.000000,4.000000,4.000000,4.000000,4.000000,4.000000,4.000000,4.000000,4.000000,4.000000,4.000000,4.000000,4.000000,2.000000,4.000000,4.000000,4.000000,4.000000,4.000000,4.000000,4.000000,4.000000,4.000000,4.000000,4.000000,4.000000,4.000000,83.333336
1614076764.566393,79.000000,0.000000,8.301941,11.445218,-0.751349,1.607255,-1.767616,1.588491,0.289383,1.288127,7.713123,4.377871,-2.442310,-1.810392,-8.695802,-1.061030,-11.164644,47.175694,-2.490918,30.037544,-2.844130,-13.896548,4.661908,13.044062,2.471731,12.200339,20.157623,13.644483,4.460742,1.983264,5.855431,20.709486,3.112371,6.988108,0.000000,208.000000,4.000000,,,,0.000000,4.000000,4.000000,4.000000,4.000000,4.000000,4.000000,4.000000,4.000000,4.000000,4.000000,4.000000,4.000000,4.000000,4.000000,4.000000,4.000000,4.000000,4.000000,2.000000,4.000000,4.000000,4.000000,4.000000,4.000000,4.000000,4.000000,4.000000,4.000000,4.000000,4.000000,4.000000,4.000000,83.333336
1614076764.574142,80.000000,0.000000,8.293639,11.433773,-0.750598,2.631289,-1.253028,1.074082,0.289094,1.799659,8.218230,5.399134,-2.952688,-1.295762,-8.687106,-2.085610,-13.204762,40.461853,-2.488427,3.853660,-22.841286,-14.908293,1.580323,13.031017,5.033362,11.675319,21.675928,13.118017,3.943460,3.519742,5.849576,21.714418,3.109259,7.493940,0.000000,201.000000,4.000000,,,,0.000000,4.000000,4.000000,4.000000,4.000000,4.000000,4.000000,4.000000,4.000000,4.000000,4.000000,4.000000,4.000000,4.000000,4.000000,4.000000,4.000000,4.000000,4.000000,2.000000,4.000000,4.000000,4.000000,4.000000,4.000000,4.000000,4.000000,4.000000,4.000000,4.000000,4.000000,4.000000,4.000000,83.333336
1614076764.581991,81.000000,0.000000,8.285346,11.935160,-0.749847,2.115837,-1.764595,1.585828,0.288805,-0.253422,7.184371,3.855273,-4.488197,-0.781645,-8.678419,-4.134806,-15.755659,28.113699,-5.050041,11.542114,-19.228701,-15.406204,0.553102,7.889781,7.079610,10.638002,20.115789,14.130541,3.939517,6.080325,5.843726,18.102959,3.106150,6.973626,0.000000,185.000000,4.000000,,,,0.000000,4.000000,4.000000,4.000000,4.000000,4.000000,4.000000,4.000000,4.000000,4.000000,4.000000,4.000000,4.000000,4.000000,4.000000,4.000000,4.000000,4.000000,4.000000,2.000000,4.000000,4.000000,4.000000,4.000000,4.000000,4.000000,4.000000,4.000000,4.000000,4.000000,4.000000,4.000000,4.000000,83.333336
1614076764.589840,82.000000,0.000000,8.277061,10.384763,-0.749097,0.062439,-7.403856,1.584242,0.288516,-6.407015,1.023341,-2.302428,-6.534991,-2.319325,-8.669741,-4.130671,-14.714263,31.675327,-9.147555,35.120316,0.277707,-13.339517,0.552549,6.856251,3.482787,12.678646,7.275162,13.603590,4.961218,6.587065,6.350703,6.802805,3.103044,2.864088,0.000000,219.000000,4.000000,,,,0.000000,4.000000,4.000000,4.000000,4.000000,4.000000,4.000000,4.000000,4.000000,4.000000,4.000000,4.000000,4.000000,4.000000,4.000000,4.000000,4.000000,4.000000,4.000000,2.000000,4.000000,4.000000,4.000000,4.000000,4.000000,4.000000,4.000000,4.000000,4.000000,4.000000,4.000000,4.000000,4.000000,83.333336
1614076764.597589,83.000000,0.000000,8.268784,8.323096,-0.748348,-1.476085,-12.524657,-1.494265,0.288227,-10.503172,-5.644349,-6.915511,-6.528456,-4.368288,-8.661071,-4.126541,-17.776472,28.566730,-10.164048,30.982632,-3.312314,-18.967203,-8.165953,5.310933,-0.623260,11.127506,-1.962883,9.487422,2.904975,5.042016,3.780249,-1.921946,3.099941,-0.728519,0.000000,202.000000,4.000000,,,,0.000000,4.000000,4.000000,4.000000,4.000000,4.000000,4.000000,4.000000,4.000000,4.000000,4.000000,4.000000,4.000000,4.000000,4.000000,4.000000,4.000000,4.000000,4.000000,2.000000,4.000000,4.000000,4.000000,4.000000,4.000000,4.000000,4.000000,4.000000,4.000000,4.000000,4.000000,4.000000,4.000000,83.333336
1614076764.605438,84.000000,0.000000,8.260514,7.289132,-0.234779,-4.038712,-13.024954,-5.595335,0.800760,-9.467028,-7.689987,-6.908595,-6.521927,-5.389561,-8.139589,-4.122414,-18.271515,25.461241,-10.153885,17.105494,-17.155155,-30.743107,-17.388556,2.741519,-1.135457,-1.704134,3.167285,6.401011,-3.764597,2.985692,2.238008,-1.920024,3.609661,-0.727791,0.000000,185.000000,4.000000,,,,0.000000,4.000000,4.000000,4.000000,4.000000,4.000000,4.000000,4.000000,4.000000,4.000000,4.000000,4.000000,4.000000,4.000000,4.000000,4.000000,4.000000,4.000000,4.000000,2.000000,4.000000,4.000000,4.000000,4.000000,4.000000,4.000000,4.000000,4.000000,4.000000,4.000000,4.000000,4.000000,4.000000,83.333336
1614076764.613187,85.000000,0.000000,8.252254,8.307484,-0.747365,-8.137237,-11.986288,-6.615380,-0.738503,-10.996022,-6.656656,-6.388866,-6.515405,-4.871351,-8.131450,-1.554189,-7.484013,43.897316,-9.118090,25.806337,-10.471334,-31.225185,-13.268603,4.277239,-0.621501,-11.446020,7.266682,6.394610,-7.350576,2.469886,2.748590,-0.892463,1.554769,-0.214243,0.000000,188.000000,4.000000,,,,0.000000,4.000000,4.000000,4.000000,4.000000,4.000000,4.000000,4.000000,4.000000,4.000000,4.000000,4.000000,4.000000,4.000000,4.000000,4.000000,4.000000,4.000000,4.000000,2.000000,4.000000,4.000000,4.000000,4.000000,4.000000,4.000000,4.000000,4.000000,4.000000,4.000000,4.000000,4.000000,4.000000,83.333336
1614076764.621036,86.000000,0.000000,8.244001,8.299176,-0.233797,-9.667562,-12.999943,-6.095944,-2.789046,-9.446565,-7.162820,-6.382477,-7.021710,-4.866479,-8.636139,-1.552635,-0.809862,45.391880,-7.057690,33.472839,0.821189,-20.937550,-7.101488,-0.855243,-1.133700,-7.844831,5.720954,6.388216,-6.830405,2.467416,0.181739,-1.404391,-0.498068,-0.726849,0.000000,191.000000,4.000000,,,,0.000000,4.000000,4.000000,4.000000,4.000000,4.000000,4.000000,4.000000,4.000000,4.000000,4.000000,4.000000,4.000000,4.000000,4.000000,4.000000,4.000000,4.000000,4.000000,2.000000,4.000000,4.000000,4.000000,4.000000,4.000000,4.000000,4.000000,4.000000,4.000000,4.000000,4.000000,4.000000,4.000000,83.333336
1614076764.628785,87.000000,0.000000,8.235758,5.213954,-0.233563,-9.657894,-12.986942,-6.089849,-3.811898,-3.796093,-7.668478,-7.914556,-6.501868,-4.861613,-7.601862,-3.602364,-5.424437,30.987514,-6.537811,27.285521,1.846008,-16.814047,-6.581566,-11.110798,-1.132566,-3.221601,6.740874,6.381827,-7.336395,2.464949,-4.433827,-1.402987,-1.010390,-0.726122,0.000000,198.000000,4.000000,,,,0.000000,4.000000,4.000000,4.000000,4.000000,4.000000,4.000000,4.000000,4.000000,4.000000,4.000000,4.000000,4.000000,4.000000,4.000000,4.000000,4.000000,4.000000,4.000000,2.000000,4.000000,4.000000,4.000000,4.000000,4.000000,4.000000,4.000000,4.000000,4.000000,4.000000,4.000000,4.000000,4.000000,83.333336
1614076764.636634,88.000000,0.000000,8.227522,0.593355,-3.823073,-9.648235,-12.973955,-6.596579,-3.295266,-7.894861,-6.122347,-9.957924,-6.495366,-4.856751,-10.158362,-4.111582,-6.957474,40.700119,-9.095376,25.719772,2.869803,-18.848515,-6.574985,-6.484303,-0.618613,-3.731200,3.144389,4.324163,-6.816238,2.462484,-5.967855,-2.940045,-0.496559,-0.212575,0.000000,183.000000,4.000000,,,,0.000000,4.000000,4.000000,4.000000,4.000000,4.000000,4.000000,4.000000,4.000000,4.000000,4.000000,4.000000,4.000000,4.000000,4.000000,4.000000,4.000000,4.000000,4.000000,2.000000,4.000000,4.000000,4.000000,4.000000,4.000000,4.000000,4.000000,4.000000,4.000000,4.000000,4.000000,4.000000,4.000000,83.333336
1614076764.644383,89.000000,0.000000,6.680833,-0.432879,-7.921814,-9.638588,-12.448161,-6.077162,-3.291970,-16.604914,-7.654686,-10.460786,-6.488871,-4.851894,-16.302050,-5.645932,-14.642824,41.685059,-10.111921,16.976105,-4.825374,-19.855309,-11.696615,6.342695,-0.617995,-3.214648,-7.115165,0.217275,-7.322242,0.921560,-4.936246,-4.475567,-0.496063,-0.212363,0.000000,206.000000,4.000000,,,,0.000000,4.000000,4.000000,4.000000,4.000000,4.000000,4.000000,4.000000,4.000000,4.000000,4.000000,4.000000,4.000000,4.000000,4.000000,4.000000,4.000000,4.000000,4.000000,2.000000,4.000000,4.000000,4.000000,4.000000,4.000000,4.000000,4.000000,4.000000,4.000000,4.000000,4.000000,4.000000,4.000000,83.333336
1614076764.652232,90.000000,0.000000,4.622870,0.593195,-8.426713,-8.603308,-11.410071,-6.071085,-3.288678,-16.075489,-10.211134,-10.450325,-6.482382,-4.847043,-19.875492,-7.691568,-28.474335,22.669014,-9.076169,5.677077,-20.205164,-20.861094,-20.915688,6.336352,-0.617377,-5.775536,-13.261896,-4.398326,-12.443125,-1.130644,-4.931310,-4.471091,-0.495566,-0.212151,0.000000,111.000000,4.000000,,,,0.000000,4.000000,4.000000,4.000000,4.000000,4.000000,4.000000,4.000000,4.000000,4.000000,4.000000,4.000000,4.000000,4.000000,4.000000,4.000000,4.000000,4.000000,4.000000,2.000000,4.000000,4.000000,4.000000,4.000000,4.000000,4.000000,4.000000,4.000000,4.000000,4.000000,4.000000,4.000000,4.000000,83.333336
1614076764.659981,91.000000,0.000000,4.618247,-0.433039,-7.905466,-10.133166,-12.937123,-5.552194,-3.285390,-13.495311,-8.149641,-9.414234,-3.911797,-4.329375,-19.855616,-5.119774,-25.881758,32.902756,-9.067093,24.132938,-10.441369,-21.353052,-21.920412,-1.362292,-0.103939,-10.385145,-12.222993,-5.932390,-12.943502,-1.129513,-5.439199,-4.466620,-0.495071,-0.211938,0.000000,220.000000,4.000000,,,,0.000000,4.000000,4.000000,4.000000,4.000000,4.000000,4.000000,4.000000,4.000000,4.000000,4.000000,4.000000,4.000000,4.000000,4.000000,4.000000,4.000000,4.000000,4.000000,2.000000,4.000000,4.000000,4.000000,4.000000,4.000000,4.000000,4.000000,4.000000,4.000000,4.000000,4.000000,4.000000,4.000000,83.333336
1614076764.667830,92.000000,0.000000,4.613629,0.080214,-7.897560,-7.046110,-12.411366,-5.546641,-3.282104,-12.456175,-3.526107,-6.327897,-1.856603,-4.837866,-19.322941,-1.524911,-13.035364,41.074982,-9.570846,35.903679,14.184457,-21.844521,-18.308748,-4.437853,-0.616655,-9.861939,-8.621027,-0.798252,-6.263892,-1.128384,-4.920939,-4.462153,-0.494576,-0.211726,0.000000,150.000000,4.000000,,,,0.000000,4.000000,4.000000,4.000000,4.000000,4.000000,4.000000,4.000000,4.000000,4.000000,4.000000,4.000000,4.000000,4.000000,4.000000,4.000000,4.000000,4.000000,4.000000,2.000000,4.000000,4.000000,2.000000,4.000000,4.000000,4.000000,4.000000,4.000000,4.000000,4.000000,4.000000,4.000000,4.000000,66.666664
1614076764.675579,93.000000,0.000000,4.609015,5.208339,-8.402483,2.191705,-5.219467,-6.053915,-3.278822,-5.264231,-2.496940,-3.244646,-2.880388,-4.833028,-17.765156,-0.497745,-10.971046,21.546726,-10.074096,8.688287,9.554888,-23.873959,-18.290440,-3.407774,-1.128859,-6.775155,-5.022662,6.382033,-2.155064,-1.127255,-4.916018,-4.457691,-0.494081,-0.211515,0.000000,202.000000,4.000000,,,,0.000000,4.000000,4.000000,4.000000,4.000000,4.000000,4.000000,4.000000,4.000000,4.000000,4.000000,4.000000,4.000000,4.000000,4.000000,4.000000,4.000000,4.000000,4.000000,2.000000,4.000000,4.000000,2.000000,4.000000,4.000000,4.000000,4.000000,4.000000,4.000000,4.000000,4.000000,4.000000,4.000000,66.666664
1614076764.683428,94.000000,0.000000,4.604406,8.280054,-7.881260,5.779257,-2.137325,-5.535041,-2.762723,1.407700,-2.494443,-1.702940,-2.364687,-4.315375,-15.183288,0.015573,-11.472896,36.909794,-8.525560,-0.038350,-10.454667,-24.875725,-18.272150,-1.865905,-0.102089,-6.768379,-3.991998,5.862831,-2.665730,-1.126128,-4.911102,-4.453234,-0.493587,-0.211303,0.000000,194.000000,4.000000,,,,0.000000,4.000000,4.000000,4.000000,4.000000,4.000000,4.000000,4.000000,4.000000,4.000000,4.000000,4.000000,4.000000,4.000000,4.000000,4.000000,4.000000,4.000000,4.000000,2.000000,4.000000,4.000000,2.000000,4.000000,4.000000,4.000000,4.000000,4.000000,4.000000,4.000000,4.000000,4.000000,4.000000,66.666664
1614076764.691177,95.000000,0.000000,3.061340,8.271773,-7.873379,0.645273,-9.314674,-5.529506,-3.272781,2.944753,-3.517590,-2.726878,-2.362322,-5.849521,-16.193747,-2.035724,-12.999885,60.975449,-11.081137,18.936047,-8.392930,-29.979055,-18.253878,-0.838398,-2.153269,-7.274432,-4.500827,0.728763,-4.201526,-2.663464,-4.906191,-4.448781,-0.493094,-0.211092,0.000000,189.000000,4.000000,,,,0.000000,4.000000,4.000000,4.000000,4.000000,4.000000,4.000000,4.000000,4.000000,4.000000,4.000000,4.000000,4.000000,4.000000,4.000000,4.000000,4.000000,4.000000,4.000000,2.000000,4.000000,4.000000,2.000000,4.000000,4.000000,4.000000,4.000000,4.000000,4.000000,4.000000,4.000000,4.000000,4.000000,66.666664
1614076764.699026,96.000000,0.000000,-0.531465,7.750681,-7.865506,-2.432296,-13.407924,-9.113720,-5.320790,1.403347,-6.078175,-5.801074,-10.565088,-9.946236,-18.741655,-6.649073,-20.166372,40.914474,-16.711082,20.455572,-0.179409,-32.513180,-17.722803,-1.350380,-7.792141,-6.754336,-3.983506,-2.348889,-7.274247,-4.712082,-4.901285,-4.444332,-0.492600,-0.210881,8064.000000,0.000000,4.000000,,,,0.000000,4.000000,4.000000,4.000000,4.000000,4.000000,4.000000,4.000000,4.000000,4.000000,4.000000,4.000000,4.000000,4.000000,4.000000,4.000000,4.000000,4.000000,4.000000,2.000000,4.000000,4.000000,2.000000,4.000000,4.000000,4.000000,4.000000,4.000000,4.000000,4.000000,4.000000,4.000000,4.000000,66.666664
1614076764.706775,97.000000,0.000000,-3.095036,8.255752,-7.857640,-1.404222,-11.856054,-13.207170,-7.366751,-6.803185,-6.072096,-5.795273,-17.221189,-12.500392,-17.184452,-6.129604,-20.146206,38.822277,-16.694370,25.050501,-3.256153,-22.737076,-11.551234,-3.913132,-7.784349,-6.234762,-4.492342,-3.885002,-10.343896,-5.220191,-4.896384,-4.439888,-0.492108,-0.210670,8064.000000,0.000000,4.000000,,,,0.000000,4.000000,4.000000,4.000000,4.000000,4.000000,4.000000,4.000000,4.000000,4.000000,4.000000,4.000000,4.000000,4.000000,4.000000,4.000000,4.000000,4.000000,4.000000,2.000000,4.000000,4.000000,2.000000,4.000000,4.000000,4.000000,4.000000,4.000000,4.000000,4.000000,4.000000,4.000000,4.000000,66.666664
1614076764.714624,98.000000,0.000000,-3.091941,7.734675,-7.849782,-1.402818,-13.895480,-13.706783,-6.846564,-13.975868,-7.091665,-5.789477,-13.101404,-11.975071,-15.115985,-0.995269,-9.869649,54.168072,-11.036651,38.871605,2.388129,-9.381004,-4.873016,-4.934860,-2.135540,-7.254168,-4.487850,-4.906758,-10.846373,-4.702150,-4.891488,-4.435448,-0.491616,-0.210459,8064.000000,0.000000,4.000000,,,,0.000000,4.000000,4.000000,4.000000,4.000000,4.000000,4.000000,4.000000,4.000000,4.000000,4.000000,4.000000,4.000000,4.000000,4.000000,4.000000,4.000000,4.000000,4.000000,2.000000,4.000000,4.000000,2.000000,4.000000,4.000000,4.000000,4.000000,4.000000,4.000000,4.000000,4.000000,4.000000,4.000000,66.666664
1614076764.722473,99.000000,0.000000,-2.576028,7.726940,-7.841933,-1.914236,-16.958508,-13.180256,-6.839717,-12.936252,-11.187138,-11.937534,-10.011380,-11.963096,-15.613689,-2.019915,-7.808497,33.601082,-8.461512,28.063503,14.180613,-5.269060,-1.791220,-1.340182,-0.082122,-6.734093,-4.483362,-4.901851,-10.322705,-4.697448,-4.886596,-4.431012,-0.491124,-0.210249,8064.000000,0.000000,4.000000,,,,0.000000,4.000000,4.000000,4.000000,4.000000,4.000000,4.000000,4.000000,4.000000,4.000000,4.000000,4.000000,4.000000,4.000000,4.000000,4.000000,4.000000,4.000000,4.000000,2.000000,4.000000,4.000000,2.000000,4.000000,4.000000,4.000000,4.000000,4.000000,4.000000,4.000000,4.000000,4.000000,4.000000,66.666664
1614076764.730222,100.000000,0.000000,-3.086273,7.719213,-7.834091,-2.425142,-16.428728,-13.679896,-6.832878,-15.487418,-14.765694,-19.105083,-14.616753,-12.463953,-15.598076,-5.094818,-11.903254,29.977737,-9.478691,18.804670,5.961304,-6.802252,-2.815070,3.789364,-1.107681,-4.676077,-4.991700,-4.384129,-10.312383,-4.692750,-5.394530,-4.939402,-0.490633,-0.210039,8064.000000,0.000000,4.000000,,,,0.000000,4.000000,4.000000,4.000000,4.000000,4.000000,4.000000,4.000000,4.000000,4.000000,4.000000,4.000000,4.000000,4.000000,4.000000,4.000000,4.000000,4.000000,4.000000,2.000000,4.000000,4.000000,2.000000,4.000000,4.000000,4.000000,4.000000,4.000000,4.000000,4.000000,4.000000,4.000000,4.000000,66.666664
1614076764.737971,101.000000,0.000000,-2.570366,7.711494,-7.826257,-1.909896,-16.412300,-14.179037,-6.826045,-20.600136,-14.238108,-16.009056,-14.089315,-11.938669,-15.582478,-4.064082,-11.378530,53.024681,-9.469213,29.042274,-15.583119,-12.436476,-8.966101,-0.316990,-0.593753,-3.132940,-3.961067,-1.815642,-10.302071,-4.688057,-3.850674,-3.908821,-0.490142,-0.209829,8064.000000,0.000000,4.000000,,,,0.000000,4.000000,4.000000,4.000000,4.000000,4.000000,4.000000,4.000000,4.000000,4.000000,4.000000,4.000000,4.000000,4.000000,4.000000,4.000000,4.000000,4.000000,4.000000,2.000000,4.000000,4.000000,2.000000,4.000000,4.000000,4.000000,4.000000,4.000000,4.000000,4.000000,4.000000,4.000000,4.000000,66.666664
1614076764.745820,102.000000,0.000000,-2.567796,7.703783,-7.818430,-1.907986,-15.883067,-13.139217,-6.819219,-13.912868,-13.711049,-12.916123,-9.972662,-11.926730,-16.079716,-5.085659,-11.367151,31.433197,-8.946922,25.423489,-14.541895,-17.552244,-13.059699,-8.008981,0.432482,-2.104166,-1.905824,1.775917,-9.778948,-4.683370,-1.282721,-1.340810,0.023168,-0.209619,8064.000000,0.000000,4.000000,,,,0.000000,4.000000,4.000000,4.000000,4.000000,4.000000,4.000000,4.000000,4.000000,4.000000,4.000000,4.000000,4.000000,4.000000,4.000000,4.000000,4.000000,4.000000,4.000000,2.000000,4.000000,4.000000,2.000000,4.000000,4.000000,4.000000,4.000000,4.000000,4.000000,4.000000,4.000000,4.000000,4.000000,66.666664
1614076764.753569,103.000000,0.000000,-2.565228,7.696079,-7.810612,-3.957361,-16.892826,-13.638898,-6.812399,-5.181007,-14.210158,-15.467310,-11.501151,-11.914804,-15.037995,-8.157496,-10.330143,14.991507,-9.450796,26.423706,7.523929,-16.509050,-5.354331,-2.359946,-0.593591,-0.050779,-0.365456,2.799782,-5.666605,-4.678686,-0.768617,-0.313828,-2.028137,-0.209409,8064.000000,0.000000,4.000000,,,,0.000000,4.000000,4.000000,4.000000,4.000000,4.000000,4.000000,4.000000,4.000000,4.000000,4.000000,4.000000,4.000000,4.000000,4.000000,4.000000,4.000000,4.000000,4.000000,2.000000,4.000000,4.000000,2.000000,4.000000,4.000000,4.000000,4.000000,4.000000,4.000000,4.000000,4.000000,4.000000,4.000000,66.666664
1614076764.761418,104.000000,0.000000,-2.562663,7.688383,-7.802801,-6.004685,-16.875933,-14.138080,-6.805587,-5.175826,-14.195949,-11.349278,-12.002471,-9.851606,-12.458855,-3.021134,-3.653146,47.797028,-8.928525,44.858822,15.721533,-16.492542,0.804869,8.411645,-0.592998,0.974912,1.173371,3.309803,-2.071195,-4.674007,-1.280669,-0.826335,-4.077391,-0.209200,8064.000000,0.000000,4.000000,,,,0.000000,4.000000,4.000000,4.000000,4.000000,4.000000,4.000000,4.000000,4.000000,4.000000,4.000000,4.000000,4.000000,4.000000,4.000000,4.000000,4.000000,4.000000,4.000000,2.000000,4.000000,4.000000,2.000000,4.000000,4.000000,4.000000,4.000000,4.000000,4.000000,4.000000,4.000000,4.000000,4.000000,66.666664
1614076764.769167,105.000000,0.000000,-2.560100,7.680695,-7.794999,-3.947398,-10.705211,-8.482916,-6.798781,-6.709112,-12.643291,0.456943,-5.323802,-7.790473,-11.420754,5.187016,-1.085390,65.185127,-9.945237,41.224220,3.910940,-21.604254,-3.811321,10.454515,-0.079584,0.461117,3.223479,3.306493,-4.633226,-4.669333,-1.279389,-0.825508,-4.586134,-0.208990,8064.000000,0.000000,4.000000,,,,0.000000,4.000000,4.000000,4.000000,4.000000,4.000000,4.000000,4.000000,4.000000,4.000000,4.000000,4.000000,4.000000,4.000000,4.000000,4.000000,4.000000,4.000000,4.000000,2.000000,4.000000,4.000000,2.000000,4.000000,4.000000,4.000000,4.000000,4.000000,4.000000,4.000000,4.000000,4.000000,4.000000,66.666664
1614076764.777016,106.000000,0.000000,-4.608822,7.673014,-8.300024,-1.892169,-5.053480,-0.269305,-6.791983,-6.702403,-10.579366,6.097511,-2.754375,-9.321144,-12.434975,7.233110,-5.186869,42.555840,-13.012215,26.824020,-3.272458,-22.608292,-7.910073,7.367138,-3.156428,0.460656,3.220256,1.251905,-11.295259,-4.664664,-1.278109,-0.824683,-4.068727,-0.208781,8064.000000,0.000000,4.000000,,,,0.000000,4.000000,4.000000,4.000000,4.000000,4.000000,4.000000,4.000000,4.000000,4.000000,4.000000,4.000000,4.000000,4.000000,4.000000,4.000000,4.000000,4.000000,4.000000,2.000000,4.000000,4.000000,2.000000,4.000000,4.000000,4.000000,4.000000,4.000000,4.000000,4.000000,4.000000,4.000000,4.000000,66.666664
1614076764.784766,107.000000,0.000000,-6.655495,7.665341,-7.778903,-1.890277,-5.048426,2.807887,-6.785191,-5.670059,-10.055965,4.552952,-3.264441,-11.875925,-12.422540,6.200236,-5.694502,46.103027,-13.512023,30.899761,-2.243545,-22.072863,-6.876522,1.718745,-7.768656,0.460195,2.704215,-0.800629,-14.873708,-4.659999,-1.276831,-1.336679,-4.577479,-0.721393,8064.000000,0.000000,4.000000,,,,0.000000,4.000000,4.000000,4.000000,4.000000,4.000000,4.000000,4.000000,4.000000,4.000000,4.000000,4.000000,4.000000,4.000000,4.000000,4.000000,4.000000,4.000000,4.000000,2.000000,4.000000,4.000000,2.000000,4.000000,4.000000,4.000000,4.000000,4.000000,4.000000,4.000000,4.000000,4.000000,4.000000,66.666664
1614076764.792615,108.000000,0.000000,-6.136019,8.170496,-4.694201,-2.401207,-3.504916,1.266618,-6.778406,-2.074646,-10.045910,4.548399,-1.722715,-11.351229,-10.871655,7.732498,-2.611885,58.877438,-12.985691,30.868860,-1.728481,-21.537970,-6.356825,-4.436820,-8.273707,-0.053085,2.701511,-0.799829,-13.320373,-4.655339,-1.275554,-0.822521,-4.060081,-0.207851,8064.000000,0.000000,4.000000,,,,0.000000,4.000000,4.000000,4.000000,4.000000,4.000000,4.000000,4.000000,4.000000,4.000000,4.000000,4.000000,4.000000,4.000000,4.000000,4.000000,4.000000,4.000000,4.000000,2.000000,4.000000,4.000000,2.000000,4.000000,4.000000,4.000000,4.000000,4.000000,4.000000,4.000000,4.000000,4.000000,4.000000,66.666664
1614076764.800463,109.000000,0.000000,-6.129883,6.111043,-4.689507,-1.885985,2.139614,1.778172,-6.771627,-5.662314,-11.061505,5.569492,-4.797915,-12.365519,-12.399245,7.724765,-4.147735,34.203175,-13.485525,28.273890,5.452735,-15.362585,-5.324827,1.721463,-7.752614,0.459788,3.724450,-0.799029,-14.332693,-5.163505,-1.274279,-0.821699,-4.056021,-0.207643,8064.000000,0.000000,4.000000,,,,0.000000,4.000000,4.000000,4.000000,4.000000,4.000000,4.000000,4.000000,4.000000,4.000000,4.000000,4.000000,4.000000,4.000000,4.000000,4.000000,4.000000,4.000000,4.000000,2.000000,4.000000,4.000000,2.000000,4.000000,4.000000,4.000000,4.000000,4.000000,4.000000,4.000000,4.000000,4.000000,4.000000,66.666664
1614076764.808213,110.000000,0.000000,-6.636574,4.053650,-4.171998,-1.884099,2.650295,1.776394,-6.764855,-9.246396,-8.999162,4.538281,-6.331579,-12.353153,-12.386847,6.178579,-3.117946,9.040768,-9.882297,41.578949,15.703692,-8.167735,-3.268220,14.027434,-7.744861,0.972149,3.207905,-1.311050,-15.344002,-4.132700,-1.273004,-0.820877,-4.564785,-1.233077,8064.000000,0.000000,4.000000,,,,0.000000,4.000000,4.000000,4.000000,4.000000,4.000000,4.000000,4.000000,4.000000,4.000000,4.000000,4.000000,4.000000,4.000000,4.000000,4.000000,4.000000,4.000000,4.000000,2.000000,4.000000,4.000000,2.000000,4.000000,4.000000,4.000000,4.000000,4.000000,4.000000,4.000000,4.000000,4.000000,4.000000,66.666664
1614076764.816062,111.000000,0.000000,-5.091475,3.536776,0.960380,-1.369395,2.647645,1.261797,-6.758090,2.044902,-0.785034,8.123487,5.982445,-2.084390,-1.092408,12.839067,15.346710,39.288136,-0.641645,53.845062,14.149528,-5.595465,-0.700850,14.526227,-4.660193,-0.054464,2.179056,0.741543,-7.123529,-2.077285,-1.271731,1.744046,-3.534580,0.819438,8064.000000,0.000000,4.000000,,,,0.000000,4.000000,4.000000,4.000000,4.000000,4.000000,4.000000,4.000000,4.000000,4.000000,4.000000,4.000000,4.000000,4.000000,4.000000,4.000000,4.000000,4.000000,4.000000,2.000000,4.000000,4.000000,2.000000,4.000000,4.000000,4.000000,4.000000,4.000000,4.000000,4.000000,4.000000,4.000000,4.000000,66.666664
1614076764.823911,112.000000,0.000000,-2.522281,4.046060,4.036343,1.708898,5.721920,1.260535,-6.751333,12.299267,4.856777,14.269209,15.207232,6.635643,10.703556,18.467253,33.280083,72.069359,3.461561,55.842499,9.519993,-5.077049,2.376774,8.870675,-0.552969,2.509693,7.305082,3.304904,1.088722,-0.536746,-1.270460,5.844866,-1.479763,7.485286,8064.000000,0.000000,4.000000,,,,0.000000,4.000000,4.000000,4.000000,4.000000,4.000000,4.000000,4.000000,4.000000,4.000000,4.000000,4.000000,4.000000,4.000000,4.000000,4.000000,4.000000,4.000000,4.000000,2.000000,4.000000,4.000000,2.000000,4.000000,4.000000,4.000000,4.000000,4.000000,4.000000,4.000000,4.000000,4.000000,4.000000,66.666664
1614076764.831660,113.000000,0.000000,-2.519759,4.042014,3.519486,4.784112,3.664917,1.259274,-6.744581,6.645942,5.364740,14.767760,9.550999,1.500803,4.539006,8.192376,19.913469,53.022934,-3.721388,48.094349,8.484832,-14.302741,-0.702526,6.297702,-0.039595,7.635388,9.349059,2.275958,-2.502110,-1.049030,-1.269189,7.890304,0.060178,11.580364,8064.000000,0.000000,4.000000,,,,0.000000,4.000000,4.000000,4.000000,4.000000,4.000000,4.000000,4.000000,4.000000,4.000000,4.000000,4.000000,4.000000,4.000000,4.000000,4.000000,4.000000,4.000000,4.000000,2.000000,4.000000,4.000000,2.000000,4.000000,4.000000,4.000000,4.000000,4.000000,4.000000,4.000000,4.000000,4.000000,4.000000,66.666664
1614076764.839509,114.000000,0.000000,-2.517240,4.037972,3.515966,6.317790,-1.466954,1.258015,-6.737837,-0.027370,4.846555,9.111967,4.413242,-5.167365,-7.773225,-6.687611,-7.285932,20.662218,-12.435616,27.533434,2.835322,-31.211515,-11.983874,6.804224,-0.552376,5.063650,-1.429520,-0.290421,-6.602172,-1.047981,-1.267920,5.318311,-0.452702,10.543143,8064.000000,0.000000,4.000000,,,,0.000000,4.000000,4.000000,4.000000,4.000000,4.000000,4.000000,4.000000,4.000000,4.000000,4.000000,4.000000,4.000000,4.000000,4.000000,4.000000,4.000000,4.000000,4.000000,2.000000,4.000000,4.000000,2.000000,4.000000,4.000000,4.000000,4.000000,4.000000,4.000000,4.000000,4.000000,4.000000,4.000000,66.666664
1614076764.847258,115.000000,0.000000,-2.514722,4.033934,1.973989,4.260190,-1.978307,1.256757,-6.731099,1.511119,2.790426,3.974650,3.896009,-4.649377,-8.791093,-9.245026,-16.509415,22.180017,-13.448821,16.223850,-0.757257,-37.334148,-18.638557,7.310241,-0.551824,-4.685003,-12.197322,-2.341412,-7.108390,-1.046933,-1.266652,0.697608,-0.452250,10.532599,8064.000000,0.000000,4.000000,,,,0.000000,4.000000,4.000000,4.000000,4.000000,4.000000,4.000000,4.000000,4.000000,4.000000,4.000000,4.000000,4.000000,4.000000,4.000000,4.000000,4.000000,4.000000,4.000000,2.000000,4.000000,4.000000,2.000000,4.000000,4.000000,4.000000,4.000000,4.000000,4.000000,4.000000,4.000000,4.000000,4.000000,66.666664
1614076764.855107,116.000000,0.000000,-3.025028,4.029900,-3.156190,-1.897917,-0.950688,1.255500,-6.724368,2.022428,-2.340569,1.406573,-3.287374,-3.619087,-7.756661,-7.697320,-15.467265,50.362965,-12.922551,20.310190,-4.346243,-37.296814,-19.645559,5.251648,-0.551272,-9.808523,-13.723586,-3.877532,-13.767948,-1.045886,-1.265386,-1.354372,0.061023,11.034887,8064.000000,0.000000,4.000000,,,,0.000000,4.000000,4.000000,4.000000,4.000000,4.000000,4.000000,4.000000,4.000000,4.000000,4.000000,4.000000,4.000000,4.000000,4.000000,4.000000,4.000000,4.000000,4.000000,2.000000,4.000000,4.000000,2.000000,4.000000,4.000000,4.000000,4.000000,4.000000,4.000000,4.000000,4.000000,4.000000,4.000000,66.666664
1614076764.862856,117.000000,0.000000,-1.996362,4.025870,-5.204316,-5.485763,-1.462558,1.254245,-6.717643,0.481944,-3.363869,0.379525,-7.386651,-5.153929,-8.774545,-8.202443,-15.451797,41.081833,-14.960911,17.725777,-13.572666,-37.259518,-16.548990,2.682294,-1.063541,-10.824356,-11.658580,-4.899296,-15.805463,-1.044840,-1.264120,-0.840197,0.060962,10.511032,8064.000000,0.000000,4.000000,,,,0.000000,4.000000,4.000000,4.000000,4.000000,4.000000,4.000000,4.000000,4.000000,4.000000,4.000000,4.000000,4.000000,4.000000,4.000000,4.000000,4.000000,4.000000,4.000000,2.000000,4.000000,4.000000,2.000000,4.000000,4.000000,4.000000,4.000000,4.000000,4.000000,4.000000,4.000000,4.000000,4.000000,66.666664
1614076764.870705,118.000000,0.000000,0.056916,4.021844,-4.173471,-5.993097,-1.973916,1.252991,-6.710926,0.481462,-2.847685,2.430428,-0.199777,-5.661596,-4.150386,-2.553215,-8.769679,32.835625,-10.330565,23.861897,-4.841145,-23.888926,-4.737570,4.730894,-0.036837,-9.787890,-4.467434,-4.894396,-5.533247,-1.043796,-1.262856,-1.352177,-0.451920,10.500522,8064.000000,0.000000,4.000000,,,,0.000000,4.000000,4.000000,4.000000,4.000000,4.000000,4.000000,4.000000,4.000000,4.000000,4.000000,4.000000,4.000000,4.000000,4.000000,4.000000,4.000000,4.000000,4.000000,2.000000,4.000000,4.000000,2.000000,4.000000,4.000000,4.000000,4.000000,4.000000,4.000000,4.000000,4.000000,4.000000,4.000000,66.666664
1614076764.878454,119.000000,0.000000,1.595321,4.017822,-4.169298,-5.474284,-1.459121,1.251738,-6.704215,0.993801,-2.844837,4.479280,5.441448,-4.117473,2.007611,5.141646,1.495501,54.854069,1.987458,46.914959,19.266260,-5.403499,10.138962,9.341548,2.527303,-4.649898,5.280623,-4.889502,1.138953,-1.042752,-1.261593,-1.863646,0.061353,10.490021,8064.000000,0.000000,4.000000,,,,0.000000,4.000000,4.000000,4.000000,4.000000,4.000000,4.000000,4.000000,4.000000,4.000000,4.000000,4.000000,4.000000,4.000000,4.000000,4.000000,4.000000,4.000000,4.000000,2.000000,4.000000,4.000000,2.000000,4.000000,4.000000,4.000000,4.000000,4.000000,4.000000,4.000000,4.000000,4.000000,4.000000,66.666664
1614076764.886303,120.000000,0.000000,1.080905,4.013804,-5.190769,-5.981630,-1.457662,1.250486,-6.697511,0.992807,-3.354813,4.474800,4.410366,-1.549253,3.031244,7.700607,4.058108,65.055626,7.113675,49.432148,20.785456,-1.808352,12.692925,10.357847,3.550416,0.482958,7.326624,-4.371792,0.624994,-1.041709,-1.260332,-0.836141,-0.451529,10.479530,8064.000000,0.000000,4.000000,,,,0.000000,4.000000,4.000000,4.000000,4.000000,4.000000,4.000000,4.000000,4.000000,4.000000,4.000000,4.000000,4.000000,4.000000,4.000000,4.000000,4.000000,4.000000,4.000000,2.000000,4.000000,4.000000,2.000000,4.000000,4.000000,4.000000,4.000000,4.000000,4.000000,4.000000,4.000000,4.000000,4.000000,66.666664
1614076764.894052,121.000000,0.000000,1.079824,4.009790,-4.672758,-5.462828,-1.969025,1.249235,-6.690813,0.991814,-3.351458,4.470325,3.893135,-1.034883,2.515392,6.667265,3.028409,57.811085,5.055279,39.639126,6.918516,-2.832184,11.141771,10.860310,3.034046,0.995295,5.780836,-4.880241,0.624368,-1.040667,-1.259071,-1.348125,-4.553641,10.469051,8064.000000,0.000000,4.000000,,,,0.000000,4.000000,4.000000,4.000000,4.000000,4.000000,4.000000,4.000000,4.000000,4.000000,4.000000,4.000000,4.000000,4.000000,4.000000,4.000000,4.000000,4.000000,4.000000,2.000000,4.000000,4.000000,2.000000,4.000000,4.000000,4.000000,4.000000,4.000000,4.000000,4.000000,4.000000,4.000000,4.000000,66.666664
1614076764.901901,122.000000,0.000000,1.078745,4.005781,-4.155265,-5.457365,-1.454235,1.247986,-6.684122,0.990823,-2.835286,4.465855,4.914883,-0.521027,3.538518,7.173419,4.051021,58.778915,6.075865,45.753330,6.911598,-0.778070,12.156271,9.823809,3.031012,0.481479,6.800696,-4.875360,1.649385,-1.039627,-1.257812,-1.346777,-8.138831,10.458582,8064.000000,0.000000,4.000000,,,,0.000000,4.000000,4.000000,4.000000,4.000000,4.000000,4.000000,4.000000,4.000000,4.000000,4.000000,4.000000,4.000000,4.000000,4.000000,4.000000,4.000000,4.000000,4.000000,2.000000,4.000000,4.000000,2.000000,4.000000,4.000000,4.000000,4.000000,4.000000,4.000000,4.000000,4.000000,4.000000,4.000000,66.666664
1614076764.909650,123.000000,0.000000,1.077666,4.001775,-5.176751,-5.451908,-1.452781,0.733918,-6.677438,1.502652,-2.832451,4.461389,5.422788,-0.520506,1.996518,7.679066,4.559791,59.232956,5.044148,35.451168,9.468788,-8.982420,10.605653,2.634498,3.540801,0.993818,6.793896,0.257720,0.622095,-1.038587,-1.256554,3.782775,-8.130692,10.960944,8064.000000,0.000000,4.000000,,,,0.000000,4.000000,4.000000,4.000000,4.000000,4.000000,4.000000,4.000000,4.000000,4.000000,4.000000,4.000000,4.000000,4.000000,4.000000,4.000000,4.000000,4.000000,4.000000,2.000000,4.000000,4.000000,2.000000,4.000000,4.000000,4.000000,4.000000,4.000000,4.000000,4.000000,4.000000,4.000000,4.000000,66.666664
1614076764.917499,124.000000,0.000000,1.076588,3.484953,-4.145933,-3.907994,-2.476969,1.246004,-6.670761,1.501150,-3.342439,4.456928,4.904545,-3.084088,-1.595222,6.645746,3.016769,48.917313,1.449361,17.466999,9.972140,-17.178566,7.518124,3.657504,3.024440,0.992825,6.274281,6.924129,1.134293,-1.037548,-1.255298,11.984120,-7.609742,10.437162,8064.000000,0.000000,4.000000,,,,0.000000,4.000000,4.000000,4.000000,4.000000,4.000000,4.000000,4.000000,4.000000,4.000000,4.000000,4.000000,4.000000,4.000000,4.000000,4.000000,4.000000,4.000000,4.000000,2.000000,4.000000,4.000000,2.000000,4.000000,4.000000,4.000000,4.000000,4.000000,4.000000,4.000000,4.000000,4.000000,4.000000,66.666664
1614076764.925248,125.000000,0.000000,1.075511,4.507109,2.524880,-1.852804,0.602431,3.808861,-6.664090,0.474007,-1.800635,4.452471,3.873999,-4.106645,-0.567986,6.639100,3.526573,51.432499,1.447911,41.552097,18.680117,-10.494720,7.510606,18.525642,3.021415,0.479011,8.832109,6.917205,0.620338,-1.036511,-1.254043,14.536239,-5.550849,10.426725,8064.000000,0.000000,4.000000,,,,0.000000,4.000000,4.000000,4.000000,4.000000,4.000000,4.000000,4.000000,4.000000,4.000000,4.000000,4.000000,4.000000,4.000000,4.000000,4.000000,4.000000,4.000000,4.000000,2.000000,4.000000,4.000000,2.000000,4.000000,4.000000,4.000000,4.000000,4.000000,4.000000,4.000000,4.000000,4.000000,4.000000,66.666664
1614076764.933097,126.000000,0.000000,1.074436,7.066704,7.650560,-1.338131,8.294136,5.343513,-6.657426,2.011995,0.765268,4.448019,5.408587,-2.564077,-0.567418,7.145281,3.010226,68.304138,0.933643,64.074646,18.148617,-8.945765,6.477454,21.584040,3.531214,0.478532,12.925841,6.910287,-1.431564,-1.035474,-1.252788,13.496061,-4.006837,11.441939,8064.000000,0.000000,4.000000,,,,0.000000,4.000000,4.000000,4.000000,4.000000,4.000000,4.000000,4.000000,4.000000,4.000000,4.000000,4.000000,4.000000,4.000000,4.000000,4.000000,4.000000,4.000000,4.000000,2.000000,4.000000,4.000000,2.000000,4.000000,4.000000,4.000000,4.000000,4.000000,4.000000,4.000000,4.000000,4.000000,4.000000,66.666664
1614076764.940846,127.000000,0.000000,1.073362,8.085279,7.642910,-1.849613,10.849944,4.825349,-6.650768,1.497162,1.277323,4.443571,3.351896,-5.125616,-9.284800,4.574034,-5.710733,63.107632,-5.221137,32.215698,10.950980,-18.680408,2.881233,2.075276,0.450760,0.478054,14.964197,7.416198,-2.968594,-1.034439,-1.251536,13.995386,-4.002831,8.353575,8064.000000,0.000000,4.000000,,,,0.000000,4.000000,4.000000,4.000000,4.000000,4.000000,4.000000,4.000000,4.000000,4.000000,4.000000,4.000000,4.000000,4.000000,4.000000,4.000000,4.000000,4.000000,4.000000,2.000000,4.000000,4.000000,2.000000,4.000000,4.000000,4.000000,4.000000,4.000000,4.000000,4.000000,4.000000,4.000000,4.000000,66.666664
1614076764.948695,0.000000,0.000000,1.072288,7.564373,6.609626,-1.847763,6.736530,4.820524,-6.644118,-6.709463,0.763225,4.439127,-5.369404,-8.197413,-16.967823,-0.045925,-14.935791,33.300934,-9.318480,1.927074,8.375927,-23.277113,-2.249853,-8.696031,-4.165075,0.477576,11.872311,1.767756,-3.478446,-1.033404,-1.250284,13.981390,-3.998828,3.729836,0.000000,164.000000,4.000000,,,,0.000000,4.000000,4.000000,4.000000,4.000000,4.000000,4.000000,4.000000,4.000000,4.000000,4.000000,4.000000,4.000000,4.000000,4.000000,4.000000,4.000000,4.000000,4.000000,2.000000,4.000000,4.000000,2.000000,4.000000,4.000000,4.000000,4.000000,4.000000,4.000000,4.000000,4.000000,4.000000,4.000000,66.666664
1614076764.956444,1.000000,0.000000,1.071216,7.556808,7.115837,-1.845916,6.729794,5.328524,-6.637474,-13.882240,0.762462,4.947508,-11.005060,-5.625113,-15.412393,-1.071520,-12.869574,21.985582,-8.283521,6.027711,0.675243,-21.715374,-7.375808,1.056255,-5.186551,-0.035722,7.245053,-3.875037,-2.962147,-1.032371,-1.249034,13.454588,-3.994829,3.213286,0.000000,214.000000,4.000000,,,,0.000000,4.000000,4.000000,4.000000,4.000000,4.000000,4.000000,4.000000,4.000000,4.000000,4.000000,4.000000,4.000000,4.000000,4.000000,4.000000,4.000000,4.000000,4.000000,2.000000,4.000000,4.000000,2.000000,4.000000,4.000000,4.000000,4.000000,4.000000,4.000000,4.000000,4.000000,4.000000,4.000000,66.666664
1614076764.964293,2.000000,0.000000,1.070145,7.549252,7.621541,-1.331249,6.723064,4.810375,-6.630836,-11.817077,0.761700,3.404099,-6.378671,-4.081027,-11.294416,-0.557628,-7.215678,33.758469,-4.685493,11.662709,0.161747,-17.591095,-6.342792,8.234686,-2.617262,0.477134,5.699347,-2.332701,-0.907903,-1.031339,-1.760605,13.441133,-3.990834,2.697253,0.000000,200.000000,4.000000,,,,0.000000,4.000000,4.000000,4.000000,4.000000,4.000000,4.000000,4.000000,4.000000,4.000000,4.000000,4.000000,4.000000,4.000000,4.000000,4.000000,4.000000,4.000000,4.000000,2.000000,4.000000,4.000000,2.000000,4.000000,4.000000,4.000000,4.000000,4.000000,4.000000,4.000000,4.000000,4.000000,4.000000,66.666664
1614076764.972042,3.000000,0.000000,1.069075,7.541702,6.075458,-2.868380,-2.001608,4.805565,-6.624205,-9.241157,0.760938,1.349413,-1.756908,-4.076945,-9.231840,-0.557070,-3.105899,39.878555,0.447397,23.958738,20.161585,-6.291452,-0.695423,6.175169,-0.563363,2.527939,6.206468,-0.791907,0.631467,-1.030307,-1.758845,13.427692,-3.986843,-3.459291,0.000000,202.000000,4.000000,,,,0.000000,4.000000,4.000000,4.000000,4.000000,4.000000,4.000000,4.000000,4.000000,4.000000,4.000000,4.000000,4.000000,4.000000,4.000000,4.000000,4.000000,4.000000,4.000000,2.000000,4.000000,4.000000,2.000000,4.000000,4.000000,4.000000,4.000000,4.000000,4.000000,4.000000,4.000000,4.000000,4.000000,66.666664
1614076764.979891,4.000000,0.000000,1.068005,8.046981,1.966819,-4.916793,-9.691914,5.313580,-6.617581,-10.257557,0.760177,0.835243,-2.780792,-1.508766,-7.171326,0.469128,-0.538690,43.428421,2.498232,37.780933,22.192707,-0.644135,1.356554,6.681815,-0.562799,4.576693,6.200262,-1.303935,0.630835,-1.029277,-1.244265,11.362983,-3.982856,-8.584037,0.000000,192.000000,4.000000,,,,0.000000,4.000000,4.000000,4.000000,4.000000,4.000000,4.000000,4.000000,4.000000,4.000000,4.000000,4.000000,4.000000,4.000000,4.000000,4.000000,4.000000,4.000000,4.000000,2.000000,4.000000,4.000000,2.000000,4.000000,4.000000,4.000000,4.000000,4.000000,4.000000,4.000000,4.000000,4.000000,4.000000,66.666664
1614076764.987640,5.000000,0.000000,1.066937,5.987652,-1.112071,-5.937518,-9.682222,3.769804,-6.610963,-9.734478,0.759417,0.834408,-5.342113,-1.507257,-9.215437,-2.095444,-6.179177,44.923454,-3.145292,20.820076,5.760257,-7.310157,-1.208905,7.700774,-0.562237,4.572116,5.681241,-0.789811,0.630204,-1.028248,-1.755842,9.300338,-3.978873,-8.062633,0.000000,185.000000,4.000000,,,,0.000000,4.000000,4.000000,4.000000,4.000000,4.000000,4.000000,4.000000,4.000000,4.000000,4.000000,4.000000,4.000000,4.000000,4.000000,4.000000,4.000000,4.000000,4.000000,2.000000,4.000000,4.000000,2.000000,4.000000,4.000000,4.000000,4.000000,4.000000,4.000000,4.000000,4.000000,4.000000,4.000000,66.666664
1614076764.995489,6.000000,0.000000,1.065871,3.930382,-0.598139,-5.418759,-9.159719,1.714753,-7.117173,-8.186282,0.758658,0.320753,-6.875233,-5.095493,-13.821606,-7.734374,-15.403768,33.083660,-9.295993,11.055666,11.395522,-9.866950,0.330766,6.154612,-0.561674,3.541903,6.188380,-3.353124,0.629574,-1.027220,-1.241265,9.803858,-3.974895,-7.541749,0.000000,188.000000,4.000000,,,,0.000000,4.000000,4.000000,4.000000,4.000000,4.000000,4.000000,4.000000,4.000000,4.000000,4.000000,4.000000,4.000000,4.000000,4.000000,4.000000,4.000000,4.000000,4.000000,2.000000,4.000000,4.000000,2.000000,4.000000,4.000000,4.000000,4.000000,4.000000,4.000000,4.000000,4.000000,4.000000,4.000000,66.666664
1614076765.003238,7.000000,0.000000,1.064805,6.490555,0.428100,-4.900520,-9.150559,1.200217,-6.597235,-5.101173,0.757899,1.346073,-5.842717,-4.577578,-14.833426,-6.700999,-14.875543,29.460833,-9.286696,32.583073,14.461050,-10.369904,1.356076,8.199739,-0.561113,3.025541,6.182192,-2.836950,1.141765,-1.026192,3.375361,10.306874,-3.970920,-7.534207,0.000000,189.000000,4.000000,,,,0.000000,4.000000,4.000000,4.000000,4.000000,4.000000,4.000000,4.000000,4.000000,4.000000,4.000000,4.000000,4.000000,4.000000,4.000000,4.000000,4.000000,4.000000,4.000000,2.000000,4.000000,4.000000,2.000000,4.000000,4.000000,4.000000,4.000000,4.000000,4.000000,4.000000,4.000000,4.000000,4.000000,66.666664
1614076765.011087,8.000000,0.000000,1.063740,8.535346,-2.136430,-5.408440,-8.115767,0.173376,-6.590638,-4.070431,1.269961,0.831907,-5.836874,-5.085820,-17.382694,-8.745580,-14.347847,37.636501,-10.303051,31.524847,-11.194437,-26.256969,-11.978614,5.627437,-0.560552,5.586617,6.688830,4.345374,1.653444,-1.025166,7.474549,9.783748,-3.966949,-7.526673,0.000000,182.000000,4.000000,,,,0.000000,4.000000,4.000000,4.000000,4.000000,4.000000,4.000000,4.000000,4.000000,4.000000,4.000000,4.000000,4.000000,4.000000,4.000000,4.000000,4.000000,4.000000,4.000000,2.000000,4.000000,4.000000,2.000000,4.000000,4.000000,4.000000,4.000000,4.000000,4.000000,4.000000,4.000000,4.000000,4.000000,66.666664
1614076765.018836,9.000000,0.000000,1.062676,5.449888,-7.262499,-8.992775,-10.671755,-2.903720,-7.096868,-10.220206,1.268692,-4.809951,-7.369499,-10.208940,-21.467876,-17.967604,-22.538628,27.855274,-13.369671,7.390759,-16.311447,-41.615330,-23.248686,-6.173062,-0.559991,4.042570,6.169321,5.366670,0.113329,-1.024141,4.902972,9.773964,-3.962982,-8.031967,0.000000,200.000000,4.000000,,,,0.000000,4.000000,4.000000,4.000000,4.000000,4.000000,4.000000,4.000000,4.000000,4.000000,4.000000,4.000000,4.000000,4.000000,4.000000,4.000000,4.000000,4.000000,4.000000,2.000000,4.000000,4.000000,2.000000,4.000000,4.000000,4.000000,4.000000,4.000000,4.000000,4.000000,4.000000,4.000000,4.000000,66.666664
1614076765.026685,10.000000,0.000000,1.061613,3.393156,-8.280877,-9.496603,-5.020057,-2.387996,-4.525669,-7.133063,0.754602,-4.292320,-4.285206,-11.737192,-19.907946,-11.282969,-18.926346,20.647930,-10.792199,16.614138,12.422812,-28.240379,-7.840822,-10.782274,-0.559431,-3.140960,6.163151,3.310021,0.626036,-1.023117,2.333967,10.789830,-3.959019,-6.485474,0.000000,202.000000,4.000000,,,,0.000000,4.000000,4.000000,4.000000,4.000000,4.000000,4.000000,4.000000,4.000000,4.000000,4.000000,4.000000,4.000000,4.000000,4.000000,4.000000,4.000000,4.000000,4.000000,2.000000,4.000000,4.000000,2.000000,4.000000,4.000000,4.000000,4.000000,4.000000,4.000000,4.000000,4.000000,4.000000,4.000000,66.666664
1614076765.034434,11.000000,0.000000,2.599013,4.415404,-6.734135,-7.948645,7.805476,1.204136,0.607062,11.848429,1.266668,2.891459,0.847284,-7.110071,-12.708551,4.625750,-0.445880,47.806770,-2.576278,49.418037,27.795006,-2.571113,10.628557,-1.027902,-0.558872,1.477565,7.182629,3.819532,4.215154,-1.022094,2.844453,7.702118,-3.442239,-8.017449,0.000000,199.000000,4.000000,,,,0.000000,4.000000,4.000000,4.000000,4.000000,4.000000,4.000000,4.000000,4.000000,4.000000,4.000000,4.000000,4.000000,4.000000,4.000000,4.000000,4.000000,4.000000,4.000000,2.000000,4.000000,4.000000,2.000000,4.000000,4.000000,4.000000,4.000000,4.000000,4.000000,4.000000,4.000000,4.000000,4.000000,66.666664
1614076765.042283,12.000000,0.000000,4.647696,1.846886,-11.342786,-14.094543,5.233568,-0.848351,0.606455,11.323760,0.752581,0.324465,0.333616,-4.026037,-10.131741,0.518560,2.631489,62.117939,-2.060882,50.907078,16.997980,-3.594183,3.438442,3.588511,-0.558313,14.296600,4.098524,-5.927877,0.108374,-1.021072,0.790327,-1.023533,-4.977259,-16.214560,0.000000,179.000000,4.000000,,,,0.000000,4.000000,4.000000,4.000000,4.000000,4.000000,4.000000,4.000000,4.000000,4.000000,4.000000,4.000000,4.000000,4.000000,4.000000,4.000000,4.000000,4.000000,4.000000,2.000000,4.000000,4.000000,2.000000,4.000000,4.000000,4.000000,4.000000,4.000000,4.000000,4.000000,4.000000,4.000000,4.000000,66.666664
1614076765.050032,13.000000,0.000000,4.643049,-3.283166,-14.921186,-21.259935,-7.592179,-6.488528,-4.009536,-11.251666,-2.837915,-6.855347,-4.794922,-4.534832,-13.198531,-10.764010,-13.268579,29.748127,-10.776770,18.548479,-0.967736,-25.641870,-10.923971,2.046461,-1.070575,10.692560,-1.033780,-18.229643,-9.635324,-1.020051,-4.338669,-6.150715,-7.536384,-19.788090,0.000000,188.000000,4.000000,,,,0.000000,4.000000,4.000000,4.000000,4.000000,4.000000,4.000000,4.000000,4.000000,4.000000,4.000000,4.000000,4.000000,4.000000,4.000000,4.000000,4.000000,4.000000,4.000000,2.000000,4.000000,4.000000,2.000000,4.000000,4.000000,4.000000,4.000000,4.000000,4.000000,4.000000,4.000000,4.000000,4.000000,66.666664
1614076765.057881,14.000000,0.000000,4.638406,-3.792704,-10.803701,-15.597650,-6.046125,-6.482039,-6.569629,-13.804518,-6.424821,-7.361312,-6.841409,-5.043118,-14.723795,-13.317348,-19.921976,6.128636,-16.407019,-4.546992,-7.120615,-33.308537,-10.913048,4.095696,-0.043863,-3.164286,-1.545567,-18.724234,-10.651329,-1.019030,-5.872791,-4.606102,-8.041668,-13.614455,0.000000,200.000000,4.000000,,,,0.000000,4.000000,4.000000,4.000000,4.000000,4.000000,4.000000,4.000000,4.000000,4.000000,4.000000,4.000000,4.000000,4.000000,4.000000,4.000000,4.000000,4.000000,4.000000,2.000000,4.000000,4.000000,2.000000,4.000000,4.000000,4.000000,4.000000,4.000000,4.000000,4.000000,4.000000,4.000000,4.000000,66.666664
1614076765.065730,15.000000,0.000000,5.146588,-0.711988,-7.715974,-9.428205,-0.911874,-3.398634,-6.563059,1.081082,-4.879934,-6.841130,-5.808927,-3.499613,-12.144968,-11.252749,-15.286670,32.276352,-11.262406,23.149862,3.655737,-20.454716,-8.850852,3.065959,-0.043820,-4.186763,-1.031201,-17.167048,-7.050934,-1.018011,-4.841278,-5.627137,-7.520806,-10.523917,0.000000,216.000000,4.000000,,,,0.000000,4.000000,4.000000,4.000000,4.000000,4.000000,4.000000,4.000000,4.000000,4.000000,4.000000,4.000000,4.000000,4.000000,4.000000,4.000000,4.000000,4.000000,4.000000,2.000000,4.000000,4.000000,2.000000,4.000000,4.000000,4.000000,4.000000,4.000000,4.000000,4.000000,4.000000,4.000000,4.000000,66.666664
1614076765.073479,16.000000,0.000000,4.628621,0.314365,-7.195438,-9.931598,-1.936603,-2.369595,-6.556496,3.131283,-2.823772,-2.731725,-6.315938,-1.444831,-8.030259,-0.472266,-13.732922,59.423565,-5.610118,43.126713,10.318748,-11.716312,-10.893284,4.088534,-1.069417,-2.644114,-1.542990,-12.021675,-7.043884,-1.529814,-5.349257,-5.621510,-8.026106,-12.564675,0.000000,178.000000,4.000000,,,,0.000000,4.000000,4.000000,4.000000,4.000000,4.000000,4.000000,4.000000,4.000000,4.000000,4.000000,4.000000,4.000000,4.000000,4.000000,4.000000,4.000000,4.000000,4.000000,2.000000,4.000000,4.000000,2.000000,4.000000,4.000000,4.000000,4.000000,4.000000,4.000000,4.000000,4.000000,4.000000,4.000000,66.666664
1614076765.081328,17.000000,0.000000,4.623992,-0.198770,-1.034396,-3.255000,5.244821,-2.367225,-7.062760,0.051229,-0.769667,8.040237,-6.822443,-0.417745,-7.509408,12.861540,-16.283291,48.594910,-6.630149,25.647690,2.616121,-14.781519,-3.190083,18.956242,0.470114,-4.179932,5.125219,2.862142,-2.421455,-1.015464,-4.318267,3.102060,-5.966797,-4.346983,0.000000,168.000000,4.000000,,,,0.000000,4.000000,4.000000,4.000000,4.000000,4.000000,4.000000,4.000000,4.000000,4.000000,4.000000,4.000000,4.000000,4.000000,4.000000,4.000000,4.000000,4.000000,4.000000,2.000000,4.000000,4.000000,2.000000,4.000000,4.000000,4.000000,4.000000,4.000000,4.000000,4.000000,4.000000,4.000000,4.000000,66.666664
1614076765.089078,18.000000,0.000000,5.132188,0.314250,4.607664,5.979024,12.419064,-2.364858,-7.055697,1.076818,0.769565,13.673223,-6.815621,-0.930148,-8.527540,8.746114,-16.267008,38.802727,-5.597878,31.775888,7.741710,-13.741096,11.172082,27.142412,3.546567,5.055017,16.914967,12.602869,4.760454,0.524013,-1.749846,10.791265,-1.345446,7.452236,0.000000,206.000000,4.000000,,,,0.000000,4.000000,4.000000,4.000000,4.000000,4.000000,4.000000,4.000000,4.000000,4.000000,4.000000,4.000000,4.000000,4.000000,4.000000,4.000000,4.000000,4.000000,4.000000,2.000000,4.000000,4.000000,2.000000,4.000000,4.000000,4.000000,4.000000,4.000000,4.000000,4.000000,4.000000,4.000000,4.000000,66.666664
1614076765.096926,19.000000,0.000000,3.075774,0.313935,3.577415,0.844840,4.201516,-2.362493,-6.535821,-2.001182,1.281615,10.069806,-6.295985,-0.929218,-8.006192,2.583522,-9.584075,62.866486,-4.053819,60.974880,23.118584,-12.701715,11.160910,11.730655,-0.559543,15.306373,15.359590,11.051805,4.242873,2.574771,-0.722455,10.780475,0.194361,6.931963,0.000000,201.000000,4.000000,,,,0.000000,4.000000,4.000000,4.000000,4.000000,4.000000,4.000000,4.000000,4.000000,4.000000,4.000000,4.000000,4.000000,4.000000,4.000000,4.000000,4.000000,4.000000,4.000000,2.000000,4.000000,4.000000,2.000000,4.000000,4.000000,4.000000,4.000000,4.000000,4.000000,4.000000,4.000000,4.000000,4.000000,66.666664
1614076765.104676,20.000000,0.000000,1.021416,0.313621,3.061017,-3.771389,-2.982173,-2.360131,-7.042106,-6.614565,0.767513,8.008454,-6.289689,-0.928289,-7.485365,6.683503,-2.907824,75.111313,-13.793354,48.093391,20.018541,-22.945423,-3.722046,-4.691332,-7.738471,11.701323,3.036538,8.989470,0.648886,3.085017,-1.234553,9.231233,-0.318654,4.360929,0.000000,170.000000,4.000000,,,,0.000000,4.000000,4.000000,4.000000,4.000000,4.000000,4.000000,4.000000,4.000000,4.000000,4.000000,4.000000,4.000000,4.000000,4.000000,4.000000,4.000000,4.000000,4.000000,2.000000,4.000000,4.000000,2.000000,4.000000,4.000000,4.000000,4.000000,4.000000,4.000000,4.000000,4.000000,4.000000,4.000000,66.666664
1614076765.112525,21.000000,0.000000,1.020395,0.313308,4.083597,3.924690,1.123373,-2.357770,-6.522243,-6.607950,1.279566,8.513267,-6.796219,-0.927360,-8.503521,3.087075,-4.443377,45.292610,-19.420588,18.814531,12.306216,-31.640427,-11.410631,-4.173820,-7.730732,3.997313,-2.607524,6.929199,0.648237,2.569112,-0.720498,10.247643,-0.318335,4.356568,0.000000,194.000000,4.000000,,,,0.000000,4.000000,4.000000,4.000000,4.000000,4.000000,4.000000,4.000000,4.000000,4.000000,4.000000,4.000000,4.000000,4.000000,4.000000,4.000000,4.000000,4.000000,4.000000,2.000000,4.000000,4.000000,2.000000,4.000000,4.000000,4.000000,4.000000,4.000000,4.000000,4.000000,4.000000,4.000000,4.000000,66.666664
1614076765.120274,22.000000,0.000000,1.532195,0.312994,3.566693,6.484868,2.660712,-2.355412,-1.900337,-6.088522,-0.772995,5.940650,-4.738141,-0.926433,-7.469377,-3.582678,-5.977396,29.349882,-8.631935,30.590588,14.858012,-28.019041,-10.373580,-0.579903,-4.133258,3.993316,-0.553635,3.845347,1.160409,2.566543,-0.719777,10.237394,0.194804,-1.801635,0.000000,172.000000,4.000000,,,,0.000000,4.000000,4.000000,4.000000,4.000000,4.000000,4.000000,4.000000,4.000000,4.000000,4.000000,4.000000,4.000000,4.000000,4.000000,4.000000,4.000000,4.000000,4.000000,2.000000,4.000000,4.000000,2.000000,4.000000,4.000000,4.000000,4.000000,4.000000,4.000000,4.000000,4.000000,4.000000,4.000000,66.666664
1614076765.128123,23.000000,0.000000,1.017843,0.312681,3.050306,2.375819,1.632410,-2.353057,1.178487,-6.595254,-2.823504,3.883428,-0.118018,-0.925507,-4.897804,3.600392,-0.843213,53.423096,0.094645,54.149742,10.227770,-23.888458,-10.363206,-1.092143,-4.129125,5.014964,-1.065902,2.815861,1.159249,2.563976,-1.744699,9.714336,-0.318212,-6.928039,0.000000,186.000000,4.000000,,,,0.000000,4.000000,4.000000,4.000000,4.000000,4.000000,4.000000,4.000000,4.000000,4.000000,4.000000,4.000000,4.000000,4.000000,4.000000,4.000000,4.000000,4.000000,4.000000,2.000000,4.000000,4.000000,2.000000,4.000000,4.000000,4.000000,4.000000,4.000000,4.000000,4.000000,4.000000,4.000000,4.000000,66.666664
1614076765.135872,24.000000,0.000000,1.016825,0.312369,4.072896,2.373443,4.194880,-2.350704,1.177308,-6.075838,-2.820681,3.879544,1.420561,-0.924581,-3.867265,11.289099,0.696092,62.600445,-1.956731,45.890461,0.986773,-24.377390,-10.865664,-1.603872,-4.124996,3.984308,-2.090477,2.813045,0.645269,3.074233,-0.204492,9.704622,0.194927,-2.818546,0.000000,208.000000,4.000000,,,,0.000000,4.000000,4.000000,4.000000,4.000000,4.000000,4.000000,4.000000,4.000000,4.000000,4.000000,4.000000,4.000000,4.000000,4.000000,4.000000,4.000000,4.000000,4.000000,2.000000,4.000000,4.000000,2.000000,4.000000,4.000000,4.000000,4.000000,4.000000,4.000000,4.000000,4.000000,4.000000,4.000000,66.666664
1614076765.143721,25.000000,0.000000,1.528628,0.312056,1.504721,-1.218674,6.241967,-2.348353,0.663311,-6.582583,-3.330681,4.388485,0.906320,-0.410836,-4.376219,10.252169,-2.894348,45.614765,-2.467595,22.767649,-1.578317,-22.301731,-8.290695,-0.576627,-5.146512,3.467503,-1.575566,3.323052,-0.381017,2.558338,2.359815,9.694918,-0.318088,-1.790087,0.000000,206.000000,4.000000,,,,0.000000,4.000000,4.000000,4.000000,4.000000,4.000000,4.000000,4.000000,4.000000,4.000000,4.000000,4.000000,4.000000,4.000000,4.000000,4.000000,4.000000,4.000000,4.000000,2.000000,4.000000,4.000000,2.000000,4.000000,4.000000,4.000000,4.000000,4.000000,4.000000,4.000000,4.000000,4.000000,4.000000,66.666664
1614076765.151470,26.000000,0.000000,-0.524182,0.311744,-3.112168,-10.961045,5.722905,-2.346005,1.175468,-7.088821,-3.327350,3.871277,0.905414,-1.948887,-3.859022,10.754737,-4.942736,46.081970,-0.926666,25.821804,-0.038277,-20.740969,-6.231122,-0.576050,-7.192647,3.976856,-1.061170,1.781268,1.670646,2.555779,-2.257930,9.685223,-2.369052,-9.480604,0.000000,126.000000,4.000000,,,,0.000000,4.000000,4.000000,4.000000,4.000000,4.000000,4.000000,4.000000,4.000000,4.000000,4.000000,4.000000,4.000000,4.000000,4.000000,4.000000,4.000000,4.000000,4.000000,2.000000,4.000000,4.000000,2.000000,4.000000,4.000000,4.000000,4.000000,4.000000,4.000000,4.000000,4.000000,4.000000,4.000000,66.666664
1614076765.159319,27.000000,0.000000,-2.574940,0.311433,-5.160338,-14.027007,5.717182,-2.343659,1.174292,-5.030450,-1.785561,4.380226,1.417329,-5.023861,-5.393625,8.692700,-3.399332,64.497429,-4.002663,49.385727,2.525864,-19.694586,-6.737712,-1.088295,-7.698276,3.972879,-1.060109,-1.810257,-0.382307,3.066044,-8.922338,9.675537,-3.905145,-12.548047,0.000000,214.000000,4.000000,,,,0.000000,4.000000,4.000000,4.000000,4.000000,4.000000,4.000000,4.000000,4.000000,4.000000,4.000000,4.000000,4.000000,4.000000,4.000000,4.000000,4.000000,4.000000,4.000000,2.000000,4.000000,4.000000,4.000000,4.000000,4.000000,4.000000,4.000000,4.000000,4.000000,4.000000,4.000000,4.000000,4.000000,83.333336
1614076765.167068,28.000000,0.000000,-3.085186,-0.201699,-4.129537,-12.474519,5.711464,-2.341315,1.173118,-7.589522,-5.886340,4.375845,0.903091,-8.095760,-10.003615,-0.546762,-3.395932,63.407291,-6.049942,44.720955,-1.579226,-20.187712,-6.730974,-1.087206,-8.203398,4.481727,-1.059049,-4.885370,-12.176796,2.037337,-8.913416,9.665862,-5.439701,-10.484217,0.000000,164.000000,4.000000,,,,0.000000,4.000000,4.000000,4.000000,4.000000,4.000000,4.000000,4.000000,4.000000,4.000000,4.000000,4.000000,4.000000,4.000000,4.000000,4.000000,4.000000,4.000000,4.000000,2.000000,4.000000,4.000000,4.000000,4.000000,4.000000,4.000000,4.000000,4.000000,4.000000,4.000000,4.000000,4.000000,4.000000,83.333336
1614076765.174917,29.000000,0.000000,-3.082101,0.311323,-4.125407,-13.487685,6.218574,-2.338974,-0.879337,-14.248599,-10.495838,3.345829,0.902188,-9.113305,-12.044894,-6.187241,-5.443818,42.318241,-5.531072,19.035210,-12.346877,-22.731627,-6.211423,-0.573299,-7.682374,2.425963,-1.057989,-4.880485,-16.780005,-2.067264,-8.391683,9.656196,-7.998364,-10.986553,0.000000,198.000000,4.000000,,,,0.000000,4.000000,4.000000,4.000000,4.000000,4.000000,4.000000,4.000000,4.000000,4.000000,4.000000,4.000000,4.000000,4.000000,4.000000,4.000000,4.000000,4.000000,4.000000,2.000000,4.000000,4.000000,4.000000,4.000000,4.000000,4.000000,4.000000,4.000000,4.000000,4.000000,4.000000,4.000000,4.000000,83.333336
1614076765.182666,30.000000,0.000000,-2.566198,0.311012,-5.146923,-10.910094,5.699534,-2.336635,-2.929740,-8.593325,-2.793034,5.393765,0.901286,-6.540090,-9.468746,-2.078489,-1.848631,38.173359,-5.525540,33.375149,0.998803,-16.042229,-4.153929,-1.085546,-3.059307,0.372255,-1.056931,-4.362783,-7.532454,-4.629300,-8.383290,9.646540,-7.990366,-12.001207,0.000000,194.000000,4.000000,,,,0.000000,4.000000,4.000000,4.000000,4.000000,4.000000,4.000000,4.000000,4.000000,4.000000,4.000000,4.000000,4.000000,4.000000,4.000000,4.000000,4.000000,4.000000,4.000000,2.000000,4.000000,4.000000,4.000000,4.000000,4.000000,4.000000,4.000000,4.000000,4.000000,4.000000,4.000000,4.000000,4.000000,83.333336
1614076765.190515,31.000000,0.000000,0.000471,-0.714941,-3.090494,-4.232518,4.668194,-2.334298,-3.439631,8.338346,7.978990,10.003756,0.900384,-2.430985,-7.407996,4.077435,5.332705,55.058262,-5.520015,58.469978,25.100368,-4.231315,-2.098493,-0.058819,0.533496,-0.140938,-1.055875,-4.871241,-1.371076,-5.137491,-4.272343,9.636893,-3.366991,-10.450745,0.000000,195.000000,4.000000,,,,0.000000,4.000000,4.000000,4.000000,4.000000,4.000000,4.000000,4.000000,4.000000,4.000000,4.000000,4.000000,4.000000,4.000000,4.000000,4.000000,4.000000,4.000000,4.000000,2.000000,4.000000,4.000000,4.000000,4.000000,4.000000,4.000000,4.000000,4.000000,4.000000,4.000000,4.000000,4.000000,4.000000,83.333336
1614076765.198264,32.000000,0.000000,1.538932,0.824236,-0.523301,-0.638542,6.714808,-2.331964,-2.923370,12.945392,9.509472,12.045034,1.412305,-0.377272,-7.913408,7.150281,5.840193,57.567307,-5.514495,33.283302,13.280396,-8.842468,-4.147677,3.018162,-0.492678,0.372024,-1.054819,-4.353549,-3.420987,-4.619533,-0.678327,9.627256,0.226120,-7.876192,8064.000000,0.000000,4.000000,,,,0.000000,4.000000,4.000000,4.000000,4.000000,4.000000,4.000000,4.000000,4.000000,4.000000,4.000000,4.000000,4.000000,4.000000,4.000000,4.000000,4.000000,4.000000,4.000000,2.000000,4.000000,4.000000,4.000000,4.000000,4.000000,4.000000,4.000000,4.000000,4.000000,4.000000,4.000000,4.000000,4.000000,83.333336
1614076765.206113,33.000000,0.000000,1.024572,5.438797,-0.009957,-1.150724,9.272196,-2.329632,-2.920447,4.727318,7.961501,12.545810,1.410892,-0.376895,-7.392674,7.143131,4.295891,43.663586,-5.508980,14.275661,-8.271346,-20.628498,-6.194811,6.604888,-0.492186,0.371652,-1.053764,-4.349196,-3.417566,-2.563631,-0.677649,9.617629,-0.286927,-6.842674,8064.000000,0.000000,4.000000,,,,0.000000,4.000000,4.000000,4.000000,4.000000,4.000000,4.000000,4.000000,4.000000,4.000000,4.000000,4.000000,4.000000,4.000000,4.000000,4.000000,4.000000,4.000000,4.000000,2.000000,4.000000,4.000000,4.000000,4.000000,4.000000,4.000000,4.000000,4.000000,4.000000,4.000000,4.000000,4.000000,4.000000,83.333336
1614076765.213862,34.000000,0.000000,1.023548,7.997460,-0.522767,-2.688035,5.160359,-2.327302,-2.917527,0.107206,8.466360,12.020443,0.896661,-0.376518,-6.872461,5.597526,3.265954,39.004536,-4.990651,43.492153,1.993335,-18.043766,-6.701437,7.623924,0.021127,0.371280,-1.052710,-4.344847,-1.875687,-1.022606,-1.189792,9.608011,-0.286640,-7.348652,8064.000000,0.000000,4.000000,,,,0.000000,4.000000,4.000000,4.000000,4.000000,4.000000,4.000000,4.000000,4.000000,4.000000,4.000000,4.000000,4.000000,4.000000,4.000000,4.000000,4.000000,4.000000,4.000000,2.000000,4.000000,4.000000,4.000000,4.000000,4.000000,4.000000,4.000000,4.000000,4.000000,4.000000,4.000000,4.000000,4.000000,83.333336
1614076765.221711,35.000000,0.000000,1.022524,7.989463,-0.522245,-4.736629,2.078276,-2.324975,-2.914609,2.671201,8.970715,8.418679,0.895764,-2.427424,-10.968153,2.515006,-6.480902,39.478352,-6.011301,52.679432,15.324676,-13.410337,-6.694736,6.077838,-2.030176,0.370909,-1.051657,-4.340502,-2.899452,-0.508763,-1.188602,9.598404,0.226467,-7.341303,8064.000000,0.000000,4.000000,,,,0.000000,4.000000,4.000000,4.000000,4.000000,4.000000,4.000000,4.000000,4.000000,4.000000,4.000000,4.000000,4.000000,4.000000,4.000000,4.000000,4.000000,4.000000,4.000000,2.000000,4.000000,4.000000,4.000000,4.000000,4.000000,4.000000,4.000000,4.000000,4.000000,4.000000,4.000000,4.000000,4.000000,83.333336
1614076765.229460,36.000000,0.000000,1.021502,7.468653,-0.521722,-5.244712,7.204403,-2.322650,-2.398874,2.668530,8.448923,4.820517,0.382048,-3.963458,-15.059749,2.512491,-15.705190,36.874771,-10.107854,24.421625,9.155504,-16.986671,-7.200861,2.994838,-4.079428,0.370538,-2.076247,-4.848982,-3.409373,-1.021075,-0.674593,9.588805,-0.286580,-7.333962,8064.000000,0.000000,4.000000,,,,0.000000,4.000000,4.000000,4.000000,4.000000,4.000000,4.000000,4.000000,4.000000,4.000000,4.000000,4.000000,4.000000,4.000000,4.000000,4.000000,4.000000,4.000000,4.000000,2.000000,4.000000,4.000000,4.000000,4.000000,4.000000,4.000000,4.000000,4.000000,4.000000,4.000000,4.000000,4.000000,4.000000,83.333336
1614076765.237309,37.000000,0.000000,1.020480,5.922722,-1.034021,-5.239468,10.274121,-2.320328,-4.960577,-5.539267,3.825089,3.277235,-4.746539,-5.497956,-16.070330,4.048440,-14.151023,38.376358,-13.174669,13.627972,5.556605,-17.995325,-7.193660,2.991843,-4.588169,-0.142653,-1.048530,-4.331313,-2.893143,-2.558515,-0.673918,9.579216,-0.286293,-7.326628,8064.000000,0.000000,4.000000,,,,0.000000,4.000000,4.000000,4.000000,4.000000,4.000000,4.000000,4.000000,4.000000,4.000000,4.000000,4.000000,4.000000,4.000000,4.000000,4.000000,4.000000,4.000000,4.000000,2.000000,4.000000,4.000000,4.000000,4.000000,4.000000,4.000000,4.000000,4.000000,4.000000,4.000000,4.000000,4.000000,4.000000,83.333336
1614076765.245058,38.000000,0.000000,1.019460,3.865518,-0.520167,-5.234228,6.674104,-2.318007,-9.058181,-13.738855,-3.871043,-5.443991,-10.895638,-10.107842,-18.618362,-4.160737,-17.726616,32.184135,-12.648674,15.152805,7.602331,-16.951689,-6.673646,3.501672,-4.583581,0.370310,-1.047481,-4.326981,-3.403071,-4.607239,-3.750168,9.569637,0.226814,-7.319302,8064.000000,0.000000,4.000000,,,,0.000000,4.000000,4.000000,4.000000,4.000000,4.000000,4.000000,4.000000,4.000000,4.000000,4.000000,4.000000,4.000000,4.000000,4.000000,4.000000,4.000000,4.000000,4.000000,2.000000,4.000000,4.000000,4.000000,4.000000,4.000000,4.000000,4.000000,4.000000,4.000000,4.000000,4.000000,4.000000,4.000000,83.333336
1614076765.252907,39.000000,0.000000,1.018440,3.861652,-1.032467,-5.228994,5.128968,-2.315689,-11.100405,-14.237937,-7.456916,-15.182137,-10.884744,-12.661838,-19.625385,-11.848884,-20.272991,23.434004,-12.636025,17.701756,8.620370,-17.447557,-7.179793,0.934067,-3.553356,-1.168522,-3.097716,-7.399577,-7.502232,-5.115452,-7.848981,9.560067,-1.311875,-7.311982,8064.000000,0.000000,4.000000,,,,0.000000,4.000000,4.000000,4.000000,4.000000,4.000000,4.000000,4.000000,4.000000,4.000000,4.000000,4.000000,4.000000,4.000000,4.000000,4.000000,4.000000,4.000000,4.000000,2.000000,4.000000,4.000000,4.000000,4.000000,4.000000,4.000000,4.000000,4.000000,4.000000,4.000000,4.000000,4.000000,4.000000,83.333336
1614076765.260756,40.000000,0.000000,1.017422,3.857790,-1.031435,-5.736586,5.636660,-2.313374,-9.550843,-12.685238,-6.936638,-12.090032,-3.694371,-5.469688,-11.913452,-1.580625,-0.765539,45.974674,-13.136209,36.145592,9.637390,-16.404469,-6.659793,-0.605328,-1.498521,-4.757097,1.007946,-7.904998,-6.981909,-4.597516,-8.866774,9.550508,-3.874665,-7.304670,8064.000000,0.000000,4.000000,,,,0.000000,4.000000,4.000000,4.000000,4.000000,4.000000,4.000000,4.000000,4.000000,4.000000,4.000000,4.000000,4.000000,4.000000,4.000000,4.000000,4.000000,4.000000,4.000000,2.000000,4.000000,4.000000,4.000000,4.000000,4.000000,4.000000,4.000000,4.000000,4.000000,4.000000,4.000000,4.000000,4.000000,83.333336
1614076765.268505,41.000000,0.000000,1.016404,3.853933,3.584981,-4.705208,5.631023,-2.311060,-7.490010,-14.211014,-6.416882,-1.821531,1.437528,2.228089,-3.696410,13.805572,14.107021,67.979980,-9.533330,42.776112,5.525189,-14.336782,-0.499287,3.497841,0.041439,-1.675417,12.801810,-2.768888,3.794304,-4.592918,-8.345086,10.053778,-4.383611,-5.246084,8064.000000,0.000000,4.000000,,,,0.000000,4.000000,4.000000,4.000000,4.000000,4.000000,4.000000,4.000000,4.000000,4.000000,4.000000,4.000000,4.000000,4.000000,4.000000,4.000000,4.000000,4.000000,4.000000,2.000000,4.000000,4.000000,4.000000,4.000000,4.000000,4.000000,4.000000,4.000000,4.000000,4.000000,4.000000,4.000000,4.000000,83.333336
1614076765.276354,42.000000,0.000000,1.015388,3.850079,7.171140,-2.136400,7.676674,-2.308749,-6.456879,-13.171162,-6.923285,1.257213,0.923270,2.225861,-3.179893,15.330227,1.272401,49.450462,-5.934053,30.938465,11.160689,-12.271164,7.193520,7.084087,0.041398,8.069848,17.917213,0.310804,8.405894,-4.588326,-8.336741,9.530903,-3.866407,-3.189555,8064.000000,0.000000,4.000000,,,,0.000000,4.000000,4.000000,4.000000,4.000000,4.000000,4.000000,4.000000,4.000000,4.000000,4.000000,4.000000,4.000000,4.000000,4.000000,4.000000,4.000000,4.000000,4.000000,2.000000,4.000000,4.000000,4.000000,4.000000,4.000000,4.000000,4.000000,4.000000,4.000000,4.000000,4.000000,4.000000,4.000000,83.333336
1614076765.284103,43.000000,0.000000,1.014373,3.846229,7.163969,-1.108623,9.207458,-2.306440,-6.450422,-7.516965,-6.403541,0.230315,0.922347,-0.853288,-3.689534,13.263615,-6.933999,40.683064,-4.902478,41.676758,31.149529,-10.720431,8.724788,6.564182,-0.471464,12.677163,14.309552,-0.715148,-1.858922,-5.096558,-8.328404,9.521372,-3.862541,-3.699186,8064.000000,0.000000,4.000000,,,,0.000000,4.000000,4.000000,4.000000,4.000000,4.000000,4.000000,4.000000,4.000000,4.000000,4.000000,4.000000,4.000000,4.000000,4.000000,4.000000,4.000000,4.000000,4.000000,2.000000,4.000000,4.000000,4.000000,4.000000,4.000000,4.000000,4.000000,4.000000,4.000000,4.000000,4.000000,4.000000,4.000000,83.333336
1614076765.291952,44.000000,0.000000,1.013358,3.842382,6.643984,-1.620335,9.198252,-2.304134,-6.443972,-5.458166,-6.397138,5.871110,3.998348,-0.852435,-3.685844,15.301633,2.303704,59.103916,-5.410396,61.635082,34.708122,-9.684070,8.203242,6.557618,0.041828,12.151666,12.756782,-0.714433,-6.985269,-4.065820,-8.832896,10.024672,-3.858678,-3.695487,8064.000000,0.000000,4.000000,,,,0.000000,4.000000,4.000000,4.000000,4.000000,4.000000,4.000000,4.000000,4.000000,4.000000,4.000000,4.000000,4.000000,4.000000,4.000000,4.000000,4.000000,4.000000,4.000000,2.000000,4.000000,4.000000,4.000000,4.000000,4.000000,4.000000,4.000000,4.000000,4.000000,4.000000,4.000000,4.000000,4.000000,83.333336
1614076765.299701,45.000000,0.000000,1.012345,3.838540,7.150161,-1.618714,9.189054,-2.301830,-6.437528,-5.452708,-6.390740,13.044726,5.019990,0.686879,-3.682158,14.260691,-0.262702,59.557632,-4.892165,52.855495,15.186235,-8.648745,8.707860,6.551061,0.041786,11.113873,14.282486,0.311923,-0.311617,-1.497652,-8.311243,8.989006,-3.854820,-3.178971,8064.000000,0.000000,4.000000,,,,0.000000,4.000000,4.000000,4.000000,4.000000,4.000000,4.000000,4.000000,4.000000,4.000000,4.000000,4.000000,4.000000,4.000000,4.000000,4.000000,4.000000,4.000000,4.000000,2.000000,4.000000,4.000000,4.000000,4.000000,4.000000,4.000000,4.000000,4.000000,4.000000,4.000000,4.000000,4.000000,4.000000,83.333336
1614076765.307550,46.000000,0.000000,1.011333,3.834702,7.143011,-1.617096,9.179864,-2.299528,-6.431090,-5.960076,-6.897170,9.954759,4.502150,-1.877910,-3.165656,15.272071,-7.441927,57.446796,-4.887273,38.956486,6.453100,-10.178557,4.596588,3.980407,-3.547999,11.615580,14.268204,-1.739671,2.252798,-0.470513,-7.277291,4.364632,-3.850965,-3.175792,8064.000000,0.000000,4.000000,,,,0.000000,4.000000,4.000000,4.000000,4.000000,4.000000,4.000000,4.000000,4.000000,4.000000,4.000000,4.000000,4.000000,4.000000,4.000000,4.000000,4.000000,4.000000,4.000000,2.000000,4.000000,4.000000,4.000000,4.000000,4.000000,4.000000,4.000000,4.000000,4.000000,4.000000,4.000000,4.000000,4.000000,83.333336
1614076765.315299,47.000000,0.000000,1.010321,3.830867,6.623047,-1.615479,9.170684,-2.297229,-6.424659,-8.518218,-6.890273,2.252496,4.497648,-6.491417,-6.752234,13.718337,-4.870382,71.748322,-6.933668,37.891891,6.446647,-15.809404,-3.100316,2.437965,-7.647016,12.629605,10.151372,-5.840496,-1.339199,-0.982863,-10.346936,1.796165,-3.847114,-3.685437,8064.000000,0.000000,4.000000,,,,0.000000,4.000000,4.000000,4.000000,4.000000,4.000000,4.000000,4.000000,4.000000,4.000000,4.000000,4.000000,4.000000,4.000000,4.000000,4.000000,4.000000,4.000000,4.000000,2.000000,4.000000,4.000000,4.000000,4.000000,4.000000,4.000000,4.000000,4.000000,4.000000,4.000000,4.000000,4.000000,4.000000,83.333336
1614076765.323148,48.000000,0.000000,1.009311,3.827036,6.103604,-1.613863,9.161513,-2.807752,-6.418235,-12.612264,-6.370562,0.198962,0.903406,-8.536207,-14.950610,0.884106,-11.532179,57.830421,-8.978016,26.571947,-1.252107,-20.921801,-7.199780,3.461168,-8.152189,6.975950,3.474553,-8.398758,-3.389142,-0.981880,-11.875051,2.307189,-3.843266,-3.681751,8064.000000,0.000000,4.000000,,,,0.000000,4.000000,4.000000,4.000000,4.000000,4.000000,4.000000,4.000000,4.000000,4.000000,4.000000,4.000000,4.000000,4.000000,4.000000,4.000000,4.000000,4.000000,4.000000,2.000000,4.000000,4.000000,4.000000,4.000000,4.000000,4.000000,4.000000,4.000000,4.000000,4.000000,4.000000,4.000000,4.000000,83.333336
1614076765.330897,49.000000,0.000000,1.008302,3.823209,7.123141,-1.612249,9.665173,-2.292124,-6.411817,-14.650934,-6.877012,1.224404,-4.225702,-8.014851,-19.551044,-11.424470,-21.777056,25.464897,-9.481858,10.135118,-3.814958,-21.413698,-6.679760,1.919245,-7.631217,-5.338718,1.419797,-7.877539,-2.872932,-0.980898,-6.222150,3.330523,-3.839423,-3.165249,8064.000000,0.000000,4.000000,,,,0.000000,4.000000,4.000000,4.000000,4.000000,4.000000,4.000000,4.000000,4.000000,4.000000,4.000000,4.000000,4.000000,4.000000,4.000000,4.000000,4.000000,4.000000,4.000000,2.000000,4.000000,4.000000,4.000000,4.000000,4.000000,4.000000,4.000000,4.000000,4.000000,4.000000,4.000000,4.000000,4.000000,83.333336
1614076765.338746,50.000000,0.000000,1.520114,3.819386,6.090377,-1.097816,9.655507,-2.289831,-6.405405,-12.585001,-6.357315,0.710359,-1.144553,-8.006836,-16.454569,-13.977148,-15.601434,16.208664,-8.446735,12.176266,4.393985,-19.853825,-6.673080,-0.646777,-7.623585,-5.846200,2.956839,-7.356841,-2.357239,-0.979917,-5.190287,0.250269,-3.322763,-4.187725,8064.000000,0.000000,4.000000,,,,0.000000,4.000000,4.000000,4.000000,4.000000,4.000000,4.000000,4.000000,4.000000,4.000000,4.000000,4.000000,4.000000,4.000000,4.000000,4.000000,4.000000,4.000000,4.000000,2.000000,4.000000,4.000000,4.000000,4.000000,4.000000,4.000000,4.000000,4.000000,4.000000,4.000000,4.000000,4.000000,4.000000,83.333336
1614076765.346495,51.000000,0.000000,1.005773,3.815566,3.520184,-2.122360,8.620211,-2.800362,-6.398999,-6.931390,-1.735573,0.196828,6.036078,-8.511649,-12.335551,-11.911889,-6.867883,20.295019,-6.387007,23.958961,12.081899,-16.244226,-7.179227,-1.158950,-8.128782,2.364774,2.441061,-7.862304,-2.867702,-0.978938,-10.826122,-6.929468,-4.857902,-8.286101,8064.000000,0.000000,4.000000,,,,0.000000,4.000000,4.000000,4.000000,4.000000,4.000000,4.000000,4.000000,4.000000,4.000000,4.000000,4.000000,4.000000,4.000000,4.000000,4.000000,4.000000,4.000000,4.000000,2.000000,4.000000,4.000000,4.000000,4.000000,4.000000,4.000000,4.000000,4.000000,4.000000,4.000000,4.000000,4.000000,4.000000,83.333336
1614076765.354344,52.000000,0.000000,1.004767,4.324571,4.542305,-2.120237,9.637232,0.792182,-6.905421,-1.796254,4.420009,0.196631,8.594145,-7.990317,-8.733472,-5.746131,-6.348195,28.479851,-4.842158,28.550386,13.608278,-12.638239,-7.172048,-0.644971,-7.607833,3.388050,1.925800,-7.854442,-3.377655,-0.977959,-7.225553,-9.486641,-6.904326,-10.841918,8064.000000,0.000000,4.000000,,,,0.000000,4.000000,4.000000,4.000000,4.000000,4.000000,4.000000,4.000000,4.000000,4.000000,4.000000,4.000000,4.000000,4.000000,4.000000,4.000000,4.000000,4.000000,4.000000,2.000000,4.000000,4.000000,4.000000,4.000000,4.000000,4.000000,4.000000,4.000000,4.000000,4.000000,4.000000,4.000000,4.000000,83.333336
1614076765.362093,53.000000,0.000000,2.029404,6.884349,6.589045,1.471627,9.114774,4.381133,-5.872874,-2.820098,5.954051,0.709255,8.072730,-7.982327,-5.134995,4.003205,-3.264924,50.502655,-5.350137,25.957733,3.851081,-12.625600,-8.703338,-0.644326,-7.600225,-0.717902,2.949515,-7.333767,-2.348636,-0.464160,-0.038840,-3.836129,-4.846140,-8.266973,8064.000000,0.000000,4.000000,,,,0.000000,4.000000,4.000000,4.000000,4.000000,4.000000,4.000000,4.000000,4.000000,4.000000,4.000000,4.000000,4.000000,4.000000,4.000000,4.000000,4.000000,4.000000,4.000000,2.000000,4.000000,4.000000,4.000000,4.000000,4.000000,4.000000,4.000000,4.000000,4.000000,4.000000,4.000000,4.000000,4.000000,83.333336
1614076765.369942,54.000000,0.000000,-1.049549,7.903106,2.479892,0.444514,-0.637931,3.351111,-6.892642,-2.304458,1.845532,0.708546,8.064657,-7.974345,-4.104219,7.076125,0.328085,63.272663,-5.344787,29.008699,-7.434822,-13.125795,-13.310019,-0.643682,-7.592625,-0.204363,2.433745,-7.839253,-2.859108,-2.002157,-3.115725,-7.422036,-4.328473,-6.720245,8064.000000,0.000000,4.000000,,,,0.000000,4.000000,4.000000,4.000000,4.000000,4.000000,4.000000,4.000000,4.000000,4.000000,4.000000,4.000000,4.000000,4.000000,4.000000,4.000000,4.000000,4.000000,4.000000,2.000000,4.000000,4.000000,4.000000,4.000000,4.000000,4.000000,4.000000,4.000000,4.000000,4.000000,4.000000,4.000000,4.000000,83.333336
1614076765.377692,55.000000,0.000000,-6.176704,5.843921,-1.625152,-5.709777,-11.406524,1.296478,-9.449852,-1.789333,-4.822980,-0.830624,8.056593,-8.992011,-3.587294,6.556228,-0.185064,62.696571,-5.852262,45.389946,1.803382,-12.599849,-13.296709,-2.694320,-8.097853,1.334302,-0.132791,-11.933978,-6.445992,-4.051437,-8.753634,-22.799229,-6.888247,-7.739166,8064.000000,0.000000,4.000000,,,,0.000000,4.000000,4.000000,4.000000,4.000000,4.000000,4.000000,4.000000,4.000000,4.000000,4.000000,4.000000,4.000000,4.000000,4.000000,4.000000,4.000000,4.000000,4.000000,2.000000,4.000000,4.000000,4.000000,4.000000,4.000000,4.000000,4.000000,4.000000,4.000000,4.000000,4.000000,4.000000,4.000000,83.333336
1614076765.385541,56.000000,0.000000,-7.196169,3.786795,-1.623527,-4.165606,-6.779732,1.295182,-7.389121,-5.890108,-7.895080,0.708668,7.535716,-7.957378,-4.096527,7.062492,-0.184879,65.197975,-5.846410,54.575325,18.724655,-13.100069,-7.642386,-4.230087,-7.064114,0.307327,-1.671120,-15.511788,-6.952367,-5.073027,-8.232060,-25.853354,-7.907000,-7.218606,8064.000000,0.000000,4.000000,,,,0.000000,4.000000,4.000000,4.000000,4.000000,4.000000,4.000000,4.000000,4.000000,4.000000,4.000000,4.000000,4.000000,4.000000,4.000000,4.000000,4.000000,4.000000,4.000000,2.000000,4.000000,4.000000,4.000000,4.000000,4.000000,4.000000,4.000000,4.000000,4.000000,4.000000,4.000000,4.000000,4.000000,83.333336
1614076765.393290,57.000000,0.000000,-5.650511,3.783008,-0.596263,4.043688,3.996278,1.293886,-2.766347,-5.884218,-6.348723,6.861805,8.041000,-7.949421,-6.656533,6.029789,-2.235976,51.799446,-5.327743,40.674599,14.603367,-13.086969,-3.019360,-2.174575,-4.492947,0.307020,-0.643808,-15.496276,-2.842850,-4.555133,-7.711008,-13.006988,-7.386272,-4.647285,8064.000000,0.000000,4.000000,,,,0.000000,4.000000,4.000000,4.000000,4.000000,4.000000,4.000000,4.000000,4.000000,4.000000,4.000000,4.000000,4.000000,4.000000,4.000000,4.000000,4.000000,4.000000,4.000000,2.000000,4.000000,4.000000,4.000000,4.000000,4.000000,4.000000,4.000000,4.000000,4.000000,4.000000,4.000000,4.000000,4.000000,83.333336
1614076765.401139,58.000000,0.000000,-7.183322,3.779225,2.481256,5.065286,6.043564,1.292592,-3.276401,3.865256,-2.752631,10.957507,7.520139,-9.479933,-4.598595,7.562221,-4.797843,30.209185,-5.835236,22.172384,-0.283031,-13.073882,-3.016340,-0.633939,-5.514095,-0.206108,-2.181626,-14.455139,-4.891290,-4.550578,-8.216117,-6.840134,-7.891707,-3.104176,8064.000000,0.000000,4.000000,,,,0.000000,4.000000,4.000000,4.000000,4.000000,4.000000,4.000000,4.000000,4.000000,4.000000,4.000000,4.000000,4.000000,4.000000,4.000000,4.000000,4.000000,4.000000,4.000000,2.000000,4.000000,4.000000,4.000000,4.000000,4.000000,4.000000,4.000000,4.000000,4.000000,4.000000,4.000000,4.000000,4.000000,83.333336
1614076765.408888,59.000000,0.000000,-6.663318,3.775446,6.581339,1.470477,5.011879,3.855402,-1.734663,10.528058,1.865506,12.485011,6.999798,-3.829427,3.611132,14.734145,1.360802,40.948208,-3.778119,24.714314,-4.898133,-13.573629,-4.038965,-1.146125,-7.559863,-1.744363,-4.230726,-15.466325,-10.014604,-4.546028,-8.720721,-8.884576,-7.370995,-5.152354,8064.000000,0.000000,4.000000,,,,0.000000,4.000000,4.000000,4.000000,4.000000,4.000000,4.000000,4.000000,4.000000,4.000000,4.000000,4.000000,4.000000,4.000000,4.000000,4.000000,4.000000,4.000000,4.000000,2.000000,4.000000,4.000000,4.000000,4.000000,4.000000,4.000000,4.000000,4.000000,4.000000,4.000000,4.000000,4.000000,4.000000,83.333336
1614076765.416737,60.000000,0.000000,-1.528450,3.258850,6.061938,1.981827,8.083791,4.877188,5.959379,8.466248,6.991846,17.600731,15.197927,8.482094,8.735726,18.309155,12.128672,63.984180,3.405147,36.484470,-0.790670,-11.508774,-2.496464,-0.632159,-4.988201,-3.281080,-5.252137,-14.938038,-7.440486,-4.541481,-8.199181,-8.875691,-7.363624,-7.711304,8064.000000,0.000000,4.000000,,,,0.000000,4.000000,4.000000,4.000000,4.000000,4.000000,4.000000,4.000000,4.000000,4.000000,4.000000,4.000000,4.000000,4.000000,4.000000,4.000000,4.000000,4.000000,4.000000,2.000000,4.000000,4.000000,4.000000,4.000000,4.000000,4.000000,4.000000,4.000000,4.000000,4.000000,4.000000,4.000000,4.000000,83.333336
1614076765.424486,61.000000,0.000000,1.550002,3.768412,7.081517,1.979845,10.126988,5.385131,8.004703,9.996243,10.574597,23.736977,25.951960,15.140279,10.265451,17.265205,15.706286,60.330452,9.042768,37.473629,5.876787,-9.445983,-3.006788,-0.631527,-0.880648,-4.303440,-5.246884,-12.358997,-2.304841,-4.536940,-8.190981,-8.353995,-7.869081,-7.190772,8064.000000,0.000000,4.000000,,,,0.000000,4.000000,4.000000,4.000000,4.000000,4.000000,4.000000,4.000000,4.000000,4.000000,4.000000,4.000000,4.000000,4.000000,4.000000,4.000000,4.000000,4.000000,4.000000,2.000000,4.000000,4.000000,4.000000,4.000000,4.000000,4.000000,4.000000,4.000000,4.000000,4.000000,4.000000,4.000000,4.000000,83.333336
1614076765.432335,62.000000,0.000000,1.548452,3.764643,13.228281,1.977865,9.604041,7.431028,4.919775,17.165733,12.102485,23.713240,27.464470,14.099498,10.768007,17.247940,14.152119,52.577816,10.059365,39.487438,12.537577,-9.436537,-4.029423,-1.143716,0.145873,-2.760675,-4.728817,-10.808177,-2.302536,-4.532403,-8.182790,-5.268718,-5.809929,-2.568197,8064.000000,0.000000,4.000000,,,,0.000000,4.000000,4.000000,4.000000,4.000000,4.000000,4.000000,4.000000,4.000000,4.000000,4.000000,4.000000,4.000000,4.000000,4.000000,4.000000,4.000000,4.000000,4.000000,2.000000,4.000000,4.000000,4.000000,4.000000,4.000000,4.000000,4.000000,4.000000,4.000000,4.000000,4.000000,4.000000,4.000000,83.333336
1614076765.440084,63.000000,0.000000,1.034083,3.760879,13.215053,5.052810,9.594438,9.474879,4.914855,14.584466,13.116023,18.048502,24.360081,14.598219,10.757239,18.256332,14.650787,65.345749,9.023665,56.883846,15.089142,-9.427100,1.102812,3.985633,-0.367093,3.395931,-2.159986,-10.797369,-2.813054,-4.527871,-8.174607,-0.648065,-1.188735,1.024115,8064.000000,0.000000,4.000000,,,,0.000000,4.000000,4.000000,4.000000,4.000000,4.000000,4.000000,4.000000,4.000000,4.000000,4.000000,4.000000,4.000000,4.000000,4.000000,4.000000,4.000000,4.000000,4.000000,2.000000,4.000000,4.000000,4.000000,4.000000,4.000000,4.000000,4.000000,4.000000,4.000000,4.000000,4.000000,4.000000,4.000000,83.333336
1614076765.447933,64.000000,0.000000,1.545869,4.269938,10.637735,4.534937,9.584843,8.439763,3.884299,1.236548,12.077266,11.363786,23.310080,13.557980,11.772122,17.725256,16.174599,75.536812,9.527462,61.955166,17.125334,-6.853570,7.768376,9.622673,-0.366726,8.520741,-1.132185,-10.786572,-2.810241,-4.523343,-7.653612,-1.160237,0.350915,-1.028191,0.000000,178.000000,4.000000,,,,0.000000,4.000000,4.000000,4.000000,4.000000,4.000000,4.000000,4.000000,4.000000,4.000000,4.000000,4.000000,4.000000,4.000000,4.000000,4.000000,4.000000,4.000000,4.000000,2.000000,4.000000,4.000000,4.000000,4.000000,4.000000,4.000000,4.000000,4.000000,4.000000,4.000000,4.000000,4.000000,4.000000,83.333336
1614076765.455682,65.000000,0.000000,1.031503,6.316950,14.216842,2.479120,8.549617,7.918503,1.316312,-7.482637,11.039548,10.326781,19.184206,10.467498,10.221889,17.194710,13.081500,61.615124,10.030755,37.277828,14.031286,-5.308255,8.273428,7.561769,-0.366359,7.999400,-1.643873,-11.288606,-2.294610,-4.518820,-5.081856,-0.133436,-0.162256,-3.591266,0.000000,199.000000,4.000000,,,,0.000000,4.000000,4.000000,4.000000,4.000000,4.000000,4.000000,4.000000,4.000000,4.000000,4.000000,4.000000,4.000000,4.000000,4.000000,4.000000,4.000000,4.000000,4.000000,2.000000,4.000000,4.000000,4.000000,4.000000,4.000000,4.000000,4.000000,4.000000,4.000000,4.000000,4.000000,4.000000,4.000000,83.333336
1614076765.463531,66.000000,0.000000,1.030471,7.336274,18.305189,5.040743,10.079529,9.449046,0.802175,-6.962334,13.079790,12.880557,15.062458,8.918570,3.545001,17.177515,7.940214,48.220177,7.969442,25.445679,7.350588,-5.302947,8.777975,2.938822,-0.365993,7.478580,1.947515,-11.277317,0.271787,-5.027122,-3.538313,4.994903,-0.162094,-3.074854,0.000000,199.000000,4.000000,,,,0.000000,4.000000,4.000000,4.000000,4.000000,4.000000,4.000000,4.000000,4.000000,4.000000,4.000000,4.000000,4.000000,4.000000,4.000000,4.000000,4.000000,4.000000,4.000000,2.000000,4.000000,4.000000,4.000000,4.000000,4.000000,4.000000,4.000000,4.000000,4.000000,4.000000,4.000000,4.000000,4.000000,83.333336
1614076765.471280,67.000000,0.000000,1.029441,7.841759,16.748423,4.010062,8.018167,5.849854,-2.275550,-5.929731,9.989787,6.713830,14.021754,4.294266,-1.073929,16.647518,7.932273,61.505287,3.858908,44.394592,14.009905,-4.784823,8.256376,2.423063,-0.365627,8.496742,0.919926,-10.240398,-2.292587,-4.509274,-5.073236,1.912984,-2.726034,-3.584599,0.000000,175.000000,4.000000,,,,0.000000,4.000000,4.000000,4.000000,4.000000,4.000000,4.000000,4.000000,4.000000,4.000000,4.000000,4.000000,4.000000,4.000000,4.000000,4.000000,4.000000,4.000000,4.000000,2.000000,4.000000,4.000000,4.000000,4.000000,4.000000,4.000000,4.000000,4.000000,4.000000,4.000000,4.000000,4.000000,4.000000,83.333336
1614076765.479129,68.000000,0.000000,1.028411,5.782635,11.603468,-3.173435,-1.733441,-1.848304,-6.888659,-6.949442,-3.353536,-6.626217,15.033374,-3.402336,-4.149778,10.477023,2.796136,61.443783,0.778127,44.350197,21.688202,-9.908244,-4.059572,2.933460,-0.878082,6.436963,-11.388686,-13.819901,-8.956962,-4.504765,-7.119445,-6.806877,-7.851513,-6.145117,0.000000,191.000000,4.000000,,,,0.000000,4.000000,4.000000,4.000000,4.000000,4.000000,4.000000,4.000000,4.000000,4.000000,4.000000,4.000000,4.000000,4.000000,4.000000,4.000000,4.000000,4.000000,4.000000,2.000000,4.000000,4.000000,4.000000,4.000000,4.000000,4.000000,4.000000,4.000000,4.000000,4.000000,4.000000,4.000000,4.000000,83.333336
1614076765.486878,69.000000,0.000000,0.514563,2.187109,6.976480,-6.760005,-8.911195,-2.872097,-6.881771,-6.942493,-10.529670,-9.183693,14.505520,-4.937395,-8.248193,2.261418,-12.078455,29.074648,0.777348,14.049437,8.846002,-17.590643,-15.337564,1.392065,-0.364383,3.866424,-15.479861,-18.421467,-8.435184,-5.013080,-8.137966,-9.876993,-8.356483,-7.677434,0.000000,176.000000,4.000000,,,,0.000000,4.000000,4.000000,4.000000,4.000000,4.000000,4.000000,4.000000,4.000000,4.000000,4.000000,4.000000,4.000000,4.000000,4.000000,4.000000,4.000000,4.000000,4.000000,2.000000,4.000000,4.000000,4.000000,4.000000,4.000000,4.000000,4.000000,4.000000,4.000000,4.000000,4.000000,4.000000,4.000000,83.333336
1614076765.494727,70.000000,0.000000,1.026868,4.749024,6.456683,-5.214784,-5.825360,2.771801,-3.797966,-3.345807,-5.390934,2.620362,14.491014,0.708568,-8.239944,1.746336,-14.117659,12.635316,1.802212,12.496925,-3.470537,-17.060232,-14.809406,2.929135,-0.364019,3.349737,-7.772074,-15.838943,-6.888287,-2.443964,-8.129828,-8.328655,-4.758382,-7.669756,0.000000,161.000000,4.000000,,,,0.000000,4.000000,4.000000,4.000000,4.000000,4.000000,4.000000,4.000000,4.000000,4.000000,4.000000,4.000000,4.000000,4.000000,4.000000,4.000000,4.000000,4.000000,4.000000,2.000000,4.000000,4.000000,4.000000,4.000000,4.000000,4.000000,4.000000,4.000000,4.000000,4.000000,4.000000,4.000000,4.000000,83.333336
1614076765.502476,71.000000,0.000000,0.513021,9.872480,9.527149,-5.209569,-1.716971,5.333132,-2.255706,1.272924,-1.795800,11.335690,15.502165,2.759141,-5.667602,7.385616,3.332356,45.443195,1.800410,40.689556,0.122677,-16.530352,-15.307417,3.439026,-0.363655,3.859207,-4.687379,-11.720539,-6.368578,2.173864,-8.121698,-4.730583,-0.651060,-6.636446,0.000000,194.000000,4.000000,,,,0.000000,4.000000,4.000000,4.000000,4.000000,4.000000,4.000000,4.000000,4.000000,4.000000,4.000000,4.000000,4.000000,4.000000,4.000000,4.000000,4.000000,4.000000,4.000000,2.000000,4.000000,4.000000,4.000000,4.000000,4.000000,4.000000,4.000000,4.000000,4.000000,4.000000,4.000000,4.000000,4.000000,83.333336
1614076765.510325,72.000000,0.000000,0.512508,7.811326,9.004802,-5.717180,-2.740895,4.302157,-3.279092,2.297292,-3.845286,10.811535,14.973842,2.243562,-4.636293,9.942332,11.534152,76.166985,0.260148,48.853996,1.661016,-19.077923,-12.215186,0.871485,0.149529,3.855348,-4.682692,-11.708818,0.304457,2.684511,-8.113577,-1.648929,0.375232,-7.655450,0.000000,194.000000,4.000000,,,,0.000000,4.000000,4.000000,4.000000,4.000000,4.000000,4.000000,4.000000,4.000000,4.000000,4.000000,4.000000,4.000000,4.000000,4.000000,4.000000,4.000000,4.000000,4.000000,2.000000,4.000000,4.000000,4.000000,4.000000,4.000000,4.000000,4.000000,4.000000,4.000000,4.000000,4.000000,4.000000,4.000000,83.333336
1614076765.518074,73.000000,0.000000,4.101739,4.213770,6.431695,-5.198643,-1.712513,4.810676,-2.762992,1.269354,-3.328621,11.313543,14.958868,4.805421,-1.554734,9.932390,9.984157,66.860046,6.926554,49.317963,8.326021,-8.802436,7.797029,10.614202,2.713482,2.825852,4.552761,-7.081725,8.509281,3.194647,-8.105463,-1.134459,-0.137963,-10.211897,0.000000,203.000000,4.000000,,,,0.000000,4.000000,4.000000,4.000000,4.000000,4.000000,4.000000,4.000000,4.000000,4.000000,4.000000,4.000000,4.000000,4.000000,4.000000,4.000000,4.000000,4.000000,4.000000,2.000000,4.000000,4.000000,4.000000,4.000000,4.000000,4.000000,4.000000,4.000000,4.000000,4.000000,4.000000,4.000000,4.000000,83.333336
1614076765.525923,74.000000,0.000000,8.200202,8.312121,8.476545,-5.193444,1.878943,5.831506,-0.196126,1.780905,-2.299651,16.943256,18.020832,6.851897,3.062206,10.435279,15.102378,65.767548,18.201679,62.601978,25.240772,9.155085,25.737949,30.090769,6.813333,5.387129,11.727695,-0.407977,9.013592,7.806837,-8.097358,-1.133325,-0.137825,-10.201685,0.000000,204.000000,4.000000,,,,0.000000,4.000000,4.000000,4.000000,4.000000,4.000000,4.000000,4.000000,4.000000,4.000000,4.000000,4.000000,4.000000,4.000000,4.000000,4.000000,4.000000,4.000000,4.000000,2.000000,4.000000,4.000000,4.000000,4.000000,4.000000,4.000000,4.000000,4.000000,4.000000,4.000000,4.000000,4.000000,4.000000,83.333336
1614076765.533772,75.000000,0.000000,9.217643,11.893553,10.519350,-5.188251,2.389885,4.800034,1.342531,1.779124,-2.810172,19.490416,18.002811,6.845046,2.546323,8.886382,17.138557,62.112034,19.721939,56.385529,20.600147,11.710032,23.660929,29.035036,6.806520,9.997127,10.177505,0.105252,7.978938,9.850312,-8.089260,-1.645012,0.375133,-7.627381,0.000000,199.000000,4.000000,,,,0.000000,4.000000,4.000000,4.000000,4.000000,4.000000,4.000000,4.000000,4.000000,4.000000,4.000000,4.000000,4.000000,4.000000,4.000000,4.000000,4.000000,4.000000,4.000000,2.000000,4.000000,4.000000,4.000000,4.000000,4.000000,4.000000,4.000000,4.000000,4.000000,4.000000,4.000000,4.000000,4.000000,83.333336
1614076765.541521,76.000000,0.000000,7.157143,11.368838,9.996011,-5.183062,1.874675,4.795234,-0.710093,-0.273937,-2.807362,19.470924,12.343782,6.325380,-0.533147,6.826213,9.941932,46.152485,11.497088,42.482990,4.682111,2.980374,15.944961,9.006001,3.209970,12.038411,9.654508,0.105146,8.996599,6.763538,-8.081171,-0.617726,-0.138063,-7.106933,0.000000,200.000000,4.000000,,,,0.000000,4.000000,4.000000,4.000000,4.000000,4.000000,4.000000,4.000000,4.000000,4.000000,4.000000,4.000000,4.000000,4.000000,4.000000,4.000000,4.000000,4.000000,4.000000,2.000000,4.000000,4.000000,4.000000,4.000000,4.000000,4.000000,4.000000,4.000000,4.000000,4.000000,4.000000,4.000000,4.000000,83.333336
1614076765.549370,77.000000,0.000000,5.098703,10.844649,9.986014,-5.177879,2.385620,5.303259,-2.760665,-2.324945,-2.804554,18.425812,7.203234,6.319055,-0.532613,6.306567,8.393528,57.901203,8.408669,55.773842,16.985121,1.438932,15.929016,3.355970,-0.382984,11.000731,10.157674,3.181964,8.474782,6.756775,-8.073090,5.023917,-0.137925,-5.561365,0.000000,197.000000,4.000000,,,,0.000000,4.000000,4.000000,4.000000,4.000000,4.000000,4.000000,4.000000,4.000000,4.000000,4.000000,4.000000,4.000000,4.000000,4.000000,4.000000,4.000000,4.000000,4.000000,2.000000,4.000000,4.000000,4.000000,4.000000,4.000000,4.000000,4.000000,4.000000,4.000000,4.000000,4.000000,4.000000,4.000000,83.333336
1614076765.557119,78.000000,0.000000,4.580784,9.808164,8.950387,-5.172701,1.357594,3.759494,-2.757905,-2.835441,-2.801750,13.792002,7.196031,6.825556,-0.532081,3.223337,10.436417,67.074074,9.425901,60.846272,29.788649,1.437493,15.913087,12.583383,-0.382601,11.502551,10.147516,3.691603,8.466308,5.724377,-8.065017,9.634278,-0.137787,-0.940419,0.000000,203.000000,4.000000,,,,0.000000,4.000000,4.000000,4.000000,4.000000,4.000000,4.000000,4.000000,4.000000,4.000000,4.000000,4.000000,4.000000,4.000000,4.000000,4.000000,4.000000,4.000000,4.000000,2.000000,4.000000,4.000000,4.000000,4.000000,4.000000,4.000000,4.000000,4.000000,4.000000,4.000000,4.000000,4.000000,4.000000,83.333336
1614076765.564968,79.000000,0.000000,4.576203,7.234252,6.377335,-5.167529,-1.207866,-0.346829,-2.755147,-2.319785,-2.798948,8.137184,7.701655,6.305910,-0.531549,-0.369630,5.810596,39.827511,9.416475,36.170040,13.861424,-3.179329,14.871533,13.083620,0.643423,11.491049,9.624548,3.687911,8.457841,1.103268,-8.056952,10.137465,-0.137649,0.598983,0.000000,206.000000,4.000000,,,,0.000000,4.000000,4.000000,4.000000,4.000000,4.000000,4.000000,4.000000,4.000000,4.000000,4.000000,4.000000,4.000000,4.000000,4.000000,4.000000,4.000000,4.000000,4.000000,2.000000,4.000000,4.000000,4.000000,4.000000,4.000000,4.000000,4.000000,4.000000,4.000000,4.000000,4.000000,4.000000,4.000000,83.333336
1614076765.572717,80.000000,0.000000,4.571627,7.739839,5.858137,-5.162361,-1.719479,-3.936226,-2.752392,-2.317465,-2.796149,7.103406,7.693954,4.248322,-0.018197,1.169201,2.215041,32.608196,8.381417,27.415922,3.078332,-5.740252,14.343841,0.250024,-3.459785,8.915455,8.076462,4.197044,4.346819,-0.949117,-8.048895,10.127327,0.375309,1.111205,0.000000,200.000000,4.000000,,,,0.000000,4.000000,4.000000,4.000000,4.000000,4.000000,4.000000,4.000000,4.000000,4.000000,4.000000,4.000000,4.000000,4.000000,4.000000,4.000000,4.000000,4.000000,4.000000,2.000000,4.000000,4.000000,4.000000,4.000000,4.000000,4.000000,4.000000,4.000000,4.000000,4.000000,4.000000,4.000000,4.000000,83.333336
1614076765.580566,81.000000,0.000000,3.028594,5.167996,6.365099,-4.644378,-1.717760,-5.470751,-2.749639,-2.315148,-2.793353,6.583482,7.173439,2.705612,-2.582281,3.219314,3.238467,56.165333,6.321754,41.747478,9.741920,-8.298615,11.765394,-14.109200,-10.635812,7.368078,6.017103,-0.422538,-1.811374,-2.999450,-8.040846,9.091558,-1.676348,-0.941189,0.000000,190.000000,4.000000,,,,0.000000,4.000000,4.000000,4.000000,4.000000,4.000000,4.000000,4.000000,4.000000,4.000000,4.000000,4.000000,4.000000,4.000000,4.000000,4.000000,4.000000,4.000000,4.000000,2.000000,4.000000,4.000000,4.000000,4.000000,4.000000,4.000000,4.000000,4.000000,4.000000,4.000000,4.000000,4.000000,4.000000,83.333336
1614076765.588315,82.000000,0.000000,0.974283,0.547444,6.358734,-5.665375,-1.716042,-6.490922,-4.285351,-2.312833,-2.790560,4.012796,7.679086,2.702906,-3.605340,1.677633,3.235229,60.724552,5.289792,45.808296,11.783461,-8.803137,8.163885,-16.146374,-12.163638,7.360710,5.498266,-7.088782,-3.860844,-7.099015,-8.032805,4.979903,-3.725954,-7.094093,0.000000,204.000000,4.000000,,,,0.000000,4.000000,4.000000,4.000000,4.000000,4.000000,4.000000,4.000000,4.000000,4.000000,4.000000,4.000000,4.000000,4.000000,4.000000,4.000000,4.000000,4.000000,4.000000,2.000000,4.000000,4.000000,4.000000,4.000000,4.000000,4.000000,4.000000,4.000000,4.000000,4.000000,4.000000,4.000000,4.000000,83.333336
1614076765.596164,83.000000,0.000000,0.460489,-0.991565,6.352375,-4.634068,-1.201505,-6.484431,-6.332348,-1.797699,-2.787769,3.495963,8.184228,2.700203,-1.037632,4.240058,4.257635,53.997158,5.797322,44.736847,13.822959,-1.614846,7.642901,-2.796894,-8.561730,5.814888,6.518408,-8.620154,-2.831342,-6.066275,-8.024773,2.410820,-4.235048,-10.163922,0.000000,208.000000,4.000000,,,,0.000000,4.000000,4.000000,4.000000,4.000000,4.000000,4.000000,4.000000,4.000000,4.000000,4.000000,4.000000,4.000000,4.000000,4.000000,4.000000,4.000000,4.000000,4.000000,2.000000,4.000000,4.000000,4.000000,4.000000,4.000000,4.000000,4.000000,4.000000,4.000000,4.000000,4.000000,4.000000,4.000000,83.333336
1614076765.603913,84.000000,0.000000,0.972849,0.035067,5.833202,-2.065332,-2.225945,-6.477946,-6.326015,-3.334363,-2.784981,4.005288,7.150402,2.697503,-1.036594,1.158895,3.227736,45.225212,5.278704,43.666470,13.809136,2.489332,7.635258,9.000774,-8.040348,3.244971,5.999070,-7.585894,-3.341331,-1.444824,-6.478286,1.895589,-3.717993,-7.589656,0.000000,190.000000,4.000000,,,,0.000000,4.000000,4.000000,4.000000,4.000000,4.000000,4.000000,4.000000,4.000000,4.000000,4.000000,4.000000,4.000000,4.000000,4.000000,4.000000,4.000000,4.000000,4.000000,2.000000,4.000000,4.000000,4.000000,4.000000,4.000000,4.000000,4.000000,4.000000,4.000000,4.000000,4.000000,4.000000,4.000000,83.333336
1614076765.611762,85.000000,0.000000,0.971876,0.035032,5.827369,-2.576087,-4.787821,-6.984289,-7.345331,-7.946414,-3.295017,2.975641,4.066329,2.181985,-4.112481,-9.611495,-2.929338,23.641527,4.247785,32.853573,7.641481,0.435561,7.114802,11.043056,-7.519488,3.241725,5.993071,-7.065487,-3.337990,-0.417738,-4.933346,2.406514,-3.714275,-7.069246,0.000000,194.000000,4.000000,,,,0.000000,4.000000,4.000000,4.000000,4.000000,4.000000,4.000000,4.000000,4.000000,4.000000,4.000000,4.000000,4.000000,4.000000,4.000000,4.000000,4.000000,4.000000,4.000000,2.000000,4.000000,4.000000,4.000000,4.000000,4.000000,4.000000,4.000000,4.000000,4.000000,4.000000,4.000000,4.000000,4.000000,83.333336
1614076765.619511,86.000000,0.000000,0.970904,-0.477823,6.847183,-5.137613,-5.295854,-5.951663,-5.799524,-10.502569,-2.778901,3.998307,3.549442,2.179803,-4.621189,-9.089063,-2.413588,29.258911,6.294819,34.359180,17.377430,2.999228,8.133328,10.006371,-4.947865,3.751304,6.499898,-5.007140,-1.283370,-0.930141,-3.902772,4.968210,-4.223381,-7.062177,0.000000,199.000000,4.000000,,,,0.000000,4.000000,4.000000,4.000000,4.000000,4.000000,4.000000,4.000000,4.000000,4.000000,4.000000,4.000000,4.000000,4.000000,4.000000,4.000000,4.000000,4.000000,4.000000,2.000000,4.000000,4.000000,4.000000,4.000000,4.000000,4.000000,4.000000,4.000000,4.000000,4.000000,4.000000,4.000000,4.000000,83.333336
1614076765.627360,87.000000,0.000000,0.969933,-0.477345,5.301874,-5.645297,-4.777738,-5.945712,-3.742442,-9.466426,-2.776122,4.507129,4.058713,3.203264,-4.103747,-2.413307,0.152928,55.896320,4.237242,45.606873,27.616463,0.432126,6.073913,7.432263,-3.404456,3.747553,4.442116,-5.002132,0.769195,-1.954852,-4.411690,4.450421,-3.706337,-7.567935,0.000000,195.000000,4.000000,,,,0.000000,4.000000,4.000000,4.000000,4.000000,4.000000,4.000000,4.000000,4.000000,4.000000,4.000000,4.000000,4.000000,4.000000,4.000000,4.000000,4.000000,4.000000,4.000000,2.000000,4.000000,4.000000,4.000000,4.000000,4.000000,4.000000,4.000000,4.000000,4.000000,4.000000,4.000000,4.000000,4.000000,83.333336
1614076765.635109,88.000000,0.000000,0.968963,-0.476868,1.706829,-5.639651,-6.824242,-7.478228,-4.764341,-10.482600,-3.286167,0.400058,2.003372,2.174420,-5.125284,-6.000638,-12.154917,39.942986,-3.459303,30.689470,6.050384,-18.542665,-1.111648,3.322267,-3.913872,3.230985,0.335110,-7.561233,1.281247,-4.004179,-5.945739,0.856227,-3.702631,-9.611650,0.000000,190.000000,4.000000,,,,0.000000,4.000000,4.000000,4.000000,4.000000,4.000000,4.000000,4.000000,4.000000,4.000000,4.000000,4.000000,4.000000,4.000000,4.000000,4.000000,4.000000,4.000000,4.000000,2.000000,4.000000,4.000000,4.000000,4.000000,4.000000,4.000000,4.000000,4.000000,4.000000,4.000000,4.000000,4.000000,4.000000,83.333336
1614076765.642958,89.000000,0.000000,0.967994,0.036429,5.294865,-5.121191,-8.868700,-2.855365,-4.759576,-8.420836,-2.257239,3.476581,7.129574,2.685066,-0.504775,1.184850,-16.758146,16.826120,-3.455844,13.735704,-9.853103,-27.242071,-6.238741,2.293303,-2.884317,3.740574,-1.716507,-7.553672,0.767145,-4.000175,-8.503897,-0.683091,-4.211749,-9.602037,0.000000,213.000000,4.000000,,,,0.000000,4.000000,4.000000,4.000000,4.000000,4.000000,4.000000,4.000000,4.000000,4.000000,4.000000,4.000000,4.000000,4.000000,4.000000,4.000000,4.000000,4.000000,4.000000,2.000000,4.000000,4.000000,4.000000,4.000000,4.000000,4.000000,4.000000,4.000000,4.000000,4.000000,4.000000,4.000000,4.000000,83.333336
1614076765.650708,90.000000,0.000000,0.967026,-0.476428,12.981878,-4.603249,-9.372652,4.839798,0.373388,1.843995,0.309120,17.832079,23.532701,7.297766,7.700859,23.234947,3.771432,40.399036,6.804022,34.747608,7.592649,-12.855854,-5.719682,3.316651,-0.317330,4.249654,-1.201970,-7.546118,0.766378,-5.021815,-6.956931,-2.220869,-3.181896,-8.053974,0.000000,113.000000,4.000000,,,,0.000000,4.000000,4.000000,4.000000,4.000000,4.000000,4.000000,4.000000,4.000000,4.000000,4.000000,4.000000,4.000000,4.000000,4.000000,4.000000,4.000000,4.000000,4.000000,2.000000,4.000000,4.000000,4.000000,4.000000,4.000000,4.000000,4.000000,4.000000,4.000000,4.000000,4.000000,4.000000,4.000000,83.333336
1614076765.658557,91.000000,0.000000,0.453239,0.036869,13.994537,-6.137107,-8.850458,4.322138,1.398656,12.098561,1.334452,21.916811,31.201475,10.367392,11.795722,28.339918,20.177917,61.897102,10.386962,60.353889,22.456850,-2.073768,-1.098578,2.800514,0.195807,4.245405,-0.687948,-8.564213,0.765611,-5.016794,-4.385871,-1.193007,-1.127432,-6.507458,0.000000,204.000000,4.000000,,,,0.000000,4.000000,4.000000,4.000000,4.000000,4.000000,4.000000,4.000000,4.000000,4.000000,4.000000,4.000000,4.000000,4.000000,4.000000,4.000000,4.000000,4.000000,4.000000,2.000000,4.000000,4.000000,4.000000,4.000000,4.000000,4.000000,4.000000,4.000000,4.000000,4.000000,4.000000,4.000000,4.000000,83.333336
1614076765.666306,92.000000,0.000000,2.504067,4.652217,13.467722,-4.079689,-7.815967,1.753713,0.884437,15.676207,0.307477,15.228227,29.118992,9.844203,10.245464,20.619270,19.644918,57.219818,8.325293,57.216610,23.460035,-0.020412,6.594829,2.284893,-0.317209,3.215518,1.876842,-1.888982,0.764846,1.654890,-4.381485,9.064596,-0.100664,0.165716,0.000000,192.000000,4.000000,,,,0.000000,4.000000,4.000000,4.000000,4.000000,4.000000,4.000000,4.000000,4.000000,4.000000,4.000000,4.000000,4.000000,4.000000,4.000000,4.000000,4.000000,4.000000,4.000000,2.000000,4.000000,4.000000,4.000000,4.000000,4.000000,4.000000,4.000000,4.000000,4.000000,4.000000,4.000000,4.000000,4.000000,83.333336
1614076765.674155,93.000000,0.000000,4.552845,8.237309,19.608101,3.103878,-5.756869,6.880165,5.498937,8.481043,1.332810,15.725820,25.500130,6.244616,7.671116,15.983267,17.061171,61.777985,9.855430,48.441444,21.898113,4.594993,9.152336,4.846711,-0.316892,5.776405,3.413427,4.266753,0.764081,6.268620,-4.377104,11.619634,0.412258,7.345037,0.000000,217.000000,4.000000,,,,0.000000,4.000000,4.000000,4.000000,4.000000,4.000000,4.000000,4.000000,4.000000,4.000000,4.000000,4.000000,4.000000,4.000000,4.000000,4.000000,4.000000,4.000000,4.000000,2.000000,4.000000,4.000000,4.000000,4.000000,4.000000,4.000000,4.000000,4.000000,4.000000,4.000000,4.000000,4.000000,4.000000,83.333336
1614076765.681904,94.000000,0.000000,3.009831,6.177789,19.075672,3.100775,-5.238292,6.360464,1.903695,-7.937695,-0.206984,10.581888,13.679758,0.084525,6.637805,0.582668,7.300520,57.100822,6.255830,39.675056,0.337753,-0.024987,-2.651688,7.405966,-0.316575,8.334731,-1.205371,-1.891360,-1.287965,0.108505,-4.885548,-1.212498,-0.100975,3.235128,0.000000,172.000000,4.000000,,,,0.000000,4.000000,4.000000,4.000000,4.000000,4.000000,4.000000,4.000000,4.000000,4.000000,4.000000,4.000000,4.000000,4.000000,4.000000,4.000000,4.000000,4.000000,4.000000,2.000000,4.000000,4.000000,4.000000,4.000000,4.000000,4.000000,4.000000,4.000000,4.000000,4.000000,4.000000,4.000000,4.000000,83.333336
1614076765.689753,95.000000,0.000000,0.955539,3.607509,7.261724,-4.594634,-5.233053,-3.389486,-10.918722,-18.186167,-4.822162,-5.326129,-4.282640,-5.043765,6.118346,-17.879454,-8.604217,28.838593,-4.006836,21.686663,-20.175406,-13.358294,-13.931087,3.808817,-0.316258,2.685371,-5.306730,-7.530494,-2.825139,-5.532629,-3.855021,-5.313850,-3.690618,-3.947594,0.000000,190.000000,4.000000,,,,0.000000,4.000000,4.000000,4.000000,4.000000,4.000000,4.000000,4.000000,4.000000,4.000000,4.000000,4.000000,4.000000,4.000000,4.000000,4.000000,4.000000,4.000000,4.000000,2.000000,4.000000,4.000000,4.000000,4.000000,4.000000,4.000000,4.000000,4.000000,4.000000,4.000000,4.000000,4.000000,4.000000,83.333336
1614076765.697502,96.000000,0.000000,0.954584,3.603901,1.613437,-6.128501,-5.227820,-3.898917,-11.933444,-17.142340,-4.817339,-5.320804,-9.406563,-5.038721,6.625048,-18.374395,-12.698176,17.014881,-6.566932,19.100874,-3.232152,-15.909039,-10.327413,-3.374479,-0.315942,-3.983981,-5.301423,-0.343476,-0.771032,-4.501456,-1.799884,3.409413,-3.174107,-3.943647,8064.000000,0.000000,4.000000,,,,0.000000,4.000000,4.000000,4.000000,4.000000,4.000000,4.000000,4.000000,4.000000,4.000000,4.000000,4.000000,4.000000,4.000000,4.000000,4.000000,4.000000,4.000000,4.000000,2.000000,4.000000,4.000000,4.000000,4.000000,4.000000,4.000000,4.000000,4.000000,4.000000,4.000000,4.000000,4.000000,4.000000,83.333336
1614076765.705351,97.000000,0.000000,0.953629,4.113118,5.201568,-4.583911,-5.222592,3.797289,-4.229203,-15.073915,-0.197138,6.479389,-2.730489,-5.546503,6.105603,-11.689353,-12.172658,30.331200,-3.996262,33.953568,14.206977,-12.303387,-6.214521,-5.422387,-0.315626,-3.467176,-4.783301,5.297893,1.281021,-4.496954,-0.259622,7.508567,0.418811,-2.914062,8064.000000,0.000000,4.000000,,,,0.000000,4.000000,4.000000,4.000000,4.000000,4.000000,4.000000,4.000000,4.000000,4.000000,4.000000,4.000000,4.000000,4.000000,4.000000,4.000000,4.000000,4.000000,4.000000,2.000000,4.000000,4.000000,4.000000,4.000000,4.000000,4.000000,4.000000,4.000000,4.000000,4.000000,4.000000,4.000000,4.000000,83.333336
1614076765.713100,98.000000,0.000000,1.465496,3.596184,6.734828,-5.092147,-5.217370,5.844774,-2.173692,-3.263970,1.341521,6.985730,4.451728,-5.028136,5.586677,-6.549459,-12.673306,46.198303,-2.966625,35.458076,5.987642,-12.803904,-7.746768,-1.314400,-0.315310,-0.386786,-4.778518,3.241313,0.766920,-5.005278,-0.772183,4.936956,-3.684172,-3.936789,8064.000000,0.000000,4.000000,,,,0.000000,4.000000,4.000000,4.000000,4.000000,4.000000,4.000000,4.000000,4.000000,4.000000,4.000000,4.000000,4.000000,4.000000,4.000000,4.000000,4.000000,4.000000,4.000000,2.000000,4.000000,4.000000,4.000000,4.000000,4.000000,4.000000,4.000000,4.000000,4.000000,4.000000,4.000000,4.000000,4.000000,83.333336
1614076765.720949,99.000000,0.000000,4.028133,3.079767,5.702452,-3.548594,-3.673691,4.300467,-1.145877,18.790577,0.314539,8.004386,14.190866,3.182020,8.658013,2.175039,-7.532427,54.357235,2.164547,33.884155,9.058578,-11.252638,-4.149278,2.276658,-0.314995,0.126421,-2.722457,3.238071,0.253332,-2.948991,-0.771411,5.957660,-6.244590,-3.932852,8064.000000,0.000000,4.000000,,,,0.000000,4.000000,4.000000,4.000000,4.000000,4.000000,4.000000,4.000000,4.000000,4.000000,4.000000,4.000000,4.000000,4.000000,4.000000,4.000000,4.000000,4.000000,4.000000,2.000000,4.000000,4.000000,4.000000,4.000000,4.000000,4.000000,4.000000,4.000000,4.000000,4.000000,4.000000,4.000000,4.000000,83.333336
1614076765.728798,100.000000,0.000000,5.049746,3.589508,5.696749,-1.493763,-1.618735,4.808988,3.470653,24.412811,2.878327,18.765612,21.868984,10.871146,13.777560,7.813890,-1.883869,49.687492,11.393151,46.157963,25.459776,-6.113181,1.495897,2.787202,-0.314680,2.177577,-0.668453,3.234833,0.765900,-0.381939,-0.257819,6.464523,-0.597320,-3.416099,8064.000000,0.000000,4.000000,,,,0.000000,4.000000,4.000000,4.000000,4.000000,4.000000,4.000000,4.000000,4.000000,4.000000,4.000000,4.000000,4.000000,4.000000,4.000000,4.000000,4.000000,4.000000,4.000000,2.000000,4.000000,4.000000,4.000000,4.000000,4.000000,4.000000,4.000000,4.000000,4.000000,4.000000,4.000000,4.000000,4.000000,83.333336
1614076765.736547,101.000000,0.000000,4.531876,3.585919,6.716693,-1.492269,-1.617116,5.316999,5.518465,17.208912,4.926730,24.387873,23.385576,10.347454,14.276603,7.293255,0.682117,45.535240,13.945861,47.137447,25.434315,-4.568606,-2.608163,3.810055,-0.314365,4.226681,-1.180605,-0.870965,0.765134,-0.894378,-2.821664,2.355494,-4.186466,-3.412683,8064.000000,0.000000,4.000000,,,,0.000000,4.000000,4.000000,4.000000,4.000000,4.000000,4.000000,4.000000,4.000000,4.000000,4.000000,4.000000,4.000000,4.000000,4.000000,4.000000,4.000000,4.000000,4.000000,2.000000,4.000000,4.000000,4.000000,4.000000,4.000000,4.000000,4.000000,4.000000,4.000000,4.000000,4.000000,4.000000,4.000000,83.333336
1614076765.744396,102.000000,0.000000,4.527344,3.069512,6.197156,-1.490777,-1.615499,4.798862,7.051408,17.191702,4.921803,22.312202,22.336550,9.824286,13.749506,6.773142,4.783999,59.848682,12.393454,34.269794,18.229393,-6.102499,-6.708119,2.780604,-0.314051,4.222455,-1.692245,-3.947018,0.764369,-0.893483,-4.357304,-2.262246,-10.848947,-3.409270,8064.000000,0.000000,4.000000,,,,0.000000,4.000000,4.000000,4.000000,4.000000,4.000000,4.000000,4.000000,4.000000,4.000000,4.000000,4.000000,4.000000,4.000000,4.000000,4.000000,4.000000,4.000000,4.000000,2.000000,4.000000,4.000000,4.000000,4.000000,4.000000,4.000000,4.000000,4.000000,4.000000,4.000000,4.000000,4.000000,4.000000,83.333336
1614076765.752145,103.000000,0.000000,4.522816,4.092084,6.190959,-0.976466,-1.613884,4.794063,7.557177,13.584767,4.404061,22.289890,21.801392,10.840103,14.761397,6.253548,7.343318,66.968323,12.893881,33.722706,17.185524,-5.070755,-2.598847,2.777824,-0.313737,3.705412,-0.664911,-4.455891,0.763604,-0.892590,-1.788844,-1.234342,-2.632969,-3.405861,8064.000000,0.000000,4.000000,,,,0.000000,4.000000,4.000000,4.000000,4.000000,4.000000,4.000000,4.000000,4.000000,4.000000,4.000000,4.000000,4.000000,4.000000,4.000000,4.000000,4.000000,4.000000,4.000000,2.000000,4.000000,4.000000,4.000000,4.000000,4.000000,4.000000,4.000000,4.000000,4.000000,4.000000,4.000000,4.000000,4.000000,83.333336
1614076765.759994,104.000000,0.000000,4.518293,6.652094,6.184768,-1.488310,-1.612270,4.789269,5.498338,0.237849,4.399657,22.267599,17.677027,5.188238,10.644072,7.272935,5.284693,43.311607,11.342525,36.765907,18.706800,-1.988761,3.557598,7.903251,-0.313423,3.701706,1.387036,-3.938615,0.762841,-0.891697,-0.248593,1.843815,4.036330,-3.402455,8064.000000,0.000000,4.000000,,,,0.000000,4.000000,4.000000,4.000000,4.000000,4.000000,4.000000,4.000000,4.000000,4.000000,4.000000,4.000000,4.000000,4.000000,4.000000,4.000000,4.000000,4.000000,4.000000,2.000000,4.000000,4.000000,4.000000,4.000000,4.000000,4.000000,4.000000,4.000000,4.000000,4.000000,4.000000,4.000000,4.000000,83.333336
1614076765.767743,105.000000,0.000000,4.513775,7.671083,6.178583,-1.486821,-1.610658,4.784480,3.954378,-6.941876,4.395257,19.681231,10.992683,-0.970797,2.941120,6.240022,4.253767,15.575988,9.279901,21.857346,21.252195,-0.448311,6.630964,9.946630,-0.313110,3.698004,2.924110,-3.934676,0.762078,-0.890805,-0.761165,2.354792,-1.608732,-3.399052,8064.000000,0.000000,4.000000,,,,0.000000,4.000000,4.000000,4.000000,4.000000,4.000000,4.000000,4.000000,4.000000,4.000000,4.000000,4.000000,4.000000,4.000000,4.000000,4.000000,4.000000,4.000000,4.000000,2.000000,4.000000,4.000000,4.000000,4.000000,4.000000,4.000000,4.000000,4.000000,4.000000,4.000000,4.000000,4.000000,4.000000,83.333336
1614076765.775592,106.000000,0.000000,5.022082,7.150592,4.121123,-1.485335,-1.609047,4.779695,4.463244,-6.934934,4.903683,15.046164,7.391947,-0.969826,-1.677206,-2.484167,3.223872,19.662975,7.732159,15.681643,14.051455,-3.011965,2.521769,-0.319727,-0.312797,4.207127,2.921186,-3.930741,1.274136,-0.889915,-0.760404,2.352437,-1.607123,-3.395653,8064.000000,0.000000,4.000000,,,,0.000000,4.000000,4.000000,4.000000,4.000000,4.000000,4.000000,4.000000,4.000000,4.000000,4.000000,4.000000,4.000000,4.000000,4.000000,4.000000,4.000000,4.000000,4.000000,2.000000,4.000000,4.000000,4.000000,4.000000,4.000000,4.000000,4.000000,4.000000,4.000000,4.000000,4.000000,4.000000,4.000000,83.333336
1614076765.783341,107.000000,0.000000,4.504240,7.656261,2.578540,-4.047952,-1.607438,5.287736,4.458781,-5.902358,3.360318,7.338810,7.384555,-1.994497,-1.162708,-4.532965,3.220648,50.925365,4.647504,41.306988,0.704071,-6.598697,-8.249984,-10.062997,-0.312484,4.202920,2.918265,-3.413990,1.272862,-1.401845,-0.759644,2.350084,-0.067054,-2.879437,8064.000000,0.000000,4.000000,,,,0.000000,4.000000,4.000000,4.000000,4.000000,4.000000,4.000000,4.000000,4.000000,4.000000,4.000000,4.000000,4.000000,4.000000,4.000000,4.000000,4.000000,4.000000,4.000000,2.000000,4.000000,4.000000,4.000000,4.000000,4.000000,4.000000,4.000000,4.000000,4.000000,4.000000,4.000000,4.000000,4.000000,83.333336
1614076765.791190,108.000000,0.000000,4.499735,7.135785,2.575961,-5.069545,-1.605831,4.769628,4.454322,-1.793892,0.792855,4.254548,9.941273,-0.454041,4.992301,7.266440,9.371274,69.335976,5.668498,62.291321,8.395675,-5.053637,-9.267375,-5.950370,-0.312171,3.685896,2.402526,-3.923397,0.245948,-0.374802,-0.758884,2.860555,-6.220833,-3.389378,8064.000000,0.000000,4.000000,,,,0.000000,4.000000,4.000000,4.000000,4.000000,4.000000,4.000000,4.000000,4.000000,4.000000,4.000000,4.000000,4.000000,4.000000,4.000000,4.000000,4.000000,4.000000,4.000000,2.000000,4.000000,4.000000,4.000000,4.000000,4.000000,4.000000,4.000000,4.000000,4.000000,4.000000,4.000000,4.000000,4.000000,83.333336
1614076765.798939,109.000000,0.000000,5.520876,7.641469,2.573385,-2.500373,-1.604225,5.277678,4.962688,0.772005,0.792062,9.378499,11.982614,5.187438,8.064232,9.823276,9.361902,42.599976,8.226932,42.741848,20.694971,-5.048583,-3.104261,3.286350,0.200961,4.195031,3.425765,-3.919473,1.271343,2.189675,-0.245305,3.370515,-5.188972,-3.385989,8064.000000,0.000000,4.000000,,,,0.000000,4.000000,4.000000,4.000000,4.000000,4.000000,4.000000,4.000000,4.000000,4.000000,4.000000,4.000000,4.000000,4.000000,4.000000,4.000000,4.000000,4.000000,4.000000,2.000000,4.000000,4.000000,4.000000,4.000000,4.000000,4.000000,4.000000,4.000000,4.000000,4.000000,4.000000,4.000000,4.000000,83.333336
1614076765.806788,110.000000,0.000000,3.464073,7.633828,2.570812,-0.959411,-1.602620,5.272401,4.444905,-3.844152,0.791270,9.369121,8.893708,2.618148,-1.687422,-3.007060,-4.493613,10.249682,2.064858,10.391416,-1.889826,-21.453791,-12.844747,-0.306680,-1.850522,4.703657,2.396698,-2.889913,1.270072,3.213126,-1.270701,1.315862,-0.055577,-2.356962,8064.000000,0.000000,4.000000,,,,0.000000,4.000000,4.000000,4.000000,4.000000,4.000000,4.000000,4.000000,4.000000,4.000000,4.000000,4.000000,4.000000,4.000000,4.000000,4.000000,4.000000,4.000000,4.000000,2.000000,4.000000,4.000000,4.000000,4.000000,4.000000,4.000000,4.000000,4.000000,4.000000,4.000000,4.000000,4.000000,4.000000,83.333336
1614076765.814537,111.000000,0.000000,-2.180416,4.036451,2.568241,-1.471272,-1.601018,2.190205,4.440460,-6.404410,0.790479,1.667444,4.782250,-7.128059,-11.429324,-10.183540,-14.745530,18.444561,-8.193617,-5.003592,-25.990499,-40.919518,-29.242159,-12.614066,-5.438415,-0.942073,-5.298007,-4.938305,-4.885045,2.697093,-3.320712,-3.813659,-6.722188,-4.918707,8064.000000,0.000000,4.000000,,,,0.000000,4.000000,4.000000,4.000000,4.000000,4.000000,4.000000,4.000000,4.000000,4.000000,4.000000,4.000000,4.000000,4.000000,4.000000,4.000000,4.000000,4.000000,4.000000,2.000000,4.000000,4.000000,4.000000,4.000000,4.000000,4.000000,4.000000,4.000000,4.000000,4.000000,4.000000,4.000000,4.000000,83.333336
1614076765.822386,112.000000,0.000000,-3.203877,-0.582970,2.565673,-1.469801,-1.599417,-1.914549,5.461660,-5.885185,1.302509,-0.385506,3.751827,-9.685034,-6.802511,-7.096434,-12.679502,42.528679,-10.749525,19.103975,-7.502972,-35.750393,-26.135994,-15.678375,-7.484259,-9.146259,-12.472196,-9.548751,-10.008365,3.207216,-4.855853,-5.348307,-10.305210,-9.016353,8064.000000,0.000000,4.000000,,,,0.000000,4.000000,4.000000,4.000000,4.000000,4.000000,4.000000,4.000000,4.000000,4.000000,4.000000,4.000000,4.000000,4.000000,4.000000,4.000000,4.000000,4.000000,4.000000,2.000000,4.000000,4.000000,4.000000,4.000000,4.000000,4.000000,4.000000,4.000000,4.000000,4.000000,4.000000,4.000000,4.000000,83.333336
1614076765.830135,113.000000,0.000000,-2.175032,-0.582387,2.563107,-1.468331,-1.597817,-2.938275,3.404917,-5.366479,0.788386,-0.385120,3.235255,-7.624067,-3.205965,-8.627799,-10.615541,33.255383,-9.200315,49.341282,19.684019,-19.304384,-14.827806,-6.431927,-7.476774,-11.701215,-12.972544,-11.590485,-7.947074,3.204009,-4.338176,-4.830138,-5.166699,-9.007337,8064.000000,0.000000,4.000000,,,,0.000000,4.000000,4.000000,4.000000,4.000000,4.000000,4.000000,4.000000,4.000000,4.000000,4.000000,4.000000,4.000000,4.000000,4.000000,4.000000,4.000000,4.000000,4.000000,2.000000,4.000000,4.000000,4.000000,4.000000,4.000000,4.000000,4.000000,4.000000,4.000000,4.000000,4.000000,4.000000,4.000000,83.333336
1614076765.837984,114.000000,0.000000,-6.275421,-0.068985,2.560544,-1.466863,-1.596220,-2.935337,-1.213873,-5.361113,-1.263685,-7.051402,0.667917,-8.129263,-11.407887,-12.721735,-12.143387,16.811871,-9.191114,42.625275,15.048950,-17.746618,-13.274517,-0.271649,-7.469297,-10.663873,-11.421110,-11.066073,-5.887845,0.636702,-4.333838,-4.825308,-7.212815,-6.947047,8064.000000,0.000000,4.000000,,,,0.000000,4.000000,4.000000,4.000000,4.000000,4.000000,4.000000,4.000000,4.000000,4.000000,4.000000,4.000000,4.000000,4.000000,4.000000,4.000000,4.000000,4.000000,4.000000,2.000000,4.000000,4.000000,4.000000,4.000000,4.000000,4.000000,4.000000,4.000000,4.000000,4.000000,4.000000,4.000000,4.000000,83.333336
1614076765.845733,115.000000,0.000000,-10.884530,-0.581736,2.557984,-0.952575,-1.594623,-2.419581,-3.776761,-8.432675,-2.800883,-12.172556,-0.871213,-8.633955,-16.011864,-12.709013,-11.618423,28.589931,-10.207564,17.454445,-0.350714,-20.805796,-14.799704,-0.784198,-7.461828,-10.653209,-12.435329,-11.567828,-6.394778,-1.415216,-4.329504,-5.333303,-10.795345,-6.940100,8064.000000,0.000000,4.000000,,,,0.000000,4.000000,4.000000,4.000000,4.000000,4.000000,4.000000,4.000000,4.000000,4.000000,4.000000,4.000000,4.000000,4.000000,4.000000,4.000000,4.000000,4.000000,4.000000,2.000000,4.000000,4.000000,4.000000,4.000000,4.000000,4.000000,4.000000,4.000000,4.000000,4.000000,4.000000,4.000000,4.000000,83.333336
1614076765.853582,116.000000,0.000000,-10.360826,-0.581154,2.555426,-1.977264,-1.593029,-1.904341,-2.747344,-13.039627,-4.336544,-11.647563,-0.357521,-8.625320,-13.431749,-11.670664,-10.581163,42.407494,-9.171716,28.719042,1.188098,-15.143964,-13.246443,-0.783414,-7.454366,-11.155376,-12.422894,-11.043440,-4.337101,-0.900981,-4.325175,-4.815149,-8.733269,-6.933160,8064.000000,0.000000,4.000000,,,,0.000000,4.000000,4.000000,4.000000,4.000000,4.000000,4.000000,4.000000,4.000000,4.000000,4.000000,4.000000,4.000000,4.000000,4.000000,4.000000,4.000000,4.000000,4.000000,2.000000,4.000000,4.000000,4.000000,4.000000,4.000000,4.000000,4.000000,4.000000,4.000000,4.000000,4.000000,4.000000,4.000000,83.333336
1614076765.861331,117.000000,0.000000,-10.350464,-0.067753,2.552870,-4.026568,-1.591436,-6.005001,-2.744596,-13.026587,-6.896309,-11.123095,0.668478,-7.591054,-10.854215,-12.171813,-10.570582,39.288162,-6.598441,49.715961,8.366397,-11.026257,-13.233196,-0.269810,-7.446912,-10.631400,-11.384830,-11.032396,-3.819943,-0.900080,-4.320849,-6.348795,-11.288637,-8.464688,8064.000000,0.000000,4.000000,,,,0.000000,4.000000,4.000000,4.000000,4.000000,4.000000,4.000000,4.000000,4.000000,4.000000,4.000000,4.000000,4.000000,4.000000,4.000000,4.000000,4.000000,4.000000,4.000000,2.000000,4.000000,4.000000,4.000000,4.000000,4.000000,4.000000,4.000000,4.000000,4.000000,4.000000,4.000000,4.000000,4.000000,83.333336
1614076765.869180,118.000000,0.000000,-10.340114,-0.067685,2.550318,-5.561003,-1.589844,-9.588739,-3.254672,-10.449458,-6.376593,-7.522228,2.719091,-5.532181,-8.792079,-11.134001,-10.560012,33.607849,-5.053381,26.589323,-0.359918,-15.117794,-16.809706,-0.269540,-7.439465,-9.595128,-11.373446,-11.534184,-5.867405,-0.899180,-4.316529,-8.906549,-11.277349,-10.507505,8064.000000,0.000000,4.000000,,,,0.000000,4.000000,4.000000,4.000000,4.000000,4.000000,4.000000,4.000000,4.000000,4.000000,4.000000,4.000000,4.000000,4.000000,4.000000,4.000000,4.000000,4.000000,4.000000,2.000000,4.000000,4.000000,4.000000,4.000000,4.000000,4.000000,4.000000,4.000000,4.000000,4.000000,4.000000,4.000000,4.000000,83.333336
1614076765.876929,119.000000,0.000000,-6.227210,0.445203,3.060588,-4.529801,-0.562613,-2.399664,-2.738597,-8.900547,-3.293293,-1.360860,4.254834,-3.988188,-5.193543,-4.456200,-11.062272,31.522961,-6.073969,5.537094,-5.487763,-17.153957,-18.331358,-0.269271,-7.432025,-10.611174,-11.874893,-8.958548,-5.861538,-0.898280,-4.312212,-7.872002,-3.060943,-8.445716,8064.000000,0.000000,4.000000,,,,0.000000,4.000000,4.000000,4.000000,4.000000,4.000000,4.000000,4.000000,4.000000,4.000000,4.000000,4.000000,4.000000,4.000000,4.000000,4.000000,4.000000,4.000000,4.000000,2.000000,4.000000,4.000000,4.000000,4.000000,4.000000,4.000000,4.000000,4.000000,4.000000,4.000000,4.000000,4.000000,4.000000,83.333336
1614076765.884778,120.000000,0.000000,-2.118418,-0.068062,2.544707,-4.525271,-1.074871,1.705300,-2.735858,-6.327544,-2.264359,1.204604,4.250579,-4.497020,-2.624247,3.240564,-10.538389,39.183746,-5.042254,37.839249,13.492084,-12.521420,-16.261745,-2.320283,-7.424593,-10.600563,-11.350198,-4.847025,-6.368497,-0.384562,-4.307900,-5.300027,1.557502,-6.385988,8064.000000,0.000000,4.000000,,,,0.000000,4.000000,4.000000,4.000000,4.000000,4.000000,4.000000,4.000000,4.000000,4.000000,4.000000,4.000000,4.000000,4.000000,4.000000,4.000000,4.000000,4.000000,4.000000,2.000000,4.000000,4.000000,4.000000,4.000000,4.000000,4.000000,4.000000,4.000000,4.000000,4.000000,4.000000,4.000000,4.000000,83.333336
1614076765.892527,121.000000,0.000000,-2.116300,-0.067994,2.029341,-6.059208,-1.586617,-3.937431,-2.733123,-5.808396,-3.287735,0.690579,3.733508,-4.492523,-3.647264,2.211683,-9.502210,51.452255,-1.960289,57.288589,17.068335,-11.483257,-17.783945,-8.471809,-7.417169,-7.513039,-11.851667,-5.354999,-5.849308,-0.896998,-3.790772,-4.781907,1.555945,-6.892423,8064.000000,0.000000,4.000000,,,,0.000000,4.000000,4.000000,4.000000,4.000000,4.000000,4.000000,4.000000,4.000000,4.000000,4.000000,4.000000,4.000000,4.000000,4.000000,4.000000,4.000000,4.000000,4.000000,2.000000,4.000000,4.000000,4.000000,4.000000,4.000000,4.000000,4.000000,4.000000,4.000000,4.000000,4.000000,4.000000,4.000000,83.333336
1614076765.900376,122.000000,0.000000,-2.627004,0.957715,2.540133,-5.027508,-0.046569,-5.984776,-2.730389,-6.315408,-2.258806,0.689888,4.755415,-4.488030,-5.182078,-4.457196,-13.082452,35.503365,-2.471149,25.436428,-9.102579,-18.651260,-23.407187,-13.078722,-7.409752,-9.556808,-16.455200,-6.888105,-5.330638,-1.408921,-4.299801,-4.777124,-1.009714,-5.859890,8064.000000,0.000000,4.000000,,,,0.000000,4.000000,4.000000,4.000000,4.000000,4.000000,4.000000,4.000000,4.000000,4.000000,4.000000,4.000000,4.000000,4.000000,4.000000,4.000000,4.000000,4.000000,4.000000,2.000000,4.000000,4.000000,4.000000,4.000000,4.000000,4.000000,4.000000,4.000000,4.000000,4.000000,4.000000,4.000000,4.000000,83.333336
1614076765.908125,123.000000,0.000000,-4.162838,-2.632987,3.050413,-3.484019,-4.149086,-8.030073,-2.727659,-3.232170,-4.307830,-1.874904,4.237839,-4.483542,-3.638434,-6.504021,-15.633471,16.493504,-5.545601,16.693043,-9.093477,-23.247995,-23.896599,-12.040003,-7.402342,-17.239559,-19.515669,-7.906858,-10.453512,0.130949,-6.346784,-4.772347,-10.239473,-7.392491,8064.000000,0.000000,4.000000,,,,0.000000,4.000000,4.000000,4.000000,4.000000,4.000000,4.000000,4.000000,4.000000,4.000000,4.000000,4.000000,4.000000,4.000000,4.000000,4.000000,4.000000,4.000000,4.000000,2.000000,4.000000,4.000000,4.000000,4.000000,4.000000,4.000000,4.000000,4.000000,4.000000,4.000000,4.000000,4.000000,4.000000,83.333336
1614076765.915974,124.000000,0.000000,-6.209958,-9.297020,-2.080843,-10.147202,-17.478271,-18.791273,-5.289034,-10.408424,-15.585573,-10.078157,-0.381783,-4.479059,-3.634796,-10.087260,-13.053736,36.989830,-6.052876,39.753273,12.454078,-20.660645,-18.231678,-5.874116,-7.394940,-18.760780,-19.496153,-15.591259,-16.084085,-1.920464,-7.878898,-8.870139,-18.947182,-16.103046,8064.000000,0.000000,4.000000,,,,0.000000,4.000000,4.000000,4.000000,4.000000,4.000000,4.000000,4.000000,4.000000,4.000000,4.000000,4.000000,4.000000,4.000000,4.000000,4.000000,4.000000,4.000000,4.000000,2.000000,4.000000,4.000000,4.000000,4.000000,4.000000,4.000000,4.000000,4.000000,4.000000,4.000000,4.000000,4.000000,4.000000,83.333336
1614076765.923724,125.000000,0.000000,-6.203748,-11.851826,-7.206967,-16.803720,-25.153101,-23.900688,-8.360668,-26.808273,-22.749475,-15.709105,-3.971145,-4.474580,-14.913212,-19.307941,-21.245810,39.516941,-5.534002,27.918648,-1.917350,-19.614342,-17.187805,-0.740037,-7.387545,-14.639456,-19.476656,-23.267975,-17.606462,-8.072390,-8.383840,-12.451013,-18.928236,-21.215149,8064.000000,0.000000,4.000000,,,,0.000000,4.000000,4.000000,4.000000,4.000000,4.000000,4.000000,4.000000,4.000000,4.000000,4.000000,4.000000,4.000000,4.000000,4.000000,4.000000,4.000000,4.000000,4.000000,2.000000,4.000000,4.000000,4.000000,4.000000,4.000000,4.000000,4.000000,4.000000,4.000000,4.000000,4.000000,4.000000,4.000000,83.333336
1614076765.931572,126.000000,0.000000,-6.197544,-10.814333,1.005368,-7.556148,-19.486921,-16.697300,-7.839487,-27.807106,-14.008777,-13.129293,-3.967174,-4.982925,-22.590607,-23.904018,-33.019436,7.169734,-6.041289,6.865088,-15.761587,-20.107548,-17.683437,-0.226476,-7.380157,-15.650457,-16.893078,-17.090860,-18.614496,-6.525856,-7.349815,-8.848818,-17.370846,-16.065729,8064.000000,0.000000,4.000000,,,,0.000000,4.000000,4.000000,4.000000,4.000000,4.000000,4.000000,4.000000,4.000000,4.000000,4.000000,4.000000,4.000000,4.000000,4.000000,4.000000,4.000000,4.000000,4.000000,2.000000,4.000000,4.000000,4.000000,4.000000,4.000000,4.000000,4.000000,4.000000,4.000000,4.000000,4.000000,4.000000,4.000000,83.333336
1614076765.939322,127.000000,0.000000,-6.191347,-8.752236,9.722312,1.682178,-12.800768,-12.578038,-6.293186,-15.471606,-3.225537,-6.449497,-3.450386,-4.465122,-11.798785,-18.239090,-20.678724,6.649744,-3.983965,27.883865,6.818277,-13.933595,-10.486267,-2.790353,-7.372777,-12.557884,-9.696697,-7.843001,-15.006139,2.198619,-4.778363,-4.737405,-16.327833,-12.972740,8064.000000,0.000000,4.000000,,,,0.000000,4.000000,4.000000,4.000000,4.000000,4.000000,4.000000,4.000000,4.000000,4.000000,4.000000,4.000000,4.000000,4.000000,4.000000,4.000000,4.000000,4.000000,4.000000,2.000000,4.000000,4.000000,4.000000,4.000000,4.000000,4.000000,4.000000,4.000000,4.000000,4.000000,4.000000,4.000000,4.000000,83.333336
1614076765.947171,0.000000,0.000000,-6.185155,-7.205023,1.507461,-8.575914,-14.839249,-13.591101,-6.286892,-11.353570,-4.247952,-3.878945,-3.959756,-3.947837,2.571988,-14.631106,2.418878,39.463608,-1.928699,45.804699,11.426844,-9.817097,-6.373217,-3.813203,-7.365404,-2.288916,-6.610077,-7.835158,-3.709081,0.657959,-3.747943,-4.732668,-13.747403,-15.523870,0.000000,190.000000,4.000000,,,,0.000000,4.000000,4.000000,4.000000,4.000000,4.000000,4.000000,4.000000,4.000000,4.000000,4.000000,4.000000,4.000000,4.000000,4.000000,4.000000,4.000000,4.000000,4.000000,2.000000,4.000000,4.000000,4.000000,4.000000,4.000000,4.000000,4.000000,4.000000,4.000000,4.000000,4.000000,4.000000,4.000000,83.333336
1614076765.954920,1.000000,0.000000,-6.691791,-7.197818,-9.263277,-19.849390,-19.952616,-13.577510,-6.793426,-13.393498,-7.320628,-6.439169,-3.955796,-5.482350,4.107877,-16.667757,4.980561,39.424145,-1.926771,29.861458,-3.969199,-13.397023,-10.982227,-4.322210,-7.358039,-1.260986,-10.193211,-10.904245,-2.166910,-4.983725,-4.257016,-5.240756,-15.784938,-18.072449,0.000000,198.000000,4.000000,,,,0.000000,4.000000,4.000000,4.000000,4.000000,4.000000,4.000000,4.000000,4.000000,4.000000,4.000000,4.000000,4.000000,4.000000,4.000000,4.000000,4.000000,4.000000,4.000000,2.000000,4.000000,4.000000,4.000000,4.000000,4.000000,4.000000,4.000000,4.000000,4.000000,4.000000,4.000000,4.000000,4.000000,83.333336
1614076765.962769,2.000000,0.000000,-5.659458,-7.190620,-9.254014,-21.368002,-19.932663,-13.051112,-6.786633,-12.867285,-5.774846,-8.484012,-2.926200,-3.938406,2.565308,-13.574166,-0.152624,7.077026,-0.899203,17.011084,1.162976,-15.434909,-13.535348,-4.317888,-7.350681,-6.387930,-11.721479,-10.893342,-8.831410,-1.901818,-4.252759,-4.722694,-17.820435,-17.541555,0.000000,199.000000,4.000000,,,,0.000000,4.000000,4.000000,4.000000,4.000000,4.000000,4.000000,4.000000,4.000000,4.000000,4.000000,4.000000,4.000000,4.000000,4.000000,4.000000,4.000000,4.000000,4.000000,2.000000,4.000000,4.000000,4.000000,4.000000,4.000000,4.000000,4.000000,4.000000,4.000000,4.000000,4.000000,4.000000,4.000000,83.333336
1614076765.970518,3.000000,0.000000,-3.089696,-7.183429,-7.193478,-18.269711,-15.297345,-10.473958,-5.754205,-12.854418,-5.256250,-3.347323,-0.359171,3.757840,3.588384,-6.381105,9.078298,21.428925,1.665799,24.686380,6.802838,-13.368192,-13.521812,-4.313570,-7.343330,-4.843081,-6.068732,-9.856807,-7.796938,-0.874275,-4.248506,-3.692331,-16.776974,-17.011194,0.000000,190.000000,4.000000,,,,0.000000,4.000000,4.000000,4.000000,4.000000,4.000000,4.000000,4.000000,4.000000,4.000000,4.000000,4.000000,4.000000,4.000000,4.000000,4.000000,4.000000,4.000000,4.000000,2.000000,4.000000,4.000000,4.000000,4.000000,4.000000,4.000000,4.000000,4.000000,4.000000,4.000000,4.000000,4.000000,4.000000,83.333336
1614076765.978367,4.000000,0.000000,-2.060965,-7.176246,-6.160644,-10.559134,-12.205125,-6.360920,-3.697169,-9.251820,-6.276635,3.835512,1.179650,6.318184,4.610436,-2.784981,14.710245,51.663906,2.176954,44.661694,8.334497,-11.303541,-13.508291,-4.309257,-7.335987,-2.786956,-0.934458,-10.359771,-5.737859,-4.463144,-4.244257,-1.124536,-14.708915,-18.019823,0.000000,171.000000,4.000000,,,,0.000000,4.000000,4.000000,4.000000,4.000000,4.000000,4.000000,4.000000,4.000000,4.000000,4.000000,4.000000,4.000000,4.000000,4.000000,4.000000,4.000000,4.000000,4.000000,2.000000,4.000000,4.000000,4.000000,4.000000,4.000000,4.000000,4.000000,4.000000,4.000000,4.000000,4.000000,4.000000,4.000000,83.333336
1614076765.986116,5.000000,0.000000,-2.571725,-7.169070,-2.051919,-1.830626,-11.680099,-5.328918,-2.155010,-9.755388,-6.270358,3.318856,-0.872812,-0.867621,3.067364,-3.807837,2.387842,40.843010,2.174777,52.309341,23.197958,-9.240955,-7.853757,-4.304947,-7.328651,-2.271348,-0.420703,-10.862231,-5.732121,-1.381758,-4.240014,-1.123411,-13.155745,-16.976162,0.000000,197.000000,4.000000,,,,0.000000,4.000000,4.000000,4.000000,4.000000,4.000000,4.000000,4.000000,4.000000,4.000000,4.000000,4.000000,4.000000,4.000000,4.000000,4.000000,4.000000,4.000000,4.000000,2.000000,4.000000,4.000000,4.000000,4.000000,4.000000,4.000000,4.000000,4.000000,4.000000,4.000000,4.000000,4.000000,4.000000,83.333336
1614076765.993965,6.000000,0.000000,-2.056332,-7.161901,-0.511405,-1.315975,-12.181239,-5.836410,-2.665676,-18.463581,-6.264088,-2.838309,-2.923221,-5.482138,0.500194,-7.906593,-11.973520,21.314987,0.634140,27.128826,17.020914,-12.821459,-3.230519,-3.787822,-7.321322,2.859128,1.118179,-10.851370,-0.085363,3.747829,-4.235774,-1.122288,-11.604127,-14.395084,0.000000,190.000000,4.000000,,,,0.000000,4.000000,4.000000,4.000000,4.000000,4.000000,4.000000,4.000000,4.000000,4.000000,4.000000,4.000000,4.000000,4.000000,4.000000,4.000000,4.000000,4.000000,4.000000,2.000000,4.000000,4.000000,4.000000,4.000000,4.000000,4.000000,4.000000,4.000000,4.000000,4.000000,4.000000,4.000000,4.000000,83.333336
1614076766.001814,7.000000,0.000000,-3.079917,-7.154739,-1.023714,-4.391582,-11.656238,-5.317753,-2.663010,-16.906656,-6.257824,-3.861112,-3.433119,-4.451015,-1.038767,-10.975610,-12.474367,27.447519,-5.007519,12.229902,-2.483287,-21.526587,-6.817032,-4.296855,-7.314001,3.369090,3.681163,-10.327698,-1.110919,1.692799,-3.718717,0.417296,-10.054061,-13.355048,0.000000,174.000000,4.000000,,,,0.000000,4.000000,4.000000,4.000000,4.000000,4.000000,4.000000,4.000000,4.000000,4.000000,4.000000,4.000000,4.000000,4.000000,4.000000,4.000000,4.000000,4.000000,4.000000,2.000000,4.000000,4.000000,4.000000,4.000000,4.000000,4.000000,4.000000,4.000000,4.000000,4.000000,4.000000,4.000000,4.000000,83.333336
1614076766.009563,8.000000,0.000000,-5.640940,-7.147584,-1.022691,-4.900011,-11.644582,-7.876538,-2.660347,-8.684622,-6.251566,-3.344430,-3.942506,-3.933743,-0.524908,-11.477454,-8.872149,41.266224,-8.079435,33.243313,5.211504,-22.530701,-9.887137,-5.831019,-7.306687,-3.813767,3.677482,-10.830191,-9.827757,-1.385817,-4.227819,-2.147224,-9.018366,-13.341693,0.000000,171.000000,4.000000,,,,0.000000,4.000000,4.000000,4.000000,4.000000,4.000000,4.000000,4.000000,4.000000,4.000000,4.000000,4.000000,4.000000,4.000000,4.000000,4.000000,4.000000,4.000000,4.000000,2.000000,4.000000,4.000000,4.000000,4.000000,4.000000,4.000000,4.000000,4.000000,4.000000,4.000000,4.000000,4.000000,4.000000,83.333336
1614076766.017412,9.000000,0.000000,-6.660940,-7.140436,-0.508847,-3.869470,-12.145758,-9.919943,-2.657687,-15.342604,-6.245315,-3.341086,-3.425743,-4.442630,-1.037204,-11.978797,-14.504303,27.891626,-10.122638,28.594685,6.744754,-20.456888,-9.877251,-7.876471,-7.299380,-7.912517,2.648164,-13.383463,-10.330750,-0.871611,-5.762053,-7.786102,-11.573450,-13.841171,0.000000,204.000000,4.000000,,,,0.000000,4.000000,4.000000,4.000000,4.000000,4.000000,4.000000,4.000000,4.000000,4.000000,4.000000,4.000000,4.000000,4.000000,4.000000,4.000000,4.000000,4.000000,4.000000,2.000000,4.000000,4.000000,4.000000,4.000000,4.000000,4.000000,4.000000,4.000000,4.000000,4.000000,4.000000,4.000000,4.000000,83.333336
1614076766.025161,10.000000,0.000000,-6.141459,-7.133296,-1.021159,-2.327139,-12.133612,-5.807459,-2.655029,-15.840081,-6.239069,-1.286463,-1.371035,-5.463829,-1.036166,-11.966819,-16.028259,3.248350,-10.625336,4.463526,-7.108145,-19.923611,-9.867373,-8.381414,-6.779260,-6.878963,2.645515,-14.908541,-6.730675,-0.357918,-7.807572,-6.752675,-10.023416,-13.314510,0.000000,181.000000,4.000000,,,,0.000000,4.000000,4.000000,4.000000,4.000000,4.000000,4.000000,4.000000,4.000000,4.000000,4.000000,4.000000,4.000000,4.000000,4.000000,4.000000,4.000000,4.000000,4.000000,2.000000,4.000000,4.000000,4.000000,4.000000,4.000000,4.000000,4.000000,4.000000,4.000000,4.000000,4.000000,4.000000,4.000000,83.333336
1614076766.033010,11.000000,0.000000,-6.135317,-7.126163,-1.020138,-1.299171,-12.121478,-1.699088,-2.652374,1.098835,-6.232830,0.766106,0.681618,-2.894262,4.093075,-5.801005,-1.653257,14.527153,-0.358300,22.407782,4.693835,-13.237020,-8.831865,-7.860213,-4.721199,-6.872085,4.181332,-14.380812,-4.672662,-0.870381,-7.799765,-3.156179,-2.833905,-13.301195,0.000000,188.000000,4.000000,,,,0.000000,4.000000,4.000000,4.000000,4.000000,4.000000,4.000000,4.000000,4.000000,4.000000,4.000000,4.000000,4.000000,4.000000,4.000000,4.000000,4.000000,4.000000,4.000000,2.000000,4.000000,4.000000,4.000000,4.000000,4.000000,4.000000,4.000000,4.000000,4.000000,4.000000,4.000000,4.000000,4.000000,83.333336
1614076766.040759,12.000000,0.000000,-6.129181,-7.119037,-1.019118,-1.297871,-12.109357,-2.210209,-2.649722,1.610557,-6.226597,0.252519,0.168116,2.236837,7.678725,-1.179820,7.579165,40.153652,9.385648,41.359734,11.355808,-14.249424,-12.925597,-7.852353,-2.665196,-6.865212,0.587407,-14.366431,-5.693631,-1.382331,-7.791965,-9.819690,-2.318250,-15.339176,0.000000,207.000000,4.000000,,,,0.000000,4.000000,4.000000,4.000000,4.000000,4.000000,4.000000,4.000000,4.000000,4.000000,4.000000,4.000000,4.000000,4.000000,4.000000,4.000000,4.000000,4.000000,4.000000,2.000000,4.000000,4.000000,4.000000,4.000000,4.000000,4.000000,4.000000,4.000000,4.000000,4.000000,4.000000,4.000000,4.000000,83.333336
1614076766.048608,13.000000,0.000000,-6.123053,-7.111917,-1.018099,-1.296574,-12.097247,-2.207999,-2.647072,-8.647464,-6.220371,0.252267,0.167948,1.208960,5.619765,-3.229922,-0.120722,34.472473,-0.880148,27.472218,-7.117086,-25.004404,-20.604979,-7.844500,-4.713813,-7.883988,-6.079847,-14.352064,-16.457169,-0.868128,-7.784173,-20.066280,-11.546701,-18.913580,0.000000,210.000000,4.000000,,,,0.000000,4.000000,4.000000,4.000000,4.000000,4.000000,4.000000,4.000000,4.000000,4.000000,4.000000,4.000000,4.000000,4.000000,4.000000,4.000000,4.000000,4.000000,4.000000,2.000000,4.000000,4.000000,4.000000,4.000000,4.000000,4.000000,4.000000,4.000000,4.000000,4.000000,4.000000,4.000000,4.000000,83.333336
1614076766.056357,14.000000,0.000000,-6.116930,-7.104805,-1.017080,-1.295277,-12.085150,-1.692970,-2.644425,-2.997791,-6.214150,0.764835,0.167780,-3.920455,3.562863,-3.226692,-4.223165,35.976460,-8.058755,36.162693,-1.468943,-18.312735,-15.456169,-8.349476,-6.760381,-10.440207,-9.150691,-14.337712,-23.107378,-0.867260,-7.776389,-20.046213,-15.637719,-20.945950,0.000000,191.000000,4.000000,,,,0.000000,4.000000,4.000000,4.000000,4.000000,4.000000,4.000000,4.000000,4.000000,4.000000,4.000000,4.000000,4.000000,4.000000,4.000000,4.000000,4.000000,4.000000,4.000000,2.000000,4.000000,4.000000,4.000000,4.000000,4.000000,4.000000,4.000000,4.000000,4.000000,4.000000,4.000000,4.000000,4.000000,83.333336
1614076766.064206,15.000000,0.000000,-5.597992,-7.097701,-1.016063,-1.293982,-12.073065,-2.204098,-2.641780,0.594951,-6.207936,-0.261571,0.167612,-4.429355,3.559300,-0.146543,0.396443,59.530228,0.667253,55.100891,10.840218,-1.884165,-3.645841,-5.777024,-7.266441,-8.891305,-8.115899,-14.323375,-14.366322,-2.917675,-7.768613,-13.872321,-13.570799,-21.437824,0.000000,201.000000,4.000000,,,,0.000000,4.000000,4.000000,4.000000,4.000000,4.000000,4.000000,4.000000,4.000000,4.000000,4.000000,4.000000,4.000000,4.000000,4.000000,4.000000,4.000000,4.000000,4.000000,2.000000,4.000000,4.000000,4.000000,4.000000,4.000000,4.000000,4.000000,4.000000,4.000000,4.000000,4.000000,4.000000,4.000000,83.333336
1614076766.071955,16.000000,0.000000,-6.618035,-7.090603,-1.015047,-1.292688,-12.060991,-1.689073,-2.639138,-7.097952,-6.201728,0.764332,0.167444,-5.963387,-0.546824,-0.146396,-0.629595,51.778389,-0.359056,37.097073,1.085788,-1.369460,-1.590913,-1.155862,-7.259174,-3.754209,-8.107783,-14.309052,-11.275032,-4.453219,-7.760844,-11.807167,-14.070048,-20.903566,0.000000,201.000000,4.000000,,,,0.000000,4.000000,4.000000,4.000000,4.000000,4.000000,4.000000,4.000000,4.000000,4.000000,4.000000,4.000000,4.000000,4.000000,4.000000,4.000000,4.000000,4.000000,4.000000,2.000000,4.000000,4.000000,4.000000,4.000000,4.000000,4.000000,4.000000,4.000000,4.000000,4.000000,4.000000,4.000000,4.000000,83.333336
1614076766.079804,17.000000,0.000000,-5.585776,-7.083512,-1.014032,-1.291395,-12.048930,-1.687384,-2.636499,-5.552392,-6.195527,3.327670,0.167277,-11.598449,-4.648841,-0.146250,-4.218709,29.162510,-9.076645,30.393309,9.802650,-8.547578,-2.102143,-0.641886,-7.251915,-2.211993,-8.612495,-14.294743,-16.391962,-4.448766,-7.753083,-12.308180,-15.081619,-20.882662,0.000000,191.000000,4.000000,,,,0.000000,4.000000,4.000000,4.000000,4.000000,4.000000,4.000000,4.000000,4.000000,4.000000,4.000000,4.000000,4.000000,4.000000,4.000000,4.000000,4.000000,4.000000,4.000000,2.000000,4.000000,4.000000,4.000000,4.000000,4.000000,4.000000,4.000000,4.000000,4.000000,4.000000,4.000000,4.000000,4.000000,83.333336
1614076766.087553,18.000000,0.000000,-3.016088,-7.076429,-1.525839,-1.290104,-12.036881,-4.762620,-2.633863,-4.008379,-6.189331,3.324342,-0.345711,-12.612492,-5.157012,-1.684565,-4.727310,36.825653,-6.503466,51.388557,24.151823,-10.590312,-2.612861,-3.205347,-7.244663,-3.748242,-8.091063,-14.280448,-11.760185,-4.444317,-7.745330,-11.783051,-14.040897,-21.374599,0.000000,204.000000,4.000000,,,,0.000000,4.000000,4.000000,4.000000,4.000000,4.000000,4.000000,4.000000,4.000000,4.000000,4.000000,4.000000,4.000000,4.000000,4.000000,4.000000,4.000000,4.000000,4.000000,2.000000,4.000000,4.000000,4.000000,4.000000,4.000000,4.000000,4.000000,4.000000,4.000000,4.000000,4.000000,4.000000,4.000000,83.333336
1614076766.095402,19.000000,0.000000,-3.525892,-7.069353,-0.498672,-1.288814,-12.024845,-9.373241,-2.631229,-9.132575,-6.695962,0.756915,0.167455,-11.061418,-4.126215,-7.836727,-3.696942,40.891392,-0.343116,52.362808,10.281517,-13.143825,-10.302556,-4.227782,-7.237419,-3.231674,-8.082972,-14.266167,-6.107399,-4.439873,-7.737585,-11.771269,-14.539677,-20.327583,0.000000,212.000000,4.000000,,,,0.000000,4.000000,4.000000,4.000000,4.000000,4.000000,4.000000,4.000000,4.000000,4.000000,4.000000,4.000000,4.000000,4.000000,4.000000,4.000000,4.000000,4.000000,4.000000,2.000000,4.000000,4.000000,4.000000,4.000000,4.000000,4.000000,4.000000,4.000000,4.000000,4.000000,4.000000,4.000000,4.000000,83.333336
1614076766.103151,20.000000,0.000000,-5.573648,-7.062283,1.553109,-1.287525,-12.525640,-9.876689,-2.628598,-7.072161,-5.663625,-0.782303,-0.345533,-12.588818,-4.634909,-15.008377,-3.180425,18.799219,-1.368414,33.848907,3.091748,-12.617860,-16.446100,-4.736375,-6.717361,-3.228442,-8.074889,-14.251901,-8.665395,-4.435433,-7.729847,-11.246676,-13.499496,-17.743155,0.000000,201.000000,4.000000,,,,0.000000,4.000000,4.000000,4.000000,4.000000,4.000000,4.000000,4.000000,4.000000,4.000000,4.000000,4.000000,4.000000,4.000000,4.000000,4.000000,4.000000,4.000000,4.000000,2.000000,4.000000,4.000000,4.000000,4.000000,4.000000,4.000000,4.000000,4.000000,4.000000,4.000000,4.000000,4.000000,4.000000,83.333336
1614076766.111000,21.000000,0.000000,-4.029613,-7.055221,3.090017,-1.286237,-9.436192,-9.353992,-2.625969,-6.552268,-3.606679,0.756941,-0.345187,-11.550588,-4.630274,-17.044651,-4.715706,6.985548,-2.392687,14.327879,5.139938,-13.630883,-15.404013,-3.193177,-6.710643,-2.712393,-8.066814,-14.750469,-9.682370,-4.430997,-7.722117,-9.184148,-11.434714,-16.699770,0.000000,189.000000,4.000000,,,,0.000000,4.000000,4.000000,4.000000,4.000000,4.000000,4.000000,4.000000,4.000000,4.000000,4.000000,4.000000,4.000000,4.000000,4.000000,4.000000,4.000000,4.000000,4.000000,2.000000,4.000000,4.000000,4.000000,4.000000,4.000000,4.000000,4.000000,4.000000,4.000000,4.000000,4.000000,4.000000,4.000000,83.333336
1614076766.118749,22.000000,0.000000,-1.974301,-7.048166,2.574107,-1.284951,-5.324192,-9.857458,-2.623343,-6.545716,-2.064611,2.807466,2.219261,-6.410832,-3.087182,-10.873760,-3.685349,16.722153,-2.390294,6.621243,-0.506227,-13.617252,-14.362967,2.963862,-8.242394,-3.222501,-8.571568,-13.197258,-11.211149,-4.426566,-8.227216,-8.149323,-10.397638,-17.195890,0.000000,191.000000,4.000000,,,,0.000000,4.000000,4.000000,4.000000,4.000000,4.000000,4.000000,4.000000,4.000000,4.000000,4.000000,4.000000,4.000000,4.000000,4.000000,4.000000,4.000000,4.000000,4.000000,2.000000,4.000000,4.000000,4.000000,4.000000,4.000000,4.000000,4.000000,4.000000,4.000000,4.000000,4.000000,4.000000,4.000000,83.333336
1614076766.126598,23.000000,0.000000,-1.972327,-7.041118,2.571533,-1.283666,-4.293226,-7.796319,-2.620720,8.332625,-2.575367,3.830299,6.319605,-3.327498,-1.032813,-1.632117,4.523465,30.038763,1.201840,32.255650,10.263510,2.806621,-7.681938,7.063462,-5.670049,-4.757740,-6.511714,-10.619958,-8.635836,-4.422140,-7.193347,-6.602712,-9.874420,-17.178694,0.000000,196.000000,4.000000,,,,0.000000,4.000000,4.000000,4.000000,4.000000,4.000000,4.000000,4.000000,4.000000,4.000000,4.000000,4.000000,4.000000,4.000000,4.000000,4.000000,4.000000,4.000000,4.000000,2.000000,4.000000,4.000000,4.000000,4.000000,4.000000,4.000000,4.000000,4.000000,4.000000,4.000000,4.000000,4.000000,4.000000,83.333336
1614076766.134347,24.000000,0.000000,-2.483175,-7.034076,2.568961,-1.282382,-4.801754,-5.737241,-2.618099,13.965318,-2.572792,3.826469,7.851748,-4.349812,-0.006139,-0.604844,7.083044,39.752316,3.764740,53.761852,16.919912,13.060225,-1.520410,7.569220,-3.613097,-1.163239,-3.941100,-10.096518,-0.422072,-4.417717,-5.134872,-4.544827,-10.377367,-17.161516,0.000000,209.000000,4.000000,,,,0.000000,4.000000,4.000000,4.000000,4.000000,4.000000,4.000000,4.000000,4.000000,4.000000,4.000000,4.000000,4.000000,4.000000,4.000000,4.000000,4.000000,4.000000,4.000000,2.000000,4.000000,4.000000,4.000000,4.000000,4.000000,4.000000,4.000000,4.000000,4.000000,4.000000,4.000000,4.000000,4.000000,83.333336
1614076766.142196,25.000000,0.000000,-4.019154,-7.027042,2.566392,-1.281100,-4.796952,-5.218683,-2.615481,0.105199,-2.570219,3.822643,7.331075,-4.345462,-0.518953,-6.245265,-1.129168,41.251022,-4.444153,37.297836,-4.635468,-5.414374,-7.672736,7.048830,-9.763330,3.966130,-4.962800,-10.599241,-3.498573,-4.413300,-4.616917,-4.027462,-10.879809,-17.144354,0.000000,207.000000,4.000000,,,,0.000000,4.000000,4.000000,4.000000,4.000000,4.000000,4.000000,4.000000,4.000000,4.000000,4.000000,4.000000,4.000000,4.000000,4.000000,4.000000,4.000000,4.000000,4.000000,2.000000,4.000000,4.000000,4.000000,4.000000,4.000000,4.000000,4.000000,4.000000,4.000000,4.000000,4.000000,4.000000,4.000000,83.333336
1614076766.149945,26.000000,0.000000,-6.066416,-7.020015,2.563826,-1.279819,-4.792155,-6.239105,-2.612866,-0.407727,-2.567649,3.818820,7.323744,-3.828296,-0.518434,-8.290301,-4.204961,41.722595,-6.490991,35.722076,-1.553910,-13.614088,-7.665063,6.528960,-13.856132,-0.653221,-3.932196,-9.050180,-7.597638,-4.408886,-2.561018,-4.536255,-7.792007,-17.127211,0.000000,121.000000,4.000000,,,,0.000000,4.000000,4.000000,4.000000,4.000000,4.000000,4.000000,4.000000,4.000000,4.000000,4.000000,4.000000,4.000000,4.000000,4.000000,4.000000,4.000000,4.000000,4.000000,2.000000,4.000000,4.000000,4.000000,4.000000,4.000000,4.000000,4.000000,4.000000,4.000000,4.000000,4.000000,4.000000,4.000000,83.333336
1614076766.157794,27.000000,0.000000,-6.573171,-7.012995,2.048441,-1.278539,-4.787363,-6.232866,-2.610253,8.823450,-2.565081,4.327822,7.829241,-4.337288,-0.517916,-7.256370,-0.098192,42.706512,4.797552,56.711994,21.011747,0.245680,5.675936,8.060893,-6.662788,-1.165388,1.199942,-6.477028,3.179190,-4.404478,0.518466,-4.531719,-3.168830,-17.110083,0.000000,225.000000,4.000000,,,,0.000000,4.000000,4.000000,4.000000,4.000000,4.000000,4.000000,4.000000,4.000000,4.000000,4.000000,4.000000,4.000000,4.000000,4.000000,4.000000,4.000000,4.000000,4.000000,2.000000,4.000000,4.000000,4.000000,4.000000,4.000000,4.000000,4.000000,4.000000,4.000000,4.000000,4.000000,4.000000,4.000000,83.333336
1614076766.165543,28.000000,0.000000,-6.053777,-7.518803,3.072034,-1.790081,-4.782575,-5.200992,-2.607642,0.096678,-2.562516,3.297853,7.308591,-4.332951,-0.517398,-7.249114,-2.662197,33.945858,7.356857,49.988617,8.170222,-3.857130,6.183080,9.078473,-4.092022,9.605008,3.762844,-6.470551,7.278575,-4.912894,-3.584616,-4.527187,-4.191302,-17.092974,0.000000,168.000000,4.000000,,,,0.000000,4.000000,4.000000,4.000000,4.000000,4.000000,4.000000,4.000000,4.000000,4.000000,4.000000,4.000000,4.000000,4.000000,4.000000,4.000000,4.000000,4.000000,4.000000,2.000000,4.000000,4.000000,4.000000,4.000000,4.000000,4.000000,4.000000,4.000000,4.000000,4.000000,4.000000,4.000000,4.000000,83.333336
1614076766.173392,29.000000,0.000000,-6.560544,-6.485643,7.684347,-0.762650,-4.777793,-5.708611,-2.605035,-8.621367,-2.559953,3.807375,7.301282,-4.328618,-0.516881,-7.754685,-7.787740,23.142679,-2.906910,35.579655,-5.171281,-19.750708,-5.105154,1.889907,-9.728956,8.569761,2.733440,-6.976901,-4.010755,-4.395160,-7.683596,-4.522660,-6.238393,-16.050240,0.000000,196.000000,4.000000,,,,0.000000,4.000000,4.000000,4.000000,4.000000,4.000000,4.000000,4.000000,4.000000,4.000000,4.000000,4.000000,4.000000,4.000000,4.000000,4.000000,4.000000,4.000000,4.000000,2.000000,4.000000,4.000000,4.000000,4.000000,4.000000,4.000000,4.000000,4.000000,4.000000,4.000000,4.000000,4.000000,4.000000,83.333336
1614076766.181141,30.000000,0.000000,-5.015522,-4.427875,10.753585,1.289395,-2.721733,-6.728544,-2.602430,-2.971720,-2.557394,5.854850,7.293981,-4.324289,-0.516364,-7.746930,-7.779952,23.119537,-7.006567,34.005611,9.192864,-22.295061,-7.664152,-7.342752,-11.770509,-4.772141,3.243527,-6.969924,-7.083667,-4.390765,-3.573348,-4.518137,-4.180873,-13.470086,0.000000,194.000000,4.000000,,,,0.000000,4.000000,4.000000,4.000000,4.000000,4.000000,4.000000,4.000000,4.000000,4.000000,4.000000,4.000000,4.000000,4.000000,4.000000,4.000000,4.000000,4.000000,4.000000,2.000000,4.000000,4.000000,4.000000,4.000000,4.000000,4.000000,4.000000,4.000000,4.000000,4.000000,4.000000,4.000000,4.000000,83.333336
1614076766.188990,31.000000,0.000000,-3.472044,-2.884986,9.717191,2.826567,-1.180550,-2.619251,-2.599827,-3.994390,-2.554836,5.848995,7.286687,-5.345606,-1.028668,-8.252004,-8.797813,23.096418,-6.486741,19.099812,10.722133,-21.247124,-8.169308,-10.412333,-11.245918,-7.844292,0.676181,-6.962954,-7.589404,-4.899195,-1.518493,-4.513619,-2.638230,-13.456616,0.000000,189.000000,4.000000,,,,0.000000,4.000000,4.000000,4.000000,4.000000,4.000000,4.000000,4.000000,4.000000,4.000000,4.000000,4.000000,4.000000,4.000000,4.000000,4.000000,4.000000,4.000000,4.000000,2.000000,4.000000,4.000000,4.000000,4.000000,4.000000,4.000000,4.000000,4.000000,4.000000,4.000000,4.000000,4.000000,4.000000,83.333336
1614076766.196839,32.000000,0.000000,-2.442931,-0.830819,9.707474,2.310920,-0.666549,4.562855,-3.110048,-9.631421,-2.552281,4.304685,7.279401,-4.827440,-1.027639,-7.730931,-6.737733,25.637424,-4.428972,17.542250,5.583206,-15.072031,-10.212420,-7.324996,-10.721851,-8.862089,-5.991162,-6.955991,-10.658737,-4.381475,-3.568256,-4.509105,-3.148413,-13.443159,8064.000000,0.000000,4.000000,,,,0.000000,4.000000,4.000000,4.000000,4.000000,4.000000,4.000000,4.000000,4.000000,4.000000,4.000000,4.000000,4.000000,4.000000,4.000000,4.000000,4.000000,4.000000,4.000000,2.000000,4.000000,4.000000,4.000000,4.000000,4.000000,4.000000,4.000000,4.000000,4.000000,4.000000,4.000000,4.000000,4.000000,83.333336
1614076766.204588,33.000000,0.000000,-0.389206,0.708474,10.210587,2.308609,-0.153062,4.045472,-1.055656,-7.570508,-2.549729,3.787560,7.272121,-0.720048,-0.000971,-8.748841,0.961312,37.406658,0.703662,39.575989,12.244289,-0.697984,-4.561182,3.964380,-5.582925,-10.904510,-8.036452,-6.436214,1.146793,0.751111,-1.513406,-4.504596,-2.632444,-12.916896,8064.000000,0.000000,4.000000,,,,0.000000,4.000000,4.000000,4.000000,4.000000,4.000000,4.000000,4.000000,4.000000,4.000000,4.000000,4.000000,4.000000,4.000000,4.000000,4.000000,4.000000,4.000000,4.000000,2.000000,4.000000,4.000000,4.000000,4.000000,4.000000,4.000000,4.000000,4.000000,4.000000,4.000000,4.000000,4.000000,4.000000,83.333336
1614076766.212437,34.000000,0.000000,1.662465,0.707765,8.149094,2.306300,-2.717011,-1.599599,0.996682,-4.998835,-2.547179,3.783772,7.264849,-0.206508,-0.513790,-12.329836,-1.090931,29.164124,0.702959,31.844107,10.693583,2.892457,-3.530981,11.652723,-0.961957,-1.662835,-5.464314,-6.429778,10.889235,3.827283,-1.511893,-4.500092,-4.168273,-13.416800,8064.000000,0.000000,4.000000,,,,0.000000,4.000000,4.000000,4.000000,4.000000,4.000000,4.000000,4.000000,4.000000,4.000000,4.000000,4.000000,4.000000,4.000000,4.000000,4.000000,4.000000,4.000000,4.000000,2.000000,4.000000,4.000000,4.000000,4.000000,4.000000,4.000000,4.000000,4.000000,4.000000,4.000000,4.000000,4.000000,4.000000,83.333336
1614076766.220187,35.000000,0.000000,1.147982,0.194237,6.089663,2.303994,-7.842499,-2.623641,1.508506,-4.993835,-2.544632,3.779988,7.257584,-2.257583,-1.538917,-10.779045,-4.679584,7.083677,5.830461,12.837903,10.170069,5.966488,-2.501808,8.051327,1.090287,7.056776,-3.920388,-7.448989,6.775783,2.797815,-3.048842,-4.495592,-6.215386,-12.890562,8064.000000,0.000000,4.000000,,,,0.000000,4.000000,4.000000,4.000000,4.000000,4.000000,4.000000,4.000000,4.000000,4.000000,4.000000,4.000000,4.000000,4.000000,4.000000,4.000000,4.000000,4.000000,4.000000,2.000000,4.000000,4.000000,4.000000,4.000000,4.000000,4.000000,4.000000,4.000000,4.000000,4.000000,4.000000,4.000000,4.000000,83.333336
1614076766.228035,36.000000,0.000000,3.710937,0.706863,5.570753,2.301690,-8.347477,-2.108197,1.506997,-2.937560,-2.542088,4.801849,7.250327,4.924161,3.078006,-1.024676,11.222531,21.948389,23.260529,35.901989,22.980412,22.883598,14.423770,15.222762,5.191761,8.588181,-1.865185,-6.415899,10.871571,3.307838,1.056771,-3.978276,-4.670710,-9.800748,8064.000000,0.000000,4.000000,,,,0.000000,4.000000,4.000000,4.000000,4.000000,4.000000,4.000000,4.000000,4.000000,4.000000,4.000000,4.000000,4.000000,4.000000,4.000000,4.000000,4.000000,4.000000,4.000000,2.000000,4.000000,4.000000,4.000000,4.000000,4.000000,4.000000,4.000000,4.000000,4.000000,4.000000,4.000000,4.000000,4.000000,83.333336
1614076766.235785,37.000000,0.000000,8.322610,-0.832305,6.078002,2.299388,-8.851951,-1.593268,0.992670,-1.396161,-2.539546,1.720124,7.243076,14.150006,7.177492,5.643015,21.467720,51.157207,24.775728,50.737881,13.726663,19.783791,20.563192,29.053694,7.750671,17.810362,-0.324858,-6.409483,12.911982,4.330171,2.081355,-4.999938,-4.153218,-11.329409,8064.000000,0.000000,4.000000,,,,0.000000,4.000000,4.000000,4.000000,4.000000,4.000000,4.000000,4.000000,4.000000,4.000000,4.000000,4.000000,4.000000,4.000000,4.000000,4.000000,4.000000,4.000000,4.000000,2.000000,4.000000,4.000000,4.000000,4.000000,4.000000,4.000000,4.000000,4.000000,4.000000,4.000000,4.000000,4.000000,4.000000,83.333336
1614076766.243634,38.000000,0.000000,6.263006,-2.882755,6.071924,2.297089,-13.971303,-2.104495,-1.059605,-1.907585,-4.588288,-5.461083,7.235833,7.469190,2.554930,1.534808,-1.117851,34.182976,4.750953,18.892271,-15.005013,-10.492402,-1.508653,16.204126,1.589075,21.382296,-3.914277,-11.018458,-3.511187,-1.828005,-5.613034,-7.559041,-6.713168,-16.446285,8064.000000,0.000000,4.000000,,,,0.000000,4.000000,4.000000,4.000000,4.000000,4.000000,4.000000,4.000000,4.000000,4.000000,4.000000,4.000000,4.000000,4.000000,4.000000,4.000000,4.000000,4.000000,4.000000,2.000000,4.000000,4.000000,4.000000,4.000000,4.000000,4.000000,4.000000,4.000000,4.000000,4.000000,4.000000,4.000000,4.000000,83.333336
1614076766.251383,39.000000,0.000000,1.128537,-3.905513,6.065852,2.294792,-14.470153,-7.230596,-3.109828,-1.905677,-6.634982,-9.045365,6.715777,-4.333151,-4.114291,-1.543650,-17.526989,11.071869,-3.971746,4.514405,-18.066931,-24.328064,-15.353298,-6.376180,-4.053540,2.899374,-8.525747,-14.084363,-8.635881,-8.492844,-9.197165,-8.577123,-7.219275,-18.481121,8064.000000,0.000000,4.000000,,,,0.000000,4.000000,4.000000,4.000000,4.000000,4.000000,4.000000,4.000000,4.000000,4.000000,4.000000,4.000000,4.000000,4.000000,4.000000,4.000000,4.000000,4.000000,4.000000,2.000000,4.000000,4.000000,4.000000,4.000000,4.000000,4.000000,4.000000,4.000000,4.000000,4.000000,4.000000,4.000000,4.000000,83.333336
1614076766.259232,40.000000,0.000000,0.614588,-3.388787,6.059786,2.805318,-9.327477,-8.761827,-2.593897,-1.903772,-6.628347,-6.985038,7.221882,-5.354459,-1.546075,3.586099,-5.201770,30.547977,3.724533,32.202198,0.412674,-15.072967,-7.645637,-7.908265,-4.049487,-7.872756,-8.517221,-11.506176,5.218909,-6.945889,-7.649506,-8.055725,-6.186415,-16.411358,8064.000000,0.000000,4.000000,,,,0.000000,4.000000,4.000000,4.000000,4.000000,4.000000,4.000000,4.000000,4.000000,4.000000,4.000000,4.000000,4.000000,4.000000,4.000000,4.000000,4.000000,4.000000,4.000000,2.000000,4.000000,4.000000,4.000000,4.000000,4.000000,4.000000,4.000000,4.000000,4.000000,4.000000,4.000000,4.000000,4.000000,83.333336
1614076766.266981,41.000000,0.000000,1.639615,-3.385398,6.053727,2.289692,-7.266868,-4.137681,-2.591303,-1.389048,-6.108898,-3.388309,8.240301,-3.810643,0.506754,2.556872,-2.119645,43.337940,6.797731,47.041790,8.617390,-11.468150,-4.048248,-3.797793,-3.019796,0.340245,-7.483064,-9.956208,9.829075,-3.862021,-7.641856,-8.560490,-6.693049,-16.907766,8064.000000,0.000000,4.000000,,,,0.000000,4.000000,4.000000,4.000000,4.000000,4.000000,4.000000,4.000000,4.000000,4.000000,4.000000,4.000000,4.000000,4.000000,4.000000,4.000000,4.000000,4.000000,4.000000,2.000000,4.000000,4.000000,4.000000,4.000000,4.000000,4.000000,4.000000,4.000000,4.000000,4.000000,4.000000,4.000000,4.000000,83.333336
1614076766.274830,42.000000,0.000000,1.637975,-3.382013,5.534853,0.236120,-8.285242,-3.107902,-2.588712,-2.413299,-6.615610,-4.410562,5.155138,-4.832473,-2.057856,-5.650813,-11.348295,29.961269,4.226831,37.763981,6.557490,-11.456682,-6.608302,-3.281174,-3.016776,4.442469,-8.501222,-11.484714,4.691040,-4.883800,-8.147035,-8.039109,-6.686356,-18.429321,8064.000000,0.000000,4.000000,,,,0.000000,4.000000,4.000000,4.000000,4.000000,4.000000,4.000000,4.000000,4.000000,4.000000,4.000000,4.000000,4.000000,4.000000,4.000000,4.000000,4.000000,4.000000,4.000000,2.000000,4.000000,4.000000,4.000000,4.000000,4.000000,4.000000,4.000000,4.000000,4.000000,4.000000,4.000000,4.000000,4.000000,83.333336
1614076766.282579,43.000000,0.000000,0.097876,-3.378631,5.529318,-1.302578,-8.276957,-6.181717,-2.586123,-1.898066,-6.096173,-3.380511,3.611521,-3.289180,1.021125,-0.004137,-2.618998,38.136436,4.735425,36.700577,6.038112,-6.317020,-7.627335,5.952876,-4.552221,0.335463,-7.979900,-9.934768,4.173529,-4.366096,-6.087606,-3.415685,-7.192490,-13.282686,8064.000000,0.000000,4.000000,,,,0.000000,4.000000,4.000000,4.000000,4.000000,4.000000,4.000000,4.000000,4.000000,4.000000,4.000000,4.000000,4.000000,4.000000,4.000000,4.000000,4.000000,4.000000,4.000000,2.000000,4.000000,4.000000,4.000000,4.000000,4.000000,4.000000,4.000000,4.000000,4.000000,4.000000,4.000000,4.000000,4.000000,83.333336
1614076766.290428,44.000000,0.000000,1.636239,-3.375252,6.036609,-1.814096,-8.781500,-6.175535,-2.583537,0.155115,-3.525975,6.879280,11.813038,-0.208967,9.225232,15.893304,14.819519,58.611122,6.781971,45.894646,9.621818,-0.156857,-5.568425,9.023847,-4.034848,-1.716155,-3.869356,-5.309448,5.194996,-1.284806,-4.030236,-0.335346,-6.672477,-4.038634,8064.000000,0.000000,4.000000,,,,0.000000,4.000000,4.000000,4.000000,4.000000,4.000000,4.000000,4.000000,4.000000,4.000000,4.000000,4.000000,4.000000,4.000000,4.000000,4.000000,4.000000,4.000000,4.000000,2.000000,4.000000,4.000000,4.000000,4.000000,4.000000,4.000000,4.000000,4.000000,4.000000,4.000000,4.000000,4.000000,4.000000,83.333336
1614076766.298177,45.000000,0.000000,4.711526,-3.371877,5.517752,-1.299461,-5.695796,-5.656539,-2.580954,0.667780,-1.983987,11.487785,15.390968,-0.208758,9.216007,14.338948,16.343161,55.475586,9.339293,46.874390,14.227580,4.458684,-1.460293,3.886617,3.148674,0.336843,-0.275743,-2.227216,6.215442,-0.257880,-0.949283,-0.335011,-6.152984,-0.957672,8064.000000,0.000000,4.000000,,,,0.000000,4.000000,4.000000,4.000000,4.000000,4.000000,4.000000,4.000000,4.000000,4.000000,4.000000,4.000000,4.000000,4.000000,4.000000,4.000000,4.000000,4.000000,4.000000,2.000000,4.000000,4.000000,4.000000,4.000000,4.000000,4.000000,4.000000,4.000000,4.000000,4.000000,4.000000,4.000000,4.000000,83.333336
1614076766.306026,46.000000,0.000000,1.629892,-3.368505,6.025054,-1.298162,-3.638818,-5.650883,-2.578373,-1.384170,-2.494824,0.194246,4.606346,-1.747011,3.565765,0.991276,4.531946,47.727802,8.817132,38.109566,10.623610,-0.673979,-5.048576,3.369910,1.094243,7.003173,-2.326749,-3.250630,3.645124,-0.770443,-0.435513,-0.847497,-8.198113,-2.495176,8064.000000,0.000000,4.000000,,,,0.000000,4.000000,4.000000,4.000000,4.000000,4.000000,4.000000,4.000000,4.000000,4.000000,4.000000,4.000000,4.000000,4.000000,4.000000,4.000000,4.000000,4.000000,4.000000,2.000000,4.000000,4.000000,4.000000,4.000000,4.000000,4.000000,4.000000,4.000000,4.000000,4.000000,4.000000,4.000000,4.000000,83.333336
1614076766.313775,47.000000,0.000000,-5.551226,-3.365137,10.634414,-1.809684,-7.224923,-5.132411,-2.575794,-1.895606,-2.492329,-8.011076,-6.680311,-3.796546,3.049379,-2.086638,-6.754638,45.115974,1.628828,30.379150,1.382216,-18.622023,-15.812758,1.315258,-11.727365,5.970529,-5.914166,-3.247379,-5.589290,-0.769673,-0.947898,-0.333829,-9.728376,-1.979860,8064.000000,0.000000,4.000000,,,,0.000000,4.000000,4.000000,4.000000,4.000000,4.000000,4.000000,4.000000,4.000000,4.000000,4.000000,4.000000,4.000000,4.000000,4.000000,4.000000,4.000000,4.000000,4.000000,2.000000,4.000000,4.000000,4.000000,4.000000,4.000000,4.000000,4.000000,4.000000,4.000000,4.000000,4.000000,4.000000,4.000000,83.333336
1614076766.321624,48.000000,0.000000,-7.084136,-3.874592,15.751985,-1.295054,-6.704877,-6.152920,-2.573219,-1.380890,-2.489836,-6.977424,-8.724914,-4.818390,4.584791,0.992372,-11.363268,32.763165,-5.552288,29.835951,-0.157627,-26.808529,-15.284125,-3.814262,-13.254098,-6.343134,-7.959534,-2.731311,-10.711906,-0.768903,3.668434,-0.846315,-4.077622,-1.977881,8064.000000,0.000000,4.000000,,,,0.000000,4.000000,4.000000,4.000000,4.000000,4.000000,4.000000,4.000000,4.000000,4.000000,4.000000,4.000000,4.000000,4.000000,4.000000,4.000000,4.000000,4.000000,4.000000,2.000000,4.000000,4.000000,4.000000,4.000000,4.000000,4.000000,4.000000,4.000000,4.000000,4.000000,4.000000,4.000000,4.000000,83.333336
1614076766.329373,49.000000,0.000000,-5.538590,-2.845077,17.274694,0.757523,0.994135,-5.633946,-2.570645,-1.892330,-2.487347,-6.457626,-6.152086,-3.787931,2.528924,-1.059903,-10.839084,20.422710,-6.572377,30.318935,2.919453,-19.089413,-6.550892,-2.784807,-4.522895,-8.900893,-7.951574,-3.241400,-5.572989,-0.768134,10.331432,-0.845469,1.054660,-1.975903,8064.000000,0.000000,4.000000,,,,0.000000,4.000000,4.000000,4.000000,4.000000,4.000000,4.000000,4.000000,4.000000,4.000000,4.000000,4.000000,4.000000,4.000000,4.000000,4.000000,4.000000,4.000000,4.000000,2.000000,4.000000,4.000000,4.000000,4.000000,4.000000,4.000000,4.000000,4.000000,4.000000,4.000000,4.000000,4.000000,4.000000,83.333336
1614076766.337222,50.000000,0.000000,-6.045872,-0.278129,16.744598,2.808048,2.018782,-0.500107,-2.568075,-1.890437,-2.484859,-5.425528,-2.556190,-4.296964,3.039216,-1.571663,-11.853886,19.376646,-5.540164,28.750154,0.865252,-14.967760,-7.057162,-0.730740,-4.518373,2.902879,-7.943623,-3.238159,-3.516134,-0.767366,8.269819,-0.844624,1.053606,-2.486747,8064.000000,0.000000,4.000000,,,,0.000000,4.000000,4.000000,4.000000,4.000000,4.000000,4.000000,4.000000,4.000000,4.000000,4.000000,4.000000,4.000000,4.000000,4.000000,4.000000,4.000000,4.000000,4.000000,2.000000,4.000000,4.000000,4.000000,4.000000,4.000000,4.000000,4.000000,4.000000,4.000000,4.000000,4.000000,4.000000,4.000000,83.333336
1614076766.344971,51.000000,0.000000,-6.552647,0.747790,17.240675,2.292419,-4.137083,1.551675,-2.565507,-2.401367,-2.482374,-3.368820,0.010469,-5.831128,4.061818,-0.544451,-12.354853,21.408552,-6.047444,30.259865,-1.186895,-15.978433,-13.203951,-5.858214,-10.667701,5.464079,-7.935679,-3.234921,-6.589541,-0.766598,3.133344,-0.843779,0.026911,-4.022722,8064.000000,0.000000,4.000000,,,,0.000000,4.000000,4.000000,4.000000,4.000000,4.000000,4.000000,4.000000,4.000000,4.000000,4.000000,4.000000,4.000000,4.000000,4.000000,4.000000,4.000000,4.000000,4.000000,2.000000,4.000000,4.000000,4.000000,4.000000,4.000000,4.000000,4.000000,4.000000,4.000000,4.000000,4.000000,4.000000,4.000000,83.333336
1614076766.352820,52.000000,0.000000,-6.033274,0.234222,17.223434,2.290127,-5.671407,-2.552441,-2.562941,-6.501530,-2.479892,-4.903913,-2.040824,-7.876579,-2.096090,-3.108009,-10.291216,21.899963,-6.041396,31.255247,-0.160067,-15.962455,-13.703568,-7.903638,-11.682673,-1.720872,-7.927743,-3.231686,-6.582952,-0.765832,3.130211,-0.842935,1.052525,-6.069982,8064.000000,0.000000,4.000000,,,,0.000000,4.000000,4.000000,4.000000,4.000000,4.000000,4.000000,4.000000,4.000000,4.000000,4.000000,4.000000,4.000000,4.000000,4.000000,4.000000,4.000000,4.000000,4.000000,2.000000,4.000000,4.000000,4.000000,4.000000,4.000000,4.000000,4.000000,4.000000,4.000000,4.000000,4.000000,4.000000,4.000000,83.333336
1614076766.360569,53.000000,0.000000,-6.027240,0.233988,16.693390,2.287837,-4.127274,-6.139632,-2.560378,-10.084772,-2.477412,-6.950291,-4.602886,-8.381523,-11.837584,-8.233106,-12.845027,17.262678,-6.035355,27.121428,-0.159907,-16.459312,-12.664223,-2.767529,-9.619709,-3.770433,-7.919816,-2.715634,-5.550727,-0.765066,3.639901,-0.329272,1.051473,-6.063911,8064.000000,0.000000,4.000000,,,,0.000000,4.000000,4.000000,4.000000,4.000000,4.000000,4.000000,4.000000,4.000000,4.000000,4.000000,4.000000,4.000000,4.000000,4.000000,4.000000,4.000000,4.000000,4.000000,2.000000,4.000000,4.000000,4.000000,4.000000,4.000000,4.000000,4.000000,4.000000,4.000000,4.000000,4.000000,4.000000,4.000000,83.333336
1614076766.368418,54.000000,0.000000,-6.021213,0.233754,16.676697,2.285549,-4.635967,-6.133492,-2.557818,-9.049047,-2.474935,-6.943340,-2.547001,-7.860321,-11.825747,-7.199232,-13.345002,16.732595,-5.003678,36.325077,0.353073,-9.776187,-13.164379,0.312161,-8.071628,-2.741022,-7.911896,-2.712918,-6.057997,-0.764301,3.123441,-0.841763,0.537601,-5.545027,8064.000000,0.000000,4.000000,,,,0.000000,4.000000,4.000000,4.000000,4.000000,4.000000,4.000000,4.000000,4.000000,4.000000,4.000000,4.000000,4.000000,4.000000,4.000000,4.000000,4.000000,4.000000,4.000000,2.000000,4.000000,4.000000,4.000000,4.000000,4.000000,4.000000,4.000000,4.000000,4.000000,4.000000,4.000000,4.000000,4.000000,83.333336
1614076766.376167,55.000000,0.000000,-6.015192,0.233520,17.172840,2.283263,-5.144152,-5.101718,-2.555260,-5.963074,-2.472460,-6.936397,3.096572,-7.852461,-2.583151,0.500275,-4.613708,32.100479,-1.921752,53.211826,0.352720,-1.561282,-13.151215,-0.200972,-7.037915,-2.738281,-7.903984,-4.761487,-6.051939,-0.763537,3.633138,-2.379383,-1.514219,-5.539482,8064.000000,0.000000,4.000000,,,,0.000000,4.000000,4.000000,4.000000,4.000000,4.000000,4.000000,4.000000,4.000000,4.000000,4.000000,4.000000,4.000000,4.000000,4.000000,4.000000,4.000000,4.000000,4.000000,2.000000,4.000000,4.000000,4.000000,4.000000,4.000000,4.000000,4.000000,4.000000,4.000000,4.000000,4.000000,4.000000,4.000000,83.333336
1614076766.384016,56.000000,0.000000,-6.009177,0.233286,16.130028,2.280980,-4.626187,-3.045334,-2.552705,-5.444291,-2.469987,-6.929461,4.119117,-8.357429,-0.529286,3.576698,1.031931,45.914532,-1.919830,40.338104,-1.698915,-9.252028,-12.625243,-2.764873,-7.030877,-3.248363,-7.896080,-6.808008,-6.045887,-0.762773,0.552582,-4.428285,-3.563987,-6.046763,8064.000000,0.000000,4.000000,,,,0.000000,4.000000,4.000000,4.000000,4.000000,4.000000,4.000000,4.000000,4.000000,4.000000,4.000000,4.000000,4.000000,4.000000,4.000000,4.000000,4.000000,4.000000,4.000000,2.000000,4.000000,4.000000,4.000000,4.000000,4.000000,4.000000,4.000000,4.000000,4.000000,4.000000,4.000000,4.000000,4.000000,83.333336
1614076766.391765,57.000000,0.000000,-6.003168,0.233053,13.036974,2.278699,-4.621561,-3.555109,-2.550152,-5.951667,-2.467517,-7.435352,2.576536,-7.323431,-1.554398,2.547480,0.518078,48.432720,-2.943551,20.297764,0.866887,-15.909443,-13.125438,-5.326211,-7.023846,-5.296397,-7.888184,-6.801199,-6.039841,-0.762010,-3.550535,-5.962318,-2.534782,-5.527896,8064.000000,0.000000,4.000000,,,,0.000000,4.000000,4.000000,4.000000,4.000000,4.000000,4.000000,4.000000,4.000000,4.000000,4.000000,4.000000,4.000000,4.000000,4.000000,4.000000,4.000000,4.000000,4.000000,2.000000,4.000000,4.000000,4.000000,4.000000,4.000000,4.000000,4.000000,4.000000,4.000000,4.000000,4.000000,4.000000,4.000000,83.333336
1614076766.399614,58.000000,0.000000,-5.997164,0.745641,13.023937,2.276421,-4.616940,-5.602836,-2.547602,-5.432895,-2.465050,-6.915096,5.650882,-4.752004,1.524080,4.596215,0.517560,48.897106,2.700418,32.072338,4.968584,-6.149944,-12.599492,-3.269603,-6.504002,-5.803921,-7.367475,-5.768757,-6.033802,-0.761248,-4.059805,-8.007638,-2.532247,-5.009547,8064.000000,0.000000,4.000000,,,,0.000000,4.000000,4.000000,4.000000,4.000000,4.000000,4.000000,4.000000,4.000000,4.000000,4.000000,4.000000,4.000000,4.000000,4.000000,4.000000,4.000000,4.000000,4.000000,2.000000,4.000000,4.000000,4.000000,4.000000,4.000000,4.000000,4.000000,4.000000,4.000000,4.000000,4.000000,4.000000,4.000000,83.333336
1614076766.407363,59.000000,0.000000,-5.991167,0.232074,13.523733,2.274144,-4.099502,-6.110054,-3.057875,-4.914641,-2.462585,-6.908181,0.517026,-5.260073,-5.656931,-2.075048,-6.662445,29.873852,0.646436,26.912062,-6.831256,-10.759179,-12.586893,-5.317615,-7.010318,-3.234015,-7.872928,-9.352733,-6.027768,-0.247667,-5.081387,-10.050913,-6.632279,-8.594281,8064.000000,0.000000,4.000000,,,,0.000000,4.000000,4.000000,4.000000,4.000000,4.000000,4.000000,4.000000,4.000000,4.000000,4.000000,4.000000,4.000000,4.000000,4.000000,4.000000,4.000000,4.000000,4.000000,2.000000,4.000000,4.000000,4.000000,4.000000,4.000000,4.000000,4.000000,4.000000,4.000000,4.000000,4.000000,4.000000,4.000000,83.333336
1614076766.415212,60.000000,0.000000,-5.985176,-1.819440,8.894825,2.271870,-6.146685,-5.078303,-2.541996,-6.961009,-2.460122,-6.901272,-15.380926,-7.818915,-22.574352,-17.457588,-18.963474,-2.463715,-13.200365,-5.422544,-17.593657,-29.722778,-16.676870,-16.081528,-7.003308,-4.769242,-9.916337,-13.958764,-6.021740,-2.298701,-10.204510,-11.579324,-10.215390,-15.252354,8064.000000,0.000000,4.000000,,,,0.000000,4.000000,4.000000,4.000000,4.000000,4.000000,4.000000,4.000000,4.000000,4.000000,4.000000,4.000000,4.000000,4.000000,4.000000,4.000000,4.000000,4.000000,4.000000,2.000000,4.000000,4.000000,4.000000,4.000000,4.000000,4.000000,4.000000,4.000000,4.000000,4.000000,4.000000,4.000000,4.000000,83.333336
1614076766.422961,61.000000,0.000000,-5.979191,-3.868902,4.783366,2.269598,-8.191820,-5.586045,-2.026634,-8.492510,-2.457662,-6.894371,-17.929647,-8.323917,-22.551777,-17.952951,-16.380407,1.128492,-15.238446,9.454674,-2.704268,-23.026390,-20.762756,-17.603909,-6.996305,-7.328575,-11.444882,-14.457626,-6.015718,-4.347684,-11.732767,-12.080564,-10.717996,-17.801205,8064.000000,0.000000,4.000000,,,,0.000000,4.000000,4.000000,4.000000,4.000000,4.000000,4.000000,4.000000,4.000000,4.000000,4.000000,4.000000,4.000000,4.000000,4.000000,4.000000,4.000000,4.000000,4.000000,2.000000,4.000000,4.000000,4.000000,4.000000,4.000000,4.000000,4.000000,4.000000,4.000000,4.000000,4.000000,4.000000,4.000000,83.333336
1614076766.430810,62.000000,0.000000,-5.973212,-3.352213,6.829865,1.754508,-8.183628,-5.580459,-3.563069,-6.945555,-2.455204,-5.349015,-4.578385,-6.777132,-7.144610,-4.601665,-5.081976,25.229929,-3.428336,42.265732,11.144590,-4.029004,-20.741995,-5.278612,-6.989308,-4.757144,-10.920617,-13.930347,-6.009703,-4.856157,-8.644112,-11.555663,-10.194457,-17.270582,8064.000000,0.000000,4.000000,,,,0.000000,4.000000,4.000000,4.000000,4.000000,4.000000,4.000000,4.000000,4.000000,4.000000,4.000000,4.000000,4.000000,4.000000,4.000000,4.000000,4.000000,4.000000,4.000000,2.000000,4.000000,4.000000,4.000000,4.000000,4.000000,4.000000,4.000000,4.000000,4.000000,4.000000,4.000000,4.000000,4.000000,83.333336
1614076766.438659,63.000000,0.000000,-5.967238,-3.348861,9.387137,2.778394,-8.175445,-6.087699,-1.508224,-4.374507,-2.452749,-3.292384,1.067219,-4.719072,-3.034901,0.531142,-3.538433,27.768801,-0.860805,27.864492,-0.148605,-6.589077,-20.208431,0.880513,-6.982319,-4.752387,-12.448158,-13.916417,-6.003693,-4.338480,-7.097006,-11.544107,-10.184262,-16.740492,8064.000000,0.000000,4.000000,,,,0.000000,4.000000,4.000000,4.000000,4.000000,4.000000,4.000000,4.000000,4.000000,4.000000,4.000000,4.000000,4.000000,4.000000,4.000000,4.000000,4.000000,4.000000,4.000000,2.000000,4.000000,4.000000,4.000000,4.000000,4.000000,4.000000,4.000000,4.000000,4.000000,4.000000,4.000000,4.000000,4.000000,83.333336
1614076766.446408,64.000000,0.000000,-5.961271,-3.345512,9.377750,4.826898,-8.167269,-6.081611,3.621490,-2.318851,-2.450296,-3.289092,-0.985130,-4.201533,-5.083148,-1.007851,-3.534895,33.382057,-1.885585,7.323807,-7.840765,-11.197873,-20.701044,-1.171650,-6.975337,-9.363019,-11.410069,-14.415321,-5.997689,-4.334142,-7.602729,-11.532564,-10.686899,-14.159648,0.000000,177.000000,4.000000,,,,0.000000,4.000000,4.000000,4.000000,4.000000,4.000000,4.000000,4.000000,4.000000,4.000000,4.000000,4.000000,4.000000,4.000000,4.000000,4.000000,4.000000,4.000000,4.000000,2.000000,4.000000,4.000000,4.000000,4.000000,4.000000,4.000000,4.000000,4.000000,4.000000,4.000000,4.000000,4.000000,4.000000,83.333336
1614076766.454257,65.000000,0.000000,-5.955310,-3.342166,11.419655,5.847712,-8.159101,-5.562709,1.566586,-1.290891,-2.447846,-3.285803,0.041496,-3.684511,-3.539604,-0.494023,1.596845,45.143547,1.193223,35.008789,-1.166257,-4.520008,-20.167522,-0.657658,-6.968361,-11.404939,-8.834557,-13.888085,-5.991692,-4.329808,-7.595127,-11.521031,-10.163391,-12.607027,0.000000,197.000000,4.000000,,,,0.000000,4.000000,4.000000,4.000000,4.000000,4.000000,4.000000,4.000000,4.000000,4.000000,4.000000,4.000000,4.000000,4.000000,4.000000,4.000000,4.000000,4.000000,4.000000,2.000000,4.000000,4.000000,4.000000,4.000000,4.000000,4.000000,4.000000,4.000000,4.000000,4.000000,4.000000,4.000000,4.000000,83.333336
1614076766.462006,66.000000,0.000000,-5.949355,-3.338824,13.459517,5.841865,-8.150943,-6.582788,-5.614468,-2.828061,-2.445398,-3.795337,-3.548289,-5.219288,-8.664269,-4.083272,-7.122700,28.175327,-4.961816,33.435322,-0.139450,-9.130873,-21.172997,-0.144179,-6.961393,-10.367892,-11.389824,-13.874198,-5.985700,-4.325478,-7.074711,-11.509510,-10.153228,-14.132881,0.000000,205.000000,4.000000,,,,0.000000,4.000000,4.000000,4.000000,4.000000,4.000000,4.000000,4.000000,4.000000,4.000000,4.000000,4.000000,4.000000,4.000000,4.000000,4.000000,4.000000,4.000000,4.000000,2.000000,4.000000,4.000000,4.000000,4.000000,4.000000,4.000000,4.000000,4.000000,4.000000,4.000000,4.000000,4.000000,4.000000,83.333336
1614076766.469855,67.000000,0.000000,-5.943405,-3.335485,12.420417,5.323202,-8.142792,-5.037743,-7.660135,-0.773951,-2.442953,-3.791542,-7.134485,-7.778171,-15.322271,-8.181753,-19.936090,13.788177,-13.161983,1.094193,-3.216233,-18.352510,-19.100540,-0.144035,-6.954432,-10.357525,-13.942537,-13.860323,-5.979714,-4.321153,-7.580457,-11.498000,-10.655895,-12.067467,0.000000,193.000000,4.000000,,,,0.000000,4.000000,4.000000,4.000000,4.000000,4.000000,4.000000,4.000000,4.000000,4.000000,4.000000,4.000000,4.000000,4.000000,4.000000,4.000000,4.000000,4.000000,4.000000,2.000000,4.000000,4.000000,4.000000,4.000000,4.000000,4.000000,4.000000,4.000000,4.000000,4.000000,4.000000,4.000000,4.000000,83.333336
1614076766.477604,68.000000,0.000000,-5.937462,-3.332150,13.946458,5.830699,-8.134649,1.121141,-5.601193,6.406310,-2.440510,-0.198007,0.052137,-7.257572,-9.665924,-3.045366,-13.762308,29.159004,-9.559077,-0.958183,-0.648914,-13.718774,-14.466056,1.394570,-7.460298,-10.347167,-8.287569,-13.846463,-6.486555,-4.316832,-7.572876,-11.486503,-9.619598,-4.875912,0.000000,167.000000,4.000000,,,,0.000000,4.000000,4.000000,4.000000,4.000000,4.000000,4.000000,4.000000,4.000000,4.000000,4.000000,4.000000,4.000000,4.000000,4.000000,4.000000,4.000000,4.000000,4.000000,2.000000,4.000000,4.000000,4.000000,4.000000,4.000000,4.000000,4.000000,4.000000,4.000000,4.000000,4.000000,4.000000,4.000000,83.333336
1614076766.485453,69.000000,0.000000,-6.444345,-3.328818,16.496614,7.363330,-8.126514,5.222584,-4.569951,9.476827,-2.950890,3.904755,7.231572,-4.686212,-0.425489,3.111525,-2.466495,33.745232,-4.934134,18.017134,-0.135445,-7.038389,-12.400308,3.444458,-6.427197,-10.336820,-2.638256,-13.832617,-5.454427,-4.312515,-7.565303,-11.475016,-7.045876,-0.768472,0.000000,174.000000,4.000000,,,,0.000000,4.000000,4.000000,4.000000,4.000000,4.000000,4.000000,4.000000,4.000000,4.000000,4.000000,4.000000,4.000000,4.000000,4.000000,4.000000,4.000000,4.000000,4.000000,2.000000,4.000000,4.000000,4.000000,4.000000,4.000000,4.000000,4.000000,4.000000,4.000000,4.000000,4.000000,4.000000,4.000000,83.333336
1614076766.493202,70.000000,0.000000,-5.925080,-3.325489,16.992937,8.894428,-8.118388,5.730182,-3.026919,6.390427,-2.947939,4.413671,7.737161,-3.655885,0.087757,1.569952,-2.976849,28.070459,-4.929199,33.896553,0.377511,-7.544171,-11.875087,3.441013,-3.856667,-10.326483,-4.174079,-13.818784,-2.884870,-4.308202,-7.557738,-11.463541,-6.013189,-2.306165,0.000000,186.000000,4.000000,,,,0.000000,4.000000,4.000000,4.000000,4.000000,4.000000,4.000000,4.000000,4.000000,4.000000,4.000000,4.000000,4.000000,4.000000,4.000000,4.000000,4.000000,4.000000,4.000000,2.000000,4.000000,4.000000,4.000000,4.000000,4.000000,4.000000,4.000000,4.000000,4.000000,4.000000,4.000000,4.000000,4.000000,83.333336
1614076766.501051,71.000000,0.000000,-3.355052,-3.322163,15.950304,9.398355,-8.110270,6.237272,-2.511072,5.358395,-2.432171,3.896437,6.703783,-4.165050,-0.937971,-0.482900,-4.512333,32.657772,-1.334526,35.401119,0.889954,-8.562267,-9.811930,1.386290,-2.827169,-8.777695,-4.682725,-13.804965,-1.856344,-4.303894,-7.550180,-11.452078,-6.519997,-2.303859,0.000000,184.000000,4.000000,,,,0.000000,4.000000,4.000000,4.000000,4.000000,4.000000,4.000000,4.000000,4.000000,4.000000,4.000000,4.000000,4.000000,4.000000,4.000000,4.000000,4.000000,4.000000,4.000000,2.000000,4.000000,4.000000,4.000000,4.000000,4.000000,4.000000,4.000000,4.000000,4.000000,4.000000,4.000000,4.000000,4.000000,83.333336
1614076766.508801,72.000000,0.000000,-1.813236,-3.318841,16.447174,9.388956,-8.102160,3.666932,-2.508561,4.327396,-2.942559,3.892540,7.722720,-4.160884,-0.424213,-0.995237,-5.020641,19.291782,1.743731,5.109306,-6.803244,-12.143449,-10.314939,-1.692019,-3.337162,-6.717635,-4.165222,-13.791161,-2.367309,-4.299590,-7.542630,-11.440625,-6.513476,-1.275914,0.000000,192.000000,4.000000,,,,0.000000,4.000000,4.000000,4.000000,4.000000,4.000000,4.000000,4.000000,4.000000,4.000000,4.000000,4.000000,4.000000,4.000000,4.000000,4.000000,4.000000,4.000000,4.000000,2.000000,4.000000,4.000000,4.000000,4.000000,4.000000,4.000000,4.000000,4.000000,4.000000,4.000000,4.000000,4.000000,4.000000,83.333336
1614076766.516650,73.000000,0.000000,-2.324243,-3.315522,16.430727,8.866747,-8.094057,2.124804,-2.506052,1.246145,-2.426796,4.401468,7.714997,-4.156723,-0.423789,-4.071165,-7.066903,3.375055,2.254808,-1.049649,-10.386184,-17.772331,-12.868726,-1.177507,-3.333825,-7.223738,-3.648237,-13.777369,-1.852121,-4.295290,-7.535088,-11.429185,-5.994143,-3.838741,0.000000,198.000000,4.000000,,,,0.000000,4.000000,4.000000,4.000000,4.000000,4.000000,4.000000,4.000000,4.000000,4.000000,4.000000,4.000000,4.000000,4.000000,4.000000,4.000000,4.000000,4.000000,4.000000,2.000000,4.000000,4.000000,4.000000,4.000000,4.000000,4.000000,4.000000,4.000000,4.000000,4.000000,4.000000,4.000000,4.000000,83.333336
1614076766.524399,74.000000,0.000000,-2.321919,-3.312207,15.901476,9.883521,-8.085963,8.276525,-2.503546,1.244899,1.678195,3.884246,7.194462,-4.152567,1.627917,-2.528632,-0.905990,27.474243,2.252553,31.771914,-1.145029,-18.267380,-12.855857,0.362132,-3.330491,-6.703694,-4.157409,-13.763592,-2.363089,-4.290995,-7.527552,-11.417756,-6.500969,-6.399004,0.000000,213.000000,4.000000,,,,0.000000,4.000000,4.000000,4.000000,4.000000,4.000000,4.000000,4.000000,4.000000,4.000000,4.000000,4.000000,4.000000,4.000000,4.000000,4.000000,4.000000,4.000000,4.000000,2.000000,4.000000,4.000000,4.000000,4.000000,4.000000,4.000000,4.000000,4.000000,4.000000,4.000000,4.000000,4.000000,4.000000,83.333336
1614076766.532248,75.000000,0.000000,-2.319597,-3.308895,16.398396,14.489022,-8.077877,11.857992,-2.501043,1.756475,5.266260,3.880362,6.674447,-4.661235,3.164751,4.653383,2.684660,44.369846,0.711839,32.252960,-3.195166,-20.813215,-13.868642,-3.227973,-3.327161,-6.184170,-5.178892,-13.749828,-5.437649,-4.286704,-7.520025,-11.406338,-6.494468,-6.392605,0.000000,197.000000,4.000000,,,,0.000000,4.000000,4.000000,4.000000,4.000000,4.000000,4.000000,4.000000,4.000000,4.000000,4.000000,4.000000,4.000000,4.000000,4.000000,4.000000,4.000000,4.000000,4.000000,2.000000,4.000000,4.000000,4.000000,4.000000,4.000000,4.000000,4.000000,4.000000,4.000000,4.000000,4.000000,4.000000,4.000000,83.333336
1614076766.539997,76.000000,0.000000,-2.317277,-3.305586,18.433279,17.038635,-8.069799,6.717929,-2.498542,0.216257,5.260994,3.876482,7.180593,-3.118112,2.648766,7.212832,3.707616,32.017784,4.300871,17.348913,-5.756073,-15.664196,-9.752210,-2.199104,-1.785372,-8.229267,-2.096790,-14.248899,-6.457852,-4.282417,-7.512505,-11.394932,-6.487974,-5.873392,0.000000,199.000000,4.000000,,,,0.000000,4.000000,4.000000,4.000000,4.000000,4.000000,4.000000,4.000000,4.000000,4.000000,4.000000,4.000000,4.000000,4.000000,4.000000,4.000000,4.000000,4.000000,4.000000,2.000000,4.000000,4.000000,4.000000,4.000000,4.000000,4.000000,4.000000,4.000000,4.000000,4.000000,4.000000,4.000000,4.000000,83.333336
1614076766.547846,77.000000,0.000000,-2.314960,-3.302280,19.953306,16.508776,-8.574550,4.147109,-2.496043,5.344245,4.742913,3.872605,9.737514,-1.063712,6.748681,7.205620,20.626986,44.806278,16.091442,50.152077,19.377888,9.992494,2.565235,8.572326,0.267695,-3.092833,2.520691,-13.209009,-3.374471,-4.278135,-7.504992,-11.383536,-6.481485,-6.380339,0.000000,201.000000,4.000000,,,,0.000000,4.000000,4.000000,4.000000,4.000000,4.000000,4.000000,4.000000,4.000000,4.000000,4.000000,4.000000,4.000000,4.000000,4.000000,4.000000,4.000000,4.000000,4.000000,2.000000,4.000000,4.000000,4.000000,4.000000,4.000000,4.000000,4.000000,4.000000,4.000000,4.000000,4.000000,4.000000,4.000000,83.333336
1614076766.555595,78.000000,0.000000,-2.312645,-3.298978,19.933353,16.492268,-8.565975,5.681423,-2.493547,14.056850,4.738170,3.868732,11.266239,-0.037007,8.793214,10.275337,31.375589,64.761475,18.639452,70.101929,34.230305,23.828655,9.229337,13.691958,0.780248,9.730773,3.030991,-10.631698,-1.832636,-4.273857,-7.497487,-11.372153,-6.475004,-5.861138,0.000000,195.000000,4.000000,,,,0.000000,4.000000,4.000000,4.000000,4.000000,4.000000,4.000000,4.000000,4.000000,4.000000,4.000000,4.000000,4.000000,4.000000,4.000000,4.000000,4.000000,4.000000,4.000000,2.000000,4.000000,4.000000,4.000000,4.000000,4.000000,4.000000,4.000000,4.000000,4.000000,4.000000,4.000000,4.000000,4.000000,83.333336
1614076766.563444,79.000000,0.000000,-2.310332,-3.295679,19.913420,16.988596,-8.044589,4.650100,-1.978233,14.042793,4.733431,3.864864,10.742152,-0.549791,1.092113,8.213779,11.857035,40.594147,8.877224,37.724133,11.631972,3.804826,5.117543,9.575703,0.266647,11.772324,-0.048963,-9.595425,-3.369264,-4.269583,-7.489990,-11.360781,-6.468529,-3.291175,0.000000,202.000000,4.000000,,,,0.000000,4.000000,4.000000,4.000000,4.000000,4.000000,4.000000,4.000000,4.000000,4.000000,4.000000,4.000000,4.000000,4.000000,4.000000,4.000000,4.000000,4.000000,4.000000,2.000000,4.000000,4.000000,4.000000,4.000000,4.000000,4.000000,4.000000,4.000000,4.000000,4.000000,4.000000,4.000000,4.000000,83.333336
1614076766.571193,80.000000,0.000000,-2.308022,-3.292383,19.893507,16.458786,-9.062185,6.183912,-2.489075,9.413366,4.728698,3.860999,11.244230,-0.549241,-5.575645,3.077361,-5.590720,22.092014,4.252962,15.122305,-0.687352,-13.122055,2.035502,7.002024,0.779201,2.016962,-0.048914,-9.585829,-4.904356,-3.752493,-6.969679,-10.836599,-5.949240,-2.262243,0.000000,228.000000,4.000000,,,,0.000000,4.000000,4.000000,4.000000,4.000000,4.000000,4.000000,4.000000,4.000000,4.000000,4.000000,4.000000,4.000000,4.000000,4.000000,4.000000,4.000000,4.000000,4.000000,2.000000,4.000000,4.000000,4.000000,4.000000,4.000000,4.000000,4.000000,4.000000,4.000000,4.000000,4.000000,4.000000,4.000000,83.333336
1614076766.579042,81.000000,0.000000,-2.305714,-3.289091,19.873613,16.442327,-5.976200,11.305933,-2.486586,8.378311,4.211149,3.857138,9.181705,-0.548692,-4.544429,2.561463,-4.046668,37.454536,5.787170,25.876413,3.415900,-11.570472,2.033467,3.405278,0.778422,-3.113260,-0.048865,-9.576243,-6.437914,-4.261561,-7.475530,-10.825763,-6.456111,-1.234339,0.000000,201.000000,4.000000,,,,0.000000,4.000000,4.000000,4.000000,4.000000,4.000000,4.000000,4.000000,4.000000,4.000000,4.000000,4.000000,4.000000,4.000000,4.000000,4.000000,4.000000,4.000000,4.000000,2.000000,4.000000,4.000000,4.000000,4.000000,4.000000,4.000000,4.000000,4.000000,4.000000,4.000000,4.000000,4.000000,4.000000,83.333336
1614076766.586791,82.000000,0.000000,-2.303408,-3.285802,21.905022,16.425886,6.337469,11.294627,-1.971279,3.754549,4.719758,3.853281,5.069958,-0.548143,-3.514243,3.584543,-4.042621,35.878620,5.781383,17.645409,-1.715722,-12.584542,1.518613,-0.700691,0.264823,-2.597327,-0.561637,-9.566667,-4.380194,-4.257299,-7.468055,-11.327758,-6.449655,0.818177,0.000000,204.000000,4.000000,,,,0.000000,4.000000,4.000000,4.000000,4.000000,4.000000,4.000000,4.000000,4.000000,4.000000,4.000000,4.000000,4.000000,4.000000,4.000000,4.000000,4.000000,4.000000,4.000000,2.000000,4.000000,4.000000,4.000000,4.000000,4.000000,4.000000,4.000000,4.000000,4.000000,4.000000,4.000000,4.000000,4.000000,83.333336
1614076766.594640,83.000000,0.000000,-1.788284,-3.282516,23.421577,16.409460,17.100363,8.719230,-4.020590,-1.890232,7.791962,3.849427,3.013607,-0.547595,-4.023550,-1.034427,-7.115502,15.842743,4.749961,15.576481,0.850097,-15.136061,2.029915,0.838471,0.777379,-2.594729,-0.048255,-9.557100,-1.298891,-3.227401,-6.434946,-10.290789,-5.417564,2.355820,0.000000,201.000000,4.000000,,,,0.000000,4.000000,4.000000,4.000000,4.000000,4.000000,4.000000,4.000000,4.000000,4.000000,4.000000,4.000000,4.000000,4.000000,4.000000,4.000000,4.000000,4.000000,4.000000,2.000000,4.000000,4.000000,4.000000,4.000000,4.000000,4.000000,4.000000,4.000000,4.000000,4.000000,4.000000,4.000000,4.000000,83.333336
1614076766.602389,84.000000,0.000000,-3.324958,-3.279233,23.398157,16.905870,18.621723,8.710510,-9.144774,-1.888341,8.809811,3.332757,2.497772,-0.547047,-5.045167,-5.648777,-5.569925,15.314080,3.719570,24.278854,7.515913,-16.146564,-2.587500,-7.367496,-0.761860,-3.104955,-5.689232,-11.086005,-7.451438,-6.301097,-8.992613,-12.331780,-8.489070,-0.723458,0.000000,199.000000,4.000000,,,,0.000000,4.000000,4.000000,4.000000,4.000000,4.000000,4.000000,4.000000,4.000000,4.000000,4.000000,4.000000,4.000000,4.000000,4.000000,4.000000,4.000000,4.000000,4.000000,2.000000,4.000000,4.000000,4.000000,4.000000,4.000000,4.000000,4.000000,4.000000,4.000000,4.000000,4.000000,4.000000,4.000000,83.333336
1614076766.610238,85.000000,0.000000,-5.372915,-3.275954,22.861938,16.376144,16.551819,8.701800,-10.674091,-3.937735,7.262539,3.329425,4.033736,-0.546500,-4.014481,-4.617487,-5.051534,36.837227,1.664568,21.177652,-8.389038,-20.232983,-16.431067,-21.206282,-5.376483,-6.691594,-16.452774,-15.690304,-19.238859,-10.910180,-15.650287,-20.011757,-13.095965,-5.850940,0.000000,187.000000,4.000000,,,,0.000000,4.000000,4.000000,4.000000,4.000000,4.000000,4.000000,4.000000,4.000000,4.000000,4.000000,4.000000,4.000000,4.000000,4.000000,4.000000,4.000000,4.000000,4.000000,2.000000,4.000000,4.000000,4.000000,4.000000,4.000000,4.000000,4.000000,4.000000,4.000000,4.000000,4.000000,4.000000,4.000000,83.333336
1614076766.617987,86.000000,0.000000,-6.393183,-3.272678,23.351896,16.359768,17.560909,8.693098,-8.099315,-1.882515,10.845020,4.864557,12.234831,-0.545954,1.630559,1.540977,1.107363,54.749107,1.150083,29.361603,-15.560137,-18.674288,-21.542841,-18.620974,-9.986491,-12.325928,-21.564526,-20.289997,-26.399107,-11.924911,-18.198740,-25.119949,-14.108511,-9.434833,0.000000,175.000000,4.000000,,,,0.000000,4.000000,4.000000,4.000000,4.000000,4.000000,4.000000,4.000000,4.000000,4.000000,4.000000,4.000000,4.000000,4.000000,4.000000,4.000000,4.000000,4.000000,4.000000,2.000000,4.000000,4.000000,4.000000,4.000000,4.000000,4.000000,4.000000,4.000000,4.000000,4.000000,4.000000,4.000000,4.000000,83.333336
1614076766.625836,87.000000,0.000000,-5.873969,-2.756585,23.328545,17.369049,18.056168,11.761329,-6.039933,8.375777,15.962380,6.910975,14.273878,-0.545408,1.628929,4.103539,5.208820,40.848206,1.661754,40.614292,6.506705,-10.450486,-7.675144,-12.448505,-11.002146,-14.877705,-15.389115,-21.808168,-24.321424,-11.400166,-15.616438,-23.556368,-13.581581,-9.938218,0.000000,205.000000,4.000000,,,,0.000000,4.000000,4.000000,4.000000,4.000000,4.000000,4.000000,4.000000,4.000000,4.000000,4.000000,4.000000,4.000000,4.000000,4.000000,4.000000,4.000000,4.000000,4.000000,2.000000,4.000000,4.000000,4.000000,4.000000,4.000000,4.000000,4.000000,4.000000,4.000000,4.000000,4.000000,4.000000,4.000000,83.333336
1614076766.633585,88.000000,0.000000,-5.868095,-2.753829,23.305216,14.274757,16.499651,11.236747,-6.033893,2.213556,10.818213,8.442525,8.618578,-0.544862,-6.065008,2.560973,-3.514337,17.730434,1.660092,41.599319,27.013020,-6.850292,6.691506,-10.384775,-10.478323,-14.862826,-6.655777,-20.247900,-17.117617,-11.388765,-14.062360,-21.994350,-13.568000,-9.415460,0.000000,190.000000,4.000000,,,,0.000000,4.000000,4.000000,4.000000,4.000000,4.000000,4.000000,4.000000,4.000000,4.000000,4.000000,4.000000,4.000000,4.000000,4.000000,4.000000,4.000000,4.000000,4.000000,2.000000,4.000000,4.000000,4.000000,4.000000,4.000000,4.000000,4.000000,4.000000,4.000000,4.000000,4.000000,4.000000,4.000000,83.333336
1614076766.641234,89.000000,0.000000,-5.862227,-3.263895,23.281910,9.645098,17.508791,6.610125,-6.027859,-11.634812,3.627908,8.946903,9.635601,-0.544317,-6.058943,5.635335,-4.536464,33.097321,1.658432,56.429516,29.037289,-1.715236,9.761738,2.958943,-10.467845,-12.283861,-3.572199,-18.176369,-9.921012,-11.890197,-15.586760,-22.485176,-14.067252,-9.406044,0.000000,228.000000,4.000000,,,,0.000000,4.000000,4.000000,4.000000,4.000000,4.000000,4.000000,4.000000,4.000000,4.000000,4.000000,4.000000,4.000000,4.000000,4.000000,4.000000,4.000000,4.000000,4.000000,2.000000,4.000000,4.000000,4.000000,4.000000,4.000000,4.000000,4.000000,4.000000,4.000000,4.000000,4.000000,4.000000,4.000000,83.333336
1614076766.648983,90.000000,0.000000,-5.856365,-2.234990,25.822731,8.609812,19.542564,4.552233,-6.021832,-4.443690,6.188382,11.502059,14.241350,-0.030953,-0.411858,10.245085,5.211662,49.474480,1.656773,53.808983,16.187738,1.363402,9.751976,13.212395,-10.970198,-7.656193,-4.081447,-17.132553,-8.372629,-11.365486,-14.545531,-21.949871,-13.540364,-9.396638,0.000000,114.000000,4.000000,,,,0.000000,4.000000,4.000000,4.000000,4.000000,4.000000,4.000000,4.000000,4.000000,4.000000,4.000000,4.000000,4.000000,4.000000,4.000000,4.000000,4.000000,4.000000,4.000000,2.000000,4.000000,4.000000,4.000000,4.000000,4.000000,4.000000,4.000000,4.000000,4.000000,4.000000,4.000000,4.000000,4.000000,83.333336
1614076766.656632,91.000000,0.000000,-5.850509,-3.771217,27.848190,9.626843,21.061483,5.060501,-5.502989,3.765882,9.259117,12.003377,8.073262,-1.569383,-2.975549,7.157917,2.642348,33.527569,1.655117,22.473122,0.786935,-6.330269,6.665301,3.455592,-10.446406,-5.597254,-4.077365,-17.115419,-9.389898,-11.354121,-14.530986,-21.415100,-13.526824,-9.387241,0.000000,206.000000,4.000000,,,,0.000000,4.000000,4.000000,4.000000,4.000000,4.000000,4.000000,4.000000,4.000000,4.000000,4.000000,4.000000,4.000000,4.000000,4.000000,4.000000,4.000000,4.000000,4.000000,2.000000,4.000000,4.000000,4.000000,4.000000,4.000000,4.000000,4.000000,4.000000,4.000000,4.000000,4.000000,4.000000,4.000000,83.333336
1614076766.664382,92.000000,0.000000,-5.844658,-9.921291,24.230598,7.565934,20.527601,2.491338,-6.010307,-5.468653,6.172935,5.837528,-0.139939,-3.619096,-8.100779,-1.054370,-6.078243,37.596603,1.653461,26.553213,13.606661,-10.426503,0.504789,-5.778633,-10.435960,-6.617298,-3.047647,-17.098305,-8.354867,-11.342767,-15.029276,-22.419327,-13.513297,-9.377854,0.000000,166.000000,4.000000,,,,0.000000,4.000000,4.000000,4.000000,4.000000,4.000000,4.000000,4.000000,4.000000,4.000000,4.000000,4.000000,4.000000,4.000000,4.000000,4.000000,4.000000,4.000000,4.000000,2.000000,4.000000,4.000000,4.000000,4.000000,4.000000,4.000000,4.000000,4.000000,4.000000,4.000000,4.000000,4.000000,4.000000,83.333336
1614076766.672031,93.000000,0.000000,-5.838813,-15.039576,19.590984,4.481445,20.507074,0.437565,-6.004296,-7.514466,4.115480,0.703485,-1.165440,-4.128297,-8.092678,-5.668700,-6.072165,48.841061,1.651808,42.936916,34.105873,-8.877615,-2.572639,-4.234393,-9.912704,-6.610681,-4.070240,-16.568386,-8.859333,-11.331424,-12.962964,-20.858446,-13.499784,-9.881297,0.000000,184.000000,4.000000,,,,0.000000,4.000000,4.000000,4.000000,4.000000,4.000000,4.000000,4.000000,4.000000,4.000000,4.000000,4.000000,4.000000,4.000000,4.000000,4.000000,4.000000,4.000000,4.000000,2.000000,4.000000,4.000000,4.000000,4.000000,4.000000,4.000000,4.000000,4.000000,4.000000,4.000000,4.000000,4.000000,4.000000,83.333336
1614076766.679880,94.000000,0.000000,-5.832974,-14.511716,21.109854,4.989784,20.999388,1.462768,-5.998292,-0.840285,4.624185,4.805346,0.374187,-3.611348,-7.571764,-2.586108,-4.014811,24.176834,1.650156,22.381159,14.584590,-15.022584,-3.595707,-4.230158,-9.902791,-6.091250,-4.066170,-17.064638,-8.850473,-11.320093,-8.334617,-15.196561,-13.486284,-8.332954,0.000000,194.000000,4.000000,,,,0.000000,4.000000,4.000000,4.000000,4.000000,4.000000,4.000000,4.000000,4.000000,4.000000,4.000000,4.000000,4.000000,4.000000,4.000000,4.000000,4.000000,4.000000,4.000000,2.000000,4.000000,4.000000,4.000000,4.000000,4.000000,4.000000,4.000000,4.000000,4.000000,4.000000,4.000000,4.000000,4.000000,83.333336
1614076766.687629,95.000000,0.000000,-5.827142,-13.984384,23.652847,6.010436,20.978388,1.461305,-5.479473,-0.839445,4.619561,10.954387,2.425095,-4.120558,-3.461629,4.595965,6.758435,30.819323,1.648506,29.538265,-6.455636,-19.110125,-8.207496,-3.713108,-10.405708,-6.085158,-4.062104,-17.047573,-8.841622,-11.308773,-6.275000,-14.668544,-13.472798,-8.837441,0.000000,189.000000,4.000000,,,,0.000000,4.000000,4.000000,4.000000,4.000000,4.000000,4.000000,4.000000,4.000000,4.000000,4.000000,4.000000,4.000000,4.000000,4.000000,4.000000,4.000000,4.000000,4.000000,2.000000,4.000000,4.000000,4.000000,4.000000,4.000000,4.000000,4.000000,4.000000,4.000000,4.000000,4.000000,4.000000,4.000000,83.333336
1614076766.695378,96.000000,0.000000,-6.334135,-14.996039,22.603554,4.465964,19.931768,1.459844,-7.525276,-1.864247,4.102120,10.430612,3.448310,-4.116437,0.131576,5.617010,11.367061,62.070557,1.646858,60.790779,9.961076,-15.501271,-10.250570,-5.760676,-9.882483,-7.617535,-4.058042,-17.030525,-10.884063,-11.297463,-7.294366,-19.269260,-13.972146,-10.367065,8064.000000,0.000000,4.000000,,,,0.000000,4.000000,4.000000,4.000000,4.000000,4.000000,4.000000,4.000000,4.000000,4.000000,4.000000,4.000000,4.000000,4.000000,4.000000,4.000000,4.000000,4.000000,4.000000,2.000000,4.000000,4.000000,4.000000,4.000000,4.000000,4.000000,4.000000,4.000000,4.000000,4.000000,4.000000,4.000000,4.000000,83.333336
1614076766.703027,97.000000,0.000000,-5.814981,-12.929762,23.093769,5.999959,19.911837,1.458384,-10.081853,-4.939305,4.098018,10.420180,1.393580,-3.599500,-5.509581,-1.568094,-10.695588,29.700792,1.645211,30.986397,16.104961,-16.511412,-9.214679,-11.908762,-9.872600,-9.661200,-4.053984,-17.013494,-12.924461,-11.286166,-7.287072,-16.685888,-13.445354,-4.715673,8064.000000,0.000000,4.000000,,,,0.000000,4.000000,4.000000,4.000000,4.000000,4.000000,4.000000,4.000000,4.000000,4.000000,4.000000,4.000000,4.000000,4.000000,4.000000,4.000000,4.000000,4.000000,4.000000,2.000000,4.000000,4.000000,4.000000,4.000000,4.000000,4.000000,4.000000,4.000000,4.000000,4.000000,4.000000,4.000000,4.000000,83.333336
1614076766.710876,98.000000,0.000000,-5.809165,-10.352730,26.660419,12.147805,21.943207,1.456926,-10.071772,-11.601033,4.606741,11.948222,0.366545,-6.160003,-10.632277,-3.617808,-24.531046,-2.636601,2.156386,-1.352282,-2.885503,-17.007721,-9.205464,-6.255827,-12.426830,-10.677179,-4.049930,-16.996481,-13.424357,-11.274880,-6.766964,-11.540998,-12.919087,1.955709,8064.000000,0.000000,4.000000,,,,0.000000,4.000000,4.000000,4.000000,4.000000,4.000000,4.000000,4.000000,4.000000,4.000000,4.000000,4.000000,4.000000,4.000000,4.000000,4.000000,4.000000,4.000000,4.000000,2.000000,4.000000,4.000000,4.000000,4.000000,4.000000,4.000000,4.000000,4.000000,4.000000,4.000000,4.000000,4.000000,4.000000,83.333336
1614076766.718625,99.000000,0.000000,-8.367458,-9.829556,26.633759,12.135657,16.280239,1.455469,-9.036058,-12.102252,4.089314,6.295249,-0.146642,-11.282048,-8.570362,-0.537267,-10.147541,30.186548,2.154230,27.367020,-5.446720,-9.811225,-9.709079,4.519659,-13.952865,-10.153682,-3.533060,-17.492306,-12.898112,-11.263605,-7.273017,-15.632021,-15.470271,-7.789836,8064.000000,0.000000,4.000000,,,,0.000000,4.000000,4.000000,4.000000,4.000000,4.000000,4.000000,4.000000,4.000000,4.000000,4.000000,4.000000,4.000000,4.000000,4.000000,4.000000,4.000000,4.000000,4.000000,2.000000,4.000000,4.000000,4.000000,4.000000,4.000000,4.000000,4.000000,4.000000,4.000000,4.000000,4.000000,4.000000,4.000000,83.333336
1614076766.726474,100.000000,0.000000,-8.871912,-10.845367,23.530203,5.456855,6.520369,0.941193,-10.565484,-10.038868,4.598045,0.647927,-3.223418,-11.783587,-8.561791,-2.588012,-3.470727,50.669182,1.639255,45.288372,2.763855,-6.724491,-9.186549,0.925396,-11.887630,-10.143528,-4.042347,-16.961992,-12.885214,-11.252341,-7.265745,-21.770235,-16.480442,-21.115379,8064.000000,0.000000,4.000000,,,,0.000000,4.000000,4.000000,4.000000,4.000000,4.000000,4.000000,4.000000,4.000000,4.000000,4.000000,4.000000,4.000000,4.000000,4.000000,4.000000,4.000000,4.000000,4.000000,2.000000,4.000000,4.000000,4.000000,4.000000,4.000000,4.000000,4.000000,4.000000,4.000000,4.000000,4.000000,4.000000,4.000000,83.333336
1614076766.734223,101.000000,0.000000,-4.247655,-9.296061,22.481031,5.451398,8.565130,1.453072,-9.529278,-9.003188,6.131908,3.211382,-2.194554,-8.694880,-6.501948,-3.611065,-1.928794,40.362103,1.637616,36.525135,-0.315832,-7.743408,-8.664542,-5.229376,-9.824460,-10.133385,-5.576766,-16.432211,-12.872329,-11.241090,-7.258479,-22.261286,-11.848577,-20.581444,8064.000000,0.000000,4.000000,,,,0.000000,4.000000,4.000000,4.000000,4.000000,4.000000,4.000000,4.000000,4.000000,4.000000,4.000000,4.000000,4.000000,4.000000,4.000000,4.000000,4.000000,4.000000,4.000000,2.000000,4.000000,4.000000,4.000000,4.000000,4.000000,4.000000,4.000000,4.000000,4.000000,4.000000,4.000000,4.000000,4.000000,83.333336
1614076766.742072,102.000000,0.000000,-1.679305,-7.235483,22.971371,14.163896,16.248873,1.451619,-4.391543,-2.840339,8.177058,7.310735,2.935846,-7.147724,-1.880061,-1.043351,4.226981,56.731998,1.635978,38.539890,-0.828337,-7.735664,-10.194340,-4.711326,-10.327456,-10.123251,-7.622471,-17.954239,-12.859457,-11.229848,-7.251220,-21.213383,-8.759805,-16.458298,8064.000000,0.000000,4.000000,,,,0.000000,4.000000,4.000000,4.000000,4.000000,4.000000,4.000000,4.000000,4.000000,4.000000,4.000000,4.000000,4.000000,4.000000,4.000000,4.000000,4.000000,4.000000,4.000000,2.000000,4.000000,4.000000,4.000000,4.000000,4.000000,4.000000,4.000000,4.000000,4.000000,4.000000,4.000000,4.000000,4.000000,83.333336
1614076766.749821,103.000000,0.000000,-2.190446,-6.202606,22.948399,17.226654,16.745445,0.937347,-1.823049,1.777886,8.168881,7.303424,-0.656833,-8.679037,-8.544847,-8.221795,-13.725965,30.521420,-1.955402,11.834683,-3.904431,-13.368954,-12.235427,-6.757896,-10.317129,-10.113128,-7.614849,-15.372183,-12.846598,-11.218618,-7.243969,-21.704990,-9.776686,-15.416199,8192.000000,0.000000,4.000000,,,,0.000000,4.000000,4.000000,4.000000,4.000000,4.000000,4.000000,4.000000,4.000000,4.000000,4.000000,4.000000,4.000000,4.000000,4.000000,4.000000,4.000000,4.000000,4.000000,2.000000,4.000000,4.000000,4.000000,4.000000,4.000000,4.000000,4.000000,4.000000,4.000000,4.000000,4.000000,4.000000,4.000000,83.333336
1614076766.757670,104.000000,0.000000,-2.188256,-6.709224,22.412630,15.670967,17.241520,1.449230,-2.846867,-3.352097,7.647892,6.783300,-4.245920,-8.157538,-15.715790,-12.828958,-31.148136,-1.816795,-6.568831,-18.946383,-13.644116,-18.996611,-13.248833,-5.725498,-10.306811,-10.103015,-7.607234,-8.177323,-12.833751,-11.207399,-7.236725,-19.632002,-9.766910,-11.298219,8064.000000,0.000000,4.000000,,,,0.000000,4.000000,4.000000,4.000000,4.000000,4.000000,4.000000,4.000000,4.000000,4.000000,4.000000,4.000000,4.000000,4.000000,4.000000,4.000000,4.000000,4.000000,4.000000,2.000000,4.000000,4.000000,4.000000,4.000000,4.000000,4.000000,4.000000,4.000000,4.000000,4.000000,4.000000,4.000000,4.000000,83.333336
1614076766.765419,105.000000,0.000000,-2.186068,-6.702515,22.903038,16.168116,22.865303,6.063166,-1.818379,-5.912848,8.153065,6.263696,5.501915,-2.508355,-4.930844,-0.508437,-7.527244,31.005535,-6.049441,13.893077,-7.476626,-14.875051,-13.235584,1.972536,-9.783685,-10.092912,-7.599627,-5.092223,-12.820917,-11.196193,-7.229488,-17.048267,-9.244322,-8.722817,8064.000000,0.000000,4.000000,,,,0.000000,4.000000,4.000000,4.000000,4.000000,4.000000,4.000000,4.000000,4.000000,4.000000,4.000000,4.000000,4.000000,4.000000,4.000000,4.000000,4.000000,4.000000,4.000000,2.000000,4.000000,4.000000,4.000000,4.000000,4.000000,4.000000,4.000000,4.000000,4.000000,4.000000,4.000000,4.000000,4.000000,83.333336
1614076766.773268,106.000000,0.000000,-2.183882,-6.695812,22.880135,16.664768,24.893721,9.134026,1.260363,-2.830011,8.144912,8.308715,11.650260,3.135179,7.894600,8.210020,10.941821,63.795044,0.110454,46.699696,14.069312,-11.270432,-12.709528,2.483384,-9.773901,-10.082819,-7.592027,-8.164054,-12.808096,-11.184997,-7.222259,-19.082502,-9.235078,-8.714095,8192.000000,0.000000,4.000000,,,,0.000000,4.000000,4.000000,4.000000,4.000000,4.000000,4.000000,4.000000,4.000000,4.000000,4.000000,4.000000,4.000000,4.000000,4.000000,4.000000,4.000000,4.000000,4.000000,2.000000,4.000000,4.000000,4.000000,4.000000,4.000000,4.000000,4.000000,4.000000,4.000000,4.000000,4.000000,4.000000,4.000000,83.333336
1614076766.781017,107.000000,0.000000,-2.181698,-6.689116,22.857256,16.135283,23.843185,8.612071,1.771923,-1.801540,7.623946,12.915791,10.612968,4.157685,7.373885,5.637708,3.751393,31.423555,4.725728,35.883766,24.824472,-11.771981,-12.696818,-0.596023,-10.789767,-10.072736,-7.584435,-9.694351,-12.795288,-11.173811,-7.215037,-21.627522,-9.738663,-9.218202,8064.000000,0.000000,4.000000,,,,0.000000,4.000000,4.000000,4.000000,4.000000,4.000000,4.000000,4.000000,4.000000,4.000000,4.000000,4.000000,4.000000,4.000000,4.000000,4.000000,4.000000,4.000000,4.000000,2.000000,4.000000,4.000000,4.000000,4.000000,4.000000,4.000000,4.000000,4.000000,4.000000,4.000000,4.000000,4.000000,4.000000,83.333336
1614076766.788866,108.000000,0.000000,-2.692336,-6.682427,22.834398,16.119148,23.819342,8.603459,1.257330,0.764364,9.667604,14.954157,16.756201,3.127886,6.853691,15.375660,14.516871,34.469055,5.746644,34.822243,19.671444,-6.119184,-10.120019,1.455855,-9.240517,-10.062663,-7.576851,-9.171836,-12.782493,-11.162638,-7.207822,-21.605894,-9.728925,-8.696163,8064.000000,0.000000,4.000000,,,,0.000000,4.000000,4.000000,4.000000,4.000000,4.000000,4.000000,4.000000,4.000000,4.000000,4.000000,4.000000,4.000000,4.000000,4.000000,4.000000,4.000000,4.000000,4.000000,2.000000,4.000000,4.000000,4.000000,4.000000,4.000000,4.000000,4.000000,4.000000,4.000000,4.000000,4.000000,4.000000,4.000000,83.333336
1614076766.796615,109.000000,0.000000,-2.176824,-7.188565,22.298742,16.103029,23.282703,9.107677,1.256073,4.866163,11.709219,15.964844,20.842010,4.150400,7.872478,27.155155,25.271585,67.255096,5.740897,42.992546,9.908182,3.630525,-3.443232,4.018502,-6.154353,-9.539780,-7.569274,-9.162664,-12.769711,-11.151475,-7.200614,-21.071468,-9.719195,-9.200287,8192.000000,0.000000,4.000000,,,,0.000000,4.000000,4.000000,4.000000,4.000000,4.000000,4.000000,4.000000,4.000000,4.000000,4.000000,4.000000,4.000000,4.000000,4.000000,4.000000,4.000000,4.000000,4.000000,2.000000,4.000000,4.000000,4.000000,4.000000,4.000000,4.000000,4.000000,4.000000,4.000000,4.000000,4.000000,4.000000,4.000000,83.333336
1614076766.804464,110.000000,0.000000,0.389456,-5.130095,22.789265,16.086926,24.285061,8.585748,1.254817,4.348477,11.697510,18.512981,10.051937,2.094967,-0.340523,17.384411,0.118109,34.880150,5.735156,13.205965,3.744428,4.652535,2.201236,4.527304,-8.199480,-7.478958,-7.561705,-9.666323,-12.756941,-11.140324,-7.193413,-21.563217,-9.709476,-9.191087,8064.000000,0.000000,4.000000,,,,0.000000,4.000000,4.000000,4.000000,4.000000,4.000000,4.000000,4.000000,4.000000,4.000000,4.000000,4.000000,4.000000,4.000000,4.000000,4.000000,4.000000,4.000000,4.000000,2.000000,4.000000,4.000000,4.000000,4.000000,4.000000,4.000000,4.000000,4.000000,4.000000,4.000000,4.000000,4.000000,4.000000,83.333336
1614076766.812213,111.000000,0.000000,1.927528,-0.509580,23.279297,16.070839,26.824879,8.577162,1.253562,2.292846,11.685812,17.981647,2.862398,-0.984051,-7.519670,3.520873,-17.830727,2.537578,2.139677,-1.679035,4.766325,0.545319,1.173394,1.958674,-10.242563,-5.933018,-7.554143,-9.656656,-12.744184,-11.129183,-7.186220,-21.541655,-9.699767,-8.669075,8064.000000,0.000000,4.000000,,,,0.000000,4.000000,4.000000,4.000000,4.000000,4.000000,4.000000,4.000000,4.000000,4.000000,4.000000,4.000000,4.000000,4.000000,4.000000,4.000000,4.000000,4.000000,4.000000,2.000000,4.000000,4.000000,4.000000,4.000000,4.000000,4.000000,4.000000,4.000000,4.000000,4.000000,4.000000,4.000000,4.000000,83.333336
1614076766.820062,112.000000,0.000000,1.412780,1.542212,20.691914,16.054768,26.285233,9.081406,1.252308,1.777733,11.674126,15.399564,3.885176,0.555395,-3.922406,3.517352,-3.453922,35.355553,2.137537,21.912388,7.325661,0.544774,-1.391882,-2.145849,-7.155397,-6.439905,-7.546589,-9.646999,-12.731440,-11.118053,-7.179034,-21.520113,-9.690067,-8.660406,8064.000000,0.000000,4.000000,,,,0.000000,4.000000,4.000000,4.000000,4.000000,4.000000,4.000000,4.000000,4.000000,4.000000,4.000000,4.000000,4.000000,4.000000,4.000000,4.000000,4.000000,4.000000,4.000000,2.000000,4.000000,4.000000,4.000000,4.000000,4.000000,4.000000,4.000000,4.000000,4.000000,4.000000,4.000000,4.000000,4.000000,83.333336
1614076766.827812,113.000000,0.000000,2.437008,0.515028,16.055838,16.038713,24.207666,8.046683,1.251056,-1.300968,12.175273,13.845702,-0.734093,-0.983622,-0.841561,0.436912,5.267481,68.140709,3.161041,24.454576,6.292694,-3.045515,-3.441772,-4.194985,-8.686704,-6.433465,-7.026222,-9.637352,-12.205888,-11.106936,-7.171854,-21.498592,-9.680377,-9.164566,8064.000000,0.000000,4.000000,,,,0.000000,4.000000,4.000000,4.000000,4.000000,4.000000,4.000000,4.000000,4.000000,4.000000,4.000000,4.000000,4.000000,4.000000,4.000000,4.000000,4.000000,4.000000,4.000000,2.000000,4.000000,4.000000,4.000000,4.000000,4.000000,4.000000,4.000000,4.000000,4.000000,4.000000,4.000000,4.000000,4.000000,83.333336
1614076766.835661,114.000000,0.000000,-0.129531,0.001693,14.501320,16.022675,22.644997,5.474534,1.249805,-5.402231,11.137456,9.729293,-8.425667,-8.674947,-7.507386,-10.332756,-2.430094,35.764877,-3.508787,6.994226,6.799222,-12.786059,-11.130638,-6.242072,-15.857504,-5.914211,-7.532016,-9.627715,-12.706502,-11.095829,-7.164683,-21.477093,-9.670696,-9.155401,8064.000000,0.000000,4.000000,,,,0.000000,4.000000,4.000000,4.000000,4.000000,4.000000,4.000000,4.000000,4.000000,4.000000,4.000000,4.000000,4.000000,4.000000,4.000000,4.000000,4.000000,4.000000,4.000000,2.000000,4.000000,4.000000,4.000000,4.000000,4.000000,4.000000,4.000000,4.000000,4.000000,4.000000,4.000000,4.000000,4.000000,83.333336
1614076766.843410,115.000000,0.000000,-7.308889,0.514512,15.512460,16.006653,23.647993,4.443418,1.248555,-4.371188,11.639139,7.155461,-8.930062,-11.743195,-12.115263,-13.912167,-7.555870,3.421421,-12.736047,2.371846,6.792423,-19.439939,-19.837456,-12.389676,-18.918570,-6.933938,-7.524484,-9.618087,-14.232257,-11.084733,-7.157518,-21.455616,-9.661026,-8.633426,8064.000000,0.000000,4.000000,,,,0.000000,4.000000,4.000000,4.000000,4.000000,4.000000,4.000000,4.000000,4.000000,4.000000,4.000000,4.000000,4.000000,4.000000,4.000000,4.000000,4.000000,4.000000,4.000000,2.000000,4.000000,4.000000,4.000000,4.000000,4.000000,4.000000,4.000000,4.000000,4.000000,4.000000,4.000000,4.000000,4.000000,83.333336
1614076766.851259,116.000000,0.000000,-10.378503,1.026818,14.984127,15.990645,24.649986,4.951795,1.247307,-1.802714,12.140321,9.712408,-6.869850,-7.628887,-11.590327,-11.334152,-7.035493,25.982101,-14.261772,3.395116,6.272810,-19.933321,-20.843260,-14.428569,-16.848370,-10.003927,-7.004139,-9.608469,-16.269306,-11.073648,-7.150361,-20.921341,-9.138544,-10.676074,8064.000000,0.000000,4.000000,,,,0.000000,4.000000,4.000000,4.000000,4.000000,4.000000,4.000000,4.000000,4.000000,4.000000,4.000000,4.000000,4.000000,4.000000,4.000000,4.000000,4.000000,4.000000,4.000000,2.000000,4.000000,4.000000,4.000000,4.000000,4.000000,4.000000,4.000000,4.000000,4.000000,4.000000,4.000000,4.000000,4.000000,83.333336
1614076766.859008,117.000000,0.000000,-9.855304,-0.512671,15.481963,15.974655,19.497131,2.382741,1.246059,-1.288091,8.538437,9.702696,-7.888621,-10.185361,-11.578737,-11.322818,-6.515637,53.135609,-12.709049,16.212233,8.830640,-18.374926,-20.309595,-16.465422,-17.857162,-10.506743,-8.535597,-9.086040,-16.765858,-11.062574,-7.143210,-20.387598,-9.642226,-15.280783,8064.000000,0.000000,4.000000,,,,0.000000,4.000000,4.000000,4.000000,4.000000,4.000000,4.000000,4.000000,4.000000,4.000000,4.000000,4.000000,4.000000,4.000000,4.000000,4.000000,4.000000,4.000000,4.000000,2.000000,4.000000,4.000000,4.000000,4.000000,4.000000,4.000000,4.000000,4.000000,4.000000,4.000000,4.000000,4.000000,4.000000,83.333336
1614076766.866657,118.000000,0.000000,-9.845448,-3.076261,14.953661,15.958680,12.810966,0.841897,0.731993,-3.850905,3.914514,4.564788,-8.906373,-15.816201,-11.567159,-13.362777,-9.073224,38.723495,-13.721981,32.606277,4.206424,-14.766807,-19.263645,-16.961777,-17.839304,-9.983417,-10.578343,-9.589775,-15.723451,-11.564333,-7.648888,-21.392853,-9.632585,-17.829605,8064.000000,0.000000,4.000000,,,,0.000000,4.000000,4.000000,4.000000,4.000000,4.000000,4.000000,4.000000,4.000000,4.000000,4.000000,4.000000,4.000000,4.000000,4.000000,4.000000,4.000000,4.000000,4.000000,2.000000,4.000000,4.000000,4.000000,4.000000,4.000000,4.000000,4.000000,4.000000,4.000000,4.000000,4.000000,4.000000,4.000000,83.333336
1614076766.874406,119.000000,0.000000,-7.271501,0.516559,15.451528,15.942721,15.875079,2.892337,1.244081,-5.898336,5.449061,1.996120,-6.333364,-13.236282,-11.042770,-10.785312,-12.653894,6.377081,-13.195438,17.189056,-6.054193,-11.162296,-14.628997,0.491082,-14.231722,-10.486254,-11.080585,-9.580185,-10.579522,-11.039948,-6.102777,-20.345818,-7.058849,-14.222032,8064.000000,0.000000,4.000000,,,,0.000000,4.000000,4.000000,4.000000,4.000000,4.000000,4.000000,4.000000,4.000000,4.000000,4.000000,4.000000,4.000000,4.000000,4.000000,4.000000,4.000000,4.000000,4.000000,2.000000,4.000000,4.000000,4.000000,4.000000,4.000000,4.000000,4.000000,4.000000,4.000000,4.000000,4.000000,4.000000,4.000000,83.333336
1614076766.882055,120.000000,0.000000,-2.136024,5.644248,18.000179,16.439600,20.987410,4.940727,1.755658,-0.764233,9.033356,3.532586,-3.762928,-8.094841,-13.083010,-5.646321,-6.487394,11.498909,-10.105320,3.325713,-2.971215,-10.638313,-9.486162,12.798284,-10.114925,-8.937305,-10.556684,-9.057784,-6.979199,-11.028908,-4.045392,-19.812651,-6.538970,-9.079604,8064.000000,0.000000,4.000000,,,,0.000000,4.000000,4.000000,4.000000,4.000000,4.000000,4.000000,4.000000,4.000000,4.000000,4.000000,4.000000,4.000000,4.000000,4.000000,4.000000,4.000000,4.000000,4.000000,2.000000,4.000000,4.000000,4.000000,4.000000,4.000000,4.000000,4.000000,4.000000,4.000000,4.000000,4.000000,4.000000,4.000000,83.333336
1614076766.889804,121.000000,0.000000,-2.133888,3.074501,17.982178,14.884698,17.376678,4.935786,0.215441,1.287813,6.973040,3.016233,-5.297627,-7.061105,-8.454542,-4.615034,4.801145,44.307922,-8.556753,23.322388,8.826628,-11.140496,-8.451035,-3.111951,-10.104811,-3.800163,-11.058948,-9.561547,-11.074784,-11.530700,-5.066988,-26.972326,-9.096533,-14.198730,8064.000000,0.000000,4.000000,,,,0.000000,4.000000,4.000000,4.000000,4.000000,4.000000,4.000000,4.000000,4.000000,4.000000,4.000000,4.000000,4.000000,4.000000,4.000000,4.000000,4.000000,4.000000,4.000000,2.000000,4.000000,4.000000,4.000000,4.000000,4.000000,4.000000,4.000000,4.000000,4.000000,4.000000,4.000000,4.000000,4.000000,83.333336
1614076766.897453,122.000000,0.000000,-2.131754,1.020144,15.912914,12.305711,17.359301,4.930850,1.240866,-2.303218,8.504528,4.551678,-3.753868,-3.977121,4.374425,-2.559137,7.873266,43.750793,-5.984094,25.863167,9.843442,-11.129355,-8.955405,-9.775505,-10.094706,-2.257902,-11.560709,-11.603268,-13.114991,-9.980707,-7.113203,-34.124840,-10.113078,-23.415300,8064.000000,0.000000,4.000000,,,,0.000000,4.000000,4.000000,4.000000,4.000000,4.000000,4.000000,4.000000,4.000000,4.000000,4.000000,4.000000,4.000000,4.000000,4.000000,4.000000,4.000000,4.000000,4.000000,2.000000,4.000000,4.000000,4.000000,4.000000,4.000000,4.000000,4.000000,4.000000,4.000000,4.000000,4.000000,4.000000,4.000000,83.333336
1614076766.905302,123.000000,0.000000,0.434480,1.531945,15.384181,12.806226,26.059891,4.925919,9.444754,6.417034,16.701153,12.239434,7.531937,1.667882,12.575179,7.187012,7.865393,33.963455,-0.337084,4.298843,6.756676,-11.118226,-8.946449,4.593245,-5.469227,-2.768464,-10.523508,-13.130126,-6.948030,-5.355342,-7.106090,-33.065075,-9.077324,-23.904705,8064.000000,0.000000,4.000000,,,,0.000000,4.000000,4.000000,4.000000,4.000000,4.000000,4.000000,4.000000,4.000000,4.000000,4.000000,4.000000,4.000000,4.000000,4.000000,4.000000,4.000000,4.000000,4.000000,2.000000,4.000000,4.000000,4.000000,4.000000,4.000000,4.000000,4.000000,4.000000,4.000000,4.000000,4.000000,4.000000,4.000000,83.333336
1614076766.913051,124.000000,0.000000,2.485327,-5.649075,13.830336,11.254958,26.546652,4.920993,11.486590,12.564463,18.222912,18.381041,15.729533,4.230317,11.024142,12.308030,10.934451,63.673080,2.740176,3.781723,7.262740,-11.107108,-8.424683,1.511728,-1.361193,-2.252875,-11.538625,-15.168278,-7.966723,-2.785884,-8.637445,-34.057652,-9.581067,-22.342339,8064.000000,0.000000,4.000000,,,,0.000000,4.000000,4.000000,4.000000,4.000000,4.000000,4.000000,4.000000,4.000000,4.000000,4.000000,4.000000,4.000000,4.000000,4.000000,4.000000,4.000000,4.000000,4.000000,2.000000,4.000000,4.000000,4.000000,4.000000,4.000000,4.000000,4.000000,4.000000,4.000000,4.000000,4.000000,4.000000,4.000000,83.333336
1614076766.920900,125.000000,0.000000,1.457201,-14.361374,11.765223,6.115498,19.853437,4.916072,3.269976,-2.832717,12.050843,14.772916,13.662522,3.713266,9.474656,8.705978,7.846593,69.250435,1.711795,9.418967,3.152913,-12.121642,-9.441899,-11.823117,-3.923935,-5.327546,-15.629651,-16.691570,-18.727987,-3.808739,-10.680090,-39.664619,-9.571486,-25.909740,8064.000000,0.000000,4.000000,,,,0.000000,4.000000,4.000000,4.000000,4.000000,4.000000,4.000000,4.000000,4.000000,4.000000,4.000000,4.000000,4.000000,4.000000,4.000000,4.000000,4.000000,4.000000,4.000000,2.000000,4.000000,4.000000,4.000000,4.000000,4.000000,4.000000,4.000000,4.000000,4.000000,4.000000,4.000000,4.000000,4.000000,83.333336
1614076766.928649,126.000000,0.000000,1.968565,-12.295731,13.804740,4.570921,18.807943,4.911156,2.241065,-5.393987,11.013151,11.168400,15.700141,3.196732,12.542105,11.774196,8.351567,47.129902,2.222903,17.614677,6.739503,-10.058238,-7.893995,-10.785653,-5.971293,-9.937603,-13.562739,-17.187700,-17.683619,-3.804930,-10.669410,-39.624954,-9.561914,-27.422293,8064.000000,0.000000,4.000000,,,,0.000000,4.000000,4.000000,4.000000,4.000000,4.000000,4.000000,4.000000,4.000000,4.000000,4.000000,4.000000,4.000000,4.000000,4.000000,4.000000,4.000000,4.000000,4.000000,2.000000,4.000000,4.000000,4.000000,4.000000,4.000000,4.000000,4.000000,4.000000,4.000000,4.000000,4.000000,4.000000,4.000000,83.333336
1614076766.936498,127.000000,0.000000,4.530698,-6.642409,14.303756,7.643273,19.814777,4.393425,8.392670,13.072946,15.104702,16.798258,24.915211,3.706356,14.580845,20.480370,17.061165,62.980206,4.784783,45.289371,17.501995,-4.407154,-3.270717,-7.697944,-3.914040,-9.927665,-6.369689,-16.657692,-5.871063,-3.288305,-10.658740,-35.995586,-9.552352,-27.394871,8064.000000,0.000000,4.000000,,,,0.000000,4.000000,4.000000,4.000000,4.000000,4.000000,4.000000,4.000000,4.000000,4.000000,4.000000,4.000000,4.000000,4.000000,4.000000,4.000000,4.000000,4.000000,4.000000,2.000000,4.000000,4.000000,4.000000,4.000000,4.000000,4.000000,4.000000,4.000000,4.000000,4.000000,4.000000,4.000000,4.000000,83.333336
1614076766.944248,0.000000,0.000000,6.064629,-6.635767,11.212528,8.148450,19.282141,3.876211,8.384277,12.034232,15.602418,20.884024,23.351833,3.189829,11.489341,18.921429,10.890257,57.789021,5.805639,42.167156,9.792185,-3.377106,-1.216164,-2.049221,-2.371664,-7.353635,-2.773576,-16.641033,-1.249807,-3.797837,-10.648082,-34.421127,-9.542800,-27.367476,0.000000,212.000000,4.000000,,,,0.000000,4.000000,4.000000,4.000000,4.000000,4.000000,4.000000,4.000000,4.000000,4.000000,4.000000,4.000000,4.000000,4.000000,4.000000,4.000000,4.000000,4.000000,4.000000,2.000000,4.000000,4.000000,4.000000,4.000000,4.000000,4.000000,4.000000,4.000000,4.000000,4.000000,4.000000,4.000000,4.000000,83.333336
1614076766.952097,1.000000,0.000000,4.007283,-7.141952,11.714136,8.653122,19.262859,4.897975,4.273329,-1.311136,14.561174,17.786215,12.559251,3.186639,6.349647,13.261481,-1.941146,25.423540,5.287013,9.817298,-5.602222,-4.912190,-2.753409,10.260521,-2.369292,-5.294999,-3.796443,-15.085932,-1.761378,-3.794039,-10.637433,-32.335426,-9.533257,-24.776005,0.000000,176.000000,4.000000,,,,0.000000,4.000000,4.000000,4.000000,4.000000,4.000000,4.000000,4.000000,4.000000,4.000000,4.000000,4.000000,4.000000,4.000000,4.000000,4.000000,4.000000,4.000000,4.000000,2.000000,4.000000,4.000000,4.000000,4.000000,4.000000,4.000000,4.000000,4.000000,4.000000,4.000000,4.000000,4.000000,4.000000,83.333336
1614076766.959846,2.000000,0.000000,1.951993,-6.621989,11.189602,8.131649,18.730776,4.893077,4.269056,1.254278,15.059434,17.255610,9.469769,3.183452,9.420220,16.837963,9.342846,44.372475,5.281726,19.038250,3.121328,1.759389,-0.186553,15.891286,-2.879744,-3.238422,-3.792647,-12.506742,-0.733976,-3.790245,-10.626796,-31.277449,-9.523724,-23.212769,0.000000,199.000000,4.000000,,,,0.000000,4.000000,4.000000,4.000000,4.000000,4.000000,4.000000,4.000000,4.000000,4.000000,4.000000,4.000000,4.000000,4.000000,4.000000,4.000000,4.000000,4.000000,4.000000,2.000000,4.000000,4.000000,4.000000,4.000000,4.000000,4.000000,4.000000,4.000000,4.000000,4.000000,4.000000,4.000000,4.000000,83.333336
1614076766.967695,3.000000,0.000000,1.437221,-5.589726,10.152771,7.610696,19.737686,3.862543,5.290428,6.381229,15.044374,17.238354,10.485940,3.180269,14.026184,22.462151,23.179657,77.148613,5.789265,50.301262,16.451540,5.347373,-1.212008,11.772831,-6.466608,-2.722363,-5.327316,-12.494236,-10.476831,-3.786455,-10.616169,-31.246172,-9.514200,-23.189554,0.000000,206.000000,4.000000,,,,0.000000,4.000000,4.000000,4.000000,4.000000,4.000000,4.000000,4.000000,4.000000,4.000000,4.000000,4.000000,4.000000,4.000000,4.000000,4.000000,4.000000,4.000000,4.000000,2.000000,4.000000,4.000000,4.000000,4.000000,4.000000,4.000000,4.000000,4.000000,4.000000,4.000000,4.000000,4.000000,4.000000,83.333336
1614076766.975444,4.000000,0.000000,1.435784,-3.532854,19.373388,14.782573,25.871794,10.525348,4.772317,6.887668,15.029330,17.733936,9.962634,2.664268,14.012158,20.388407,13.925709,53.994545,4.757834,39.481731,12.845345,-4.401565,-8.903104,4.581571,-10.049885,-6.309384,-6.860450,-15.045844,-21.748405,-3.782669,-10.605553,-31.214926,-9.504686,-18.038160,0.000000,187.000000,4.000000,,,,0.000000,4.000000,4.000000,4.000000,4.000000,4.000000,4.000000,4.000000,4.000000,4.000000,4.000000,4.000000,4.000000,4.000000,4.000000,4.000000,4.000000,4.000000,4.000000,2.000000,4.000000,4.000000,4.000000,4.000000,4.000000,4.000000,4.000000,4.000000,4.000000,4.000000,4.000000,4.000000,4.000000,83.333336
1614076766.983293,5.000000,0.000000,1.434348,-2.503680,28.584784,22.972919,30.974129,21.796873,4.767544,11.496165,15.014301,25.408508,14.568055,4.712886,15.023787,22.419300,13.911782,54.966190,6.804359,34.826866,17.960705,-7.986907,-1.714713,-0.038396,-10.039834,-10.405639,-4.802308,-16.056440,-15.059991,-3.778886,-10.594948,-31.183710,-8.982361,-11.353456,0.000000,195.000000,4.000000,,,,0.000000,4.000000,4.000000,4.000000,4.000000,4.000000,4.000000,4.000000,4.000000,4.000000,4.000000,4.000000,4.000000,4.000000,4.000000,4.000000,4.000000,4.000000,4.000000,2.000000,4.000000,4.000000,4.000000,4.000000,4.000000,4.000000,4.000000,4.000000,4.000000,4.000000,4.000000,4.000000,4.000000,83.333336
1614076766.991042,6.000000,0.000000,1.432913,-3.013997,22.402353,18.847382,30.943153,23.313538,4.762777,8.407745,14.999287,31.536947,20.707335,7.272275,13.983122,21.884060,25.179922,86.193275,8.848837,56.330498,32.301720,-0.799432,13.158796,4.577027,-9.516974,-9.882413,-2.233402,-16.040382,-2.737239,-3.775107,-10.071532,-31.665348,-8.973378,-14.419025,0.000000,186.000000,4.000000,,,,0.000000,4.000000,4.000000,4.000000,4.000000,4.000000,4.000000,4.000000,4.000000,4.000000,4.000000,4.000000,4.000000,4.000000,4.000000,4.000000,4.000000,4.000000,4.000000,2.000000,4.000000,4.000000,4.000000,4.000000,4.000000,4.000000,4.000000,4.000000,4.000000,4.000000,4.000000,4.000000,4.000000,83.333336
1614076766.998891,7.000000,0.000000,1.431481,-3.010983,13.662002,11.136227,27.835287,15.597917,4.758014,2.245492,14.471467,27.915667,20.686626,5.726542,6.789652,3.400638,11.821409,63.542980,5.763064,45.504936,14.833520,-5.926838,2.889227,4.572451,-11.045918,-6.282787,-3.769631,-16.537163,-5.298604,-3.771332,-10.574281,-31.633682,-9.477225,-19.532810,0.000000,190.000000,4.000000,,,,0.000000,4.000000,4.000000,4.000000,4.000000,4.000000,4.000000,4.000000,4.000000,4.000000,4.000000,4.000000,4.000000,4.000000,4.000000,4.000000,4.000000,4.000000,4.000000,2.000000,4.000000,4.000000,4.000000,4.000000,4.000000,4.000000,4.000000,4.000000,4.000000,4.000000,4.000000,4.000000,4.000000,83.333336
1614076767.006640,8.000000,0.000000,1.430049,-3.007972,15.186801,11.125091,27.294632,11.992576,4.753256,5.320169,14.969816,24.810827,18.614658,3.669533,3.193119,-8.397635,-8.190413,48.094822,1.654737,19.305586,-17.489006,-18.741425,-20.190584,-13.893661,-9.496411,-8.327786,-10.432528,-15.494986,-9.908689,-3.254740,-10.563706,-31.602049,-8.954927,-19.000458,0.000000,211.000000,4.000000,,,,0.000000,4.000000,4.000000,4.000000,4.000000,4.000000,4.000000,4.000000,4.000000,4.000000,4.000000,4.000000,4.000000,4.000000,4.000000,4.000000,4.000000,4.000000,4.000000,2.000000,4.000000,4.000000,4.000000,4.000000,4.000000,4.000000,4.000000,4.000000,4.000000,4.000000,4.000000,4.000000,4.000000,83.333336
1614076767.014489,9.000000,0.000000,1.428619,-2.492144,14.658793,13.165247,29.318619,12.493403,4.748503,2.237926,14.954846,24.273197,16.031940,2.127402,2.164284,0.328712,-5.618119,68.046730,-0.398199,19.286282,-10.804851,-19.235502,-25.298599,-27.213100,-11.025376,-18.063047,-15.037479,-18.043592,-7.847499,-3.764306,-9.527502,-31.057627,-8.945972,-21.545561,0.000000,192.000000,4.000000,,,,0.000000,4.000000,4.000000,4.000000,4.000000,4.000000,4.000000,4.000000,4.000000,4.000000,4.000000,4.000000,4.000000,4.000000,4.000000,4.000000,4.000000,4.000000,4.000000,2.000000,4.000000,4.000000,4.000000,4.000000,4.000000,4.000000,4.000000,4.000000,4.000000,4.000000,4.000000,4.000000,4.000000,83.333336
1614076767.022238,10.000000,0.000000,1.427190,-3.002472,11.054392,11.613621,30.314941,10.942449,4.743754,-7.507902,13.914250,20.146358,9.862062,-1.464469,-5.530188,-0.697258,-8.176604,38.235088,-5.526006,17.215714,13.308518,-19.216269,-23.222019,-25.134605,-18.706659,-21.634729,-15.022442,-27.256319,-12.455036,-5.299003,-11.569257,-31.026567,-12.526771,-26.652220,0.000000,199.000000,4.000000,,,,0.000000,4.000000,4.000000,4.000000,4.000000,4.000000,4.000000,4.000000,4.000000,4.000000,4.000000,4.000000,4.000000,4.000000,4.000000,4.000000,4.000000,4.000000,4.000000,2.000000,4.000000,4.000000,4.000000,4.000000,4.000000,4.000000,4.000000,4.000000,4.000000,4.000000,4.000000,4.000000,4.000000,83.333336
1614076767.030087,11.000000,0.000000,1.425763,-2.999470,12.068978,10.576365,30.284626,12.469968,4.226190,-3.397830,15.438798,16.536469,6.775277,-4.539927,-6.037478,-8.388868,-18.937658,11.530189,-10.648685,10.019010,6.115723,-22.786795,-22.173157,-22.545368,-18.687952,-20.587452,-13.981779,-30.818806,-19.109247,-7.344986,-15.147430,-30.995543,-16.616808,-27.651209,0.000000,198.000000,4.000000,,,,0.000000,4.000000,4.000000,4.000000,4.000000,4.000000,4.000000,4.000000,4.000000,4.000000,4.000000,4.000000,4.000000,4.000000,4.000000,4.000000,4.000000,4.000000,4.000000,2.000000,4.000000,4.000000,4.000000,4.000000,4.000000,4.000000,4.000000,4.000000,4.000000,4.000000,4.000000,4.000000,4.000000,83.333336
1614076767.037836,12.000000,0.000000,1.424337,-0.432368,14.621012,13.642713,34.356907,20.662626,5.247605,6.349158,20.551563,17.545574,9.332604,-4.022567,5.763432,4.440033,-3.021285,44.339172,-7.561114,24.367966,-5.172444,-14.046060,-13.945854,-12.779233,-7.387213,-21.592506,-12.429336,-24.634140,-13.961933,-7.337641,-11.029719,-28.400444,-17.113012,-26.085096,0.000000,192.000000,4.000000,,,,0.000000,4.000000,4.000000,4.000000,4.000000,4.000000,4.000000,4.000000,4.000000,4.000000,4.000000,4.000000,4.000000,4.000000,4.000000,4.000000,4.000000,4.000000,4.000000,2.000000,4.000000,4.000000,4.000000,4.000000,4.000000,4.000000,4.000000,4.000000,4.000000,4.000000,4.000000,4.000000,4.000000,83.333336
1614076767.045685,13.000000,0.000000,1.935734,1.619347,16.144852,18.757275,39.963573,24.231707,7.806460,6.342809,23.095116,17.528028,10.348913,-4.018545,12.424335,14.692003,16.981737,62.243549,2.190037,44.343597,6.627600,-1.724321,-5.213960,4.669444,-0.713159,-14.904247,-9.852803,-19.481302,-7.794126,-7.330303,-5.377664,-26.320761,-16.070257,-26.571831,0.000000,197.000000,4.000000,,,,0.000000,4.000000,4.000000,4.000000,4.000000,4.000000,4.000000,4.000000,4.000000,4.000000,4.000000,4.000000,4.000000,4.000000,4.000000,4.000000,4.000000,4.000000,4.000000,2.000000,4.000000,4.000000,4.000000,4.000000,4.000000,4.000000,4.000000,4.000000,4.000000,4.000000,4.000000,4.000000,4.000000,83.333336
1614076767.053434,14.000000,0.000000,0.395336,-4.023298,14.590246,17.200056,37.872330,16.515167,7.285833,4.798005,22.046379,16.484859,10.338564,-4.527347,10.873448,4.420901,13.375011,43.719769,9.367334,48.401817,16.877382,1.354326,-4.183105,6.716057,-2.250907,-3.607292,-13.432694,-19.974640,-8.811973,-7.322973,-14.090235,-30.397005,-16.567007,-26.545259,0.000000,198.000000,4.000000,,,,0.000000,4.000000,4.000000,4.000000,4.000000,4.000000,4.000000,4.000000,4.000000,4.000000,4.000000,4.000000,4.000000,4.000000,4.000000,4.000000,4.000000,4.000000,4.000000,2.000000,4.000000,4.000000,4.000000,4.000000,4.000000,4.000000,4.000000,4.000000,4.000000,4.000000,4.000000,4.000000,4.000000,83.333336
1614076767.061283,15.000000,0.000000,-2.169162,-10.173121,8.934629,12.567472,28.090868,11.883267,4.714445,5.306027,22.537153,14.929913,10.841046,-4.009999,9.836934,-2.250186,8.233431,44.701691,7.819506,37.584187,15.834865,0.327331,-7.255845,0.555494,-3.787118,-5.654966,-18.034647,-19.954666,-9.315981,-7.315650,-25.358196,-36.520454,-16.550440,-26.518713,0.000000,214.000000,4.000000,,,,0.000000,4.000000,4.000000,4.000000,4.000000,4.000000,4.000000,4.000000,4.000000,4.000000,4.000000,4.000000,4.000000,4.000000,4.000000,4.000000,4.000000,4.000000,4.000000,2.000000,4.000000,4.000000,4.000000,4.000000,4.000000,4.000000,4.000000,4.000000,4.000000,4.000000,4.000000,4.000000,4.000000,83.333336
1614076767.069032,16.000000,0.000000,-2.166992,-10.675769,3.797490,12.042084,22.934570,12.384205,4.709730,2.223798,20.976154,10.299598,6.214820,-3.493168,4.186072,-1.735116,5.661095,32.349297,-0.393442,20.623524,14.280568,-3.262740,-12.889615,0.554939,-4.808972,-13.341619,-18.529432,-19.421890,-7.768203,-7.308334,-21.743093,-38.535213,-16.533890,-26.492195,0.000000,205.000000,4.000000,,,,0.000000,4.000000,4.000000,4.000000,4.000000,4.000000,4.000000,4.000000,4.000000,4.000000,4.000000,4.000000,4.000000,4.000000,4.000000,4.000000,4.000000,4.000000,4.000000,2.000000,4.000000,4.000000,4.000000,4.000000,4.000000,4.000000,4.000000,4.000000,4.000000,4.000000,4.000000,4.000000,4.000000,83.333336
1614076767.076681,17.000000,0.000000,-3.190466,-10.152272,4.306513,11.004400,21.885996,8.782077,2.653738,-0.855349,14.288511,4.135452,0.054759,-5.540957,-5.561704,-11.476970,-10.754822,10.778484,-4.495613,4.705464,8.112441,-15.567169,-19.543392,-3.548180,-5.316983,-13.841098,-17.485262,-19.402470,-9.298897,-7.301026,-13.516223,-37.983860,-16.517357,-26.465702,0.000000,185.000000,4.000000,,,,0.000000,4.000000,4.000000,4.000000,4.000000,4.000000,4.000000,4.000000,4.000000,4.000000,4.000000,4.000000,4.000000,4.000000,4.000000,4.000000,4.000000,4.000000,4.000000,2.000000,4.000000,4.000000,4.000000,4.000000,4.000000,4.000000,4.000000,4.000000,4.000000,4.000000,4.000000,4.000000,4.000000,83.333336
1614076767.084430,18.000000,0.000000,-5.751379,-10.654941,2.763745,6.378011,11.094879,1.593808,0.086982,-3.418596,10.171659,1.054394,-0.970936,-7.586698,-8.633065,-19.670622,-18.436375,32.818989,-6.029579,0.598195,-3.690543,-24.269550,-19.523848,-11.236939,-6.337307,-12.288795,-17.980597,-19.895887,-11.853701,-7.293725,-13.502707,-38.458694,-16.500839,-26.439238,0.000000,196.000000,4.000000,,,,0.000000,4.000000,4.000000,4.000000,4.000000,4.000000,4.000000,4.000000,4.000000,4.000000,4.000000,4.000000,4.000000,4.000000,4.000000,4.000000,4.000000,4.000000,4.000000,2.000000,4.000000,4.000000,4.000000,4.000000,4.000000,4.000000,4.000000,4.000000,4.000000,4.000000,4.000000,4.000000,4.000000,83.333336
1614076767.092079,19.000000,0.000000,-6.258448,-10.644285,0.709699,3.807531,3.391476,-0.971889,3.163818,-1.363895,10.674308,2.591801,-0.457145,-7.579112,-6.060330,-13.497105,-2.007682,59.965656,-6.536370,22.136059,-6.250955,-15.014512,-13.863299,-12.251344,-6.843791,-13.302148,-17.962616,-19.875992,-12.867488,-7.286431,-15.027665,-38.420238,-16.484339,-25.899977,0.000000,201.000000,4.000000,,,,0.000000,4.000000,4.000000,4.000000,4.000000,4.000000,4.000000,4.000000,4.000000,4.000000,4.000000,4.000000,4.000000,4.000000,4.000000,4.000000,4.000000,4.000000,4.000000,2.000000,4.000000,4.000000,4.000000,4.000000,4.000000,4.000000,4.000000,4.000000,4.000000,4.000000,4.000000,4.000000,4.000000,83.333336
1614076767.099829,20.000000,0.000000,-3.688087,-10.120821,2.247451,4.316544,12.618854,1.593186,8.288859,5.816956,11.176454,6.691773,-0.969508,-7.571532,-3.490167,-7.329762,3.635351,45.546715,-4.478551,39.036999,-2.142140,-6.281549,-11.798154,-10.700631,-4.785665,-11.237563,-17.944654,-19.856115,-12.341800,-7.279145,-13.474176,-38.381817,-16.467854,-26.386898,0.000000,192.000000,4.000000,,,,0.000000,4.000000,4.000000,4.000000,4.000000,4.000000,4.000000,4.000000,4.000000,4.000000,4.000000,4.000000,4.000000,4.000000,4.000000,4.000000,4.000000,4.000000,4.000000,2.000000,4.000000,4.000000,4.000000,4.000000,4.000000,4.000000,4.000000,4.000000,4.000000,4.000000,4.000000,4.000000,4.000000,83.333336
1614076767.107478,21.000000,0.000000,-2.145937,-10.623521,2.758024,4.312227,22.862646,4.668516,8.793391,4.272677,10.139636,9.249184,-1.994180,-8.076781,-7.076420,-8.348073,-18.419567,13.193477,-10.627919,6.690270,-9.832306,-20.121422,-21.529945,-13.766853,-9.396264,-8.662224,-18.439529,-20.349079,-12.842278,-7.271866,-13.460702,-39.369076,-16.451385,-26.873331,0.000000,172.000000,4.000000,,,,0.000000,4.000000,4.000000,4.000000,4.000000,4.000000,4.000000,4.000000,4.000000,4.000000,4.000000,4.000000,4.000000,4.000000,4.000000,4.000000,4.000000,4.000000,4.000000,2.000000,4.000000,4.000000,4.000000,4.000000,4.000000,4.000000,4.000000,4.000000,4.000000,4.000000,4.000000,4.000000,4.000000,83.333336
1614076767.115227,22.000000,0.000000,-2.143791,-7.535974,4.806548,4.307915,22.326962,7.227950,7.758956,-3.936724,10.129497,9.752755,-1.992186,-8.068705,-12.710369,-9.878186,-35.324223,-16.563307,-23.437803,-25.624113,-20.078884,-38.050018,-30.226364,-15.291548,-19.130457,-10.704844,-18.421089,-19.815910,-12.829436,-7.264594,-13.960062,-38.304066,-16.434935,-26.333637,0.000000,191.000000,4.000000,,,,0.000000,4.000000,4.000000,4.000000,4.000000,4.000000,4.000000,4.000000,4.000000,4.000000,4.000000,4.000000,4.000000,4.000000,4.000000,4.000000,4.000000,4.000000,4.000000,2.000000,4.000000,4.000000,4.000000,4.000000,4.000000,4.000000,4.000000,4.000000,4.000000,4.000000,4.000000,4.000000,4.000000,83.333336
1614076767.122876,23.000000,0.000000,-2.141647,-3.425874,12.494049,4.303607,22.304636,9.272004,8.264018,-3.932787,11.145008,10.255823,-3.528655,-7.547815,-10.646378,-7.817026,-20.417105,4.991718,-17.773340,7.222024,-6.212651,-29.294020,-21.478189,-15.276257,-17.572865,-14.796702,-17.889849,-19.283274,-12.303786,-7.257329,-13.946102,-37.752941,-15.905679,-26.307304,0.000000,197.000000,4.000000,,,,0.000000,4.000000,4.000000,4.000000,4.000000,4.000000,4.000000,4.000000,4.000000,4.000000,4.000000,4.000000,4.000000,4.000000,4.000000,4.000000,4.000000,4.000000,4.000000,2.000000,4.000000,4.000000,4.000000,4.000000,4.000000,4.000000,4.000000,4.000000,4.000000,4.000000,4.000000,4.000000,4.000000,83.333336
1614076767.130625,24.000000,0.000000,-2.139506,-2.396807,14.020017,4.299304,22.795151,7.724270,8.768575,-2.903213,10.621042,9.732747,-6.602049,-8.053088,-4.481884,-5.245106,3.193056,37.807240,-0.832490,40.035316,17.383305,-12.341648,-5.046454,-15.260981,-10.375805,-17.858829,-18.384779,-20.802452,-12.291482,-7.250072,-14.444977,-40.279293,-16.915415,-29.870741,0.000000,196.000000,4.000000,,,,0.000000,4.000000,4.000000,4.000000,4.000000,4.000000,4.000000,4.000000,4.000000,4.000000,4.000000,4.000000,4.000000,4.000000,4.000000,4.000000,4.000000,4.000000,4.000000,2.000000,4.000000,4.000000,4.000000,4.000000,4.000000,4.000000,4.000000,4.000000,4.000000,4.000000,4.000000,4.000000,4.000000,83.333336
1614076767.138274,25.000000,0.000000,-2.137366,-2.907231,11.954715,8.397568,22.772356,7.203725,8.246985,-0.849028,10.097601,10.235834,-2.492883,-8.045035,-1.400480,-3.701400,8.318069,35.205330,1.732445,26.661947,20.442844,-10.790845,-0.426023,-12.681617,-10.365429,-16.815329,-16.827932,-18.730368,-9.202268,-7.755642,-13.917711,-34.085167,-16.898499,-30.866510,0.000000,189.000000,4.000000,,,,0.000000,4.000000,4.000000,4.000000,4.000000,4.000000,4.000000,4.000000,4.000000,4.000000,4.000000,4.000000,4.000000,4.000000,4.000000,4.000000,4.000000,4.000000,4.000000,2.000000,4.000000,4.000000,4.000000,4.000000,4.000000,4.000000,4.000000,4.000000,4.000000,4.000000,4.000000,4.000000,4.000000,83.333336
1614076767.146023,26.000000,0.000000,0.941694,-2.904323,20.147888,15.055838,31.980352,17.452932,8.238739,13.510796,14.190067,17.917906,13.407045,0.168138,6.293229,2.968968,7.284109,16.708586,7.371738,23.045542,19.396761,-9.754413,-1.451238,-8.566371,-5.739679,-12.695950,-8.605977,-8.968047,-3.552040,-6.722246,-11.852511,-18.153645,-12.779037,-23.143337,0.000000,106.000000,4.000000,,,,0.000000,4.000000,4.000000,4.000000,4.000000,4.000000,4.000000,4.000000,4.000000,4.000000,4.000000,4.000000,4.000000,4.000000,4.000000,4.000000,4.000000,4.000000,4.000000,2.000000,4.000000,4.000000,4.000000,4.000000,4.000000,4.000000,4.000000,4.000000,4.000000,4.000000,4.000000,4.000000,4.000000,83.333336
1614076767.153673,27.000000,0.000000,4.530496,-1.362957,27.820047,16.579243,40.153500,29.230350,7.717680,23.753695,20.842545,27.130758,26.214151,9.911560,19.107449,16.299334,15.481953,43.358543,22.236162,40.971214,26.044031,1.024572,1.627136,-7.019343,2.984009,-4.990946,0.120578,-1.266771,-0.471565,-4.664241,-10.815018,-13.520106,-8.663693,-15.427885,0.000000,205.000000,4.000000,,,,0.000000,4.000000,4.000000,4.000000,4.000000,4.000000,4.000000,4.000000,4.000000,4.000000,4.000000,4.000000,4.000000,4.000000,4.000000,4.000000,4.000000,4.000000,4.000000,2.000000,4.000000,4.000000,4.000000,4.000000,4.000000,4.000000,4.000000,4.000000,4.000000,4.000000,4.000000,4.000000,4.000000,83.333336
1614076767.161422,28.000000,0.000000,5.551607,0.689688,24.715305,13.998561,34.985142,23.560095,8.222782,15.524813,21.847343,28.129269,26.187937,10.414469,21.652443,22.436880,19.569035,59.212620,21.188284,31.186653,16.274397,6.664573,4.702432,-7.525144,-0.608719,-0.883391,1.146098,-2.803966,-2.522375,-3.121116,-10.291382,-19.147612,-8.655029,-14.386817,0.000000,179.000000,4.000000,,,,0.000000,4.000000,4.000000,4.000000,4.000000,4.000000,4.000000,4.000000,4.000000,4.000000,4.000000,4.000000,4.000000,4.000000,4.000000,4.000000,4.000000,4.000000,4.000000,2.000000,4.000000,4.000000,4.000000,4.000000,4.000000,4.000000,4.000000,4.000000,4.000000,4.000000,4.000000,4.000000,4.000000,83.333336
1614076767.169071,29.000000,0.000000,5.033235,1.201818,22.126488,12.446101,28.796310,11.228843,8.214560,8.329801,18.748571,25.537037,21.546364,7.327131,14.964124,16.773417,13.908441,42.230331,12.961967,26.540081,2.924790,4.093806,2.646448,-8.030439,-6.249135,-3.446610,0.119311,-4.339624,-5.596776,-3.630815,-10.281091,-20.154106,-9.159195,-14.885250,0.000000,209.000000,4.000000,,,,0.000000,4.000000,4.000000,4.000000,4.000000,4.000000,4.000000,4.000000,4.000000,4.000000,4.000000,4.000000,4.000000,4.000000,4.000000,4.000000,4.000000,4.000000,4.000000,2.000000,4.000000,4.000000,4.000000,4.000000,4.000000,4.000000,4.000000,4.000000,4.000000,4.000000,4.000000,4.000000,4.000000,83.333336
1614076767.176920,30.000000,0.000000,5.028202,0.687796,22.617182,11.920835,29.793156,13.268895,7.693524,8.834291,17.704184,23.973038,21.524818,6.806983,12.897878,13.166900,9.791968,41.675282,15.513108,38.821232,13.178275,3.064071,1.618160,-6.996768,-4.191604,-4.468804,0.632013,-2.284002,-1.488615,-4.652825,-11.809271,-19.621130,-8.637216,-15.896006,0.000000,167.000000,4.000000,,,,0.000000,4.000000,4.000000,4.000000,4.000000,4.000000,4.000000,4.000000,4.000000,4.000000,4.000000,4.000000,4.000000,4.000000,4.000000,4.000000,4.000000,4.000000,4.000000,2.000000,4.000000,4.000000,4.000000,4.000000,4.000000,4.000000,4.000000,4.000000,4.000000,4.000000,4.000000,4.000000,4.000000,83.333336
1614076767.184669,31.000000,0.000000,5.023173,0.687108,22.594564,11.908914,30.276182,16.845371,8.198651,8.312637,19.224939,24.974705,23.041756,6.800177,14.936262,14.692195,10.294996,44.197708,12.933493,30.577284,22.395866,5.625110,2.129362,-1.861566,-2.648951,-1.387413,0.118560,-1.768898,6.718002,-0.032788,-7.182077,-19.088690,-9.141398,-12.290366,0.000000,196.000000,4.000000,,,,0.000000,4.000000,4.000000,4.000000,4.000000,4.000000,4.000000,4.000000,4.000000,4.000000,4.000000,4.000000,4.000000,4.000000,4.000000,4.000000,4.000000,4.000000,4.000000,2.000000,4.000000,4.000000,4.000000,4.000000,4.000000,4.000000,4.000000,4.000000,4.000000,4.000000,4.000000,4.000000,4.000000,83.333336
1614076767.192518,32.000000,0.000000,5.018150,1.199242,22.571970,11.897005,29.733086,13.751602,11.267376,9.842786,17.667253,25.975372,17.890509,7.306197,12.870044,12.626221,9.771881,35.948383,5.741072,22.341578,14.168342,1.004100,1.101592,3.781321,-2.133482,1.690898,0.631262,-0.741488,8.249745,6.121091,5.132797,-13.941396,-9.132257,-2.021666,8064.000000,0.000000,4.000000,,,,0.000000,4.000000,4.000000,4.000000,4.000000,4.000000,4.000000,4.000000,4.000000,4.000000,4.000000,4.000000,4.000000,4.000000,4.000000,4.000000,4.000000,4.000000,4.000000,2.000000,4.000000,4.000000,4.000000,4.000000,4.000000,4.000000,4.000000,4.000000,4.000000,4.000000,4.000000,4.000000,4.000000,83.333336
1614076767.200267,33.000000,0.000000,5.013132,0.685222,20.498116,11.885108,29.190533,11.173748,12.281750,5.730379,15.085484,16.718628,4.026464,3.709147,3.626405,4.408466,4.633904,31.297049,4.709690,19.242313,3.384943,-12.330237,-7.104638,3.777540,-4.182630,1.689207,-0.907831,-2.279208,5.677393,6.114970,8.717408,-14.440274,-9.123125,-1.506824,8064.000000,0.000000,4.000000,,,,0.000000,4.000000,4.000000,4.000000,4.000000,4.000000,4.000000,4.000000,4.000000,4.000000,4.000000,4.000000,4.000000,4.000000,4.000000,4.000000,4.000000,4.000000,4.000000,2.000000,4.000000,4.000000,4.000000,4.000000,4.000000,4.000000,4.000000,4.000000,4.000000,4.000000,4.000000,4.000000,4.000000,83.333336
1614076767.208116,34.000000,0.000000,5.008119,0.684537,14.323771,11.873222,25.571598,11.162574,9.705365,-7.608685,14.044757,3.881396,-7.772435,-2.448408,-4.582350,-7.390814,-4.601499,10.240111,-0.423225,1.787174,-0.208186,-15.907651,-12.225739,0.696839,-8.281012,-3.953508,-4.496666,-6.892313,5.158895,3.031932,2.554844,-19.554039,-9.114002,-13.813009,8064.000000,0.000000,4.000000,,,,0.000000,4.000000,4.000000,4.000000,4.000000,4.000000,4.000000,4.000000,4.000000,4.000000,4.000000,4.000000,4.000000,4.000000,4.000000,4.000000,4.000000,4.000000,4.000000,2.000000,4.000000,4.000000,4.000000,4.000000,4.000000,4.000000,4.000000,4.000000,4.000000,4.000000,4.000000,4.000000,4.000000,83.333336
1614076767.215865,35.000000,0.000000,5.003110,0.683852,10.206883,11.861349,21.956284,12.177052,7.644378,-3.498512,14.543533,6.441617,-4.687739,2.682245,1.063258,-9.434706,-2.545615,0.999102,-3.499725,10.503336,7.997151,-4.609692,1.119821,-0.329499,1.983680,-8.052118,-1.415247,0.294066,6.692198,3.541720,0.501007,-17.996023,-8.592068,-17.901760,8064.000000,0.000000,4.000000,,,,0.000000,4.000000,4.000000,4.000000,4.000000,4.000000,4.000000,4.000000,4.000000,4.000000,4.000000,4.000000,4.000000,4.000000,4.000000,4.000000,4.000000,4.000000,4.000000,2.000000,4.000000,4.000000,4.000000,4.000000,4.000000,4.000000,4.000000,4.000000,4.000000,4.000000,4.000000,4.000000,4.000000,83.333336
1614076767.223714,36.000000,0.000000,4.998107,0.683168,11.222318,12.362309,22.447147,12.164875,8.149553,13.940884,14.528990,17.204407,8.650282,18.064178,14.908348,3.908063,13.867187,33.818615,8.298647,39.723602,21.322487,2.061584,16.503317,-0.329169,18.391953,1.699523,8.329758,13.114285,9.249608,4.050999,4.090250,-14.901105,-6.532193,-11.730012,8064.000000,0.000000,4.000000,,,,0.000000,4.000000,4.000000,4.000000,4.000000,4.000000,4.000000,4.000000,4.000000,4.000000,4.000000,4.000000,4.000000,4.000000,4.000000,4.000000,4.000000,4.000000,4.000000,2.000000,4.000000,4.000000,4.000000,4.000000,4.000000,4.000000,4.000000,4.000000,4.000000,4.000000,4.000000,4.000000,4.000000,83.333336
1614076767.231463,37.000000,0.000000,4.993109,-1.368797,11.211095,10.298664,21.911880,8.562967,8.141404,13.926943,14.001640,17.700022,17.872400,23.174320,18.483183,14.673386,23.084089,53.784798,17.521116,33.017212,21.301165,-1.530221,14.435531,-0.841661,13.758176,16.056799,12.423992,6.434504,9.753179,3.021307,4.598980,-18.988768,-4.987200,-11.205462,8064.000000,0.000000,4.000000,,,,0.000000,4.000000,4.000000,4.000000,4.000000,4.000000,4.000000,4.000000,4.000000,4.000000,4.000000,4.000000,4.000000,4.000000,4.000000,4.000000,4.000000,4.000000,4.000000,2.000000,4.000000,4.000000,4.000000,4.000000,4.000000,4.000000,4.000000,4.000000,4.000000,4.000000,4.000000,4.000000,4.000000,83.333336
1614076767.239312,38.000000,0.000000,4.988116,-2.905890,10.174243,8.237083,19.325865,4.451840,8.133263,9.810452,14.500459,16.143860,17.341707,21.099863,17.439060,11.581789,18.445620,24.500242,16.477955,25.291885,20.254223,1.548233,9.805711,0.697643,4.513649,13.989459,10.360287,-1.777058,8.717785,4.043927,3.568740,-18.456959,-5.495033,-12.219897,8064.000000,0.000000,4.000000,,,,0.000000,4.000000,4.000000,4.000000,4.000000,4.000000,4.000000,4.000000,4.000000,4.000000,4.000000,4.000000,4.000000,4.000000,4.000000,4.000000,4.000000,4.000000,4.000000,2.000000,4.000000,4.000000,4.000000,4.000000,4.000000,4.000000,4.000000,4.000000,4.000000,4.000000,4.000000,4.000000,4.000000,83.333336
1614076767.247061,39.000000,0.000000,4.983128,-2.902984,11.189710,8.741667,17.768078,3.934567,8.125130,18.005770,14.485958,18.178999,17.837187,23.130045,18.960081,12.083028,17.401533,17.296255,19.025579,39.625568,17.669865,11.290274,13.898469,3.261048,8.098878,7.308803,11.375567,7.968308,10.247528,6.603986,4.077992,-12.797476,-5.489538,-7.592293,8064.000000,0.000000,4.000000,,,,0.000000,4.000000,4.000000,4.000000,4.000000,4.000000,4.000000,4.000000,4.000000,4.000000,4.000000,4.000000,4.000000,4.000000,4.000000,4.000000,4.000000,4.000000,4.000000,2.000000,4.000000,4.000000,4.000000,4.000000,4.000000,4.000000,4.000000,4.000000,4.000000,4.000000,4.000000,4.000000,4.000000,83.333336
1614076767.254910,40.000000,0.000000,4.978145,-2.900081,11.178520,6.681643,18.775951,4.443453,8.117004,13.372379,14.471473,14.058256,19.357811,18.491531,15.351378,17.711969,20.461054,38.304600,17.468092,27.278252,-0.296522,8.202061,7.217904,3.770607,5.526677,9.865597,11.877012,10.011622,12.288563,7.623023,4.586735,-16.887243,-4.971228,-9.635983,8064.000000,0.000000,4.000000,,,,0.000000,4.000000,4.000000,4.000000,4.000000,4.000000,4.000000,4.000000,4.000000,4.000000,4.000000,4.000000,4.000000,4.000000,4.000000,4.000000,4.000000,4.000000,4.000000,2.000000,4.000000,4.000000,4.000000,4.000000,4.000000,4.000000,4.000000,4.000000,4.000000,4.000000,4.000000,4.000000,4.000000,83.333336
1614076767.262659,41.000000,0.000000,4.973167,-2.897181,7.064777,2.059577,18.757175,4.439010,8.108888,-3.564070,14.457001,6.864710,12.671786,6.165347,6.618078,10.001950,14.799568,39.291935,5.655753,10.840716,-1.321867,-6.165116,-6.635468,3.254016,-6.786542,7.804450,9.301032,-3.331723,7.660890,7.102579,4.582148,-23.537022,-6.504718,-19.882757,8064.000000,0.000000,4.000000,,,,0.000000,4.000000,4.000000,4.000000,4.000000,4.000000,4.000000,4.000000,4.000000,4.000000,4.000000,4.000000,4.000000,4.000000,4.000000,4.000000,4.000000,4.000000,4.000000,2.000000,4.000000,4.000000,4.000000,4.000000,4.000000,4.000000,4.000000,4.000000,4.000000,4.000000,4.000000,4.000000,4.000000,83.333336
1614076767.270508,42.000000,0.000000,4.968194,-2.894284,3.467969,0.006235,19.251238,3.921750,8.100779,-8.175891,14.442544,5.832204,1.377064,1.543797,2.508896,-4.879846,4.015538,22.329567,0.009071,20.060644,13.551250,-11.799976,-9.705755,3.250762,-9.856679,-5.023868,7.240449,-7.430955,2.012203,7.095477,4.064745,-19.410921,-8.549496,-21.401335,8064.000000,0.000000,4.000000,,,,0.000000,4.000000,4.000000,4.000000,4.000000,4.000000,4.000000,4.000000,4.000000,4.000000,4.000000,4.000000,4.000000,4.000000,4.000000,4.000000,4.000000,4.000000,4.000000,2.000000,4.000000,4.000000,4.000000,4.000000,4.000000,4.000000,4.000000,4.000000,4.000000,4.000000,4.000000,4.000000,4.000000,83.333336
1614076767.278257,43.000000,0.000000,4.963225,-2.891389,3.464501,1.031870,18.719166,4.430649,6.041396,-5.603612,14.428102,6.339193,-3.239698,2.567894,0.967926,-10.003172,-2.142324,15.640572,1.034703,17.476482,-3.385378,-11.788177,-8.670408,3.760332,-6.257078,-11.172690,7.233209,-2.295319,1.497371,7.088381,4.060680,-14.776125,-9.053766,-15.738909,8064.000000,0.000000,4.000000,,,,0.000000,4.000000,4.000000,4.000000,4.000000,4.000000,4.000000,4.000000,4.000000,4.000000,4.000000,4.000000,4.000000,4.000000,4.000000,4.000000,4.000000,4.000000,4.000000,2.000000,4.000000,4.000000,4.000000,4.000000,4.000000,4.000000,4.000000,4.000000,4.000000,4.000000,4.000000,4.000000,4.000000,83.333336
1614076767.286106,44.000000,0.000000,4.958262,-2.888498,3.973857,1.030838,18.187626,4.426219,3.984072,-6.110829,14.413673,6.332854,-0.159535,-0.511597,0.454137,-6.403425,0.423921,37.163391,2.059309,15.407722,-20.305069,-9.212285,-8.148917,4.269392,-5.225180,-9.623055,8.251616,-1.267383,2.008694,7.081293,4.569440,-15.786990,-8.531892,-16.235991,8064.000000,0.000000,4.000000,,,,0.000000,4.000000,4.000000,4.000000,4.000000,4.000000,4.000000,4.000000,4.000000,4.000000,4.000000,4.000000,4.000000,4.000000,4.000000,4.000000,4.000000,4.000000,4.000000,2.000000,4.000000,4.000000,4.000000,4.000000,4.000000,4.000000,4.000000,4.000000,4.000000,4.000000,4.000000,4.000000,4.000000,83.333336
1614076767.293855,45.000000,0.000000,4.953304,-2.885609,3.457063,0.516987,19.707901,4.421793,4.492908,-6.104718,14.399260,6.839341,3.943188,0.001735,2.504965,-1.268816,1.961959,45.331356,6.672635,23.597443,10.484466,-2.023586,-3.012563,3.239481,-3.681494,-9.613433,6.192083,-1.266115,2.006685,7.074212,3.026409,-16.284023,-8.523360,-19.296677,8064.000000,0.000000,4.000000,,,,0.000000,4.000000,4.000000,4.000000,4.000000,4.000000,4.000000,4.000000,4.000000,4.000000,4.000000,4.000000,4.000000,4.000000,4.000000,4.000000,4.000000,4.000000,4.000000,2.000000,4.000000,4.000000,4.000000,4.000000,4.000000,4.000000,4.000000,4.000000,4.000000,4.000000,4.000000,4.000000,4.000000,83.333336
1614076767.301704,46.000000,0.000000,4.948351,-2.882724,3.453606,1.029290,18.149731,4.417370,4.488416,-8.662716,14.384860,3.242759,2.913604,6.155580,0.963999,-2.293189,-8.296413,12.978333,7.691603,9.214871,26.371418,-0.483101,-3.522372,3.749062,-2.139351,-10.116640,-0.480776,-5.367414,2.004678,7.067137,0.972101,-16.780560,-10.053299,-18.764561,8064.000000,0.000000,4.000000,,,,0.000000,4.000000,4.000000,4.000000,4.000000,4.000000,4.000000,4.000000,4.000000,4.000000,4.000000,4.000000,4.000000,4.000000,4.000000,4.000000,4.000000,4.000000,4.000000,2.000000,4.000000,4.000000,4.000000,4.000000,4.000000,4.000000,4.000000,4.000000,4.000000,4.000000,4.000000,4.000000,4.000000,83.333336
1614076767.309453,47.000000,0.000000,4.943402,-2.879841,3.962972,1.028261,9.926454,4.412953,4.483927,-8.141232,14.370476,-3.427151,-0.679053,7.175065,-0.575427,-10.496023,-13.416323,-2.419260,6.145450,11.256939,3.780943,-5.098002,-14.288080,4.770954,-2.137211,-9.593703,-4.070038,-12.028712,-1.074249,7.060070,0.458308,-19.327883,-12.607347,-18.232975,8064.000000,0.000000,4.000000,,,,0.000000,4.000000,4.000000,4.000000,4.000000,4.000000,4.000000,4.000000,4.000000,4.000000,4.000000,4.000000,4.000000,4.000000,4.000000,4.000000,4.000000,4.000000,4.000000,2.000000,4.000000,4.000000,4.000000,4.000000,4.000000,4.000000,4.000000,4.000000,4.000000,4.000000,4.000000,4.000000,4.000000,83.333336
1614076767.317102,48.000000,0.000000,5.451280,-2.876961,3.959010,1.540053,3.249860,4.408540,4.479444,1.610498,14.356105,-5.475006,-1.191195,7.167890,3.527713,-16.126553,-2.120855,30.403671,6.652125,38.425171,0.700239,-5.605725,-19.914818,-2.413304,-1.109433,-11.122571,-3.553148,-13.555145,-4.662919,7.053010,0.457850,-19.821375,-13.107561,-18.727562,8064.000000,0.000000,4.000000,,,,0.000000,4.000000,4.000000,4.000000,4.000000,4.000000,4.000000,4.000000,4.000000,4.000000,4.000000,4.000000,4.000000,4.000000,4.000000,4.000000,4.000000,4.000000,4.000000,2.000000,4.000000,4.000000,4.000000,4.000000,4.000000,4.000000,4.000000,4.000000,4.000000,4.000000,4.000000,4.000000,4.000000,83.333336
1614076767.324852,49.000000,0.000000,4.420187,-2.874084,3.955050,1.538513,3.759431,4.404132,4.987784,6.224272,14.341749,-4.443890,-0.164362,6.647902,-0.578379,-15.597606,-6.734118,13.963012,-2.072476,10.694436,1.212360,-16.369350,-20.407722,-15.231403,-5.210887,-12.649910,-5.088056,-12.515949,-5.171076,7.045957,0.457392,-19.801554,-12.581633,-18.708836,8064.000000,0.000000,4.000000,,,,0.000000,4.000000,4.000000,4.000000,4.000000,4.000000,4.000000,4.000000,4.000000,4.000000,4.000000,4.000000,4.000000,4.000000,4.000000,4.000000,4.000000,4.000000,4.000000,2.000000,4.000000,4.000000,4.000000,4.000000,4.000000,4.000000,4.000000,4.000000,4.000000,4.000000,4.000000,4.000000,4.000000,83.333336
1614076767.332501,50.000000,0.000000,1.851664,-2.871210,3.951096,0.511334,3.755672,4.399727,3.444335,0.577022,14.327407,-4.952267,-3.241121,-2.589515,-12.885493,-16.094830,-24.676102,-18.358643,-17.455019,-21.623951,-19.301674,-34.814518,-23.464239,-20.344378,-14.436446,-13.150080,-7.647071,-13.016253,-5.678726,7.038911,0.456935,-20.294573,-12.569051,-18.690126,8064.000000,0.000000,4.000000,,,,0.000000,4.000000,4.000000,4.000000,4.000000,4.000000,4.000000,4.000000,4.000000,4.000000,4.000000,4.000000,4.000000,4.000000,4.000000,4.000000,4.000000,4.000000,4.000000,2.000000,4.000000,4.000000,4.000000,4.000000,4.000000,4.000000,4.000000,4.000000,4.000000,4.000000,4.000000,4.000000,4.000000,83.333336
1614076767.340250,51.000000,0.000000,0.824172,-2.868339,3.434324,1.536463,3.239095,4.395328,1.389609,-2.500478,14.313080,-4.947314,-4.776341,-11.817696,-11.846967,-15.565913,-12.856554,14.480228,-17.437563,10.192545,-13.641346,-34.266884,-21.389492,-18.785572,-18.011753,-16.213854,-7.639424,-13.003238,-5.160226,7.031872,-0.056343,-19.761457,-13.069303,-18.671436,8064.000000,0.000000,4.000000,,,,0.000000,4.000000,4.000000,4.000000,4.000000,4.000000,4.000000,4.000000,4.000000,4.000000,4.000000,4.000000,4.000000,4.000000,4.000000,4.000000,4.000000,4.000000,4.000000,2.000000,4.000000,4.000000,4.000000,4.000000,4.000000,4.000000,4.000000,4.000000,4.000000,4.000000,4.000000,4.000000,4.000000,83.333336
1614076767.347899,52.000000,0.000000,1.336168,-2.865471,3.943710,1.534927,5.799959,4.390933,0.362578,-3.010798,14.298767,-4.429546,-4.771565,-10.267416,-3.629992,-15.037527,3.566559,34.465748,-10.240639,35.310558,7.397936,-22.950565,-15.727077,-18.766785,-16.968100,-16.710461,-7.118964,-12.477414,-4.642246,7.024840,-2.107569,-19.228876,-12.543413,-18.652765,8064.000000,0.000000,4.000000,,,,0.000000,4.000000,4.000000,4.000000,4.000000,4.000000,4.000000,4.000000,4.000000,4.000000,4.000000,4.000000,4.000000,4.000000,4.000000,4.000000,4.000000,4.000000,4.000000,2.000000,4.000000,4.000000,4.000000,4.000000,4.000000,4.000000,4.000000,4.000000,4.000000,4.000000,4.000000,4.000000,4.000000,83.333336
1614076767.355648,53.000000,0.000000,1.334832,-2.862605,3.426946,-3.594813,7.332620,4.386541,0.875036,-9.674454,14.284468,-4.937937,-5.792435,-8.718687,-4.139182,-17.586592,-11.308803,2.123590,-10.230398,5.018837,-7.481256,-21.901974,-18.788273,-18.748018,-18.489594,-13.616826,-7.111845,-12.977757,-9.252988,8.043456,-3.643922,-20.748108,-12.530869,-18.634111,8064.000000,0.000000,4.000000,,,,0.000000,4.000000,4.000000,4.000000,4.000000,4.000000,4.000000,4.000000,4.000000,4.000000,4.000000,4.000000,4.000000,4.000000,4.000000,4.000000,4.000000,4.000000,4.000000,2.000000,4.000000,4.000000,4.000000,4.000000,4.000000,4.000000,4.000000,4.000000,4.000000,4.000000,4.000000,4.000000,4.000000,83.333336
1614076767.363297,54.000000,0.000000,1.333497,-2.859742,2.397878,-5.129680,8.863750,4.382155,0.874161,-13.767344,14.270184,-3.907358,-2.709719,-7.171507,-3.622222,-9.876698,-9.759032,16.480440,-4.066322,6.039459,-21.319929,-18.803150,-21.846407,-14.113886,-15.394181,-15.654491,-7.617553,-11.939138,-12.320659,5.984131,-3.127458,-19.701719,-13.543980,-19.128298,8064.000000,0.000000,4.000000,,,,0.000000,4.000000,4.000000,4.000000,4.000000,4.000000,4.000000,4.000000,4.000000,4.000000,4.000000,4.000000,4.000000,4.000000,4.000000,4.000000,4.000000,4.000000,4.000000,2.000000,4.000000,4.000000,4.000000,4.000000,4.000000,4.000000,4.000000,4.000000,4.000000,4.000000,4.000000,4.000000,4.000000,83.333336
1614076767.371046,55.000000,0.000000,1.332164,-2.856883,6.498044,1.542117,12.957450,4.377773,0.873287,-4.522807,13.743093,0.199113,4.472478,3.092075,2.535246,2.953691,15.891752,49.284473,7.732616,33.212906,-3.862711,-5.963833,-14.645074,-8.458747,-5.635197,-16.151657,-7.097116,-9.363096,-8.205773,3.414044,-3.637151,-13.528171,-11.991974,-19.109171,8064.000000,0.000000,4.000000,,,,0.000000,4.000000,4.000000,4.000000,4.000000,4.000000,4.000000,4.000000,4.000000,4.000000,4.000000,4.000000,4.000000,4.000000,4.000000,4.000000,4.000000,4.000000,4.000000,2.000000,4.000000,4.000000,4.000000,4.000000,4.000000,4.000000,4.000000,4.000000,4.000000,4.000000,4.000000,4.000000,4.000000,83.333336
1614076767.378696,56.000000,0.000000,1.330831,-2.854026,13.671033,6.155959,16.021416,4.373395,0.872414,5.738126,14.242170,2.763016,7.544929,11.806931,4.071172,2.437917,12.798937,28.209547,10.801806,30.102772,6.397562,-0.829664,-7.450942,-6.399006,-2.039818,-6.904737,-7.090018,-8.328093,-4.095004,3.923451,-3.120693,-13.514643,-7.364597,-18.064421,8064.000000,0.000000,4.000000,,,,0.000000,4.000000,4.000000,4.000000,4.000000,4.000000,4.000000,4.000000,4.000000,4.000000,4.000000,4.000000,4.000000,4.000000,4.000000,4.000000,4.000000,4.000000,4.000000,2.000000,4.000000,4.000000,4.000000,4.000000,4.000000,4.000000,4.000000,4.000000,4.000000,4.000000,4.000000,4.000000,4.000000,83.333336
1614076767.386445,57.000000,0.000000,1.329501,-2.851172,15.708644,4.611341,15.492574,4.369022,0.871541,5.219568,14.227928,3.273074,6.511743,11.282304,3.041460,-2.692726,-3.624118,11.258261,8.739723,30.072668,3.827061,-3.392937,-7.956312,-7.931068,-5.627522,-2.795268,-7.082928,-8.832584,-5.116549,2.893886,-3.117573,-19.142153,-4.793130,-19.584818,8064.000000,0.000000,4.000000,,,,0.000000,4.000000,4.000000,4.000000,4.000000,4.000000,4.000000,4.000000,4.000000,4.000000,4.000000,4.000000,4.000000,4.000000,4.000000,4.000000,4.000000,4.000000,4.000000,2.000000,4.000000,4.000000,4.000000,4.000000,4.000000,4.000000,4.000000,4.000000,4.000000,4.000000,4.000000,4.000000,4.000000,83.333336
1614076767.394094,58.000000,0.000000,1.328171,-2.848321,13.641654,4.093910,14.964260,3.851832,0.870670,5.214348,14.213700,2.244160,8.556513,10.245381,5.089701,2.950993,3.558993,29.708542,7.705342,34.657982,5.361696,-2.876724,-8.973996,-7.410317,-6.647536,-8.433498,-7.075845,-8.823752,-5.624254,-3.775674,-4.140096,-14.507627,-4.788337,-18.539591,8064.000000,0.000000,4.000000,,,,0.000000,4.000000,4.000000,4.000000,4.000000,4.000000,4.000000,4.000000,4.000000,4.000000,4.000000,4.000000,4.000000,4.000000,4.000000,4.000000,4.000000,4.000000,4.000000,2.000000,4.000000,4.000000,4.000000,4.000000,4.000000,4.000000,4.000000,4.000000,4.000000,4.000000,4.000000,4.000000,4.000000,83.333336
1614076767.401943,59.000000,0.000000,1.326843,-2.845472,16.704935,5.115457,15.974936,4.360801,0.869799,11.875800,15.225127,2.754736,11.112059,11.260777,7.648714,8.589067,7.145178,21.986525,6.159175,15.136143,0.740949,-2.361027,-7.939381,-3.300342,-5.102427,-8.937885,-2.966205,-8.814928,-4.592988,-8.387283,-1.571853,-2.185427,-2.732267,-10.828744,8064.000000,0.000000,4.000000,,,,0.000000,4.000000,4.000000,4.000000,4.000000,4.000000,4.000000,4.000000,4.000000,4.000000,4.000000,4.000000,4.000000,4.000000,4.000000,4.000000,4.000000,4.000000,4.000000,2.000000,4.000000,4.000000,4.000000,4.000000,4.000000,4.000000,4.000000,4.000000,4.000000,4.000000,4.000000,4.000000,4.000000,83.333336
1614076767.409692,60.000000,0.000000,1.325516,-2.842627,22.329256,5.110342,18.523064,6.920543,0.868929,11.863925,17.261185,6.341725,10.075306,10.736695,6.615424,7.554837,0.471366,20.426077,4.614555,13.069724,-1.311074,-4.922768,-7.418622,-3.297042,-6.122965,-4.826383,0.626504,-6.242011,-4.588395,-7.866076,3.557924,0.893681,-0.678253,-3.125607,8064.000000,0.000000,4.000000,,,,0.000000,4.000000,4.000000,4.000000,4.000000,4.000000,4.000000,4.000000,4.000000,4.000000,4.000000,4.000000,4.000000,4.000000,4.000000,4.000000,4.000000,4.000000,4.000000,2.000000,4.000000,4.000000,4.000000,4.000000,4.000000,4.000000,4.000000,4.000000,4.000000,4.000000,4.000000,4.000000,4.000000,83.333336
1614076767.417541,61.000000,0.000000,1.324190,-2.839784,22.306927,5.105231,19.530182,7.939263,0.868060,3.646933,18.782385,10.437947,10.065230,10.725959,6.608809,9.598564,7.650382,49.123600,5.122761,37.672039,6.895366,-7.481948,-8.949664,-4.832207,-6.116842,-4.821557,-1.425404,-4.184487,-5.096627,-7.345389,4.580007,-4.235417,-1.190395,-3.122482,8064.000000,0.000000,4.000000,,,,0.000000,4.000000,4.000000,4.000000,4.000000,4.000000,4.000000,4.000000,4.000000,4.000000,4.000000,4.000000,4.000000,4.000000,4.000000,4.000000,4.000000,4.000000,4.000000,2.000000,4.000000,4.000000,4.000000,4.000000,4.000000,4.000000,4.000000,4.000000,4.000000,4.000000,4.000000,4.000000,4.000000,83.333336
1614076767.425290,62.000000,0.000000,1.322866,-2.836945,21.771799,4.074485,15.408089,8.444144,0.867192,0.053542,17.225142,8.889048,10.055165,8.663951,7.627841,9.076145,16.360680,45.997555,4.604817,39.685650,14.067958,-5.936004,-8.940715,0.813651,-6.623546,-6.355197,-3.988081,-5.718764,-5.604352,-7.850864,4.575427,-8.333746,-1.702025,-4.657821,8064.000000,0.000000,4.000000,,,,0.000000,4.000000,4.000000,4.000000,4.000000,4.000000,4.000000,4.000000,4.000000,4.000000,4.000000,4.000000,4.000000,4.000000,4.000000,4.000000,4.000000,4.000000,4.000000,2.000000,4.000000,4.000000,4.000000,4.000000,4.000000,4.000000,4.000000,4.000000,4.000000,4.000000,4.000000,4.000000,4.000000,83.333336
1614076767.433139,63.000000,0.000000,1.321543,-2.321287,22.775669,4.583231,11.290116,8.435700,0.866325,1.591950,11.566890,6.316056,10.045110,4.039902,3.517649,3.426044,9.164832,16.207966,4.600213,29.389553,17.643633,-2.853145,-4.829210,6.453863,-6.104102,-6.348842,-0.907170,-4.687404,-5.085927,-7.330193,5.083672,-7.812592,-1.700323,-1.063419,8064.000000,0.000000,4.000000,,,,0.000000,4.000000,4.000000,4.000000,4.000000,4.000000,4.000000,4.000000,4.000000,4.000000,4.000000,4.000000,4.000000,4.000000,4.000000,4.000000,4.000000,4.000000,4.000000,2.000000,4.000000,4.000000,4.000000,4.000000,4.000000,4.000000,4.000000,4.000000,4.000000,4.000000,4.000000,4.000000,4.000000,83.333336
1614076767.440888,64.000000,0.000000,1.320222,-3.344607,19.675970,5.604289,10.766006,4.837521,0.865459,1.590358,6.939939,6.822561,9.522244,-1.092343,-3.665356,2.909797,2.489001,4.396886,5.621253,24.744780,5.318297,-3.363113,-5.337201,-1.244898,-5.585177,-5.829672,-0.393442,-1.605794,-4.568020,-7.322863,2.001665,-8.317599,-1.698623,0.988926,0.000000,211.000000,4.000000,,,,0.000000,4.000000,4.000000,4.000000,4.000000,4.000000,4.000000,4.000000,4.000000,4.000000,4.000000,4.000000,4.000000,4.000000,4.000000,4.000000,4.000000,4.000000,4.000000,2.000000,4.000000,4.000000,4.000000,4.000000,4.000000,4.000000,4.000000,4.000000,4.000000,4.000000,4.000000,4.000000,4.000000,83.333336
1614076767.448737,65.000000,0.000000,1.318902,-5.392544,12.476807,1.496120,9.216778,-1.321163,0.351773,0.563127,6.420178,3.225995,10.025543,-2.116892,-4.687332,1.881246,2.999332,11.059155,4.077170,11.899522,-19.815226,-7.975134,-14.049812,-12.012884,-6.605233,-4.798202,-6.546895,-4.168291,-7.640375,-7.315540,-2.615721,-14.463128,-1.696924,-6.191550,0.000000,187.000000,4.000000,,,,0.000000,4.000000,4.000000,4.000000,4.000000,4.000000,4.000000,4.000000,4.000000,4.000000,4.000000,4.000000,4.000000,4.000000,4.000000,4.000000,4.000000,4.000000,4.000000,2.000000,4.000000,4.000000,4.000000,4.000000,4.000000,4.000000,4.000000,4.000000,4.000000,4.000000,4.000000,4.000000,4.000000,83.333336
1614076767.456486,66.000000,0.000000,0.804762,-6.412793,9.387406,-2.607940,5.104997,-3.883944,1.377062,2.613846,6.413758,0.145846,10.528337,1.987789,-1.605721,-0.684738,4.534794,31.048096,6.124375,12.400442,-16.718489,-4.377416,-14.548583,-11.488050,-6.085807,-7.870327,-7.053169,-8.266686,-9.171196,-7.308224,-3.638747,-20.602510,-1.695227,-11.826385,0.000000,171.000000,4.000000,,,,0.000000,4.000000,4.000000,4.000000,4.000000,4.000000,4.000000,4.000000,4.000000,4.000000,4.000000,4.000000,4.000000,4.000000,4.000000,4.000000,4.000000,4.000000,4.000000,2.000000,4.000000,4.000000,4.000000,4.000000,4.000000,4.000000,4.000000,4.000000,4.000000,4.000000,4.000000,4.000000,4.000000,83.333336
1614076767.464335,67.000000,0.000000,2.855240,-6.919200,10.916481,0.471591,3.561430,-2.854419,3.426967,5.688155,6.407344,3.735443,10.517809,8.652468,-0.065654,4.444152,6.068721,38.709354,12.784918,34.952145,13.554641,7.934654,-0.175060,-1.732973,2.125407,-8.888097,1.671833,-6.719958,-3.520999,-7.300916,-3.122287,-20.069088,-1.693532,-7.199173,0.000000,188.000000,4.000000,,,,0.000000,4.000000,4.000000,4.000000,4.000000,4.000000,4.000000,4.000000,4.000000,4.000000,4.000000,4.000000,4.000000,4.000000,4.000000,4.000000,4.000000,4.000000,4.000000,2.000000,4.000000,4.000000,4.000000,4.000000,4.000000,4.000000,4.000000,4.000000,4.000000,4.000000,4.000000,4.000000,4.000000,83.333336
1614076767.472084,68.000000,0.000000,4.903666,-6.399461,10.905564,5.086504,4.070690,-2.851565,4.962001,9.272210,8.965039,6.808631,9.994471,10.695098,1.985694,11.619195,6.062653,23.286032,14.823415,41.071037,18.156471,12.029284,8.030243,7.499529,6.225845,0.351560,8.336828,-4.661956,2.123547,-7.293615,-3.119165,-17.484917,-2.204659,-4.115051,0.000000,201.000000,4.000000,,,,0.000000,4.000000,4.000000,4.000000,4.000000,4.000000,4.000000,4.000000,4.000000,4.000000,4.000000,4.000000,4.000000,4.000000,4.000000,4.000000,4.000000,4.000000,4.000000,2.000000,4.000000,4.000000,4.000000,4.000000,4.000000,4.000000,4.000000,4.000000,4.000000,4.000000,4.000000,4.000000,4.000000,83.333336
1614076767.479933,69.000000,0.000000,5.411583,-4.341779,10.381838,4.568597,4.066619,-3.361534,4.444219,9.775759,10.494535,6.801822,13.574220,10.684402,5.573452,14.684499,7.082231,34.544796,12.757310,35.388943,4.804981,5.350588,-0.182916,5.440748,-0.447047,4.453773,8.328491,-5.682935,2.634244,-7.286321,-3.628866,-15.928970,-2.202454,-5.136577,0.000000,184.000000,4.000000,,,,0.000000,4.000000,4.000000,4.000000,4.000000,4.000000,4.000000,4.000000,4.000000,4.000000,4.000000,4.000000,4.000000,4.000000,4.000000,4.000000,4.000000,4.000000,4.000000,2.000000,4.000000,4.000000,4.000000,4.000000,4.000000,4.000000,4.000000,4.000000,4.000000,4.000000,4.000000,4.000000,4.000000,83.333336
1614076767.487682,70.000000,0.000000,4.893351,-2.286155,10.884276,4.051208,4.062552,-2.845352,4.439775,7.201880,10.484041,6.795021,14.586287,11.699359,8.131981,15.182635,11.177712,60.664097,12.744552,37.917656,3.261714,0.729853,-7.875041,-2.769821,-6.600446,-4.268630,4.217598,-5.164432,2.118789,-7.279035,-3.112417,-16.938683,-1.174611,-4.105799,0.000000,186.000000,4.000000,,,,0.000000,4.000000,4.000000,4.000000,4.000000,4.000000,4.000000,4.000000,4.000000,4.000000,4.000000,4.000000,4.000000,4.000000,4.000000,4.000000,4.000000,4.000000,4.000000,2.000000,4.000000,4.000000,4.000000,4.000000,4.000000,4.000000,4.000000,4.000000,4.000000,4.000000,4.000000,4.000000,4.000000,83.333336
1614076767.495531,71.000000,0.000000,4.888458,-2.283869,10.873392,5.072798,3.032849,-2.842506,4.435335,6.169037,10.473557,1.660020,3.802470,3.995352,5.559746,7.475145,6.551150,39.577793,7.090782,27.110508,1.719991,-6.963185,-8.892806,-6.356795,-5.568205,-9.905387,0.110817,-5.159267,2.629491,-7.271756,-3.109305,-17.947384,-2.711898,-6.152976,0.000000,173.000000,4.000000,,,,0.000000,4.000000,4.000000,4.000000,4.000000,4.000000,4.000000,4.000000,4.000000,4.000000,4.000000,4.000000,4.000000,4.000000,4.000000,4.000000,4.000000,4.000000,4.000000,2.000000,4.000000,4.000000,4.000000,4.000000,4.000000,4.000000,4.000000,4.000000,4.000000,4.000000,4.000000,4.000000,4.000000,83.333336
1614076767.503280,72.000000,0.000000,4.883569,-2.794406,10.862519,4.554904,0.465713,-2.839664,4.430900,4.624407,10.463083,-5.008307,-5.432102,-7.803515,0.938802,-6.378484,-3.711811,10.820267,-0.095796,12.724422,3.256733,-11.571607,-8.371093,-8.401720,-6.075457,-10.408302,1.649168,-5.154108,3.139682,-7.264484,-3.106195,-8.185847,-1.683545,-7.685284,0.000000,195.000000,4.000000,,,,0.000000,4.000000,4.000000,4.000000,4.000000,4.000000,4.000000,4.000000,4.000000,4.000000,4.000000,4.000000,4.000000,4.000000,4.000000,4.000000,4.000000,4.000000,4.000000,2.000000,4.000000,4.000000,4.000000,4.000000,4.000000,4.000000,4.000000,4.000000,4.000000,4.000000,4.000000,4.000000,4.000000,83.333336
1614076767.511129,73.000000,0.000000,5.391506,-2.278791,10.338836,4.550350,-0.047573,-2.836824,4.426469,-1.021243,10.452621,-5.516119,-5.426670,-7.282891,-1.113419,-8.936208,-0.118356,27.732523,8.622249,31.686056,17.612450,0.234837,-0.157594,-5.829216,-4.530920,-9.372252,6.775723,-1.046390,4.675004,-5.718758,-3.103089,9.258236,4.471985,3.091632,0.000000,188.000000,4.000000,,,,0.000000,4.000000,4.000000,4.000000,4.000000,4.000000,4.000000,4.000000,4.000000,4.000000,4.000000,4.000000,4.000000,4.000000,4.000000,4.000000,4.000000,4.000000,4.000000,2.000000,4.000000,4.000000,4.000000,4.000000,4.000000,4.000000,4.000000,4.000000,4.000000,4.000000,4.000000,4.000000,4.000000,83.333336
1614076767.518878,74.000000,0.000000,5.386115,-2.276512,10.841318,4.545799,0.978116,-2.833987,4.422042,-6.148427,10.442168,-4.997782,-4.908422,-3.685864,-0.599485,-2.260605,7.061250,38.986843,19.382856,50.628731,17.082018,11.516653,10.098974,5.971485,-1.962287,2.944812,7.794589,2.031580,6.721611,-3.661757,-3.099986,15.402823,10.108539,14.370591,0.000000,189.000000,4.000000,,,,0.000000,4.000000,4.000000,4.000000,4.000000,4.000000,4.000000,4.000000,4.000000,4.000000,4.000000,4.000000,4.000000,4.000000,4.000000,4.000000,4.000000,4.000000,4.000000,2.000000,4.000000,4.000000,4.000000,4.000000,4.000000,4.000000,4.000000,4.000000,4.000000,4.000000,4.000000,4.000000,4.000000,83.333336
1614076767.526627,75.000000,0.000000,1.790985,-4.325518,10.830477,4.541254,-0.048504,-2.831153,4.417620,-4.603817,10.944547,-4.992784,-4.390694,-5.733460,-0.598886,-0.719883,-0.125299,20.999138,11.671166,30.065281,-2.422244,1.248726,5.473491,5.452693,-6.062889,12.172636,6.761153,2.542369,4.663608,-3.145275,-3.096886,11.284857,9.585609,15.381862,0.000000,198.000000,4.000000,,,,0.000000,4.000000,4.000000,4.000000,4.000000,4.000000,4.000000,4.000000,4.000000,4.000000,4.000000,4.000000,4.000000,4.000000,4.000000,4.000000,4.000000,4.000000,4.000000,2.000000,4.000000,4.000000,4.000000,4.000000,4.000000,4.000000,4.000000,4.000000,4.000000,4.000000,4.000000,4.000000,4.000000,83.333336
1614076767.534376,76.000000,0.000000,2.302015,-6.372474,10.306826,4.536712,0.464366,-2.828322,4.413203,-1.522290,10.933601,1.166055,2.280364,-1.625163,-1.111107,0.306478,-4.740558,15.337112,0.890265,13.112139,-10.624950,-12.085855,-3.762752,-15.578401,-13.236313,1.904053,7.267212,2.027006,0.043559,-3.654950,-3.093789,9.735110,8.550383,13.315198,0.000000,191.000000,4.000000,,,,0.000000,4.000000,4.000000,4.000000,4.000000,4.000000,4.000000,4.000000,4.000000,4.000000,4.000000,4.000000,4.000000,4.000000,4.000000,4.000000,4.000000,4.000000,4.000000,2.000000,4.000000,4.000000,4.000000,4.000000,4.000000,4.000000,4.000000,4.000000,4.000000,4.000000,4.000000,4.000000,4.000000,83.333336
1614076767.542026,77.000000,0.000000,4.863815,-6.366102,11.834980,4.532176,3.540824,-2.825494,4.408790,0.530514,9.897027,6.805914,7.406289,6.581590,-0.597176,5.434376,2.443670,24.552544,0.889374,25.919538,2.206188,-11.048129,-2.733348,-21.203848,-13.735897,-6.302979,7.772766,2.024979,-2.007766,-3.651295,-3.090695,10.238195,9.567473,14.840344,0.000000,197.000000,4.000000,,,,0.000000,4.000000,4.000000,4.000000,4.000000,4.000000,4.000000,4.000000,4.000000,4.000000,4.000000,4.000000,4.000000,4.000000,4.000000,4.000000,4.000000,4.000000,4.000000,2.000000,4.000000,4.000000,4.000000,4.000000,4.000000,4.000000,4.000000,4.000000,4.000000,4.000000,4.000000,4.000000,4.000000,83.333336
1614076767.549775,78.000000,0.000000,-0.269254,-6.359735,14.900068,4.527643,4.562924,-2.822668,4.404381,1.555625,10.912771,6.799109,6.886062,3.498086,-0.596579,6.967403,2.954047,24.527992,1.914126,24.867979,14.511674,-9.498619,0.346308,-6.823670,-13.209340,-0.142830,7.252172,3.048595,-1.492938,-3.647644,-3.087605,9.715137,9.557906,14.825504,0.000000,185.000000,4.000000,,,,0.000000,4.000000,4.000000,4.000000,4.000000,4.000000,4.000000,4.000000,4.000000,4.000000,4.000000,4.000000,4.000000,4.000000,4.000000,4.000000,4.000000,4.000000,4.000000,2.000000,4.000000,4.000000,4.000000,4.000000,4.000000,4.000000,4.000000,4.000000,4.000000,4.000000,4.000000,4.000000,4.000000,83.333336
1614076767.557424,79.000000,0.000000,-6.422831,-6.353376,13.859527,4.523116,1.994259,-2.819846,4.399976,1.554069,10.389038,6.279489,6.366355,-3.172079,-0.595982,7.473257,0.386990,23.477823,0.373750,9.458495,8.343316,-12.053223,-1.705320,-2.201461,-14.221772,1.395775,7.244920,5.096828,-1.491445,-3.643996,-3.084517,9.192601,9.035528,12.246576,0.000000,205.000000,4.000000,,,,0.000000,4.000000,4.000000,4.000000,4.000000,4.000000,4.000000,4.000000,4.000000,4.000000,4.000000,4.000000,4.000000,4.000000,4.000000,4.000000,4.000000,4.000000,4.000000,2.000000,4.000000,4.000000,4.000000,4.000000,4.000000,4.000000,4.000000,4.000000,4.000000,4.000000,4.000000,4.000000,4.000000,83.333336
1614076767.565173,80.000000,0.000000,-3.852305,-6.347023,11.281565,4.518592,0.453803,-2.817026,4.395576,1.552515,4.224802,6.273210,5.334348,-2.143266,-0.595386,5.414501,5.001988,23.967165,0.886197,17.141344,-3.459899,-10.502708,-1.703615,-4.763362,-8.566525,-2.708185,7.237676,6.117373,-2.002774,-3.640352,-3.081433,7.644948,9.539312,9.670227,0.000000,202.000000,4.000000,,,,0.000000,4.000000,4.000000,4.000000,4.000000,4.000000,4.000000,4.000000,4.000000,4.000000,4.000000,4.000000,4.000000,4.000000,4.000000,4.000000,4.000000,4.000000,4.000000,2.000000,4.000000,4.000000,4.000000,4.000000,4.000000,4.000000,4.000000,4.000000,4.000000,4.000000,4.000000,4.000000,4.000000,83.333336
1614076767.572822,81.000000,0.000000,-1.284350,-6.340675,11.783104,5.026895,0.966170,-2.814209,4.391181,1.550962,-0.907627,3.702834,2.764911,-0.602661,-1.620432,-3.821682,3.971345,12.148327,0.885311,23.278049,0.133304,-7.928103,-0.676270,-1.168856,-2.404112,-3.218297,7.230438,5.598434,-1.487951,-3.636712,-3.078351,5.586020,9.016953,10.173377,0.000000,170.000000,4.000000,,,,0.000000,4.000000,4.000000,4.000000,4.000000,4.000000,4.000000,4.000000,4.000000,4.000000,4.000000,4.000000,4.000000,4.000000,4.000000,4.000000,4.000000,4.000000,4.000000,2.000000,4.000000,4.000000,4.000000,4.000000,4.000000,4.000000,4.000000,4.000000,4.000000,4.000000,4.000000,4.000000,4.000000,83.333336
1614076767.580571,82.000000,0.000000,-2.821528,-6.334335,8.181578,4.509047,-0.060437,-2.811395,4.386789,1.549412,-0.906720,2.160669,2.762146,-3.678982,-4.182914,-6.894784,-2.699293,7.007973,1.397246,7.870156,7.312658,-5.868893,-1.188415,0.370775,-1.888887,-1.676618,7.223207,5.592836,-1.486463,-3.633075,-3.075273,5.067614,9.007936,10.676024,0.000000,205.000000,4.000000,,,,0.000000,4.000000,4.000000,4.000000,4.000000,4.000000,4.000000,4.000000,4.000000,4.000000,4.000000,4.000000,4.000000,4.000000,4.000000,4.000000,4.000000,4.000000,4.000000,2.000000,4.000000,4.000000,4.000000,4.000000,4.000000,4.000000,4.000000,4.000000,4.000000,4.000000,4.000000,4.000000,4.000000,83.333336
1614076767.588220,83.000000,0.000000,-2.818706,-6.328001,4.583652,5.017358,1.478085,-2.808583,4.382403,1.547862,-0.392992,2.671329,2.759384,-5.213764,-4.691551,1.830060,1.405970,22.385580,6.524054,12.990491,4.741243,-3.298921,-0.674406,1.908866,-2.399819,-2.187762,7.215984,5.587243,-1.484977,-3.629442,-3.072197,5.575367,9.511748,6.562784,0.000000,182.000000,4.000000,,,,0.000000,4.000000,4.000000,4.000000,4.000000,4.000000,4.000000,4.000000,4.000000,4.000000,4.000000,4.000000,4.000000,4.000000,4.000000,4.000000,4.000000,4.000000,4.000000,2.000000,4.000000,4.000000,4.000000,4.000000,4.000000,4.000000,4.000000,4.000000,4.000000,4.000000,4.000000,4.000000,4.000000,83.333336
1614076767.595969,84.000000,0.000000,-2.303067,-6.321672,3.553427,5.012341,3.527889,-2.292954,4.378020,1.546314,-0.905420,3.181478,2.243804,-4.182909,-2.122757,7.469255,7.045590,36.722168,11.645735,35.028782,8.839066,-0.218699,-1.699372,6.522341,-1.371778,-2.185574,7.208768,5.581656,-1.483492,-3.625813,-3.069125,6.082612,6.938134,2.453657,0.000000,171.000000,4.000000,,,,0.000000,4.000000,4.000000,4.000000,4.000000,4.000000,4.000000,4.000000,4.000000,4.000000,4.000000,4.000000,4.000000,4.000000,4.000000,4.000000,4.000000,4.000000,4.000000,2.000000,4.000000,4.000000,4.000000,4.000000,4.000000,4.000000,4.000000,4.000000,4.000000,4.000000,4.000000,4.000000,4.000000,83.333336
1614076767.603619,85.000000,0.000000,-2.300764,-6.315351,-1.578331,1.930406,-1.603844,-4.341943,4.373642,1.544768,-0.904514,2.665476,5.831304,-4.178727,-0.582173,6.436145,7.038544,41.300831,13.685371,39.096317,12.932791,1.832801,-4.774596,6.002998,-3.934509,-2.183388,7.201560,5.576075,-1.482008,-3.622187,-3.066056,2.486786,2.315811,2.964024,0.000000,192.000000,4.000000,,,,0.000000,4.000000,4.000000,4.000000,4.000000,4.000000,4.000000,4.000000,4.000000,4.000000,4.000000,4.000000,4.000000,4.000000,4.000000,4.000000,4.000000,4.000000,4.000000,2.000000,4.000000,4.000000,4.000000,4.000000,4.000000,4.000000,4.000000,4.000000,4.000000,4.000000,4.000000,4.000000,4.000000,83.333336
1614076767.611468,86.000000,0.000000,-2.298463,-6.309035,-7.217779,-2.686909,-7.243266,-6.388884,4.369269,2.568864,-0.390789,2.662811,10.440857,-4.174548,-0.581591,6.429709,8.057147,41.772350,12.133224,37.005939,3.176269,-0.733134,-8.359565,0.868790,-4.956215,-2.181205,7.194358,5.570498,-1.480526,-3.618565,-3.062990,-1.618265,1.287855,1.935419,0.000000,191.000000,4.000000,,,,0.000000,4.000000,4.000000,4.000000,4.000000,4.000000,4.000000,4.000000,4.000000,4.000000,4.000000,4.000000,4.000000,4.000000,4.000000,4.000000,4.000000,4.000000,4.000000,2.000000,4.000000,4.000000,4.000000,4.000000,4.000000,4.000000,4.000000,4.000000,4.000000,4.000000,4.000000,4.000000,4.000000,83.333336
1614076767.619217,87.000000,0.000000,-2.808985,-6.302726,-6.184920,-3.709863,-7.236023,-6.895315,4.364900,1.027834,-0.390399,3.685789,7.866313,-4.170373,-1.093830,4.884818,-1.181680,20.704939,6.992886,28.763805,-4.006395,-5.860606,-9.889667,-0.670540,-2.899977,-2.179024,7.187163,5.564928,-1.479046,-3.614946,-3.059927,-0.591006,1.799387,-0.630619,0.000000,178.000000,4.000000,,,,0.000000,4.000000,4.000000,4.000000,4.000000,4.000000,4.000000,4.000000,4.000000,4.000000,4.000000,4.000000,4.000000,4.000000,4.000000,4.000000,4.000000,4.000000,4.000000,2.000000,4.000000,4.000000,4.000000,4.000000,4.000000,4.000000,4.000000,4.000000,4.000000,4.000000,4.000000,4.000000,4.000000,83.333336
1614076767.627066,88.000000,0.000000,-2.293356,-6.809244,-3.614632,-3.193333,-8.767248,-6.888420,4.360535,-2.562938,-0.902829,1.630821,3.243063,-4.166203,-0.579915,0.777369,-14.001011,0.684233,1.857688,7.709400,-0.925466,-6.367566,-7.315675,-0.669869,-3.409898,-2.176845,7.179976,5.559363,-1.990387,-3.611331,-3.569688,0.435226,-0.253694,-1.655629,0.000000,197.000000,4.000000,,,,0.000000,4.000000,4.000000,4.000000,4.000000,4.000000,4.000000,4.000000,4.000000,4.000000,4.000000,4.000000,4.000000,4.000000,4.000000,4.000000,4.000000,4.000000,4.000000,2.000000,4.000000,4.000000,4.000000,4.000000,4.000000,4.000000,4.000000,4.000000,4.000000,4.000000,4.000000,4.000000,4.000000,83.333336
1614076767.634815,89.000000,0.000000,2.324322,-6.802435,-4.636659,-3.702960,-11.322584,-6.881531,4.356174,-1.534734,-0.901926,-4.011835,1.188538,-4.162036,-0.579335,-2.300332,-6.294702,21.196369,3.394292,12.317076,-0.924540,-1.232993,0.383949,0.869262,-5.970591,-2.174668,7.172796,5.040983,-1.475576,-4.120541,-3.566118,-2.129312,-2.304723,-1.141153,0.000000,205.000000,4.000000,,,,0.000000,4.000000,4.000000,4.000000,4.000000,4.000000,4.000000,4.000000,4.000000,4.000000,4.000000,4.000000,4.000000,4.000000,4.000000,4.000000,4.000000,4.000000,4.000000,2.000000,4.000000,4.000000,4.000000,4.000000,4.000000,4.000000,4.000000,4.000000,4.000000,4.000000,4.000000,4.000000,4.000000,83.333336
1614076767.642664,90.000000,0.000000,5.398921,-6.282812,-4.119201,-2.673616,-8.234338,-6.361829,4.351818,-3.071661,-0.388204,-6.059105,-0.863933,-5.183516,-1.604397,-1.272390,9.096208,45.277737,4.929359,41.535526,2.666128,1.332343,5.511770,5.483778,-6.477440,-2.685313,7.165624,5.548763,-1.474100,-4.116420,-3.049731,-0.075900,-2.302418,-0.627191,0.000000,117.000000,4.000000,,,,0.000000,4.000000,4.000000,4.000000,4.000000,4.000000,4.000000,4.000000,4.000000,4.000000,4.000000,4.000000,4.000000,4.000000,4.000000,4.000000,4.000000,4.000000,4.000000,2.000000,4.000000,4.000000,4.000000,4.000000,4.000000,4.000000,4.000000,4.000000,4.000000,4.000000,4.000000,4.000000,4.000000,83.333336
1614076767.650413,91.000000,0.000000,5.393522,-6.789350,-3.602262,-4.209404,-7.200463,-7.381108,4.347466,-11.786537,-0.900636,-4.514585,-0.863069,-4.152691,0.961310,3.857087,10.625573,46.258099,3.898789,51.237583,12.407052,-0.207451,6.531899,6.503934,-5.958142,-2.169808,7.158458,7.594496,-2.498267,-3.599483,-3.559502,4.539560,-1.787295,-0.626564,0.000000,205.000000,4.000000,,,,0.000000,4.000000,4.000000,4.000000,4.000000,4.000000,4.000000,4.000000,4.000000,4.000000,4.000000,4.000000,4.000000,4.000000,4.000000,4.000000,4.000000,4.000000,4.000000,2.000000,4.000000,4.000000,4.000000,4.000000,4.000000,4.000000,4.000000,4.000000,4.000000,4.000000,4.000000,4.000000,4.000000,83.333336
1614076767.658262,92.000000,0.000000,4.875308,-5.756919,-5.137121,-2.153913,-7.193262,-5.835266,4.343119,-10.236289,-0.386915,-6.048532,1.189076,-2.097256,7.114195,10.007076,11.127769,58.519535,5.433352,42.981216,11.881824,0.305577,6.525367,3.933328,-5.952184,-0.116356,6.638479,9.638184,0.068333,-4.108704,0.033801,5.560662,-1.785508,-2.164399,0.000000,166.000000,4.000000,,,,0.000000,4.000000,4.000000,4.000000,4.000000,4.000000,4.000000,4.000000,4.000000,4.000000,4.000000,4.000000,4.000000,4.000000,4.000000,4.000000,4.000000,4.000000,4.000000,2.000000,4.000000,4.000000,4.000000,4.000000,4.000000,4.000000,4.000000,4.000000,4.000000,4.000000,4.000000,4.000000,4.000000,83.333336
1614076767.666011,93.000000,0.000000,5.383254,-0.622957,1.021862,8.104651,-0.006582,0.324416,3.825955,-0.482463,3.716036,-4.504022,3.239169,-1.582339,9.158362,10.509890,11.629461,58.461014,4.915098,31.143364,8.280199,0.818091,5.493201,2.903754,-6.459053,1.422222,8.170302,9.115725,4.683650,-4.104595,8.751716,8.119204,-1.783722,1.427509,0.000000,198.000000,4.000000,,,,0.000000,4.000000,4.000000,4.000000,4.000000,4.000000,4.000000,4.000000,4.000000,4.000000,4.000000,4.000000,4.000000,4.000000,4.000000,4.000000,4.000000,4.000000,4.000000,2.000000,4.000000,4.000000,4.000000,4.000000,4.000000,4.000000,4.000000,4.000000,4.000000,4.000000,4.000000,4.000000,4.000000,83.333336
1614076767.673860,94.000000,0.000000,4.865050,6.044333,11.790071,16.301676,7.685732,4.939476,4.847770,1.056481,7.302064,4.731252,4.774391,0.983346,7.097922,9.986559,2.899883,26.094862,3.884542,19.830168,12.887303,0.817273,7.538990,3.413671,-6.452594,1.933620,10.213414,9.106609,6.730248,0.002073,15.409631,14.777751,-1.781938,10.656851,0.000000,173.000000,4.000000,,,,0.000000,4.000000,4.000000,4.000000,4.000000,4.000000,4.000000,4.000000,4.000000,4.000000,4.000000,4.000000,4.000000,4.000000,4.000000,4.000000,4.000000,4.000000,4.000000,2.000000,4.000000,4.000000,4.000000,4.000000,4.000000,4.000000,4.000000,4.000000,4.000000,4.000000,4.000000,4.000000,4.000000,83.333336
1614076767.681609,95.000000,0.000000,5.373005,8.602390,13.316743,16.285374,9.216508,4.934536,6.894204,8.234911,7.807582,11.906008,6.308079,7.649030,7.090824,13.053495,6.999547,29.658510,13.111426,34.169312,14.412877,1.329277,14.710938,5.461539,-2.856397,5.008610,11.228842,9.097503,5.697877,4.104635,15.907042,17.327076,-1.780156,14.235937,0.000000,190.000000,4.000000,,,,0.000000,4.000000,4.000000,4.000000,4.000000,4.000000,4.000000,4.000000,4.000000,4.000000,4.000000,4.000000,4.000000,4.000000,4.000000,4.000000,4.000000,4.000000,4.000000,2.000000,4.000000,4.000000,4.000000,4.000000,4.000000,4.000000,4.000000,4.000000,4.000000,4.000000,4.000000,4.000000,4.000000,83.333336
1614076767.689458,96.000000,0.000000,5.367632,8.593788,7.662400,15.243447,7.668830,4.416781,7.912951,23.098471,7.286954,10.355639,7.327412,11.743945,7.083734,14.066083,23.402803,62.449364,18.226521,57.724888,7.218977,1.327947,15.721868,5.456077,1.249023,9.106165,10.704792,9.088405,5.692179,4.100531,14.352674,17.309750,-1.778376,10.631958,8192.000000,0.000000,4.000000,,,,0.000000,4.000000,4.000000,4.000000,4.000000,4.000000,4.000000,4.000000,4.000000,4.000000,4.000000,4.000000,4.000000,4.000000,4.000000,4.000000,4.000000,4.000000,4.000000,2.000000,4.000000,4.000000,4.000000,4.000000,4.000000,4.000000,4.000000,4.000000,4.000000,4.000000,4.000000,4.000000,4.000000,83.333336
1614076767.697207,97.000000,0.000000,1.259700,8.585195,6.629097,14.202562,7.661161,4.925185,8.417859,16.408707,6.766847,9.832464,9.371367,11.219380,6.563829,14.052017,19.276836,53.668968,7.439063,47.410751,5.160476,4.916363,12.116403,1.860878,-0.803508,8.584239,10.694087,9.079316,5.686487,3.070789,15.876782,15.753978,-1.776598,9.595685,8064.000000,0.000000,4.000000,,,,0.000000,4.000000,4.000000,4.000000,4.000000,4.000000,4.000000,4.000000,4.000000,4.000000,4.000000,4.000000,4.000000,4.000000,4.000000,4.000000,4.000000,4.000000,4.000000,2.000000,4.000000,4.000000,4.000000,4.000000,4.000000,4.000000,4.000000,4.000000,4.000000,4.000000,4.000000,4.000000,4.000000,83.333336
1614076767.705056,98.000000,0.000000,-2.844123,8.576610,8.160930,10.598617,8.679141,4.920260,7.896620,2.033323,7.272901,11.361093,10.387636,9.156878,7.582906,14.550786,4.385765,31.051195,0.764957,27.876162,6.180957,2.860165,15.181210,0.320555,-2.853987,7.550013,10.683393,9.070237,5.680800,3.580539,15.860906,13.686941,-1.774821,10.611730,8064.000000,0.000000,4.000000,,,,0.000000,4.000000,4.000000,4.000000,4.000000,4.000000,4.000000,4.000000,4.000000,4.000000,4.000000,4.000000,4.000000,4.000000,4.000000,4.000000,4.000000,4.000000,4.000000,2.000000,4.000000,4.000000,4.000000,4.000000,4.000000,4.000000,4.000000,4.000000,4.000000,4.000000,4.000000,4.000000,4.000000,83.333336
1614076767.712805,99.000000,0.000000,-2.841279,8.568032,7.639948,8.023915,8.157641,4.915339,5.837441,3.569751,7.265627,6.221527,7.300325,5.045158,3.472759,9.920851,1.817277,31.020144,0.764192,21.694439,-2.030352,-14.065772,10.550643,-0.705406,-2.338312,9.080925,10.672709,9.061167,6.187940,4.089779,11.229660,13.673255,-1.773046,10.601118,8064.000000,0.000000,4.000000,,,,0.000000,4.000000,4.000000,4.000000,4.000000,4.000000,4.000000,4.000000,4.000000,4.000000,4.000000,4.000000,4.000000,4.000000,4.000000,4.000000,4.000000,4.000000,4.000000,2.000000,4.000000,4.000000,4.000000,4.000000,4.000000,4.000000,4.000000,4.000000,4.000000,4.000000,4.000000,4.000000,4.000000,83.333336
1614076767.720654,100.000000,0.000000,-2.838438,8.046644,6.093846,6.477429,1.995638,2.859142,3.780322,-0.023562,-0.433946,-2.502644,4.216102,2.476010,-5.248662,3.244263,0.276998,16.630150,-5.390419,16.544540,-3.053963,-20.205553,-0.229138,-4.807265,-2.848794,8.046203,10.149217,9.052106,2.592008,3.060048,7.115866,11.608299,-2.284094,8.539235,8064.000000,0.000000,4.000000,,,,0.000000,4.000000,4.000000,4.000000,4.000000,4.000000,4.000000,4.000000,4.000000,4.000000,4.000000,4.000000,4.000000,4.000000,4.000000,4.000000,4.000000,4.000000,4.000000,2.000000,4.000000,4.000000,4.000000,4.000000,4.000000,4.000000,4.000000,4.000000,4.000000,4.000000,4.000000,4.000000,4.000000,83.333336
1614076767.728403,101.000000,0.000000,-2.322779,8.038597,2.498009,4.419670,-3.647383,0.805001,4.289362,-9.767128,-8.638640,-6.602705,2.160604,2.986355,-6.781875,1.702557,-1.261740,4.818647,-0.769643,32.425430,21.051655,1.353114,11.053143,2.377029,0.230978,3.935593,10.651888,9.043054,3.102237,3.569808,7.108750,6.468486,-1.256169,5.453773,8064.000000,0.000000,4.000000,,,,0.000000,4.000000,4.000000,4.000000,4.000000,4.000000,4.000000,4.000000,4.000000,4.000000,4.000000,4.000000,4.000000,4.000000,4.000000,4.000000,4.000000,4.000000,4.000000,2.000000,4.000000,4.000000,4.000000,4.000000,4.000000,4.000000,4.000000,4.000000,4.000000,4.000000,4.000000,4.000000,4.000000,83.333336
1614076767.736252,102.000000,0.000000,2.294928,8.030559,-0.581412,4.415250,-4.156557,0.804196,4.285073,-1.039412,-6.578719,-4.544820,2.158443,2.470548,-2.159708,2.726496,7.970291,22.249725,17.692665,51.367363,33.851116,20.326120,27.452345,13.656704,6.897413,8.034221,13.205338,9.034011,10.278622,6.130341,7.614462,10.051761,0.796369,6.986781,8064.000000,0.000000,4.000000,,,,0.000000,4.000000,4.000000,4.000000,4.000000,4.000000,4.000000,4.000000,4.000000,4.000000,4.000000,4.000000,4.000000,4.000000,4.000000,4.000000,4.000000,4.000000,4.000000,2.000000,4.000000,4.000000,4.000000,4.000000,4.000000,4.000000,4.000000,4.000000,4.000000,4.000000,4.000000,4.000000,4.000000,83.333336
1614076767.744001,103.000000,0.000000,5.369556,8.022529,-0.580831,4.923656,-3.126759,0.803392,4.280788,12.294960,-0.931115,-0.437711,4.207567,2.980898,0.406554,2.210948,13.090526,35.047989,21.777536,32.854458,9.714701,16.203230,17.681303,6.976380,9.454618,19.821058,13.704953,9.024977,13.345266,7.662673,7.094027,15.682734,2.334035,10.056717,8064.000000,0.000000,4.000000,,,,0.000000,4.000000,4.000000,4.000000,4.000000,4.000000,4.000000,4.000000,4.000000,4.000000,4.000000,4.000000,4.000000,4.000000,4.000000,4.000000,4.000000,4.000000,4.000000,2.000000,4.000000,4.000000,4.000000,4.000000,4.000000,4.000000,4.000000,4.000000,4.000000,4.000000,4.000000,4.000000,4.000000,83.333336
1614076767.751650,104.000000,0.000000,4.851367,5.963223,-0.067429,3.380270,-3.636453,0.802588,4.276507,12.282665,-0.417363,2.639649,5.741820,8.106122,2.457429,5.285661,16.154358,45.269352,15.089092,30.257502,2.012679,11.571642,4.843110,0.302737,8.419523,22.365339,11.127146,8.503131,9.742177,7.142190,7.086933,8.487565,1.818880,5.944096,8064.000000,0.000000,4.000000,,,,0.000000,4.000000,4.000000,4.000000,4.000000,4.000000,4.000000,4.000000,4.000000,4.000000,4.000000,4.000000,4.000000,4.000000,4.000000,4.000000,4.000000,4.000000,4.000000,2.000000,4.000000,4.000000,4.000000,4.000000,4.000000,4.000000,4.000000,4.000000,4.000000,4.000000,4.000000,4.000000,4.000000,83.333336
1614076767.759399,105.000000,0.000000,4.846515,4.418799,-0.580182,4.402531,-4.145637,2.853068,4.272231,13.296023,-0.929767,2.637010,6.248899,10.662118,6.557536,9.382939,22.292049,51.377930,16.099644,55.355450,27.651691,11.560070,10.992112,9.533204,9.436745,16.701950,10.090378,9.007448,9.219615,7.135047,7.592666,0.786770,1.817061,2.348408,8064.000000,0.000000,4.000000,,,,0.000000,4.000000,4.000000,4.000000,4.000000,4.000000,4.000000,4.000000,4.000000,4.000000,4.000000,4.000000,4.000000,4.000000,4.000000,4.000000,4.000000,4.000000,4.000000,2.000000,4.000000,4.000000,4.000000,4.000000,4.000000,4.000000,4.000000,4.000000,4.000000,4.000000,4.000000,4.000000,4.000000,83.333336
1614076767.767049,106.000000,0.000000,4.841669,4.414380,-0.579602,5.936590,-3.628671,4.901497,4.267958,11.231445,-0.416016,2.634373,6.242651,8.087354,7.063799,10.399197,12.013348,25.172705,15.057903,31.710350,20.957373,1.292100,14.058043,11.574952,6.863205,15.146786,10.593108,8.998441,8.697575,7.127912,7.585073,0.785983,2.328065,4.910162,8064.000000,0.000000,4.000000,,,,0.000000,4.000000,4.000000,4.000000,4.000000,4.000000,4.000000,4.000000,4.000000,4.000000,4.000000,4.000000,4.000000,4.000000,4.000000,4.000000,4.000000,4.000000,4.000000,2.000000,4.000000,4.000000,4.000000,4.000000,4.000000,4.000000,4.000000,4.000000,4.000000,4.000000,4.000000,4.000000,4.000000,83.333336
1614076767.774798,107.000000,0.000000,1.759904,4.409966,-0.066202,-3.300116,-3.112221,2.845313,4.263690,-1.087478,0.097220,2.631738,5.723587,6.027984,6.031094,9.875978,-0.306358,17.455223,11.965922,9.114537,-6.755892,-5.375859,12.505524,3.358249,2.240957,15.644460,10.582515,7.963801,5.099133,7.120784,7.577488,1.298017,1.300096,6.956534,8064.000000,0.000000,4.000000,,,,0.000000,4.000000,4.000000,4.000000,4.000000,4.000000,4.000000,4.000000,4.000000,4.000000,4.000000,4.000000,4.000000,4.000000,4.000000,4.000000,4.000000,4.000000,4.000000,2.000000,4.000000,4.000000,4.000000,4.000000,4.000000,4.000000,4.000000,4.000000,4.000000,4.000000,4.000000,4.000000,4.000000,83.333336
1614076767.782447,108.000000,0.000000,0.732503,4.405556,-0.578956,-10.476302,-3.621930,0.791186,4.259427,0.452071,-0.415697,2.116286,6.743505,6.534777,6.537883,9.866101,10.463179,49.232639,17.082161,41.925934,8.635479,3.347466,18.134045,2.842071,4.289999,15.115994,10.059112,9.494299,7.658137,7.113663,7.569911,5.399283,1.811616,6.436758,8064.000000,0.000000,4.000000,,,,0.000000,4.000000,4.000000,4.000000,4.000000,4.000000,4.000000,4.000000,4.000000,4.000000,4.000000,4.000000,4.000000,4.000000,4.000000,4.000000,4.000000,4.000000,4.000000,2.000000,4.000000,4.000000,4.000000,4.000000,4.000000,4.000000,4.000000,4.000000,4.000000,4.000000,4.000000,4.000000,4.000000,83.333336
1614076767.790196,109.000000,0.000000,3.295873,4.401150,-0.065557,-0.209416,-3.105487,0.790395,4.255167,11.733670,-0.928102,4.165452,8.788043,6.528242,6.018525,9.856236,14.555280,34.824432,17.065079,38.294266,21.447357,5.908221,20.680012,2.326408,7.875452,18.177801,10.049053,14.100189,14.317145,6.593729,7.562341,12.060551,3.861086,8.481603,8064.000000,0.000000,4.000000,,,,0.000000,4.000000,4.000000,4.000000,4.000000,4.000000,4.000000,4.000000,4.000000,4.000000,4.000000,4.000000,4.000000,4.000000,4.000000,4.000000,4.000000,4.000000,4.000000,2.000000,4.000000,4.000000,4.000000,4.000000,4.000000,4.000000,4.000000,4.000000,4.000000,4.000000,4.000000,4.000000,4.000000,83.333336
1614076767.797845,110.000000,0.000000,4.831038,4.396749,1.985791,10.047204,1.000182,0.789604,4.250912,7.106552,-0.927174,8.263850,9.804896,6.008893,6.525327,9.846379,6.848417,2.481917,11.406988,5.948279,-2.676655,2.312569,18.608051,6.426646,8.380397,18.672443,11.064645,16.137371,16.354111,7.612776,7.041958,11.535669,5.908507,8.985942,8064.000000,0.000000,4.000000,,,,0.000000,4.000000,4.000000,4.000000,4.000000,4.000000,4.000000,4.000000,4.000000,4.000000,4.000000,4.000000,4.000000,4.000000,4.000000,4.000000,4.000000,4.000000,4.000000,2.000000,4.000000,4.000000,4.000000,4.000000,4.000000,4.000000,4.000000,4.000000,4.000000,4.000000,4.000000,4.000000,4.000000,83.333336
1614076767.805594,111.000000,0.000000,4.826208,4.392352,4.035087,6.960233,4.588926,0.275994,4.246661,2.484061,-0.413426,10.306869,9.795092,6.515705,11.647007,9.836533,23.764645,35.299946,22.164812,38.762844,6.043971,16.669231,26.281750,24.368937,12.987401,18.653772,15.156144,16.121235,17.876217,10.169267,7.547737,9.472852,5.389778,6.925673,8064.000000,0.000000,4.000000,,,,0.000000,4.000000,4.000000,4.000000,4.000000,4.000000,4.000000,4.000000,4.000000,4.000000,4.000000,4.000000,4.000000,4.000000,4.000000,4.000000,4.000000,4.000000,4.000000,2.000000,4.000000,4.000000,4.000000,4.000000,4.000000,4.000000,4.000000,4.000000,4.000000,4.000000,4.000000,4.000000,4.000000,83.333336
1614076767.813243,112.000000,0.000000,4.821381,4.387960,4.031052,3.363529,5.097157,0.788539,4.242414,12.737987,-0.925834,9.783741,9.785296,7.022010,16.763565,9.826696,41.689598,65.008240,38.040085,70.006134,30.140491,35.114101,31.383673,30.498415,19.641081,25.301785,18.217911,18.669216,20.422443,10.671918,7.540189,15.104404,4.871568,6.405927,8064.000000,0.000000,4.000000,,,,0.000000,4.000000,4.000000,4.000000,4.000000,4.000000,4.000000,4.000000,4.000000,4.000000,4.000000,4.000000,4.000000,4.000000,4.000000,4.000000,4.000000,4.000000,4.000000,2.000000,4.000000,4.000000,4.000000,4.000000,4.000000,4.000000,4.000000,4.000000,4.000000,4.000000,4.000000,4.000000,4.000000,83.333336
1614076767.820993,113.000000,0.000000,4.816560,4.383572,3.514200,4.898628,3.553598,0.787750,4.238172,13.750890,-0.412087,9.773957,9.775511,5.989347,17.259623,9.816870,27.801756,32.635536,34.925121,37.628433,7.033427,32.002064,21.095879,16.108942,20.134260,28.866226,17.174053,19.676188,19.889202,11.174067,7.019828,17.140583,5.892337,6.399521,8064.000000,0.000000,4.000000,,,,0.000000,4.000000,4.000000,4.000000,4.000000,4.000000,4.000000,4.000000,4.000000,4.000000,4.000000,4.000000,4.000000,4.000000,4.000000,4.000000,4.000000,4.000000,4.000000,2.000000,4.000000,4.000000,4.000000,4.000000,4.000000,4.000000,4.000000,4.000000,4.000000,4.000000,4.000000,4.000000,4.000000,83.333336
1614076767.828642,114.000000,0.000000,4.811743,4.379189,3.510686,4.893729,4.575686,0.274142,4.233934,5.532011,3.178068,10.789824,9.765736,7.008998,17.755182,9.294232,19.568825,24.910593,29.761990,25.795935,0.872548,25.303394,17.997860,8.913345,20.114126,22.170694,18.182520,19.656511,20.894953,13.726995,8.551270,16.097801,7.937727,5.880301,8064.000000,0.000000,4.000000,,,,0.000000,4.000000,4.000000,4.000000,4.000000,4.000000,4.000000,4.000000,4.000000,4.000000,4.000000,4.000000,4.000000,4.000000,4.000000,4.000000,4.000000,4.000000,4.000000,2.000000,4.000000,4.000000,4.000000,4.000000,4.000000,4.000000,4.000000,4.000000,4.000000,4.000000,4.000000,4.000000,4.000000,83.333336
1614076767.836491,115.000000,0.000000,4.806931,4.374809,4.019996,4.376015,10.212136,2.837970,4.229700,6.552120,7.277454,9.753394,12.832892,11.617374,18.250248,9.284938,27.241564,57.706196,33.321972,58.590652,33.692188,29.893475,30.800375,14.032638,20.094011,20.097240,23.292542,23.739418,23.950981,14.738909,13.158104,19.671446,9.468251,6.387242,8064.000000,0.000000,4.000000,,,,0.000000,4.000000,4.000000,4.000000,4.000000,4.000000,4.000000,4.000000,4.000000,4.000000,4.000000,4.000000,4.000000,4.000000,4.000000,4.000000,4.000000,4.000000,4.000000,2.000000,4.000000,4.000000,4.000000,4.000000,4.000000,4.000000,4.000000,4.000000,4.000000,4.000000,4.000000,4.000000,4.000000,83.333336
1614076767.844240,116.000000,0.000000,4.802125,4.883255,3.503155,4.371639,10.714745,4.886415,4.738291,9.109671,7.270177,10.256461,14.358521,12.118577,13.103793,9.788473,17.470734,54.058746,23.545059,56.993599,27.504650,20.119991,25.128550,12.480143,10.843148,23.666887,24.294889,23.202858,17.260363,14.724170,15.709048,17.600492,8.945962,5.355213,8064.000000,0.000000,4.000000,,,,0.000000,4.000000,4.000000,4.000000,4.000000,4.000000,4.000000,4.000000,4.000000,4.000000,4.000000,4.000000,4.000000,4.000000,4.000000,4.000000,4.000000,4.000000,4.000000,2.000000,4.000000,4.000000,4.000000,4.000000,4.000000,4.000000,4.000000,4.000000,4.000000,4.000000,4.000000,4.000000,4.000000,83.333336
1614076767.852089,117.000000,0.000000,5.310143,4.878372,-0.602912,4.367267,2.498901,1.291785,2.682271,6.536458,5.211625,10.759025,10.241599,5.952612,7.449663,8.240223,0.530185,22.722635,6.085618,24.628912,-4.830547,-8.618076,1.000857,3.236894,-1.475387,19.027836,20.168032,14.974527,5.961052,13.683805,13.642056,6.300841,8.937016,2.785756,8064.000000,0.000000,4.000000,,,,0.000000,4.000000,4.000000,4.000000,4.000000,4.000000,4.000000,4.000000,4.000000,4.000000,4.000000,4.000000,4.000000,4.000000,4.000000,4.000000,4.000000,4.000000,4.000000,2.000000,4.000000,4.000000,4.000000,4.000000,4.000000,4.000000,4.000000,4.000000,4.000000,4.000000,4.000000,4.000000,4.000000,83.333336
1614076767.859838,118.000000,0.000000,4.279192,3.847852,-4.192053,4.362900,-3.144623,-2.812071,0.628306,4.478640,3.667952,6.645702,6.128793,2.356916,5.390932,2.590958,-4.085730,17.058887,1.976968,7.681207,-1.748794,-21.942791,-7.205272,-1.894548,-5.063655,12.342141,17.070940,11.369809,4.416629,11.106018,11.064312,0.140694,8.928080,2.782970,8064.000000,0.000000,4.000000,,,,0.000000,4.000000,4.000000,4.000000,4.000000,4.000000,4.000000,4.000000,4.000000,4.000000,4.000000,4.000000,4.000000,4.000000,4.000000,4.000000,4.000000,4.000000,4.000000,2.000000,4.000000,4.000000,4.000000,4.000000,4.000000,4.000000,4.000000,4.000000,4.000000,4.000000,4.000000,4.000000,4.000000,83.333336
1614076767.867687,119.000000,0.000000,4.787733,4.869646,-3.675040,4.358537,-3.654299,-3.322080,0.114857,3.448520,3.151463,-0.027611,5.609844,2.354559,5.898361,1.562726,-0.491900,6.272598,4.539093,28.186346,21.329878,-7.561874,1.519882,-0.354192,-1.981669,10.791338,17.053869,11.871261,8.001956,10.582091,11.053248,1.166195,8.919151,7.908392,8064.000000,0.000000,4.000000,,,,0.000000,4.000000,4.000000,4.000000,4.000000,4.000000,4.000000,4.000000,4.000000,4.000000,4.000000,4.000000,4.000000,4.000000,4.000000,4.000000,4.000000,4.000000,4.000000,2.000000,4.000000,4.000000,4.000000,4.000000,4.000000,4.000000,4.000000,4.000000,4.000000,4.000000,4.000000,4.000000,4.000000,83.333336
1614076767.875436,120.000000,0.000000,7.347048,5.377596,-3.158545,4.354178,-3.137824,-2.805937,0.627563,9.086097,3.148312,-1.566044,6.117054,2.352205,6.918104,12.330394,16.431669,9.856070,3.508913,52.260723,22.334188,5.266200,6.646567,6.312829,2.635698,11.293366,19.088097,11.859389,8.506775,10.571509,11.042194,1.165029,9.423053,10.977407,8064.000000,0.000000,4.000000,,,,0.000000,4.000000,4.000000,4.000000,4.000000,4.000000,4.000000,4.000000,4.000000,4.000000,4.000000,4.000000,4.000000,4.000000,4.000000,4.000000,4.000000,4.000000,4.000000,2.000000,4.000000,4.000000,4.000000,4.000000,4.000000,4.000000,4.000000,4.000000,4.000000,4.000000,4.000000,4.000000,4.000000,83.333336
1614076767.883285,121.000000,0.000000,6.826880,-0.268807,-5.206668,4.349824,-2.621866,-2.803131,0.626935,11.128293,3.145163,-2.590119,5.598117,3.888314,3.321442,15.394986,22.569082,28.820572,4.018225,47.080257,6.927240,-0.380092,4.075818,10.921901,3.145882,14.358996,15.992086,12.360350,7.985447,8.509656,11.031153,0.651043,7.362348,9.427968,8064.000000,0.000000,4.000000,,,,0.000000,4.000000,4.000000,4.000000,4.000000,4.000000,4.000000,4.000000,4.000000,4.000000,4.000000,4.000000,4.000000,4.000000,4.000000,4.000000,4.000000,4.000000,4.000000,2.000000,4.000000,4.000000,4.000000,4.000000,4.000000,4.000000,4.000000,4.000000,4.000000,4.000000,4.000000,4.000000,4.000000,83.333336
1614076767.891034,122.000000,0.000000,2.204669,-6.422384,-7.252743,4.345474,-7.234629,-3.313149,0.626309,-4.267451,2.116377,-6.177273,2.515596,-1.756600,-8.476751,-6.671691,-3.607332,-1.464659,1.450104,14.725486,-15.130970,-9.610481,-1.056463,9.372517,-0.959828,14.344638,6.232504,10.296708,9.003103,6.449864,11.020122,0.137571,5.303703,6.854437,8064.000000,0.000000,4.000000,,,,0.000000,4.000000,4.000000,4.000000,4.000000,4.000000,4.000000,4.000000,4.000000,4.000000,4.000000,4.000000,4.000000,4.000000,4.000000,4.000000,4.000000,4.000000,4.000000,2.000000,4.000000,4.000000,4.000000,4.000000,4.000000,4.000000,4.000000,4.000000,4.000000,4.000000,4.000000,4.000000,4.000000,83.333336
1614076767.898883,123.000000,0.000000,0.151182,-5.390321,-7.758311,4.341129,-13.894061,-5.873938,0.625682,-14.006773,0.062979,-9.248018,-1.589484,-7.908689,-12.570838,-25.126558,-18.475519,-27.617041,-1.115449,7.018452,-15.115839,-4.472665,-1.055407,6.799042,-0.446047,5.612344,2.123708,8.747950,8.481279,6.443414,10.496281,-2.426669,4.785579,5.821942,8064.000000,0.000000,4.000000,,,,0.000000,4.000000,4.000000,4.000000,4.000000,4.000000,4.000000,4.000000,4.000000,4.000000,4.000000,4.000000,4.000000,4.000000,4.000000,4.000000,4.000000,4.000000,4.000000,2.000000,4.000000,4.000000,4.000000,4.000000,4.000000,4.000000,4.000000,4.000000,4.000000,4.000000,4.000000,4.000000,4.000000,83.333336
1614076767.906632,124.000000,0.000000,1.176672,-2.308007,-7.237732,4.336788,-12.854526,-5.868064,0.625057,1.904670,-0.962725,-9.238770,-1.587895,-0.208473,-1.789037,-14.332200,5.132699,5.231090,4.526692,39.831947,12.078764,9.377961,5.099495,6.792243,4.169784,0.478527,10.326713,13.867407,9.498439,6.949791,11.511425,-0.372960,5.293614,5.816120,8064.000000,0.000000,4.000000,,,,0.000000,4.000000,4.000000,4.000000,4.000000,4.000000,4.000000,4.000000,4.000000,4.000000,4.000000,4.000000,4.000000,4.000000,4.000000,4.000000,4.000000,4.000000,4.000000,2.000000,4.000000,4.000000,4.000000,4.000000,4.000000,4.000000,4.000000,4.000000,4.000000,4.000000,4.000000,4.000000,4.000000,83.333336
1614076767.914481,125.000000,0.000000,1.175495,-2.818520,-7.230494,4.332451,-7.200645,-1.246812,1.137252,15.748919,-0.448942,-6.152609,3.541898,10.048145,6.930701,1.066747,17.948080,27.789961,8.624730,57.740833,19.758993,16.035250,10.222601,7.298271,5.191255,6.119074,14.931770,20.007385,14.104325,6.942842,13.551196,5.781259,5.288320,7.348765,8064.000000,0.000000,4.000000,,,,0.000000,4.000000,4.000000,4.000000,4.000000,4.000000,4.000000,4.000000,4.000000,4.000000,4.000000,4.000000,4.000000,4.000000,4.000000,4.000000,4.000000,4.000000,4.000000,2.000000,4.000000,4.000000,4.000000,4.000000,4.000000,4.000000,4.000000,4.000000,4.000000,4.000000,4.000000,4.000000,4.000000,83.333336
1614076767.922230,126.000000,0.000000,2.712781,-3.328522,-7.736084,4.328118,-6.167804,1.318538,0.110474,12.656247,-0.448493,-1.531072,6.615280,10.550918,6.410950,2.604142,6.648080,-1.981419,8.103285,39.221554,10.508465,15.506394,9.186737,9.855075,4.160422,8.164237,13.378377,19.987377,16.654324,6.935899,14.563286,9.365221,4.770211,7.854237,8064.000000,0.000000,4.000000,,,,0.000000,4.000000,4.000000,4.000000,4.000000,4.000000,4.000000,4.000000,4.000000,4.000000,4.000000,4.000000,4.000000,4.000000,4.000000,4.000000,4.000000,4.000000,4.000000,2.000000,4.000000,4.000000,4.000000,4.000000,4.000000,4.000000,4.000000,4.000000,4.000000,4.000000,4.000000,4.000000,4.000000,83.333336
1614076767.930079,127.000000,0.000000,4.761351,-2.812373,-7.728349,3.810970,-7.187277,0.804399,1.136004,11.105129,-0.448045,-1.016720,6.095844,10.540367,6.404539,1.575897,6.128612,8.789794,11.172104,45.848999,12.036418,13.439606,8.664730,10.358041,4.669083,8.668893,13.364999,18.941750,16.124849,6.928963,14.548722,8.843036,4.765441,10.410485,8064.000000,0.000000,4.000000,,,,0.000000,4.000000,4.000000,4.000000,4.000000,4.000000,4.000000,4.000000,4.000000,4.000000,4.000000,4.000000,4.000000,4.000000,4.000000,4.000000,4.000000,4.000000,4.000000,2.000000,4.000000,4.000000,4.000000,4.000000,4.000000,4.000000,4.000000,4.000000,4.000000,4.000000,4.000000,4.000000,4.000000,83.333336
1614076767.937828,0.000000,0.000000,4.756589,-2.809561,-5.669338,4.319979,-6.667269,0.803594,3.698971,13.658127,-0.447596,-0.502883,6.089748,8.478544,5.885314,3.112783,6.122483,16.986132,9.109651,41.700584,7.408997,4.708218,9.681706,6.757939,5.177234,13.275609,14.377275,19.948448,16.621544,6.922034,14.534174,8.834192,5.273496,17.579561,0.000000,178.000000,4.000000,,,,0.000000,4.000000,4.000000,4.000000,4.000000,4.000000,4.000000,4.000000,4.000000,4.000000,4.000000,4.000000,4.000000,4.000000,4.000000,4.000000,4.000000,4.000000,4.000000,2.000000,4.000000,4.000000,4.000000,4.000000,4.000000,4.000000,4.000000,4.000000,4.000000,4.000000,4.000000,4.000000,4.000000,83.333336
1614076767.945677,1.000000,0.000000,5.264653,-2.806751,-3.612387,4.828480,-6.147781,1.315611,3.182451,9.541904,-0.447149,0.523261,6.596478,-0.760703,2.802505,3.622490,-6.191332,-15.338547,-3.207152,9.351192,-5.418925,-8.117003,9.672025,3.674258,4.659236,13.775153,13.850077,19.928501,17.117743,6.915112,14.006820,9.338179,4.755402,20.638905,0.000000,198.000000,4.000000,,,,0.000000,4.000000,4.000000,4.000000,4.000000,4.000000,4.000000,4.000000,4.000000,4.000000,4.000000,4.000000,4.000000,4.000000,4.000000,4.000000,4.000000,4.000000,4.000000,2.000000,4.000000,4.000000,4.000000,4.000000,4.000000,4.000000,4.000000,4.000000,4.000000,4.000000,4.000000,4.000000,4.000000,83.333336
1614076767.953426,2.000000,0.000000,5.259388,-2.803944,-4.121595,3.285190,-6.141634,0.801475,0.615166,4.916978,0.066119,-6.143929,7.102703,-1.785583,5.363805,7.721432,2.532808,1.087049,-7.306509,13.444406,-1.823762,-11.698630,9.662353,1.619302,4.654577,8.633173,13.836226,19.395752,15.562164,6.395376,14.505633,8.816020,4.237826,17.541344,0.000000,188.000000,4.000000,,,,0.000000,4.000000,4.000000,4.000000,4.000000,4.000000,4.000000,4.000000,4.000000,4.000000,4.000000,4.000000,4.000000,4.000000,4.000000,4.000000,4.000000,4.000000,4.000000,2.000000,4.000000,4.000000,4.000000,4.000000,4.000000,4.000000,4.000000,4.000000,4.000000,4.000000,4.000000,4.000000,4.000000,83.333336
1614076767.961275,3.000000,0.000000,4.741309,-2.801140,-2.579012,5.333187,-6.648313,0.800674,0.101731,4.399240,-0.446768,-14.342913,6.069959,3.344407,7.922544,10.790633,23.555916,33.906475,0.393105,45.738655,4.844728,-6.558726,9.652690,6.233067,4.649922,7.598899,14.335211,19.376356,17.085064,7.414622,17.055229,9.832846,8.848973,19.062263,0.000000,175.000000,4.000000,,,,0.000000,4.000000,4.000000,4.000000,4.000000,4.000000,4.000000,4.000000,4.000000,4.000000,4.000000,4.000000,4.000000,4.000000,4.000000,4.000000,4.000000,4.000000,4.000000,2.000000,4.000000,4.000000,4.000000,4.000000,4.000000,4.000000,4.000000,4.000000,4.000000,4.000000,4.000000,4.000000,4.000000,83.333336
1614076767.969024,4.000000,0.000000,5.762208,-2.798339,2.038952,10.456059,-6.641665,0.799873,1.127270,4.907661,-0.446321,-13.815750,6.576710,1.802601,4.837698,7.190099,16.865694,1.564875,5.520917,38.513428,1.762960,-2.962424,9.130217,10.842218,4.645272,8.616941,13.808055,19.356979,16.555159,9.971310,18.576635,12.387115,14.993970,24.171406,0.000000,191.000000,4.000000,,,,0.000000,4.000000,4.000000,4.000000,4.000000,4.000000,4.000000,4.000000,4.000000,4.000000,4.000000,4.000000,4.000000,4.000000,4.000000,4.000000,4.000000,4.000000,4.000000,2.000000,4.000000,4.000000,4.000000,4.000000,4.000000,4.000000,4.000000,4.000000,4.000000,4.000000,4.000000,4.000000,4.000000,83.333336
1614076767.976673,5.000000,0.000000,3.192344,-2.795541,4.088195,9.932782,-6.122202,0.799073,0.613322,5.415574,0.579766,-12.263473,7.082953,-0.763304,3.294399,3.593166,-0.587069,-29.205919,3.976935,17.962093,2.786839,-3.472282,9.633907,0.574966,4.640627,8.095504,13.794248,19.337622,8.333474,9.448518,18.045238,12.887548,17.030258,24.660055,0.000000,173.000000,4.000000,,,,0.000000,4.000000,4.000000,4.000000,4.000000,2.000000,4.000000,4.000000,4.000000,4.000000,4.000000,4.000000,4.000000,4.000000,4.000000,4.000000,4.000000,4.000000,4.000000,2.000000,4.000000,4.000000,4.000000,4.000000,4.000000,4.000000,4.000000,4.000000,4.000000,4.000000,4.000000,4.000000,4.000000,66.666664
1614076767.984422,6.000000,0.000000,-3.477515,-2.792745,4.084107,4.794644,-7.654541,0.798274,0.612709,2.846056,-1.984916,-14.302491,1.947665,-2.813823,0.727002,-0.000171,-1.099303,1.079696,3.972958,24.610798,4.322513,-3.981630,8.598632,-10.194839,5.148807,8.087408,14.806094,19.318285,0.632833,6.874967,18.027193,12.361840,15.987587,23.609755,0.000000,151.000000,4.000000,,,,0.000000,4.000000,4.000000,4.000000,4.000000,2.000000,4.000000,4.000000,4.000000,4.000000,4.000000,4.000000,4.000000,4.000000,4.000000,4.000000,4.000000,4.000000,4.000000,2.000000,4.000000,4.000000,4.000000,4.000000,4.000000,4.000000,4.000000,4.000000,4.000000,4.000000,4.000000,4.000000,4.000000,66.666664
1614076767.992072,7.000000,0.000000,-7.063781,-2.789953,4.080023,3.251388,-10.723810,0.797476,0.612096,-1.772174,-6.598316,-16.339470,-6.259410,-9.477675,-7.478853,-8.718120,-5.713588,0.565796,5.507447,33.816956,2.266909,-2.439187,2.949008,-6.594901,5.143658,8.079321,12.227185,17.760506,0.632201,6.355271,18.009167,12.349479,15.971600,24.098965,0.000000,173.000000,4.000000,,,,0.000000,4.000000,4.000000,4.000000,4.000000,2.000000,4.000000,4.000000,4.000000,4.000000,4.000000,4.000000,4.000000,4.000000,4.000000,4.000000,4.000000,4.000000,4.000000,2.000000,4.000000,4.000000,4.000000,4.000000,4.000000,4.000000,4.000000,4.000000,4.000000,4.000000,4.000000,4.000000,4.000000,66.666664
1614076767.999821,8.000000,0.000000,-6.543897,-3.299983,0.999020,4.786598,-13.277188,0.796678,0.611484,-2.796043,-8.130179,-20.425695,-9.330074,-9.981018,-13.112400,-16.401709,-16.477106,-28.152719,4.476298,33.270321,4.315924,-3.975210,-3.207787,-7.613947,3.600053,6.532780,4.009830,15.691463,2.170030,7.374557,17.991158,12.337129,16.468449,24.074867,0.000000,194.000000,4.000000,,,,0.000000,4.000000,4.000000,4.000000,4.000000,2.000000,4.000000,4.000000,4.000000,4.000000,4.000000,4.000000,4.000000,4.000000,4.000000,4.000000,4.000000,4.000000,4.000000,2.000000,4.000000,4.000000,4.000000,4.000000,4.000000,4.000000,4.000000,4.000000,4.000000,4.000000,4.000000,4.000000,4.000000,66.666664
1614076768.007470,9.000000,0.000000,-6.024533,-2.271042,-5.668646,4.268991,-13.776732,0.795882,0.610873,-2.280427,-7.096408,-22.456551,-8.295103,-4.330011,-11.560825,-15.872487,-11.332423,-17.355335,1.907719,30.160126,1.747505,-9.612260,-5.255862,-14.273000,1.545171,4.987786,-1.635206,15.162951,1.142219,6.854362,17.973166,12.324792,15.939159,24.050791,0.000000,188.000000,4.000000,,,,0.000000,4.000000,4.000000,4.000000,4.000000,2.000000,4.000000,4.000000,4.000000,4.000000,4.000000,4.000000,4.000000,4.000000,4.000000,4.000000,4.000000,4.000000,4.000000,2.000000,4.000000,4.000000,4.000000,4.000000,4.000000,4.000000,4.000000,4.000000,4.000000,4.000000,4.000000,4.000000,4.000000,66.666664
1614076768.015219,10.000000,0.000000,-6.531329,0.295332,-8.227080,3.751902,-13.762956,0.795086,0.610262,-3.303787,-7.602132,-18.844351,-8.286808,-4.325682,-11.549265,-15.343794,-0.039039,-4.517467,0.367350,17.822273,-4.408088,-14.730853,-5.763426,-8.104880,0.005164,3.444336,-1.120750,15.660608,1.141077,6.847508,17.955193,12.312468,15.923221,24.026741,0.000000,208.000000,4.000000,,,,0.000000,4.000000,4.000000,4.000000,4.000000,2.000000,4.000000,4.000000,4.000000,4.000000,4.000000,4.000000,4.000000,4.000000,4.000000,4.000000,4.000000,4.000000,4.000000,2.000000,4.000000,4.000000,4.000000,4.000000,4.000000,4.000000,4.000000,4.000000,4.000000,4.000000,4.000000,4.000000,4.000000,66.666664
1614076768.022868,11.000000,0.000000,-6.524797,0.807857,-7.706032,4.260970,-13.236372,0.794291,0.609651,-0.223561,-7.594530,-14.722943,-6.227239,-7.911099,-12.050536,-15.841270,-1.064641,-13.230898,0.879803,18.317272,-0.301116,-14.716122,-5.757663,-4.507032,-2.046123,1.389610,-1.119629,15.132127,1.652756,6.840661,17.937239,11.787334,15.907297,23.489893,0.000000,189.000000,4.000000,,,,0.000000,4.000000,4.000000,4.000000,4.000000,2.000000,4.000000,4.000000,4.000000,4.000000,4.000000,4.000000,4.000000,4.000000,4.000000,4.000000,4.000000,4.000000,4.000000,2.000000,4.000000,4.000000,4.000000,4.000000,4.000000,4.000000,4.000000,4.000000,4.000000,4.000000,4.000000,4.000000,4.000000,66.666664
1614076768.030617,12.000000,0.000000,-6.005452,0.807049,-7.698327,4.256709,-13.735956,0.793496,0.609042,7.468971,-7.074115,-14.195399,-4.169730,-8.928829,-9.474383,-15.312609,0.474885,-1.935616,0.878923,42.401520,9.955595,-11.624483,-3.187803,-13.220474,-3.069718,0.362579,-2.144150,14.604175,1.651103,6.833820,17.406481,12.288367,15.378570,22.953583,0.000000,189.000000,4.000000,,,,0.000000,4.000000,4.000000,4.000000,4.000000,2.000000,4.000000,4.000000,4.000000,4.000000,4.000000,4.000000,4.000000,4.000000,4.000000,4.000000,4.000000,4.000000,4.000000,2.000000,4.000000,4.000000,4.000000,4.000000,4.000000,4.000000,4.000000,4.000000,4.000000,4.000000,4.000000,4.000000,4.000000,66.666664
1614076768.038266,13.000000,0.000000,-4.460985,0.806242,-8.203448,4.252452,-15.773502,0.792703,0.608433,6.948681,-10.143964,-16.745306,-5.704022,-10.971183,-7.926447,-15.810117,4.064154,10.374012,0.365224,48.000141,16.612307,-13.151320,-1.646153,-13.720074,-3.066648,0.362217,-1.116365,15.102390,1.649452,6.826986,17.901894,14.840181,15.876011,23.956270,0.000000,172.000000,4.000000,,,,0.000000,4.000000,4.000000,4.000000,4.000000,2.000000,4.000000,4.000000,4.000000,4.000000,4.000000,4.000000,4.000000,4.000000,4.000000,4.000000,4.000000,4.000000,4.000000,2.000000,4.000000,4.000000,4.000000,4.000000,4.000000,4.000000,4.000000,4.000000,4.000000,4.000000,4.000000,4.000000,4.000000,66.666664
1614076768.046016,14.000000,0.000000,-2.918062,0.292615,-7.169604,4.248200,-17.296190,0.791910,0.607824,1.300707,-14.749205,-23.908049,-8.775241,-11.985852,-8.431341,-18.871229,-5.170680,-5.533798,0.364859,19.234194,7.364925,-18.779194,-4.721430,-7.552508,-3.063581,0.361855,-1.115249,15.600108,1.647803,6.820159,17.883993,16.363802,15.347315,23.419495,0.000000,178.000000,4.000000,,,,0.000000,4.000000,4.000000,4.000000,4.000000,2.000000,4.000000,4.000000,4.000000,4.000000,4.000000,4.000000,4.000000,4.000000,4.000000,4.000000,4.000000,4.000000,4.000000,2.000000,4.000000,4.000000,4.000000,4.000000,4.000000,4.000000,4.000000,4.000000,4.000000,4.000000,4.000000,4.000000,4.000000,66.666664
1614076768.053665,15.000000,0.000000,-2.915144,1.830784,-4.085511,4.243952,-17.278894,0.791118,0.607216,0.786586,-15.247275,-26.961063,-8.766465,-11.461046,-7.910089,-19.365179,-14.909099,-16.297495,0.877314,-3.861964,-19.821928,-22.862980,-10.357735,-7.032135,-2.547697,0.361493,-2.139775,14.046047,1.646155,6.813339,17.353289,14.808977,15.331967,22.370434,0.000000,203.000000,4.000000,,,,0.000000,4.000000,4.000000,4.000000,4.000000,2.000000,4.000000,4.000000,4.000000,4.000000,4.000000,4.000000,4.000000,4.000000,4.000000,4.000000,4.000000,4.000000,4.000000,2.000000,4.000000,4.000000,4.000000,4.000000,4.000000,4.000000,4.000000,4.000000,4.000000,4.000000,4.000000,4.000000,4.000000,66.666664
1614076768.061414,16.000000,0.000000,-1.373768,6.444338,-0.491682,4.239708,-17.261616,1.303148,0.606609,1.298620,-14.719208,-23.857180,-7.732058,-11.962405,-6.876538,-18.320173,-12.330088,-11.152992,0.876437,7.423949,-23.391850,-22.327295,-8.296095,-6.512282,-2.032329,0.361131,3.503391,17.108925,1.644509,7.319346,18.361576,15.819810,15.829456,27.989088,0.000000,209.000000,4.000000,,,,0.000000,4.000000,4.000000,4.000000,4.000000,2.000000,4.000000,4.000000,4.000000,4.000000,4.000000,4.000000,4.000000,4.000000,4.000000,4.000000,4.000000,4.000000,4.000000,2.000000,4.000000,4.000000,4.000000,4.000000,4.000000,4.000000,4.000000,4.000000,4.000000,4.000000,4.000000,4.000000,4.000000,66.666664
1614076768.069063,17.000000,0.000000,-2.910856,9.001996,0.534450,4.235468,-17.244354,1.301845,0.606003,-2.292423,-14.704489,-23.833323,-9.262788,-10.924802,-9.433764,-21.378777,-13.856218,-22.423891,0.362740,31.006269,4.323851,-15.125482,1.455791,-8.557052,-3.568758,0.873591,12.217836,25.809763,1.642864,7.312027,20.907316,20.419374,17.864908,36.679047,0.000000,190.000000,4.000000,,,,0.000000,4.000000,4.000000,4.000000,4.000000,2.000000,4.000000,4.000000,4.000000,4.000000,4.000000,4.000000,4.000000,4.000000,4.000000,4.000000,4.000000,4.000000,4.000000,2.000000,4.000000,4.000000,4.000000,4.000000,4.000000,4.000000,4.000000,4.000000,4.000000,4.000000,4.000000,4.000000,4.000000,66.666664
1614076768.076812,18.000000,0.000000,-2.907945,7.967353,0.021095,4.231233,-17.227110,0.274902,0.605397,-3.315771,-15.202604,-18.681284,-6.689422,-7.836954,-7.373048,-14.177910,-9.226978,-27.016851,3.439301,34.052185,9.960552,1.299901,9.146643,-8.548495,-0.488267,3.436820,14.769721,30.912159,1.128401,6.279074,21.912050,23.475878,19.898325,39.206470,0.000000,204.000000,4.000000,,,,0.000000,4.000000,4.000000,4.000000,4.000000,2.000000,4.000000,4.000000,4.000000,4.000000,4.000000,4.000000,4.000000,4.000000,4.000000,4.000000,4.000000,4.000000,4.000000,2.000000,4.000000,4.000000,4.000000,4.000000,4.000000,4.000000,4.000000,4.000000,4.000000,4.000000,4.000000,4.000000,4.000000,66.666664
1614076768.084461,19.000000,0.000000,9.402656,8.472206,0.021074,4.227002,-17.209883,1.813088,0.604791,1.815750,-14.674582,-4.303628,3.060857,-3.213733,4.429196,6.349089,14.371993,4.292217,10.102528,28.377108,-4.921203,13.606293,9.650317,6.844669,7.204529,7.535947,13.216490,30.881247,1.127272,7.811256,21.377317,24.990864,22.442530,37.628803,0.000000,200.000000,4.000000,,,,0.000000,4.000000,4.000000,4.000000,4.000000,2.000000,4.000000,4.000000,4.000000,4.000000,4.000000,4.000000,4.000000,4.000000,4.000000,4.000000,4.000000,4.000000,4.000000,2.000000,4.000000,4.000000,4.000000,4.000000,4.000000,4.000000,4.000000,4.000000,4.000000,4.000000,4.000000,4.000000,4.000000,66.666664
1614076768.092310,20.000000,0.000000,15.547099,7.438093,0.533874,4.222775,-17.192673,0.785634,1.117007,6.429318,-12.608625,0.828881,8.698822,0.379225,6.476049,10.445304,19.485826,10.441771,9.066784,30.400013,-1.326538,8.977303,9.127846,11.966029,3.607581,11.630975,13.716094,29.311905,1.638966,10.367547,21.355940,27.529976,23.445728,38.103996,0.000000,198.000000,4.000000,,,,0.000000,4.000000,4.000000,4.000000,4.000000,2.000000,4.000000,4.000000,4.000000,4.000000,4.000000,4.000000,4.000000,4.000000,4.000000,4.000000,4.000000,4.000000,4.000000,2.000000,4.000000,4.000000,4.000000,4.000000,4.000000,4.000000,4.000000,4.000000,4.000000,4.000000,4.000000,4.000000,4.000000,66.666664
1614076768.100059,21.000000,0.000000,2.711039,4.866552,0.020519,4.218552,-17.175480,-6.907459,-0.935392,4.371607,-10.544734,-7.377077,4.074739,-3.210898,-5.325298,-5.462577,-3.097763,-21.876364,0.852589,19.087563,-1.838032,-1.288085,10.144360,-8.045937,-6.652437,10.080882,14.215198,23.641567,0.611686,4.716154,21.334585,23.912703,21.883821,38.578712,0.000000,193.000000,4.000000,,,,0.000000,4.000000,4.000000,4.000000,4.000000,2.000000,4.000000,4.000000,4.000000,4.000000,4.000000,4.000000,4.000000,4.000000,4.000000,4.000000,4.000000,4.000000,4.000000,2.000000,4.000000,4.000000,4.000000,4.000000,4.000000,4.000000,4.000000,4.000000,4.000000,4.000000,4.000000,4.000000,4.000000,66.666664
1614076768.107908,22.000000,0.000000,-7.548082,3.836045,0.020499,4.214333,-17.158304,-10.490295,-2.985739,3.341594,-11.047010,-12.497905,2.019382,-7.823072,-3.268691,-4.431474,-1.556203,-17.751923,0.338916,8.299243,-8.502861,-1.799618,9.108574,-10.601994,-5.620143,4.429776,13.175342,18.489719,1.636715,-4.006511,18.749147,14.145200,19.297834,38.027313,0.000000,192.000000,4.000000,,,,0.000000,4.000000,4.000000,4.000000,4.000000,2.000000,4.000000,4.000000,4.000000,4.000000,4.000000,4.000000,4.000000,4.000000,4.000000,4.000000,4.000000,4.000000,4.000000,2.000000,4.000000,4.000000,4.000000,4.000000,4.000000,4.000000,4.000000,4.000000,4.000000,4.000000,4.000000,4.000000,4.000000,66.666664
1614076768.115657,23.000000,0.000000,-3.950790,4.345029,0.020478,4.210119,-17.141146,-7.402882,-3.495574,14.107484,-11.035963,-11.459765,8.684029,-0.122941,12.119193,13.008855,24.086378,15.086342,6.492424,39.572994,10.992822,3.330387,10.125107,8.895788,3.616246,4.938167,14.187807,18.471230,7.276104,-5.028145,17.191936,12.592593,19.278538,37.989285,0.000000,190.000000,4.000000,,,,0.000000,4.000000,4.000000,4.000000,4.000000,2.000000,4.000000,4.000000,4.000000,4.000000,4.000000,4.000000,4.000000,4.000000,4.000000,4.000000,4.000000,4.000000,4.000000,2.000000,4.000000,4.000000,4.000000,4.000000,4.000000,4.000000,4.000000,4.000000,4.000000,4.000000,4.000000,4.000000,4.000000,66.666664
1614076768.123506,24.000000,0.000000,-2.408378,4.340684,0.020458,4.205909,-17.124004,-7.395479,-3.492078,23.324146,-10.512107,-10.935485,8.675344,6.031028,11.594254,10.944564,26.626394,26.866127,8.537213,70.815475,21.238239,1.788595,12.166264,7.861251,5.663912,10.574254,16.737722,18.965580,12.397033,-3.484656,17.174746,19.759487,18.746437,37.438477,0.000000,199.000000,4.000000,,,,0.000000,4.000000,4.000000,4.000000,4.000000,2.000000,4.000000,4.000000,4.000000,4.000000,4.000000,4.000000,4.000000,4.000000,4.000000,4.000000,4.000000,4.000000,4.000000,2.000000,4.000000,4.000000,4.000000,4.000000,4.000000,4.000000,4.000000,4.000000,4.000000,4.000000,4.000000,4.000000,4.000000,66.666664
1614076768.131255,25.000000,0.000000,-3.431611,4.336343,0.020437,4.201703,-17.106880,-9.952186,-2.975765,16.634155,-11.527235,-11.950191,-4.153843,-2.692952,0.813428,-4.963816,11.215153,6.839261,7.503035,47.154915,-1.859922,-3.854219,11.128456,-0.864558,4.119787,12.102141,17.746626,18.433794,12.897456,-4.506812,17.670391,23.329472,19.240513,37.913857,0.000000,228.000000,4.000000,,,,0.000000,4.000000,4.000000,4.000000,4.000000,2.000000,4.000000,4.000000,4.000000,4.000000,4.000000,4.000000,4.000000,4.000000,4.000000,4.000000,4.000000,4.000000,4.000000,2.000000,4.000000,4.000000,4.000000,4.000000,4.000000,4.000000,4.000000,4.000000,4.000000,4.000000,4.000000,4.000000,4.000000,66.666664
1614076768.139104,26.000000,0.000000,-0.351256,4.332007,0.020417,4.197501,-15.038491,-7.890952,-0.408687,8.412393,-9.977246,-12.451061,-9.277895,-8.844105,-1.238667,-9.574237,2.998810,-8.552194,9.033994,16.851349,-5.447806,-3.850365,9.066046,4.777332,5.141308,11.064398,16.703238,18.415359,12.371738,-3.476664,19.704002,22.793322,21.272552,38.388763,0.000000,150.000000,4.000000,,,,0.000000,4.000000,4.000000,4.000000,4.000000,2.000000,4.000000,4.000000,4.000000,4.000000,4.000000,4.000000,4.000000,4.000000,4.000000,4.000000,4.000000,4.000000,4.000000,2.000000,4.000000,4.000000,4.000000,4.000000,4.000000,4.000000,4.000000,4.000000,4.000000,4.000000,4.000000,4.000000,4.000000,66.666664
1614076768.146853,27.000000,0.000000,0.161916,4.327675,0.020397,4.193304,-12.972171,-5.831779,1.130183,10.455262,-5.351885,-5.771944,-1.063489,-5.245517,-1.237429,-4.436458,2.995811,-25.979538,8.512139,34.783215,16.096104,-0.769592,9.056979,2.721272,4.623346,11.566154,19.250637,18.909765,12.359366,-0.396264,21.222759,25.847450,22.789742,36.811913,0.000000,187.000000,4.000000,,,,0.000000,4.000000,4.000000,4.000000,4.000000,2.000000,4.000000,4.000000,4.000000,4.000000,4.000000,4.000000,4.000000,4.000000,4.000000,4.000000,4.000000,4.000000,4.000000,2.000000,4.000000,4.000000,4.000000,4.000000,4.000000,4.000000,4.000000,4.000000,4.000000,4.000000,4.000000,4.000000,4.000000,66.666664
1614076768.154702,28.000000,0.000000,4.264318,4.323348,0.533197,4.189110,-12.959199,-6.338768,0.616232,13.008909,-2.782430,2.438957,3.552959,-3.188990,1.840732,1.721825,16.326149,-11.594584,7.990806,67.568947,22.233852,0.769640,8.535102,-7.025039,5.131543,12.067409,21.282669,18.890856,12.859828,0.116952,21.201536,26.847244,22.766953,34.210999,0.000000,166.000000,4.000000,,,,0.000000,4.000000,4.000000,4.000000,4.000000,2.000000,4.000000,4.000000,4.000000,4.000000,4.000000,4.000000,4.000000,4.000000,4.000000,4.000000,4.000000,4.000000,4.000000,2.000000,4.000000,4.000000,4.000000,4.000000,4.000000,4.000000,4.000000,4.000000,4.000000,4.000000,4.000000,4.000000,4.000000,66.666664
1614076768.162452,29.000000,0.000000,14.003643,4.319024,-1.005798,4.697742,-12.946239,-6.332429,0.615616,12.483080,-3.292469,0.898056,2.523766,-4.211442,10.044020,6.848308,31.694437,21.237522,12.598200,71.091118,20.673159,2.307332,9.552208,-1.889809,7.177694,11.542521,17.671642,18.871964,12.846968,-0.395985,21.180336,24.256294,22.744186,34.689610,0.000000,218.000000,4.000000,,,,0.000000,4.000000,4.000000,4.000000,4.000000,2.000000,4.000000,4.000000,4.000000,4.000000,4.000000,4.000000,4.000000,4.000000,4.000000,4.000000,4.000000,4.000000,4.000000,2.000000,4.000000,4.000000,4.000000,4.000000,4.000000,4.000000,4.000000,4.000000,4.000000,4.000000,4.000000,4.000000,4.000000,66.666664
1614076768.170301,30.000000,0.000000,14.502460,4.314705,-3.056074,4.693044,-12.933293,-7.864558,0.615001,11.957776,-3.801996,-6.795149,2.521242,-6.258512,2.854488,5.815819,19.867872,1.729105,11.047140,40.250797,15.011459,2.305024,10.055476,4.778748,4.606413,11.530978,14.064227,18.853092,10.782839,-0.395589,21.159155,22.693577,23.234262,32.603638,0.000000,191.000000,4.000000,,,,0.000000,4.000000,4.000000,4.000000,4.000000,2.000000,4.000000,4.000000,4.000000,4.000000,4.000000,4.000000,4.000000,4.000000,4.000000,4.000000,4.000000,4.000000,4.000000,2.000000,4.000000,4.000000,4.000000,4.000000,4.000000,4.000000,4.000000,4.000000,4.000000,4.000000,4.000000,4.000000,4.000000,66.666664
1614076768.178050,31.000000,0.000000,4.231547,4.310390,-4.078659,4.175530,-12.920361,-9.395155,0.614386,6.817613,-3.285374,-8.326816,0.467438,-10.354818,-13.558622,-1.369484,-2.716099,-30.580317,-3.322881,8.928496,-10.131758,1.277078,2.865934,1.184226,-2.064860,12.032268,13.024522,18.834240,8.720775,-0.395194,21.137997,22.670883,22.698208,27.442829,0.000000,190.000000,4.000000,,,,0.000000,4.000000,4.000000,4.000000,4.000000,2.000000,4.000000,4.000000,4.000000,4.000000,4.000000,4.000000,4.000000,4.000000,4.000000,4.000000,4.000000,4.000000,4.000000,2.000000,4.000000,4.000000,4.000000,4.000000,4.000000,4.000000,4.000000,4.000000,4.000000,4.000000,4.000000,4.000000,4.000000,66.666664
1614076768.185899,32.000000,0.000000,-0.388069,4.306080,-3.561760,4.684175,-12.907440,-7.334477,0.613771,1.169770,-3.282089,-7.292848,-4.148414,-11.370104,-12.519423,-4.445038,-4.251844,-16.190762,-11.011866,14.047773,-18.839575,-0.262661,-0.213855,-0.355420,-2.575615,10.481774,13.524318,18.815405,8.199233,-0.394798,21.116858,22.648212,22.675508,26.389744,8064.000000,0.000000,4.000000,,,,0.000000,4.000000,4.000000,4.000000,4.000000,2.000000,4.000000,4.000000,4.000000,4.000000,4.000000,4.000000,4.000000,4.000000,4.000000,4.000000,4.000000,4.000000,4.000000,2.000000,4.000000,4.000000,4.000000,4.000000,4.000000,4.000000,4.000000,4.000000,4.000000,4.000000,4.000000,4.000000,4.000000,66.666664
1614076768.193648,33.000000,0.000000,1.663601,4.301774,-3.045378,4.166671,-14.432994,-5.788682,0.613157,0.655780,-4.817268,-8.311196,-5.169906,-8.281811,-3.276134,-4.440593,3.444715,3.825429,-4.847008,39.161930,5.794650,0.763243,7.478666,-1.380706,1.016704,8.420011,14.023614,18.796589,8.703855,-0.394404,21.095741,23.138386,23.165653,26.876175,8064.000000,0.000000,4.000000,,,,0.000000,4.000000,4.000000,4.000000,4.000000,2.000000,4.000000,4.000000,4.000000,4.000000,4.000000,4.000000,4.000000,4.000000,4.000000,4.000000,4.000000,4.000000,4.000000,2.000000,4.000000,4.000000,4.000000,4.000000,4.000000,4.000000,4.000000,4.000000,4.000000,4.000000,4.000000,4.000000,4.000000,66.666664
1614076768.201397,34.000000,0.000000,1.149117,4.297472,-5.606435,-0.452881,-18.521126,-6.295713,0.099724,1.167945,-8.915015,-11.892629,-4.651916,-7.247888,-5.324141,-5.974614,3.441270,-10.537371,-2.278059,40.148411,15.532445,1.275301,5.932726,-3.430607,1.015687,7.385949,10.932668,18.777792,8.695150,-0.394009,21.074646,20.038324,18.014284,22.746735,8064.000000,0.000000,4.000000,,,,0.000000,4.000000,4.000000,4.000000,4.000000,2.000000,4.000000,4.000000,4.000000,4.000000,4.000000,4.000000,4.000000,4.000000,4.000000,4.000000,4.000000,4.000000,4.000000,2.000000,4.000000,4.000000,4.000000,4.000000,4.000000,4.000000,4.000000,4.000000,4.000000,4.000000,4.000000,4.000000,4.000000,66.666664
1614076768.209146,35.000000,0.000000,0.635148,4.293175,-9.703393,-6.093453,-20.553886,-6.289418,1.125265,0.653956,-11.470202,-17.521761,-4.647264,-7.240640,-9.421380,-8.532742,0.360906,-9.501192,-7.403986,20.108261,-3.970267,-3.854180,-5.355258,-1.375894,1.014672,7.891384,4.255068,18.759016,8.686455,-0.393615,21.053570,15.402901,11.329602,18.621424,8064.000000,0.000000,4.000000,,,,0.000000,4.000000,4.000000,4.000000,4.000000,2.000000,4.000000,4.000000,4.000000,4.000000,4.000000,4.000000,4.000000,4.000000,4.000000,4.000000,4.000000,4.000000,4.000000,2.000000,4.000000,4.000000,4.000000,4.000000,4.000000,4.000000,4.000000,4.000000,4.000000,4.000000,4.000000,4.000000,4.000000,66.666664
1614076768.216795,36.000000,0.000000,1.147333,4.288881,-11.232151,-7.113001,-21.046152,-6.283128,3.175422,3.730225,-10.945911,-17.504240,-5.155437,-7.746220,-8.386318,-9.549850,-1.690737,-1.286563,-7.909402,16.498409,-13.197066,-13.081095,-5.349903,-1.374519,1.013657,7.883492,4.250813,18.740255,8.677769,-0.393221,21.032516,14.361856,10.805452,19.115623,8064.000000,0.000000,4.000000,,,,0.000000,4.000000,4.000000,4.000000,4.000000,2.000000,4.000000,4.000000,4.000000,4.000000,4.000000,4.000000,4.000000,4.000000,4.000000,4.000000,4.000000,4.000000,4.000000,2.000000,4.000000,4.000000,4.000000,4.000000,4.000000,4.000000,4.000000,4.000000,4.000000,4.000000,4.000000,4.000000,4.000000,66.666664
1614076768.224544,37.000000,0.000000,1.146186,4.284593,-10.708098,-6.593068,-21.025106,-6.276845,4.710708,5.264956,-10.934966,-10.820069,-4.637461,-11.328218,-7.352291,-7.489018,-0.663405,-5.387840,-5.850211,38.020370,-2.927459,-15.632116,0.809293,-7.526990,-0.525818,7.875609,8.861947,18.721516,8.669091,-0.392828,21.011484,15.373136,14.384391,19.609327,8064.000000,0.000000,4.000000,,,,0.000000,4.000000,4.000000,4.000000,4.000000,2.000000,4.000000,4.000000,4.000000,4.000000,4.000000,4.000000,4.000000,4.000000,4.000000,4.000000,4.000000,4.000000,4.000000,2.000000,4.000000,4.000000,4.000000,4.000000,4.000000,4.000000,4.000000,4.000000,4.000000,4.000000,4.000000,4.000000,4.000000,66.666664
1614076768.232193,38.000000,0.000000,1.145040,4.280308,-10.697390,-7.612115,-20.491261,-6.270568,4.193177,0.131486,-11.436852,-6.706685,-4.632823,-14.906632,-7.344938,-4.404606,-0.149921,-2.305529,-6.870001,48.238762,4.767776,-14.078023,2.346946,-11.622027,-2.576575,7.867733,8.340264,18.702795,8.660422,-0.905256,20.477652,14.844942,14.882827,18.564077,8064.000000,0.000000,4.000000,,,,0.000000,4.000000,4.000000,4.000000,4.000000,2.000000,4.000000,4.000000,4.000000,4.000000,4.000000,4.000000,4.000000,4.000000,4.000000,4.000000,4.000000,4.000000,4.000000,2.000000,4.000000,4.000000,4.000000,4.000000,4.000000,4.000000,4.000000,4.000000,4.000000,4.000000,4.000000,4.000000,4.000000,66.666664
1614076768.239942,39.000000,0.000000,1.143894,4.276028,-11.199513,-7.091683,-17.393847,-6.264298,4.188983,-3.971209,-10.912594,-8.238440,-5.141011,-15.917367,-9.388875,-5.425842,-3.226694,-14.098095,-6.863132,25.626421,-1.903658,-16.115227,1.318957,-11.610405,-2.573998,7.859866,6.280642,18.684092,8.651761,-0.391530,20.969995,14.830097,14.867944,19.058334,8064.000000,0.000000,4.000000,,,,0.000000,4.000000,4.000000,4.000000,4.000000,2.000000,4.000000,4.000000,4.000000,4.000000,4.000000,4.000000,4.000000,4.000000,4.000000,4.000000,4.000000,4.000000,4.000000,2.000000,4.000000,4.000000,4.000000,4.000000,4.000000,4.000000,4.000000,4.000000,4.000000,4.000000,4.000000,4.000000,4.000000,66.666664
1614076768.247592,40.000000,0.000000,1.142751,4.271751,-10.675493,-6.571771,-16.863632,-6.258033,4.184794,-1.403135,-10.901682,-7.717381,-5.648691,-14.875809,-7.328205,-5.420416,2.417558,-23.827587,-0.189602,14.318743,-7.542780,-11.996548,0.804818,-11.085975,-2.571424,7.852005,6.274361,18.665407,8.643109,2.172964,20.949026,15.328088,14.853076,19.552097,8064.000000,0.000000,4.000000,,,,0.000000,4.000000,4.000000,4.000000,4.000000,2.000000,4.000000,4.000000,4.000000,4.000000,4.000000,4.000000,4.000000,4.000000,4.000000,4.000000,4.000000,4.000000,4.000000,2.000000,4.000000,4.000000,4.000000,4.000000,4.000000,4.000000,4.000000,4.000000,4.000000,4.000000,4.000000,4.000000,4.000000,66.666664
1614076768.255341,41.000000,0.000000,0.628787,3.754659,-10.664818,-8.103661,-15.821127,-6.251775,4.180610,1.675191,-10.890779,-7.709663,-5.643042,-10.758368,2.935534,1.764491,18.825397,9.016753,7.502896,47.124939,6.310916,1.861603,2.342475,-5.433863,-3.081673,7.844154,3.191164,18.646742,8.634466,3.709252,20.415257,14.799939,14.838223,18.506903,8064.000000,0.000000,4.000000,,,,0.000000,4.000000,4.000000,4.000000,4.000000,2.000000,4.000000,4.000000,4.000000,4.000000,4.000000,4.000000,4.000000,4.000000,4.000000,4.000000,4.000000,4.000000,4.000000,2.000000,4.000000,4.000000,4.000000,4.000000,4.000000,4.000000,4.000000,4.000000,4.000000,4.000000,4.000000,4.000000,4.000000,66.666664
1614076768.262990,42.000000,0.000000,1.653800,4.263725,-11.166973,-3.992993,-9.651460,-6.245523,4.176429,0.135054,-10.879889,-7.701954,-4.098938,-7.157867,7.547983,7.403752,24.960417,15.674403,9.033854,62.975246,13.484093,9.552049,6.442697,-3.377147,-2.565771,7.836309,4.213614,18.115274,8.625833,3.192723,20.907661,15.810781,17.387487,21.052500,8064.000000,0.000000,4.000000,,,,0.000000,4.000000,4.000000,4.000000,4.000000,2.000000,4.000000,4.000000,4.000000,4.000000,4.000000,4.000000,4.000000,4.000000,4.000000,4.000000,4.000000,4.000000,4.000000,2.000000,4.000000,4.000000,4.000000,4.000000,4.000000,4.000000,4.000000,4.000000,4.000000,4.000000,4.000000,4.000000,4.000000,66.666664
1614076768.270739,43.000000,0.000000,3.703428,6.823564,-9.104525,5.241770,-2.975142,-6.239278,4.172253,1.673381,-10.869009,-5.642970,-1.530736,-8.176351,0.360948,6.370708,15.191867,-16.648964,7.999179,30.604580,-6.529391,7.491215,9.000357,-8.501975,-3.076026,7.828473,11.901708,18.097160,8.617207,3.189530,23.450855,17.846251,21.985483,25.646832,8064.000000,0.000000,4.000000,,,,0.000000,4.000000,4.000000,4.000000,4.000000,2.000000,4.000000,4.000000,4.000000,4.000000,4.000000,4.000000,4.000000,4.000000,4.000000,4.000000,4.000000,4.000000,4.000000,2.000000,4.000000,4.000000,4.000000,4.000000,4.000000,4.000000,4.000000,4.000000,4.000000,4.000000,4.000000,4.000000,4.000000,66.666664
1614076768.278388,44.000000,0.000000,4.725365,8.355202,-6.531317,9.339092,-1.433705,-6.233039,4.168080,10.389656,-10.858140,-4.611686,3.599000,-6.116892,1.899048,9.954081,13.125394,-0.222058,8.504001,21.343206,-11.651067,7.996544,9.504176,-8.493473,-3.072950,7.820645,11.376986,20.643166,8.608589,3.186341,24.453047,19.366867,20.937857,26.134005,8064.000000,0.000000,4.000000,,,,0.000000,4.000000,4.000000,4.000000,4.000000,2.000000,4.000000,4.000000,4.000000,4.000000,4.000000,4.000000,4.000000,4.000000,4.000000,4.000000,4.000000,4.000000,4.000000,2.000000,4.000000,4.000000,4.000000,4.000000,4.000000,4.000000,4.000000,4.000000,4.000000,4.000000,4.000000,4.000000,4.000000,66.666664
1614076768.286137,45.000000,0.000000,4.720640,7.321206,-7.037606,7.791291,-2.970733,-6.739626,4.163912,17.045933,-10.847281,-3.581433,13.851811,1.581533,13.692021,20.713358,24.907141,32.598679,8.495497,54.142376,15.027251,11.578291,11.033134,0.745790,1.545508,7.812824,6.237403,22.160984,8.087160,3.183154,23.915773,18.834679,18.352818,23.030949,8064.000000,0.000000,4.000000,,,,0.000000,4.000000,4.000000,4.000000,4.000000,2.000000,4.000000,4.000000,4.000000,4.000000,4.000000,4.000000,4.000000,4.000000,4.000000,4.000000,4.000000,4.000000,4.000000,2.000000,4.000000,4.000000,4.000000,4.000000,4.000000,4.000000,4.000000,4.000000,4.000000,4.000000,4.000000,4.000000,4.000000,66.666664
1614076768.293786,46.000000,0.000000,7.280022,7.826705,-7.543389,7.783500,-2.454942,-5.707246,4.159749,14.977605,-10.836434,-1.526569,21.017447,6.708157,18.293715,25.820848,31.036079,28.463514,7.974181,67.421570,21.678890,11.053892,13.073382,4.847608,7.697809,7.805011,11.359371,22.138823,8.591893,4.718432,24.917498,18.303024,18.334465,22.495096,8064.000000,0.000000,4.000000,,,,0.000000,4.000000,4.000000,4.000000,4.000000,2.000000,4.000000,4.000000,4.000000,4.000000,4.000000,4.000000,4.000000,4.000000,4.000000,4.000000,4.000000,4.000000,4.000000,2.000000,4.000000,4.000000,4.000000,4.000000,4.000000,4.000000,4.000000,4.000000,4.000000,4.000000,4.000000,4.000000,4.000000,66.666664
1614076768.301535,47.000000,0.000000,8.811203,12.434263,-4.458923,8.288537,2.162898,-3.650256,4.155589,11.885704,-10.825598,0.013419,22.022070,7.214269,14.172856,22.718105,22.287094,3.306845,7.453386,39.661839,1.144391,7.453095,12.547489,3.304299,9.228572,7.797206,18.527498,24.167965,8.583302,6.764996,27.456682,19.310362,19.341770,27.087986,8064.000000,0.000000,4.000000,,,,0.000000,4.000000,4.000000,4.000000,4.000000,2.000000,4.000000,4.000000,4.000000,4.000000,4.000000,4.000000,4.000000,4.000000,4.000000,4.000000,4.000000,4.000000,4.000000,2.000000,4.000000,4.000000,4.000000,4.000000,4.000000,4.000000,4.000000,4.000000,4.000000,4.000000,4.000000,4.000000,4.000000,66.666664
1614076768.309185,48.000000,0.000000,8.289572,15.498752,-4.454464,8.280249,5.237658,-2.108145,4.151433,11.360998,-10.814773,0.013405,19.435946,6.181414,11.594581,20.131285,15.598141,3.303539,6.420292,36.032433,-1.420856,5.907180,12.534942,2.275354,7.680882,7.789409,17.483330,26.195080,8.061897,6.758231,28.454866,21.342333,20.860891,30.137821,8064.000000,0.000000,4.000000,,,,0.000000,4.000000,4.000000,4.000000,4.000000,2.000000,4.000000,4.000000,4.000000,4.000000,4.000000,4.000000,4.000000,4.000000,4.000000,4.000000,4.000000,4.000000,4.000000,2.000000,4.000000,4.000000,4.000000,4.000000,4.000000,4.000000,4.000000,4.000000,4.000000,4.000000,4.000000,4.000000,4.000000,66.666664
1614076768.317034,49.000000,0.000000,8.281282,14.970432,-6.501292,7.759148,3.181138,-2.618857,4.147282,11.349637,-10.803958,-0.499429,17.365227,6.688053,11.070166,20.623974,21.223568,6.377158,7.952333,47.791271,5.247231,7.952555,12.522407,4.837181,8.186022,7.781620,16.440207,25.656063,9.079476,6.751473,27.400772,22.859453,22.378490,30.620504,8064.000000,0.000000,4.000000,,,,0.000000,4.000000,4.000000,4.000000,4.000000,2.000000,4.000000,4.000000,4.000000,4.000000,4.000000,4.000000,4.000000,4.000000,4.000000,4.000000,4.000000,4.000000,4.000000,2.000000,4.000000,4.000000,4.000000,4.000000,4.000000,4.000000,4.000000,4.000000,4.000000,4.000000,4.000000,4.000000,4.000000,66.666664
1614076768.324783,50.000000,0.000000,8.273001,15.468283,-4.956329,7.751389,1.126675,-2.616238,4.143135,11.851108,-10.793154,-0.498929,16.835041,7.194185,9.520634,19.577709,16.074139,3.806678,8.970021,32.871685,-6.040067,6.406141,12.509884,8.422088,8.690657,7.773838,17.449408,25.630407,13.172961,6.744721,27.886190,22.323772,22.356113,30.077063,8064.000000,0.000000,4.000000,,,,0.000000,4.000000,4.000000,4.000000,4.000000,2.000000,4.000000,4.000000,4.000000,4.000000,4.000000,4.000000,4.000000,4.000000,4.000000,4.000000,4.000000,4.000000,4.000000,2.000000,4.000000,4.000000,4.000000,4.000000,4.000000,4.000000,4.000000,4.000000,4.000000,4.000000,4.000000,4.000000,4.000000,66.666664
1614076768.332632,51.000000,0.000000,8.264728,14.427174,-2.900090,8.256457,3.689651,-2.613622,4.138991,10.813616,-10.782361,1.040031,16.305386,5.648530,9.511113,15.968387,0.160629,-13.120205,5.371308,21.043943,-10.136591,2.297171,13.010195,10.977768,7.656325,7.766064,17.431957,25.604778,16.236712,6.737977,27.858305,22.301449,22.333757,30.046986,8192.000000,0.000000,4.000000,,,,0.000000,4.000000,4.000000,4.000000,4.000000,2.000000,4.000000,4.000000,4.000000,4.000000,4.000000,4.000000,4.000000,4.000000,4.000000,4.000000,4.000000,4.000000,4.000000,2.000000,4.000000,4.000000,4.000000,4.000000,4.000000,4.000000,4.000000,4.000000,4.000000,4.000000,4.000000,4.000000,4.000000,66.666664
1614076768.340381,52.000000,0.000000,8.256463,11.335823,-2.897190,7.735381,5.224423,-2.611008,4.134852,11.828444,-10.771579,3.090273,16.801901,7.181342,11.040064,16.465239,6.827135,-31.568623,11.519783,39.997257,6.283802,8.448720,12.997185,11.479610,7.648668,7.758298,16.901705,25.579172,16.220474,6.731239,25.779165,22.279148,22.311422,31.042580,8064.000000,0.000000,4.000000,,,,0.000000,4.000000,4.000000,4.000000,4.000000,2.000000,4.000000,4.000000,4.000000,4.000000,4.000000,4.000000,4.000000,4.000000,4.000000,4.000000,4.000000,4.000000,4.000000,2.000000,4.000000,4.000000,4.000000,4.000000,4.000000,4.000000,4.000000,4.000000,4.000000,4.000000,4.000000,4.000000,4.000000,66.666664
1614076768.348230,53.000000,0.000000,8.248207,11.324488,-3.407114,5.163543,4.706378,-2.608397,4.130717,21.560205,-10.760807,3.600003,19.349201,13.840828,14.618767,22.602621,29.897230,-6.921670,28.944160,54.829056,14.482646,21.773605,12.471367,11.468131,12.769225,7.750540,16.884804,26.066414,15.691434,6.724507,23.702103,22.256868,20.237829,28.960255,8064.000000,0.000000,4.000000,,,,0.000000,4.000000,4.000000,4.000000,4.000000,2.000000,4.000000,4.000000,4.000000,4.000000,4.000000,4.000000,4.000000,4.000000,4.000000,4.000000,4.000000,4.000000,4.000000,2.000000,4.000000,4.000000,4.000000,4.000000,4.000000,4.000000,4.000000,4.000000,4.000000,4.000000,4.000000,4.000000,4.000000,66.666664
1614076768.355979,54.000000,0.000000,8.239959,11.825983,-3.916527,3.619918,4.701672,-2.605789,4.126587,30.769413,-10.750046,3.596403,21.381134,17.929550,17.681072,27.195402,37.046822,25.905764,32.504959,54.261406,12.929702,26.880035,12.971716,7.354099,16.346199,8.255610,16.867918,23.989065,15.675742,6.717783,23.678402,22.747433,18.166309,22.777449,8064.000000,0.000000,4.000000,,,,0.000000,4.000000,4.000000,4.000000,4.000000,2.000000,4.000000,4.000000,4.000000,4.000000,4.000000,4.000000,4.000000,4.000000,4.000000,4.000000,4.000000,4.000000,4.000000,2.000000,4.000000,4.000000,4.000000,4.000000,4.000000,4.000000,4.000000,4.000000,4.000000,4.000000,4.000000,4.000000,4.000000,66.666664
1614076768.363828,55.000000,0.000000,8.231719,6.685952,-6.476713,4.129118,4.696970,-2.603183,3.609640,27.148901,-10.739296,3.079987,20.334112,18.424442,17.663391,28.193848,35.984135,20.751654,20.677584,58.822529,17.532158,26.853155,13.471564,3.757001,13.765750,7.221713,17.363871,21.400974,16.172888,6.711065,24.167543,21.699043,18.148144,18.652107,8064.000000,0.000000,4.000000,,,,0.000000,4.000000,4.000000,4.000000,4.000000,2.000000,4.000000,4.000000,4.000000,4.000000,4.000000,4.000000,4.000000,4.000000,4.000000,4.000000,4.000000,4.000000,4.000000,2.000000,4.000000,4.000000,4.000000,4.000000,4.000000,4.000000,4.000000,4.000000,4.000000,4.000000,4.000000,4.000000,4.000000,66.666664
1614076768.371577,56.000000,0.000000,8.223487,3.602343,-7.495877,4.124989,4.692273,-2.600580,4.631671,23.019188,-10.728557,3.589727,21.339420,18.406017,17.645727,29.704115,33.384045,8.936029,18.605623,48.507298,12.899240,23.236559,6.791426,2.727603,12.213523,7.727312,15.808045,22.405214,15.643894,6.704354,23.630556,18.600422,18.642817,18.633455,8192.000000,0.000000,4.000000,,,,0.000000,4.000000,4.000000,4.000000,4.000000,2.000000,4.000000,4.000000,4.000000,4.000000,4.000000,4.000000,4.000000,4.000000,4.000000,4.000000,4.000000,4.000000,4.000000,2.000000,4.000000,4.000000,4.000000,4.000000,4.000000,4.000000,4.000000,4.000000,4.000000,4.000000,4.000000,4.000000,4.000000,66.666664
1614076768.379426,57.000000,0.000000,8.215263,6.162843,-6.975561,4.120864,4.687581,-2.597979,6.678321,22.996168,-10.717828,3.586137,21.318081,12.746586,14.551158,24.033386,16.427586,-1.842137,18.074198,18.202379,-8.139300,7.315886,-4.497416,-2.403330,11.688489,8.232405,12.202495,19.818707,11.525685,6.697650,23.606924,18.069000,18.111353,19.127642,8064.000000,0.000000,4.000000,,,,0.000000,4.000000,4.000000,4.000000,4.000000,2.000000,4.000000,4.000000,4.000000,4.000000,4.000000,4.000000,4.000000,4.000000,4.000000,4.000000,4.000000,4.000000,4.000000,2.000000,4.000000,4.000000,4.000000,4.000000,4.000000,4.000000,4.000000,4.000000,4.000000,4.000000,4.000000,4.000000,4.000000,66.666664
1614076768.387175,58.000000,0.000000,8.207048,6.156681,-6.968585,4.116744,4.682893,-2.595381,7.697284,17.332146,-10.707110,-2.058475,9.501890,3.503070,8.895581,9.137557,3.077825,-17.737730,5.748431,16.645714,-16.336288,-7.563224,-8.082663,-7.529131,6.035775,3.608788,9.113369,14.157862,7.411596,6.690952,24.096138,19.076572,18.606062,18.595694,8064.000000,0.000000,4.000000,,,,0.000000,4.000000,4.000000,4.000000,4.000000,2.000000,4.000000,4.000000,4.000000,4.000000,4.000000,4.000000,4.000000,4.000000,4.000000,4.000000,4.000000,4.000000,4.000000,2.000000,4.000000,4.000000,4.000000,4.000000,4.000000,4.000000,4.000000,4.000000,4.000000,4.000000,4.000000,4.000000,4.000000,66.666664
1614076768.395024,59.000000,0.000000,8.198841,4.612062,-6.961617,4.112627,4.678210,-2.592786,8.715228,10.648148,-10.696404,-9.235903,-3.840945,1.448285,5.296942,0.923292,8.715773,-6.950762,-1.949625,35.603428,-3.499440,-7.555661,-4.484836,-8.547243,-0.124107,-3.061487,9.617076,14.656525,7.917005,6.684261,24.072042,17.006214,18.587456,18.577099,8064.000000,0.000000,4.000000,,,,0.000000,4.000000,4.000000,4.000000,4.000000,2.000000,4.000000,4.000000,4.000000,4.000000,4.000000,4.000000,4.000000,4.000000,4.000000,4.000000,4.000000,4.000000,4.000000,2.000000,4.000000,4.000000,4.000000,4.000000,4.000000,4.000000,4.000000,4.000000,4.000000,4.000000,4.000000,4.000000,4.000000,66.666664
1614076768.402773,60.000000,0.000000,8.190642,6.658732,-6.954655,4.108514,4.673532,-3.103014,7.168051,10.637500,-11.198527,-13.329231,-6.914027,3.498119,5.804466,1.435189,14.348083,4.338240,0.103606,31.465260,5.734829,-3.958362,-4.480351,-9.051517,-0.123983,-0.494323,9.094638,20.282894,10.473190,6.677577,24.047970,21.091772,18.568869,19.584162,8064.000000,0.000000,4.000000,,,,0.000000,4.000000,4.000000,4.000000,4.000000,2.000000,4.000000,4.000000,4.000000,4.000000,4.000000,4.000000,4.000000,4.000000,4.000000,4.000000,4.000000,4.000000,4.000000,2.000000,4.000000,4.000000,4.000000,4.000000,4.000000,4.000000,4.000000,4.000000,4.000000,4.000000,4.000000,4.000000,4.000000,66.666664
1614076768.410622,61.000000,0.000000,8.182451,8.190536,-6.947701,4.104405,4.668859,-2.074270,2.545498,11.139683,-10.674508,-10.751800,-5.881472,2.468980,6.311482,2.459395,12.282452,-14.127637,-0.409318,32.972256,4.703453,-1.390301,-0.373307,2.239586,0.901782,6.685658,9.598364,22.313892,12.001179,6.670899,24.023922,31.839911,18.550299,22.128681,8064.000000,0.000000,4.000000,,,,0.000000,4.000000,4.000000,4.000000,4.000000,2.000000,4.000000,4.000000,4.000000,4.000000,4.000000,4.000000,4.000000,4.000000,4.000000,4.000000,4.000000,4.000000,4.000000,2.000000,4.000000,4.000000,4.000000,4.000000,4.000000,4.000000,4.000000,4.000000,4.000000,4.000000,4.000000,4.000000,4.000000,66.666664
1614076768.418371,62.000000,0.000000,8.174269,7.669524,-6.940753,4.100301,4.664189,-0.020913,2.542953,11.128543,-8.099731,-0.997458,-2.285847,2.466511,5.792350,7.072320,12.782990,-17.190432,0.103912,50.888000,5.211570,4.764936,12.960400,19.673244,0.900880,8.217434,14.716970,21.778759,11.989178,6.664228,23.999899,32.320892,18.531750,23.132193,8064.000000,0.000000,4.000000,,,,0.000000,4.000000,4.000000,4.000000,4.000000,2.000000,4.000000,4.000000,4.000000,4.000000,4.000000,4.000000,4.000000,4.000000,4.000000,4.000000,4.000000,4.000000,4.000000,2.000000,4.000000,4.000000,4.000000,4.000000,4.000000,4.000000,4.000000,4.000000,4.000000,4.000000,4.000000,4.000000,4.000000,66.666664
1614076768.426220,63.000000,0.000000,8.678915,8.174675,-6.933812,4.096201,4.659525,1.517569,6.642974,15.732799,-6.553170,8.234308,7.460029,5.540967,6.299378,13.731915,13.795848,-7.429652,7.796116,38.016602,5.719179,6.811453,21.152567,17.602289,0.387159,9.747678,18.291998,22.782621,11.977188,6.657564,23.975899,24.083443,18.513218,22.596241,8064.000000,0.000000,4.000000,,,,0.000000,4.000000,4.000000,4.000000,4.000000,2.000000,4.000000,4.000000,4.000000,4.000000,4.000000,4.000000,4.000000,4.000000,4.000000,4.000000,4.000000,4.000000,4.000000,2.000000,4.000000,4.000000,4.000000,4.000000,4.000000,4.000000,4.000000,4.000000,4.000000,4.000000,4.000000,4.000000,4.000000,66.666664
1614076768.433969,64.000000,0.000000,7.131775,5.089577,-6.926878,4.092104,5.167686,1.516052,4.072228,17.255527,-7.059437,3.610690,10.016671,6.048246,6.293078,13.718183,12.756412,-12.037607,11.890884,22.593969,4.687819,7.830283,14.977569,5.276994,0.386772,12.814854,14.683962,21.221376,11.965211,6.650907,23.951923,20.982435,18.494703,22.573645,0.000000,195.000000,4.000000,,,,0.000000,4.000000,4.000000,4.000000,4.000000,2.000000,4.000000,4.000000,4.000000,4.000000,4.000000,4.000000,4.000000,4.000000,4.000000,4.000000,4.000000,4.000000,4.000000,2.000000,4.000000,4.000000,4.000000,4.000000,4.000000,4.000000,4.000000,4.000000,4.000000,4.000000,4.000000,4.000000,4.000000,66.666664
1614076768.441618,65.000000,0.000000,5.073361,0.469103,-6.919951,4.088013,4.649698,0.488894,0.478413,15.699811,-6.026737,-4.085228,4.365629,3.478096,6.286786,13.191644,17.359039,0.282123,11.366173,38.981632,7.760054,10.899375,7.783104,2.194794,3.463308,8.699474,10.566713,19.148872,12.466066,6.644256,23.927971,22.499916,18.476210,22.551069,0.000000,173.000000,4.000000,,,,0.000000,4.000000,4.000000,4.000000,4.000000,2.000000,4.000000,4.000000,4.000000,4.000000,4.000000,4.000000,4.000000,4.000000,4.000000,4.000000,4.000000,4.000000,4.000000,2.000000,4.000000,4.000000,4.000000,4.000000,4.000000,4.000000,4.000000,4.000000,4.000000,4.000000,4.000000,4.000000,4.000000,66.666664
1614076768.449367,66.000000,0.000000,4.042647,2.007096,-6.400211,4.083924,4.645048,1.514047,3.042037,17.735394,-2.943787,-1.517041,4.874084,2.961797,7.306140,14.716913,16.316040,11.051071,12.380447,28.686239,2.624089,4.734630,5.724039,3.218240,4.998306,4.588211,9.530506,18.616903,11.940780,7.150432,24.416862,21.964594,18.457733,23.041340,0.000000,174.000000,4.000000,,,,0.000000,4.000000,4.000000,4.000000,4.000000,2.000000,4.000000,4.000000,4.000000,4.000000,4.000000,4.000000,4.000000,4.000000,4.000000,4.000000,4.000000,4.000000,4.000000,2.000000,4.000000,4.000000,4.000000,4.000000,4.000000,4.000000,4.000000,4.000000,4.000000,4.000000,4.000000,4.000000,4.000000,66.666664
1614076768.457017,67.000000,0.000000,4.551425,4.569191,-7.419452,4.079841,5.153224,2.025353,5.090277,17.717657,-2.940843,-0.489883,6.407671,1.933194,5.247551,10.599632,3.992031,-14.601006,8.778323,-3.650139,-12.250330,-7.064977,0.590110,4.753483,0.890744,5.096443,5.931232,13.470081,7.826275,5.092000,22.341164,19.891348,18.439276,22.505478,0.000000,191.000000,4.000000,,,,0.000000,4.000000,4.000000,4.000000,4.000000,2.000000,4.000000,4.000000,4.000000,4.000000,4.000000,4.000000,4.000000,4.000000,4.000000,4.000000,4.000000,4.000000,4.000000,2.000000,4.000000,4.000000,4.000000,4.000000,4.000000,4.000000,4.000000,4.000000,4.000000,4.000000,4.000000,4.000000,4.000000,66.666664
1614076768.464766,68.000000,0.000000,4.546873,4.051801,-9.976135,4.075761,4.635250,-2.079236,3.546725,12.571734,-7.040466,-5.617598,1.273058,-0.632841,3.191022,3.409546,-0.627346,-25.868456,1.590058,10.199665,-8.648336,-5.519450,-3.513045,1.158986,-3.212711,-2.088140,1.822737,7.302765,3.715885,3.035625,17.703438,17.820175,16.882374,18.380407,0.000000,191.000000,4.000000,,,,0.000000,4.000000,4.000000,4.000000,4.000000,2.000000,4.000000,4.000000,4.000000,4.000000,4.000000,4.000000,4.000000,4.000000,4.000000,4.000000,4.000000,4.000000,4.000000,2.000000,4.000000,4.000000,4.000000,4.000000,4.000000,4.000000,4.000000,4.000000,4.000000,4.000000,4.000000,4.000000,4.000000,66.666664
1614076768.472415,69.000000,0.000000,4.542326,4.047750,-10.991799,4.071685,0.015230,-5.666901,3.543178,10.507881,-10.623170,-8.688904,-2.317958,-1.145029,2.675010,1.354854,7.578410,-12.509254,1.075647,32.753567,6.232107,3.204018,-1.971070,-13.201147,-2.696678,-9.778359,1.308093,6.269822,5.250630,2.519769,15.634453,17.802355,14.814210,14.772285,0.000000,173.000000,4.000000,,,,0.000000,4.000000,4.000000,4.000000,4.000000,4.000000,4.000000,4.000000,4.000000,4.000000,4.000000,4.000000,4.000000,4.000000,4.000000,4.000000,4.000000,4.000000,4.000000,2.000000,4.000000,4.000000,4.000000,4.000000,4.000000,4.000000,4.000000,4.000000,4.000000,4.000000,4.000000,4.000000,4.000000,83.333336
1614076768.480164,70.000000,0.000000,4.537784,4.556522,-10.467987,4.067613,-3.061708,-4.122772,4.052456,11.010194,-11.125367,-9.193035,-1.289999,-0.631064,0.108233,2.379140,7.570832,-15.573668,4.151495,15.797738,-0.440792,3.200814,-5.558843,-16.777689,-2.693981,-5.153197,2.332426,7.289193,7.809482,3.030070,16.644459,18.297373,14.286575,14.757512,0.000000,188.000000,4.000000,,,,0.000000,4.000000,4.000000,4.000000,4.000000,4.000000,4.000000,4.000000,4.000000,4.000000,4.000000,4.000000,4.000000,4.000000,4.000000,4.000000,4.000000,4.000000,4.000000,2.000000,4.000000,4.000000,4.000000,4.000000,4.000000,4.000000,4.000000,4.000000,4.000000,4.000000,4.000000,4.000000,4.000000,83.333336
1614076768.487813,71.000000,0.000000,4.533246,2.500684,-10.457520,4.063546,-3.058646,-3.605829,4.048403,10.999184,-10.601421,-11.747945,-1.288709,-0.630432,-4.507260,1.863941,1.922235,-14.532453,4.147343,9.628094,-12.235223,-0.392130,-10.681489,-1.376296,-3.204108,1.518623,1.817273,7.281904,8.314493,3.027040,16.627815,18.279076,14.785110,15.255575,0.000000,152.000000,4.000000,,,,0.000000,4.000000,4.000000,2.000000,4.000000,4.000000,4.000000,4.000000,4.000000,4.000000,4.000000,4.000000,4.000000,4.000000,4.000000,4.000000,4.000000,4.000000,4.000000,2.000000,4.000000,4.000000,4.000000,4.000000,4.000000,4.000000,4.000000,4.000000,4.000000,4.000000,4.000000,4.000000,4.000000,66.666664
1614076768.495562,72.000000,0.000000,4.528713,0.446901,-10.959883,4.059482,-2.542767,-6.166326,4.044355,11.501005,-10.590819,-10.710556,-1.800241,-0.629802,-5.528394,1.862077,1.920313,-17.082024,3.630375,19.874876,-3.505039,-0.391738,-1.952859,4.778926,-2.688083,0.491463,2.328277,9.325904,8.306179,3.024013,16.098366,18.260796,14.257504,14.727499,0.000000,184.000000,4.000000,,,,0.000000,4.000000,4.000000,2.000000,4.000000,4.000000,4.000000,4.000000,4.000000,4.000000,4.000000,4.000000,4.000000,4.000000,4.000000,4.000000,4.000000,4.000000,4.000000,2.000000,4.000000,4.000000,4.000000,4.000000,4.000000,4.000000,4.000000,4.000000,4.000000,4.000000,4.000000,4.000000,4.000000,66.666664
1614076768.503211,73.000000,0.000000,4.524184,-0.066366,-10.436102,4.055423,-3.053045,-7.185801,3.527490,10.976684,-10.580229,-5.571640,0.765662,-0.629172,-4.497224,3.911497,1.918393,-41.167503,4.139565,10.111411,4.190774,3.198397,13.433710,2.722865,-3.198215,-0.021849,2.325948,10.855040,8.297873,3.020989,16.595089,18.242535,14.243246,14.712771,0.000000,215.000000,4.000000,,,,0.000000,4.000000,4.000000,2.000000,4.000000,4.000000,4.000000,4.000000,4.000000,4.000000,4.000000,4.000000,4.000000,4.000000,4.000000,4.000000,4.000000,4.000000,4.000000,2.000000,4.000000,4.000000,4.000000,4.000000,4.000000,4.000000,4.000000,4.000000,4.000000,4.000000,4.000000,4.000000,4.000000,66.666664
1614076768.510960,74.000000,0.000000,4.519660,-0.066300,-10.425666,4.051367,-3.049992,-6.665794,4.036783,10.965707,-11.082469,-3.514786,2.816178,-0.628543,-3.467086,6.471688,4.480577,-25.228901,3.622605,15.742326,2.135301,7.297763,18.548481,6.309886,-2.682197,1.003814,2.323622,10.844185,8.289575,3.017968,16.578493,18.224293,14.741823,15.210879,0.000000,201.000000,4.000000,,,,0.000000,4.000000,4.000000,2.000000,4.000000,4.000000,4.000000,4.000000,4.000000,4.000000,4.000000,4.000000,4.000000,4.000000,4.000000,4.000000,4.000000,4.000000,4.000000,2.000000,4.000000,4.000000,4.000000,4.000000,4.000000,4.000000,4.000000,4.000000,4.000000,4.000000,4.000000,4.000000,4.000000,66.666664
1614076768.518610,75.000000,0.000000,4.515141,0.446587,-10.415240,4.047316,-3.046942,-5.120667,5.571208,17.621407,-10.045746,-2.485631,2.300541,-0.627914,-1.412337,10.567780,14.219686,7.616840,6.695906,43.418892,2.645986,7.803286,15.965830,2.201012,-0.628232,0.489990,2.321299,10.833341,10.332567,3.014950,16.049095,18.206068,14.214261,15.195668,0.000000,173.000000,4.000000,,,,0.000000,4.000000,4.000000,2.000000,4.000000,4.000000,4.000000,4.000000,4.000000,4.000000,4.000000,4.000000,4.000000,4.000000,4.000000,4.000000,4.000000,4.000000,4.000000,2.000000,4.000000,4.000000,4.000000,4.000000,4.000000,4.000000,4.000000,4.000000,4.000000,4.000000,4.000000,4.000000,4.000000,66.666664
1614076768.526359,76.000000,0.000000,4.510625,-0.066680,-10.404825,4.043269,-0.992613,-3.064264,7.616919,26.834555,-7.471597,-0.431863,2.298241,-0.627287,-0.385284,14.146956,16.256748,-6.749751,7.202031,39.785728,-1.972044,4.205739,9.283197,-6.006317,1.423678,1.002321,2.318977,10.822507,12.373517,3.011935,16.545866,17.675041,14.200047,14.667652,0.000000,203.000000,4.000000,,,,0.000000,4.000000,4.000000,2.000000,4.000000,4.000000,4.000000,4.000000,4.000000,4.000000,4.000000,4.000000,4.000000,4.000000,4.000000,4.000000,4.000000,4.000000,4.000000,2.000000,4.000000,4.000000,4.000000,4.000000,4.000000,4.000000,4.000000,4.000000,4.000000,4.000000,4.000000,4.000000,4.000000,66.666664
1614076768.534008,77.000000,0.000000,4.506114,-0.066614,-8.343138,4.039225,1.059662,-3.061200,8.122122,25.269258,-6.438485,0.081390,2.295943,-1.139480,-0.897719,12.594348,6.496902,-39.050694,2.579444,15.643379,-8.123919,0.611789,0.043145,-1.897747,0.909434,-0.537143,2.316658,10.298863,10.309861,3.008923,16.529320,18.170187,14.698668,15.165805,0.000000,195.000000,4.000000,,,,0.000000,4.000000,4.000000,2.000000,4.000000,4.000000,4.000000,4.000000,4.000000,4.000000,4.000000,4.000000,4.000000,4.000000,4.000000,4.000000,4.000000,4.000000,4.000000,2.000000,4.000000,4.000000,4.000000,4.000000,4.000000,4.000000,4.000000,4.000000,4.000000,4.000000,4.000000,4.000000,4.000000,66.666664
1614076768.541757,78.000000,0.000000,4.501608,3.010376,-6.283513,4.035186,1.571423,-1.519677,7.088359,14.987579,-6.944867,-0.431512,2.293647,-0.112699,-0.384001,10.530471,1.362200,-32.857796,1.551223,7.935428,-9.654256,0.098357,-3.546642,4.770818,0.908524,-5.664811,2.314342,11.314206,8.761089,3.005914,15.999970,18.152018,14.171148,15.150639,0.000000,202.000000,4.000000,,,,0.000000,4.000000,4.000000,2.000000,4.000000,4.000000,4.000000,4.000000,4.000000,4.000000,4.000000,4.000000,4.000000,4.000000,4.000000,4.000000,4.000000,4.000000,4.000000,2.000000,4.000000,4.000000,4.000000,4.000000,4.000000,4.000000,4.000000,4.000000,4.000000,4.000000,4.000000,4.000000,4.000000,66.666664
1614076768.549406,79.000000,0.000000,4.497107,7.109930,-6.790050,3.518330,1.057031,3.610048,7.081271,10.870028,-6.937922,0.081740,2.291353,1.938695,-0.896437,9.494300,3.412120,-21.030067,6.677877,13.055697,-11.695884,0.098259,-0.978992,4.253226,1.420436,-6.684788,2.312027,12.841353,8.752329,3.002908,17.009611,17.621044,13.644156,14.622668,0.000000,202.000000,4.000000,,,,0.000000,4.000000,4.000000,2.000000,4.000000,4.000000,4.000000,4.000000,4.000000,4.000000,4.000000,4.000000,4.000000,4.000000,4.000000,4.000000,4.000000,4.000000,4.000000,2.000000,4.000000,4.000000,4.000000,4.000000,4.000000,4.000000,4.000000,4.000000,4.000000,4.000000,4.000000,4.000000,4.000000,66.666664
1614076768.557155,80.000000,0.000000,6.543892,8.128461,-6.783260,4.027633,1.055974,5.657720,11.689574,13.936081,-6.930984,0.081658,2.289062,2.962398,-0.382720,9.997626,4.947169,-16.906473,8.722482,26.888796,-1.427778,2.149442,2.098910,3.736152,0.906195,-3.601180,4.873818,15.392614,8.230756,2.999905,19.556704,19.141886,19.271538,15.120866,0.000000,205.000000,4.000000,,,,0.000000,4.000000,4.000000,2.000000,4.000000,4.000000,4.000000,4.000000,4.000000,4.000000,4.000000,4.000000,4.000000,4.000000,4.000000,4.000000,4.000000,4.000000,4.000000,2.000000,4.000000,4.000000,4.000000,4.000000,4.000000,4.000000,4.000000,4.000000,4.000000,4.000000,4.000000,4.000000,4.000000,66.666664
1614076768.564804,81.000000,0.000000,9.101451,7.607512,-6.776476,5.049246,1.567738,5.139242,15.780449,15.973427,-4.872771,-0.431244,2.286772,3.985076,-0.382337,10.500449,6.480683,-0.479310,8.200938,38.656780,14.983907,2.660114,6.199375,3.219596,0.905289,-2.571938,6.920226,17.428505,9.760986,2.996905,20.562788,21.174025,25.406113,17.669847,0.000000,196.000000,4.000000,,,,0.000000,4.000000,4.000000,2.000000,4.000000,4.000000,4.000000,4.000000,4.000000,4.000000,4.000000,4.000000,4.000000,4.000000,4.000000,4.000000,4.000000,4.000000,4.000000,2.000000,4.000000,4.000000,4.000000,4.000000,4.000000,4.000000,4.000000,4.000000,4.000000,4.000000,4.000000,4.000000,4.000000,66.666664
1614076768.572653,82.000000,0.000000,7.041067,7.599905,-6.769700,3.505735,0.540529,5.134102,12.687745,12.880530,-2.816616,0.082008,2.284486,2.442630,-3.971699,7.413025,5.448562,-0.478831,6.654276,36.054020,8.302256,0.093351,5.680355,4.242017,1.417204,-3.082186,3.836383,16.385435,7.187123,2.993909,18.490944,19.614389,22.303783,19.190639,0.000000,205.000000,4.000000,,,,0.000000,4.000000,4.000000,2.000000,4.000000,4.000000,4.000000,4.000000,4.000000,4.000000,4.000000,4.000000,4.000000,4.000000,4.000000,4.000000,4.000000,4.000000,4.000000,2.000000,4.000000,4.000000,4.000000,4.000000,4.000000,4.000000,4.000000,4.000000,4.000000,4.000000,4.000000,4.000000,4.000000,66.666664
1614076768.580402,83.000000,0.000000,0.880180,8.105124,-6.762930,3.502229,1.052809,3.590507,7.034032,10.816368,-4.865081,0.081926,2.282201,-3.200839,-8.070292,1.251766,-0.197913,-26.119377,-1.044686,31.402580,-4.526559,-5.547768,-2.530454,5.263416,0.390146,-3.591924,-0.782838,14.830587,-3.589295,2.990915,16.421171,17.543493,17.666096,18.658628,0.000000,200.000000,4.000000,,,,0.000000,4.000000,4.000000,2.000000,4.000000,4.000000,4.000000,4.000000,4.000000,4.000000,4.000000,4.000000,4.000000,4.000000,4.000000,4.000000,4.000000,4.000000,4.000000,2.000000,4.000000,4.000000,4.000000,4.000000,4.000000,4.000000,4.000000,4.000000,4.000000,4.000000,4.000000,4.000000,4.000000,66.666664
1614076768.588251,84.000000,0.000000,-3.223264,7.584199,-6.756167,9.652574,3.103039,1.535634,7.539818,11.318372,-6.911499,-3.507900,2.792740,-8.325843,-8.575042,-1.826409,-4.813099,-43.016335,-9.761590,19.063486,0.606173,-11.183246,-9.194590,-8.075180,-4.225629,-5.639615,-1.807696,13.790116,-11.278013,3.500744,16.404749,17.525949,18.674070,18.639969,0.000000,190.000000,4.000000,,,,0.000000,4.000000,4.000000,2.000000,4.000000,4.000000,4.000000,4.000000,4.000000,4.000000,4.000000,4.000000,4.000000,4.000000,4.000000,4.000000,4.000000,4.000000,4.000000,2.000000,4.000000,4.000000,4.000000,4.000000,4.000000,4.000000,4.000000,4.000000,4.000000,4.000000,4.000000,4.000000,4.000000,66.666664
1614076768.596000,85.000000,0.000000,-3.220041,7.576615,-6.749412,10.155742,5.151217,1.534098,8.557920,11.819874,-6.904587,-7.606956,1.251485,-8.317517,-8.053646,-2.337403,-5.321106,-44.511780,-11.290290,-8.647885,-1.958536,-14.248986,-10.723857,-25.503002,-6.785506,-6.659616,-1.293068,10.186583,-10.753915,1.445961,16.388346,18.021244,16.604115,18.621330,0.000000,204.000000,4.000000,,,,0.000000,4.000000,4.000000,2.000000,4.000000,4.000000,4.000000,4.000000,4.000000,4.000000,4.000000,4.000000,4.000000,4.000000,4.000000,4.000000,4.000000,4.000000,4.000000,2.000000,4.000000,4.000000,4.000000,4.000000,4.000000,4.000000,4.000000,4.000000,4.000000,4.000000,4.000000,4.000000,4.000000,66.666664
1614076768.603849,86.000000,0.000000,-2.704001,7.569038,-7.255483,0.401996,4.633246,-1.544359,4.959618,9.756772,-6.897682,-8.112169,-1.313869,-7.796379,-8.558413,-4.899168,-5.828606,-42.928806,-10.766179,-10.690519,-9.648886,-13.721916,-10.200313,-23.939037,-6.778720,-6.652956,-1.804595,6.073832,-10.230340,-0.606767,16.371956,18.003223,10.946484,18.602709,0.000000,191.000000,4.000000,,,,0.000000,4.000000,4.000000,2.000000,4.000000,4.000000,4.000000,4.000000,4.000000,4.000000,4.000000,4.000000,4.000000,4.000000,4.000000,4.000000,4.000000,4.000000,4.000000,2.000000,4.000000,4.000000,4.000000,4.000000,4.000000,4.000000,4.000000,4.000000,4.000000,4.000000,4.000000,4.000000,4.000000,66.666664
1614076768.611599,87.000000,0.000000,-3.214117,7.561470,-6.222586,-4.213791,4.628613,-6.158199,0.339274,7.182913,-6.890785,-7.591237,-2.338196,-8.814223,-9.062675,-6.432731,-6.335598,-41.860237,-11.781054,20.602222,-1.946929,-11.656913,-9.677292,-12.633048,-6.259121,-7.159124,-1.802791,6.580578,-10.732930,-1.118980,16.355585,17.985220,10.422717,18.584105,0.000000,192.000000,4.000000,,,,0.000000,4.000000,4.000000,2.000000,4.000000,4.000000,4.000000,4.000000,4.000000,4.000000,4.000000,4.000000,4.000000,4.000000,4.000000,4.000000,4.000000,4.000000,4.000000,2.000000,4.000000,4.000000,4.000000,4.000000,4.000000,4.000000,4.000000,4.000000,4.000000,4.000000,4.000000,4.000000,4.000000,66.666664
1614076768.619448,88.000000,0.000000,-3.210903,8.066729,-4.165082,1.944269,4.623984,-6.664861,-0.173886,7.175730,-4.832612,-7.583646,-1.310217,-8.292589,-8.027971,-4.887836,-5.303621,-39.254276,-10.743632,24.684183,-8.098828,-10.619615,-10.180435,-11.081953,-6.765682,-6.639144,-1.288168,7.086818,-10.209377,-0.605041,16.852049,17.967236,14.002038,18.565521,0.000000,219.000000,4.000000,,,,0.000000,4.000000,4.000000,2.000000,4.000000,4.000000,4.000000,4.000000,4.000000,4.000000,4.000000,4.000000,4.000000,4.000000,4.000000,4.000000,4.000000,4.000000,4.000000,2.000000,4.000000,4.000000,4.000000,4.000000,4.000000,4.000000,4.000000,4.000000,4.000000,4.000000,4.000000,4.000000,4.000000,66.666664
1614076768.627197,89.000000,0.000000,-2.694872,7.545841,-2.622455,5.019248,4.619360,-6.145376,0.339108,8.194196,-2.776497,-8.088882,-1.308906,-7.771476,-8.019943,-5.908589,-5.298318,-36.138096,-11.245708,2.095397,-28.603550,-12.660277,-10.170255,-12.096513,-6.758916,-7.658146,-2.312521,6.054090,-10.711988,-0.604436,16.835197,17.949268,15.013677,18.546955,0.000000,208.000000,4.000000,,,,0.000000,4.000000,4.000000,2.000000,4.000000,4.000000,4.000000,4.000000,4.000000,4.000000,4.000000,4.000000,4.000000,4.000000,4.000000,4.000000,4.000000,4.000000,4.000000,2.000000,4.000000,4.000000,4.000000,4.000000,4.000000,4.000000,4.000000,4.000000,4.000000,4.000000,4.000000,4.000000,4.000000,66.666664
1614076768.635046,90.000000,0.000000,-2.692177,8.051116,-3.132653,3.475767,4.614741,-6.139231,0.338769,7.160360,-3.286541,-7.055153,-1.820418,-9.302166,-9.037564,-4.877040,-4.267378,-41.230164,-9.183181,6.708686,-16.780075,-10.083514,0.096326,-11.571595,-5.726517,-11.240232,1.279536,7.586498,-3.521789,-0.603831,15.792722,17.931318,13.973022,18.528408,0.000000,126.000000,4.000000,,,,0.000000,4.000000,4.000000,2.000000,4.000000,4.000000,4.000000,4.000000,4.000000,4.000000,4.000000,4.000000,4.000000,4.000000,4.000000,4.000000,4.000000,4.000000,4.000000,2.000000,4.000000,4.000000,4.000000,4.000000,4.000000,4.000000,4.000000,4.000000,4.000000,4.000000,4.000000,4.000000,4.000000,66.666664
1614076768.642795,91.000000,0.000000,-2.689485,7.530244,-3.129520,3.472291,4.610126,-4.081809,-0.174390,7.666020,-3.283255,-4.996816,-0.280136,-5.190300,-5.951603,2.820145,8.044581,-35.547909,3.133694,32.343002,10.416193,2.747082,14.968025,-8.995921,-3.156687,-7.639248,8.457744,10.143014,8.789425,-0.603227,16.802570,17.913387,14.471869,19.022701,0.000000,205.000000,4.000000,,,,0.000000,4.000000,4.000000,2.000000,4.000000,4.000000,4.000000,4.000000,4.000000,4.000000,4.000000,4.000000,4.000000,4.000000,4.000000,4.000000,4.000000,4.000000,4.000000,2.000000,4.000000,4.000000,4.000000,4.000000,4.000000,4.000000,4.000000,4.000000,4.000000,4.000000,4.000000,4.000000,4.000000,66.666664
1614076768.650644,92.000000,0.000000,-2.686795,4.445791,-3.126390,4.494460,4.605516,-3.564907,0.338605,12.786559,-3.279971,-3.453357,4.335529,3.532840,2.772297,9.483992,24.446793,-2.691848,14.925432,42.567070,11.431417,15.052028,18.029980,-2.320259,-0.076608,1.599161,9.474927,11.158512,13.908841,-0.602624,16.272947,15.844192,14.970219,16.952396,0.000000,152.000000,4.000000,,,,0.000000,4.000000,4.000000,2.000000,4.000000,4.000000,4.000000,4.000000,4.000000,4.000000,4.000000,4.000000,4.000000,4.000000,4.000000,4.000000,4.000000,4.000000,4.000000,2.000000,4.000000,4.000000,2.000000,4.000000,4.000000,4.000000,4.000000,4.000000,4.000000,4.000000,4.000000,4.000000,4.000000,50.000000
1614076768.658393,93.000000,0.000000,-2.684108,0.338781,-3.123264,3.977145,4.088090,-6.125444,0.338266,15.337875,-3.276691,-3.962724,7.408116,8.144691,7.384909,11.525789,25.960808,3.977511,16.448969,33.806557,4.753320,16.575438,15.447847,2.810267,0.949110,5.700126,5.875708,10.634533,10.818009,-0.602022,8.564366,14.289886,13.416786,13.858521,0.000000,199.000000,4.000000,,,,0.000000,4.000000,4.000000,2.000000,4.000000,4.000000,4.000000,4.000000,4.000000,4.000000,4.000000,4.000000,4.000000,4.000000,4.000000,4.000000,4.000000,4.000000,4.000000,2.000000,4.000000,4.000000,2.000000,4.000000,4.000000,4.000000,4.000000,4.000000,4.000000,4.000000,4.000000,4.000000,4.000000,50.000000
1614076768.666242,94.000000,0.000000,-2.681424,-1.712840,-3.120141,3.973168,4.596822,-6.632140,0.337928,11.219974,-3.273415,-3.958762,3.810965,7.110906,5.839063,6.898879,12.088694,-28.334158,14.894058,20.952236,3.722925,13.994759,12.868297,5.371559,0.948161,4.155964,5.357012,10.623899,8.755909,-0.601420,0.863494,13.762775,11.352088,10.767739,0.000000,212.000000,4.000000,,,,0.000000,4.000000,4.000000,2.000000,4.000000,4.000000,4.000000,4.000000,4.000000,4.000000,4.000000,4.000000,4.000000,4.000000,4.000000,4.000000,4.000000,4.000000,4.000000,2.000000,4.000000,4.000000,2.000000,4.000000,4.000000,4.000000,4.000000,4.000000,4.000000,4.000000,4.000000,4.000000,4.000000,50.000000
1614076768.673991,95.000000,0.000000,-2.678743,-2.736768,-3.117021,3.969195,4.592226,-6.112687,0.337590,7.106189,-3.782962,-3.954803,-0.295411,5.052513,4.807582,-3.877250,1.820194,-31.382748,15.904805,20.418463,-1.409003,8.852559,3.624659,1.776444,1.460033,4.664629,6.377296,10.613275,8.747153,-0.600818,0.862630,13.749013,10.315095,9.731330,0.000000,211.000000,4.000000,,,,0.000000,4.000000,4.000000,2.000000,4.000000,4.000000,4.000000,4.000000,4.000000,4.000000,4.000000,4.000000,4.000000,4.000000,4.000000,4.000000,4.000000,4.000000,4.000000,2.000000,4.000000,4.000000,2.000000,4.000000,4.000000,4.000000,4.000000,4.000000,4.000000,4.000000,4.000000,4.000000,4.000000,50.000000
1614076768.681640,96.000000,0.000000,-2.676064,-1.708390,-3.113904,3.965226,3.049172,-6.619395,0.337252,7.099083,-3.266358,-3.950848,-1.320756,4.021819,-0.838251,-13.104142,-3.822652,-14.941109,9.222234,17.833942,-2.946055,-3.463986,-6.122555,-12.584307,0.432932,3.634323,5.858098,10.602661,8.225585,-0.600217,5.477152,16.812187,10.817600,13.824163,8064.000000,0.000000,4.000000,,,,0.000000,4.000000,4.000000,2.000000,4.000000,4.000000,4.000000,4.000000,4.000000,4.000000,4.000000,4.000000,4.000000,4.000000,4.000000,4.000000,4.000000,4.000000,4.000000,2.000000,4.000000,4.000000,2.000000,4.000000,4.000000,4.000000,4.000000,4.000000,4.000000,4.000000,4.000000,4.000000,4.000000,50.000000
1614076768.689389,97.000000,0.000000,-2.673388,0.344600,-3.110790,3.961260,6.635866,-4.048673,0.336915,7.604805,-1.211810,-3.946897,-1.832256,2.992156,-11.606643,-11.552577,-13.049598,-45.695396,-1.556219,-8.337738,-4.994391,-15.255394,-7.142074,-22.315311,-2.131603,0.553765,5.852240,10.592058,8.217360,-0.599617,8.548598,21.410759,10.806783,20.989826,8064.000000,0.000000,4.000000,,,,0.000000,4.000000,4.000000,2.000000,4.000000,4.000000,4.000000,4.000000,4.000000,4.000000,4.000000,4.000000,4.000000,4.000000,4.000000,4.000000,4.000000,4.000000,4.000000,2.000000,4.000000,4.000000,2.000000,4.000000,4.000000,4.000000,4.000000,4.000000,4.000000,4.000000,4.000000,4.000000,4.000000,50.000000
1614076768.697038,98.000000,0.000000,-3.183535,0.344256,-3.107679,3.957299,14.321538,0.570760,-0.176242,7.084379,0.840684,-3.942950,-0.804783,2.989164,-9.543755,-1.284614,-10.985267,-56.931755,-3.093125,-12.431965,-11.656064,-13.188856,-6.109291,-15.113510,-3.667933,0.040391,5.846388,10.581467,8.209143,-0.599018,8.540050,21.902168,10.795976,23.532938,8064.000000,0.000000,4.000000,,,,0.000000,4.000000,4.000000,2.000000,4.000000,4.000000,4.000000,4.000000,4.000000,4.000000,4.000000,4.000000,4.000000,4.000000,4.000000,4.000000,4.000000,4.000000,4.000000,2.000000,4.000000,4.000000,2.000000,4.000000,4.000000,4.000000,4.000000,4.000000,4.000000,4.000000,4.000000,4.000000,4.000000,50.000000
1614076768.704787,99.000000,0.000000,-2.154711,0.343911,-3.104571,4.466162,15.332857,2.108651,0.849575,7.077295,0.839843,-3.939007,3.811407,2.986175,5.337584,11.537184,9.538539,-24.054310,2.550994,20.400980,-7.541843,-2.919257,-6.103181,-4.329165,-2.638624,-0.472470,5.840541,10.570885,8.200933,-0.598419,8.531509,19.828985,10.785179,20.432484,8064.000000,0.000000,4.000000,,,,0.000000,4.000000,4.000000,2.000000,4.000000,4.000000,4.000000,4.000000,4.000000,4.000000,4.000000,4.000000,4.000000,4.000000,4.000000,4.000000,4.000000,4.000000,4.000000,2.000000,4.000000,4.000000,2.000000,4.000000,4.000000,4.000000,4.000000,4.000000,4.000000,4.000000,4.000000,4.000000,4.000000,50.000000
1614076768.712436,100.000000,0.000000,0.411547,0.343568,-3.101467,3.948876,11.727781,1.593722,3.412828,7.583038,0.326183,-2.396607,6.371698,2.983189,11.486093,18.705133,24.913616,-2.491794,4.086905,47.047245,-3.431737,0.673406,-6.609899,-2.273554,-2.123165,0.553644,6.347521,11.073134,8.192732,-0.597820,10.061440,18.270695,10.774394,18.873589,8064.000000,0.000000,4.000000,,,,0.000000,4.000000,4.000000,2.000000,4.000000,4.000000,4.000000,4.000000,4.000000,4.000000,4.000000,4.000000,4.000000,4.000000,4.000000,4.000000,4.000000,4.000000,4.000000,2.000000,4.000000,4.000000,2.000000,4.000000,4.000000,4.000000,4.000000,4.000000,4.000000,4.000000,4.000000,4.000000,4.000000,50.000000
1614076768.720186,101.000000,0.000000,1.436776,0.856044,-3.098365,3.944927,12.228873,1.079308,4.435056,10.139558,0.325857,-0.342928,6.365326,2.980206,9.936145,17.147966,24.888702,-29.155968,3.569997,24.948917,-6.505229,-0.352909,-6.090468,-5.348204,-3.659504,1.578731,5.828353,10.549241,8.184540,-0.084402,9.538558,17.739603,10.763620,18.854715,8064.000000,0.000000,4.000000,,,,0.000000,4.000000,4.000000,2.000000,4.000000,4.000000,4.000000,4.000000,4.000000,4.000000,4.000000,4.000000,4.000000,4.000000,4.000000,4.000000,4.000000,4.000000,4.000000,2.000000,4.000000,4.000000,2.000000,4.000000,4.000000,4.000000,4.000000,4.000000,4.000000,4.000000,4.000000,4.000000,4.000000,50.000000
1614076768.727835,102.000000,0.000000,0.922519,0.855188,-3.095267,4.453803,12.729465,1.591049,3.917800,12.180700,0.325531,0.683056,6.358961,3.490046,10.951850,14.053896,21.786890,-37.844761,6.130530,9.539352,8.885892,1.698726,0.582289,-2.265933,-1.604562,-0.986950,5.822525,11.051512,8.176355,-0.597138,8.503378,18.234684,11.265676,16.271757,8064.000000,0.000000,4.000000,,,,0.000000,4.000000,4.000000,2.000000,4.000000,4.000000,4.000000,4.000000,4.000000,4.000000,4.000000,4.000000,4.000000,4.000000,4.000000,4.000000,4.000000,4.000000,4.000000,2.000000,4.000000,4.000000,2.000000,4.000000,4.000000,4.000000,4.000000,4.000000,4.000000,4.000000,4.000000,4.000000,4.000000,50.000000
1614076768.735584,103.000000,0.000000,0.921596,-0.684128,-3.092172,3.423707,10.152634,1.589458,3.913883,10.630058,0.838026,-0.856089,5.839781,3.999376,10.428078,10.450098,18.175360,-34.729992,8.688501,14.658018,21.697519,4.773951,9.299656,10.556847,5.576530,3.116601,6.842343,11.553281,8.680999,-0.083720,12.084619,17.703629,9.715950,11.640101,8064.000000,0.000000,4.000000,,,,0.000000,4.000000,4.000000,2.000000,4.000000,4.000000,4.000000,4.000000,4.000000,4.000000,4.000000,4.000000,4.000000,4.000000,4.000000,4.000000,4.000000,4.000000,4.000000,2.000000,4.000000,4.000000,2.000000,4.000000,4.000000,4.000000,4.000000,4.000000,4.000000,4.000000,4.000000,4.000000,4.000000,50.000000
1614076768.743233,104.000000,0.000000,1.433495,-2.734726,-3.089080,-0.682280,7.065557,-0.463414,3.909969,8.568146,-0.188453,-6.496258,3.269839,3.995377,5.802265,5.824264,13.028980,-38.285007,9.192634,13.617719,0.650180,5.281997,7.239074,11.571930,9.673517,14.395535,5.297040,6.926343,7.646677,-0.596457,12.585354,12.044899,7.654952,7.525898,8064.000000,0.000000,4.000000,,,,0.000000,4.000000,4.000000,2.000000,4.000000,4.000000,4.000000,4.000000,4.000000,4.000000,4.000000,4.000000,4.000000,4.000000,4.000000,4.000000,4.000000,4.000000,4.000000,2.000000,4.000000,4.000000,2.000000,4.000000,4.000000,4.000000,4.000000,4.000000,4.000000,4.000000,4.000000,4.000000,4.000000,50.000000
1614076768.750982,105.000000,0.000000,-0.619220,-3.244812,-3.085990,-3.758521,2.955928,-4.052694,3.906059,8.046757,-3.265188,-11.105146,2.240928,2.452920,4.258001,1.715875,11.477489,-38.246723,6.619339,9.501537,-14.735085,3.738254,2.103630,-5.362719,6.586921,11.817038,0.676358,0.252750,6.100569,-3.672784,4.367640,6.391829,6.621656,4.954269,8064.000000,0.000000,4.000000,,,,0.000000,4.000000,4.000000,2.000000,4.000000,4.000000,4.000000,4.000000,4.000000,4.000000,4.000000,4.000000,4.000000,4.000000,4.000000,4.000000,4.000000,4.000000,4.000000,2.000000,4.000000,4.000000,2.000000,4.000000,4.000000,4.000000,4.000000,4.000000,4.000000,4.000000,4.000000,4.000000,4.000000,50.000000
1614076768.758631,106.000000,0.000000,-2.669883,-4.780029,-3.082905,-3.754763,-3.200874,-6.612744,4.414973,4.961787,-3.261923,-11.606862,0.187405,1.937647,-1.900103,2.226980,4.286525,-44.875141,4.048617,6.415112,-4.976760,-4.470613,1.075885,-16.126587,2.477770,-2.040933,-1.888421,-1.285964,4.556007,-7.771675,-2.303394,5.872616,5.076572,3.410853,8064.000000,0.000000,4.000000,,,,0.000000,4.000000,4.000000,2.000000,4.000000,4.000000,4.000000,4.000000,4.000000,4.000000,4.000000,4.000000,4.000000,4.000000,4.000000,4.000000,4.000000,4.000000,4.000000,2.000000,4.000000,4.000000,2.000000,4.000000,4.000000,4.000000,4.000000,4.000000,4.000000,4.000000,4.000000,4.000000,4.000000,50.000000
1614076768.766380,107.000000,0.000000,-3.180034,-6.826531,-2.567001,-3.238187,-6.787417,-6.606131,2.359276,3.931185,-3.258661,-12.620896,-5.453808,-2.679676,-10.616152,2.224753,-11.615198,-48.932831,1.480466,5.383056,-3.433322,-14.209732,-8.668780,-15.084819,-3.678554,-8.192739,-2.399353,-0.259037,1.474528,-8.276724,-1.788270,6.892385,3.020214,3.407442,8064.000000,0.000000,4.000000,,,,0.000000,4.000000,4.000000,2.000000,4.000000,4.000000,4.000000,4.000000,4.000000,4.000000,4.000000,4.000000,4.000000,4.000000,4.000000,4.000000,4.000000,4.000000,4.000000,2.000000,4.000000,4.000000,2.000000,4.000000,4.000000,4.000000,4.000000,4.000000,4.000000,4.000000,4.000000,4.000000,4.000000,50.000000
1614076768.774030,108.000000,0.000000,-2.664033,-7.332525,-4.615716,-3.747770,-6.780630,-5.573884,0.305635,3.927253,-6.332325,-15.685199,-13.140662,-14.471868,-12.656817,-4.956959,-18.270248,-40.678768,-5.700502,8.454597,-7.019632,-19.323727,-24.044727,-17.121016,-9.315902,-11.774289,-4.448236,-0.771599,-2.629511,-7.755627,-2.812122,6.372672,3.017194,3.404035,8064.000000,0.000000,4.000000,,,,0.000000,4.000000,4.000000,2.000000,4.000000,4.000000,4.000000,4.000000,4.000000,4.000000,4.000000,4.000000,4.000000,4.000000,4.000000,4.000000,4.000000,4.000000,4.000000,2.000000,4.000000,4.000000,2.000000,4.000000,4.000000,4.000000,4.000000,4.000000,4.000000,4.000000,4.000000,4.000000,4.000000,50.000000
1614076768.781879,109.000000,0.000000,-2.661369,-6.812372,-6.662383,-3.231201,-6.773849,-7.106771,0.305329,-5.307443,-10.428556,-15.156693,-19.794188,-23.175344,-15.208263,-15.721233,-17.226337,-54.484245,-15.438392,-0.271807,-5.986972,-21.868505,-25.046324,-20.180819,-10.845047,-20.993284,-5.982249,-0.770827,-3.652522,-7.747871,-5.373413,5.853479,3.526997,3.913451,8064.000000,0.000000,4.000000,,,,0.000000,4.000000,4.000000,2.000000,4.000000,4.000000,4.000000,4.000000,4.000000,4.000000,4.000000,4.000000,4.000000,4.000000,4.000000,4.000000,4.000000,4.000000,4.000000,2.000000,4.000000,4.000000,2.000000,4.000000,4.000000,4.000000,4.000000,4.000000,4.000000,4.000000,4.000000,4.000000,4.000000,50.000000
1614076768.789628,110.000000,0.000000,-2.658708,-6.805559,-7.168540,-3.227970,-6.767075,-10.176588,0.305024,-10.943161,-11.956590,-14.628716,-20.800035,-23.152170,-20.321260,-22.884998,-20.798855,-82.634888,-18.499876,-21.809998,-17.263037,-22.872278,-15.277688,-18.622175,-9.808561,-21.997932,-5.463447,-0.257236,-2.623229,-8.252944,-1.778296,7.386087,3.523470,5.960820,8064.000000,0.000000,4.000000,,,,0.000000,4.000000,4.000000,2.000000,4.000000,4.000000,4.000000,4.000000,4.000000,4.000000,4.000000,4.000000,4.000000,4.000000,4.000000,4.000000,4.000000,4.000000,4.000000,2.000000,4.000000,4.000000,2.000000,4.000000,4.000000,4.000000,4.000000,4.000000,4.000000,4.000000,4.000000,4.000000,4.000000,50.000000
1614076768.797477,111.000000,0.000000,-2.656049,-6.798754,-6.648551,-3.224742,-4.709026,-8.627950,0.304719,1.888295,-9.893352,-14.614087,-13.086926,-19.539274,-11.582991,-17.733910,-16.675493,-77.424049,-14.891633,-25.377930,-25.450901,-21.310946,-13.211128,-18.603554,-9.798753,-15.309267,-4.945162,-0.256978,-2.620606,-7.731870,1.813226,9.942803,5.571229,8.006141,8064.000000,0.000000,4.000000,,,,0.000000,4.000000,4.000000,2.000000,4.000000,4.000000,4.000000,4.000000,4.000000,4.000000,4.000000,4.000000,4.000000,4.000000,4.000000,4.000000,4.000000,4.000000,4.000000,2.000000,4.000000,4.000000,2.000000,4.000000,4.000000,4.000000,4.000000,4.000000,4.000000,4.000000,4.000000,4.000000,4.000000,50.000000
1614076768.805226,112.000000,0.000000,-2.140573,-6.791955,-6.641903,-3.221517,-2.653035,-3.491117,2.868517,13.681278,-3.216791,-9.471268,-4.868712,-13.878709,4.326029,-1.818739,0.777081,-46.577393,-13.851100,-8.429476,-15.169040,-18.212711,-12.685096,-17.559309,-10.301774,-13.755497,-5.965858,-0.256721,-3.130805,-7.724138,1.811413,10.958502,7.104119,7.485314,8064.000000,0.000000,4.000000,,,,0.000000,4.000000,4.000000,2.000000,4.000000,4.000000,4.000000,4.000000,4.000000,4.000000,4.000000,4.000000,4.000000,4.000000,4.000000,4.000000,4.000000,4.000000,4.000000,2.000000,4.000000,4.000000,2.000000,4.000000,4.000000,4.000000,4.000000,4.000000,4.000000,4.000000,4.000000,4.000000,4.000000,50.000000
1614076768.813075,113.000000,0.000000,-2.651253,-6.785163,-6.635261,-3.218296,-2.650382,-3.487625,3.891289,11.103495,0.888990,-2.282309,-0.248458,-8.736625,8.424267,13.054874,11.032714,-21.402611,-12.298787,11.066133,-1.820538,-17.681677,0.148102,-13.952006,-9.778652,-13.741741,-4.421431,-0.769285,-3.640495,-8.229235,1.809601,10.434723,6.584194,7.477829,8064.000000,0.000000,4.000000,,,,0.000000,4.000000,4.000000,2.000000,4.000000,4.000000,4.000000,4.000000,4.000000,4.000000,4.000000,4.000000,4.000000,4.000000,4.000000,4.000000,4.000000,4.000000,4.000000,2.000000,4.000000,4.000000,2.000000,4.000000,4.000000,4.000000,4.000000,4.000000,4.000000,4.000000,4.000000,4.000000,4.000000,50.000000
1614076768.820824,114.000000,0.000000,-2.648601,-6.778378,-6.628626,-3.215078,-2.647731,-6.048240,4.400218,11.605211,0.888101,0.796896,2.828713,-7.189426,7.390202,15.093102,10.508861,-16.253004,-7.671104,29.003786,7.924872,-17.151175,10.404364,-10.861131,-9.256053,-11.163897,-0.314445,-0.255695,-1.585573,-7.195364,0.782151,10.424288,7.090431,7.983172,8064.000000,0.000000,4.000000,,,,0.000000,4.000000,4.000000,2.000000,4.000000,4.000000,4.000000,4.000000,4.000000,4.000000,4.000000,4.000000,4.000000,4.000000,4.000000,4.000000,4.000000,4.000000,4.000000,2.000000,4.000000,4.000000,2.000000,4.000000,4.000000,4.000000,4.000000,4.000000,4.000000,4.000000,4.000000,4.000000,4.000000,50.000000
1614076768.828673,115.000000,0.000000,-2.133132,-6.771599,-6.621997,-3.211863,-2.645084,-5.529372,4.395818,13.132068,0.887213,-0.229542,1.800243,-6.156596,3.793068,3.795958,5.370147,-35.211109,-6.637792,26.410679,3.301563,-17.134024,6.804216,-8.798988,-10.272438,-9.101451,2.762792,-0.255440,-2.609628,-5.136887,2.319830,10.413863,6.570519,7.462368,8064.000000,0.000000,4.000000,,,,0.000000,4.000000,4.000000,2.000000,4.000000,4.000000,4.000000,4.000000,4.000000,4.000000,4.000000,4.000000,4.000000,4.000000,4.000000,4.000000,4.000000,4.000000,4.000000,2.000000,4.000000,4.000000,2.000000,4.000000,4.000000,4.000000,4.000000,4.000000,4.000000,4.000000,4.000000,4.000000,4.000000,50.000000
1614076768.836422,116.000000,0.000000,-3.156640,-6.764828,-6.615375,-3.208651,-2.642439,-8.600765,1.314499,-2.265680,0.886325,-0.229312,-3.329762,-8.714542,-3.903033,-8.515531,-3.865993,-50.560513,-10.733718,-4.897783,-19.778662,-19.168173,1.669207,-13.405574,-12.826268,-9.605170,2.760029,-1.280825,-9.273685,-3.593289,9.496998,10.403450,6.563949,7.454906,8064.000000,0.000000,4.000000,,,,0.000000,4.000000,4.000000,2.000000,4.000000,4.000000,4.000000,4.000000,4.000000,4.000000,4.000000,4.000000,4.000000,4.000000,4.000000,4.000000,4.000000,4.000000,4.000000,2.000000,4.000000,4.000000,2.000000,4.000000,4.000000,4.000000,4.000000,4.000000,4.000000,4.000000,4.000000,4.000000,4.000000,50.000000
1614076768.844271,117.000000,0.000000,-7.256047,-6.758063,-6.608760,-3.718262,-2.639796,-12.694729,-3.302200,-18.160851,0.885439,0.283738,-8.454638,-18.449417,-8.001694,-12.609579,-12.067255,-45.894569,-13.799908,-19.251860,-24.374268,-21.200287,2.693178,-23.135757,-13.839083,-10.108385,2.244449,0.258917,-7.725950,-4.102516,13.077244,10.393046,12.711231,10.011554,8064.000000,0.000000,4.000000,,,,0.000000,4.000000,4.000000,2.000000,4.000000,4.000000,4.000000,4.000000,4.000000,4.000000,4.000000,4.000000,4.000000,4.000000,4.000000,4.000000,4.000000,4.000000,4.000000,2.000000,4.000000,4.000000,2.000000,4.000000,4.000000,4.000000,4.000000,4.000000,4.000000,4.000000,4.000000,4.000000,4.000000,50.000000
1614076768.852020,118.000000,0.000000,-10.325714,-6.751305,-6.602151,-3.201724,-3.149977,-11.143573,-3.811718,-17.629869,0.884554,-0.229367,-12.035926,-23.046352,-10.557795,-12.084149,-13.080829,-44.823032,-13.786107,3.844315,-9.478099,-21.691906,2.177665,-17.984417,-13.312423,-9.585457,2.755025,4.874043,2.538186,-4.098413,12.551347,10.382653,18.339546,11.540004,8064.000000,0.000000,4.000000,,,,0.000000,4.000000,4.000000,2.000000,4.000000,4.000000,4.000000,4.000000,4.000000,4.000000,4.000000,4.000000,4.000000,4.000000,4.000000,4.000000,4.000000,4.000000,4.000000,2.000000,4.000000,4.000000,2.000000,4.000000,4.000000,4.000000,4.000000,4.000000,4.000000,4.000000,4.000000,4.000000,4.000000,50.000000
1614076768.859869,119.000000,0.000000,-9.802568,-6.744554,-6.082728,-2.685701,-2.634006,-10.619608,-3.295086,-14.535316,-1.680434,-0.229137,-12.536711,-17.895102,-15.675443,-13.097706,-12.554928,-44.265388,-13.772322,17.173805,-6.904518,-21.670214,1.662667,-3.607458,-14.324752,-10.088692,2.239449,7.433271,3.561289,-4.094315,15.102898,9.346629,16.782745,9.477181,8064.000000,0.000000,4.000000,,,,0.000000,4.000000,4.000000,2.000000,4.000000,4.000000,4.000000,4.000000,4.000000,4.000000,4.000000,4.000000,4.000000,4.000000,4.000000,4.000000,4.000000,4.000000,4.000000,2.000000,4.000000,4.000000,2.000000,4.000000,4.000000,4.000000,4.000000,4.000000,4.000000,4.000000,4.000000,4.000000,4.000000,50.000000
1614076768.867618,120.000000,0.000000,-9.792766,-6.737809,-8.640748,-5.247118,-2.631372,-12.660271,-3.804611,-14.520781,-6.806958,-0.228908,-12.011353,-14.287462,-16.685408,-14.110250,-13.055193,-37.041637,-13.758549,1.772015,-6.897613,-21.648544,2.173824,-10.270517,-13.284786,-10.078603,2.237210,6.913018,-2.596118,-4.090220,14.574974,9.850103,13.689039,6.903602,8064.000000,0.000000,4.000000,,,,0.000000,4.000000,4.000000,2.000000,4.000000,4.000000,4.000000,4.000000,4.000000,4.000000,4.000000,4.000000,4.000000,4.000000,4.000000,4.000000,4.000000,4.000000,4.000000,2.000000,4.000000,4.000000,2.000000,4.000000,4.000000,4.000000,4.000000,4.000000,4.000000,4.000000,4.000000,4.000000,4.000000,50.000000
1614076768.875467,121.000000,0.000000,-10.808614,-7.243892,-10.170569,-6.780333,-3.141562,-14.186072,-3.800807,-12.454978,-7.825792,-0.228679,-14.563445,-15.811636,-16.668722,-12.044857,-13.554958,-46.748184,-14.770432,-5.922064,-5.865075,-22.139717,-3.469375,-27.696144,-13.784322,-10.068524,1.722152,6.906105,-3.619163,-4.086130,9.432194,10.353074,14.188170,7.409518,8064.000000,0.000000,4.000000,,,,0.000000,4.000000,4.000000,2.000000,4.000000,4.000000,4.000000,4.000000,4.000000,4.000000,4.000000,4.000000,4.000000,4.000000,4.000000,4.000000,4.000000,4.000000,4.000000,2.000000,4.000000,4.000000,2.000000,4.000000,4.000000,4.000000,4.000000,4.000000,4.000000,4.000000,4.000000,4.000000,4.000000,50.000000
1614076768.883216,122.000000,0.000000,-9.259344,-6.723827,-8.109117,-2.670988,-2.112779,-13.659065,-3.797006,-12.442523,-5.253864,-0.741271,-16.600164,-15.283005,-16.652054,-12.545632,-14.054224,-59.521950,-14.755661,4.853088,-18.679722,-23.143217,-12.183854,-29.719730,-15.308999,-11.084097,2.233251,6.386378,-2.589903,-4.594865,9.422762,8.804259,14.686803,9.966211,8064.000000,0.000000,4.000000,,,,0.000000,4.000000,4.000000,2.000000,4.000000,4.000000,4.000000,4.000000,4.000000,4.000000,4.000000,4.000000,4.000000,4.000000,4.000000,4.000000,4.000000,4.000000,4.000000,2.000000,4.000000,4.000000,2.000000,4.000000,4.000000,4.000000,4.000000,4.000000,4.000000,4.000000,4.000000,4.000000,4.000000,50.000000
1614076768.891065,123.000000,0.000000,-6.685982,-4.153001,-6.049725,1.434247,-0.059384,-8.517201,-2.767568,-5.250593,-3.197328,-0.227709,-9.404077,-12.190798,-9.968735,-14.071548,-8.399144,-50.231659,-10.638341,7.412338,-17.635401,-20.043152,-8.581927,-23.023344,-9.139844,-10.047372,1.205376,7.405632,-3.100134,-3.564629,11.977442,11.359557,13.646475,10.469066,8064.000000,0.000000,4.000000,,,,0.000000,4.000000,4.000000,2.000000,4.000000,4.000000,4.000000,4.000000,4.000000,4.000000,4.000000,4.000000,4.000000,4.000000,4.000000,4.000000,4.000000,4.000000,4.000000,2.000000,4.000000,4.000000,2.000000,4.000000,4.000000,4.000000,4.000000,4.000000,4.000000,4.000000,4.000000,4.000000,4.000000,50.000000
1614076768.898814,124.000000,0.000000,-6.679296,-2.610387,-6.556496,0.407171,0.966316,-2.354838,-0.713518,11.677734,-3.194131,1.823801,-1.189544,-11.152966,-2.779279,-6.365170,0.327204,-43.514759,-8.063601,-4.902767,1.356593,-14.894903,0.144604,-17.872116,1.638527,-6.960401,0.691350,11.500791,-2.584213,-0.996962,12.991105,21.604609,13.632829,10.458597,8064.000000,0.000000,4.000000,,,,0.000000,4.000000,4.000000,2.000000,4.000000,4.000000,4.000000,4.000000,4.000000,4.000000,4.000000,4.000000,4.000000,4.000000,4.000000,4.000000,4.000000,4.000000,4.000000,2.000000,4.000000,4.000000,2.000000,4.000000,4.000000,4.000000,4.000000,4.000000,4.000000,4.000000,4.000000,4.000000,4.000000,50.000000
1614076768.906563,125.000000,0.000000,-6.159796,-3.120597,-6.549940,-0.106056,0.965350,-2.352483,0.312836,11.666057,-3.703757,3.360438,-1.188354,-9.090531,0.813244,6.974529,4.942261,-39.368683,-5.491434,-5.923505,0.842416,-9.238982,-0.368361,-13.238858,5.226632,-6.953441,4.793223,14.566214,-4.120090,0.029676,15.029396,29.788132,14.132016,10.960958,8064.000000,0.000000,4.000000,,,,0.000000,4.000000,4.000000,2.000000,4.000000,4.000000,4.000000,4.000000,4.000000,4.000000,4.000000,4.000000,4.000000,4.000000,4.000000,4.000000,4.000000,4.000000,4.000000,2.000000,4.000000,4.000000,2.000000,4.000000,4.000000,4.000000,4.000000,4.000000,4.000000,4.000000,4.000000,4.000000,4.000000,50.000000
1614076768.914312,126.000000,0.000000,-3.076713,-3.117476,-6.543390,0.919691,0.451564,-5.939874,0.312524,-1.678943,-3.187233,3.357078,-1.699986,-3.440415,9.530379,11.582939,17.245010,-15.226749,4.257647,22.287546,1.354394,5.129231,6.298674,-11.687158,6.759867,-7.459308,8.378174,13.526006,-2.064688,-0.483174,16.040009,28.732702,14.117884,9.924356,8064.000000,0.000000,4.000000,,,,0.000000,4.000000,4.000000,2.000000,4.000000,4.000000,4.000000,4.000000,4.000000,4.000000,4.000000,4.000000,4.000000,4.000000,4.000000,4.000000,4.000000,4.000000,4.000000,2.000000,4.000000,4.000000,2.000000,4.000000,4.000000,4.000000,4.000000,4.000000,4.000000,4.000000,4.000000,4.000000,4.000000,50.000000
1614076768.921961,127.000000,0.000000,-2.560816,-3.114359,-6.536846,0.918771,0.963933,-5.933934,0.312211,1.399659,-3.184046,4.892182,4.455560,0.665589,18.238798,9.520074,34.663662,-4.442291,15.022620,47.906284,21.865860,19.995897,27.830837,-8.598548,13.419774,0.240459,9.395436,13.512480,10.757889,-0.482691,16.023968,26.652687,13.078125,11.965714,8064.000000,0.000000,4.000000,,,,0.000000,4.000000,4.000000,2.000000,4.000000,4.000000,4.000000,4.000000,4.000000,4.000000,4.000000,4.000000,4.000000,4.000000,4.000000,4.000000,4.000000,4.000000,4.000000,2.000000,4.000000,4.000000,2.000000,4.000000,4.000000,4.000000,4.000000,4.000000,4.000000,4.000000,4.000000,4.000000,4.000000,50.000000
1614076768.929710,0.000000,0.000000,-2.558255,-3.111244,-6.530309,0.405032,3.527072,-5.928000,0.311899,14.731593,-3.180861,9.502675,10.092130,0.152103,18.220558,12.587477,35.141819,-12.642978,16.033239,35.037865,24.920918,24.078465,40.623520,0.127999,16.996098,13.060732,17.591169,19.652813,19.977901,-0.482208,18.059225,32.779881,15.116329,19.133236,0.000000,197.000000,4.000000,,,,0.000000,4.000000,4.000000,2.000000,4.000000,4.000000,4.000000,4.000000,4.000000,4.000000,4.000000,4.000000,4.000000,4.000000,4.000000,4.000000,4.000000,4.000000,4.000000,2.000000,4.000000,4.000000,2.000000,4.000000,4.000000,4.000000,4.000000,4.000000,4.000000,4.000000,4.000000,4.000000,4.000000,50.000000
1614076768.937360,1.000000,0.000000,1.546867,-3.108133,-6.523779,0.404627,7.626109,-6.434893,0.311587,16.255323,-1.639219,16.672659,15.210242,-0.873690,18.202337,17.703094,26.388729,-5.963668,15.504385,18.592571,13.613945,23.541565,40.070076,5.256076,16.466282,18.688696,31.419731,26.812649,20.470743,-0.481726,20.092449,41.977871,19.716597,22.703846,0.000000,180.000000,4.000000,,,,0.000000,4.000000,4.000000,2.000000,4.000000,4.000000,4.000000,4.000000,4.000000,4.000000,4.000000,4.000000,4.000000,4.000000,4.000000,4.000000,4.000000,4.000000,4.000000,2.000000,4.000000,4.000000,2.000000,4.000000,4.000000,4.000000,4.000000,4.000000,4.000000,4.000000,4.000000,4.000000,4.000000,50.000000
1614076768.945109,2.000000,0.000000,5.135064,-3.105025,-6.517255,0.917043,8.644124,-5.915637,3.388198,13.674965,0.413702,20.758551,17.759134,0.665645,15.620033,17.172571,25.336700,-1.855140,17.027342,36.009876,17.702894,22.492384,36.953083,5.250821,16.962635,19.695648,32.926773,29.862759,20.450272,-0.481244,19.559536,42.448715,21.748163,21.655500,0.000000,176.000000,4.000000,,,,0.000000,4.000000,4.000000,2.000000,4.000000,4.000000,4.000000,4.000000,4.000000,4.000000,4.000000,4.000000,4.000000,4.000000,4.000000,4.000000,4.000000,4.000000,4.000000,2.000000,4.000000,4.000000,2.000000,4.000000,4.000000,4.000000,4.000000,4.000000,4.000000,4.000000,4.000000,4.000000,4.000000,50.000000
1614076768.952758,3.000000,0.000000,2.565826,-3.101920,-6.510738,-0.622336,8.122659,-6.422542,4.410451,14.686932,0.926109,19.199331,14.151632,0.664980,3.809541,8.950271,16.593414,-22.366106,11.882110,44.178993,15.633910,12.726301,24.608437,3.707108,11.817468,20.188774,21.098974,28.294434,16.327257,-0.480763,19.539976,37.278061,21.213594,21.633846,0.000000,187.000000,4.000000,,,,0.000000,4.000000,4.000000,2.000000,4.000000,4.000000,4.000000,4.000000,4.000000,4.000000,4.000000,4.000000,4.000000,4.000000,4.000000,4.000000,4.000000,4.000000,4.000000,2.000000,4.000000,4.000000,2.000000,4.000000,4.000000,4.000000,4.000000,4.000000,4.000000,4.000000,4.000000,4.000000,4.000000,50.000000
1614076768.960507,4.000000,0.000000,0.511978,-3.098818,-6.504227,-3.185816,8.114536,-5.903299,3.380400,15.185065,0.412362,17.641670,9.009275,-1.386967,-0.809653,4.325935,0.166565,-38.241177,4.690740,16.955328,0.233661,4.508447,6.122289,-1.937625,5.138983,12.476277,12.872747,24.676395,9.131444,-0.480282,19.520435,35.189499,21.192381,21.099392,0.000000,202.000000,4.000000,,,,0.000000,4.000000,4.000000,2.000000,4.000000,4.000000,4.000000,4.000000,4.000000,4.000000,4.000000,4.000000,4.000000,4.000000,4.000000,4.000000,4.000000,4.000000,4.000000,2.000000,4.000000,4.000000,2.000000,4.000000,4.000000,4.000000,4.000000,4.000000,4.000000,4.000000,4.000000,4.000000,4.000000,50.000000
1614076768.968156,5.000000,0.000000,1.537107,-3.095719,-6.497723,-3.182630,8.619243,-1.794832,4.915481,17.733982,0.924770,18.649670,12.077189,1.178522,6.883465,12.526738,3.243322,-34.613190,3.147588,5.656322,-0.279393,3.478297,-0.037679,-7.576713,5.133844,1.694570,12.347054,21.574797,8.609491,-0.479802,19.500916,34.641491,19.632727,19.027010,0.000000,195.000000,4.000000,,,,0.000000,4.000000,4.000000,2.000000,4.000000,4.000000,4.000000,4.000000,4.000000,4.000000,4.000000,4.000000,4.000000,4.000000,4.000000,4.000000,4.000000,4.000000,4.000000,2.000000,4.000000,4.000000,2.000000,4.000000,4.000000,4.000000,4.000000,4.000000,4.000000,4.000000,4.000000,4.000000,4.000000,50.000000
1614076768.975905,6.000000,0.000000,1.535570,-2.579803,-6.491225,-3.179448,8.097802,1.796707,7.987489,17.203428,0.411025,16.579737,16.167677,5.792728,10.979145,23.283442,15.034950,-27.911911,2.631620,21.548101,6.387553,-0.627745,0.475179,-8.081957,3.590249,-0.358407,12.847528,19.501940,6.549600,-0.479322,20.507055,29.991463,18.074633,17.982342,0.000000,186.000000,4.000000,,,,0.000000,4.000000,4.000000,2.000000,4.000000,4.000000,4.000000,4.000000,4.000000,4.000000,4.000000,4.000000,4.000000,4.000000,4.000000,4.000000,4.000000,4.000000,4.000000,2.000000,4.000000,4.000000,2.000000,4.000000,4.000000,4.000000,4.000000,4.000000,4.000000,4.000000,4.000000,4.000000,4.000000,50.000000
1614076768.983554,7.000000,0.000000,-0.517247,-2.577223,-6.484734,-3.176268,8.089705,1.794910,5.415399,12.570840,0.410614,13.999055,13.074586,0.658730,9.429705,24.285799,13.994274,-20.704512,0.064886,22.039373,4.842703,-10.883528,-0.038117,-7.561054,-4.105649,1.180413,11.809039,17.431156,-3.713360,-0.478843,18.948088,27.397369,17.543737,17.451540,0.000000,186.000000,4.000000,,,,0.000000,4.000000,4.000000,4.000000,4.000000,4.000000,4.000000,4.000000,4.000000,4.000000,4.000000,4.000000,4.000000,4.000000,4.000000,4.000000,4.000000,4.000000,4.000000,2.000000,4.000000,4.000000,2.000000,4.000000,4.000000,4.000000,4.000000,4.000000,4.000000,4.000000,4.000000,4.000000,4.000000,66.666664
1614076768.991303,8.000000,0.000000,-2.568012,-3.087466,-6.478250,-0.608989,8.081615,1.280295,0.794598,11.019808,0.923024,13.472236,8.958947,-7.034236,9.420275,23.235872,11.416177,-11.965858,-0.448000,20.991693,5.863502,-12.923926,3.551665,-7.553493,-7.691287,-1.897690,11.797231,16.900904,-6.786570,-0.478364,16.365036,27.882792,17.526194,18.972549,0.000000,193.000000,4.000000,,,,0.000000,4.000000,4.000000,4.000000,4.000000,4.000000,4.000000,4.000000,4.000000,4.000000,4.000000,4.000000,4.000000,4.000000,4.000000,4.000000,4.000000,4.000000,4.000000,2.000000,4.000000,4.000000,2.000000,4.000000,4.000000,4.000000,4.000000,4.000000,4.000000,4.000000,4.000000,4.000000,4.000000,66.666664
1614076768.998953,9.000000,0.000000,-3.078265,-2.571558,-6.471771,0.417261,8.586354,1.791835,-0.231837,8.444685,-0.103540,10.894661,8.437167,-6.001561,10.436496,24.238277,12.943223,-22.210302,-0.447552,29.175829,11.498664,-4.705874,8.163498,-7.545939,-6.657955,-3.947074,12.811074,16.884003,-1.138757,-0.477885,16.348671,26.316448,18.021488,16.902294,0.000000,210.000000,4.000000,,,,0.000000,4.000000,4.000000,4.000000,4.000000,4.000000,4.000000,4.000000,4.000000,4.000000,4.000000,4.000000,4.000000,4.000000,4.000000,4.000000,4.000000,4.000000,4.000000,2.000000,4.000000,4.000000,2.000000,4.000000,4.000000,4.000000,4.000000,4.000000,4.000000,4.000000,4.000000,4.000000,4.000000,66.666664
1614076769.006702,10.000000,0.000000,-3.075186,-3.081807,-5.952479,-3.685721,7.039306,0.251581,0.281215,2.795215,-3.180360,5.755561,4.326166,-4.457098,9.913239,18.573013,8.827715,-50.393219,1.091357,15.300500,13.025627,2.991139,8.155334,-4.974291,-6.651297,-3.430307,12.798264,14.815837,1.426484,-0.477408,12.229759,21.674747,16.977825,7.141802,0.000000,203.000000,4.000000,,,,0.000000,4.000000,4.000000,4.000000,4.000000,4.000000,4.000000,4.000000,4.000000,4.000000,4.000000,4.000000,4.000000,4.000000,4.000000,4.000000,4.000000,4.000000,4.000000,2.000000,4.000000,4.000000,2.000000,4.000000,4.000000,4.000000,4.000000,4.000000,4.000000,4.000000,4.000000,4.000000,4.000000,66.666664
1614076769.014351,11.000000,0.000000,-3.072111,-7.181290,-7.484988,-7.271779,4.468164,-2.312773,0.280934,6.382163,-3.177179,6.262626,5.860301,-2.914179,9.903325,12.400595,11.895811,-51.368469,6.731291,4.515969,13.012601,4.013789,13.788204,4.261453,-4.080543,-3.426877,12.272644,12.749740,0.912237,-0.989751,6.063683,19.088970,10.294181,3.032097,0.000000,187.000000,4.000000,,,,0.000000,4.000000,4.000000,4.000000,4.000000,4.000000,4.000000,4.000000,4.000000,4.000000,4.000000,4.000000,4.000000,4.000000,4.000000,4.000000,4.000000,4.000000,4.000000,2.000000,4.000000,4.000000,2.000000,4.000000,4.000000,4.000000,4.000000,4.000000,4.000000,4.000000,4.000000,4.000000,4.000000,66.666664
1614076769.022100,12.000000,0.000000,-2.556219,-10.763852,-10.041605,-6.751686,3.950876,-2.823281,2.331935,17.145012,-0.097079,12.410210,21.751877,5.293863,9.893422,14.952296,26.755711,-18.496588,11.852765,28.101196,12.999589,4.009776,19.928263,14.000781,2.077384,-2.397809,12.773192,14.275451,3.988248,-0.475940,4.519158,20.608343,5.668502,9.695731,0.000000,189.000000,4.000000,,,,0.000000,4.000000,4.000000,4.000000,4.000000,4.000000,4.000000,4.000000,4.000000,4.000000,4.000000,4.000000,4.000000,4.000000,4.000000,4.000000,4.000000,4.000000,4.000000,2.000000,4.000000,4.000000,2.000000,4.000000,4.000000,4.000000,4.000000,4.000000,4.000000,4.000000,4.000000,4.000000,4.000000,66.666664
1614076769.029749,13.000000,0.000000,-3.066483,-10.240268,-9.518744,-7.257755,4.459745,-1.794816,4.380885,19.179150,0.928659,17.526005,30.960894,10.929595,9.883529,20.578369,30.831518,-7.708859,11.840913,34.739761,12.473768,5.031407,13.754488,15.525242,5.152230,0.168692,12.760419,16.825279,5.009901,-0.475464,4.514638,21.100554,6.175654,10.711677,0.000000,223.000000,4.000000,,,,0.000000,4.000000,4.000000,4.000000,4.000000,4.000000,4.000000,4.000000,4.000000,4.000000,4.000000,4.000000,4.000000,4.000000,4.000000,4.000000,4.000000,4.000000,4.000000,2.000000,4.000000,4.000000,2.000000,4.000000,4.000000,4.000000,4.000000,4.000000,4.000000,4.000000,4.000000,4.000000,4.000000,66.666664
1614076769.037598,14.000000,0.000000,-2.550596,-10.742847,-6.945122,-7.250497,3.942465,-2.305842,3.350863,14.544585,-0.097910,18.021299,25.288908,7.841743,9.873645,20.044971,23.108379,-28.726791,11.316251,17.781946,17.589500,0.410991,8.612529,9.868690,4.634257,0.681344,12.234838,17.321274,3.979250,-1.500630,5.022944,19.028172,6.169478,6.085580,0.000000,211.000000,4.000000,,,,0.000000,4.000000,4.000000,4.000000,4.000000,4.000000,4.000000,4.000000,4.000000,4.000000,4.000000,4.000000,4.000000,4.000000,4.000000,4.000000,4.000000,4.000000,4.000000,2.000000,4.000000,4.000000,2.000000,4.000000,4.000000,4.000000,4.000000,4.000000,4.000000,4.000000,4.000000,4.000000,4.000000,66.666664
1614076769.045347,15.000000,0.000000,2.067339,-10.732105,-5.912536,-2.627862,5.476984,-3.329177,4.373154,14.017220,1.440649,16.977636,23.725157,6.808259,9.863771,19.512106,19.495527,-27.159603,11.817756,31.097496,27.828321,-2.153523,13.219300,4.217796,4.629622,1.193483,12.735424,17.303953,6.539373,1.064973,13.223050,23.624529,8.727411,11.207700,0.000000,203.000000,4.000000,,,,0.000000,4.000000,4.000000,4.000000,4.000000,4.000000,4.000000,4.000000,4.000000,4.000000,4.000000,4.000000,4.000000,4.000000,4.000000,4.000000,4.000000,4.000000,4.000000,2.000000,4.000000,4.000000,2.000000,4.000000,4.000000,4.000000,4.000000,4.000000,4.000000,4.000000,4.000000,4.000000,4.000000,66.666664
1614076769.053196,16.000000,0.000000,5.142195,-6.618809,-5.906623,1.477330,7.522789,0.263896,7.445704,16.567305,4.516131,19.524761,25.752714,7.827093,10.366728,21.031055,17.424749,-11.235008,11.293118,46.963837,26.774851,2.464015,17.308645,4.213579,5.137814,3.243571,15.799611,17.799469,11.148218,5.679293,20.389315,32.318851,14.359710,18.888800,0.000000,201.000000,4.000000,,,,0.000000,4.000000,4.000000,4.000000,4.000000,4.000000,4.000000,4.000000,4.000000,4.000000,4.000000,4.000000,4.000000,4.000000,4.000000,4.000000,4.000000,4.000000,4.000000,2.000000,4.000000,4.000000,2.000000,4.000000,4.000000,4.000000,4.000000,4.000000,4.000000,4.000000,4.000000,4.000000,4.000000,66.666664
1614076769.060945,17.000000,0.000000,5.137053,-2.509626,-6.413537,-0.575430,8.540907,2.314914,7.951078,12.960995,3.998795,17.966776,18.547474,3.716701,8.817900,18.958742,12.791940,-13.275055,11.281824,22.301487,9.312179,5.025654,16.265696,10.876032,4.619855,5.291610,15.783812,16.756029,12.675531,7.724895,15.240720,28.183969,14.345350,14.254526,0.000000,210.000000,4.000000,,,,0.000000,4.000000,4.000000,4.000000,4.000000,4.000000,4.000000,4.000000,4.000000,4.000000,4.000000,4.000000,4.000000,4.000000,4.000000,4.000000,4.000000,4.000000,4.000000,2.000000,4.000000,4.000000,2.000000,4.000000,4.000000,4.000000,4.000000,4.000000,4.000000,4.000000,4.000000,4.000000,4.000000,66.666664
1614076769.068794,18.000000,0.000000,4.619095,-2.507116,-11.535329,-3.651777,8.019546,-4.866889,7.430306,2.178802,0.917873,5.641116,13.400722,-0.902400,6.757800,12.785937,12.266328,-8.133574,11.270542,7.920211,-4.543287,3.994987,15.223789,11.377976,4.615235,4.773498,11.152643,13.662349,10.098754,6.691530,8.558812,16.360914,9.202800,6.547964,0.000000,197.000000,4.000000,,,,0.000000,4.000000,4.000000,4.000000,4.000000,4.000000,4.000000,4.000000,4.000000,4.000000,4.000000,4.000000,4.000000,4.000000,4.000000,4.000000,4.000000,4.000000,4.000000,2.000000,4.000000,4.000000,2.000000,4.000000,4.000000,4.000000,4.000000,4.000000,4.000000,4.000000,4.000000,4.000000,4.000000,66.666664
1614076769.076543,19.000000,0.000000,5.127297,-3.017430,-13.575075,-2.622484,6.473065,-9.477407,7.935697,-0.900299,-0.108686,-1.031192,12.874500,-0.388677,6.751042,10.209048,12.254061,-7.612621,12.284913,27.912291,2.640743,4.503813,16.234205,2.135829,5.123441,4.255904,9.603029,13.648686,8.550193,6.684838,7.524612,13.267630,6.629494,6.541416,0.000000,194.000000,4.000000,,,,0.000000,4.000000,4.000000,4.000000,4.000000,4.000000,4.000000,4.000000,4.000000,4.000000,4.000000,4.000000,4.000000,4.000000,4.000000,4.000000,4.000000,4.000000,4.000000,2.000000,4.000000,4.000000,2.000000,4.000000,4.000000,4.000000,4.000000,4.000000,4.000000,4.000000,4.000000,4.000000,4.000000,66.666664
1614076769.084392,20.000000,0.000000,5.634990,-2.501592,-13.048680,-2.619862,4.415310,-6.391006,6.902120,6.792909,0.917064,-0.004520,4.656498,0.637353,5.718650,9.686019,9.164884,-39.912701,11.759808,23.781815,14.945795,2.960847,17.756433,-2.994512,5.118317,4.764468,9.593426,13.635038,8.541643,7.190974,4.952985,10.690260,5.597224,7.560516,0.000000,190.000000,4.000000,,,,0.000000,4.000000,4.000000,4.000000,4.000000,4.000000,4.000000,4.000000,4.000000,4.000000,4.000000,4.000000,4.000000,4.000000,4.000000,4.000000,4.000000,4.000000,4.000000,2.000000,4.000000,4.000000,2.000000,4.000000,4.000000,4.000000,4.000000,4.000000,4.000000,4.000000,4.000000,4.000000,4.000000,66.666664
1614076769.092141,21.000000,0.000000,4.603714,-2.499090,-17.651016,-9.283909,4.410894,-7.410255,4.331115,5.760475,0.916147,-5.132720,-2.527646,-0.901746,2.123188,3.522487,4.540335,-62.949711,10.722406,-8.549660,8.777003,-3.195960,12.097651,-0.940235,4.600379,4.759704,2.404346,9.006019,8.533101,6.670962,0.332647,0.423159,3.540344,4.476032,0.000000,210.000000,4.000000,,,,0.000000,4.000000,4.000000,4.000000,4.000000,4.000000,4.000000,4.000000,4.000000,4.000000,4.000000,4.000000,4.000000,4.000000,4.000000,4.000000,4.000000,4.000000,4.000000,2.000000,4.000000,4.000000,2.000000,4.000000,4.000000,4.000000,4.000000,4.000000,4.000000,4.000000,4.000000,4.000000,4.000000,66.666664
1614076769.099990,22.000000,0.000000,4.086290,-3.009412,-20.197468,-17.479753,4.406484,-13.556691,3.813964,-0.911952,-0.110411,-11.281433,0.551805,-0.900845,3.146706,-2.634882,4.535794,-31.604710,12.250146,-14.182136,-6.103569,-7.295328,1.316323,-0.426475,5.108598,2.703662,-5.803187,5.407269,7.498927,6.664291,-0.180506,-3.679828,1.998342,2.420274,0.000000,213.000000,4.000000,,,,0.000000,4.000000,4.000000,4.000000,4.000000,4.000000,4.000000,4.000000,4.000000,4.000000,4.000000,4.000000,4.000000,4.000000,4.000000,4.000000,4.000000,4.000000,4.000000,2.000000,4.000000,4.000000,2.000000,4.000000,4.000000,4.000000,4.000000,4.000000,4.000000,4.000000,4.000000,4.000000,4.000000,66.666664
1614076769.107739,23.000000,0.000000,6.133485,-3.006402,-11.459321,-18.487915,4.402077,-14.055955,3.810150,1.653062,0.915341,-6.654768,1.064074,0.638518,3.143559,-2.632247,7.095361,-17.726952,11.212255,9.934610,-2.507722,-6.775212,3.366289,1.625234,5.103490,0.136856,-6.823025,5.914682,8.517070,6.657627,3.409418,0.426416,3.021985,3.443495,0.000000,182.000000,4.000000,,,,0.000000,4.000000,4.000000,4.000000,4.000000,4.000000,4.000000,4.000000,4.000000,4.000000,4.000000,4.000000,4.000000,4.000000,4.000000,4.000000,4.000000,4.000000,4.000000,2.000000,4.000000,4.000000,2.000000,4.000000,4.000000,4.000000,4.000000,4.000000,4.000000,4.000000,4.000000,4.000000,4.000000,66.666664
1614076769.115588,24.000000,0.000000,2.024788,-3.003396,-4.781195,-14.879683,4.910495,-11.990618,1.755058,-3.989617,0.914426,-5.622472,-8.167760,-8.080070,-8.654456,-5.193717,-2.142504,-49.504097,-2.645112,12.488778,9.802479,-8.819718,7.465487,-4.530238,-0.029819,0.649539,-5.277740,6.421588,7.482911,6.650970,5.457291,2.477271,3.018963,3.440051,0.000000,203.000000,4.000000,,,,0.000000,4.000000,4.000000,4.000000,4.000000,4.000000,4.000000,4.000000,4.000000,4.000000,4.000000,4.000000,4.000000,4.000000,4.000000,4.000000,4.000000,4.000000,4.000000,2.000000,4.000000,4.000000,2.000000,4.000000,4.000000,4.000000,4.000000,4.000000,4.000000,4.000000,4.000000,4.000000,4.000000,66.666664
1614076769.123338,25.000000,0.000000,-7.208006,-2.487572,-6.314876,-13.839162,3.879944,-15.055550,-0.297979,-23.985626,-6.778797,-11.257874,-14.313438,-20.379683,-18.902212,-12.368011,-17.524977,-57.659721,-16.488621,-2.908326,8.254214,-11.887822,-1.259928,-23.500067,-6.183635,0.648890,-6.810924,5.902346,0.808762,4.593037,3.913372,2.474794,2.503124,3.436611,0.000000,210.000000,4.000000,,,,0.000000,4.000000,4.000000,4.000000,4.000000,4.000000,4.000000,4.000000,4.000000,4.000000,4.000000,4.000000,4.000000,4.000000,4.000000,4.000000,4.000000,4.000000,4.000000,2.000000,4.000000,4.000000,2.000000,4.000000,4.000000,4.000000,4.000000,4.000000,4.000000,4.000000,4.000000,4.000000,4.000000,66.666664
1614076769.131187,26.000000,0.000000,-9.764900,-2.485084,-6.308561,-13.825323,2.337602,-17.091776,-0.297682,-24.987282,-13.951505,-8.169694,-12.247843,-18.308020,-15.293567,-10.304360,-13.917708,-24.781548,-12.369568,4.786890,4.143396,-9.311831,-4.335591,-26.553490,-6.690272,-1.403041,-4.752831,6.409264,-3.294611,3.049982,5.960741,4.523602,3.013441,3.433175,0.000000,106.000000,4.000000,,,,0.000000,4.000000,4.000000,4.000000,4.000000,4.000000,4.000000,4.000000,4.000000,4.000000,4.000000,4.000000,4.000000,4.000000,4.000000,4.000000,4.000000,4.000000,4.000000,2.000000,4.000000,4.000000,2.000000,4.000000,4.000000,4.000000,4.000000,4.000000,4.000000,4.000000,4.000000,4.000000,4.000000,66.666664
1614076769.138936,27.000000,0.000000,-4.114110,-2.995420,-2.712509,-10.734574,2.848085,-11.946480,0.215437,-6.500757,-10.860630,-0.469217,-6.081748,-7.007660,-10.662889,-1.063287,3.019287,-5.782407,-1.587967,22.730822,11.318740,-4.174315,8.489258,-6.014115,-6.170761,-3.452920,0.380127,6.402855,-0.727214,3.046932,14.159908,7.083180,5.061709,3.429741,0.000000,205.000000,4.000000,,,,0.000000,4.000000,4.000000,4.000000,4.000000,4.000000,4.000000,4.000000,4.000000,4.000000,4.000000,4.000000,4.000000,4.000000,4.000000,4.000000,4.000000,4.000000,4.000000,2.000000,4.000000,4.000000,2.000000,4.000000,4.000000,4.000000,4.000000,4.000000,4.000000,4.000000,4.000000,4.000000,4.000000,66.666664
1614076769.146585,28.000000,0.000000,-2.571534,-2.992424,-2.196975,-6.621276,5.409340,-6.293507,0.215221,-3.930153,-6.234385,0.556894,-1.973103,-4.949371,-13.216328,2.527520,5.067549,-29.366369,-0.560738,19.118347,8.230498,-2.631679,14.634615,4.761129,-6.677411,-2.936646,2.943849,6.396452,1.324795,3.043885,15.171390,8.614558,7.107930,3.939132,0.000000,153.000000,4.000000,,,,0.000000,4.000000,4.000000,4.000000,4.000000,4.000000,4.000000,4.000000,4.000000,4.000000,4.000000,4.000000,4.000000,4.000000,4.000000,4.000000,4.000000,4.000000,4.000000,2.000000,4.000000,4.000000,4.000000,4.000000,4.000000,4.000000,4.000000,4.000000,4.000000,4.000000,4.000000,4.000000,4.000000,83.333336
1614076769.154334,29.000000,0.000000,-4.107424,-1.963791,-2.194779,-5.589014,4.891110,-5.261573,-0.297814,-12.131351,-6.740971,-0.982125,-3.509591,-8.534165,-12.690291,1.499351,0.447097,-41.131874,0.465463,13.971024,-15.367476,-3.654688,11.543056,3.217907,-4.619452,-2.933710,1.915264,6.390056,0.297830,2.528021,7.463910,10.144405,6.588002,3.935193,0.000000,190.000000,4.000000,,,,0.000000,4.000000,4.000000,4.000000,4.000000,4.000000,4.000000,4.000000,4.000000,4.000000,4.000000,4.000000,4.000000,4.000000,4.000000,4.000000,4.000000,4.000000,4.000000,2.000000,4.000000,4.000000,4.000000,4.000000,4.000000,4.000000,4.000000,4.000000,4.000000,4.000000,4.000000,4.000000,4.000000,83.333336
1614076769.161983,30.000000,0.000000,-2.052035,-7.090032,-4.243866,-7.121886,-0.754807,-5.769132,0.215304,-11.093579,-7.247051,-0.468322,-4.531723,-7.499990,-6.523755,3.036313,3.523573,-22.629204,6.618844,11.392950,-24.070057,-2.625393,11.531514,4.240330,-2.563550,-2.930776,1.913349,6.383666,0.297532,3.551134,4.379523,9.621441,6.581413,0.341514,0.000000,201.000000,4.000000,,,,0.000000,4.000000,4.000000,4.000000,4.000000,4.000000,4.000000,4.000000,4.000000,4.000000,4.000000,4.000000,4.000000,4.000000,4.000000,4.000000,4.000000,4.000000,4.000000,2.000000,4.000000,4.000000,4.000000,4.000000,4.000000,4.000000,4.000000,4.000000,4.000000,4.000000,4.000000,4.000000,4.000000,83.333336
1614076769.169732,31.000000,0.000000,-3.588444,-13.749609,-8.342186,-9.678866,-7.420719,-5.763362,0.727909,-10.056845,-6.214163,0.044967,-5.040011,-7.492490,-3.953128,-0.043646,-0.582514,-33.888626,5.073764,-4.515879,-0.969064,-2.622767,13.058444,-0.379295,-2.560987,-2.927845,2.424256,6.377282,0.810055,2.009121,4.375144,9.611819,6.574832,-3.761391,0.000000,211.000000,4.000000,,,,0.000000,4.000000,4.000000,4.000000,4.000000,4.000000,4.000000,4.000000,4.000000,4.000000,4.000000,4.000000,4.000000,4.000000,4.000000,4.000000,4.000000,4.000000,4.000000,2.000000,4.000000,4.000000,4.000000,4.000000,4.000000,4.000000,4.000000,4.000000,4.000000,4.000000,4.000000,4.000000,4.000000,83.333336
1614076769.177381,32.000000,0.000000,-6.661779,-13.735859,-10.385126,-10.694829,-6.387657,-5.757599,-0.811280,-10.046787,-6.720769,-1.493540,-7.086253,-7.484997,-4.974816,-4.658987,-8.274240,-57.444481,-2.623618,-4.511363,16.980623,-4.158606,12.019744,-1.404557,-3.584066,-2.924918,1.909012,6.370904,0.809245,-0.556991,1.806666,9.602207,6.568257,-4.270451,8064.000000,0.000000,4.000000,,,,0.000000,4.000000,4.000000,4.000000,4.000000,4.000000,4.000000,4.000000,4.000000,4.000000,4.000000,4.000000,4.000000,4.000000,4.000000,4.000000,4.000000,4.000000,4.000000,2.000000,4.000000,4.000000,4.000000,4.000000,4.000000,4.000000,4.000000,4.000000,4.000000,4.000000,4.000000,4.000000,4.000000,83.333336
1614076769.185130,33.000000,0.000000,-1.014092,-10.132380,-7.810638,-8.120031,-2.791526,-3.700559,0.727992,-3.370074,-6.714048,-0.466405,0.100320,-1.836487,-1.892918,2.012339,0.964804,-27.130625,0.455929,20.621353,10.296975,-1.077524,12.007725,12.443002,-1.016380,-2.921993,1.907103,6.364533,0.808435,-0.556434,0.266398,9.592606,6.561689,-3.753360,8064.000000,0.000000,4.000000,,,,0.000000,4.000000,4.000000,4.000000,4.000000,4.000000,4.000000,4.000000,4.000000,4.000000,4.000000,4.000000,4.000000,4.000000,4.000000,4.000000,4.000000,4.000000,4.000000,2.000000,4.000000,4.000000,4.000000,4.000000,4.000000,4.000000,4.000000,4.000000,4.000000,4.000000,4.000000,4.000000,4.000000,83.333336
1614076769.192780,34.000000,0.000000,8.217691,-9.609426,-5.751545,-6.573450,-3.301555,-1.645577,6.368290,0.735860,-6.707334,2.610984,11.382271,3.806375,5.288462,9.189814,9.168967,-1.975290,8.147780,23.677654,4.645653,4.051758,11.995717,18.584404,3.600021,-2.919071,1.905195,6.358169,0.807627,2.521046,1.291772,9.583013,6.555127,-4.262426,8064.000000,0.000000,4.000000,,,,0.000000,4.000000,4.000000,4.000000,4.000000,4.000000,4.000000,4.000000,4.000000,4.000000,4.000000,4.000000,4.000000,4.000000,4.000000,4.000000,4.000000,4.000000,4.000000,2.000000,4.000000,4.000000,4.000000,4.000000,4.000000,4.000000,4.000000,4.000000,4.000000,4.000000,4.000000,4.000000,4.000000,83.333336
1614076769.200529,35.000000,0.000000,9.747935,-11.138279,-6.771435,-6.566876,-3.298253,-2.669572,5.849101,-0.290517,-7.213448,2.608373,7.781145,3.802569,6.821635,2.513957,-0.070971,-34.281006,8.139633,10.320644,9.256392,1.483604,11.983721,6.770949,5.647703,-2.916152,1.903290,6.351811,0.806819,3.544166,0.777660,9.573430,6.548572,-4.258164,8064.000000,0.000000,4.000000,,,,0.000000,4.000000,4.000000,4.000000,4.000000,4.000000,4.000000,4.000000,4.000000,4.000000,4.000000,4.000000,4.000000,4.000000,4.000000,4.000000,4.000000,4.000000,4.000000,2.000000,4.000000,4.000000,4.000000,4.000000,4.000000,4.000000,4.000000,4.000000,4.000000,4.000000,4.000000,4.000000,4.000000,83.333336
1614076769.208178,36.000000,0.000000,7.174085,-10.101500,-6.251843,-4.509027,1.833250,-2.154082,1.227868,2.273876,-6.693413,3.631406,2.645159,3.285946,7.327634,-0.565480,-5.711926,-44.503136,6.593032,11.848784,9.759956,-2.107623,11.971737,-1.440950,4.616415,-2.400415,1.901387,6.345459,0.806012,3.027801,1.802524,9.051036,6.542024,-3.741086,8064.000000,0.000000,4.000000,,,,0.000000,4.000000,4.000000,4.000000,4.000000,4.000000,4.000000,4.000000,4.000000,4.000000,4.000000,4.000000,4.000000,4.000000,4.000000,4.000000,4.000000,4.000000,4.000000,2.000000,4.000000,4.000000,4.000000,4.000000,4.000000,4.000000,4.000000,4.000000,4.000000,4.000000,4.000000,4.000000,4.000000,83.333336
1614076769.215927,37.000000,0.000000,9.218193,-7.527296,-4.194309,-2.453237,5.421161,4.514739,2.252281,3.810064,-2.584156,10.294441,11.873283,3.795480,9.884409,10.717136,0.447632,-19.330427,8.124900,8.247192,8.724555,1.484228,10.934125,-0.413868,5.124619,-3.423656,1.386665,6.339114,0.805206,3.024773,4.364824,9.554805,6.535481,-3.737345,8064.000000,0.000000,4.000000,,,,0.000000,4.000000,4.000000,4.000000,4.000000,4.000000,4.000000,4.000000,4.000000,4.000000,4.000000,4.000000,4.000000,4.000000,4.000000,4.000000,4.000000,4.000000,4.000000,2.000000,4.000000,4.000000,4.000000,4.000000,4.000000,4.000000,4.000000,4.000000,4.000000,4.000000,4.000000,4.000000,4.000000,83.333336
1614076769.223576,38.000000,0.000000,9.721795,-6.494127,-2.138833,-2.450783,4.902919,9.638429,4.814131,-3.373233,1.008172,14.899531,19.040897,3.791685,9.874524,18.398727,3.011287,-33.670071,8.116776,-6.120029,11.279933,3.534026,11.948832,0.612186,5.119494,-2.907411,1.898099,6.332775,0.804401,3.021749,3.334818,9.545250,6.528946,-3.733607,8064.000000,0.000000,4.000000,,,,0.000000,4.000000,4.000000,4.000000,4.000000,4.000000,4.000000,4.000000,4.000000,4.000000,4.000000,4.000000,4.000000,4.000000,4.000000,4.000000,4.000000,4.000000,4.000000,2.000000,4.000000,4.000000,4.000000,4.000000,4.000000,4.000000,4.000000,4.000000,4.000000,4.000000,4.000000,4.000000,4.000000,83.333336
1614076769.231325,39.000000,0.000000,2.019766,-6.487633,-2.649514,-2.961153,4.385196,8.090329,3.783676,-4.908321,1.007164,14.371811,14.406471,3.275073,6.787727,16.329046,4.033917,-50.559479,8.108659,-3.549807,8.704551,0.966389,12.449703,-0.414067,3.063092,0.172419,2.409021,6.326442,-0.222044,3.018727,1.280201,4.920321,6.522417,-3.729873,8064.000000,0.000000,4.000000,,,,0.000000,4.000000,4.000000,4.000000,4.000000,4.000000,4.000000,4.000000,4.000000,4.000000,4.000000,4.000000,4.000000,4.000000,4.000000,4.000000,4.000000,4.000000,4.000000,2.000000,4.000000,4.000000,4.000000,4.000000,4.000000,4.000000,4.000000,4.000000,4.000000,4.000000,4.000000,4.000000,4.000000,83.333336
1614076769.238974,40.000000,0.000000,-6.187382,-6.481145,-2.646865,-2.958192,4.893631,5.518136,3.779892,4.840177,0.493336,13.844619,12.340783,3.271798,5.755298,15.799897,8.132447,-25.380714,8.100550,9.787077,-0.022103,0.452602,9.360331,-4.003397,1.008747,0.172247,0.868151,5.807295,-2.785925,3.015708,1.278921,2.351298,6.515895,-3.726144,8064.000000,0.000000,4.000000,,,,0.000000,4.000000,4.000000,4.000000,4.000000,4.000000,4.000000,4.000000,4.000000,4.000000,4.000000,4.000000,4.000000,4.000000,4.000000,4.000000,4.000000,4.000000,4.000000,2.000000,4.000000,4.000000,4.000000,4.000000,4.000000,4.000000,4.000000,4.000000,4.000000,4.000000,4.000000,4.000000,4.000000,83.333336
1614076769.246823,41.000000,0.000000,-5.668375,-6.987485,-2.644218,-2.955234,4.888737,5.512618,3.776112,7.912260,1.005663,14.343595,13.354083,3.268526,6.262363,17.322559,9.149956,-15.098923,7.066808,22.597803,2.029202,-0.573491,8.838150,-3.486572,0.494918,-2.392028,2.918565,6.314308,-3.295959,3.012692,0.764821,5.938690,6.509379,-3.722417,8064.000000,0.000000,4.000000,,,,0.000000,4.000000,4.000000,4.000000,4.000000,4.000000,4.000000,4.000000,4.000000,4.000000,4.000000,4.000000,4.000000,4.000000,4.000000,4.000000,4.000000,4.000000,4.000000,2.000000,4.000000,4.000000,4.000000,4.000000,4.000000,4.000000,4.000000,4.000000,4.000000,4.000000,4.000000,4.000000,4.000000,83.333336
1614076769.254572,42.000000,0.000000,-2.072962,-5.442036,-2.641574,-2.952278,4.371028,5.507105,3.772336,4.314603,1.004658,13.816431,13.340729,3.265257,6.256101,16.792416,10.166447,-26.365875,8.085382,32.318794,17.411787,3.529646,18.572901,4.722043,1.007244,-0.851175,10.607954,8.359276,-0.728561,3.009680,3.328159,10.035316,6.502870,-3.718695,8064.000000,0.000000,4.000000,,,,0.000000,4.000000,4.000000,4.000000,4.000000,4.000000,4.000000,4.000000,4.000000,4.000000,4.000000,4.000000,4.000000,4.000000,4.000000,4.000000,4.000000,4.000000,4.000000,2.000000,4.000000,4.000000,4.000000,4.000000,4.000000,4.000000,4.000000,4.000000,4.000000,4.000000,4.000000,4.000000,4.000000,83.333336
1614076769.262421,43.000000,0.000000,-3.096530,-0.308389,-2.638932,-2.949326,4.366657,5.501598,4.281384,4.310289,0.490832,14.315434,13.327388,3.774813,6.249845,17.288445,9.643460,-33.518997,8.077297,11.260835,20.984119,6.090219,25.733816,11.383987,1.006236,3.252241,13.674269,10.402199,0.810629,3.519490,7.940216,10.025280,6.496367,-3.714976,8064.000000,0.000000,4.000000,,,,0.000000,4.000000,4.000000,4.000000,4.000000,4.000000,4.000000,4.000000,4.000000,4.000000,4.000000,4.000000,4.000000,4.000000,4.000000,4.000000,4.000000,4.000000,4.000000,2.000000,4.000000,4.000000,4.000000,4.000000,4.000000,4.000000,4.000000,4.000000,4.000000,4.000000,4.000000,4.000000,4.000000,83.333336
1614076769.270170,44.000000,0.000000,-3.093434,1.230381,-2.636293,-2.946377,4.875111,3.957635,2.225821,1.741876,0.490341,13.275478,12.801240,3.258217,6.243595,16.245514,-1.135414,-48.870094,1.402553,-21.058119,-0.575326,-6.223563,17.502953,12.398244,1.005230,5.300271,8.532390,10.391796,0.809819,1.977509,7.419455,7.963973,6.489870,-3.711261,8064.000000,0.000000,4.000000,,,,0.000000,4.000000,4.000000,4.000000,4.000000,4.000000,4.000000,4.000000,4.000000,4.000000,4.000000,4.000000,4.000000,4.000000,4.000000,4.000000,4.000000,4.000000,4.000000,2.000000,4.000000,4.000000,4.000000,4.000000,4.000000,4.000000,4.000000,4.000000,4.000000,4.000000,4.000000,4.000000,4.000000,83.333336
1614076769.278019,45.000000,0.000000,-2.064699,-1.847772,-2.633657,-2.430610,2.818954,-1.174528,-2.391789,-5.952174,0.489851,9.159638,11.249977,3.254959,6.237351,13.152346,-2.159920,-40.103275,-3.727055,-8.216548,-11.856802,-12.371186,6.203399,10.334564,1.004225,4.782150,4.934114,8.842943,0.809009,-0.075750,5.360753,4.366265,6.996201,-3.707550,8064.000000,0.000000,4.000000,,,,0.000000,4.000000,4.000000,4.000000,4.000000,4.000000,4.000000,4.000000,4.000000,4.000000,4.000000,4.000000,4.000000,4.000000,4.000000,4.000000,4.000000,4.000000,4.000000,2.000000,4.000000,4.000000,4.000000,4.000000,4.000000,4.000000,4.000000,4.000000,4.000000,4.000000,4.000000,4.000000,4.000000,83.333336
1614076769.285769,46.000000,0.000000,-4.113917,-3.384386,-2.631023,-4.479461,0.764853,-5.788738,-3.927859,-8.510324,0.489361,6.073556,9.187446,3.764525,6.743935,13.652014,16.816599,-7.242658,1.917698,24.612183,7.129414,0.461698,4.145914,4.683204,1.003221,1.187624,5.442000,6.782818,1.321020,-1.101315,4.842572,1.797796,5.450743,-3.703843,8064.000000,0.000000,4.000000,,,,0.000000,4.000000,4.000000,4.000000,4.000000,4.000000,4.000000,4.000000,4.000000,4.000000,4.000000,4.000000,4.000000,4.000000,4.000000,4.000000,4.000000,4.000000,4.000000,2.000000,4.000000,4.000000,4.000000,4.000000,4.000000,4.000000,4.000000,4.000000,4.000000,4.000000,4.000000,4.000000,4.000000,83.333336
1614076769.293618,47.000000,0.000000,-6.161085,-2.355361,-2.628392,-7.039084,0.251267,-6.295770,-3.923931,-7.476172,0.488872,6.067482,5.075694,1.709478,5.711549,10.561439,15.261321,-19.030287,4.479883,20.485006,14.814592,-0.051584,5.167409,0.575956,1.002217,-2.916128,5.949378,5.750394,1.319699,-0.587394,1.247986,2.308819,3.394010,-3.700139,8064.000000,0.000000,4.000000,,,,0.000000,4.000000,4.000000,4.000000,4.000000,4.000000,4.000000,4.000000,4.000000,4.000000,4.000000,4.000000,4.000000,4.000000,4.000000,4.000000,4.000000,4.000000,4.000000,2.000000,4.000000,4.000000,4.000000,4.000000,4.000000,4.000000,4.000000,4.000000,4.000000,4.000000,4.000000,4.000000,4.000000,83.333336
1614076769.301367,48.000000,0.000000,-6.667744,-2.865826,-2.625764,-6.519225,0.763837,-6.289474,-3.407187,-6.955876,0.488383,6.574235,-0.057587,-2.907616,1.090453,-0.731174,-8.856504,-51.318951,-1.165622,-11.843172,-2.123300,-14.410507,4.136600,-0.450261,1.001215,-3.426032,4.917788,6.257464,0.292739,-0.586806,-2.343006,2.306510,2.364975,-3.696439,8064.000000,0.000000,4.000000,,,,0.000000,4.000000,4.000000,4.000000,4.000000,4.000000,4.000000,4.000000,4.000000,4.000000,4.000000,4.000000,4.000000,4.000000,4.000000,4.000000,4.000000,4.000000,4.000000,2.000000,4.000000,4.000000,4.000000,4.000000,4.000000,4.000000,4.000000,4.000000,4.000000,4.000000,4.000000,4.000000,4.000000,83.333336
1614076769.309216,49.000000,0.000000,-6.148256,-2.862960,-2.623138,-5.999885,0.250252,-5.770364,-3.916600,-3.359176,0.487895,6.567661,-2.108811,-4.443170,-1.474740,-6.371469,-8.334827,-39.985580,-3.728559,-8.241585,-2.633997,-7.729430,3.619643,-0.962631,1.000214,-2.909786,4.912870,6.251207,0.805266,-0.586219,-0.289381,1.791383,2.875431,-3.692742,8064.000000,0.000000,4.000000,,,,0.000000,4.000000,4.000000,4.000000,4.000000,4.000000,4.000000,4.000000,4.000000,4.000000,4.000000,4.000000,4.000000,4.000000,4.000000,4.000000,4.000000,4.000000,4.000000,2.000000,4.000000,4.000000,4.000000,4.000000,4.000000,4.000000,4.000000,4.000000,4.000000,4.000000,4.000000,4.000000,4.000000,83.333336
1614076769.316965,50.000000,0.000000,-6.142108,-2.860097,-2.620515,-8.557988,0.762822,-5.764594,-3.912684,0.233926,0.487407,4.509812,-2.106703,-3.925906,-1.473265,-3.800994,11.160686,-7.125081,-0.135087,20.484606,13.778893,3.560351,4.641665,2.628075,0.999214,-3.419696,5.420778,6.244956,1.830102,-0.585633,1.249370,2.302412,2.872555,-3.689049,8064.000000,0.000000,4.000000,,,,0.000000,4.000000,4.000000,4.000000,4.000000,4.000000,4.000000,4.000000,4.000000,4.000000,4.000000,4.000000,4.000000,4.000000,4.000000,4.000000,4.000000,4.000000,4.000000,2.000000,4.000000,4.000000,4.000000,4.000000,4.000000,4.000000,4.000000,4.000000,4.000000,4.000000,4.000000,4.000000,4.000000,83.333336
1614076769.324814,51.000000,0.000000,-6.648786,-2.857237,-2.617895,-10.600712,0.249239,-7.810111,-2.883130,0.746513,0.486919,2.454020,-1.591775,-3.921980,-0.958971,-4.310014,9.611065,-20.451288,0.890689,12.771812,12.226653,-6.699619,3.611382,3.651088,0.998215,-3.416277,5.415357,6.238710,-1.761472,-0.585048,1.248121,2.300110,2.869683,-3.685360,8064.000000,0.000000,4.000000,,,,0.000000,4.000000,4.000000,4.000000,4.000000,4.000000,4.000000,4.000000,4.000000,4.000000,4.000000,4.000000,4.000000,4.000000,4.000000,4.000000,4.000000,4.000000,4.000000,2.000000,4.000000,4.000000,4.000000,4.000000,4.000000,4.000000,4.000000,4.000000,4.000000,4.000000,4.000000,4.000000,4.000000,83.333336
1614076769.332563,52.000000,0.000000,-5.616497,-2.854380,-2.615277,-10.077291,0.761810,-8.315122,-0.828965,3.309869,0.486432,3.990027,-1.590183,-4.430879,-1.470833,-6.356986,-0.142136,-42.482121,-0.135843,-0.061472,-0.093266,-16.949329,1.556489,-9.685896,1.510037,-2.900040,5.409942,6.232472,-5.862274,-0.584463,5.862257,2.297810,2.866813,-3.681675,8064.000000,0.000000,4.000000,,,,0.000000,4.000000,4.000000,4.000000,4.000000,4.000000,4.000000,4.000000,4.000000,4.000000,4.000000,4.000000,4.000000,4.000000,4.000000,4.000000,4.000000,4.000000,4.000000,2.000000,4.000000,4.000000,4.000000,4.000000,4.000000,4.000000,4.000000,4.000000,4.000000,4.000000,4.000000,4.000000,4.000000,83.333336
1614076769.340412,53.000000,0.000000,-3.559598,-2.851525,-3.638303,-10.067213,5.376433,-3.691422,0.197505,3.819380,0.485946,6.037319,-2.101414,-4.426448,-1.469362,-3.786526,1.396467,-30.131945,-0.135707,18.912949,1.445289,-14.881099,0.529291,-13.265954,0.482886,-2.897140,5.404532,5.713419,-2.266668,-1.096699,7.907677,2.295512,2.863946,-4.190814,8064.000000,0.000000,4.000000,,,,0.000000,4.000000,4.000000,4.000000,4.000000,4.000000,4.000000,4.000000,4.000000,4.000000,4.000000,4.000000,4.000000,4.000000,4.000000,4.000000,4.000000,4.000000,4.000000,2.000000,4.000000,4.000000,4.000000,4.000000,4.000000,4.000000,4.000000,4.000000,4.000000,4.000000,4.000000,4.000000,4.000000,83.333336
1614076769.348161,54.000000,0.000000,-2.017577,-2.848674,-2.609023,-10.569966,8.960800,-1.123628,0.197308,1.251458,-0.027360,6.031282,-2.099312,-4.422021,-0.955072,-1.731458,0.882250,-15.230019,0.377249,25.560703,6.572049,-13.840576,1.041582,-1.970637,-2.081700,-3.407063,4.886307,5.194885,0.812521,-1.095602,7.899769,1.780396,2.861082,-4.186623,8064.000000,0.000000,4.000000,,,,0.000000,4.000000,4.000000,4.000000,4.000000,4.000000,4.000000,4.000000,4.000000,4.000000,4.000000,4.000000,4.000000,4.000000,4.000000,4.000000,4.000000,4.000000,4.000000,2.000000,4.000000,4.000000,4.000000,4.000000,4.000000,4.000000,4.000000,4.000000,4.000000,4.000000,4.000000,4.000000,4.000000,83.333336
1614076769.356010,55.000000,0.000000,-3.554021,-2.845825,0.470509,-10.046576,5.874917,-2.148145,0.197110,0.224565,0.485487,6.538071,-1.071572,-3.904779,-0.954117,-1.216906,-5.785298,-29.573763,0.376872,1.432578,3.488554,-13.313915,1.040541,-4.532769,-3.105259,-3.403656,5.394241,6.215331,-1.239573,-0.581686,9.430331,2.291436,2.858221,-3.669616,8064.000000,0.000000,4.000000,,,,0.000000,4.000000,4.000000,4.000000,4.000000,4.000000,4.000000,4.000000,4.000000,4.000000,4.000000,4.000000,4.000000,4.000000,4.000000,4.000000,4.000000,4.000000,4.000000,2.000000,4.000000,4.000000,4.000000,4.000000,4.000000,4.000000,4.000000,4.000000,4.000000,4.000000,4.000000,4.000000,4.000000,83.333336
1614076769.363759,56.000000,0.000000,-6.114569,-3.355800,0.470038,-10.549350,0.228016,-2.145997,0.196913,-0.288480,-0.027819,6.531533,-3.634603,-4.926515,-1.465983,-2.241330,-7.317975,-48.518547,-0.136325,-7.286804,0.920963,-10.736499,1.039500,-14.271826,-3.102154,-2.374611,5.901667,6.721936,-3.289616,-1.093925,5.318337,2.801965,2.855363,-4.178767,8064.000000,0.000000,4.000000,,,,0.000000,4.000000,4.000000,4.000000,4.000000,4.000000,4.000000,4.000000,4.000000,4.000000,4.000000,4.000000,4.000000,4.000000,4.000000,4.000000,4.000000,4.000000,4.000000,2.000000,4.000000,4.000000,4.000000,4.000000,4.000000,4.000000,4.000000,4.000000,4.000000,4.000000,4.000000,4.000000,4.000000,83.333336
1614076769.371408,57.000000,0.000000,-6.108455,-2.326803,0.982389,-10.025980,0.227788,-2.143851,0.196716,0.224629,-0.027791,4.473720,-5.169430,-3.383127,-0.438876,-2.751909,-3.208092,-29.495670,0.889452,2.976893,0.920042,-5.597558,1.038461,-8.616529,-2.586231,-2.372237,4.870125,4.663932,-3.799146,-0.580010,1.210454,1.260702,2.339687,-3.661767,8064.000000,0.000000,4.000000,,,,0.000000,4.000000,4.000000,4.000000,4.000000,4.000000,4.000000,4.000000,4.000000,4.000000,4.000000,4.000000,4.000000,4.000000,4.000000,4.000000,4.000000,4.000000,4.000000,2.000000,4.000000,4.000000,4.000000,4.000000,4.000000,4.000000,4.000000,4.000000,4.000000,4.000000,4.000000,4.000000,4.000000,83.333336
1614076769.379157,58.000000,0.000000,-3.538244,0.239627,7.135252,-6.939031,5.868586,-2.141707,3.786263,4.839789,3.561981,11.135913,0.989586,3.286922,4.176947,2.891868,1.923321,-3.825149,2.939845,4.512378,1.431942,6.715733,1.037422,-1.428424,-1.045183,-3.908326,5.378075,10.813114,-0.718424,3.010314,12.491295,3.823544,3.875809,0.957279,8064.000000,0.000000,4.000000,,,,0.000000,4.000000,4.000000,4.000000,4.000000,4.000000,4.000000,4.000000,4.000000,4.000000,4.000000,4.000000,4.000000,4.000000,4.000000,4.000000,4.000000,4.000000,4.000000,2.000000,4.000000,4.000000,4.000000,4.000000,4.000000,4.000000,4.000000,4.000000,4.000000,4.000000,4.000000,4.000000,4.000000,83.333336
1614076769.386806,59.000000,0.000000,-1.996244,1.265028,12.769143,-3.855169,8.939640,-1.626745,6.346580,7.399052,7.660983,17.791443,6.629622,8.411840,7.249693,9.555643,1.921397,-21.257221,4.475366,8.097610,1.430510,11.324401,1.036385,-2.452637,1.007144,1.736608,11.013722,22.084352,6.974602,6.597047,25.299316,13.563310,6.436036,6.597347,8064.000000,0.000000,4.000000,,,,0.000000,4.000000,4.000000,4.000000,4.000000,4.000000,4.000000,4.000000,4.000000,4.000000,4.000000,4.000000,4.000000,4.000000,4.000000,4.000000,4.000000,4.000000,4.000000,2.000000,4.000000,4.000000,4.000000,4.000000,4.000000,4.000000,4.000000,4.000000,4.000000,4.000000,4.000000,4.000000,4.000000,83.333336
1614076769.394555,60.000000,0.000000,-2.507068,0.750942,12.243553,-2.825673,7.392239,-3.163579,4.801771,4.827550,8.166142,10.081345,5.597351,7.890608,6.729623,7.494805,1.919476,-33.030838,3.958070,14.243358,1.941900,1.569487,0.522528,-0.911723,1.006137,8.914358,12.541170,21.036627,6.454807,7.103270,21.171453,17.139490,6.942420,7.616391,8064.000000,0.000000,4.000000,,,,0.000000,4.000000,4.000000,4.000000,4.000000,4.000000,4.000000,4.000000,4.000000,4.000000,4.000000,4.000000,4.000000,4.000000,4.000000,4.000000,4.000000,4.000000,4.000000,2.000000,4.000000,4.000000,4.000000,4.000000,4.000000,4.000000,4.000000,4.000000,4.000000,4.000000,4.000000,4.000000,4.000000,83.333336
1614076769.402205,61.000000,0.000000,-2.504561,0.750191,11.205668,-2.822847,8.410488,-2.134775,3.258508,3.797082,7.645155,8.019980,6.104574,6.344256,6.210073,5.948849,9.609864,-0.177293,3.441292,15.254755,0.401497,-3.047467,1.034826,0.627650,1.005131,1.213136,4.836321,10.246360,-1.243956,6.583346,11.919513,9.942863,6.422657,7.095954,8064.000000,0.000000,4.000000,,,,0.000000,4.000000,4.000000,4.000000,4.000000,4.000000,4.000000,4.000000,4.000000,4.000000,4.000000,4.000000,4.000000,4.000000,4.000000,4.000000,4.000000,4.000000,4.000000,2.000000,4.000000,4.000000,4.000000,4.000000,4.000000,4.000000,4.000000,4.000000,4.000000,4.000000,4.000000,4.000000,4.000000,83.333336
1614076769.409954,62.000000,0.000000,-1.989236,0.749441,12.220104,-2.820024,11.479000,0.944283,3.768070,3.793285,8.150331,19.294012,9.688213,8.389194,7.229504,12.609567,14.215639,12.643397,4.976312,27.034372,2.965198,1.058145,3.085073,1.139843,1.516946,-10.582949,1.754562,8.697652,-1.242712,7.602404,11.907593,5.317536,6.416234,7.601678,8064.000000,0.000000,4.000000,,,,0.000000,4.000000,4.000000,4.000000,4.000000,4.000000,4.000000,4.000000,4.000000,4.000000,4.000000,4.000000,4.000000,4.000000,4.000000,4.000000,4.000000,4.000000,4.000000,2.000000,4.000000,4.000000,4.000000,4.000000,4.000000,4.000000,4.000000,4.000000,4.000000,4.000000,4.000000,4.000000,4.000000,83.333336
1614076769.417603,63.000000,0.000000,-1.987247,0.748692,12.207884,-2.817204,9.929060,-1.620764,4.277122,5.327953,8.655001,14.659333,7.114422,7.355164,5.683813,11.058496,5.996295,-19.676939,3.945695,38.802212,10.141720,-1.507016,5.133270,2.164345,1.515429,-10.572366,5.855371,11.253057,4.912377,6.569160,13.434147,6.850680,6.409819,7.594077,8064.000000,0.000000,4.000000,,,,0.000000,4.000000,4.000000,4.000000,4.000000,4.000000,4.000000,4.000000,4.000000,4.000000,4.000000,4.000000,4.000000,4.000000,4.000000,4.000000,4.000000,4.000000,4.000000,2.000000,4.000000,4.000000,4.000000,4.000000,4.000000,4.000000,4.000000,4.000000,4.000000,4.000000,4.000000,4.000000,4.000000,83.333336
1614076769.425352,64.000000,0.000000,-4.036541,0.747943,11.682856,-2.301567,4.790926,-4.696066,4.272845,4.296984,7.620705,-0.739941,-0.585000,-1.370140,0.549924,0.278207,-4.266111,-42.734184,-0.160815,16.199305,8.080296,-6.633714,5.128137,-6.042948,1.001093,-5.433588,3.798234,8.677701,5.420285,2.972848,10.856610,5.818188,6.403409,7.586483,0.000000,211.000000,4.000000,,,,0.000000,4.000000,4.000000,4.000000,4.000000,4.000000,4.000000,4.000000,4.000000,4.000000,4.000000,4.000000,4.000000,4.000000,4.000000,4.000000,4.000000,4.000000,4.000000,2.000000,4.000000,4.000000,4.000000,4.000000,4.000000,4.000000,4.000000,4.000000,4.000000,4.000000,4.000000,4.000000,4.000000,83.333336
1614076769.433001,65.000000,0.000000,-6.083787,0.234375,11.158352,-0.247983,3.760494,1.462476,3.242932,-2.886800,8.125905,1.312081,-2.635697,-8.548257,-1.501908,-2.798995,-6.313128,-30.383759,1.890628,-11.509202,-3.209836,-7.139901,4.610188,-12.703572,1.000092,-6.966616,1.743154,9.694665,3.363583,2.969875,11.871395,5.812370,6.397005,7.066076,0.000000,195.000000,4.000000,,,,0.000000,4.000000,4.000000,4.000000,4.000000,4.000000,4.000000,4.000000,4.000000,4.000000,4.000000,4.000000,4.000000,4.000000,4.000000,4.000000,4.000000,4.000000,4.000000,2.000000,4.000000,4.000000,4.000000,4.000000,4.000000,4.000000,4.000000,4.000000,4.000000,4.000000,4.000000,4.000000,4.000000,83.333336
1614076769.440750,66.000000,0.000000,-6.077703,0.746961,12.172835,1.290726,5.295195,6.076398,4.265330,-6.473657,8.630600,6.438974,-0.068959,-8.026888,0.038055,2.332009,-4.255532,-16.507219,8.555404,1.322820,0.383118,-6.107120,5.631219,-7.562663,2.024733,-5.934009,5.331154,13.274714,4.898681,3.992546,16.987728,6.319378,6.390608,7.571830,0.000000,195.000000,4.000000,,,,0.000000,4.000000,4.000000,4.000000,4.000000,4.000000,4.000000,4.000000,4.000000,4.000000,4.000000,4.000000,4.000000,4.000000,4.000000,4.000000,4.000000,4.000000,4.000000,2.000000,4.000000,4.000000,4.000000,4.000000,4.000000,4.000000,4.000000,4.000000,4.000000,4.000000,4.000000,4.000000,4.000000,83.333336
1614076769.448399,67.000000,0.000000,-7.097267,1.771855,12.160662,1.289436,3.238617,0.942117,4.773885,-3.390260,2.468123,-0.234132,-2.632992,-6.480400,-3.551726,-1.260066,-5.789738,-18.541994,3.931464,18.757395,12.690427,-6.101013,4.599946,-10.119203,-1.054215,-2.338331,-2.366484,7.620413,4.380961,-1.652472,12.355356,1.697674,6.897038,8.589899,0.000000,187.000000,4.000000,,,,0.000000,4.000000,4.000000,4.000000,4.000000,4.000000,4.000000,4.000000,4.000000,4.000000,4.000000,4.000000,4.000000,4.000000,4.000000,4.000000,4.000000,4.000000,4.000000,2.000000,4.000000,4.000000,4.000000,4.000000,4.000000,4.000000,4.000000,4.000000,4.000000,4.000000,4.000000,4.000000,4.000000,83.333336
1614076769.456148,68.000000,0.000000,-9.654272,-1.819661,7.533117,1.288146,-2.405647,-3.161390,-0.871915,-11.079178,-6.252294,-4.849282,-10.835487,-11.089304,-12.778944,-14.592139,-15.527538,-37.497810,-9.918622,-2.287004,-1.168417,-12.248758,-1.558499,-22.929596,-8.232648,-6.438557,-15.697452,-2.130797,1.812478,-8.317486,2.086591,-4.970690,6.377321,4.991566,0.000000,210.000000,4.000000,,,,0.000000,4.000000,4.000000,4.000000,4.000000,4.000000,4.000000,4.000000,4.000000,4.000000,4.000000,4.000000,4.000000,4.000000,4.000000,4.000000,4.000000,4.000000,4.000000,2.000000,4.000000,4.000000,4.000000,4.000000,4.000000,4.000000,4.000000,4.000000,4.000000,4.000000,4.000000,4.000000,4.000000,83.333336
1614076769.463798,69.000000,0.000000,-10.157438,-2.843482,3.935840,0.774038,-6.505805,-2.132587,-7.024889,-22.862970,-8.297324,-6.895715,-16.465677,-15.180779,-16.355907,-21.244213,-23.717138,-50.280827,-16.062550,-34.592407,-26.295454,-21.980099,-8.736428,-23.419487,-10.788518,-16.175707,-13.117651,-1.615846,0.272204,-8.309169,3.622965,-5.478540,6.370943,0.371190,0.000000,216.000000,4.000000,,,,0.000000,4.000000,4.000000,4.000000,4.000000,4.000000,4.000000,4.000000,4.000000,4.000000,4.000000,4.000000,4.000000,4.000000,4.000000,4.000000,4.000000,4.000000,4.000000,2.000000,4.000000,4.000000,4.000000,4.000000,4.000000,4.000000,4.000000,4.000000,4.000000,4.000000,4.000000,4.000000,4.000000,83.333336
1614076769.471547,70.000000,0.000000,-9.634460,2.800387,4.444725,1.286084,-7.012120,-1.617634,-8.043505,-16.686262,-6.750565,-9.965742,-16.449211,-15.165598,-13.262630,-18.146048,-20.616499,-47.153622,-13.995205,-33.532177,-21.653774,-22.983761,-10.266153,-15.190940,-9.752089,-18.723635,-4.386585,3.001155,0.784752,-4.711116,8.747547,-3.934600,6.877393,-0.142002,0.000000,179.000000,4.000000,,,,0.000000,4.000000,4.000000,4.000000,4.000000,4.000000,4.000000,4.000000,4.000000,4.000000,4.000000,4.000000,4.000000,4.000000,4.000000,4.000000,4.000000,4.000000,4.000000,2.000000,4.000000,4.000000,4.000000,4.000000,4.000000,4.000000,4.000000,4.000000,4.000000,4.000000,4.000000,4.000000,4.000000,83.333336
1614076769.479196,71.000000,0.000000,-9.624825,3.310407,4.440280,1.797619,-6.492287,-2.128837,-6.497000,-3.849062,-7.256635,-7.904495,-15.919942,-14.637612,-11.710905,-16.589439,-15.980497,-47.106468,-13.981210,-5.806335,-1.119300,-17.832571,-9.743067,-13.124467,-9.742336,-16.140808,-6.433480,-1.104410,0.783968,-3.680764,0.533672,-8.033230,4.819233,-3.218783,0.000000,173.000000,4.000000,,,,0.000000,4.000000,4.000000,4.000000,4.000000,4.000000,4.000000,4.000000,4.000000,4.000000,4.000000,4.000000,4.000000,4.000000,4.000000,4.000000,4.000000,4.000000,4.000000,2.000000,4.000000,4.000000,4.000000,4.000000,4.000000,4.000000,4.000000,4.000000,4.000000,4.000000,4.000000,4.000000,4.000000,83.333336
1614076769.486945,72.000000,0.000000,-9.615201,-3.872390,1.358917,-3.845205,-6.485795,-2.639529,-7.516144,-2.306751,-7.249378,-5.332488,-16.929663,-15.135795,-12.212015,-17.598492,-16.990158,-37.828594,-14.992869,7.532804,3.497204,-16.789097,-10.758965,-14.649804,-10.245414,-14.586206,-10.016790,-8.795613,0.783184,-5.728365,-7.671990,-12.640581,-0.826611,-11.420692,0.000000,194.000000,4.000000,,,,0.000000,4.000000,4.000000,4.000000,4.000000,4.000000,4.000000,4.000000,4.000000,4.000000,4.000000,4.000000,4.000000,4.000000,4.000000,4.000000,4.000000,4.000000,4.000000,2.000000,4.000000,4.000000,4.000000,4.000000,4.000000,4.000000,4.000000,4.000000,4.000000,4.000000,4.000000,4.000000,4.000000,83.333336
1614076769.494594,73.000000,0.000000,-9.605586,-7.458261,0.331917,-9.995206,-8.017771,-1.611248,-7.508628,-3.330086,-6.729308,-7.378437,-16.399914,-15.120659,-11.686982,-15.529611,-14.921885,-18.303585,-14.465055,-3.243960,-2.147319,-18.310770,-10.235385,-15.660795,-9.722348,-14.058800,-8.981133,-8.786819,0.782400,-7.261098,-7.151497,-12.627940,-4.928349,-15.511836,0.000000,200.000000,4.000000,,,,0.000000,4.000000,4.000000,4.000000,4.000000,4.000000,4.000000,4.000000,4.000000,4.000000,4.000000,4.000000,4.000000,4.000000,4.000000,4.000000,4.000000,4.000000,4.000000,2.000000,4.000000,4.000000,4.000000,4.000000,4.000000,4.000000,4.000000,4.000000,4.000000,4.000000,4.000000,4.000000,4.000000,83.333336
1614076769.502443,74.000000,0.000000,-9.595980,-5.912342,0.844405,-11.010852,-10.061035,-1.609637,-6.988299,-4.352397,-6.722579,-7.883879,-16.383512,-14.592718,-13.726578,-16.539722,-12.342861,-31.105795,-13.937770,-8.368920,1.444572,-17.266819,-9.712329,-11.029750,-9.712626,-13.531920,-8.459332,-5.188288,0.781618,-7.766658,-6.118705,-12.102492,-4.923420,-14.983503,0.000000,201.000000,4.000000,,,,0.000000,4.000000,4.000000,4.000000,4.000000,4.000000,4.000000,4.000000,4.000000,4.000000,4.000000,4.000000,4.000000,4.000000,4.000000,4.000000,4.000000,4.000000,4.000000,2.000000,4.000000,4.000000,4.000000,4.000000,4.000000,4.000000,4.000000,4.000000,4.000000,4.000000,4.000000,4.000000,4.000000,83.333336
1614076769.510192,75.000000,0.000000,-9.586384,-6.419250,0.843561,-9.461379,-10.563794,-5.197771,-7.494131,-6.912147,-6.715857,-9.927278,-16.367130,-15.090946,-12.687210,-17.036003,-12.330519,-52.100330,-11.872550,-7.334911,5.032871,-16.736731,-10.215437,-1.275130,-9.702913,-13.518388,-8.963693,-4.670279,1.293657,-7.758891,-6.625407,-12.603209,-4.918497,-14.455699,0.000000,192.000000,4.000000,,,,0.000000,4.000000,4.000000,4.000000,4.000000,4.000000,4.000000,4.000000,4.000000,4.000000,4.000000,4.000000,4.000000,4.000000,4.000000,4.000000,4.000000,4.000000,4.000000,2.000000,4.000000,4.000000,4.000000,4.000000,4.000000,4.000000,4.000000,4.000000,4.000000,4.000000,4.000000,4.000000,4.000000,83.333336
1614076769.518041,76.000000,0.000000,-9.576797,-6.925651,0.842717,-10.477559,-10.040410,-9.295137,-7.486637,-4.853953,-6.709141,-14.019915,-12.761019,-14.563034,-6.007856,-3.685633,-6.677163,-27.945665,-9.809396,-11.942961,-5.228572,-14.155891,-7.641119,-0.761035,-9.693211,-13.504869,-8.954728,-5.178429,-0.246098,-7.751132,-6.618782,-12.077786,-4.913579,-14.954064,0.000000,198.000000,4.000000,,,,0.000000,4.000000,4.000000,4.000000,4.000000,4.000000,4.000000,4.000000,4.000000,4.000000,4.000000,4.000000,4.000000,4.000000,4.000000,4.000000,4.000000,4.000000,4.000000,2.000000,4.000000,4.000000,4.000000,4.000000,4.000000,4.000000,4.000000,4.000000,4.000000,4.000000,4.000000,4.000000,4.000000,83.333336
1614076769.525790,77.000000,0.000000,-9.567221,-6.405905,-0.696587,-10.467081,-10.030370,-9.798662,-6.453509,-7.926022,-6.702432,-9.903330,-8.132874,-11.984368,-3.437746,7.600104,-1.029460,-5.353618,-9.799586,1.402316,-8.300266,-11.064813,-1.992453,-6.401299,-9.683517,-13.491364,-8.432953,-4.660430,-2.297134,-7.230560,-7.124983,-12.065708,-4.908665,-14.939110,0.000000,201.000000,4.000000,,,,0.000000,4.000000,4.000000,4.000000,4.000000,4.000000,4.000000,4.000000,4.000000,4.000000,4.000000,4.000000,4.000000,4.000000,4.000000,4.000000,4.000000,4.000000,4.000000,2.000000,4.000000,4.000000,4.000000,4.000000,4.000000,4.000000,4.000000,4.000000,4.000000,4.000000,4.000000,4.000000,4.000000,83.333336
1614076769.533639,78.000000,0.000000,-9.044833,-6.399499,-3.259993,-9.943793,-10.533160,-9.276043,-6.959876,-16.636045,-6.695729,-5.278042,-8.124741,-10.946743,-4.459949,-3.689548,-1.541251,-21.758520,-10.815428,26.016298,13.759316,-11.053748,1.086463,-6.907718,-9.673834,-11.426592,-8.937341,-4.655770,-3.320478,-8.248971,-4.040935,-12.566463,-5.416577,-13.898530,0.000000,220.000000,4.000000,,,,0.000000,4.000000,4.000000,4.000000,4.000000,4.000000,4.000000,4.000000,4.000000,4.000000,4.000000,4.000000,4.000000,4.000000,4.000000,4.000000,4.000000,4.000000,4.000000,2.000000,4.000000,4.000000,4.000000,4.000000,4.000000,4.000000,4.000000,4.000000,4.000000,4.000000,4.000000,4.000000,4.000000,83.333336
1614076769.541388,79.000000,0.000000,-10.061429,-6.905920,-2.743912,-10.446671,-10.009807,-9.266768,-7.465737,-12.004024,-6.689034,-7.324046,-10.167897,-10.935797,-4.968309,-17.532011,-0.514068,-34.557274,-10.804612,18.810795,30.668634,-8.991412,2.623838,-8.952093,-10.176980,-9.876703,-9.441224,-4.651114,-3.317158,-7.727901,3.142593,-8.964153,-2.847058,-11.320529,0.000000,222.000000,4.000000,,,,0.000000,4.000000,4.000000,4.000000,4.000000,4.000000,4.000000,4.000000,4.000000,4.000000,4.000000,4.000000,4.000000,4.000000,4.000000,4.000000,4.000000,4.000000,4.000000,2.000000,4.000000,4.000000,4.000000,4.000000,4.000000,4.000000,4.000000,4.000000,4.000000,4.000000,4.000000,4.000000,4.000000,83.333336
1614076769.549237,80.000000,0.000000,-9.538548,-5.873373,-0.177066,-9.923403,-7.948514,-9.770321,-2.842886,-4.299712,-6.682344,-8.342363,-7.080807,-10.924861,-5.476161,-15.976018,-4.103298,-38.112461,-9.768167,-8.900324,9.099504,-12.572165,-1.481350,-13.045705,-9.653983,-9.354006,-8.406142,-4.646463,-2.288199,-2.079148,5.703553,-4.339804,1.771174,-10.283567,0.000000,201.000000,4.000000,,,,0.000000,4.000000,4.000000,4.000000,4.000000,4.000000,4.000000,4.000000,4.000000,4.000000,4.000000,4.000000,4.000000,4.000000,4.000000,4.000000,4.000000,4.000000,4.000000,2.000000,4.000000,4.000000,4.000000,4.000000,4.000000,4.000000,4.000000,4.000000,4.000000,4.000000,4.000000,4.000000,4.000000,83.333336
1614076769.556986,81.000000,0.000000,-6.964906,-3.303397,0.848752,-9.913480,-6.402104,-9.247730,1.775341,-14.551823,-6.675662,-8.846842,-9.637829,-11.939577,-8.034788,-17.498505,-24.099195,-50.382042,-11.809681,-22.224756,-23.217289,-29.482670,-19.941406,-14.571120,-9.131509,-9.857472,-10.449018,-5.154637,-4.850014,-1.564248,4.672208,-7.412388,3.820685,-11.298924,0.000000,194.000000,4.000000,,,,0.000000,4.000000,4.000000,4.000000,4.000000,4.000000,4.000000,4.000000,4.000000,4.000000,4.000000,4.000000,4.000000,4.000000,4.000000,4.000000,4.000000,4.000000,4.000000,2.000000,4.000000,4.000000,4.000000,4.000000,4.000000,4.000000,4.000000,4.000000,4.000000,4.000000,4.000000,4.000000,4.000000,83.333336
1614076769.564835,82.000000,0.000000,-7.470762,-2.274453,2.899186,-10.416387,-6.908523,-9.238482,-2.328998,-22.229578,-6.668986,-11.914918,-18.346140,-15.004560,-12.642138,-28.250237,-34.331505,-46.741917,-15.900435,-21.176891,-26.783815,-36.632675,-30.177876,-16.607832,-10.660838,-12.411717,-16.592415,-5.149482,-7.409266,-9.254992,4.667536,-12.020360,2.791223,-10.261985,0.000000,225.000000,4.000000,,,,0.000000,4.000000,4.000000,4.000000,4.000000,4.000000,4.000000,4.000000,4.000000,4.000000,4.000000,4.000000,4.000000,4.000000,4.000000,4.000000,4.000000,4.000000,4.000000,2.000000,4.000000,4.000000,4.000000,4.000000,4.000000,4.000000,4.000000,4.000000,4.000000,4.000000,4.000000,4.000000,4.000000,83.333336
1614076769.572584,83.000000,0.000000,-9.514573,-2.784999,8.024491,-7.329047,-5.875973,-9.229244,-7.454875,-12.463759,-7.175138,-9.851721,-13.712409,-14.476735,-11.603854,-24.632242,-16.861277,-23.618250,-6.653765,-5.258278,-4.705749,-16.083220,-11.173339,-10.950198,-8.598895,-13.937768,-16.575823,-3.605871,-2.786472,-9.758557,5.175689,-8.931417,2.788432,-6.149159,0.000000,200.000000,4.000000,,,,0.000000,4.000000,4.000000,4.000000,4.000000,4.000000,4.000000,4.000000,4.000000,4.000000,4.000000,4.000000,4.000000,4.000000,4.000000,4.000000,4.000000,4.000000,4.000000,2.000000,4.000000,4.000000,4.000000,4.000000,4.000000,4.000000,4.000000,4.000000,4.000000,4.000000,4.000000,4.000000,4.000000,83.333336
1614076769.580433,84.000000,0.000000,-5.915315,-2.782214,13.657493,-1.167872,-4.331635,-9.220015,-3.344856,-4.758988,-6.655142,-3.175202,2.711560,-7.282772,-0.310199,-8.710175,-0.946980,-11.799760,9.250324,16.285442,14.273316,4.445683,7.812193,5.471009,-1.923630,-10.334086,-8.866939,-2.063804,4.395801,-4.107773,4.657693,-4.819921,3.298464,-2.553266,0.000000,190.000000,4.000000,,,,0.000000,4.000000,4.000000,4.000000,4.000000,4.000000,4.000000,4.000000,4.000000,4.000000,4.000000,4.000000,4.000000,4.000000,4.000000,4.000000,4.000000,4.000000,4.000000,2.000000,4.000000,4.000000,4.000000,4.000000,4.000000,4.000000,4.000000,4.000000,4.000000,4.000000,4.000000,4.000000,4.000000,83.333336
1614076769.588182,85.000000,0.000000,-2.319656,-2.779432,15.695117,1.397398,-3.301663,-7.159513,1.273874,-4.241408,-4.597205,0.417716,8.349874,-0.608822,9.946521,-0.496336,-0.946033,-15.890525,9.753895,13.192233,12.720581,5.466879,8.830022,11.106564,1.668037,-5.708367,-4.755508,-0.010458,4.391406,-4.103665,4.140215,-4.815101,2.269524,-1.012251,0.000000,195.000000,4.000000,,,,0.000000,4.000000,4.000000,4.000000,4.000000,4.000000,4.000000,4.000000,4.000000,4.000000,4.000000,4.000000,4.000000,4.000000,4.000000,4.000000,4.000000,4.000000,4.000000,2.000000,4.000000,4.000000,4.000000,4.000000,4.000000,4.000000,4.000000,4.000000,4.000000,4.000000,4.000000,4.000000,4.000000,83.333336
1614076769.596031,86.000000,0.000000,-1.804516,-2.776652,15.679422,1.908821,1.829844,-3.562610,0.246959,-0.134603,-2.541326,2.981401,5.264601,0.930248,9.423754,-1.521480,-2.483548,-29.720787,1.539012,-0.667113,-0.112652,3.410130,8.308372,5.454431,2.179190,-6.215479,-5.776393,4.092116,4.387014,-3.586741,4.136075,-3.271824,2.780075,0.014402,0.000000,193.000000,4.000000,,,,0.000000,4.000000,4.000000,4.000000,4.000000,4.000000,4.000000,4.000000,4.000000,4.000000,4.000000,4.000000,4.000000,4.000000,4.000000,4.000000,4.000000,4.000000,4.000000,2.000000,4.000000,4.000000,4.000000,4.000000,4.000000,4.000000,4.000000,4.000000,4.000000,4.000000,4.000000,4.000000,4.000000,83.333336
1614076769.603781,87.000000,0.000000,-2.315532,-2.773875,15.150922,3.958195,8.494680,-1.507765,-0.266108,1.403993,-3.051605,6.568163,5.772157,-0.096323,7.363048,-1.519959,-0.429783,-39.947475,0.511832,1.897657,-5.753565,5.970822,7.274422,5.448977,1.664190,-6.722085,-5.257796,7.164948,5.408268,-0.506231,5.157579,-0.704450,2.777295,0.527208,0.000000,195.000000,4.000000,,,,0.000000,4.000000,4.000000,4.000000,4.000000,4.000000,4.000000,4.000000,4.000000,4.000000,4.000000,4.000000,4.000000,4.000000,4.000000,4.000000,4.000000,4.000000,4.000000,2.000000,4.000000,4.000000,4.000000,4.000000,4.000000,4.000000,4.000000,4.000000,4.000000,4.000000,4.000000,4.000000,4.000000,83.333336
1614076769.611530,88.000000,0.000000,-4.364499,-2.771102,15.648592,5.492698,5.409263,-2.019078,0.759799,0.889769,-3.048553,7.587236,7.304847,0.416594,5.817224,-0.492798,-0.429353,-29.138298,0.511321,8.049605,-5.234991,5.964851,-3.502083,0.315322,-3.465679,-5.689722,-5.252539,6.132142,1.300296,-6.146750,4.126781,-1.216566,1.748877,0.013860,0.000000,199.000000,4.000000,,,,0.000000,4.000000,4.000000,4.000000,4.000000,4.000000,4.000000,4.000000,4.000000,4.000000,4.000000,4.000000,4.000000,4.000000,4.000000,4.000000,4.000000,4.000000,4.000000,2.000000,4.000000,4.000000,4.000000,4.000000,4.000000,4.000000,4.000000,4.000000,4.000000,4.000000,4.000000,4.000000,4.000000,83.333336
1614076769.619279,89.000000,0.000000,-5.898596,-2.768331,15.120123,4.974385,0.788469,-1.504238,0.759039,0.888879,-3.045505,7.066829,6.271901,0.416177,1.196022,-1.005126,-1.454564,-15.775827,-5.643037,5.990273,-5.742577,4.420425,-9.652427,-9.428582,-10.128881,-6.709673,-5.247286,6.126009,-2.290748,-11.268809,3.609834,-0.702529,5.336872,0.013847,0.000000,206.000000,4.000000,,,,0.000000,4.000000,4.000000,4.000000,4.000000,4.000000,4.000000,4.000000,4.000000,4.000000,4.000000,4.000000,4.000000,4.000000,4.000000,4.000000,4.000000,4.000000,4.000000,2.000000,4.000000,4.000000,4.000000,4.000000,4.000000,4.000000,4.000000,4.000000,4.000000,4.000000,4.000000,4.000000,4.000000,83.333336
1614076769.626928,90.000000,0.000000,-3.841415,-3.278383,15.105002,4.969410,4.890244,-1.502734,0.245459,0.375170,-2.529639,6.546941,5.752809,-0.097059,-1.882097,-2.029762,-1.453110,-21.401077,-6.150214,3.420181,-6.249655,4.416005,-2.463287,-3.265308,-9.605931,-5.677322,-1.139475,10.222447,3.865389,-6.129335,10.785711,2.887917,11.998201,2.577935,0.000000,129.000000,4.000000,,,,0.000000,4.000000,4.000000,4.000000,4.000000,4.000000,4.000000,4.000000,4.000000,4.000000,4.000000,4.000000,4.000000,4.000000,4.000000,4.000000,4.000000,4.000000,4.000000,2.000000,4.000000,4.000000,4.000000,4.000000,4.000000,4.000000,4.000000,4.000000,4.000000,4.000000,4.000000,4.000000,4.000000,83.333336
1614076769.634677,91.000000,0.000000,-1.786291,-2.249463,15.089897,4.964441,8.987919,-2.014052,0.245214,0.887615,-3.039930,7.053215,5.747056,-0.096962,-1.367395,-1.514911,-1.964477,-23.943779,-3.579962,6.493683,-7.269046,4.411589,4.718663,6.994368,-6.519402,-1.569081,3.989870,13.289148,8.989728,0.030640,19.492874,6.474773,14.550306,6.677921,0.000000,189.000000,4.000000,,,,0.000000,4.000000,4.000000,4.000000,4.000000,4.000000,4.000000,4.000000,4.000000,4.000000,4.000000,4.000000,4.000000,4.000000,4.000000,4.000000,4.000000,4.000000,4.000000,2.000000,4.000000,4.000000,4.000000,4.000000,4.000000,4.000000,4.000000,4.000000,4.000000,4.000000,4.000000,4.000000,4.000000,83.333336
1614076769.642326,92.000000,0.000000,-1.784505,0.316889,15.074807,4.446656,8.978930,-1.499217,0.244969,3.450830,-3.036890,7.558982,6.254129,-0.096865,-0.340386,0.025065,-0.936872,-6.996758,-2.550741,19.820522,-5.723315,4.919998,4.713944,6.474553,-6.000062,1.509411,6.549983,14.301500,8.467918,0.030610,18.447741,6.981119,13.510115,8.209705,0.000000,165.000000,4.000000,,,,0.000000,4.000000,4.000000,4.000000,4.000000,4.000000,4.000000,4.000000,4.000000,4.000000,4.000000,4.000000,4.000000,4.000000,4.000000,4.000000,4.000000,4.000000,4.000000,2.000000,4.000000,4.000000,4.000000,4.000000,4.000000,4.000000,4.000000,4.000000,4.000000,4.000000,4.000000,4.000000,4.000000,83.333336
1614076769.650075,93.000000,0.000000,-2.295541,1.342213,15.572554,4.955030,7.431490,-2.523359,0.244724,0.883277,-2.521032,4.474500,6.247875,-0.096768,-0.340046,2.076322,0.089706,-0.835915,0.528733,24.928907,1.461895,5.427898,5.222051,4.929617,-5.994062,1.507902,6.543433,12.235916,7.946630,-1.507882,11.249805,2.871573,14.009425,6.150213,0.000000,203.000000,4.000000,,,,0.000000,4.000000,4.000000,4.000000,4.000000,4.000000,4.000000,4.000000,4.000000,4.000000,4.000000,4.000000,4.000000,4.000000,4.000000,4.000000,4.000000,4.000000,4.000000,2.000000,4.000000,4.000000,4.000000,4.000000,4.000000,4.000000,4.000000,4.000000,4.000000,4.000000,4.000000,4.000000,4.000000,83.333336
1614076769.657724,94.000000,0.000000,-3.831707,0.828050,15.044160,3.411613,1.270212,-6.623400,0.244479,-3.220171,-4.056973,-0.145359,3.677525,-0.096672,-1.878167,2.587066,-3.500127,-22.886362,3.605128,11.057825,5.562997,3.884009,5.216829,1.847764,-7.013709,0.993574,5.511248,7.608296,8.451504,-3.557657,8.674453,-1.233862,13.995416,4.092781,0.000000,194.000000,4.000000,,,,0.000000,4.000000,4.000000,4.000000,4.000000,4.000000,4.000000,4.000000,4.000000,4.000000,4.000000,4.000000,4.000000,4.000000,4.000000,4.000000,4.000000,4.000000,4.000000,2.000000,4.000000,4.000000,4.000000,4.000000,4.000000,4.000000,4.000000,4.000000,4.000000,4.000000,4.000000,4.000000,4.000000,83.333336
1614076769.665474,95.000000,0.000000,-5.879158,0.827222,15.541937,-2.232824,-5.910545,-9.693699,0.244234,-3.729771,-6.104198,-0.145214,2.648206,-0.096575,-0.850648,2.071659,-0.932524,-30.555782,4.627163,12.072408,4.531793,5.418586,4.185971,-1.743827,-4.442593,1.505401,7.044199,6.062226,7.417411,-3.554099,8.665778,-1.232628,13.981421,3.575868,0.000000,191.000000,4.000000,,,,0.000000,4.000000,4.000000,4.000000,4.000000,4.000000,4.000000,4.000000,4.000000,4.000000,4.000000,4.000000,4.000000,4.000000,4.000000,4.000000,4.000000,4.000000,4.000000,2.000000,4.000000,4.000000,4.000000,4.000000,4.000000,4.000000,4.000000,4.000000,4.000000,4.000000,4.000000,4.000000,4.000000,83.333336
1614076769.673123,96.000000,0.000000,-5.873278,1.339215,15.526395,-6.333155,-7.443096,-9.171185,0.243990,-3.726041,-6.610914,-1.683530,2.645558,-0.096478,3.765587,2.582408,7.273536,-12.576509,5.648177,25.906490,11.193928,5.413167,6.233067,4.411763,-0.848406,0.991075,6.524333,6.568985,8.948455,0.039199,8.144292,-0.718575,14.480259,3.572292,8064.000000,0.000000,4.000000,,,,0.000000,4.000000,4.000000,4.000000,4.000000,4.000000,4.000000,4.000000,4.000000,4.000000,4.000000,4.000000,4.000000,4.000000,4.000000,4.000000,4.000000,4.000000,4.000000,2.000000,4.000000,4.000000,4.000000,4.000000,4.000000,4.000000,4.000000,4.000000,4.000000,4.000000,4.000000,4.000000,4.000000,83.333336
1614076769.680872,97.000000,0.000000,-7.918687,-0.200585,11.408304,-6.326822,-6.410012,-9.162014,0.243746,-6.286418,-6.604303,-9.374154,-3.510934,-2.147664,-2.904845,2.579825,-5.554250,-29.487009,-3.075420,2.803660,11.182734,-5.874297,1.611449,2.356069,-1.873199,1.502904,-2.712960,3.485492,5.862584,-2.524943,6.597686,-6.358882,10.876036,3.568720,8064.000000,0.000000,4.000000,,,,0.000000,4.000000,4.000000,4.000000,4.000000,4.000000,4.000000,4.000000,4.000000,4.000000,4.000000,4.000000,4.000000,4.000000,4.000000,4.000000,4.000000,4.000000,4.000000,2.000000,4.000000,4.000000,4.000000,4.000000,4.000000,4.000000,4.000000,4.000000,4.000000,4.000000,4.000000,4.000000,4.000000,83.333336
1614076769.688521,98.000000,0.000000,-9.962050,-2.764487,7.294332,-7.858957,-6.916422,-9.665672,0.243502,-7.305772,-6.597699,-10.390421,-9.661269,-3.683978,-14.696813,2.064425,-27.087158,-59.201111,-13.841575,-22.840170,-9.854090,-19.714577,-14.800419,-14.056543,-5.973890,-0.549881,-12.453836,-1.646198,-3.886869,-11.240367,3.001345,-11.993549,6.249774,3.565151,8064.000000,0.000000,4.000000,,,,0.000000,4.000000,4.000000,4.000000,4.000000,4.000000,4.000000,4.000000,4.000000,4.000000,4.000000,4.000000,4.000000,4.000000,4.000000,4.000000,4.000000,4.000000,4.000000,2.000000,4.000000,4.000000,4.000000,4.000000,4.000000,4.000000,4.000000,4.000000,4.000000,4.000000,4.000000,4.000000,4.000000,83.333336
1614076769.696270,99.000000,0.000000,-5.849524,-3.274543,7.287037,-10.415200,-4.345403,-9.143187,0.243259,-8.324108,-4.026999,-4.739005,-7.087505,-3.680294,-8.015449,2.062361,-13.726737,-26.834219,-9.212349,2.310876,-21.126287,-21.746143,-19.913822,-13.529667,-6.480737,-5.164716,-13.467024,-2.157373,-5.421443,-11.741947,-1.617041,-12.494376,6.243525,3.561586,8064.000000,0.000000,4.000000,,,,0.000000,4.000000,4.000000,4.000000,4.000000,4.000000,4.000000,4.000000,4.000000,4.000000,4.000000,4.000000,4.000000,4.000000,4.000000,4.000000,4.000000,4.000000,4.000000,2.000000,4.000000,4.000000,4.000000,4.000000,4.000000,4.000000,4.000000,4.000000,4.000000,4.000000,4.000000,4.000000,4.000000,83.333336
1614076769.703919,100.000000,0.000000,-1.741111,-2.758448,7.792571,-10.404785,-2.289776,-9.134043,0.243016,-6.264502,-3.510151,-4.221446,-5.541956,-3.676614,2.761797,2.573119,5.261349,1.397744,0.540453,11.539334,-4.694904,-17.109013,-5.022114,-1.721265,-5.448615,-6.698012,-11.915095,-1.129574,4.327568,-5.576359,-3.666706,-11.456241,6.750102,4.583665,8064.000000,0.000000,4.000000,,,,0.000000,4.000000,4.000000,4.000000,4.000000,4.000000,4.000000,4.000000,4.000000,4.000000,4.000000,4.000000,4.000000,4.000000,4.000000,4.000000,4.000000,4.000000,4.000000,2.000000,4.000000,4.000000,4.000000,4.000000,4.000000,4.000000,4.000000,4.000000,4.000000,4.000000,4.000000,4.000000,4.000000,83.333336
1614076769.711668,101.000000,0.000000,-1.739370,-2.755690,7.784779,-9.881559,-2.287486,-9.124909,0.242773,-2.668494,-7.609205,-7.806968,-9.126158,-4.185758,-3.907631,0.519263,-10.641349,-30.911346,1.052733,-20.267076,13.771329,-15.553443,6.777780,0.844559,-5.955986,-6.178494,-12.928822,-1.641265,9.451446,-3.519500,-2.637398,-11.957605,2.127967,3.040620,8064.000000,0.000000,4.000000,,,,0.000000,4.000000,4.000000,4.000000,4.000000,4.000000,4.000000,4.000000,4.000000,4.000000,4.000000,4.000000,4.000000,4.000000,4.000000,4.000000,4.000000,4.000000,4.000000,2.000000,4.000000,4.000000,4.000000,4.000000,4.000000,4.000000,4.000000,4.000000,4.000000,4.000000,4.000000,4.000000,4.000000,83.333336
1614076769.719317,102.000000,0.000000,-2.763271,-2.752934,7.264173,-9.871678,-2.798019,-9.115784,0.242530,-9.845312,-10.678519,-8.311981,-9.117032,-3.668751,-9.031928,-1.532538,-18.323015,-44.213768,-0.486781,-6.400656,13.244738,-13.999428,5.745361,9.048842,-5.950031,-6.172316,-12.915893,-1.639624,7.903533,-4.541622,-2.634761,-12.458467,-1.976725,-0.039344,8064.000000,0.000000,4.000000,,,,0.000000,4.000000,4.000000,4.000000,4.000000,4.000000,4.000000,4.000000,4.000000,4.000000,4.000000,4.000000,4.000000,4.000000,4.000000,4.000000,4.000000,4.000000,4.000000,2.000000,4.000000,4.000000,4.000000,4.000000,4.000000,4.000000,4.000000,4.000000,4.000000,4.000000,4.000000,4.000000,4.000000,83.333336
1614076769.727067,103.000000,0.000000,-1.734867,-2.750181,7.769730,-9.861807,-2.795221,-9.106668,0.242287,-13.425211,-10.155020,-7.278028,-5.518171,-4.177903,-2.356230,-1.531005,-0.868794,-11.349042,1.564988,26.426258,-5.742866,-12.446966,0.611410,10.578255,-6.456901,-6.166143,-12.390156,-1.125164,7.895629,-4.024260,-3.144947,-11.933188,-0.949107,0.473516,8064.000000,0.000000,4.000000,,,,0.000000,4.000000,4.000000,4.000000,4.000000,4.000000,4.000000,4.000000,4.000000,4.000000,4.000000,4.000000,4.000000,4.000000,4.000000,4.000000,4.000000,4.000000,4.000000,2.000000,4.000000,4.000000,4.000000,4.000000,4.000000,4.000000,4.000000,4.000000,4.000000,4.000000,4.000000,4.000000,4.000000,83.333336
1614076769.734716,104.000000,0.000000,-2.245953,-2.747431,8.274780,-9.851945,-2.279605,-9.097562,0.242045,0.947189,-10.144865,-7.783571,-4.487012,-3.660905,0.723049,-1.529474,-0.355105,-19.542820,1.050602,-5.907861,-18.557636,-13.972981,-4.517406,-10.457964,-5.424803,-6.159977,-12.377766,-1.124039,8.400554,-3.507415,-2.628981,-11.921256,-0.435338,-0.552598,8064.000000,0.000000,4.000000,,,,0.000000,4.000000,4.000000,4.000000,4.000000,4.000000,4.000000,4.000000,4.000000,4.000000,4.000000,4.000000,4.000000,4.000000,4.000000,4.000000,4.000000,4.000000,4.000000,2.000000,4.000000,4.000000,4.000000,4.000000,4.000000,4.000000,4.000000,4.000000,4.000000,4.000000,4.000000,4.000000,4.000000,83.333336
1614076769.742565,105.000000,0.000000,-2.243707,-2.744684,7.240864,-9.842093,-2.277326,-9.088464,0.241803,5.561626,-10.647541,-7.775787,-4.995346,-1.605962,-1.328956,-1.527945,-7.534237,-51.830971,0.536731,-27.440414,1.460921,-13.446188,-6.051351,-16.601353,-3.368096,-6.153817,-12.365388,-1.122915,8.392154,-4.016728,-2.626352,-11.396514,-2.999005,-7.731533,8064.000000,0.000000,4.000000,,,,0.000000,4.000000,4.000000,4.000000,4.000000,4.000000,4.000000,4.000000,4.000000,4.000000,4.000000,4.000000,4.000000,4.000000,4.000000,4.000000,4.000000,4.000000,4.000000,2.000000,4.000000,4.000000,4.000000,4.000000,4.000000,4.000000,4.000000,4.000000,4.000000,4.000000,4.000000,4.000000,4.000000,83.333336
1614076769.750314,106.000000,0.000000,-2.241463,-2.741939,4.669521,-10.345071,-6.890433,-9.079375,0.241561,-5.213166,-10.124072,-7.768011,-4.990350,0.446926,-0.814806,-1.526417,6.319451,-18.958626,3.613118,5.407539,25.562025,-6.766075,-6.045299,-1.712956,-2.339087,-6.147663,-12.353023,-0.608971,8.896582,-4.012712,-2.623726,-11.897938,-5.047288,-11.826365,8064.000000,0.000000,4.000000,,,,0.000000,4.000000,4.000000,4.000000,4.000000,4.000000,4.000000,4.000000,4.000000,4.000000,4.000000,4.000000,4.000000,4.000000,4.000000,4.000000,4.000000,4.000000,4.000000,2.000000,4.000000,4.000000,4.000000,4.000000,4.000000,4.000000,4.000000,4.000000,4.000000,4.000000,4.000000,4.000000,4.000000,83.333336
1614076769.758163,107.000000,0.000000,-2.239222,-2.739197,3.639210,-9.821906,-9.447645,-9.070296,0.241320,-4.182312,-10.113949,-7.760243,-4.985360,0.446479,-2.352453,-4.601814,6.825952,-3.042232,3.609504,14.120080,11.177488,-8.810591,-11.680280,-4.788167,-1.823928,-6.141515,-12.340670,-2.146824,3.246660,-4.008698,-2.108282,-11.886040,-5.042241,-10.276077,8064.000000,0.000000,4.000000,,,,0.000000,4.000000,4.000000,4.000000,4.000000,4.000000,4.000000,4.000000,4.000000,4.000000,4.000000,4.000000,4.000000,4.000000,4.000000,4.000000,4.000000,4.000000,4.000000,2.000000,4.000000,4.000000,4.000000,4.000000,4.000000,4.000000,4.000000,4.000000,4.000000,4.000000,4.000000,4.000000,4.000000,83.333336
1614076769.765912,108.000000,0.000000,-2.236982,-2.223637,4.148392,-9.812084,-7.386916,-9.061226,0.241078,-5.203771,-10.103834,-7.752483,-4.980374,-0.579608,-7.478306,-11.776699,-18.821899,-35.346882,-5.112054,-18.201733,-12.936254,-22.647934,-17.309626,-19.142353,-2.334924,-7.161015,-12.328329,-4.708779,-2.910433,-4.004690,-3.644635,-11.361334,-4.524378,-12.317083,8064.000000,0.000000,4.000000,,,,0.000000,4.000000,4.000000,4.000000,4.000000,4.000000,4.000000,4.000000,4.000000,4.000000,4.000000,4.000000,4.000000,4.000000,4.000000,4.000000,4.000000,4.000000,4.000000,2.000000,4.000000,4.000000,4.000000,4.000000,4.000000,4.000000,4.000000,4.000000,4.000000,4.000000,4.000000,4.000000,4.000000,83.333336
1614076769.773761,109.000000,0.000000,-2.234745,-3.247055,3.631423,-10.315092,-7.892349,-9.052165,0.240837,-19.044720,-10.093731,-8.257551,-5.488214,-0.579028,-10.034930,-14.329025,-29.059488,-59.414101,-12.799250,-29.465582,-10.872035,-25.702209,-17.292315,-19.636030,-4.383872,-9.717957,-12.316001,-5.216891,-4.445984,-4.000685,-5.692272,-12.888433,-5.032674,-17.945793,8064.000000,0.000000,4.000000,,,,0.000000,4.000000,4.000000,4.000000,4.000000,4.000000,4.000000,4.000000,4.000000,4.000000,4.000000,4.000000,4.000000,4.000000,4.000000,4.000000,4.000000,4.000000,4.000000,2.000000,4.000000,4.000000,4.000000,4.000000,4.000000,4.000000,4.000000,4.000000,4.000000,4.000000,4.000000,4.000000,4.000000,83.333336
1614076769.781510,110.000000,0.000000,-2.232511,-2.730987,3.627791,-9.791957,-9.935739,-9.043113,0.240596,-14.410291,-10.083637,-7.736473,-4.969906,0.447192,-7.460793,-7.648029,-15.184275,-26.534172,-8.171065,3.384396,-3.681676,-12.343174,-13.685279,-17.052292,-5.917949,-10.733880,-12.303684,-4.698854,-2.903077,-3.996685,-6.712221,-15.439648,-4.002000,-18.953487,8064.000000,0.000000,4.000000,,,,0.000000,4.000000,4.000000,4.000000,4.000000,4.000000,4.000000,4.000000,4.000000,4.000000,4.000000,4.000000,4.000000,4.000000,4.000000,4.000000,4.000000,4.000000,4.000000,2.000000,4.000000,4.000000,4.000000,4.000000,4.000000,4.000000,4.000000,4.000000,4.000000,4.000000,4.000000,4.000000,4.000000,83.333336
1614076769.789359,111.000000,0.000000,-1.717458,-0.164154,4.136984,-5.166780,-7.874521,-9.034069,0.240356,2.014375,-10.073553,-7.728736,-4.964936,-1.604538,-4.376409,0.564747,-5.938321,-0.866612,-2.009048,7.996397,-6.754917,-4.638523,-10.594671,-16.009600,-3.860749,-8.671864,-11.778561,-4.181334,-2.900174,-3.992688,-6.192688,-14.911387,-1.433896,-17.908894,8064.000000,0.000000,4.000000,,,,0.000000,4.000000,4.000000,4.000000,4.000000,4.000000,4.000000,4.000000,4.000000,4.000000,4.000000,4.000000,4.000000,4.000000,4.000000,4.000000,4.000000,4.000000,4.000000,2.000000,4.000000,4.000000,4.000000,4.000000,4.000000,4.000000,4.000000,4.000000,4.000000,4.000000,4.000000,4.000000,4.000000,83.333336
1614076769.797108,112.000000,0.000000,-3.254202,0.348831,3.107206,-2.597511,-7.353826,-9.025036,0.240116,-3.628664,-10.576301,-9.259469,-5.985612,-5.192677,-6.423314,2.615464,-12.599050,-33.173439,-7.135244,-24.319292,-3.158419,-7.710807,-9.558435,-9.326922,-2.318427,-6.611910,-12.792423,-5.715615,-4.435735,-3.988695,-6.699316,-12.332374,-0.406821,-18.916626,8064.000000,0.000000,4.000000,,,,0.000000,4.000000,4.000000,4.000000,4.000000,4.000000,4.000000,4.000000,4.000000,4.000000,4.000000,4.000000,4.000000,4.000000,4.000000,4.000000,4.000000,4.000000,4.000000,2.000000,4.000000,4.000000,4.000000,4.000000,4.000000,4.000000,4.000000,4.000000,4.000000,4.000000,4.000000,4.000000,4.000000,83.333336
1614076769.804957,113.000000,0.000000,-6.327870,-2.728441,4.129740,-3.107734,-6.320831,-9.528831,0.239875,-10.804523,-10.565724,-7.711748,-4.441165,0.453542,-2.827147,1.587208,-13.612091,-48.012058,-5.589648,-23.269331,6.075509,-6.164635,-6.984774,-1.112467,-1.803288,-6.092477,-12.266810,-5.709899,-1.867197,-3.984707,-6.692617,-11.807220,-0.919234,-18.384888,8064.000000,0.000000,4.000000,,,,0.000000,4.000000,4.000000,4.000000,4.000000,4.000000,4.000000,4.000000,4.000000,4.000000,4.000000,4.000000,4.000000,4.000000,4.000000,4.000000,4.000000,4.000000,4.000000,2.000000,4.000000,4.000000,4.000000,4.000000,4.000000,4.000000,4.000000,4.000000,4.000000,4.000000,4.000000,4.000000,4.000000,83.333336
1614076769.812706,114.000000,0.000000,-5.295902,-3.238533,9.253816,-2.078985,-2.211946,-9.006481,0.239636,2.539615,-7.991055,0.501092,0.178661,12.760780,11.534655,3.124082,5.888700,-15.143535,12.364660,9.574450,5.556613,-0.517445,-1.849584,3.504030,0.249797,-5.573565,-9.690440,-1.088804,6.339798,-3.980722,-6.173104,-11.795414,-0.918315,-14.263939,8064.000000,0.000000,4.000000,,,,0.000000,4.000000,4.000000,4.000000,4.000000,4.000000,4.000000,4.000000,4.000000,4.000000,4.000000,4.000000,4.000000,4.000000,4.000000,4.000000,4.000000,4.000000,4.000000,2.000000,4.000000,4.000000,4.000000,4.000000,4.000000,4.000000,4.000000,4.000000,4.000000,4.000000,4.000000,4.000000,4.000000,83.333336
1614076769.820555,115.000000,0.000000,-2.213683,-2.209653,12.321485,-2.589726,-5.286657,-8.997475,0.239396,10.742204,-6.957424,3.577514,3.255405,17.363403,16.651325,3.120958,17.164864,11.538276,17.480501,12.641799,-0.089969,-5.645133,-2.873376,-0.602038,2.300830,-2.491068,-10.193571,-2.113357,7.871920,-3.976741,-6.679751,-11.783618,-0.917397,-14.249675,8064.000000,0.000000,4.000000,,,,0.000000,4.000000,4.000000,4.000000,4.000000,4.000000,4.000000,4.000000,4.000000,4.000000,4.000000,4.000000,4.000000,4.000000,4.000000,4.000000,4.000000,4.000000,4.000000,2.000000,4.000000,4.000000,4.000000,4.000000,4.000000,4.000000,4.000000,4.000000,4.000000,4.000000,4.000000,4.000000,4.000000,83.333336
1614076769.828304,116.000000,0.000000,-3.749930,-3.233085,10.770701,-3.612778,-5.794191,-10.014118,0.751977,7.654538,-5.412004,3.061116,2.226509,13.756297,8.429545,2.092196,6.378467,-8.473263,3.616866,-6.345202,-2.141161,-13.844615,-9.537169,-11.370667,1.785708,-3.514218,-12.234659,-8.777910,1.710202,-3.972764,-6.160251,-12.284655,-0.916479,-15.773887,8064.000000,0.000000,4.000000,,,,0.000000,4.000000,4.000000,4.000000,4.000000,4.000000,4.000000,4.000000,4.000000,4.000000,4.000000,4.000000,4.000000,4.000000,4.000000,4.000000,4.000000,4.000000,4.000000,2.000000,4.000000,4.000000,4.000000,4.000000,4.000000,4.000000,4.000000,4.000000,4.000000,4.000000,4.000000,4.000000,4.000000,83.333336
1614076769.836153,117.000000,0.000000,-4.771821,-0.665749,14.862495,3.057502,7.544936,-6.414361,3.315328,9.698166,0.234433,9.211901,3.762744,14.768182,9.959578,7.218309,6.372089,-19.746841,0.536326,6.481656,-2.139020,-6.138463,-3.373786,-5.718271,1.271102,-6.587626,-8.119861,-0.564004,2.734133,-3.968792,-1.538706,-8.682627,-0.915563,-6.527344,8064.000000,0.000000,4.000000,,,,0.000000,4.000000,4.000000,4.000000,4.000000,4.000000,4.000000,4.000000,4.000000,4.000000,4.000000,4.000000,4.000000,4.000000,4.000000,4.000000,4.000000,4.000000,4.000000,2.000000,4.000000,4.000000,4.000000,4.000000,4.000000,4.000000,4.000000,4.000000,4.000000,4.000000,4.000000,4.000000,4.000000,83.333336
1614076769.843902,118.000000,0.000000,-2.715768,4.463122,22.027119,11.259572,16.255341,1.797182,4.337653,10.201288,6.388045,13.818073,6.323084,16.804695,13.539361,11.313655,14.570845,-4.342478,6.176816,30.577738,-1.624061,1.047163,5.347537,10.184883,1.782652,-5.555398,-4.521997,15.846817,7.859604,-3.964823,1.539756,-2.520098,-0.914647,3.735594,8064.000000,0.000000,4.000000,,,,0.000000,4.000000,4.000000,4.000000,4.000000,4.000000,4.000000,4.000000,4.000000,4.000000,4.000000,4.000000,4.000000,4.000000,4.000000,4.000000,4.000000,4.000000,4.000000,2.000000,4.000000,4.000000,4.000000,4.000000,4.000000,4.000000,4.000000,4.000000,4.000000,4.000000,4.000000,4.000000,4.000000,83.333336
1614076769.851551,119.000000,0.000000,-5.277154,4.458659,18.928169,7.658569,9.059598,5.897949,2.282034,2.498779,5.356016,5.599127,4.778299,9.095583,4.295053,4.122854,1.222941,-6.389418,0.016793,22.854853,-2.648078,-9.723115,-5.427042,2.482391,1.780869,-2.472919,-7.081577,14.292508,6.313283,-3.960858,1.538216,-1.491937,-0.913733,3.731858,8064.000000,0.000000,4.000000,,,,0.000000,4.000000,4.000000,4.000000,4.000000,4.000000,4.000000,4.000000,4.000000,4.000000,4.000000,4.000000,4.000000,4.000000,4.000000,4.000000,4.000000,4.000000,4.000000,2.000000,4.000000,4.000000,4.000000,4.000000,4.000000,4.000000,4.000000,4.000000,4.000000,4.000000,4.000000,4.000000,4.000000,83.333336
1614076769.859300,120.000000,0.000000,-9.887262,1.377277,11.216933,1.497064,3.409512,2.815128,0.228470,-5.708848,-0.803187,-1.585959,-1.380325,-4.759666,-4.940012,-4.599217,-13.137257,-28.947132,-10.239635,-4.347489,-9.312097,-20.995443,-20.293409,-13.930348,-2.323476,-5.547369,-9.125778,0.944882,3.742867,-3.956897,1.023857,-4.567368,-0.912819,-0.374438,8064.000000,0.000000,4.000000,,,,0.000000,4.000000,4.000000,4.000000,4.000000,4.000000,4.000000,4.000000,4.000000,4.000000,4.000000,4.000000,4.000000,4.000000,4.000000,4.000000,4.000000,4.000000,4.000000,2.000000,4.000000,4.000000,4.000000,4.000000,4.000000,4.000000,4.000000,4.000000,4.000000,4.000000,4.000000,4.000000,4.000000,83.333336
1614076769.866950,121.000000,0.000000,-5.261990,0.863079,11.718537,3.546849,4.944564,1.273851,0.228241,-11.344165,-5.930588,-0.558732,-4.968688,-9.883111,-7.499174,-6.133080,-13.124120,-51.995106,-12.280677,-27.420065,-14.430989,-21.487268,-22.324398,-13.403597,-6.423717,-10.157207,-8.603831,-2.645806,3.739124,-3.952940,2.048475,-4.562801,-0.911906,0.651578,8064.000000,0.000000,4.000000,,,,0.000000,4.000000,4.000000,4.000000,4.000000,4.000000,4.000000,4.000000,4.000000,4.000000,4.000000,4.000000,4.000000,4.000000,4.000000,4.000000,4.000000,4.000000,4.000000,2.000000,4.000000,4.000000,4.000000,4.000000,4.000000,4.000000,4.000000,4.000000,4.000000,4.000000,4.000000,4.000000,4.000000,83.333336
1614076769.874699,122.000000,0.000000,1.409939,-0.676245,17.860664,4.056123,4.939620,2.811038,0.228013,-10.307179,-6.950299,-0.045353,-5.476541,-5.257844,-8.004496,-4.588485,-15.162277,-70.404648,-9.191473,-38.161877,-8.775533,-19.927320,-19.737970,-6.210706,-5.904472,-10.147050,-8.595228,-0.079058,4.761026,-3.948987,1.020785,-4.045417,-0.910994,1.163747,8064.000000,0.000000,4.000000,,,,0.000000,4.000000,4.000000,4.000000,4.000000,4.000000,4.000000,4.000000,4.000000,4.000000,4.000000,4.000000,4.000000,4.000000,4.000000,4.000000,4.000000,4.000000,4.000000,2.000000,4.000000,4.000000,4.000000,4.000000,4.000000,4.000000,4.000000,4.000000,4.000000,4.000000,4.000000,4.000000,4.000000,83.333336
1614076769.882348,123.000000,0.000000,1.921349,-2.726851,18.355625,0.975144,3.909039,1.269766,0.227785,0.472358,-6.430528,-1.070949,-4.958243,-1.662842,-1.329824,-5.609538,-9.506089,-55.462452,-3.028435,-22.226278,-0.561629,-9.650982,-11.513104,-0.050650,-5.898568,-7.059979,-7.048171,-1.104620,6.294726,-3.945038,1.532585,-4.554193,-0.910083,0.136942,8064.000000,0.000000,4.000000,,,,0.000000,4.000000,4.000000,4.000000,4.000000,4.000000,4.000000,4.000000,4.000000,4.000000,4.000000,4.000000,4.000000,4.000000,4.000000,4.000000,4.000000,4.000000,4.000000,2.000000,4.000000,4.000000,4.000000,4.000000,4.000000,4.000000,4.000000,4.000000,4.000000,4.000000,4.000000,4.000000,4.000000,83.333336
1614076769.890097,124.000000,0.000000,1.919428,-3.236945,17.824448,-0.051472,3.905130,-1.295606,0.227557,7.651373,-6.936918,-1.069878,-5.466105,-1.148359,5.850993,-4.578287,5.375212,-22.586475,0.564337,0.872872,2.515856,4.204823,4.395844,5.077606,-5.892669,-5.514458,-2.425738,-2.129156,7.826893,-3.941093,1.531052,-4.549638,-0.909173,0.136805,8064.000000,0.000000,4.000000,,,,0.000000,4.000000,4.000000,4.000000,4.000000,4.000000,4.000000,4.000000,4.000000,4.000000,4.000000,4.000000,4.000000,4.000000,4.000000,4.000000,4.000000,4.000000,4.000000,2.000000,4.000000,4.000000,4.000000,4.000000,4.000000,4.000000,4.000000,4.000000,4.000000,4.000000,4.000000,4.000000,4.000000,83.333336
1614076769.897746,125.000000,0.000000,0.379047,-2.720887,18.319445,1.487041,4.414045,-2.319952,0.227329,4.566799,-6.929981,-0.555987,-5.460639,-0.121570,4.819500,-2.522427,4.344195,-22.563889,-0.974689,9.077127,1.487699,0.610874,8.494013,1.995606,-4.348315,-2.944841,-0.884851,-1.101386,7.819067,-3.937152,-2.060223,-4.545089,-0.908264,-0.376152,8064.000000,0.000000,4.000000,,,,0.000000,4.000000,4.000000,4.000000,4.000000,4.000000,4.000000,4.000000,4.000000,4.000000,4.000000,4.000000,4.000000,4.000000,4.000000,4.000000,4.000000,4.000000,4.000000,2.000000,4.000000,4.000000,4.000000,4.000000,4.000000,4.000000,4.000000,4.000000,4.000000,4.000000,4.000000,4.000000,4.000000,83.333336
1614076769.905495,126.000000,0.000000,-4.236717,-2.718167,18.301125,0.972733,4.409631,-1.804811,0.227102,-0.053153,-6.410231,-0.042611,-4.942358,-0.121448,3.276220,-0.468622,-4.890918,-30.233633,-3.024997,10.093691,-4.154814,-12.723070,0.280390,-2.621775,-4.343967,-2.429075,-3.448069,-1.100285,7.811247,-3.933215,-6.160727,-4.540544,-0.907356,-2.939879,8064.000000,0.000000,4.000000,,,,0.000000,4.000000,4.000000,4.000000,4.000000,4.000000,4.000000,4.000000,4.000000,4.000000,4.000000,4.000000,4.000000,4.000000,4.000000,4.000000,4.000000,4.000000,4.000000,2.000000,4.000000,4.000000,4.000000,4.000000,4.000000,4.000000,4.000000,4.000000,4.000000,4.000000,4.000000,4.000000,4.000000,83.333336
1614076769.913144,127.000000,0.000000,-6.796583,-2.715448,18.282824,0.971761,4.405222,-1.803006,0.226875,0.972542,-6.916641,-1.581030,-5.450236,-0.634147,2.247302,-3.032256,-5.398848,-17.895706,-4.047613,-3.249736,-9.791685,-20.402655,-7.925018,-4.157614,-5.878085,-4.477929,-4.470262,-1.612005,7.803436,-3.929282,-6.667386,-4.536003,-0.906448,-3.962580,8064.000000,0.000000,4.000000,,,,0.000000,4.000000,4.000000,4.000000,4.000000,4.000000,4.000000,4.000000,4.000000,4.000000,4.000000,4.000000,4.000000,4.000000,4.000000,4.000000,4.000000,4.000000,4.000000,2.000000,4.000000,4.000000,4.000000,4.000000,4.000000,4.000000,4.000000,4.000000,4.000000,4.000000,4.000000,4.000000,4.000000,83.333336
1614076769.920893,0.000000,0.000000,-5.764145,-2.712733,18.264542,0.970789,4.400816,-2.314024,0.226648,2.510031,-6.396904,-4.143551,-4.931966,0.904949,2.757875,-6.618968,-5.393449,-22.493196,-3.017924,-21.195204,-9.781894,-21.920713,-10.994017,-3.640636,-6.385027,-6.011912,-5.491433,-1.097572,7.282812,-3.925353,-6.147898,-4.531467,-0.905542,-3.445797,0.000000,191.000000,4.000000,,,,0.000000,4.000000,4.000000,4.000000,4.000000,4.000000,4.000000,4.000000,4.000000,4.000000,4.000000,4.000000,4.000000,4.000000,4.000000,4.000000,4.000000,4.000000,4.000000,2.000000,4.000000,4.000000,4.000000,4.000000,4.000000,4.000000,4.000000,4.000000,4.000000,4.000000,4.000000,4.000000,4.000000,83.333336
1614076769.928543,1.000000,0.000000,-5.758381,-2.710020,18.246277,0.969818,4.396416,-1.798889,0.226421,4.045982,-4.339225,-4.652228,-1.850111,5.519428,13.011528,1.592780,5.381176,-29.650190,4.677402,-3.225291,-5.669548,-13.693665,-4.316356,10.721979,-5.353001,-6.005900,-4.973121,-1.096475,8.301170,-3.921427,-5.628930,-4.014115,-0.904636,-3.955172,0.000000,216.000000,4.000000,,,,0.000000,4.000000,4.000000,4.000000,4.000000,4.000000,4.000000,4.000000,4.000000,4.000000,4.000000,4.000000,4.000000,4.000000,4.000000,4.000000,4.000000,4.000000,4.000000,2.000000,4.000000,4.000000,4.000000,4.000000,4.000000,4.000000,4.000000,4.000000,4.000000,4.000000,4.000000,4.000000,4.000000,83.333336
1614076769.936292,2.000000,0.000000,-6.265443,-2.707310,18.228031,0.968848,4.904840,-1.797091,0.226195,4.041936,-2.283603,-4.134756,1.741483,8.078012,23.767748,15.437341,25.375793,-2.441053,11.339391,29.598448,2.541250,3.755926,10.046935,25.070230,1.319019,-3.435792,1.185699,-1.608199,10.344151,-2.379044,-3.572019,-4.010101,-0.903732,-2.412755,0.000000,199.000000,4.000000,,,,0.000000,4.000000,4.000000,4.000000,4.000000,4.000000,4.000000,4.000000,4.000000,4.000000,4.000000,4.000000,4.000000,4.000000,4.000000,4.000000,4.000000,4.000000,4.000000,2.000000,4.000000,4.000000,4.000000,4.000000,4.000000,4.000000,4.000000,4.000000,4.000000,4.000000,4.000000,4.000000,4.000000,83.333336
1614076769.943941,3.000000,0.000000,-5.746357,-2.704603,18.209803,0.967879,4.899935,-1.795293,0.225969,4.037894,-2.794140,-4.130621,2.765383,7.044292,21.179876,16.960365,21.760675,7.304978,12.353692,28.543207,10.743837,13.495760,16.703554,15.814391,12.599751,4.259952,5.799898,-0.068129,12.385089,-0.325383,-2.029985,-5.031732,-0.902828,2.205043,0.000000,187.000000,4.000000,,,,0.000000,4.000000,4.000000,4.000000,4.000000,4.000000,4.000000,4.000000,4.000000,4.000000,4.000000,4.000000,4.000000,4.000000,4.000000,4.000000,4.000000,4.000000,4.000000,2.000000,4.000000,4.000000,4.000000,4.000000,4.000000,4.000000,4.000000,4.000000,4.000000,4.000000,4.000000,4.000000,4.000000,83.333336
1614076769.951690,4.000000,0.000000,-5.740611,-2.189078,18.191593,0.966911,4.382215,-1.793498,0.225743,4.033856,-2.791346,-4.126490,2.249797,7.037248,17.056133,13.353661,1.738914,-25.010019,11.828518,9.027485,12.784375,12.969444,16.686852,4.003706,16.689716,11.947999,3.742816,1.470401,14.423986,-0.325058,-2.540776,-4.513880,0.636536,4.766940,0.000000,192.000000,4.000000,,,,0.000000,4.000000,4.000000,4.000000,4.000000,4.000000,4.000000,4.000000,4.000000,4.000000,4.000000,4.000000,4.000000,4.000000,4.000000,4.000000,4.000000,4.000000,4.000000,2.000000,4.000000,4.000000,4.000000,4.000000,4.000000,4.000000,4.000000,4.000000,4.000000,4.000000,4.000000,4.000000,4.000000,83.333336
1614076769.959339,5.000000,0.000000,-6.247691,-2.699709,18.173401,0.965945,4.890653,-2.304525,-0.287303,4.029822,-2.788555,-4.122364,2.247547,7.543031,16.013435,12.314666,-4.416671,-37.292702,10.278228,3.890253,12.258770,8.853910,14.618882,9.127907,12.057641,12.961693,3.226252,2.494571,15.435204,-0.324733,-2.025414,-3.996545,3.712823,4.249352,0.000000,204.000000,4.000000,,,,0.000000,4.000000,4.000000,4.000000,4.000000,4.000000,4.000000,4.000000,4.000000,4.000000,4.000000,4.000000,4.000000,4.000000,4.000000,4.000000,4.000000,4.000000,4.000000,2.000000,4.000000,4.000000,4.000000,4.000000,4.000000,4.000000,4.000000,4.000000,4.000000,4.000000,4.000000,4.000000,4.000000,83.333336
1614076769.967188,6.000000,0.000000,-5.728622,-4.748291,17.642406,0.964979,4.372942,-1.789400,0.225804,4.025793,-5.349869,-4.631062,2.758120,7.022668,10.869217,1.533121,0.203130,-8.024639,5.652565,12.091491,12.246511,2.691211,6.399135,11.170061,8.455840,10.897449,-0.366717,3.517718,13.881307,-0.324408,-2.536210,-7.582292,3.196290,2.706642,0.000000,191.000000,4.000000,,,,0.000000,4.000000,4.000000,4.000000,4.000000,4.000000,4.000000,4.000000,4.000000,4.000000,4.000000,4.000000,4.000000,4.000000,4.000000,4.000000,4.000000,4.000000,4.000000,2.000000,4.000000,4.000000,4.000000,4.000000,4.000000,4.000000,4.000000,4.000000,4.000000,4.000000,4.000000,4.000000,4.000000,83.333336
1614076769.974937,7.000000,0.000000,-5.722894,-6.282005,18.137585,0.964014,0.266005,-1.787611,0.225579,5.047408,-6.882981,-4.113610,2.242541,7.015645,6.242963,-12.314567,-0.309893,-7.503794,3.595631,9.002476,1.977855,-1.414045,-4.889315,3.979404,8.960204,8.835269,-11.648402,1.462918,11.816143,-0.324084,-5.097776,-12.702915,-1.422291,-1.398629,0.000000,166.000000,4.000000,,,,0.000000,4.000000,4.000000,4.000000,4.000000,4.000000,4.000000,4.000000,4.000000,4.000000,4.000000,4.000000,4.000000,4.000000,4.000000,4.000000,4.000000,4.000000,4.000000,2.000000,4.000000,4.000000,4.000000,4.000000,4.000000,4.000000,4.000000,4.000000,4.000000,4.000000,4.000000,4.000000,4.000000,83.333336
1614076769.982786,8.000000,0.000000,-6.742812,-6.788543,18.119448,0.963050,-5.375287,-2.811464,-0.287467,3.503899,-6.363277,-4.109497,2.240299,7.008629,4.698259,-14.353534,-6.463429,-39.803982,3.592035,-20.750116,-12.383098,-3.463913,-7.961349,2.436963,8.951244,6.775152,-15.739318,-1.615468,10.778686,-0.323759,-6.631140,-10.126109,-4.497792,-4.474154,0.000000,194.000000,4.000000,,,,0.000000,4.000000,4.000000,4.000000,4.000000,4.000000,4.000000,4.000000,4.000000,4.000000,4.000000,4.000000,4.000000,4.000000,4.000000,4.000000,4.000000,4.000000,4.000000,2.000000,4.000000,4.000000,4.000000,4.000000,4.000000,4.000000,4.000000,4.000000,4.000000,4.000000,4.000000,4.000000,4.000000,83.333336
1614076769.990535,9.000000,0.000000,-4.684787,-6.781755,17.588507,0.962086,-5.882732,-1.270191,0.738461,2.987574,-6.869734,-4.618207,2.238058,7.001621,6.232022,-6.646873,-4.405684,-52.071873,3.588443,-30.985777,-3.652766,-3.973269,-5.389285,3.972987,8.429473,4.717095,-8.031271,2.488712,10.767907,-0.323436,-6.111688,-4.987778,-2.442012,-2.931218,0.000000,201.000000,4.000000,,,,0.000000,4.000000,4.000000,4.000000,4.000000,4.000000,4.000000,4.000000,4.000000,4.000000,4.000000,4.000000,4.000000,4.000000,4.000000,4.000000,4.000000,4.000000,4.000000,2.000000,4.000000,4.000000,4.000000,4.000000,4.000000,4.000000,4.000000,4.000000,4.000000,4.000000,4.000000,4.000000,4.000000,83.333336
1614076769.998384,10.000000,0.000000,0.448103,-2.672409,18.596560,4.038047,-3.312747,3.859284,5.865928,8.112792,-5.324403,-0.511025,2.235820,6.994619,12.379636,4.641826,10.470516,-19.199287,4.610496,1.865722,19.940630,-0.892373,-3.332614,3.969014,8.421043,4.199557,-3.920675,9.665710,12.295601,-0.323112,-6.105577,-3.957150,-0.388288,-0.364184,0.000000,203.000000,4.000000,,,,0.000000,4.000000,4.000000,4.000000,4.000000,4.000000,4.000000,4.000000,4.000000,4.000000,4.000000,4.000000,4.000000,4.000000,4.000000,4.000000,4.000000,4.000000,4.000000,2.000000,4.000000,4.000000,4.000000,4.000000,4.000000,4.000000,4.000000,4.000000,4.000000,4.000000,4.000000,4.000000,4.000000,83.333336
1614076770.006133,11.000000,0.000000,2.498937,1.432828,20.629246,7.623753,-2.796614,5.906707,7.911344,6.566218,-3.267797,3.079229,2.746405,6.987625,14.931359,10.278210,12.511328,3.384015,1.528962,22.889498,18.382229,-4.994045,-2.816461,5.503507,7.386981,4.708178,-5.455216,7.604762,10.744843,-0.322789,-6.099471,-4.466013,-1.413541,0.149001,0.000000,179.000000,4.000000,,,,0.000000,4.000000,4.000000,4.000000,4.000000,4.000000,4.000000,4.000000,4.000000,4.000000,4.000000,4.000000,4.000000,4.000000,4.000000,4.000000,4.000000,4.000000,4.000000,2.000000,4.000000,4.000000,4.000000,4.000000,4.000000,4.000000,4.000000,4.000000,4.000000,4.000000,4.000000,4.000000,4.000000,83.333336
1614076770.013982,12.000000,0.000000,1.983617,1.431395,21.634258,7.616129,-3.306638,5.900800,7.903432,-6.260861,-2.238888,1.537688,2.230838,6.980637,9.275402,7.191008,-3.911440,-18.157829,-4.113593,-7.389802,-6.764359,-15.758282,-2.300824,8.062106,4.815492,4.703470,-5.449761,1.443311,7.657176,-0.322466,-6.093371,-4.461547,-1.412127,0.148852,0.000000,191.000000,4.000000,,,,0.000000,4.000000,4.000000,4.000000,4.000000,4.000000,4.000000,4.000000,4.000000,4.000000,4.000000,4.000000,4.000000,4.000000,4.000000,4.000000,4.000000,4.000000,4.000000,2.000000,4.000000,4.000000,4.000000,4.000000,4.000000,4.000000,4.000000,4.000000,4.000000,4.000000,4.000000,4.000000,4.000000,83.333336
1614076770.021731,13.000000,0.000000,2.494454,0.917143,21.612623,5.557231,-2.790510,5.382079,7.895529,-6.254601,-2.749470,0.510510,2.741428,6.973656,6.702024,3.594074,-5.445990,-18.139673,-0.006915,-16.100361,-12.398620,-9.075856,-1.785702,9.079685,4.810676,4.698766,-3.905850,3.493150,12.264903,-0.322144,-6.087278,-3.944265,-0.897895,0.661523,0.000000,197.000000,4.000000,,,,0.000000,4.000000,4.000000,4.000000,4.000000,4.000000,4.000000,4.000000,4.000000,4.000000,4.000000,4.000000,4.000000,4.000000,4.000000,4.000000,4.000000,4.000000,4.000000,2.000000,4.000000,4.000000,4.000000,4.000000,4.000000,4.000000,4.000000,4.000000,4.000000,4.000000,4.000000,4.000000,4.000000,83.333336
1614076770.029580,14.000000,0.000000,0.440678,1.429046,21.591011,3.500392,-4.326181,2.299774,5.836351,5.033705,-2.746720,-2.566924,2.738686,6.966683,8.746604,2.052018,6.867148,-14.018969,7.685400,-2.750928,-2.642632,9.907578,-1.783917,7.019323,5.318686,4.694067,-4.927585,6.566580,17.380844,-0.321822,-6.081191,-4.453141,-0.896997,-0.877600,0.000000,175.000000,4.000000,,,,0.000000,4.000000,4.000000,4.000000,4.000000,4.000000,4.000000,4.000000,4.000000,4.000000,4.000000,4.000000,4.000000,4.000000,4.000000,4.000000,4.000000,4.000000,4.000000,2.000000,4.000000,4.000000,4.000000,4.000000,4.000000,4.000000,4.000000,4.000000,4.000000,4.000000,4.000000,4.000000,4.000000,83.333336
1614076770.037329,15.000000,0.000000,-2.123866,-2.162126,21.056599,1.445609,-6.373137,-2.317911,0.702310,-0.612354,-2.743973,-13.333588,-0.340976,7.472537,5.148114,-4.616701,5.834641,-25.287001,6.139253,-5.825100,-3.152809,11.948953,-3.320594,3.935381,4.287726,4.689373,-4.922657,5.534372,12.748078,-0.321500,-6.075109,-6.499970,-1.408920,-3.440825,0.000000,214.000000,4.000000,,,,0.000000,4.000000,4.000000,4.000000,4.000000,4.000000,4.000000,4.000000,4.000000,4.000000,4.000000,4.000000,4.000000,4.000000,4.000000,4.000000,4.000000,4.000000,4.000000,2.000000,4.000000,4.000000,4.000000,4.000000,4.000000,4.000000,4.000000,4.000000,4.000000,4.000000,4.000000,4.000000,4.000000,83.333336
1614076770.045178,16.000000,0.000000,-1.096101,-6.775349,21.035542,0.418523,-6.879585,-2.315593,-0.324033,-11.893793,-2.741229,-19.474100,-4.956019,5.926602,2.578863,-8.714648,-0.325040,-17.569407,4.594652,-3.255172,-0.072734,3.219055,-1.778812,5.469907,5.309080,4.684684,-4.404914,2.964736,6.581484,-0.321178,-6.069035,-8.031932,-0.894691,-3.950204,0.000000,184.000000,4.000000,,,,0.000000,4.000000,4.000000,4.000000,4.000000,4.000000,4.000000,4.000000,4.000000,4.000000,4.000000,4.000000,4.000000,4.000000,4.000000,4.000000,4.000000,4.000000,4.000000,2.000000,4.000000,4.000000,4.000000,4.000000,4.000000,4.000000,4.000000,4.000000,4.000000,4.000000,4.000000,4.000000,4.000000,83.333336
1614076770.052928,17.000000,0.000000,-4.684748,-6.255753,21.527327,0.930925,-6.359885,-1.800457,0.189111,-10.856258,-2.738488,-19.454626,-8.027987,3.356573,0.012182,-9.218754,-5.965741,-28.833889,5.102878,-7.867301,6.081185,-1.399549,-1.777033,3.925976,5.303771,4.679999,-5.938971,0.397668,6.574902,-0.320857,-6.575786,-8.536720,-0.893796,-3.433434,0.000000,178.000000,4.000000,,,,0.000000,4.000000,4.000000,4.000000,4.000000,4.000000,4.000000,4.000000,4.000000,4.000000,4.000000,4.000000,4.000000,4.000000,4.000000,4.000000,4.000000,4.000000,4.000000,2.000000,4.000000,4.000000,4.000000,4.000000,4.000000,4.000000,4.000000,4.000000,4.000000,4.000000,4.000000,4.000000,4.000000,83.333336
1614076770.060777,18.000000,0.000000,-13.398012,-3.685395,20.480160,0.417173,-6.866345,-2.311477,0.188922,-10.845402,-2.735749,-19.947992,-9.558420,2.840396,-6.141676,-11.773638,-13.139262,-61.112747,-2.594533,-22.218409,-6.745409,-8.577637,-7.929102,-8.385643,0.170261,4.675320,-8.497134,-1.141191,4.517045,-0.320536,-6.056390,-8.015363,-1.405723,-4.455641,0.000000,216.000000,4.000000,,,,0.000000,4.000000,4.000000,4.000000,4.000000,4.000000,4.000000,4.000000,4.000000,4.000000,4.000000,4.000000,4.000000,4.000000,4.000000,4.000000,4.000000,4.000000,4.000000,2.000000,4.000000,4.000000,4.000000,4.000000,4.000000,4.000000,4.000000,4.000000,4.000000,4.000000,4.000000,4.000000,4.000000,83.333336
1614076770.068526,19.000000,0.000000,-11.846152,-2.143248,21.998140,1.442397,-6.859479,-2.309165,-0.324087,-8.783275,-2.733014,-15.825480,-6.471938,3.350376,1.043952,-2.018274,-2.869713,-33.359325,-4.130400,-3.734652,-13.405330,-13.184443,-7.408353,-14.531103,-1.368370,4.670644,-8.488637,-1.652870,3.486887,-0.320216,-3.999051,-6.981707,0.134144,-0.861442,0.000000,201.000000,4.000000,,,,0.000000,4.000000,4.000000,4.000000,4.000000,4.000000,4.000000,4.000000,4.000000,4.000000,4.000000,4.000000,4.000000,4.000000,4.000000,4.000000,4.000000,4.000000,4.000000,2.000000,4.000000,4.000000,4.000000,4.000000,4.000000,4.000000,4.000000,4.000000,4.000000,4.000000,4.000000,4.000000,4.000000,83.333336
1614076770.076175,20.000000,0.000000,-3.116358,-0.089822,28.642809,4.517878,-2.750055,-0.768394,0.189057,0.456278,-2.730281,-6.066065,-1.850082,3.347026,15.401883,13.368360,12.004951,-5.120839,2.540397,0.884468,2.505511,-13.684079,5.419568,-11.439650,1.197101,4.153153,-5.403225,-1.138397,6.560323,-0.319896,-1.943770,-4.410622,3.723754,6.318907,0.000000,171.000000,4.000000,,,,0.000000,4.000000,4.000000,4.000000,4.000000,4.000000,4.000000,4.000000,4.000000,4.000000,4.000000,4.000000,4.000000,4.000000,4.000000,4.000000,4.000000,4.000000,4.000000,2.000000,4.000000,4.000000,4.000000,4.000000,4.000000,4.000000,4.000000,4.000000,4.000000,4.000000,4.000000,4.000000,4.000000,83.333336
1614076770.083924,21.000000,0.000000,-3.113241,1.448729,32.203911,5.026180,0.842438,1.796476,0.188868,1.481463,-2.727551,-2.983076,-0.822591,3.343679,13.848020,6.175504,1.223716,-37.423409,-5.154451,-31.424109,7.118391,-21.362703,8.491072,-13.479491,-3.932302,5.174641,-4.372181,-1.137259,6.040943,-0.319576,-1.941826,-3.893391,6.284132,8.363870,0.000000,203.000000,4.000000,,,,0.000000,4.000000,4.000000,4.000000,4.000000,4.000000,4.000000,4.000000,4.000000,4.000000,4.000000,4.000000,4.000000,4.000000,4.000000,4.000000,4.000000,4.000000,4.000000,2.000000,4.000000,4.000000,4.000000,4.000000,4.000000,4.000000,4.000000,4.000000,4.000000,4.000000,4.000000,4.000000,4.000000,83.333336
1614076770.091573,22.000000,0.000000,-5.674231,0.934460,27.043501,4.508334,1.354416,2.307501,0.188679,-6.212326,-2.724823,-3.492913,-1.334589,3.340335,5.629043,-4.087082,-7.495457,-44.052654,-14.892886,-20.623455,-1.093856,-22.366982,1.303094,-11.927550,-9.569395,5.169466,-4.880630,-1.136121,3.983619,-0.319256,-2.452705,-4.915139,6.277848,7.329865,0.000000,191.000000,4.000000,,,,0.000000,4.000000,4.000000,4.000000,4.000000,4.000000,4.000000,4.000000,4.000000,4.000000,4.000000,4.000000,4.000000,4.000000,4.000000,4.000000,4.000000,4.000000,4.000000,2.000000,4.000000,4.000000,4.000000,4.000000,4.000000,4.000000,4.000000,4.000000,4.000000,4.000000,4.000000,4.000000,4.000000,83.333336
1614076770.099322,23.000000,0.000000,-3.104454,0.933525,25.477995,5.529467,1.865883,1.792372,0.188491,-7.744576,-2.209278,-2.976599,-1.333254,3.336995,5.623414,7.199056,3.281270,-11.188087,-5.134403,12.217682,1.984161,-10.549743,1.301790,0.392069,-3.405979,2.600194,-4.362928,-1.134985,3.466815,-0.318937,-1.937432,-3.884583,6.271571,8.348176,0.000000,196.000000,4.000000,,,,0.000000,4.000000,4.000000,4.000000,4.000000,4.000000,4.000000,4.000000,4.000000,4.000000,4.000000,4.000000,4.000000,4.000000,4.000000,4.000000,4.000000,4.000000,4.000000,2.000000,4.000000,4.000000,4.000000,4.000000,4.000000,4.000000,4.000000,4.000000,4.000000,4.000000,4.000000,4.000000,4.000000,83.333336
1614076770.106971,24.000000,0.000000,-3.101349,0.932592,24.426876,2.447014,-0.187265,1.790580,0.188302,-5.685549,-4.258350,-7.076187,-2.870382,3.333658,5.617791,3.089293,-0.311755,-28.612797,5.127141,-10.871459,4.033459,-4.898167,1.813309,3.981421,2.751273,1.571953,-5.897027,-1.133850,4.488990,-0.831438,-1.935494,-3.880698,6.265299,5.262905,0.000000,199.000000,4.000000,,,,0.000000,4.000000,4.000000,4.000000,4.000000,4.000000,4.000000,4.000000,4.000000,4.000000,4.000000,4.000000,4.000000,4.000000,4.000000,4.000000,4.000000,4.000000,4.000000,2.000000,4.000000,4.000000,4.000000,4.000000,4.000000,4.000000,4.000000,4.000000,4.000000,4.000000,4.000000,4.000000,4.000000,83.333336
1614076770.114720,25.000000,0.000000,-5.149530,0.931659,15.171680,-2.170818,-9.417848,1.788790,0.188114,-6.705504,-6.305374,-14.248598,-4.918794,3.330324,2.022429,-22.042002,-11.080674,-60.891876,5.634835,-41.116997,-3.662883,-3.867628,-5.880812,2.438978,1.210060,4.647304,-10.506515,-1.132716,3.971680,-0.317787,-4.497662,-8.492202,6.259034,-1.409025,0.000000,214.000000,4.000000,,,,0.000000,4.000000,4.000000,4.000000,4.000000,4.000000,4.000000,4.000000,4.000000,4.000000,4.000000,4.000000,4.000000,4.000000,4.000000,4.000000,4.000000,4.000000,4.000000,2.000000,4.000000,4.000000,4.000000,4.000000,4.000000,4.000000,4.000000,4.000000,4.000000,4.000000,4.000000,4.000000,4.000000,83.333336
1614076770.122370,26.000000,0.000000,-3.093098,0.930727,9.515483,-3.707108,-15.049455,1.787001,0.187926,-7.211619,-6.299069,-16.285631,-4.913875,3.326994,1.507586,-28.686626,-3.377286,-33.651497,6.142020,-25.178444,-4.684861,0.751624,-11.003136,9.103206,0.696029,4.642657,-12.547290,-1.131584,3.454888,2.246634,-6.031625,-12.073453,6.252775,-4.484539,0.000000,121.000000,4.000000,,,,0.000000,4.000000,4.000000,4.000000,4.000000,4.000000,4.000000,4.000000,4.000000,4.000000,4.000000,4.000000,4.000000,4.000000,4.000000,4.000000,4.000000,4.000000,4.000000,2.000000,4.000000,4.000000,4.000000,4.000000,4.000000,4.000000,4.000000,4.000000,4.000000,4.000000,4.000000,4.000000,4.000000,83.333336
1614076770.130119,27.000000,0.000000,-1.551544,0.416976,13.095711,-2.677760,-11.957482,2.298034,0.700558,-6.691587,-6.292770,-14.218063,-4.908961,3.323667,2.018899,-21.478453,2.267117,-21.310154,3.571776,-16.948137,-2.628894,-2.838871,-9.966492,9.094102,1.720974,-0.490191,-12.021922,-1.130452,4.477074,3.270028,-6.025594,-10.010098,6.759342,-3.454413,0.000000,189.000000,4.000000,,,,0.000000,4.000000,4.000000,4.000000,4.000000,4.000000,4.000000,4.000000,4.000000,4.000000,4.000000,4.000000,4.000000,4.000000,4.000000,4.000000,4.000000,4.000000,4.000000,2.000000,4.000000,4.000000,4.000000,4.000000,4.000000,4.000000,4.000000,4.000000,4.000000,4.000000,4.000000,4.000000,4.000000,83.333336
1614076770.137768,28.000000,0.000000,-2.062813,1.442200,14.108256,-2.675082,-9.894243,2.295736,0.187037,-6.684896,-6.799297,-12.665384,-4.904052,3.320343,2.529701,-18.380051,-4.401817,-34.622177,-2.585642,-10.777344,-1.600624,-11.041161,-9.443705,-1.171402,1.206433,-3.566624,-12.009900,-1.129322,4.472597,3.266758,-6.532389,-7.435985,6.752583,-3.450959,0.000000,148.000000,4.000000,,,,0.000000,4.000000,4.000000,4.000000,4.000000,4.000000,4.000000,4.000000,4.000000,4.000000,4.000000,4.000000,4.000000,4.000000,4.000000,4.000000,4.000000,4.000000,4.000000,2.000000,4.000000,4.000000,2.000000,4.000000,4.000000,4.000000,4.000000,4.000000,4.000000,4.000000,4.000000,4.000000,4.000000,66.666664
1614076770.145517,29.000000,0.000000,-2.060750,3.492040,13.581327,-3.185228,-10.909989,1.267799,-0.325970,-6.678211,-4.741216,-11.627078,-4.899148,3.829844,2.527171,-8.618081,-5.423056,-30.997810,-3.608698,8.207792,0.965079,-13.081401,-9.947082,-4.247154,1.205226,-2.537416,-12.510711,-1.128192,3.442483,5.827594,-6.013036,-7.941370,6.233010,-3.960328,0.000000,198.000000,4.000000,,,,0.000000,4.000000,4.000000,4.000000,4.000000,4.000000,4.000000,4.000000,4.000000,4.000000,4.000000,4.000000,4.000000,4.000000,4.000000,4.000000,4.000000,4.000000,4.000000,2.000000,4.000000,4.000000,2.000000,4.000000,4.000000,4.000000,4.000000,4.000000,4.000000,4.000000,4.000000,4.000000,4.000000,66.666664
1614076770.153166,30.000000,0.000000,-2.058689,5.027009,17.157490,-2.669222,-8.334977,2.292173,2.751279,-5.133071,-2.685193,-8.025707,-4.894249,3.826014,1.499003,-0.917155,-5.417633,-37.633480,-2.579448,-3.595287,-1.087168,-17.683704,-9.937135,-3.730086,1.204021,-2.534879,-11.985380,-1.127064,6.003143,7.360228,-3.442920,-7.933428,7.765238,-3.443547,0.000000,207.000000,4.000000,,,,0.000000,4.000000,4.000000,4.000000,4.000000,4.000000,4.000000,4.000000,4.000000,4.000000,4.000000,4.000000,4.000000,4.000000,4.000000,4.000000,4.000000,4.000000,4.000000,2.000000,4.000000,4.000000,2.000000,4.000000,4.000000,4.000000,4.000000,4.000000,4.000000,4.000000,4.000000,4.000000,4.000000,66.666664
1614076770.160915,31.000000,0.000000,-2.056631,5.021983,17.140333,-2.153733,-5.762540,2.802701,3.261348,-3.076656,-2.682508,-1.863835,-4.889355,1.258085,5.600068,-0.403417,-3.360933,-32.980461,-3.089689,-16.412205,-1.086081,-18.691662,-8.901557,-6.803279,1.202817,-3.045164,-11.973394,-1.125937,9.074063,4.788765,-5.490759,-7.925495,5.193371,-3.440104,0.000000,208.000000,4.000000,,,,0.000000,4.000000,4.000000,4.000000,4.000000,4.000000,4.000000,4.000000,4.000000,4.000000,4.000000,4.000000,4.000000,4.000000,4.000000,4.000000,4.000000,4.000000,4.000000,2.000000,4.000000,4.000000,2.000000,4.000000,4.000000,4.000000,4.000000,4.000000,4.000000,4.000000,4.000000,4.000000,4.000000,66.666664
1614076770.168564,32.000000,0.000000,-2.054574,2.965678,14.046269,-3.690040,-6.782418,-2.328307,-3.921401,-3.073579,-2.679825,0.702131,-4.884466,-0.281635,12.773955,6.263653,3.821915,-6.793635,-3.599420,-3.575279,7.120133,-15.083226,-6.328552,-5.770834,1.201614,-2.529299,-11.961421,-1.124811,3.936784,2.732694,-9.587832,-9.968851,-3.529772,-3.436664,8064.000000,0.000000,4.000000,,,,0.000000,4.000000,4.000000,4.000000,4.000000,4.000000,4.000000,4.000000,4.000000,4.000000,4.000000,4.000000,4.000000,4.000000,4.000000,4.000000,4.000000,4.000000,4.000000,2.000000,4.000000,4.000000,2.000000,4.000000,4.000000,4.000000,4.000000,4.000000,4.000000,4.000000,4.000000,4.000000,4.000000,66.666664
1614076770.176313,33.000000,0.000000,-2.052519,-0.627031,14.545043,-5.737632,-5.749995,-7.967004,-8.532864,-3.583326,-2.677145,0.188609,-4.879581,-0.281353,13.274002,7.283030,-0.797292,-14.479150,-5.134282,-11.264012,9.677116,-19.683527,-6.322224,-0.124038,0.687592,-2.526769,-11.949460,-1.123686,-2.733819,3.242782,-10.091065,-11.497344,-9.167268,-3.433227,8064.000000,0.000000,4.000000,,,,0.000000,4.000000,4.000000,4.000000,4.000000,4.000000,4.000000,4.000000,4.000000,4.000000,4.000000,4.000000,4.000000,4.000000,4.000000,4.000000,4.000000,4.000000,4.000000,2.000000,4.000000,4.000000,2.000000,4.000000,4.000000,4.000000,4.000000,4.000000,4.000000,4.000000,4.000000,4.000000,4.000000,66.666664
1614076770.183963,34.000000,0.000000,-2.050467,-3.190506,14.017678,-6.757535,-2.667322,-7.446217,-5.447408,-2.554102,-2.674468,0.188420,-4.874701,-3.357995,8.132523,-9.134509,-10.540084,-28.310823,-7.180429,-16.893774,10.180260,-22.227947,-5.803081,0.901727,1.199725,-2.524243,-11.937510,-1.122563,-1.705444,3.239539,-9.055333,-11.485847,-8.645280,-3.429794,8064.000000,0.000000,4.000000,,,,0.000000,4.000000,4.000000,4.000000,4.000000,4.000000,4.000000,4.000000,4.000000,4.000000,4.000000,4.000000,4.000000,4.000000,4.000000,4.000000,4.000000,4.000000,4.000000,2.000000,4.000000,4.000000,2.000000,4.000000,4.000000,4.000000,4.000000,4.000000,4.000000,4.000000,4.000000,4.000000,4.000000,66.666664
1614076770.191712,35.000000,0.000000,-2.048416,-2.674495,7.849814,-6.237957,-5.741578,-5.387488,-2.877858,-2.038727,-2.671794,0.188231,-4.869827,-7.970021,1.970544,-21.433067,-12.068006,-23.154308,-6.660429,-0.466623,14.272643,-15.026232,-3.745996,-7.817123,1.711346,-2.008898,-11.925572,-1.121440,-0.165277,3.236300,-9.559098,-11.474360,-8.123814,-3.426364,8064.000000,0.000000,4.000000,,,,0.000000,4.000000,4.000000,4.000000,4.000000,4.000000,4.000000,4.000000,4.000000,4.000000,4.000000,4.000000,4.000000,4.000000,4.000000,4.000000,4.000000,4.000000,4.000000,2.000000,4.000000,4.000000,2.000000,4.000000,4.000000,4.000000,4.000000,4.000000,4.000000,4.000000,4.000000,4.000000,4.000000,66.666664
1614076770.199361,36.000000,0.000000,-2.046368,-2.671821,2.200938,-6.231719,-9.838400,-5.382101,-3.900621,-4.600791,-2.669122,0.188043,-4.864957,-7.962051,-4.698093,-20.385994,-18.209784,-45.182434,-7.166589,-17.902054,-0.613424,-17.575308,-10.921737,-16.014435,-1.367288,-3.545351,-11.913647,-1.120319,-3.242035,3.233063,-9.549540,-11.462887,-8.628510,-3.422938,8064.000000,0.000000,4.000000,,,,0.000000,4.000000,4.000000,4.000000,4.000000,4.000000,4.000000,4.000000,4.000000,4.000000,4.000000,4.000000,4.000000,4.000000,4.000000,4.000000,4.000000,4.000000,4.000000,2.000000,4.000000,4.000000,2.000000,4.000000,4.000000,4.000000,4.000000,4.000000,4.000000,4.000000,4.000000,4.000000,4.000000,66.666664
1614076770.207210,37.000000,0.000000,-2.044322,-3.181969,2.711558,-6.225488,-5.725997,-3.325437,-3.896720,-1.006447,-2.666453,0.700676,-4.860092,-7.441269,-5.206215,-19.339966,-16.653112,-50.265457,-6.133781,-35.320049,-14.971786,-17.044912,-19.628765,-10.357394,-2.391562,-5.593087,-11.901733,-1.119198,-4.264434,3.229831,-9.539989,-11.451424,-8.107061,-3.419515,8064.000000,0.000000,4.000000,,,,0.000000,4.000000,4.000000,4.000000,4.000000,4.000000,4.000000,4.000000,4.000000,4.000000,4.000000,4.000000,4.000000,4.000000,4.000000,4.000000,4.000000,4.000000,4.000000,2.000000,4.000000,4.000000,2.000000,4.000000,4.000000,4.000000,4.000000,4.000000,4.000000,4.000000,4.000000,4.000000,4.000000,66.666664
1614076770.214959,38.000000,0.000000,-2.042277,-2.665967,3.221667,-6.219263,-2.130528,-1.270829,-3.380003,3.609944,-2.663786,-2.376948,-4.342412,-7.433827,-2.124086,-19.833447,1.825079,-17.394680,-0.486622,-6.053960,5.043187,0.408030,-11.916828,-0.090627,3.251855,-6.100315,-11.377011,-1.118079,-2.721708,3.226601,-9.530450,-11.439972,-7.586134,-3.416095,8064.000000,0.000000,4.000000,,,,0.000000,4.000000,4.000000,4.000000,4.000000,4.000000,4.000000,4.000000,4.000000,4.000000,4.000000,4.000000,4.000000,4.000000,4.000000,4.000000,4.000000,4.000000,4.000000,2.000000,4.000000,4.000000,2.000000,4.000000,4.000000,4.000000,4.000000,4.000000,4.000000,4.000000,4.000000,4.000000,4.000000,66.666664
1614076770.222808,39.000000,0.000000,-2.040235,-2.663301,2.705625,-6.213043,-2.641218,-2.295199,-3.376623,-5.624435,-2.661123,-6.989956,-6.389351,-7.939214,-5.711706,-21.352076,-0.740848,-36.351646,3.616429,-5.535086,10.166348,2.458904,-5.238244,-1.116177,4.274244,-5.581394,-11.365634,-1.116961,-3.744627,3.223374,-9.520919,-11.428533,-8.091369,-3.412679,8064.000000,0.000000,4.000000,,,,0.000000,4.000000,4.000000,4.000000,4.000000,4.000000,4.000000,4.000000,4.000000,4.000000,4.000000,4.000000,4.000000,4.000000,4.000000,4.000000,4.000000,4.000000,4.000000,2.000000,4.000000,4.000000,2.000000,4.000000,4.000000,4.000000,4.000000,4.000000,4.000000,4.000000,4.000000,4.000000,4.000000,66.666664
1614076770.230557,40.000000,0.000000,-2.551015,-2.660638,2.702919,-6.206830,0.951167,-1.267263,-3.373246,-13.823938,-2.658461,-8.521427,-8.947064,-7.931275,-8.270097,-20.305082,-16.124723,-68.622986,5.151274,-28.606474,-12.920741,-11.389709,-14.976596,-7.781728,-0.858235,-6.088633,-12.379910,-1.115844,-3.228062,3.220151,-9.511398,-11.417104,-8.083277,-2.896446,8064.000000,0.000000,4.000000,,,,0.000000,4.000000,4.000000,4.000000,4.000000,4.000000,4.000000,4.000000,4.000000,4.000000,4.000000,4.000000,4.000000,4.000000,4.000000,4.000000,4.000000,4.000000,4.000000,2.000000,4.000000,4.000000,2.000000,4.000000,4.000000,4.000000,4.000000,4.000000,4.000000,4.000000,4.000000,4.000000,4.000000,66.666664
1614076770.238406,41.000000,0.000000,-2.035644,-2.657977,3.213037,-6.200624,5.052780,1.298107,-3.369873,-7.656269,-2.655803,-8.000085,-7.399655,-5.872062,-3.133621,-9.002726,-3.800906,-35.733849,5.146123,-7.552227,-4.702692,-13.429601,-17.012901,-7.261126,-1.883018,-7.108185,-11.341888,-0.601908,-0.660732,3.216930,-9.501887,-11.405686,-7.562373,-3.919191,8064.000000,0.000000,4.000000,,,,0.000000,4.000000,4.000000,4.000000,4.000000,4.000000,4.000000,4.000000,4.000000,4.000000,4.000000,4.000000,4.000000,4.000000,4.000000,4.000000,4.000000,4.000000,4.000000,2.000000,4.000000,4.000000,2.000000,4.000000,4.000000,4.000000,4.000000,4.000000,4.000000,4.000000,4.000000,4.000000,4.000000,66.666664
1614076770.246155,42.000000,0.000000,-1.520788,-2.655319,2.697003,-6.194423,2.483624,2.322450,-3.366503,-3.033227,-2.653147,-7.992085,-4.828153,-3.814908,-0.566385,-1.301415,0.818280,-15.698115,-4.089793,-6.519033,12.225088,-17.518736,-13.406145,-6.741044,-4.958058,-5.562616,-11.843368,-1.626947,0.365570,3.213714,-9.492385,-11.394281,-9.093272,-5.966554,8064.000000,0.000000,4.000000,,,,0.000000,4.000000,4.000000,4.000000,4.000000,4.000000,4.000000,4.000000,4.000000,4.000000,4.000000,4.000000,4.000000,4.000000,4.000000,4.000000,4.000000,4.000000,4.000000,2.000000,4.000000,4.000000,2.000000,4.000000,4.000000,4.000000,4.000000,4.000000,4.000000,4.000000,4.000000,4.000000,4.000000,66.666664
1614076770.254004,43.000000,0.000000,-4.083369,-2.652664,3.207127,-6.188228,-0.082962,1.807307,-3.875957,-6.619938,-2.650494,-7.984093,-5.336146,-4.836734,-2.617101,-6.941139,-20.208179,-47.990108,-13.829292,-38.820206,-9.838419,-28.783268,-21.597866,-7.759944,-13.158228,-7.095515,-16.959728,-4.702243,0.365204,3.210500,-9.482893,-11.382887,-11.648281,-6.986228,8064.000000,0.000000,4.000000,,,,0.000000,4.000000,4.000000,4.000000,4.000000,4.000000,4.000000,4.000000,4.000000,4.000000,4.000000,4.000000,4.000000,4.000000,4.000000,4.000000,4.000000,4.000000,4.000000,2.000000,4.000000,4.000000,2.000000,4.000000,4.000000,4.000000,4.000000,4.000000,4.000000,4.000000,4.000000,4.000000,4.000000,66.666664
1614076770.261753,44.000000,0.000000,-5.104927,-2.650011,5.255202,-6.694860,1.455583,1.805499,-3.872082,-8.151779,-3.160664,-8.488930,-4.817989,-2.267794,-1.076022,-4.370095,-15.572587,-39.736992,-8.687258,-28.012156,-17.520889,-21.574997,-16.960884,-0.059876,-8.529685,-15.806368,-18.481232,-5.210361,-0.147981,3.207289,-9.986230,-11.884324,-11.636633,-7.492062,8064.000000,0.000000,4.000000,,,,0.000000,4.000000,4.000000,4.000000,4.000000,4.000000,4.000000,4.000000,4.000000,4.000000,4.000000,4.000000,4.000000,4.000000,4.000000,4.000000,4.000000,4.000000,4.000000,2.000000,4.000000,4.000000,2.000000,4.000000,4.000000,4.000000,4.000000,4.000000,4.000000,4.000000,4.000000,4.000000,4.000000,66.666664
1614076770.269602,45.000000,0.000000,-3.048540,-3.160182,6.275588,-6.175345,0.941307,1.803694,-1.304107,-6.605166,-2.644683,-7.454800,-2.249068,0.298576,2.001977,6.403505,1.878883,-14.056229,0.552198,4.836370,8.137658,-4.117525,7.158641,10.709414,3.786537,-16.303381,-14.360186,-2.128228,0.364987,3.204082,-8.950603,-10.846799,-12.137817,-6.971750,8064.000000,0.000000,4.000000,,,,0.000000,4.000000,4.000000,4.000000,4.000000,4.000000,4.000000,4.000000,4.000000,4.000000,4.000000,4.000000,4.000000,4.000000,4.000000,4.000000,4.000000,4.000000,4.000000,2.000000,4.000000,4.000000,2.000000,4.000000,4.000000,4.000000,4.000000,4.000000,4.000000,4.000000,4.000000,4.000000,4.000000,66.666664
1614076770.277351,46.000000,0.000000,-3.558312,-2.644201,6.782133,-3.605067,-0.085276,1.289070,0.235659,-1.983176,-2.642038,-2.831960,-1.733999,-4.829927,1.999975,3.832999,-5.302483,-28.913967,0.551646,-1.322313,14.796186,0.501977,18.433533,13.775628,3.782750,-2.953745,-11.268902,-0.587638,2.415904,3.200878,-6.890370,-8.271850,-11.612859,-4.913496,8064.000000,0.000000,4.000000,,,,0.000000,4.000000,4.000000,4.000000,4.000000,4.000000,4.000000,4.000000,4.000000,4.000000,4.000000,4.000000,4.000000,4.000000,4.000000,4.000000,4.000000,4.000000,4.000000,2.000000,4.000000,4.000000,2.000000,4.000000,4.000000,4.000000,4.000000,4.000000,4.000000,4.000000,4.000000,4.000000,4.000000,66.666664
1614076770.285200,47.000000,0.000000,-5.093215,-0.077454,9.339453,-2.575821,1.966092,3.851883,0.748244,4.172653,-3.152217,2.299077,2.370299,-4.312277,8.151821,5.880448,-1.194616,-15.551721,0.038274,-0.808170,13.242929,-0.524166,16.876638,11.197750,1.214865,6.279978,-8.693531,-1.099871,4.464770,3.197677,-5.345018,-7.237936,-9.037144,-3.370121,8064.000000,0.000000,4.000000,,,,0.000000,4.000000,4.000000,4.000000,4.000000,4.000000,4.000000,4.000000,4.000000,4.000000,4.000000,4.000000,4.000000,4.000000,4.000000,4.000000,4.000000,4.000000,4.000000,2.000000,4.000000,4.000000,2.000000,4.000000,4.000000,4.000000,4.000000,4.000000,4.000000,4.000000,4.000000,4.000000,4.000000,66.666664
1614076770.292949,48.000000,0.000000,-1.498378,1.461085,10.355755,-2.573245,3.502587,5.386493,2.798778,5.194121,-2.123423,5.886521,8.521775,8.512547,20.451361,18.695082,19.319399,17.284344,4.140800,26.372126,25.024557,2.553281,17.372581,11.699372,4.803393,5.248057,-4.582273,-1.098771,3.947485,3.194479,-5.852494,-7.230699,-7.489645,-3.366751,8064.000000,0.000000,4.000000,,,,0.000000,4.000000,4.000000,4.000000,4.000000,4.000000,4.000000,4.000000,4.000000,4.000000,4.000000,4.000000,4.000000,4.000000,4.000000,4.000000,4.000000,4.000000,4.000000,2.000000,4.000000,4.000000,2.000000,4.000000,4.000000,4.000000,4.000000,4.000000,4.000000,4.000000,4.000000,4.000000,4.000000,66.666664
1614076770.300798,49.000000,0.000000,2.092864,0.946803,9.832579,-0.519390,4.524725,4.868286,4.334440,3.650466,2.494085,8.444737,9.538895,15.683522,24.020653,13.548181,18.787258,7.010650,7.726403,27.884214,20.896969,3.576369,9.150082,13.226134,4.798590,5.242809,-4.064870,-1.097672,3.943538,3.191285,-5.846642,-5.685007,-7.994976,-2.337743,8064.000000,0.000000,4.000000,,,,0.000000,4.000000,4.000000,4.000000,4.000000,4.000000,4.000000,4.000000,4.000000,4.000000,4.000000,4.000000,4.000000,4.000000,4.000000,4.000000,4.000000,4.000000,4.000000,2.000000,4.000000,4.000000,2.000000,4.000000,4.000000,4.000000,4.000000,4.000000,4.000000,4.000000,4.000000,4.000000,4.000000,66.666664
1614076770.308547,50.000000,0.000000,1.577950,0.945856,13.412489,1.532411,8.109944,7.427520,3.817285,5.185277,5.568514,10.487575,10.554996,14.129377,21.432531,2.252581,10.050523,-11.457899,7.718676,12.984535,1.901713,-0.016951,-2.141120,4.494960,5.819433,4.724745,-4.060805,-0.583754,3.939594,3.188094,-5.327974,-3.115219,-4.910058,0.228697,8064.000000,0.000000,4.000000,,,,0.000000,4.000000,4.000000,4.000000,4.000000,4.000000,4.000000,4.000000,4.000000,4.000000,4.000000,4.000000,4.000000,4.000000,4.000000,4.000000,4.000000,4.000000,4.000000,2.000000,4.000000,4.000000,2.000000,4.000000,4.000000,4.000000,4.000000,4.000000,4.000000,4.000000,4.000000,4.000000,4.000000,66.666664
1614076770.316196,51.000000,0.000000,2.089193,1.457731,18.014462,1.530879,11.691578,11.522656,3.813468,5.180091,4.537304,10.989907,9.518801,14.628069,20.385456,6.865713,8.502010,-17.087467,7.198137,6.817705,-0.664291,-4.119498,-3.164620,-10.894151,8.890536,2.668739,-4.056745,-0.583170,3.935654,3.184906,-5.322646,-3.112104,-1.315404,0.741289,8064.000000,0.000000,4.000000,,,,0.000000,4.000000,4.000000,4.000000,4.000000,4.000000,4.000000,4.000000,4.000000,4.000000,4.000000,4.000000,4.000000,4.000000,4.000000,4.000000,4.000000,4.000000,4.000000,2.000000,4.000000,4.000000,2.000000,4.000000,4.000000,4.000000,4.000000,4.000000,4.000000,4.000000,4.000000,4.000000,4.000000,66.666664
1614076770.323946,52.000000,0.000000,-0.476999,-0.082188,16.970806,1.016528,12.192707,13.049596,3.809654,0.559527,2.481485,10.466097,1.816974,11.536517,14.211226,6.858848,-5.352645,-41.685764,5.139657,-8.060907,2.926117,-6.166661,-4.187096,-19.601206,0.676517,0.614788,-8.155252,-4.685151,3.931719,3.181721,-5.830144,-7.724376,-1.826909,0.227727,8064.000000,0.000000,4.000000,,,,0.000000,4.000000,4.000000,4.000000,4.000000,4.000000,4.000000,4.000000,4.000000,4.000000,4.000000,4.000000,4.000000,4.000000,4.000000,4.000000,4.000000,4.000000,4.000000,2.000000,4.000000,4.000000,2.000000,4.000000,4.000000,4.000000,4.000000,4.000000,4.000000,4.000000,4.000000,4.000000,4.000000,66.666664
1614076770.331595,53.000000,0.000000,-5.604727,-2.133388,14.389732,1.015511,11.667694,12.523726,3.805845,-3.543597,1.453362,10.455631,0.276695,4.858314,8.043168,2.236604,-15.090882,-51.387669,2.057594,-22.924643,0.359088,-6.160494,-5.721371,-14.966219,-4.965185,-3.488391,-11.224020,-8.270209,3.927787,3.178539,-5.824314,-11.306396,-4.389184,0.227500,8064.000000,0.000000,4.000000,,,,0.000000,4.000000,4.000000,4.000000,4.000000,4.000000,4.000000,4.000000,4.000000,4.000000,4.000000,4.000000,4.000000,4.000000,4.000000,4.000000,4.000000,4.000000,4.000000,2.000000,4.000000,4.000000,2.000000,4.000000,4.000000,4.000000,4.000000,4.000000,4.000000,4.000000,4.000000,4.000000,4.000000,66.666664
1614076770.339344,54.000000,0.000000,-3.547840,-0.592793,13.862522,1.527316,11.656026,13.024022,3.802039,-3.540053,0.426268,10.957996,10.020008,5.879097,14.188971,13.516418,-2.255278,-23.643972,2.055537,-15.209410,2.410011,-4.615872,3.002299,-4.694843,4.783370,-7.074646,-8.648693,-5.697837,3.923859,3.175360,-5.305669,-11.295089,-4.384796,1.252913,8064.000000,0.000000,4.000000,,,,0.000000,4.000000,4.000000,4.000000,4.000000,4.000000,4.000000,4.000000,4.000000,4.000000,4.000000,4.000000,4.000000,4.000000,4.000000,4.000000,4.000000,4.000000,4.000000,2.000000,4.000000,4.000000,2.000000,4.000000,4.000000,4.000000,4.000000,4.000000,4.000000,4.000000,4.000000,4.000000,4.000000,66.666664
1614076770.346993,55.000000,0.000000,3.635195,0.946261,13.848660,1.525789,9.080268,13.010998,3.798237,-3.536513,0.938662,12.998320,14.625373,10.488603,21.354269,24.784954,10.054669,2.533517,7.694507,8.395544,12.664012,4.106693,12.230066,6.079083,12.470895,-5.529110,-7.614404,-4.153677,3.919935,3.172185,-7.351645,-11.283794,-3.867590,0.738840,8064.000000,0.000000,4.000000,,,,0.000000,4.000000,4.000000,4.000000,4.000000,4.000000,4.000000,4.000000,4.000000,4.000000,4.000000,4.000000,4.000000,4.000000,4.000000,4.000000,4.000000,4.000000,4.000000,2.000000,4.000000,4.000000,2.000000,4.000000,4.000000,4.000000,4.000000,4.000000,4.000000,4.000000,4.000000,4.000000,4.000000,66.666664
1614076770.354742,56.000000,0.000000,6.195662,0.945315,14.347631,1.011442,7.532726,12.485167,3.794439,-3.020156,2.989006,14.010962,13.585107,10.990934,17.230350,23.734528,11.583076,8.684830,11.276556,24.797405,18.805193,10.256432,14.269118,12.739671,13.484065,-3.472299,-8.119610,-4.662344,3.916016,3.169013,-9.395576,-13.836613,-4.376543,0.225280,8192.000000,0.000000,4.000000,,,,0.000000,4.000000,4.000000,4.000000,4.000000,4.000000,4.000000,4.000000,4.000000,4.000000,4.000000,4.000000,4.000000,4.000000,4.000000,4.000000,4.000000,4.000000,4.000000,2.000000,4.000000,4.000000,2.000000,4.000000,4.000000,4.000000,4.000000,4.000000,4.000000,4.000000,4.000000,4.000000,4.000000,66.666664
1614076770.362391,57.000000,0.000000,5.163826,0.944370,13.820463,1.523252,9.576475,13.498322,3.790644,-0.453034,5.037299,15.022593,13.571522,10.467123,10.546453,20.633869,6.956108,-4.657188,10.239638,12.977736,9.555619,4.092330,12.716388,12.726931,11.932119,-1.930365,-7.598670,-4.144862,4.424920,3.165844,-9.386181,-15.361238,-4.372167,1.250696,8064.000000,0.000000,4.000000,,,,0.000000,4.000000,4.000000,4.000000,4.000000,4.000000,4.000000,4.000000,4.000000,4.000000,4.000000,4.000000,4.000000,4.000000,4.000000,4.000000,4.000000,4.000000,4.000000,2.000000,4.000000,4.000000,2.000000,4.000000,4.000000,4.000000,4.000000,4.000000,4.000000,4.000000,4.000000,4.000000,4.000000,66.666664
1614076770.370140,58.000000,0.000000,5.671482,-0.082216,10.216899,1.521728,7.002796,9.382260,3.786854,1.085881,4.519441,12.956288,10.481027,10.456656,8.997446,14.459390,-0.743155,-26.190992,8.178117,-10.112165,-1.735988,-4.629712,3.472902,8.611640,1.150956,0.635668,-9.642353,-5.166358,3.907675,3.162678,-9.376794,-16.884338,-3.854974,-1.314657,8064.000000,0.000000,4.000000,,,,0.000000,4.000000,4.000000,4.000000,4.000000,4.000000,4.000000,4.000000,4.000000,4.000000,4.000000,4.000000,4.000000,4.000000,4.000000,4.000000,4.000000,4.000000,4.000000,2.000000,4.000000,4.000000,2.000000,4.000000,4.000000,4.000000,4.000000,4.000000,4.000000,4.000000,4.000000,4.000000,4.000000,66.666664
1614076770.377790,59.000000,0.000000,5.152990,-2.646236,6.104118,-1.556717,-3.773438,0.654929,3.783067,0.571975,4.514921,4.738204,6.367982,10.959020,9.501268,6.239802,6.437075,-18.985315,7.657118,-2.922566,1.855492,-3.086620,-5.248519,3.474823,-5.004041,-0.903429,-14.248096,-7.725294,3.390946,3.159515,-9.367417,-18.405914,-5.389580,-9.518471,8064.000000,0.000000,4.000000,,,,0.000000,4.000000,4.000000,4.000000,4.000000,4.000000,4.000000,4.000000,4.000000,4.000000,4.000000,4.000000,4.000000,4.000000,4.000000,4.000000,4.000000,4.000000,4.000000,2.000000,4.000000,4.000000,2.000000,4.000000,4.000000,4.000000,4.000000,4.000000,4.000000,4.000000,4.000000,4.000000,4.000000,66.666664
1614076770.385539,60.000000,0.000000,5.660657,-2.643590,7.123655,-6.170545,-11.461972,-2.935469,3.779284,0.571403,5.023227,-0.907560,5.335973,11.460881,10.517408,5.207922,20.789612,5.136235,8.675102,19.131638,11.597226,2.557492,-3.704810,3.984169,6.795835,-5.517910,-15.772308,-8.230389,4.926017,3.156356,-8.845229,-18.900330,-7.435473,-14.637157,8064.000000,0.000000,4.000000,,,,0.000000,4.000000,4.000000,4.000000,4.000000,4.000000,4.000000,4.000000,4.000000,4.000000,4.000000,4.000000,4.000000,4.000000,4.000000,4.000000,4.000000,4.000000,4.000000,2.000000,4.000000,4.000000,2.000000,4.000000,4.000000,4.000000,4.000000,4.000000,4.000000,4.000000,4.000000,4.000000,4.000000,66.666664
1614076770.393188,61.000000,0.000000,6.680638,-2.640946,5.065249,-6.677195,-10.937689,-1.906893,3.775505,0.570831,2.454101,-0.906653,0.202432,7.346856,5.891507,4.177073,10.512412,-1.535568,7.640786,15.009943,12.611270,-0.521989,-4.213925,4.493005,10.891603,-6.538033,-15.756536,-9.247800,2.869809,3.153199,-10.374846,-18.368608,-7.940858,-14.109700,8064.000000,0.000000,4.000000,,,,0.000000,4.000000,4.000000,4.000000,4.000000,4.000000,4.000000,4.000000,4.000000,4.000000,4.000000,4.000000,4.000000,4.000000,4.000000,4.000000,4.000000,4.000000,4.000000,2.000000,4.000000,4.000000,2.000000,4.000000,4.000000,4.000000,4.000000,4.000000,4.000000,4.000000,4.000000,4.000000,4.000000,66.666664
1614076770.400937,62.000000,0.000000,-0.505530,-6.228049,-0.068021,-6.157697,-9.901111,-3.443448,3.771729,0.057440,-1.650917,-1.418566,-5.951617,0.672843,-5.396436,-1.980951,-10.010921,-28.200699,0.966478,-2.440965,11.573018,-9.752236,-11.389198,-7.306360,-0.914160,-6.018675,-16.766420,-12.315475,-4.825368,3.662867,-12.928574,-18.863060,-7.932917,-15.634051,8064.000000,0.000000,4.000000,,,,0.000000,4.000000,4.000000,4.000000,4.000000,4.000000,4.000000,4.000000,4.000000,4.000000,4.000000,4.000000,4.000000,4.000000,4.000000,4.000000,4.000000,4.000000,4.000000,2.000000,4.000000,4.000000,2.000000,4.000000,4.000000,4.000000,4.000000,4.000000,4.000000,4.000000,4.000000,4.000000,4.000000,66.666664
1614076770.408586,63.000000,0.000000,-6.146050,-4.170539,-0.580773,-6.151539,-10.404030,-1.901543,3.767957,0.570203,-3.187728,-0.391507,-5.945665,-0.866292,-7.955142,-6.081534,-14.616294,-46.634037,-7.239616,-11.156472,11.561444,-14.357868,-14.454732,-16.017002,-3.477349,-8.063938,-14.185552,-10.764698,-5.846184,2.120742,-12.915645,-18.331377,-7.924984,-13.054315,8064.000000,0.000000,4.000000,,,,0.000000,4.000000,4.000000,4.000000,4.000000,4.000000,4.000000,4.000000,4.000000,4.000000,4.000000,4.000000,4.000000,4.000000,4.000000,4.000000,4.000000,4.000000,4.000000,2.000000,4.000000,4.000000,2.000000,4.000000,4.000000,4.000000,4.000000,4.000000,4.000000,4.000000,4.000000,4.000000,4.000000,66.666664
1614076770.416335,64.000000,0.000000,1.039583,0.961837,2.496731,-6.145388,-5.778241,5.279846,3.764189,1.082453,-2.671720,5.762731,-4.914079,-0.865425,-2.818982,-6.588273,-12.550396,-50.177147,-8.258018,-9.606854,8.985781,-11.266587,-14.440278,-4.206113,2.167154,-10.107157,-11.607264,-5.112907,-1.224953,-0.445481,-12.902729,-17.800226,-7.917059,-4.836133,0.000000,176.000000,4.000000,,,,0.000000,4.000000,4.000000,4.000000,4.000000,4.000000,4.000000,4.000000,4.000000,4.000000,4.000000,4.000000,4.000000,4.000000,4.000000,4.000000,4.000000,4.000000,4.000000,2.000000,4.000000,4.000000,2.000000,4.000000,4.000000,4.000000,4.000000,4.000000,4.000000,4.000000,4.000000,4.000000,4.000000,66.666664
1614076770.423984,65.000000,0.000000,6.166749,-1.090407,3.519875,-6.652062,-2.695540,9.889951,3.760425,0.055730,-3.181868,6.269789,-6.447626,-0.864560,-2.303343,-4.530402,-7.409640,-23.460302,-3.634375,8.351470,10.515256,-4.075833,-8.784812,10.669888,1.139346,-10.097050,-12.621298,-5.107795,-0.198087,-0.445035,-13.402647,-18.808065,-8.934783,-4.318476,0.000000,205.000000,4.000000,,,,0.000000,4.000000,4.000000,4.000000,4.000000,4.000000,4.000000,4.000000,4.000000,4.000000,4.000000,4.000000,4.000000,4.000000,4.000000,4.000000,4.000000,4.000000,4.000000,2.000000,4.000000,4.000000,2.000000,4.000000,4.000000,4.000000,4.000000,4.000000,4.000000,4.000000,4.000000,4.000000,4.000000,66.666664
1614076770.431733,66.000000,0.000000,-1.531726,-1.089317,2.490714,-4.594129,-2.692844,8.854420,3.756665,1.081315,-2.665866,2.673775,-1.825794,4.264510,4.878448,3.679256,6.443923,4.255466,-0.040997,20.137991,14.094484,4.133370,7.634230,12.197680,2.163848,-5.471568,-5.429189,-3.564225,1.340572,-0.444590,-11.850783,-17.250797,-10.977130,-9.955183,0.000000,186.000000,4.000000,,,,0.000000,4.000000,4.000000,4.000000,4.000000,4.000000,4.000000,4.000000,4.000000,4.000000,4.000000,4.000000,4.000000,4.000000,4.000000,4.000000,4.000000,4.000000,4.000000,2.000000,4.000000,4.000000,2.000000,4.000000,4.000000,4.000000,4.000000,4.000000,4.000000,4.000000,4.000000,4.000000,4.000000,66.666664
1614076770.439383,67.000000,0.000000,-1.017373,4.552798,3.001044,0.025850,-1.151690,8.845566,3.752908,7.234080,-0.611918,7.799306,4.842699,10.926912,18.206903,9.829423,14.642608,-8.569303,0.471864,-0.394968,10.490646,6.693340,16.857365,11.159841,7.802710,2.226212,7.396753,4.131647,6.980257,-0.444146,-9.787650,-12.105341,-11.478973,-5.329843,0.000000,152.000000,4.000000,,,,0.000000,4.000000,4.000000,4.000000,4.000000,4.000000,4.000000,4.000000,4.000000,2.000000,4.000000,4.000000,4.000000,4.000000,4.000000,4.000000,4.000000,4.000000,4.000000,2.000000,4.000000,4.000000,2.000000,4.000000,4.000000,4.000000,4.000000,4.000000,4.000000,4.000000,4.000000,4.000000,4.000000,50.000000
1614076770.447232,68.000000,0.000000,5.650311,1.471322,3.510863,-0.999817,0.900744,9.862361,3.749155,7.226846,1.439976,11.381251,6.889138,10.403165,19.214336,7.768312,14.115144,-25.483810,0.471392,-13.215086,8.428874,1.045621,14.789225,9.610219,5.743625,6.839370,5.850895,5.665977,7.486097,-0.443702,-8.752221,-9.529133,-11.467495,-3.273231,0.000000,191.000000,4.000000,,,,0.000000,4.000000,4.000000,4.000000,4.000000,4.000000,4.000000,4.000000,4.000000,2.000000,4.000000,4.000000,4.000000,4.000000,4.000000,4.000000,4.000000,4.000000,4.000000,2.000000,4.000000,4.000000,2.000000,4.000000,4.000000,4.000000,4.000000,4.000000,4.000000,4.000000,4.000000,4.000000,4.000000,50.000000
1614076770.454981,69.000000,0.000000,-3.073288,-6.222456,1.968891,-5.614202,-1.151439,7.801217,3.745406,-2.523971,0.925716,2.139100,5.856608,7.315838,13.041277,5.709261,14.101029,-13.663455,0.470921,5.772489,12.010189,-5.109271,13.748795,5.498045,1.122497,3.755607,-6.462648,-2.031997,4.401688,-1.981719,-9.256289,-13.622168,-11.456027,-15.064830,0.000000,203.000000,4.000000,,,,0.000000,4.000000,4.000000,4.000000,4.000000,4.000000,4.000000,4.000000,4.000000,2.000000,4.000000,4.000000,4.000000,4.000000,4.000000,4.000000,4.000000,4.000000,4.000000,2.000000,4.000000,4.000000,2.000000,4.000000,4.000000,4.000000,4.000000,4.000000,4.000000,4.000000,4.000000,4.000000,4.000000,50.000000
1614076770.462830,70.000000,0.000000,-13.839446,-5.190593,-0.597181,-6.634228,-3.201570,5.229313,3.741661,-5.598370,0.924790,-8.119449,5.850751,6.795702,13.028235,6.216372,11.010005,-9.547227,0.983271,11.920562,7.895614,-5.616982,8.606841,3.441265,0.608554,-3.427635,-12.610032,-5.619709,4.397286,-4.031020,-9.247033,-18.223930,-11.444571,-22.742073,0.000000,161.000000,4.000000,,,,0.000000,4.000000,4.000000,4.000000,4.000000,4.000000,4.000000,4.000000,4.000000,2.000000,4.000000,4.000000,4.000000,4.000000,4.000000,4.000000,4.000000,4.000000,4.000000,2.000000,4.000000,4.000000,2.000000,4.000000,4.000000,4.000000,4.000000,4.000000,4.000000,4.000000,4.000000,4.000000,4.000000,50.000000
1614076770.470579,71.000000,0.000000,-9.723042,-1.595659,-1.109404,-5.601953,-2.685548,4.711263,3.737919,0.048254,0.923865,-8.624150,6.357721,7.301727,13.528028,5.697336,6.896431,-17.229988,0.469467,-3.988794,-2.881512,-7.149827,-4.735099,3.950644,1.633586,-6.501131,-11.058960,-4.075628,1.315966,-4.539809,-8.724966,-18.205706,-11.433126,-19.129587,0.000000,172.000000,4.000000,,,,0.000000,4.000000,4.000000,4.000000,4.000000,4.000000,4.000000,4.000000,4.000000,2.000000,4.000000,4.000000,4.000000,4.000000,4.000000,4.000000,4.000000,4.000000,4.000000,2.000000,4.000000,4.000000,2.000000,4.000000,4.000000,4.000000,4.000000,4.000000,4.000000,4.000000,4.000000,4.000000,4.000000,50.000000
1614076770.478428,72.000000,0.000000,-4.072294,-2.619704,-0.595474,-6.109171,-2.170042,5.219372,3.734181,-0.464615,0.922941,-7.077065,5.838543,6.781604,13.514500,6.717279,5.863894,-13.110193,0.468997,-7.061728,-8.006836,-10.219600,-11.397031,3.946693,1.119132,-5.981809,-11.047901,-4.584373,-2.787914,-4.022449,-9.229061,-18.187500,-11.421694,-16.546354,0.000000,195.000000,4.000000,,,,0.000000,4.000000,4.000000,4.000000,4.000000,4.000000,4.000000,4.000000,4.000000,2.000000,4.000000,4.000000,4.000000,4.000000,4.000000,4.000000,4.000000,4.000000,4.000000,2.000000,4.000000,4.000000,2.000000,4.000000,4.000000,4.000000,4.000000,4.000000,4.000000,4.000000,4.000000,4.000000,4.000000,50.000000
1614076770.486177,73.000000,0.000000,-5.606683,-3.129905,-0.594879,-6.615883,-2.680692,5.214153,3.730447,-3.541073,0.922018,-8.095629,6.345525,6.774823,12.988164,3.633639,1.242645,-19.250929,0.468528,-6.029026,-6.460367,-9.183740,-10.359993,4.968388,0.605192,-5.975827,-13.088136,-5.092608,-1.246664,-4.018426,-9.219832,-18.682133,-11.410272,-18.068270,0.000000,203.000000,4.000000,,,,0.000000,4.000000,4.000000,4.000000,4.000000,4.000000,4.000000,4.000000,4.000000,2.000000,4.000000,4.000000,4.000000,4.000000,4.000000,4.000000,4.000000,4.000000,4.000000,2.000000,4.000000,4.000000,2.000000,4.000000,4.000000,4.000000,4.000000,4.000000,4.000000,4.000000,4.000000,4.000000,4.000000,50.000000
1614076770.494026,74.000000,0.000000,-6.113897,-2.613955,-0.594284,-6.096447,-2.678011,4.696118,3.726716,1.590673,0.921096,-8.087533,6.339179,6.768048,8.359792,-4.062302,-5.425264,-42.821423,0.468060,-15.766586,-0.300061,-6.097633,-6.759889,3.937778,1.630228,-6.482672,-11.023766,-4.574696,0.805864,-4.014408,-9.210612,-15.073708,-11.398862,-18.050201,0.000000,179.000000,4.000000,,,,0.000000,4.000000,4.000000,4.000000,4.000000,4.000000,4.000000,4.000000,4.000000,2.000000,4.000000,4.000000,4.000000,4.000000,4.000000,4.000000,4.000000,4.000000,4.000000,2.000000,4.000000,4.000000,2.000000,4.000000,4.000000,4.000000,4.000000,4.000000,4.000000,4.000000,4.000000,4.000000,4.000000,50.000000
1614076770.501775,75.000000,0.000000,-5.594963,-2.611341,-0.593689,-6.090350,-2.675333,5.204243,3.722990,5.691647,0.920175,-7.566625,5.820020,6.761280,6.300150,-2.519778,-5.419839,-48.419628,0.980412,-10.622615,6.879726,-5.065894,-1.112104,3.933841,1.628598,-3.912087,-3.833254,-4.570121,0.292238,-4.010394,-9.201402,-10.443250,-11.387463,-17.006510,0.000000,172.000000,4.000000,,,,0.000000,4.000000,4.000000,4.000000,4.000000,4.000000,4.000000,4.000000,4.000000,2.000000,4.000000,4.000000,4.000000,4.000000,4.000000,4.000000,4.000000,4.000000,4.000000,2.000000,4.000000,4.000000,2.000000,4.000000,4.000000,4.000000,4.000000,4.000000,4.000000,4.000000,4.000000,4.000000,4.000000,50.000000
1614076770.509624,76.000000,0.000000,-5.076547,-2.608729,-0.593096,-6.084260,-2.159837,5.711859,3.719267,4.660314,1.432075,-7.559058,6.327020,6.754519,11.934875,4.662229,-1.311855,-30.935310,0.979432,3.234162,7.385667,-5.573648,1.965932,10.596574,0.601328,-1.856893,0.785963,-4.565551,0.291946,-4.519204,-9.192201,-10.432806,-11.376076,-17.502325,0.000000,184.000000,4.000000,,,,0.000000,4.000000,4.000000,4.000000,4.000000,4.000000,4.000000,4.000000,4.000000,2.000000,4.000000,4.000000,4.000000,4.000000,4.000000,4.000000,4.000000,4.000000,4.000000,2.000000,4.000000,4.000000,2.000000,4.000000,4.000000,4.000000,4.000000,4.000000,4.000000,4.000000,4.000000,4.000000,4.000000,50.000000
1614076770.517373,77.000000,0.000000,-5.071470,-2.606121,-0.592503,-6.078176,-4.208960,3.654865,4.228368,4.655653,0.917823,-8.064320,6.833514,7.260585,11.410120,5.170387,-1.310543,-13.981297,-1.585650,-0.358816,5.839820,-6.593716,0.425504,6.483413,1.113548,-2.367856,-1.266105,-4.560985,-2.272449,-4.001864,-9.183008,-10.935194,-11.364699,-17.997643,0.000000,209.000000,4.000000,,,,0.000000,4.000000,4.000000,4.000000,4.000000,4.000000,4.000000,4.000000,4.000000,2.000000,4.000000,4.000000,4.000000,4.000000,4.000000,4.000000,4.000000,4.000000,4.000000,2.000000,4.000000,4.000000,2.000000,4.000000,4.000000,4.000000,4.000000,4.000000,4.000000,4.000000,4.000000,4.000000,4.000000,50.000000
1614076770.525222,78.000000,0.000000,-8.656142,-2.603514,-0.591910,-6.072097,-6.256033,1.599928,2.172858,3.112536,0.916905,-8.056255,1.698475,5.714862,6.783325,3.113934,-1.822053,-9.351932,-3.122526,-8.563585,4.295519,-7.099943,-2.651845,-10.446148,0.599613,-2.365489,-3.828941,-5.069245,-5.859920,-3.485042,-9.173825,-10.411438,-11.866155,-16.954004,0.000000,209.000000,4.000000,,,,0.000000,4.000000,4.000000,4.000000,4.000000,4.000000,4.000000,4.000000,4.000000,2.000000,4.000000,4.000000,4.000000,4.000000,4.000000,4.000000,4.000000,4.000000,4.000000,2.000000,4.000000,4.000000,2.000000,4.000000,4.000000,4.000000,4.000000,4.000000,4.000000,4.000000,4.000000,4.000000,4.000000,50.000000
1614076770.532971,79.000000,0.000000,-12.750051,-2.600911,-0.591318,-6.066025,-6.249777,1.085508,0.119403,-6.121346,1.428809,-7.022558,-5.995531,3.145045,5.750901,-0.478923,-2.845872,-20.624630,-3.632224,-10.606304,-1.862623,-10.169766,-9.828680,-18.640829,-6.067653,-2.875943,-4.337933,-4.551355,-6.879701,-6.045659,-9.164652,-10.401027,-11.341469,-14.372948,0.000000,206.000000,4.000000,,,,0.000000,4.000000,4.000000,4.000000,4.000000,4.000000,4.000000,4.000000,4.000000,2.000000,4.000000,4.000000,4.000000,4.000000,4.000000,4.000000,4.000000,4.000000,4.000000,2.000000,4.000000,4.000000,2.000000,4.000000,4.000000,4.000000,4.000000,4.000000,4.000000,4.000000,4.000000,4.000000,4.000000,50.000000
1614076770.540720,80.000000,0.000000,-13.250121,-3.111130,-0.590727,-6.059959,-7.269168,1.597243,-0.393537,-13.807531,-0.623902,-10.092459,-9.066459,2.629080,1.129765,-9.196393,-5.407129,-40.604008,-7.218336,-13.672621,-1.860760,-14.262160,-14.434236,-20.160650,-10.676970,-4.411529,-3.820774,-4.546803,-8.924104,-7.578075,-9.668307,-10.903446,-11.330127,-13.845754,0.000000,200.000000,4.000000,,,,0.000000,4.000000,4.000000,4.000000,4.000000,4.000000,4.000000,4.000000,4.000000,2.000000,4.000000,4.000000,4.000000,4.000000,4.000000,4.000000,4.000000,4.000000,4.000000,2.000000,4.000000,4.000000,2.000000,4.000000,4.000000,4.000000,4.000000,4.000000,4.000000,4.000000,4.000000,4.000000,4.000000,50.000000
1614076770.548469,81.000000,0.000000,-12.724051,-2.595199,-0.590136,-6.053899,-9.826001,1.595645,0.119677,-14.819366,-7.289945,-12.646468,-10.083034,3.139271,-5.025211,-13.802581,-5.401722,-44.153145,-6.185476,-1.351256,9.423152,-7.068411,-6.727494,-17.063566,-5.025267,-6.458400,-4.329774,-5.055077,-4.299795,-3.467933,-8.632998,-10.892543,-11.831617,-13.319088,0.000000,200.000000,4.000000,,,,0.000000,4.000000,4.000000,4.000000,4.000000,4.000000,4.000000,4.000000,4.000000,2.000000,4.000000,4.000000,4.000000,4.000000,4.000000,4.000000,4.000000,4.000000,4.000000,2.000000,4.000000,4.000000,2.000000,4.000000,4.000000,4.000000,4.000000,4.000000,4.000000,4.000000,4.000000,4.000000,4.000000,50.000000
1614076770.556118,82.000000,0.000000,-13.224147,-0.541322,-0.589546,-6.047845,-10.328996,1.594050,0.119557,-13.778905,-10.359578,-5.454335,-8.021668,2.623311,0.108020,-6.096471,-0.780936,-27.698736,3.564299,18.137276,13.516293,3.707888,4.048464,-0.123426,3.697707,-6.451941,-4.325444,-2.998740,3.396813,2.689381,-6.060263,-10.881650,-9.255683,-8.177564,0.000000,204.000000,4.000000,,,,0.000000,4.000000,4.000000,4.000000,4.000000,4.000000,4.000000,4.000000,4.000000,2.000000,4.000000,4.000000,4.000000,4.000000,4.000000,4.000000,4.000000,4.000000,4.000000,2.000000,4.000000,4.000000,2.000000,4.000000,4.000000,4.000000,4.000000,4.000000,4.000000,4.000000,4.000000,4.000000,4.000000,50.000000
1614076770.563867,83.000000,0.000000,-12.185282,1.510502,-0.588956,-6.041798,-9.805846,1.592456,0.119437,-14.277946,-8.297936,5.320350,-1.346980,3.133508,6.261758,-0.449349,2.296768,-23.568474,9.201760,6.324266,7.348930,1.652898,5.070057,8.594646,5.232471,-1.830105,-4.321119,1.619643,-1.734789,3.712333,-5.028561,-10.357948,-4.631043,-3.554001,0.000000,219.000000,4.000000,,,,0.000000,4.000000,4.000000,4.000000,4.000000,4.000000,4.000000,4.000000,4.000000,2.000000,4.000000,4.000000,4.000000,4.000000,4.000000,4.000000,4.000000,4.000000,4.000000,2.000000,4.000000,4.000000,2.000000,4.000000,4.000000,4.000000,4.000000,4.000000,4.000000,4.000000,4.000000,4.000000,4.000000,50.000000
1614076770.571616,84.000000,0.000000,-13.711557,0.996171,-0.588368,-6.035756,-10.308861,1.590863,0.119318,-14.263668,-6.238357,7.879132,2.756931,3.130375,5.229855,-1.987361,-0.269631,-34.826958,6.115636,-13.682058,4.777479,-6.041062,1.475243,-5.260103,4.201597,1.761469,-4.316798,3.156485,-9.938183,3.195800,-5.536353,-10.860411,-3.087950,-2.524806,0.000000,192.000000,4.000000,,,,0.000000,4.000000,4.000000,4.000000,4.000000,4.000000,4.000000,4.000000,4.000000,2.000000,4.000000,4.000000,4.000000,4.000000,4.000000,4.000000,4.000000,4.000000,4.000000,2.000000,4.000000,4.000000,2.000000,4.000000,4.000000,4.000000,4.000000,4.000000,4.000000,4.000000,4.000000,4.000000,4.000000,50.000000
1614076770.579366,85.000000,0.000000,-12.672205,0.995174,-0.587779,-3.465617,-7.221629,1.589272,0.119199,-13.736585,-4.693656,6.845613,2.241354,2.614424,6.250266,-1.985374,-1.295002,-25.561359,3.545418,-3.411966,4.259881,-6.547842,0.960948,-7.306125,5.223037,-1.830036,-4.312481,2.640508,-2.235937,3.705425,-5.530817,-10.849550,-4.110503,-3.035102,0.000000,209.000000,4.000000,,,,0.000000,4.000000,4.000000,4.000000,4.000000,4.000000,4.000000,4.000000,4.000000,2.000000,4.000000,4.000000,4.000000,4.000000,4.000000,4.000000,4.000000,4.000000,4.000000,2.000000,4.000000,4.000000,2.000000,4.000000,4.000000,4.000000,4.000000,4.000000,4.000000,4.000000,4.000000,4.000000,4.000000,50.000000
1614076770.587015,86.000000,0.000000,-5.992867,0.994179,-0.587191,0.640412,-2.599023,1.587683,0.119080,-13.722848,-2.637681,7.351587,4.290394,5.175912,9.320939,1.093535,-0.268066,-12.715285,5.080334,7.360677,7.332544,-3.977191,3.011269,9.624259,5.217813,-5.930770,-4.308168,3.150688,5.458607,3.701719,-5.525286,-8.274598,-3.593572,-3.032067,0.000000,187.000000,4.000000,,,,0.000000,4.000000,4.000000,4.000000,4.000000,4.000000,4.000000,4.000000,4.000000,2.000000,4.000000,4.000000,4.000000,4.000000,4.000000,4.000000,4.000000,4.000000,4.000000,2.000000,4.000000,4.000000,2.000000,4.000000,4.000000,4.000000,4.000000,4.000000,4.000000,4.000000,4.000000,4.000000,4.000000,50.000000
1614076770.594764,87.000000,0.000000,-1.371489,0.993185,-0.586604,0.639772,-2.083603,1.586095,0.118960,-13.709125,-2.122223,6.318594,6.850206,9.273300,10.850080,3.143723,-1.806260,-34.753853,5.075253,5.814855,21.171366,0.129350,5.059539,17.306942,5.212596,-3.360737,-3.791040,2.121897,4.427507,3.185197,-5.519761,-7.753503,-4.102799,-2.516214,0.000000,218.000000,4.000000,,,,0.000000,4.000000,4.000000,4.000000,4.000000,4.000000,4.000000,4.000000,4.000000,2.000000,4.000000,4.000000,4.000000,4.000000,4.000000,4.000000,4.000000,4.000000,4.000000,2.000000,4.000000,4.000000,2.000000,4.000000,4.000000,4.000000,4.000000,4.000000,4.000000,4.000000,4.000000,4.000000,4.000000,50.000000
1614076770.602413,88.000000,0.000000,-4.447041,0.992192,-1.098838,-3.976252,-4.645622,1.584509,-0.393979,-13.695415,-2.632921,3.748173,3.766433,10.802488,11.352050,2.114938,6.400675,-41.385765,3.531716,18.116732,26.791220,5.770246,4.028839,16.263994,6.745845,-1.306094,-4.812890,-0.444328,2.884618,3.182012,-6.027061,-13.386775,-6.149979,-3.539339,0.000000,185.000000,4.000000,,,,0.000000,4.000000,4.000000,4.000000,4.000000,4.000000,4.000000,4.000000,4.000000,2.000000,4.000000,4.000000,4.000000,4.000000,4.000000,4.000000,4.000000,4.000000,4.000000,2.000000,4.000000,4.000000,2.000000,4.000000,4.000000,4.000000,4.000000,4.000000,4.000000,4.000000,4.000000,4.000000,4.000000,50.000000
1614076770.610162,89.000000,0.000000,-5.981055,0.991200,-0.584919,-7.049199,-6.692259,1.582925,0.119235,-11.117618,-2.630288,2.205964,1.711385,9.766045,12.879160,2.112824,23.317350,-8.523867,4.553826,28.867846,12.405454,9.354219,1.460707,10.606705,8.277560,-2.330429,-6.859359,-1.982345,3.907375,3.178830,-5.508214,-15.424670,-8.195110,-3.535800,0.000000,206.000000,4.000000,,,,0.000000,4.000000,4.000000,4.000000,4.000000,4.000000,4.000000,4.000000,4.000000,2.000000,4.000000,4.000000,4.000000,4.000000,4.000000,4.000000,4.000000,4.000000,4.000000,2.000000,4.000000,4.000000,2.000000,4.000000,4.000000,4.000000,4.000000,4.000000,4.000000,4.000000,4.000000,4.000000,4.000000,50.000000
1614076770.617811,90.000000,0.000000,-2.385330,0.477388,1.979769,-5.503688,-6.172746,1.581342,0.119116,-7.003936,-2.627658,0.152476,2.735314,10.781920,13.891921,2.623531,21.755571,2.253888,4.549272,6.274876,4.187920,9.857686,1.972067,-1.711595,8.782104,-2.840919,-8.390961,-0.441901,5.954750,3.175651,-3.451424,-8.742579,-8.699736,0.057480,0.000000,148.000000,4.000000,,,,0.000000,4.000000,4.000000,4.000000,4.000000,4.000000,4.000000,4.000000,4.000000,2.000000,4.000000,4.000000,4.000000,4.000000,4.000000,4.000000,4.000000,4.000000,4.000000,2.000000,4.000000,4.000000,2.000000,4.000000,4.000000,4.000000,4.000000,4.000000,4.000000,4.000000,4.000000,4.000000,4.000000,50.000000
1614076770.625560,91.000000,0.000000,-1.357304,0.989731,3.516251,-3.959723,-1.551189,1.579760,-0.906644,-5.971291,-2.625030,-0.873318,1.706938,10.771138,10.288286,0.056805,-1.343107,-30.056059,-3.147585,-25.013451,5.209373,2.155520,-0.081187,-8.376550,7.747680,-2.325258,-7.869750,1.609823,10.051359,3.172475,-1.396690,-3.092811,-5.614113,4.159986,0.000000,201.000000,4.000000,,,,0.000000,4.000000,4.000000,4.000000,4.000000,4.000000,4.000000,4.000000,4.000000,2.000000,4.000000,4.000000,4.000000,4.000000,4.000000,4.000000,4.000000,4.000000,4.000000,2.000000,4.000000,4.000000,2.000000,4.000000,4.000000,4.000000,4.000000,4.000000,4.000000,4.000000,4.000000,4.000000,4.000000,50.000000
1614076770.633210,92.000000,0.000000,-1.868767,0.988741,2.999914,-1.391661,1.527286,1.578181,1.145545,-6.990961,-2.109585,2.204479,-0.346051,8.196264,2.585690,-4.558636,-20.828943,-57.718311,-10.836745,-33.193565,-4.026605,-12.718430,-5.722131,-7.342532,5.688651,-1.810112,-7.861880,3.146674,10.041307,3.169303,-1.908114,-3.089718,-0.480294,4.668647,0.000000,161.000000,4.000000,,,,0.000000,4.000000,4.000000,4.000000,4.000000,4.000000,4.000000,4.000000,4.000000,2.000000,4.000000,4.000000,4.000000,4.000000,4.000000,4.000000,4.000000,4.000000,4.000000,2.000000,4.000000,4.000000,4.000000,4.000000,4.000000,4.000000,4.000000,4.000000,4.000000,4.000000,4.000000,4.000000,4.000000,66.666664
1614076770.640959,93.000000,0.000000,-1.866898,0.474932,3.509734,3.225115,1.525758,2.089423,5.759784,-5.445508,-2.620296,3.740736,-2.396987,7.162427,2.070284,-6.605360,-20.295294,-33.558029,-11.338729,-15.724475,-9.663604,-16.295456,-5.716409,-6.822369,4.657321,-1.808302,-7.854018,3.143528,7.467164,3.166133,-1.906206,-4.112269,0.545827,4.151157,0.000000,198.000000,4.000000,,,,0.000000,4.000000,4.000000,4.000000,4.000000,4.000000,4.000000,4.000000,4.000000,2.000000,4.000000,4.000000,4.000000,4.000000,4.000000,4.000000,4.000000,4.000000,4.000000,2.000000,4.000000,4.000000,4.000000,4.000000,4.000000,4.000000,4.000000,4.000000,4.000000,4.000000,4.000000,4.000000,4.000000,66.666664
1614076770.648608,94.000000,0.000000,-1.352211,1.500098,6.583148,5.785993,1.524233,1.574513,7.805306,0.200963,-2.617675,3.224174,-0.856128,9.719367,9.247701,-1.470549,-6.941665,-5.319341,-8.250467,9.419456,3.166572,-6.022749,-1.608129,-7.328367,4.652664,-2.319314,-7.846164,2.627563,7.459696,3.162967,-1.904300,-3.082516,-0.480359,4.147007,0.000000,214.000000,4.000000,,,,0.000000,4.000000,4.000000,4.000000,4.000000,4.000000,4.000000,4.000000,4.000000,2.000000,4.000000,4.000000,4.000000,4.000000,4.000000,4.000000,4.000000,4.000000,4.000000,2.000000,4.000000,4.000000,4.000000,4.000000,4.000000,4.000000,4.000000,4.000000,4.000000,4.000000,4.000000,4.000000,4.000000,66.666664
1614076770.656357,95.000000,0.000000,-1.863679,4.062701,7.089385,4.754566,1.009888,1.572939,7.797501,4.816146,-2.102237,3.733771,2.734471,10.735289,13.853838,5.197588,4.347328,-0.185817,-6.703755,5.820292,8.291611,0.137120,-1.093700,-7.833859,4.648011,-1.804174,-7.838318,3.137757,7.965057,3.159804,-1.902395,-3.079434,2.597044,4.655680,0.000000,192.000000,4.000000,,,,0.000000,4.000000,4.000000,4.000000,4.000000,4.000000,4.000000,4.000000,4.000000,2.000000,4.000000,4.000000,4.000000,4.000000,4.000000,4.000000,4.000000,4.000000,4.000000,2.000000,4.000000,4.000000,4.000000,4.000000,4.000000,4.000000,4.000000,4.000000,4.000000,4.000000,4.000000,4.000000,4.000000,66.666664
1614076770.664006,96.000000,0.000000,-1.861816,5.084279,4.518193,5.262632,-1.555225,2.597007,7.789703,4.811330,-3.125776,2.191576,0.167634,10.211733,12.814342,6.730852,4.342981,-16.595888,-4.645769,-19.826553,3.667934,-2.939941,-4.169529,-6.287564,4.643363,-1.289549,-7.317659,3.647439,8.469913,3.156645,-1.900493,-3.589175,4.132908,4.651024,8064.000000,0.000000,4.000000,,,,0.000000,4.000000,4.000000,4.000000,4.000000,4.000000,4.000000,4.000000,4.000000,2.000000,4.000000,4.000000,4.000000,4.000000,4.000000,4.000000,4.000000,4.000000,4.000000,2.000000,4.000000,4.000000,4.000000,4.000000,4.000000,4.000000,4.000000,4.000000,4.000000,4.000000,4.000000,4.000000,4.000000,66.666664
1614076770.671855,97.000000,0.000000,-1.347133,5.079195,2.975213,4.744548,-5.143413,-0.482513,5.730631,4.293699,-7.225214,-2.426001,-7.012021,10.714342,11.263067,4.672839,2.287356,-20.681856,-2.589841,-11.601599,8.279652,-0.885719,-5.703821,1.411031,3.613078,-5.390824,-7.823162,1.592510,5.897340,3.153488,-1.898592,-3.585586,-3.050712,3.107912,8064.000000,0.000000,4.000000,,,,0.000000,4.000000,4.000000,4.000000,4.000000,4.000000,4.000000,4.000000,4.000000,2.000000,4.000000,4.000000,4.000000,4.000000,4.000000,4.000000,4.000000,4.000000,4.000000,2.000000,4.000000,4.000000,4.000000,4.000000,4.000000,4.000000,4.000000,4.000000,4.000000,4.000000,4.000000,4.000000,4.000000,66.666664
1614076770.679604,98.000000,0.000000,-1.858607,4.561295,2.972238,2.175701,-8.215193,-7.148697,3.673619,4.802226,-10.294912,-4.987677,-9.056291,8.139525,9.713343,-0.460039,3.823530,-2.199635,-2.587252,8.410003,5.707269,-0.372012,-5.185297,2.948082,1.558183,-12.564920,-7.815339,-1.486006,1.276058,3.150334,-1.896694,-3.582000,-11.765610,1.053522,8064.000000,0.000000,4.000000,,,,0.000000,4.000000,4.000000,4.000000,4.000000,4.000000,4.000000,4.000000,4.000000,2.000000,4.000000,4.000000,4.000000,4.000000,4.000000,4.000000,4.000000,4.000000,4.000000,2.000000,4.000000,4.000000,4.000000,4.000000,4.000000,4.000000,4.000000,4.000000,4.000000,4.000000,4.000000,4.000000,4.000000,66.666664
1614076770.687453,99.000000,0.000000,-3.908030,5.069554,2.969266,0.635064,-10.258260,-9.705651,4.182766,4.797423,-9.771796,-3.957049,-10.072875,3.516001,9.190808,-11.741631,-0.795678,-8.864102,-5.148767,-11.085587,-13.272798,-11.140871,-8.257035,-6.798456,0.018164,-14.090816,-6.781882,-0.458879,-0.263679,3.147184,-1.894797,-3.578418,-11.753844,0.026827,8064.000000,0.000000,4.000000,,,,0.000000,4.000000,4.000000,4.000000,4.000000,4.000000,4.000000,4.000000,4.000000,2.000000,4.000000,4.000000,4.000000,4.000000,4.000000,4.000000,4.000000,4.000000,4.000000,2.000000,4.000000,4.000000,4.000000,4.000000,4.000000,4.000000,4.000000,4.000000,4.000000,4.000000,4.000000,4.000000,4.000000,66.666664
1614076770.695202,100.000000,0.000000,-5.955404,5.577305,2.966297,1.147250,-10.248001,-6.619023,2.127301,4.279805,-9.249205,-4.465912,-14.678187,2.486844,9.181618,-19.422195,-7.974370,-32.957802,-6.682080,-20.818090,-12.233884,-20.873320,-14.402624,-10.894221,1.043786,-13.051085,-10.364844,-1.996881,-0.776236,3.144037,-2.405723,-3.062019,-8.152347,0.026800,8064.000000,0.000000,4.000000,,,,0.000000,4.000000,4.000000,4.000000,4.000000,4.000000,4.000000,4.000000,4.000000,2.000000,4.000000,4.000000,4.000000,4.000000,4.000000,4.000000,4.000000,4.000000,4.000000,2.000000,4.000000,4.000000,4.000000,4.000000,4.000000,4.000000,4.000000,4.000000,4.000000,4.000000,4.000000,4.000000,4.000000,66.666664
1614076770.703051,101.000000,0.000000,-5.436628,2.494805,2.963330,1.146102,-9.724933,-6.612404,-2.490211,4.275526,-11.291237,-4.461446,-17.227612,1.458716,9.172436,-20.941235,-9.504857,-25.232536,-6.675397,6.895035,9.316812,-20.339626,-17.977964,-9.344866,1.042743,-15.089316,-16.508326,-9.687192,-3.339563,3.140893,-4.454599,-4.597418,-8.657015,0.539594,8064.000000,0.000000,4.000000,,,,0.000000,4.000000,4.000000,4.000000,4.000000,4.000000,4.000000,4.000000,4.000000,2.000000,4.000000,4.000000,4.000000,4.000000,4.000000,4.000000,4.000000,4.000000,4.000000,2.000000,4.000000,4.000000,4.000000,4.000000,4.000000,4.000000,4.000000,4.000000,4.000000,4.000000,4.000000,4.000000,4.000000,66.666664
1614076770.710800,102.000000,0.000000,-5.431191,-2.123075,2.447546,1.144956,-10.228028,-9.169894,-4.539003,4.271250,-12.818407,-3.944164,-16.697563,-0.594025,9.163263,-21.945936,-8.982532,-14.438073,-6.668722,3.298396,10.845957,-20.319286,-17.959988,-12.412444,0.016059,-16.612688,-18.543098,-11.215966,-3.336223,2.624932,-4.962965,-7.156924,-11.725281,0.026234,8064.000000,0.000000,4.000000,,,,0.000000,4.000000,4.000000,4.000000,4.000000,4.000000,4.000000,4.000000,4.000000,2.000000,4.000000,4.000000,4.000000,4.000000,4.000000,4.000000,4.000000,4.000000,4.000000,2.000000,4.000000,4.000000,4.000000,4.000000,4.000000,4.000000,4.000000,4.000000,4.000000,4.000000,4.000000,4.000000,4.000000,66.666664
1614076770.718649,103.000000,0.000000,-5.425760,-3.146592,2.957920,1.143811,-9.704980,-9.673545,-3.508823,4.266979,-13.831230,-4.965861,-13.603943,-1.106251,9.154100,-13.206040,-8.973549,-26.218508,-7.174874,-19.781826,-0.446941,-20.298967,-9.736898,-4.194903,1.554504,-18.134537,-16.986094,-1.973981,-0.768784,3.135127,-5.983643,-5.098485,-11.713555,0.026208,8064.000000,0.000000,4.000000,,,,0.000000,4.000000,4.000000,4.000000,4.000000,4.000000,4.000000,4.000000,4.000000,2.000000,4.000000,4.000000,4.000000,4.000000,4.000000,4.000000,4.000000,4.000000,4.000000,2.000000,4.000000,4.000000,4.000000,4.000000,4.000000,4.000000,4.000000,4.000000,4.000000,4.000000,4.000000,4.000000,4.000000,66.666664
1614076770.726398,104.000000,0.000000,-3.369053,-2.630625,3.467782,1.142668,-9.695274,-9.663871,-3.505314,4.262712,-13.817399,-2.909613,-5.898031,-0.592325,9.144946,0.653319,-8.964576,-30.294853,-5.629238,-5.915890,5.707353,-10.535079,6.683095,15.809292,6.681155,-17.090761,-10.815262,3.669018,0.257626,5.183274,-5.977660,-0.990822,-10.163381,3.103105,8064.000000,0.000000,4.000000,,,,0.000000,4.000000,4.000000,4.000000,4.000000,4.000000,4.000000,4.000000,4.000000,2.000000,4.000000,4.000000,4.000000,4.000000,4.000000,4.000000,4.000000,4.000000,4.000000,2.000000,4.000000,4.000000,4.000000,4.000000,4.000000,4.000000,4.000000,4.000000,4.000000,4.000000,4.000000,4.000000,4.000000,66.666664
1614076770.734247,105.000000,0.000000,-1.314402,-2.627995,1.925853,1.141525,-9.685579,-7.602925,-4.014629,4.258449,-12.265120,2.734322,-0.763928,-0.591732,9.135801,3.216769,-9.981252,-28.726097,-3.572326,5.372077,10.829850,-1.806595,17.958462,14.767841,9.238576,-5.278799,-2.086498,2.639708,2.308650,7.229373,2.233446,0.548630,-8.101935,7.202566,8064.000000,0.000000,4.000000,,,,0.000000,4.000000,4.000000,4.000000,4.000000,4.000000,4.000000,4.000000,4.000000,2.000000,4.000000,4.000000,4.000000,4.000000,4.000000,4.000000,4.000000,4.000000,4.000000,2.000000,4.000000,4.000000,4.000000,4.000000,4.000000,4.000000,4.000000,4.000000,4.000000,4.000000,4.000000,4.000000,4.000000,66.666664
1614076770.741996,106.000000,0.000000,-1.825908,-3.138187,3.975209,1.140383,-7.624612,-3.492758,-3.497794,4.767011,-7.637470,7.859793,-0.763164,-0.591141,9.126665,5.264834,-6.894348,-18.440960,-2.543113,-11.043551,-3.027133,-7.445814,14.350760,-5.759747,6.152415,8.572634,-0.545950,2.124248,4.357624,6.709323,8.897880,0.035261,-7.068192,8.221004,8064.000000,0.000000,4.000000,,,,0.000000,4.000000,4.000000,4.000000,4.000000,4.000000,4.000000,4.000000,4.000000,2.000000,4.000000,4.000000,4.000000,4.000000,4.000000,4.000000,4.000000,4.000000,4.000000,2.000000,4.000000,4.000000,4.000000,4.000000,4.000000,4.000000,4.000000,4.000000,4.000000,4.000000,4.000000,4.000000,4.000000,66.666664
1614076770.749845,107.000000,0.000000,-1.824082,-2.622229,9.099439,1.139243,-5.565705,-0.925163,-3.494296,4.762244,-5.065730,8.364754,-0.762401,-0.590549,9.117538,11.926235,1.317675,5.680045,-2.540570,-13.083790,-5.075388,-13.079393,6.644102,-11.907834,4.607801,8.564061,-5.673609,3.660585,2.301984,6.702613,0.171033,-1.503236,-7.573945,7.699963,8064.000000,0.000000,4.000000,,,,0.000000,4.000000,4.000000,4.000000,4.000000,4.000000,4.000000,4.000000,4.000000,2.000000,4.000000,4.000000,4.000000,4.000000,4.000000,4.000000,4.000000,4.000000,4.000000,2.000000,4.000000,4.000000,4.000000,4.000000,4.000000,4.000000,4.000000,4.000000,4.000000,4.000000,4.000000,4.000000,4.000000,66.666664
1614076770.757594,108.000000,0.000000,-1.309437,-2.619606,8.577518,1.138104,-6.072960,-1.949878,-3.490802,2.706200,-6.086306,2.715363,-1.274459,-0.589959,9.108421,2.170720,2.854819,-0.992302,-3.050850,-0.763013,14.929688,-8.963750,3.047714,-4.203618,5.116014,2.401651,-7.719218,3.656925,0.248400,7.208732,-10.085548,-3.553015,-7.566370,7.692263,8064.000000,0.000000,4.000000,,,,0.000000,4.000000,4.000000,4.000000,4.000000,4.000000,4.000000,4.000000,4.000000,2.000000,4.000000,4.000000,4.000000,4.000000,4.000000,4.000000,4.000000,4.000000,4.000000,2.000000,4.000000,4.000000,4.000000,4.000000,4.000000,4.000000,4.000000,4.000000,4.000000,4.000000,4.000000,4.000000,4.000000,66.666664
1614076770.765443,109.000000,0.000000,-1.820948,-2.616987,3.440736,1.136966,-6.066887,-1.947929,-3.487311,1.677853,-6.080219,-5.492480,-4.350108,-0.589369,9.099313,-14.754528,2.339144,-24.068232,-2.534978,-2.300712,12.350655,-4.339402,2.019026,-2.660953,4.598077,1.886429,-7.198678,2.627627,0.248151,6.688702,-6.485719,-3.549461,-7.045983,8.197391,8064.000000,0.000000,4.000000,,,,0.000000,4.000000,4.000000,4.000000,4.000000,4.000000,4.000000,4.000000,4.000000,2.000000,4.000000,4.000000,4.000000,4.000000,4.000000,4.000000,4.000000,4.000000,4.000000,2.000000,4.000000,4.000000,4.000000,4.000000,4.000000,4.000000,4.000000,4.000000,4.000000,4.000000,4.000000,4.000000,4.000000,66.666664
1614076770.773192,110.000000,0.000000,-1.306307,-2.614370,1.898834,1.135829,-6.060820,-1.433160,-2.971003,-1.913569,-5.561318,-8.563910,-4.858578,-1.101600,9.603034,-15.252594,6.952189,-6.608267,0.544480,-6.913796,-16.379644,-5.873524,0.991366,-4.196754,4.593479,2.397363,-7.704300,2.624999,0.247903,6.682014,-1.351028,-3.545912,-7.551758,7.676373,8064.000000,0.000000,4.000000,,,,0.000000,4.000000,4.000000,4.000000,4.000000,4.000000,4.000000,4.000000,4.000000,2.000000,4.000000,4.000000,4.000000,4.000000,4.000000,4.000000,4.000000,4.000000,4.000000,2.000000,4.000000,4.000000,4.000000,4.000000,4.000000,4.000000,4.000000,4.000000,4.000000,4.000000,4.000000,4.000000,4.000000,66.666664
1614076770.781041,111.000000,0.000000,-2.330642,-2.611755,3.435397,1.134693,-6.054760,-1.431727,-3.480853,-7.552681,-6.068578,-7.529706,-5.366540,-1.100498,8.567790,-14.211700,1.304211,-4.037556,-0.994526,-6.394062,-15.850445,-6.380471,0.990374,-3.679736,4.076065,1.369324,-8.209416,3.648015,0.247655,7.188152,-1.862498,-4.055187,-7.544206,7.668696,8064.000000,0.000000,4.000000,,,,0.000000,4.000000,4.000000,4.000000,4.000000,4.000000,4.000000,4.000000,4.000000,2.000000,4.000000,4.000000,4.000000,4.000000,4.000000,4.000000,4.000000,4.000000,4.000000,2.000000,4.000000,4.000000,4.000000,4.000000,4.000000,4.000000,4.000000,4.000000,4.000000,4.000000,4.000000,4.000000,4.000000,66.666664
1614076770.788791,112.000000,0.000000,-6.430875,-2.609144,2.919141,1.133558,-6.048705,-2.968757,-6.041474,-11.647693,-6.062509,-8.547817,-11.002199,-0.586577,5.482299,-20.864155,-17.158632,-36.341209,-7.660199,-5.362027,12.370534,-4.835629,0.989384,-5.214518,-0.030575,0.855135,-8.201206,0.567444,-0.265413,5.129682,-2.373456,-3.538311,-7.536662,7.661028,8064.000000,0.000000,4.000000,,,,0.000000,4.000000,4.000000,4.000000,4.000000,4.000000,4.000000,4.000000,4.000000,2.000000,4.000000,4.000000,4.000000,4.000000,4.000000,4.000000,4.000000,4.000000,4.000000,2.000000,4.000000,4.000000,4.000000,4.000000,4.000000,4.000000,4.000000,4.000000,4.000000,4.000000,4.000000,4.000000,4.000000,66.666664
1614076770.796639,113.000000,0.000000,-9.501367,-2.606534,2.403401,1.132424,-6.042656,-5.017070,-7.573895,-10.610404,-6.056447,-8.539269,-10.991197,-1.098811,4.963996,-14.176624,-19.192755,-32.715126,-11.242282,-3.818203,6.204318,-10.471819,-7.216733,-7.260586,-3.620288,0.341459,-7.680185,-6.099790,-0.265147,1.021988,-1.858262,-3.534773,-7.529125,7.653367,8064.000000,0.000000,4.000000,,,,0.000000,4.000000,4.000000,4.000000,4.000000,4.000000,4.000000,4.000000,4.000000,2.000000,4.000000,4.000000,4.000000,4.000000,4.000000,4.000000,4.000000,4.000000,4.000000,2.000000,4.000000,4.000000,4.000000,4.000000,4.000000,4.000000,4.000000,4.000000,4.000000,4.000000,4.000000,4.000000,4.000000,66.666664
1614076770.804389,114.000000,0.000000,-8.979045,-2.603928,2.913818,1.131292,-6.036613,-6.037694,-7.053500,-9.061332,-6.050390,-5.966628,-3.800718,-0.072071,5.471853,1.222167,-8.917151,0.138102,-10.718219,-12.532333,-22.007015,-21.230577,-14.389004,-6.227684,-2.591027,-2.222985,-7.672504,-8.657793,0.760759,-1.030316,-1.343583,-3.531238,-7.521596,7.645713,8064.000000,0.000000,4.000000,,,,0.000000,4.000000,4.000000,4.000000,4.000000,4.000000,4.000000,4.000000,4.000000,2.000000,4.000000,4.000000,4.000000,4.000000,4.000000,4.000000,4.000000,4.000000,4.000000,2.000000,4.000000,4.000000,4.000000,4.000000,4.000000,4.000000,4.000000,4.000000,4.000000,4.000000,4.000000,4.000000,4.000000,66.666664
1614076770.812038,115.000000,0.000000,-8.970066,-2.088504,2.398084,1.130161,-6.030577,-6.031656,-7.559267,-10.590732,-5.531519,-4.422199,-0.719995,5.056206,3.927919,3.785048,-4.805671,-3.964600,-8.656219,-20.212109,-15.831161,-18.645245,-8.220769,-4.170174,1.514128,-2.733583,-8.177652,-6.597853,-0.265643,-0.516465,-1.855060,-3.527707,-7.514075,7.638068,8064.000000,0.000000,4.000000,,,,0.000000,4.000000,4.000000,4.000000,4.000000,4.000000,4.000000,4.000000,4.000000,2.000000,4.000000,4.000000,4.000000,4.000000,4.000000,4.000000,4.000000,4.000000,4.000000,2.000000,4.000000,4.000000,4.000000,4.000000,4.000000,4.000000,4.000000,4.000000,4.000000,4.000000,4.000000,4.000000,4.000000,66.666664
1614076770.819787,116.000000,0.000000,-9.473917,-3.624876,2.908506,1.129031,-6.024546,-5.512804,-6.013247,-7.503218,-6.551629,-1.853675,0.306366,9.153713,9.565017,2.242801,6.994007,-8.063200,-1.980896,-3.268820,10.338515,1.373400,3.582324,-2.627542,4.589537,-1.192387,-6.118193,-3.514332,-0.265377,-0.515949,-2.366025,-1.985717,-7.506561,7.630430,8064.000000,0.000000,4.000000,,,,0.000000,4.000000,4.000000,4.000000,4.000000,4.000000,4.000000,4.000000,4.000000,2.000000,4.000000,4.000000,4.000000,4.000000,4.000000,4.000000,4.000000,4.000000,4.000000,2.000000,4.000000,4.000000,4.000000,4.000000,4.000000,4.000000,4.000000,4.000000,4.000000,4.000000,4.000000,4.000000,4.000000,66.666664
1614076770.827436,117.000000,0.000000,-8.951622,-2.082790,4.444059,1.127902,-6.018521,-3.456009,-1.391849,6.863259,-6.032257,2.250743,4.921445,11.195842,21.350325,6.343122,23.910089,12.970505,6.739034,15.708808,17.507664,14.705360,9.732588,-0.573633,7.661870,0.860087,-2.009511,2.130208,7.427196,-1.028253,-1.338018,0.067550,-7.499054,7.622799,8064.000000,0.000000,4.000000,,,,0.000000,4.000000,4.000000,4.000000,4.000000,4.000000,4.000000,4.000000,4.000000,2.000000,4.000000,4.000000,4.000000,4.000000,4.000000,4.000000,4.000000,4.000000,4.000000,2.000000,4.000000,4.000000,4.000000,4.000000,4.000000,4.000000,4.000000,4.000000,4.000000,4.000000,4.000000,4.000000,4.000000,66.666664
1614076770.835185,118.000000,0.000000,-9.455491,0.996216,6.490897,1.126774,-6.525323,-1.914092,0.660825,13.010242,-2.949301,3.786954,6.967805,10.159005,24.405897,6.336780,20.809256,2.188303,8.783577,12.103355,14.926054,9.049629,7.671573,0.452582,8.167029,0.859227,-0.469040,6.743462,12.035153,-0.514405,0.714602,0.580303,-7.491555,7.615176,8064.000000,0.000000,4.000000,,,,0.000000,4.000000,4.000000,4.000000,4.000000,4.000000,4.000000,4.000000,4.000000,2.000000,4.000000,4.000000,4.000000,4.000000,4.000000,4.000000,4.000000,4.000000,4.000000,2.000000,4.000000,4.000000,4.000000,4.000000,4.000000,4.000000,4.000000,4.000000,4.000000,4.000000,4.000000,4.000000,4.000000,66.666664
1614076770.842834,119.000000,0.000000,-8.933215,-3.107345,6.484406,1.125647,-6.005978,-1.912178,0.147344,-2.387383,-3.459172,3.270346,3.883914,5.020641,18.227644,0.176597,7.967935,-23.967731,5.185050,5.424586,11.321384,1.861093,0.997235,0.964950,6.107580,1.371188,-0.981391,6.223898,2.279528,-0.513890,0.201067,-3.010020,-7.484064,7.094741,8064.000000,0.000000,4.000000,,,,0.000000,4.000000,4.000000,4.000000,4.000000,4.000000,4.000000,4.000000,4.000000,2.000000,4.000000,4.000000,4.000000,4.000000,4.000000,4.000000,4.000000,4.000000,4.000000,2.000000,4.000000,4.000000,4.000000,4.000000,4.000000,4.000000,4.000000,4.000000,4.000000,4.000000,4.000000,4.000000,4.000000,66.666664
1614076770.850583,120.000000,0.000000,-8.924282,-5.668340,6.477922,1.124521,-3.948690,-1.910266,0.660017,-15.205509,-8.583919,3.779896,1.315928,0.400236,13.081212,-1.874862,5.395864,-18.302738,1.077300,1.829417,4.130576,2.884873,-1.055045,0.451164,4.563011,1.369817,0.045231,6.217674,-4.389418,-1.026197,-1.850417,-3.007010,-7.476579,8.113287,8064.000000,0.000000,4.000000,,,,0.000000,4.000000,4.000000,4.000000,4.000000,4.000000,4.000000,4.000000,4.000000,2.000000,4.000000,4.000000,4.000000,4.000000,4.000000,4.000000,4.000000,4.000000,4.000000,2.000000,4.000000,4.000000,4.000000,4.000000,4.000000,4.000000,4.000000,4.000000,4.000000,4.000000,4.000000,4.000000,4.000000,66.666664
1614076770.858233,121.000000,0.000000,-9.428178,1.003995,6.984265,1.123397,-1.893459,-1.395535,0.146537,-13.139021,-10.113796,2.750476,-0.736670,-2.164267,12.555310,-1.360167,4.877647,-9.566486,-0.462239,-3.300617,4.126445,2.881988,2.022933,-1.600569,5.071269,-1.195655,-0.467634,6.724277,2.281638,0.000470,-1.848566,3.149843,-7.469103,10.669276,8064.000000,0.000000,4.000000,,,,0.000000,4.000000,4.000000,4.000000,4.000000,4.000000,4.000000,4.000000,4.000000,2.000000,4.000000,4.000000,4.000000,4.000000,4.000000,4.000000,4.000000,4.000000,4.000000,2.000000,4.000000,4.000000,4.000000,4.000000,4.000000,4.000000,4.000000,4.000000,4.000000,4.000000,4.000000,4.000000,4.000000,66.666664
1614076770.865982,122.000000,0.000000,-7.367468,6.131196,6.464460,1.122273,-2.404386,-1.906960,0.146390,-14.151524,-9.590861,-0.329198,-1.761574,-1.136462,12.542755,-1.358807,1.795847,-14.172304,2.102326,3.882171,9.763345,1.340644,-0.030372,-2.624609,6.091838,-1.194460,-0.467167,5.691912,6.894741,2.564573,-2.359538,7.762077,-7.461634,10.658607,8064.000000,0.000000,4.000000,,,,0.000000,4.000000,4.000000,4.000000,4.000000,4.000000,4.000000,4.000000,4.000000,2.000000,4.000000,4.000000,4.000000,4.000000,4.000000,4.000000,4.000000,4.000000,4.000000,2.000000,4.000000,4.000000,4.000000,4.000000,4.000000,4.000000,4.000000,4.000000,4.000000,4.000000,4.000000,4.000000,4.000000,66.666664
1614076770.873631,123.000000,0.000000,-2.744716,4.586604,6.457995,1.121151,-2.401982,-1.905053,4.761628,-14.650192,-10.094091,-1.354510,-1.759813,6.556983,12.017391,-1.870268,2.819692,-14.158133,6.202788,20.801365,16.420248,5.441868,2.533762,-0.570703,15.316516,3.422119,9.276890,9.275964,9.964769,3.587649,-1.844358,7.241495,-7.454172,11.160769,8064.000000,0.000000,4.000000,,,,0.000000,4.000000,4.000000,4.000000,4.000000,4.000000,4.000000,4.000000,4.000000,2.000000,4.000000,4.000000,4.000000,4.000000,4.000000,4.000000,4.000000,4.000000,4.000000,2.000000,4.000000,4.000000,4.000000,4.000000,4.000000,4.000000,4.000000,4.000000,4.000000,4.000000,4.000000,4.000000,4.000000,66.666664
1614076770.881380,124.000000,0.000000,-0.690689,5.094838,6.964358,1.120030,-2.399580,-1.390327,8.346610,1.261894,-7.519895,0.698127,-1.758053,13.729913,12.005374,-1.355577,5.380975,-12.092692,8.247868,24.883127,26.147417,10.051810,13.813279,0.455509,25.557610,5.469979,18.498383,13.369252,17.647112,3.071241,0.721589,6.721433,-7.446718,12.175249,8064.000000,0.000000,4.000000,,,,0.000000,4.000000,4.000000,4.000000,4.000000,4.000000,4.000000,4.000000,4.000000,2.000000,4.000000,4.000000,4.000000,4.000000,4.000000,4.000000,4.000000,4.000000,4.000000,2.000000,4.000000,4.000000,4.000000,4.000000,4.000000,4.000000,4.000000,4.000000,4.000000,4.000000,4.000000,4.000000,4.000000,66.666664
1614076770.889029,125.000000,0.000000,-1.715639,3.551281,5.931753,1.118910,-2.397180,-2.927398,6.286982,12.029862,-6.999554,3.774352,-1.243474,14.229003,12.506189,-1.354222,5.888414,-9.003676,7.726799,13.063374,22.018705,3.887913,9.184081,0.455053,21.942308,5.464509,13.864499,11.304601,13.526901,3.068170,-1.330415,7.740353,-7.439271,8.060510,8064.000000,0.000000,4.000000,,,,0.000000,4.000000,4.000000,4.000000,4.000000,4.000000,4.000000,4.000000,4.000000,2.000000,4.000000,4.000000,4.000000,4.000000,4.000000,4.000000,4.000000,4.000000,4.000000,2.000000,4.000000,4.000000,4.000000,4.000000,4.000000,4.000000,4.000000,4.000000,4.000000,4.000000,4.000000,4.000000,4.000000,66.666664
1614076770.896878,126.000000,0.000000,-1.713924,-1.580475,3.361718,1.117791,-2.394783,-5.488574,3.716592,2.787064,-9.043837,3.257757,-1.755051,13.701954,12.493683,-1.352868,5.882526,-0.276724,7.719072,-7.975331,-3.131518,-8.936488,-6.722539,-0.058222,10.638314,4.946224,3.594225,6.165091,2.231323,3.065101,-4.406007,7.219791,-7.431832,4.462706,8064.000000,0.000000,4.000000,,,,0.000000,4.000000,4.000000,4.000000,4.000000,4.000000,4.000000,4.000000,4.000000,2.000000,4.000000,4.000000,4.000000,4.000000,4.000000,4.000000,4.000000,4.000000,4.000000,2.000000,4.000000,4.000000,4.000000,4.000000,4.000000,4.000000,4.000000,4.000000,4.000000,4.000000,4.000000,4.000000,4.000000,66.666664
1614076770.904627,127.000000,0.000000,-1.199389,-3.630177,2.332716,1.116673,-2.392388,-3.944623,3.712876,-3.882390,-6.983511,3.254499,-1.240476,14.713893,11.968369,-1.351515,5.363823,-0.789268,8.224174,-18.223766,-14.923259,-8.927552,-4.151714,-0.058164,7.037933,0.325893,2.564990,5.646105,1.716271,3.062036,-0.811858,7.212572,-7.424400,10.099269,8064.000000,0.000000,4.000000,,,,0.000000,4.000000,4.000000,4.000000,4.000000,4.000000,4.000000,4.000000,4.000000,2.000000,4.000000,4.000000,4.000000,4.000000,4.000000,4.000000,4.000000,4.000000,4.000000,2.000000,4.000000,4.000000,4.000000,4.000000,4.000000,4.000000,4.000000,4.000000,4.000000,4.000000,4.000000,4.000000,4.000000,66.666664
1614076770.912476,0.000000,0.000000,-3.249472,-2.600906,2.843203,1.115557,-2.389996,-1.889397,4.221983,0.224056,-2.873963,9.405090,5.427431,13.673538,12.982041,-1.350163,5.871280,-8.480786,7.703129,-0.256824,-1.575002,5.953171,8.672951,3.531638,8.569356,-2.751356,4.100886,6.666100,7.868401,3.058974,2.265877,7.205359,-7.416975,15.217375,0.000000,195.000000,4.000000,,,,0.000000,4.000000,4.000000,4.000000,4.000000,4.000000,4.000000,4.000000,4.000000,2.000000,4.000000,4.000000,4.000000,4.000000,4.000000,4.000000,4.000000,4.000000,4.000000,2.000000,4.000000,4.000000,4.000000,4.000000,4.000000,4.000000,4.000000,4.000000,4.000000,4.000000,4.000000,4.000000,4.000000,66.666664
1614076770.920225,1.000000,0.000000,-5.297504,-3.111125,2.840360,1.114441,-2.387606,-1.887507,4.217761,1.762294,-1.845448,14.011070,10.550209,14.172685,15.533162,-1.348813,9.455152,4.348207,8.208246,19.230612,8.170163,14.665166,9.689919,8.143491,8.047967,1.353960,3.071144,6.146614,7.860533,3.055915,1.750791,7.198154,-7.409559,15.202157,0.000000,198.000000,4.000000,,,,0.000000,4.000000,4.000000,4.000000,4.000000,4.000000,4.000000,4.000000,4.000000,2.000000,4.000000,4.000000,4.000000,4.000000,4.000000,4.000000,4.000000,4.000000,4.000000,2.000000,4.000000,4.000000,4.000000,4.000000,4.000000,4.000000,4.000000,4.000000,4.000000,4.000000,4.000000,4.000000,4.000000,66.666664
1614076770.928074,2.000000,0.000000,-5.292207,-2.595194,2.837520,1.113327,-2.385218,-2.398440,1.136620,0.222070,-1.843603,8.868855,6.949915,14.158512,16.543270,-1.347464,14.061082,16.651552,8.712858,18.185740,8.161993,9.009476,8.654588,8.135347,8.039919,5.455170,2.555253,5.627646,6.314210,3.565680,1.749040,7.703776,-7.402149,14.674134,0.000000,175.000000,4.000000,,,,0.000000,4.000000,4.000000,4.000000,4.000000,4.000000,4.000000,4.000000,4.000000,4.000000,4.000000,4.000000,4.000000,4.000000,4.000000,4.000000,4.000000,4.000000,4.000000,2.000000,4.000000,4.000000,4.000000,4.000000,4.000000,4.000000,4.000000,4.000000,4.000000,4.000000,4.000000,4.000000,4.000000,83.333336
1614076770.935823,3.000000,0.000000,-4.774094,-2.592598,2.321862,1.112213,-2.382833,-1.883222,-2.967080,0.221848,-4.405862,2.706139,2.327581,10.554610,16.013906,-1.346117,13.534200,-2.852279,7.678504,12.013708,6.615369,1.820979,8.645933,8.127212,8.544699,5.449715,3.578338,6.134839,7.846358,3.049294,1.234470,7.183252,-7.907568,12.608178,0.000000,188.000000,4.000000,,,,0.000000,4.000000,4.000000,4.000000,4.000000,4.000000,4.000000,4.000000,4.000000,4.000000,4.000000,4.000000,4.000000,4.000000,4.000000,4.000000,4.000000,4.000000,4.000000,2.000000,4.000000,4.000000,4.000000,4.000000,4.000000,4.000000,4.000000,4.000000,4.000000,4.000000,4.000000,4.000000,4.000000,83.333336
1614076770.943672,4.000000,0.000000,-5.794961,-3.102826,2.832360,1.111101,-2.380450,-1.881338,-4.502575,1.247267,-5.939918,2.703433,2.325253,5.928671,15.997892,-1.344771,12.495025,-15.157120,8.183647,12.514515,-1.083554,2.331978,1.457800,8.631906,6.997693,4.931445,3.061939,6.128705,7.838511,3.046244,2.258877,7.176069,-6.874019,11.057109,0.000000,164.000000,4.000000,,,,0.000000,4.000000,4.000000,4.000000,4.000000,4.000000,4.000000,4.000000,4.000000,4.000000,4.000000,4.000000,4.000000,4.000000,4.000000,4.000000,4.000000,4.000000,4.000000,2.000000,4.000000,4.000000,4.000000,4.000000,4.000000,4.000000,4.000000,4.000000,4.000000,4.000000,4.000000,4.000000,4.000000,83.333336
1614076770.951421,5.000000,0.000000,-4.250705,0.490020,4.880810,1.109990,-2.378070,-1.879457,-3.472431,2.271661,-0.292952,5.264832,2.835748,5.922742,16.494715,-1.343426,11.456888,5.883679,9.201104,15.578924,-5.185034,3.355287,-2.133401,0.418145,9.041977,4.926513,3.058877,6.122576,7.830673,3.556019,9.948926,10.758636,-4.303042,15.661436,0.000000,188.000000,4.000000,,,,0.000000,4.000000,4.000000,4.000000,4.000000,4.000000,4.000000,4.000000,4.000000,4.000000,4.000000,4.000000,4.000000,4.000000,4.000000,4.000000,4.000000,4.000000,4.000000,2.000000,4.000000,4.000000,4.000000,4.000000,4.000000,4.000000,4.000000,4.000000,4.000000,4.000000,4.000000,4.000000,4.000000,83.333336
1614076770.959270,6.000000,0.000000,-5.784915,4.592094,6.414391,1.108880,-2.375691,0.173705,-3.468959,3.807851,4.835546,6.285208,2.320092,6.942461,16.478220,-1.342083,5.804406,3.313693,2.525236,15.050525,6.102202,-3.314735,1.458476,-12.402786,8.007295,5.434407,4.081460,6.116453,7.310022,3.039642,13.015900,11.773519,-3.273098,17.697056,0.000000,204.000000,4.000000,,,,0.000000,4.000000,4.000000,4.000000,4.000000,4.000000,4.000000,4.000000,4.000000,4.000000,4.000000,4.000000,4.000000,4.000000,4.000000,4.000000,4.000000,4.000000,4.000000,2.000000,4.000000,4.000000,4.000000,4.000000,4.000000,4.000000,4.000000,4.000000,4.000000,4.000000,4.000000,4.000000,4.000000,83.333336
1614076770.967019,7.000000,0.000000,-12.958618,3.561861,6.407976,1.107771,-2.373316,2.224813,-3.978310,5.855325,3.292249,6.791744,1.804951,4.884236,13.897639,-1.340740,-3.944988,-25.920391,-8.246520,5.804705,12.249946,-12.029368,-1.619906,-13.416024,-3.795585,5.428973,1.513276,6.110337,5.764250,-1.578782,8.387500,4.582258,-3.782646,13.063975,0.000000,172.000000,4.000000,,,,0.000000,4.000000,4.000000,4.000000,4.000000,4.000000,4.000000,4.000000,4.000000,4.000000,4.000000,4.000000,4.000000,4.000000,4.000000,4.000000,4.000000,4.000000,4.000000,2.000000,4.000000,4.000000,4.000000,4.000000,4.000000,4.000000,4.000000,4.000000,4.000000,4.000000,4.000000,4.000000,4.000000,83.333336
1614076770.974868,8.000000,0.000000,-16.535402,0.994197,6.401568,1.106663,-2.370943,1.709768,-3.461512,4.311008,0.724854,6.784952,2.315967,2.315249,12.345280,-1.339400,-7.017966,-9.997034,-11.828017,1.696336,4.032568,-13.555800,-8.797773,-6.223121,-9.945636,2.346621,-3.103622,6.104226,3.707204,-5.166947,5.302189,-3.627453,-3.778863,10.486809,0.000000,168.000000,4.000000,,,,0.000000,4.000000,4.000000,4.000000,4.000000,4.000000,4.000000,4.000000,4.000000,4.000000,4.000000,4.000000,4.000000,4.000000,4.000000,4.000000,4.000000,4.000000,4.000000,2.000000,4.000000,4.000000,4.000000,4.000000,4.000000,4.000000,4.000000,4.000000,4.000000,4.000000,4.000000,4.000000,4.000000,83.333336
1614076770.982617,9.000000,0.000000,-13.441944,0.993202,6.907987,1.105557,-2.368572,1.708058,-3.458050,-2.872790,1.749770,6.778167,2.313651,2.312934,11.820114,-0.825240,-3.934025,22.833475,-10.277727,9.386947,0.438792,-12.003783,-10.327436,-3.139975,-0.704921,-2.271111,-5.151801,6.610942,1.652215,-3.110498,3.758425,-4.136646,-3.775084,10.989142,0.000000,214.000000,4.000000,,,,0.000000,4.000000,4.000000,4.000000,4.000000,4.000000,4.000000,4.000000,4.000000,4.000000,4.000000,4.000000,4.000000,4.000000,4.000000,4.000000,4.000000,4.000000,4.000000,2.000000,4.000000,4.000000,4.000000,4.000000,4.000000,4.000000,4.000000,4.000000,4.000000,4.000000,4.000000,4.000000,4.000000,83.333336
1614076770.990466,10.000000,0.000000,-11.890040,1.505030,6.901079,1.104451,-1.853382,1.706350,-3.454592,-6.972481,1.748021,6.771389,2.311337,2.823442,9.757012,-2.362876,-11.622398,-8.984229,-10.780270,-3.955773,-0.587288,-15.068703,-9.291469,-3.649655,5.962451,-2.781660,-4.121008,6.091511,0.112101,-1.056105,-1.373538,-3.106868,-3.771309,9.439692,0.000000,197.000000,4.000000,,,,0.000000,4.000000,4.000000,4.000000,4.000000,4.000000,4.000000,4.000000,4.000000,4.000000,4.000000,4.000000,4.000000,4.000000,4.000000,4.000000,4.000000,4.000000,4.000000,2.000000,4.000000,4.000000,4.000000,4.000000,4.000000,4.000000,4.000000,4.000000,4.000000,4.000000,4.000000,4.000000,4.000000,83.333336
1614076770.998215,11.000000,0.000000,-12.903791,0.990704,5.868537,1.103347,-3.902811,1.704643,-3.451137,-6.452688,1.746273,7.277438,2.309026,2.820618,8.208794,-4.924616,-21.354366,-41.282936,-11.795131,-34.721046,-9.304649,-17.617737,-9.282177,-3.646006,3.392386,-2.266058,-4.116887,6.085420,-0.400832,-0.542229,-2.910626,-5.155043,-3.767538,6.866149,0.000000,196.000000,4.000000,,,,0.000000,4.000000,4.000000,4.000000,4.000000,4.000000,4.000000,4.000000,4.000000,4.000000,4.000000,4.000000,4.000000,4.000000,4.000000,4.000000,4.000000,4.000000,4.000000,2.000000,4.000000,4.000000,4.000000,4.000000,4.000000,4.000000,4.000000,4.000000,4.000000,4.000000,4.000000,4.000000,4.000000,83.333336
1614076771.006064,12.000000,0.000000,-12.378067,0.989713,6.888310,1.102243,-6.463011,1.702939,-3.447686,-10.035979,0.206065,5.218878,2.306717,2.304977,10.251867,-5.945332,-11.076602,-20.216013,-9.219234,-23.917097,-10.320986,-12.471913,-9.785715,-3.129539,3.388994,-2.263792,-4.625590,6.592155,0.112390,1.509596,-1.882075,-7.713991,-3.763770,6.346463,0.000000,188.000000,4.000000,,,,0.000000,4.000000,4.000000,4.000000,4.000000,4.000000,4.000000,4.000000,4.000000,4.000000,4.000000,4.000000,4.000000,4.000000,4.000000,4.000000,4.000000,4.000000,4.000000,2.000000,4.000000,4.000000,4.000000,4.000000,4.000000,4.000000,4.000000,4.000000,4.000000,4.000000,4.000000,4.000000,4.000000,83.333336
1614076771.013814,13.000000,0.000000,-11.852869,-0.549738,7.394242,1.613962,-5.430907,1.701236,-3.444239,-14.641328,-4.409526,3.162377,1.791590,3.328313,12.805717,-4.400925,7.908834,12.624715,-7.158732,8.927334,1.484207,-5.279955,-9.775929,-1.587948,5.436887,-2.774348,-4.108144,5.047101,0.112277,3.559368,-3.418654,-7.706277,-3.247186,7.878578,0.000000,207.000000,4.000000,,,,0.000000,4.000000,4.000000,4.000000,4.000000,4.000000,4.000000,4.000000,4.000000,4.000000,4.000000,4.000000,4.000000,4.000000,4.000000,4.000000,4.000000,4.000000,4.000000,2.000000,4.000000,4.000000,4.000000,4.000000,4.000000,4.000000,4.000000,4.000000,4.000000,4.000000,4.000000,4.000000,4.000000,83.333336
1614076771.021463,14.000000,0.000000,-12.353837,-2.600470,2.258643,1.612348,-4.912655,2.725176,-3.953615,-9.498482,-6.456398,3.159215,2.815439,6.401907,12.792912,-4.396524,12.003489,11.586450,-6.125932,7.892765,9.175030,-4.761854,-9.253333,-0.047898,3.892988,-2.258754,-4.104036,0.426669,0.112165,3.555809,-5.466518,-7.185750,-3.243939,7.357879,0.000000,216.000000,4.000000,,,,0.000000,4.000000,4.000000,4.000000,4.000000,4.000000,4.000000,4.000000,4.000000,4.000000,4.000000,4.000000,4.000000,4.000000,4.000000,4.000000,4.000000,4.000000,4.000000,2.000000,4.000000,4.000000,4.000000,4.000000,4.000000,4.000000,4.000000,4.000000,4.000000,4.000000,4.000000,4.000000,4.000000,83.333336
1614076771.029212,15.000000,0.000000,-11.828662,-3.623511,-4.410283,-2.491829,-8.497486,1.696809,-3.436841,-3.847957,-5.937121,2.643235,4.863906,9.472429,11.241657,-6.443410,8.401742,-4.322573,-4.581345,-8.525384,8.140214,-5.782733,-7.192798,0.464970,5.427557,-2.256495,-4.099932,-1.625039,-0.400768,3.039432,-5.973872,-7.178564,-4.266336,5.812059,0.000000,198.000000,4.000000,,,,0.000000,4.000000,4.000000,4.000000,4.000000,4.000000,4.000000,4.000000,4.000000,4.000000,4.000000,4.000000,4.000000,4.000000,4.000000,4.000000,4.000000,4.000000,4.000000,2.000000,4.000000,4.000000,4.000000,4.000000,4.000000,4.000000,4.000000,4.000000,4.000000,4.000000,4.000000,4.000000,4.000000,83.333336
1614076771.036861,16.000000,0.000000,-9.765552,-2.594246,-5.431513,-4.027799,-7.463348,1.182292,-1.894942,-2.305648,-6.956825,3.153413,6.397503,10.488598,12.768877,-0.795941,10.444623,5.425339,-3.038302,7.380578,8.644895,-4.751310,-5.647143,0.464505,9.524693,-2.254238,-4.095832,-1.110594,-0.400367,3.036393,-5.967898,-7.171386,-4.262070,8.883170,0.000000,200.000000,4.000000,,,,0.000000,4.000000,4.000000,4.000000,4.000000,4.000000,4.000000,4.000000,4.000000,4.000000,4.000000,4.000000,4.000000,4.000000,4.000000,4.000000,4.000000,4.000000,4.000000,2.000000,4.000000,4.000000,4.000000,4.000000,4.000000,4.000000,4.000000,4.000000,4.000000,4.000000,4.000000,4.000000,4.000000,83.333336
1614076771.044610,17.000000,0.000000,-8.730145,-0.027549,-3.887620,1.104434,-1.814859,3.232392,0.158235,2.312042,-5.411407,5.714362,5.878285,9.965288,14.807390,8.948444,11.459819,10.035298,-3.035263,19.680889,9.149070,-4.746558,-5.128676,-0.048780,12.079271,-2.764805,-4.091736,-2.135124,0.112854,3.033356,-4.423469,-7.164214,-2.719346,14.515312,0.000000,192.000000,4.000000,,,,0.000000,4.000000,4.000000,4.000000,4.000000,4.000000,4.000000,4.000000,4.000000,4.000000,4.000000,4.000000,4.000000,4.000000,4.000000,4.000000,4.000000,4.000000,4.000000,2.000000,4.000000,4.000000,4.000000,4.000000,4.000000,4.000000,4.000000,4.000000,4.000000,4.000000,4.000000,4.000000,4.000000,83.333336
1614076771.052259,18.000000,0.000000,-8.721415,-1.053163,-6.447835,-0.435132,-6.941249,-0.873405,0.670897,3.335371,-5.918816,5.708647,5.872407,9.955323,12.741301,6.888214,4.268872,-16.641403,-3.032228,-2.390074,4.011716,-5.254632,-5.636368,0.976910,11.554372,-2.249219,-4.087645,-5.209912,-0.400079,3.030323,-7.495968,-7.669870,-7.844831,9.372592,0.000000,214.000000,4.000000,,,,0.000000,4.000000,4.000000,4.000000,4.000000,4.000000,4.000000,4.000000,4.000000,4.000000,4.000000,4.000000,4.000000,4.000000,4.000000,4.000000,4.000000,4.000000,4.000000,2.000000,4.000000,4.000000,4.000000,4.000000,4.000000,4.000000,4.000000,4.000000,4.000000,4.000000,4.000000,4.000000,4.000000,83.333336
1614076771.060008,19.000000,0.000000,-9.225513,-3.103392,-9.005490,-11.203927,-17.190718,-11.641762,-0.355415,-3.847451,-14.118026,3.138836,5.866535,9.945368,8.113175,-3.375084,-2.914884,-28.932455,-3.542017,-14.695376,-0.094860,-5.249378,-6.656372,6.616959,11.029997,-2.759791,-4.596378,-4.691882,0.113141,2.514472,-13.129498,-6.636559,-15.529295,2.696553,0.000000,203.000000,4.000000,,,,0.000000,4.000000,4.000000,4.000000,4.000000,4.000000,4.000000,4.000000,4.000000,4.000000,4.000000,4.000000,4.000000,4.000000,4.000000,4.000000,4.000000,4.000000,4.000000,2.000000,4.000000,4.000000,4.000000,4.000000,4.000000,4.000000,4.000000,4.000000,4.000000,4.000000,4.000000,4.000000,4.000000,83.333336
1614076771.067658,20.000000,0.000000,-8.190647,2.540737,-7.970844,-11.192723,-16.147886,-11.117300,0.670581,-7.433347,-15.642369,2.622877,5.860668,9.935422,8.105062,-3.371709,0.677774,-2.236855,-3.025654,-0.834527,1.956517,-5.244128,-3.572793,12.251368,12.044607,-2.757031,-3.053320,-1.610267,4.215592,3.537599,-8.500983,-4.578641,-10.385560,11.411805,0.000000,190.000000,4.000000,,,,0.000000,4.000000,4.000000,4.000000,4.000000,4.000000,4.000000,4.000000,4.000000,4.000000,4.000000,4.000000,4.000000,4.000000,4.000000,4.000000,4.000000,4.000000,4.000000,2.000000,4.000000,4.000000,4.000000,4.000000,4.000000,4.000000,4.000000,4.000000,4.000000,4.000000,4.000000,4.000000,4.000000,83.333336
1614076771.075407,21.000000,0.000000,-5.618354,11.256145,-5.398770,-0.412300,-7.413790,-0.849772,2.721193,-3.323350,-5.883137,3.133075,5.854807,9.925487,9.122598,-0.291414,2.215558,1.355125,-0.458526,-0.833692,0.416099,-5.238884,1.558985,11.726295,15.109486,1.348290,-0.998984,-0.583016,7.801120,7.636625,1.763928,-3.035601,1.932518,22.682444,0.000000,213.000000,4.000000,,,,0.000000,4.000000,4.000000,4.000000,4.000000,4.000000,4.000000,4.000000,4.000000,4.000000,4.000000,4.000000,4.000000,4.000000,4.000000,4.000000,4.000000,4.000000,4.000000,2.000000,4.000000,4.000000,4.000000,4.000000,4.000000,4.000000,4.000000,4.000000,4.000000,4.000000,4.000000,4.000000,4.000000,83.333336
1614076771.083056,22.000000,0.000000,-2.535813,12.783351,-4.367730,2.665035,-5.355094,3.253642,4.256933,-2.294385,-2.800331,3.129941,5.848953,9.915562,7.062193,-1.829584,-0.350760,-22.748795,0.567574,-13.653372,-0.609958,-5.233645,0.018965,8.124825,15.607197,7.500788,0.027656,-1.095253,10.357422,11.218732,2.787805,-3.032565,5.007508,20.095659,0.000000,190.000000,4.000000,,,,0.000000,4.000000,4.000000,4.000000,4.000000,4.000000,4.000000,4.000000,4.000000,4.000000,4.000000,4.000000,4.000000,4.000000,4.000000,4.000000,4.000000,4.000000,4.000000,2.000000,4.000000,4.000000,4.000000,4.000000,4.000000,4.000000,4.000000,4.000000,4.000000,4.000000,4.000000,4.000000,4.000000,83.333336
1614076771.090905,23.000000,0.000000,-0.994815,11.744926,-4.363363,0.098268,-6.375380,1.711927,3.739856,-3.317732,-9.464197,3.126812,5.843104,9.905645,9.619234,1.249168,13.495745,0.350878,1.592647,1.744897,13.236806,-3.177130,-1.519516,8.116700,14.053128,9.544569,-0.998013,-1.094158,11.885526,10.181872,1.759376,-4.055174,3.464039,13.921718,0.000000,218.000000,4.000000,,,,0.000000,4.000000,4.000000,4.000000,4.000000,4.000000,4.000000,4.000000,4.000000,4.000000,4.000000,4.000000,4.000000,4.000000,4.000000,4.000000,4.000000,4.000000,4.000000,2.000000,4.000000,4.000000,4.000000,4.000000,4.000000,4.000000,4.000000,4.000000,4.000000,4.000000,4.000000,4.000000,4.000000,83.333336
1614076771.098654,24.000000,0.000000,-1.506641,10.194720,-4.358999,1.123811,-5.856184,1.197394,3.736116,-2.801594,-10.480373,3.123685,5.837261,9.895741,17.301922,4.837663,25.789942,29.581297,3.642337,21.230331,22.967159,-0.609850,1.558927,7.595763,16.603178,8.509384,-0.997015,-1.605884,7.771076,10.171691,3.296078,-4.051118,3.973396,13.907796,0.000000,177.000000,4.000000,,,,0.000000,4.000000,4.000000,4.000000,4.000000,4.000000,4.000000,4.000000,4.000000,4.000000,4.000000,4.000000,4.000000,4.000000,4.000000,4.000000,4.000000,4.000000,4.000000,2.000000,4.000000,4.000000,4.000000,4.000000,4.000000,4.000000,4.000000,4.000000,4.000000,4.000000,4.000000,4.000000,4.000000,83.333336
1614076771.106503,25.000000,0.000000,-1.505134,8.133244,-4.867461,2.148328,-5.337507,-2.393547,3.732380,-2.798792,-8.418612,3.120561,5.831423,9.885844,17.284620,-1.321021,7.815434,-2.755977,3.638695,-3.919104,9.098038,-3.686163,0.531727,3.998424,14.022472,9.013695,-0.483197,-1.091458,0.583818,10.674339,-1.835423,-3.021426,0.379679,14.919529,0.000000,189.000000,4.000000,,,,0.000000,4.000000,4.000000,4.000000,4.000000,4.000000,4.000000,4.000000,4.000000,4.000000,4.000000,4.000000,4.000000,4.000000,4.000000,4.000000,4.000000,4.000000,4.000000,2.000000,4.000000,4.000000,4.000000,4.000000,4.000000,4.000000,4.000000,4.000000,4.000000,4.000000,4.000000,4.000000,4.000000,83.333336
1614076771.114252,26.000000,0.000000,-1.503629,8.125110,-4.349773,1.120538,-5.844990,-5.468076,3.728647,-2.795994,-9.435834,3.117440,5.825592,9.875958,13.164771,-5.935085,-8.602638,-29.419888,1.070953,-35.710056,-4.244394,-10.349144,-5.622651,-0.620959,3.752039,7.979040,-0.995535,-1.090366,-0.955228,9.125204,-9.013075,-4.556867,-3.723265,13.878968,0.000000,102.000000,4.000000,,,,0.000000,4.000000,4.000000,4.000000,4.000000,4.000000,4.000000,4.000000,4.000000,4.000000,4.000000,4.000000,4.000000,4.000000,4.000000,4.000000,4.000000,4.000000,4.000000,2.000000,4.000000,4.000000,4.000000,4.000000,4.000000,4.000000,4.000000,4.000000,4.000000,4.000000,4.000000,4.000000,4.000000,83.333336
1614076771.122001,27.000000,0.000000,-1.502126,8.116984,-4.345423,1.119418,-5.839145,-3.411326,3.724919,-2.793197,-9.426398,2.601502,5.819767,9.866082,14.177248,-5.416329,1.662374,3.430045,0.044241,-22.341013,1.913697,-13.415717,-6.642670,-4.722902,1.184185,4.894138,-2.020180,-2.114917,-0.441452,7.064796,-10.029703,-8.142054,-4.232362,13.352269,0.000000,205.000000,4.000000,,,,0.000000,4.000000,4.000000,4.000000,4.000000,4.000000,4.000000,4.000000,4.000000,4.000000,4.000000,4.000000,4.000000,4.000000,4.000000,4.000000,4.000000,4.000000,4.000000,2.000000,4.000000,4.000000,4.000000,4.000000,4.000000,4.000000,4.000000,4.000000,4.000000,4.000000,4.000000,4.000000,4.000000,83.333336
1614076771.129650,28.000000,0.000000,-1.500623,7.596047,-5.366719,1.118299,-5.833306,-2.382274,3.721194,-2.790404,-9.416971,3.111722,5.813947,9.856216,16.727173,-5.410913,5.250455,10.093282,1.069838,-2.318672,8.578449,-12.376660,-6.123206,-3.179718,9.388129,4.889244,2.597224,-0.061520,-0.441010,6.032091,-10.019673,-3.005706,-4.228130,13.851737,0.000000,124.000000,4.000000,,,,0.000000,4.000000,4.000000,4.000000,4.000000,4.000000,4.000000,4.000000,4.000000,4.000000,4.000000,4.000000,4.000000,4.000000,4.000000,4.000000,4.000000,4.000000,4.000000,2.000000,4.000000,4.000000,2.000000,4.000000,4.000000,4.000000,4.000000,4.000000,4.000000,4.000000,4.000000,4.000000,4.000000,66.666664
1614076771.137499,29.000000,0.000000,-1.499123,8.614092,-2.797249,1.117180,-5.827473,0.184211,3.717473,-2.787614,-9.407555,5.672712,5.295312,9.846360,15.684805,-3.354220,-1.934282,-22.224504,0.043127,-5.393276,9.082692,-8.774541,-6.117083,8.105514,12.968484,4.371534,9.261294,6.605208,1.097892,6.538879,-9.496833,7.766531,-3.198261,15.889168,0.000000,219.000000,4.000000,,,,0.000000,4.000000,4.000000,4.000000,4.000000,4.000000,4.000000,4.000000,4.000000,4.000000,4.000000,4.000000,4.000000,4.000000,4.000000,4.000000,4.000000,4.000000,4.000000,2.000000,4.000000,4.000000,2.000000,4.000000,4.000000,4.000000,4.000000,4.000000,4.000000,4.000000,4.000000,4.000000,4.000000,66.666664
1614076771.145248,30.000000,0.000000,-1.497624,11.169580,1.820933,1.116063,-5.821645,4.799411,3.713755,-3.810467,-7.859685,8.743962,5.290017,9.836514,15.156300,3.828622,6.272780,-5.279203,0.555905,4.868527,13.176173,-2.099099,2.606983,20.405100,10.391413,4.879983,10.277674,10.701167,2.635256,6.532340,-1.282208,12.374148,1.933143,17.924561,0.000000,195.000000,4.000000,,,,0.000000,4.000000,4.000000,4.000000,4.000000,4.000000,4.000000,4.000000,4.000000,4.000000,4.000000,4.000000,4.000000,4.000000,4.000000,4.000000,4.000000,4.000000,4.000000,2.000000,4.000000,4.000000,2.000000,4.000000,4.000000,4.000000,4.000000,4.000000,4.000000,4.000000,4.000000,4.000000,4.000000,66.666664
1614076771.153097,31.000000,0.000000,-2.008947,12.184052,3.357573,1.114947,-6.328644,5.820253,3.197221,-3.806657,-6.313365,10.273681,7.848829,9.313857,15.653964,6.901716,18.061380,27.546589,3.119451,29.479044,16.239920,4.569666,14.399247,17.820593,10.893843,9.490488,11.293037,9.664824,6.735185,6.525808,8.462664,10.823313,3.982491,19.445097,0.000000,179.000000,4.000000,,,,0.000000,4.000000,4.000000,4.000000,4.000000,4.000000,4.000000,4.000000,4.000000,4.000000,4.000000,4.000000,4.000000,4.000000,4.000000,4.000000,4.000000,4.000000,4.000000,2.000000,4.000000,4.000000,2.000000,4.000000,4.000000,4.000000,4.000000,4.000000,4.000000,4.000000,4.000000,4.000000,4.000000,66.666664
1614076771.160846,32.000000,0.000000,-1.494117,11.659048,2.841395,1.113832,-5.809495,5.301612,3.706844,-2.777209,-5.281410,10.263407,9.379442,9.304543,15.638309,5.869173,18.043318,25.980581,4.654793,32.526489,15.198039,6.103558,17.974592,9.597644,11.908589,12.557920,15.897129,9.655160,13.395116,6.519282,9.992663,10.812490,3.465688,21.476934,8064.000000,0.000000,4.000000,,,,0.000000,4.000000,4.000000,4.000000,4.000000,4.000000,4.000000,4.000000,4.000000,4.000000,4.000000,4.000000,4.000000,4.000000,4.000000,4.000000,4.000000,4.000000,4.000000,2.000000,4.000000,4.000000,2.000000,4.000000,4.000000,4.000000,4.000000,4.000000,4.000000,4.000000,4.000000,4.000000,4.000000,66.666664
1614076771.168695,33.000000,0.000000,-1.492623,11.647388,3.351374,1.112718,-5.803686,5.809131,3.703137,-3.800073,-6.301770,9.740323,9.370063,10.320880,16.135492,5.863304,16.999634,14.672549,4.650138,19.673449,16.721302,6.610275,16.418156,14.716251,11.383861,12.545362,18.958155,10.158325,15.945824,6.512763,8.957029,11.314498,3.462223,21.968279,8064.000000,0.000000,4.000000,,,,0.000000,4.000000,4.000000,4.000000,4.000000,4.000000,4.000000,4.000000,4.000000,4.000000,4.000000,4.000000,4.000000,4.000000,4.000000,4.000000,4.000000,4.000000,4.000000,2.000000,4.000000,4.000000,2.000000,4.000000,4.000000,4.000000,4.000000,4.000000,4.000000,4.000000,4.000000,4.000000,4.000000,66.666664
1614076771.176444,34.000000,0.000000,-2.003951,11.635741,2.835202,1.111606,-6.310702,5.290502,2.673793,-2.770632,-6.808288,11.269044,12.437615,8.772098,15.093716,6.370261,16.469814,11.068133,4.645488,10.935826,14.653299,6.603665,14.863276,22.906664,11.372477,12.019997,17.913555,9.635346,14.391417,6.506250,9.460893,11.303184,3.458760,21.433489,8064.000000,0.000000,4.000000,,,,0.000000,4.000000,4.000000,4.000000,4.000000,4.000000,4.000000,4.000000,4.000000,4.000000,4.000000,4.000000,4.000000,4.000000,4.000000,4.000000,4.000000,4.000000,4.000000,2.000000,4.000000,4.000000,2.000000,4.000000,4.000000,4.000000,4.000000,4.000000,4.000000,4.000000,4.000000,4.000000,4.000000,66.666664
1614076771.184293,35.000000,0.000000,-0.976306,11.624105,3.345188,1.110494,-4.253109,6.310852,5.235222,8.001369,-0.647634,15.360339,16.527742,9.788966,17.642725,6.363891,17.478985,15.672450,4.128022,10.412069,9.510441,5.571420,12.797131,20.832474,11.361104,11.495156,17.382822,9.625711,14.889845,6.499743,9.451432,10.779059,3.968122,21.412056,8064.000000,0.000000,4.000000,,,,0.000000,4.000000,4.000000,4.000000,4.000000,4.000000,4.000000,4.000000,4.000000,4.000000,4.000000,4.000000,4.000000,4.000000,4.000000,4.000000,4.000000,4.000000,4.000000,2.000000,4.000000,4.000000,2.000000,4.000000,4.000000,4.000000,4.000000,4.000000,4.000000,4.000000,4.000000,4.000000,4.000000,66.666664
1614076771.192042,36.000000,0.000000,3.640055,11.612481,5.905945,1.109383,-0.146292,8.355824,9.845371,19.788240,8.070963,16.883440,18.562496,17.471485,22.240467,5.844707,20.538429,31.041393,4.636715,19.632427,16.167597,6.591490,12.271513,18.760361,10.836923,8.919559,17.878260,9.616085,14.874955,6.493244,8.929160,10.768280,6.528257,21.390644,8064.000000,0.000000,4.000000,,,,0.000000,4.000000,4.000000,4.000000,4.000000,4.000000,4.000000,4.000000,4.000000,4.000000,4.000000,4.000000,4.000000,4.000000,4.000000,4.000000,4.000000,4.000000,4.000000,2.000000,4.000000,4.000000,2.000000,4.000000,4.000000,4.000000,4.000000,4.000000,4.000000,4.000000,4.000000,4.000000,4.000000,66.666664
1614076771.199891,37.000000,0.000000,6.200518,11.600869,4.361578,1.108274,1.905136,7.834647,11.373987,20.281273,9.088532,17.892199,14.441370,20.018116,19.141302,5.326041,14.364044,22.292402,4.119257,17.561512,19.228352,4.533617,13.284883,16.177496,11.338906,7.884998,17.860380,9.606469,12.295978,6.486751,8.920231,10.757512,7.547369,21.369253,8064.000000,0.000000,4.000000,,,,0.000000,4.000000,4.000000,4.000000,4.000000,4.000000,4.000000,4.000000,4.000000,4.000000,4.000000,4.000000,4.000000,4.000000,4.000000,4.000000,4.000000,4.000000,4.000000,2.000000,4.000000,4.000000,2.000000,4.000000,4.000000,4.000000,4.000000,4.000000,4.000000,4.000000,4.000000,4.000000,4.000000,66.666664
1614076771.207640,38.000000,0.000000,6.194317,11.589268,-0.258169,1.619986,1.390410,5.262710,11.362614,17.696888,5.489700,18.387127,7.760262,13.844252,12.455495,6.346356,3.580450,-0.806813,-2.038708,-7.071434,0.234765,-5.727327,8.143393,2.315166,10.301926,8.389934,15.791239,9.596863,10.232400,6.480264,8.911310,10.746755,7.539822,21.347883,8064.000000,0.000000,4.000000,,,,0.000000,4.000000,4.000000,4.000000,4.000000,4.000000,4.000000,4.000000,4.000000,4.000000,4.000000,4.000000,4.000000,4.000000,4.000000,4.000000,4.000000,4.000000,4.000000,2.000000,4.000000,4.000000,2.000000,4.000000,4.000000,4.000000,4.000000,4.000000,4.000000,4.000000,4.000000,4.000000,4.000000,66.666664
1614076771.215489,39.000000,0.000000,6.188123,11.577679,-0.770731,0.592725,1.389020,4.744627,10.325610,17.166370,5.484211,12.214892,5.188399,9.215023,11.930219,5.827189,1.525587,-0.806006,-10.241797,-17.833593,-7.970598,-11.875446,1.981403,-7.943560,7.214701,7.868723,12.185703,9.587266,10.222168,6.473783,9.415219,9.197546,7.019462,19.275253,8064.000000,0.000000,4.000000,,,,0.000000,4.000000,4.000000,4.000000,4.000000,4.000000,4.000000,4.000000,4.000000,4.000000,4.000000,4.000000,4.000000,4.000000,4.000000,4.000000,4.000000,4.000000,4.000000,2.000000,4.000000,4.000000,2.000000,4.000000,4.000000,4.000000,4.000000,4.000000,4.000000,4.000000,4.000000,4.000000,4.000000,66.666664
1614076771.223239,40.000000,0.000000,4.643473,11.566101,-0.769960,1.104953,1.900451,5.765523,8.264002,9.969717,5.478726,2.971909,5.696031,9.205808,10.379827,-1.358125,1.011241,-11.061610,-12.795658,-7.559350,7.934809,-10.325109,0.953781,-1.781770,7.207486,8.373674,10.122235,9.064858,10.724766,6.467310,7.867343,7.649887,5.473981,17.717518,8064.000000,0.000000,4.000000,,,,0.000000,4.000000,4.000000,4.000000,4.000000,4.000000,4.000000,4.000000,4.000000,4.000000,4.000000,4.000000,4.000000,4.000000,4.000000,4.000000,4.000000,4.000000,4.000000,2.000000,4.000000,4.000000,2.000000,4.000000,4.000000,4.000000,4.000000,4.000000,4.000000,4.000000,4.000000,4.000000,4.000000,66.666664
1614076771.231087,41.000000,0.000000,3.100368,11.554535,-0.769190,4.180771,1.385730,5.246937,6.717277,-1.322304,5.473248,1.943296,5.177515,9.709422,7.805345,-2.382408,0.497409,-28.999268,-8.680299,-5.500508,13.567900,-9.801964,0.952827,4.373858,12.328484,8.365301,10.112114,9.568614,10.714041,6.460843,5.808194,6.616596,3.417225,17.699800,8064.000000,0.000000,4.000000,,,,0.000000,4.000000,4.000000,4.000000,4.000000,4.000000,4.000000,4.000000,4.000000,4.000000,4.000000,4.000000,4.000000,4.000000,4.000000,4.000000,4.000000,4.000000,4.000000,2.000000,4.000000,4.000000,2.000000,4.000000,4.000000,4.000000,4.000000,4.000000,4.000000,4.000000,4.000000,4.000000,4.000000,66.666664
1614076771.238837,42.000000,0.000000,4.635729,11.542980,2.821322,4.176590,1.384345,5.241690,7.736200,-4.910725,5.980595,6.043917,7.736440,12.263816,12.925744,7.876385,14.343065,-0.765139,0.559151,0.658839,7.913306,-2.612675,1.977515,4.369484,15.393079,7.844115,10.102001,11.610328,10.703327,6.454382,4.776744,7.635621,3.413808,18.194920,8064.000000,0.000000,4.000000,,,,0.000000,4.000000,4.000000,4.000000,4.000000,4.000000,4.000000,4.000000,4.000000,4.000000,4.000000,4.000000,4.000000,4.000000,4.000000,4.000000,4.000000,4.000000,4.000000,2.000000,4.000000,4.000000,2.000000,4.000000,4.000000,4.000000,4.000000,4.000000,4.000000,4.000000,4.000000,4.000000,4.000000,66.666664
1614076771.246486,43.000000,0.000000,4.631094,11.531438,0.767219,2.121132,1.382960,5.749269,6.702823,-2.854532,1.872050,6.550693,8.754344,12.251552,13.425639,7.868508,18.431286,15.645883,5.686797,12.453052,14.059238,11.748913,7.616563,3.339473,15.377686,9.374733,11.117540,13.137178,10.692624,6.447927,5.797609,7.627985,3.923214,16.638264,8064.000000,0.000000,4.000000,,,,0.000000,4.000000,4.000000,4.000000,4.000000,4.000000,4.000000,4.000000,4.000000,4.000000,4.000000,4.000000,4.000000,4.000000,4.000000,4.000000,4.000000,4.000000,4.000000,2.000000,4.000000,4.000000,2.000000,4.000000,4.000000,4.000000,4.000000,4.000000,4.000000,4.000000,4.000000,4.000000,4.000000,66.666664
1614076771.254235,44.000000,0.000000,2.062360,9.981444,-8.464317,1.093370,1.381577,4.717878,4.132018,-3.364498,-4.796488,6.031322,4.130205,8.136736,5.719906,-8.549617,1.489778,-16.677456,3.629828,-1.918376,16.609282,12.762805,7.608946,3.848954,14.849487,11.929461,9.055140,13.636862,10.681931,6.441479,6.304632,1.979331,3.406471,10.467779,8064.000000,0.000000,4.000000,,,,0.000000,4.000000,4.000000,4.000000,4.000000,4.000000,4.000000,4.000000,4.000000,4.000000,4.000000,4.000000,4.000000,4.000000,4.000000,4.000000,4.000000,4.000000,4.000000,2.000000,4.000000,4.000000,2.000000,4.000000,4.000000,4.000000,4.000000,4.000000,4.000000,4.000000,4.000000,4.000000,4.000000,66.666664
1614076771.261884,45.000000,0.000000,2.060297,7.920181,-12.558417,-1.471826,1.893016,2.661878,3.102245,-3.873954,-6.842974,6.538111,2.074793,9.154241,9.816750,-12.643631,4.565212,-13.583856,5.677481,-10.634406,13.515750,6.596196,1.960312,9.486131,15.347458,11.917531,4.430701,13.623225,11.184070,6.947858,4.759865,-3.663674,3.915885,4.303465,8064.000000,0.000000,4.000000,,,,0.000000,4.000000,4.000000,4.000000,4.000000,4.000000,4.000000,4.000000,4.000000,4.000000,4.000000,4.000000,4.000000,4.000000,4.000000,4.000000,4.000000,4.000000,4.000000,2.000000,4.000000,4.000000,2.000000,4.000000,4.000000,4.000000,4.000000,4.000000,4.000000,4.000000,4.000000,4.000000,4.000000,66.666664
1614076771.269633,46.000000,0.000000,1.545417,7.912261,-11.520218,-5.572918,1.378303,1.633576,3.611963,-1.305977,-5.810490,7.044394,4.636821,14.273292,21.088984,-1.861756,21.996544,19.250240,11.825649,11.427510,25.297106,7.615241,2.471172,12.040748,15.332111,12.931254,2.887809,13.096782,10.660065,6.428090,5.780746,-4.685651,3.911969,2.760700,8064.000000,0.000000,4.000000,,,,0.000000,4.000000,4.000000,4.000000,4.000000,4.000000,4.000000,4.000000,4.000000,4.000000,4.000000,4.000000,4.000000,4.000000,4.000000,4.000000,4.000000,4.000000,4.000000,2.000000,4.000000,4.000000,2.000000,4.000000,4.000000,4.000000,4.000000,4.000000,4.000000,4.000000,4.000000,4.000000,4.000000,66.666664
1614076771.277282,47.000000,0.000000,-1.533052,8.417169,-11.508698,-7.105807,1.376924,1.631942,3.608351,0.746611,-5.804679,6.524529,6.683466,12.720556,18.503794,-2.372715,9.154035,-2.820291,8.224080,-1.404430,22.194885,-1.623144,-1.121043,1.772297,14.803958,12.405502,2.372101,13.083685,7.059661,6.421662,6.800607,-3.655324,1.343954,2.757940,8064.000000,0.000000,4.000000,,,,0.000000,4.000000,4.000000,4.000000,4.000000,4.000000,4.000000,4.000000,4.000000,4.000000,4.000000,4.000000,4.000000,4.000000,4.000000,4.000000,4.000000,4.000000,4.000000,2.000000,4.000000,4.000000,2.000000,4.000000,4.000000,4.000000,4.000000,4.000000,4.000000,4.000000,4.000000,4.000000,4.000000,66.666664
1614076771.285031,48.000000,0.000000,-1.531519,7.895931,-11.497189,-6.073061,2.401189,2.655951,3.091922,1.771505,-6.311695,6.518004,5.138321,10.143733,9.254519,-9.549829,-12.906402,-35.125164,-2.553375,-33.710716,-10.135001,-23.159983,-12.914793,-7.973065,10.686590,5.213610,-2.245656,13.583422,3.462858,6.928061,0.127140,-3.138848,0.316969,3.780823,8064.000000,0.000000,4.000000,,,,0.000000,4.000000,4.000000,4.000000,4.000000,4.000000,4.000000,4.000000,4.000000,4.000000,4.000000,4.000000,4.000000,4.000000,4.000000,4.000000,4.000000,4.000000,4.000000,2.000000,4.000000,4.000000,2.000000,4.000000,4.000000,4.000000,4.000000,4.000000,4.000000,4.000000,4.000000,4.000000,4.000000,66.666664
1614076771.292681,49.000000,0.000000,-1.529987,4.298292,-12.511333,-6.066988,-0.678136,1.627654,3.601651,-0.281549,-5.792563,6.511486,5.646003,10.133590,7.193983,-5.437716,-7.252470,-16.115679,-7.166206,-22.907776,-15.253072,-29.803490,-18.030085,-7.965093,6.060519,-2.996732,-4.807513,9.467274,2.946575,5.382671,-11.155039,-6.212633,-1.221809,2.751401,8064.000000,0.000000,4.000000,,,,0.000000,4.000000,4.000000,4.000000,4.000000,4.000000,4.000000,4.000000,4.000000,4.000000,4.000000,4.000000,4.000000,4.000000,4.000000,4.000000,4.000000,4.000000,4.000000,2.000000,4.000000,4.000000,2.000000,4.000000,4.000000,4.000000,4.000000,4.000000,4.000000,4.000000,4.000000,4.000000,4.000000,66.666664
1614076771.300430,50.000000,0.000000,-6.143842,-0.321391,-14.550103,-7.599382,-6.831304,-4.527820,3.085229,-5.409472,-5.786770,4.966513,6.665998,4.482430,7.699610,0.208748,-0.065730,3.387616,-6.646219,9.935644,12.454489,-23.107019,-13.396669,-6.418666,4.003176,-3.506556,-5.315526,2.791140,3.456449,0.761904,-14.220807,-10.821805,-7.887254,-3.918017,8064.000000,0.000000,4.000000,,,,0.000000,4.000000,4.000000,4.000000,4.000000,4.000000,4.000000,4.000000,4.000000,4.000000,4.000000,4.000000,4.000000,4.000000,4.000000,4.000000,4.000000,4.000000,4.000000,2.000000,4.000000,4.000000,2.000000,4.000000,4.000000,4.000000,4.000000,4.000000,4.000000,4.000000,4.000000,4.000000,4.000000,66.666664
1614076771.308079,51.000000,0.000000,-9.214622,-2.372352,-15.048374,-9.643064,-9.901396,-9.138677,1.030861,-9.506627,-5.780983,2.910264,3.069589,-4.240001,5.127808,-2.355564,-8.270792,-18.667053,-10.742137,2.746221,8.339471,-23.596733,-12.357632,-5.899426,3.999173,-2.477408,-7.874313,0.737067,3.452992,-0.777319,-12.155304,-10.298162,-11.981931,-8.529484,8064.000000,0.000000,4.000000,,,,0.000000,4.000000,4.000000,4.000000,4.000000,4.000000,4.000000,4.000000,4.000000,4.000000,4.000000,4.000000,4.000000,4.000000,4.000000,4.000000,4.000000,4.000000,4.000000,2.000000,4.000000,4.000000,2.000000,4.000000,4.000000,4.000000,4.000000,4.000000,4.000000,4.000000,4.000000,4.000000,4.000000,66.666664
1614076771.315828,52.000000,0.000000,-9.205406,-3.395620,-14.520505,-9.633422,-9.378674,-9.642359,-0.508631,-10.522761,-5.775203,2.907354,-1.036045,-6.287043,2.558577,-5.430131,-10.313804,-29.417618,-14.833960,-24.436012,-13.720151,-23.573135,-13.883736,-3.842245,4.507995,-2.474931,-5.815157,3.813253,3.962360,1.787560,-13.168790,-7.210941,-7.354565,-5.956851,8064.000000,0.000000,4.000000,,,,0.000000,4.000000,4.000000,4.000000,4.000000,4.000000,4.000000,4.000000,4.000000,4.000000,4.000000,4.000000,4.000000,4.000000,4.000000,4.000000,4.000000,4.000000,4.000000,2.000000,4.000000,4.000000,2.000000,4.000000,4.000000,4.000000,4.000000,4.000000,4.000000,4.000000,4.000000,4.000000,4.000000,66.666664
1614076771.323477,53.000000,0.000000,-8.683381,-3.905045,-15.018805,-9.623788,-9.369295,-10.658357,0.004698,-11.025059,-5.769427,2.904447,-2.573471,-4.742294,6.145762,-4.911880,-4.149643,-6.824097,-12.767843,-8.514140,-1.398739,-13.293153,-12.331390,-4.351223,3.477846,0.091647,1.370146,5.860722,3.445577,2.811414,-12.642800,-7.203730,-3.757466,-3.386792,8064.000000,0.000000,4.000000,,,,0.000000,4.000000,4.000000,4.000000,4.000000,4.000000,4.000000,4.000000,4.000000,4.000000,4.000000,4.000000,4.000000,4.000000,4.000000,4.000000,4.000000,4.000000,4.000000,2.000000,4.000000,4.000000,2.000000,4.000000,4.000000,4.000000,4.000000,4.000000,4.000000,4.000000,4.000000,4.000000,4.000000,66.666664
1614076771.331226,54.000000,0.000000,-7.649056,-0.311397,-15.516606,-10.126985,-9.359925,-6.032314,2.055975,-5.885829,-5.763658,2.388722,-2.058077,-3.199090,13.319103,-4.906969,-0.555750,11.131445,-7.114050,16.109758,22.192404,-7.126013,-9.754956,-2.808411,3.474368,1.630017,2.907237,5.342041,3.954952,2.808603,-8.014773,-6.683706,-4.266530,-4.409046,8064.000000,0.000000,4.000000,,,,0.000000,4.000000,4.000000,4.000000,4.000000,4.000000,4.000000,4.000000,4.000000,4.000000,4.000000,4.000000,4.000000,4.000000,4.000000,4.000000,4.000000,4.000000,4.000000,2.000000,4.000000,4.000000,2.000000,4.000000,4.000000,4.000000,4.000000,4.000000,4.000000,4.000000,4.000000,4.000000,4.000000,66.666664
1614076771.338875,55.000000,0.000000,-5.077305,0.714556,-13.962628,-7.552755,-10.376206,3.204488,3.592381,3.863647,-5.757895,2.899154,-1.543198,-1.144609,15.357067,-4.902062,-1.068015,-1.187379,-6.594115,1.221854,18.580467,-12.759912,-8.206739,-2.292782,5.009355,0.089925,1.365868,5.849519,4.463818,3.318614,-3.391374,-6.677022,-2.723801,-4.404637,8064.000000,0.000000,4.000000,,,,0.000000,4.000000,4.000000,4.000000,4.000000,4.000000,4.000000,4.000000,4.000000,4.000000,4.000000,4.000000,4.000000,4.000000,4.000000,4.000000,4.000000,4.000000,4.000000,2.000000,4.000000,4.000000,2.000000,4.000000,4.000000,4.000000,4.000000,4.000000,4.000000,4.000000,4.000000,4.000000,4.000000,66.666664
1614076771.346724,56.000000,0.000000,-4.559407,-10.055389,-16.512768,-6.006741,-12.417112,1.662821,4.101609,2.834142,-5.752137,2.383434,-1.541655,-2.169106,10.726325,-5.409980,-6.707973,-21.186192,-12.228547,-28.522957,2.664451,-23.003563,-12.301097,-11.521258,-0.636680,-1.961447,-5.302165,5.843669,-2.207313,-1.300089,-6.464905,-12.824191,-5.798000,-3.887412,8064.000000,0.000000,4.000000,,,,0.000000,4.000000,4.000000,4.000000,4.000000,4.000000,4.000000,4.000000,4.000000,4.000000,4.000000,4.000000,4.000000,4.000000,4.000000,4.000000,4.000000,4.000000,4.000000,2.000000,4.000000,4.000000,2.000000,4.000000,4.000000,4.000000,4.000000,4.000000,4.000000,4.000000,4.000000,4.000000,4.000000,66.666664
1614076771.354473,57.000000,0.000000,-5.580489,-14.147899,-22.137281,-9.077658,-12.917516,-6.031149,3.584687,-5.373820,-5.746384,-0.695872,-2.052934,-4.218219,7.638676,-5.404570,-8.752547,-10.908595,-14.267600,-29.520075,-3.492059,-25.031841,-18.955462,-16.125122,-8.328351,-4.523588,-18.117374,5.837826,-10.923055,-8.478276,-13.637928,-17.939571,-12.458869,-3.883525,8064.000000,0.000000,4.000000,,,,0.000000,4.000000,4.000000,4.000000,4.000000,4.000000,4.000000,4.000000,4.000000,4.000000,4.000000,4.000000,4.000000,4.000000,4.000000,4.000000,4.000000,4.000000,4.000000,2.000000,4.000000,4.000000,2.000000,4.000000,4.000000,4.000000,4.000000,4.000000,4.000000,4.000000,4.000000,4.000000,4.000000,66.666664
1614076771.362322,58.000000,0.000000,-5.062088,-1.313238,-21.089502,-7.530118,-12.904598,-2.948195,4.093923,-5.368446,-5.740638,-0.182356,0.000401,-2.162718,8.143857,-3.347884,-0.538666,13.717698,-8.612307,-5.900812,1.639638,-16.288860,-13.808302,-4.826945,-4.730279,-7.083167,-16.047976,5.831988,-11.937773,-8.469798,-15.162751,-16.383171,-10.395128,-3.879641,8064.000000,0.000000,4.000000,,,,0.000000,4.000000,4.000000,4.000000,4.000000,4.000000,4.000000,4.000000,4.000000,4.000000,4.000000,4.000000,4.000000,4.000000,4.000000,4.000000,4.000000,4.000000,4.000000,2.000000,4.000000,4.000000,2.000000,4.000000,4.000000,4.000000,4.000000,4.000000,4.000000,4.000000,4.000000,4.000000,4.000000,66.666664
1614076771.370071,59.000000,0.000000,-2.492923,9.457307,-15.427388,-1.881562,-12.378874,5.259881,4.089829,-1.260514,-5.222077,5.458852,5.128606,-0.622094,8.135714,-1.293254,6.128539,8.575775,-2.962669,2.823038,7.791844,-5.503341,0.051660,2.357369,5.530861,-5.024802,-0.134492,5.826156,-10.387373,-4.871584,-12.583486,-13.802686,-3.718066,-3.875762,8064.000000,0.000000,4.000000,,,,0.000000,4.000000,4.000000,4.000000,4.000000,4.000000,4.000000,4.000000,4.000000,4.000000,4.000000,4.000000,4.000000,4.000000,4.000000,4.000000,4.000000,4.000000,4.000000,2.000000,4.000000,4.000000,2.000000,4.000000,4.000000,4.000000,4.000000,4.000000,4.000000,4.000000,4.000000,4.000000,4.000000,66.666664
1614076771.377920,60.000000,0.000000,-1.464789,8.422208,-15.411961,-3.418142,-9.802392,6.280262,2.034457,-2.797715,-5.216855,6.991855,4.097836,-1.134292,8.127578,-0.779140,2.532667,-9.381518,-2.446886,-11.538760,5.732770,-4.472197,0.564429,-0.209091,8.602254,0.108428,0.891284,5.820330,-11.402627,-4.353892,-12.570903,-14.301703,-5.252810,-3.871886,8064.000000,0.000000,4.000000,,,,0.000000,4.000000,4.000000,4.000000,4.000000,4.000000,4.000000,4.000000,4.000000,4.000000,4.000000,4.000000,4.000000,4.000000,4.000000,4.000000,4.000000,4.000000,4.000000,2.000000,4.000000,4.000000,2.000000,4.000000,4.000000,4.000000,4.000000,4.000000,4.000000,4.000000,4.000000,4.000000,4.000000,66.666664
1614076771.385670,61.000000,0.000000,-0.950504,7.900965,-18.473471,-5.466006,-8.766949,5.761162,-0.018859,-3.307738,-6.237279,6.472042,-1.547287,-1.645979,7.093809,-1.804002,0.991673,-2.705470,-3.470080,-7.937478,0.598833,-6.006186,-6.102802,1.329580,7.055190,1.646781,-10.904479,5.814509,-11.391224,-4.862359,-13.071152,-14.800222,-6.786019,-3.355193,8064.000000,0.000000,4.000000,,,,0.000000,4.000000,4.000000,4.000000,4.000000,4.000000,4.000000,4.000000,4.000000,4.000000,4.000000,4.000000,4.000000,4.000000,4.000000,4.000000,4.000000,4.000000,4.000000,2.000000,4.000000,4.000000,2.000000,4.000000,4.000000,4.000000,4.000000,4.000000,4.000000,4.000000,4.000000,4.000000,4.000000,66.666664
1614076771.393518,62.000000,0.000000,-1.462374,7.893064,-18.454998,-4.947720,-8.758182,4.729760,-0.018841,0.285314,-5.205400,6.978391,-2.058560,-1.131512,8.625177,-0.776557,5.093246,7.040825,-2.440969,21.814051,0.598234,1.179307,1.595609,4.917994,7.560955,0.106673,-12.944857,6.321515,-8.815730,-4.344676,-9.981158,-14.272601,-4.215130,-3.864659,8064.000000,0.000000,4.000000,,,,0.000000,4.000000,4.000000,4.000000,4.000000,4.000000,4.000000,4.000000,4.000000,4.000000,4.000000,4.000000,4.000000,4.000000,4.000000,4.000000,4.000000,4.000000,4.000000,2.000000,4.000000,4.000000,2.000000,4.000000,4.000000,4.000000,4.000000,4.000000,4.000000,4.000000,4.000000,4.000000,4.000000,66.666664
1614076771.401268,63.000000,0.000000,-2.999373,5.833889,-19.462185,-13.147901,-8.236603,-0.403175,-1.557283,-0.227792,-5.200195,4.920130,-0.518040,-1.130381,11.693475,-0.775780,7.139434,-8.863651,-1.925707,20.253775,2.648918,4.255051,6.209398,4.913076,8.579035,4.209131,-7.290886,5.802373,-6.755632,-4.340331,-8.432715,-14.258328,-6.775018,-3.347974,8064.000000,0.000000,4.000000,,,,0.000000,4.000000,4.000000,4.000000,4.000000,4.000000,4.000000,4.000000,4.000000,4.000000,4.000000,4.000000,4.000000,4.000000,4.000000,4.000000,4.000000,4.000000,4.000000,2.000000,4.000000,4.000000,2.000000,4.000000,4.000000,4.000000,4.000000,4.000000,4.000000,4.000000,4.000000,4.000000,4.000000,66.666664
1614076771.409117,64.000000,0.000000,-5.047656,4.289594,-22.006824,-23.391163,-12.330931,-5.018157,-3.607008,-4.842949,-11.861662,-0.212995,-4.107266,-1.129250,9.630499,-3.851928,5.593833,-23.726583,-2.949423,-12.074172,0.082166,-6.005614,-5.591683,3.882522,8.057635,6.256204,-7.283596,2.719648,-6.748877,-4.335991,-8.424282,-14.244070,-11.383627,-3.344625,0.000000,201.000000,4.000000,,,,0.000000,4.000000,4.000000,4.000000,4.000000,4.000000,4.000000,4.000000,4.000000,4.000000,4.000000,4.000000,4.000000,4.000000,4.000000,4.000000,4.000000,4.000000,4.000000,2.000000,4.000000,4.000000,2.000000,4.000000,4.000000,4.000000,4.000000,4.000000,4.000000,4.000000,4.000000,4.000000,4.000000,66.666664
1614076771.416866,65.000000,0.000000,-5.555428,2.746843,-21.471996,-22.854950,-18.472446,-7.577241,-4.116221,-7.402209,-16.978004,-1.238423,-5.641620,-1.128121,8.595228,-4.873716,5.588239,-6.266959,-2.946473,-12.062098,0.594905,-8.563711,-8.663015,1.827357,7.536757,-2.468001,-8.301953,2.204108,-7.254949,-4.331655,-8.415858,-14.229826,-11.372244,-6.418204,0.000000,210.000000,4.000000,,,,0.000000,4.000000,4.000000,4.000000,4.000000,4.000000,4.000000,4.000000,4.000000,4.000000,4.000000,4.000000,4.000000,4.000000,4.000000,4.000000,4.000000,4.000000,4.000000,2.000000,4.000000,4.000000,2.000000,4.000000,4.000000,4.000000,4.000000,4.000000,4.000000,4.000000,4.000000,4.000000,4.000000,66.666664
1614076771.424715,66.000000,0.000000,-5.037052,0.692814,-21.450525,-19.755173,-19.992435,-11.159408,-3.599285,-5.856345,-14.396925,0.301277,0.005047,-1.126993,14.740479,-1.791920,9.685215,25.021360,-1.917886,20.770477,13.414823,1.701263,1.089238,1.312709,8.042041,-4.003995,-7.268010,3.227545,-7.247694,-4.327323,-9.433084,-13.702776,-10.335230,-11.027170,0.000000,210.000000,4.000000,,,,0.000000,4.000000,4.000000,4.000000,4.000000,4.000000,4.000000,4.000000,4.000000,4.000000,4.000000,4.000000,4.000000,4.000000,4.000000,4.000000,4.000000,4.000000,4.000000,2.000000,4.000000,4.000000,2.000000,4.000000,4.000000,4.000000,4.000000,4.000000,4.000000,4.000000,4.000000,4.000000,4.000000,66.666664
1614076771.432464,67.000000,0.000000,-5.032015,0.179301,-21.941895,-20.761059,-19.972443,-13.712351,-3.595685,-5.850489,-12.331245,-0.211845,3.081965,-1.125866,14.212917,-1.277307,8.137069,28.586082,-3.967250,22.800989,15.965510,-1.890182,-0.450313,0.285755,7.521179,3.692317,-8.286383,-0.365427,-7.240446,-4.322996,-11.987753,-14.201894,-10.837715,-11.528964,0.000000,168.000000,4.000000,,,,0.000000,4.000000,4.000000,4.000000,4.000000,4.000000,4.000000,4.000000,4.000000,4.000000,4.000000,4.000000,4.000000,4.000000,4.000000,4.000000,4.000000,4.000000,4.000000,2.000000,4.000000,4.000000,2.000000,4.000000,4.000000,4.000000,4.000000,4.000000,4.000000,4.000000,4.000000,4.000000,4.000000,66.666664
1614076771.440313,68.000000,0.000000,-5.026983,0.691942,-20.381493,-20.740297,-20.465290,-12.672997,-3.592090,-8.408741,-12.831735,-1.750095,2.566063,-0.611920,6.506397,-4.865774,-3.665941,-1.698915,-9.091488,-9.529505,-0.973532,-18.298548,-9.680632,-0.740171,5.975196,-0.413940,-11.355020,-4.980446,-7.233205,-4.318673,-13.001406,-14.187692,-10.826878,-10.491794,0.000000,188.000000,4.000000,,,,0.000000,4.000000,4.000000,4.000000,4.000000,4.000000,4.000000,4.000000,4.000000,4.000000,4.000000,4.000000,4.000000,4.000000,4.000000,4.000000,4.000000,4.000000,4.000000,2.000000,4.000000,4.000000,2.000000,4.000000,4.000000,4.000000,4.000000,4.000000,4.000000,4.000000,4.000000,4.000000,4.000000,66.666664
1614076771.448062,69.000000,0.000000,-5.021956,0.691250,-23.950853,-21.745199,-19.419184,-13.173144,-3.588498,-9.425973,-12.818903,0.302938,2.563497,-2.149769,4.448609,-4.348087,-13.405864,-25.799780,-10.620858,-27.981514,-5.587943,-17.767429,-9.670951,1.311851,3.917939,-10.669936,-10.830844,-5.488286,-7.225972,-4.314354,-12.475584,-13.147863,-10.816051,-10.994123,0.000000,212.000000,4.000000,,,,0.000000,4.000000,4.000000,4.000000,4.000000,4.000000,4.000000,4.000000,4.000000,4.000000,4.000000,4.000000,4.000000,4.000000,4.000000,4.000000,4.000000,4.000000,4.000000,2.000000,4.000000,4.000000,2.000000,4.000000,4.000000,4.000000,4.000000,4.000000,4.000000,4.000000,4.000000,4.000000,4.000000,66.666664
1614076771.455911,70.000000,0.000000,-5.016934,0.690559,-33.157673,-23.261915,-23.502329,-15.724074,-4.097730,-10.442188,-15.883007,-1.235827,-0.515990,-5.737363,2.905699,-4.343739,-13.392458,-19.620134,-9.071775,-9.491994,11.853542,-8.518893,-8.122819,-1.766384,2.888380,-11.172087,-10.820013,-4.969977,-7.218746,-4.310040,-12.463109,-15.698818,-10.805235,-10.983129,0.000000,188.000000,4.000000,,,,0.000000,4.000000,4.000000,4.000000,4.000000,4.000000,4.000000,4.000000,4.000000,4.000000,4.000000,4.000000,4.000000,4.000000,4.000000,4.000000,4.000000,4.000000,4.000000,2.000000,4.000000,4.000000,2.000000,4.000000,4.000000,4.000000,4.000000,4.000000,4.000000,4.000000,4.000000,4.000000,4.000000,66.666664
1614076771.463660,71.000000,0.000000,-5.011918,-0.848594,-37.227077,-21.700191,-31.683954,-17.246811,-4.093632,-12.995849,-20.482510,-14.055104,-9.746243,-8.295729,-6.840797,-12.544524,-12.866245,-11.395386,-13.678088,3.850832,13.892971,-12.612938,-12.730081,-15.610771,0.834209,-8.596812,-17.475861,-7.529109,-7.211527,-4.305730,-12.450645,-20.298504,-10.794430,-10.972145,0.000000,177.000000,4.000000,,,,0.000000,4.000000,4.000000,4.000000,4.000000,4.000000,4.000000,4.000000,4.000000,4.000000,4.000000,4.000000,4.000000,4.000000,4.000000,4.000000,4.000000,4.000000,4.000000,2.000000,4.000000,4.000000,2.000000,4.000000,4.000000,4.000000,4.000000,4.000000,4.000000,4.000000,4.000000,4.000000,4.000000,66.666664
1614076771.471309,72.000000,0.000000,-5.006906,-2.899027,-33.600109,-20.652849,-28.575348,-16.203924,-3.576718,-14.521314,-21.487667,-24.297459,-17.428804,-9.313073,-11.962161,-22.788389,-15.417481,-32.922451,-21.356718,-18.204302,-7.146564,-19.779812,-16.819914,-20.210545,-0.192266,-10.126677,-22.586590,-9.572863,-7.204316,-4.301424,-12.438195,-22.329487,-11.296455,-10.961173,0.000000,182.000000,4.000000,,,,0.000000,4.000000,4.000000,4.000000,4.000000,4.000000,4.000000,4.000000,4.000000,4.000000,4.000000,4.000000,4.000000,4.000000,4.000000,4.000000,4.000000,4.000000,4.000000,2.000000,4.000000,4.000000,2.000000,4.000000,4.000000,4.000000,4.000000,4.000000,4.000000,4.000000,4.000000,4.000000,4.000000,66.666664
1614076771.479058,73.000000,0.000000,-5.001899,-3.408948,-32.540867,-20.119377,-18.290361,-16.187719,-4.085962,-13.481152,-16.850796,-19.657778,-16.385735,-7.252479,-8.873276,-23.791243,-17.966167,-58.530556,-21.335361,-43.827122,-20.472750,-20.785673,-19.367197,-6.857001,0.320747,-10.116549,-23.076822,-8.537648,-7.197112,-4.297123,-12.425756,-21.281517,-10.772339,-10.950212,0.000000,200.000000,4.000000,,,,0.000000,4.000000,4.000000,4.000000,4.000000,4.000000,4.000000,4.000000,4.000000,4.000000,4.000000,4.000000,4.000000,4.000000,4.000000,4.000000,4.000000,4.000000,4.000000,2.000000,4.000000,4.000000,2.000000,4.000000,4.000000,4.000000,4.000000,4.000000,4.000000,4.000000,4.000000,4.000000,4.000000,66.666664
1614076771.486707,74.000000,0.000000,-4.996897,-2.892719,-33.021145,-17.535154,-14.682328,-17.197172,-3.569055,-14.493312,-13.757021,-11.945811,-7.651400,-0.578559,-6.813121,-19.152067,-15.384098,-46.677151,-17.724283,-31.475603,-11.734328,-19.226427,-19.860651,1.867804,0.320426,-9.593613,-23.053747,-8.529111,-7.189915,-4.292826,-12.413331,-21.773056,-10.248746,-10.939261,0.000000,199.000000,4.000000,,,,0.000000,4.000000,4.000000,4.000000,4.000000,4.000000,4.000000,4.000000,4.000000,4.000000,4.000000,4.000000,4.000000,4.000000,4.000000,4.000000,4.000000,4.000000,4.000000,2.000000,4.000000,4.000000,2.000000,4.000000,4.000000,4.000000,4.000000,4.000000,4.000000,4.000000,4.000000,4.000000,4.000000,66.666664
1614076771.494456,75.000000,0.000000,-4.991900,-2.889826,-32.988125,-16.491978,-17.231749,-15.641515,1.049899,-12.427536,-13.230444,-12.446686,0.561379,5.063045,-1.678102,-18.107273,-7.676406,-13.809962,-17.193737,-0.674897,0.585098,-14.078995,-16.763866,-0.185346,0.320106,-10.096840,-17.902487,-9.033402,-7.695545,-4.288533,-12.400918,-21.751282,-11.264138,-10.928323,0.000000,189.000000,4.000000,,,,0.000000,4.000000,4.000000,4.000000,4.000000,4.000000,4.000000,4.000000,4.000000,4.000000,4.000000,4.000000,4.000000,4.000000,4.000000,4.000000,4.000000,4.000000,4.000000,2.000000,4.000000,4.000000,2.000000,4.000000,4.000000,4.000000,4.000000,4.000000,4.000000,4.000000,4.000000,4.000000,4.000000,66.666664
1614076771.502106,76.000000,0.000000,-4.986908,-2.886936,-32.955135,-15.962667,-16.188875,-11.523309,4.125772,-1.645878,-10.653111,-11.408599,2.612100,7.109264,6.528704,-15.525064,-1.514884,9.280770,-17.689363,11.120650,0.584513,-6.372608,-11.618897,-0.185160,0.319786,-9.573922,-9.679457,-9.024369,-6.662209,-4.284244,-12.388516,-19.678249,-9.714413,-9.891753,0.000000,188.000000,4.000000,,,,0.000000,4.000000,4.000000,4.000000,4.000000,4.000000,4.000000,4.000000,4.000000,4.000000,4.000000,4.000000,4.000000,4.000000,4.000000,4.000000,4.000000,4.000000,4.000000,2.000000,4.000000,4.000000,2.000000,4.000000,4.000000,4.000000,4.000000,4.000000,4.000000,4.000000,4.000000,4.000000,4.000000,66.666664
1614076771.509855,77.000000,0.000000,-4.981921,-2.884050,-29.332439,-10.305677,-12.070123,-8.434862,4.121646,5.535255,-3.975791,-5.756164,2.096668,8.640616,9.086278,-8.842872,-0.487728,15.425336,-17.158854,8.545426,0.583928,-3.802133,-6.479074,0.840666,0.319466,-9.564348,-7.105675,-6.964063,-4.091444,-4.792780,-12.376128,-18.120110,-4.576493,-7.830579,0.000000,197.000000,4.000000,,,,0.000000,4.000000,4.000000,4.000000,4.000000,4.000000,4.000000,4.000000,4.000000,4.000000,4.000000,4.000000,4.000000,4.000000,4.000000,4.000000,4.000000,4.000000,4.000000,2.000000,4.000000,4.000000,2.000000,4.000000,4.000000,4.000000,4.000000,4.000000,4.000000,4.000000,4.000000,4.000000,4.000000,66.666664
1614076771.517504,78.000000,0.000000,-4.976939,-2.881166,-22.636440,-4.654346,-8.981130,-6.375145,3.604704,4.504079,-0.382072,-3.186306,2.607391,10.170437,7.538730,-3.705824,-2.538522,5.153501,-16.628876,8.536881,17.506422,-4.823972,-1.344390,1.352646,0.319146,-10.580425,-7.098569,-4.905817,-3.061711,-4.275167,-12.876573,-16.563528,-6.110378,-7.822749,0.000000,204.000000,4.000000,,,,0.000000,4.000000,4.000000,4.000000,4.000000,4.000000,4.000000,4.000000,4.000000,4.000000,4.000000,4.000000,4.000000,4.000000,4.000000,4.000000,4.000000,4.000000,4.000000,2.000000,4.000000,4.000000,2.000000,4.000000,4.000000,4.000000,4.000000,4.000000,4.000000,4.000000,4.000000,4.000000,4.000000,66.666664
1614076771.525253,79.000000,0.000000,-4.971962,-2.878284,-20.562521,-5.162513,-8.459328,-4.830309,4.113920,6.038036,-1.920151,-4.208760,2.604784,10.160267,8.044012,-4.214938,-4.074445,-15.364473,-17.125067,10.579627,32.360710,-4.306327,3.785160,4.941037,0.318827,-5.441639,-1.963265,-4.388090,-3.571470,-2.219610,-12.350876,-12.444400,-12.258114,-7.302105,0.000000,194.000000,4.000000,,,,0.000000,4.000000,4.000000,4.000000,4.000000,4.000000,4.000000,4.000000,4.000000,4.000000,4.000000,4.000000,4.000000,4.000000,4.000000,4.000000,4.000000,4.000000,4.000000,2.000000,4.000000,4.000000,2.000000,4.000000,4.000000,4.000000,4.000000,4.000000,4.000000,4.000000,4.000000,4.000000,4.000000,66.666664
1614076771.532902,80.000000,0.000000,-4.966990,-2.875406,-21.567600,-5.670171,-8.963689,-5.338299,3.596985,3.467896,-1.918231,-4.204552,2.089359,9.637286,9.061608,-4.723544,-5.096012,-21.502954,-17.107941,8.517765,17.456554,-4.302021,3.268554,6.474557,0.318508,3.794571,1.115621,-4.896523,-3.055078,-0.166108,-11.312883,-9.355033,-14.297137,-6.269162,0.000000,194.000000,4.000000,,,,0.000000,4.000000,4.000000,4.000000,4.000000,4.000000,4.000000,4.000000,4.000000,4.000000,4.000000,4.000000,4.000000,4.000000,4.000000,4.000000,4.000000,4.000000,4.000000,2.000000,4.000000,4.000000,2.000000,4.000000,4.000000,4.000000,4.000000,4.000000,4.000000,4.000000,4.000000,4.000000,4.000000,66.666664
1614076771.540651,81.000000,0.000000,-4.962023,-2.872531,-21.033211,-5.151680,-8.441905,-5.332961,3.593388,-8.330444,-1.403492,-3.687526,2.087269,9.627648,7.001265,-3.693179,-5.090916,-10.712222,-17.090834,-2.259984,-8.714748,-3.784898,-1.862919,4.929621,0.318190,6.867700,0.088864,-4.891626,-3.564844,-0.678763,-13.352853,-9.858499,-14.795661,-8.826996,0.000000,191.000000,4.000000,,,,0.000000,4.000000,4.000000,4.000000,4.000000,4.000000,4.000000,4.000000,4.000000,4.000000,4.000000,4.000000,4.000000,4.000000,4.000000,4.000000,4.000000,4.000000,4.000000,2.000000,4.000000,4.000000,2.000000,4.000000,4.000000,4.000000,4.000000,4.000000,4.000000,4.000000,4.000000,4.000000,4.000000,66.666664
1614076771.548300,82.000000,0.000000,-4.957061,-2.869658,-21.012178,-5.146528,-8.433463,-3.276346,3.589795,-6.270832,-1.914909,-4.196660,2.085182,9.618021,8.532725,-4.202307,-4.060184,1.093362,-17.073742,-21.232082,-14.859879,-4.293934,-8.014903,4.924692,0.317872,4.809550,0.601596,-4.886734,-3.561279,-0.678084,-10.775397,-10.361460,-14.268044,-2.664323,0.000000,205.000000,4.000000,,,,0.000000,4.000000,4.000000,4.000000,4.000000,4.000000,4.000000,4.000000,4.000000,4.000000,4.000000,4.000000,4.000000,4.000000,4.000000,4.000000,4.000000,4.000000,4.000000,2.000000,4.000000,4.000000,2.000000,4.000000,4.000000,4.000000,4.000000,4.000000,4.000000,4.000000,4.000000,4.000000,4.000000,66.666664
1614076771.556049,83.000000,0.000000,-4.952104,-2.866788,-20.478346,-5.141382,-8.425030,-1.221787,3.586205,7.581593,-1.912994,-4.192463,2.083097,10.121223,13.139577,-4.710925,-2.004842,-3.010295,-17.056669,-32.492901,-6.639892,-5.828102,-9.545349,3.381305,0.317554,5.317561,-0.937467,-4.881848,-2.532077,-0.677406,-2.559494,-9.325458,-7.074290,11.697316,0.000000,201.000000,4.000000,,,,0.000000,4.000000,4.000000,4.000000,4.000000,4.000000,4.000000,4.000000,4.000000,4.000000,4.000000,4.000000,4.000000,4.000000,4.000000,4.000000,4.000000,4.000000,4.000000,2.000000,4.000000,4.000000,2.000000,4.000000,4.000000,4.000000,4.000000,4.000000,4.000000,4.000000,4.000000,4.000000,4.000000,66.666664
1614076771.563699,84.000000,0.000000,-4.947152,-2.863922,-17.893764,-6.161881,-8.929425,-1.733386,3.582619,3.984268,-1.398261,-1.111347,2.081014,9.598282,14.152079,-4.193393,-1.490016,-27.622669,-17.552433,-19.639896,-1.505047,-3.770992,-9.022984,3.377924,0.317236,6.337884,-6.064735,-4.876966,-5.606468,-0.676728,-4.095396,-9.828953,-6.041574,12.198440,0.000000,176.000000,4.000000,,,,0.000000,4.000000,4.000000,4.000000,4.000000,4.000000,4.000000,4.000000,4.000000,4.000000,4.000000,4.000000,4.000000,4.000000,4.000000,4.000000,4.000000,4.000000,4.000000,2.000000,4.000000,4.000000,2.000000,4.000000,4.000000,4.000000,4.000000,4.000000,4.000000,4.000000,4.000000,4.000000,4.000000,66.666664
1614076771.571448,85.000000,0.000000,-4.942205,-2.861058,-17.363050,-8.719822,-8.920496,-1.731653,3.579036,-10.378691,-2.935324,-0.084595,2.078933,7.024581,11.573824,-6.753303,-1.488526,-39.389919,-17.022060,-3.210000,1.573381,-4.280041,-12.090883,5.938649,0.316919,2.228982,-7.597132,-4.872089,-10.216246,-0.676052,-14.347711,-11.870406,-17.317585,-0.121451,0.000000,195.000000,4.000000,,,,0.000000,4.000000,4.000000,4.000000,4.000000,4.000000,4.000000,4.000000,4.000000,4.000000,4.000000,4.000000,4.000000,4.000000,4.000000,4.000000,4.000000,4.000000,4.000000,2.000000,4.000000,4.000000,2.000000,4.000000,4.000000,4.000000,4.000000,4.000000,4.000000,4.000000,4.000000,4.000000,4.000000,66.666664
1614076771.579097,86.000000,0.000000,-4.937263,-2.858197,-17.345688,-9.223923,-8.398754,-1.217101,3.575457,-10.881132,-4.983671,-2.135792,2.076854,5.479095,11.049430,-10.336293,-0.974217,-22.940271,-17.517859,-18.078585,-0.479474,-15.557813,-15.155716,-5.349341,-0.196218,-3.927093,-7.589534,-4.867217,-11.231670,-1.188196,-17.410286,-13.909818,-20.890011,-4.736715,0.000000,191.000000,4.000000,,,,0.000000,4.000000,4.000000,4.000000,4.000000,4.000000,4.000000,4.000000,4.000000,4.000000,4.000000,4.000000,4.000000,4.000000,4.000000,4.000000,4.000000,4.000000,4.000000,2.000000,4.000000,4.000000,2.000000,4.000000,4.000000,4.000000,4.000000,4.000000,4.000000,4.000000,4.000000,4.000000,4.000000,66.666664
1614076771.586846,87.000000,0.000000,-4.932325,-2.855339,-17.328341,-9.214699,-9.928818,-1.215883,3.571882,-5.742046,-6.004328,-4.184938,2.074777,5.986436,11.551201,-12.377238,-2.511704,-23.430153,-18.013161,-41.650249,-8.171302,-23.234562,-16.679022,-21.241428,0.316798,-7.000089,-11.684509,-4.349529,-10.707618,-0.674188,-14.828773,-13.895907,-14.715274,-2.680696,0.000000,182.000000,4.000000,,,,0.000000,4.000000,4.000000,4.000000,4.000000,4.000000,4.000000,4.000000,4.000000,4.000000,4.000000,4.000000,4.000000,4.000000,4.000000,4.000000,4.000000,4.000000,4.000000,2.000000,4.000000,4.000000,2.000000,4.000000,4.000000,4.000000,4.000000,4.000000,4.000000,4.000000,4.000000,4.000000,4.000000,66.666664
1614076771.594495,88.000000,0.000000,-4.927393,-2.852483,-18.849474,-9.718305,-11.970171,-1.727488,3.568310,-6.249125,-5.485503,-4.693574,2.072702,5.980450,12.052470,-12.364861,-0.970731,-23.919542,-13.379764,-19.557318,-2.009285,-16.544661,-16.149523,-11.989417,0.316482,-5.967448,-15.262568,-4.858000,-10.696911,1.890589,-15.839585,-13.369191,-13.162097,-3.703656,0.000000,196.000000,4.000000,,,,0.000000,4.000000,4.000000,4.000000,4.000000,4.000000,4.000000,4.000000,4.000000,4.000000,4.000000,4.000000,4.000000,4.000000,4.000000,4.000000,4.000000,4.000000,4.000000,2.000000,4.000000,4.000000,2.000000,4.000000,4.000000,4.000000,4.000000,4.000000,4.000000,4.000000,4.000000,4.000000,4.000000,66.666664
1614076771.602344,89.000000,0.000000,-4.922466,-2.849631,-20.881907,-7.657304,-12.471021,-1.725760,3.564741,-7.268517,-5.480018,-2.637599,2.070629,5.974469,14.604520,-9.275574,3.645624,8.924890,-6.699717,13.282753,15.428622,-9.861449,-13.569270,9.561033,-0.196655,-5.961480,-14.734485,-4.853142,-11.199035,2.914340,-16.336567,-13.868643,-14.687397,-4.725594,0.000000,190.000000,4.000000,,,,0.000000,4.000000,4.000000,4.000000,4.000000,4.000000,4.000000,4.000000,4.000000,4.000000,4.000000,4.000000,4.000000,4.000000,4.000000,4.000000,4.000000,4.000000,4.000000,2.000000,4.000000,4.000000,2.000000,4.000000,4.000000,4.000000,4.000000,4.000000,4.000000,4.000000,4.000000,4.000000,4.000000,66.666664
1614076771.610093,90.000000,0.000000,-4.917543,-2.846781,-21.373846,-3.034262,-12.458549,-1.211214,3.561177,-6.235607,-5.474538,-1.096499,2.068559,5.968495,15.102736,-5.676554,-0.460586,11.480067,-5.154556,-3.140786,10.797809,-12.928512,-12.017240,11.602755,2.367644,-6.468339,-14.719750,-4.335468,-10.675014,3.937066,-15.807409,-13.854774,-14.672709,-4.208047,0.000000,108.000000,4.000000,,,,0.000000,4.000000,4.000000,4.000000,4.000000,4.000000,4.000000,4.000000,4.000000,4.000000,4.000000,4.000000,4.000000,4.000000,4.000000,4.000000,4.000000,4.000000,4.000000,2.000000,4.000000,4.000000,2.000000,4.000000,4.000000,4.000000,4.000000,4.000000,4.000000,4.000000,4.000000,4.000000,4.000000,66.666664
1614076771.617942,91.000000,0.000000,-4.912626,-2.843934,-23.403753,-3.031228,-12.446092,-3.261285,3.557616,-6.742192,-5.469063,-0.582582,1.553670,5.962526,13.549171,-5.158057,-4.049869,-20.839106,-7.200683,-16.983799,-1.007861,-13.428403,-12.518043,3.898844,6.467840,-5.949050,-14.705030,-4.843954,-10.664340,6.497232,-15.278781,-14.866560,-13.632396,-3.691019,0.000000,205.000000,4.000000,,,,0.000000,4.000000,4.000000,4.000000,4.000000,4.000000,4.000000,4.000000,4.000000,4.000000,4.000000,4.000000,4.000000,4.000000,4.000000,4.000000,4.000000,4.000000,4.000000,2.000000,4.000000,4.000000,2.000000,4.000000,4.000000,4.000000,4.000000,4.000000,4.000000,4.000000,4.000000,4.000000,4.000000,66.666664
1614076771.625691,92.000000,0.000000,-4.907713,-2.841090,-24.405991,-5.592299,-12.433645,-5.309306,3.554058,-6.222629,-5.463594,-0.582000,1.552116,5.956564,18.151007,-4.640079,10.313155,6.874042,-5.142200,15.853697,13.864942,-6.235487,-11.992703,4.407766,7.999834,-5.943101,-15.715967,-8.941673,-10.653675,3.926632,-15.776323,-18.954258,-13.618763,-3.687328,0.000000,144.000000,4.000000,,,,0.000000,4.000000,4.000000,4.000000,4.000000,4.000000,4.000000,4.000000,4.000000,4.000000,4.000000,4.000000,4.000000,4.000000,4.000000,4.000000,4.000000,4.000000,4.000000,2.000000,4.000000,4.000000,2.000000,4.000000,4.000000,4.000000,4.000000,4.000000,4.000000,4.000000,4.000000,4.000000,4.000000,66.666664
1614076771.633540,93.000000,0.000000,-4.902805,-2.838249,-24.894405,-5.586707,-12.421211,-5.816817,3.550504,-4.677945,-5.458130,-0.581418,2.063385,5.950607,17.107216,-4.635438,12.354124,19.687681,-6.162699,19.427588,21.543385,-5.203611,-13.006352,5.428999,7.479013,-5.937158,-20.315636,-12.522475,-10.643022,-2.743961,-17.811829,-24.063509,-15.656426,-3.683640,0.000000,165.000000,4.000000,,,,0.000000,4.000000,4.000000,4.000000,4.000000,4.000000,4.000000,4.000000,4.000000,4.000000,4.000000,4.000000,4.000000,4.000000,4.000000,4.000000,4.000000,4.000000,4.000000,2.000000,4.000000,4.000000,2.000000,4.000000,4.000000,4.000000,4.000000,4.000000,4.000000,4.000000,4.000000,4.000000,4.000000,66.666664
1614076771.641289,94.000000,0.000000,-4.897902,-2.835411,-28.972076,-5.581120,-12.408791,-5.298180,3.546953,-3.134805,-5.452672,-1.093657,1.035680,5.944657,6.320878,-9.759008,-14.324896,-12.639700,-11.284741,-12.899533,-3.093544,-16.480459,-17.608730,3.372288,7.471535,-5.418400,-21.833782,-12.509953,-10.632379,-5.305320,-19.332478,-25.065086,-17.692053,-3.679957,0.000000,194.000000,4.000000,,,,0.000000,4.000000,4.000000,4.000000,4.000000,4.000000,4.000000,4.000000,4.000000,4.000000,4.000000,4.000000,4.000000,4.000000,4.000000,4.000000,4.000000,4.000000,4.000000,2.000000,4.000000,4.000000,2.000000,4.000000,4.000000,4.000000,4.000000,4.000000,4.000000,4.000000,4.000000,4.000000,4.000000,66.666664
1614076771.649138,95.000000,0.000000,-4.893004,-2.832576,-30.994385,-5.575539,-12.396381,-5.292881,3.543406,-0.054748,-5.447220,-0.066922,2.060285,5.938712,9.904300,-4.621044,-17.900314,-19.806547,-11.273457,-18.527658,-12.321219,-20.053722,-19.642405,5.933018,7.976883,-7.464264,-19.247845,-11.984623,-10.621746,-4.274374,-19.313147,-21.963099,-16.135899,-3.676277,0.000000,173.000000,4.000000,,,,0.000000,4.000000,4.000000,4.000000,4.000000,4.000000,4.000000,4.000000,4.000000,4.000000,4.000000,4.000000,4.000000,4.000000,4.000000,4.000000,4.000000,4.000000,4.000000,2.000000,4.000000,4.000000,2.000000,4.000000,4.000000,4.000000,4.000000,4.000000,4.000000,4.000000,4.000000,4.000000,4.000000,66.666664
1614076771.656887,96.000000,0.000000,-4.888112,-2.829743,-28.399288,-5.569964,-12.383986,-5.287589,3.539863,4.047871,-5.441772,3.010068,8.724892,5.932773,26.817472,12.306654,14.938098,13.033772,-3.569876,14.311381,9.742384,-4.649053,-16.545837,8.491188,7.456086,-9.508082,-18.715776,-11.972638,-10.611124,-4.270099,-19.293833,-20.402674,-13.555660,-3.672601,8064.000000,0.000000,4.000000,,,,0.000000,4.000000,4.000000,4.000000,4.000000,4.000000,4.000000,4.000000,4.000000,4.000000,4.000000,4.000000,4.000000,4.000000,4.000000,4.000000,4.000000,4.000000,4.000000,2.000000,4.000000,4.000000,2.000000,4.000000,4.000000,4.000000,4.000000,4.000000,4.000000,4.000000,4.000000,4.000000,4.000000,66.666664
1614076771.664736,97.000000,0.000000,-4.883224,-2.826913,-29.909351,-6.077214,-12.884421,-5.795122,3.536323,5.582285,-5.436331,3.007058,13.844372,5.926840,29.354757,16.396912,25.692390,30.969456,-1.002203,31.220146,22.040335,6.637648,-15.503652,1.303210,7.448630,-9.498574,-17.158600,-12.473486,-11.113334,-4.778649,-19.787359,-21.920732,-14.054925,-3.668928,8064.000000,0.000000,4.000000,,,,0.000000,4.000000,4.000000,4.000000,4.000000,4.000000,4.000000,4.000000,4.000000,4.000000,4.000000,4.000000,4.000000,4.000000,4.000000,4.000000,4.000000,4.000000,4.000000,2.000000,4.000000,4.000000,2.000000,4.000000,4.000000,4.000000,4.000000,4.000000,4.000000,4.000000,4.000000,4.000000,4.000000,66.666664
1614076771.672485,98.000000,0.000000,-4.878340,-2.824086,-31.417904,-4.532676,-11.845897,-5.276506,3.532787,4.551062,-5.430894,3.004051,12.804887,5.920914,19.581814,7.149745,5.153878,-1.369205,-4.590945,-1.118765,14.838806,2.528446,-16.513788,-7.928863,7.441181,-10.001896,-12.526056,-11.948192,-10.589400,-4.261050,-17.203470,-20.873171,-14.040870,-3.665259,8064.000000,0.000000,4.000000,,,,0.000000,4.000000,4.000000,4.000000,4.000000,4.000000,4.000000,4.000000,4.000000,4.000000,4.000000,4.000000,4.000000,4.000000,4.000000,4.000000,4.000000,4.000000,4.000000,2.000000,4.000000,4.000000,2.000000,4.000000,4.000000,4.000000,4.000000,4.000000,4.000000,4.000000,4.000000,4.000000,4.000000,66.666664
1614076771.680334,99.000000,0.000000,-4.873462,-2.821262,-24.719818,-0.425579,-9.782768,-3.219947,3.529254,5.059331,-5.425464,8.129251,13.304902,5.914993,17.510950,6.116954,-4.082045,-17.778093,-6.124815,-23.681749,4.054737,-2.089467,-15.984454,-4.844011,7.433740,-8.966253,-9.949428,-9.372141,-8.014709,-4.256789,-15.134984,-16.236912,-11.462727,-3.661594,8064.000000,0.000000,4.000000,,,,0.000000,4.000000,4.000000,4.000000,4.000000,4.000000,4.000000,4.000000,4.000000,4.000000,4.000000,4.000000,4.000000,4.000000,4.000000,4.000000,4.000000,4.000000,4.000000,2.000000,4.000000,4.000000,2.000000,4.000000,4.000000,4.000000,4.000000,4.000000,4.000000,4.000000,4.000000,4.000000,4.000000,66.666664
1614076771.688083,100.000000,0.000000,-4.868588,-2.818441,-19.566893,2.138949,-8.234524,-1.165445,3.525725,4.028631,-5.420038,11.198046,14.317239,5.909078,20.057541,7.136478,0.024601,15.060199,-5.093050,0.444497,-1.590343,-0.036096,-15.455649,3.878782,7.426306,-6.906004,-10.452298,-8.849948,-6.468232,-4.765353,-15.632669,-13.143753,-9.912802,-3.657932,8064.000000,0.000000,4.000000,,,,0.000000,4.000000,4.000000,4.000000,4.000000,4.000000,4.000000,4.000000,4.000000,4.000000,4.000000,4.000000,4.000000,4.000000,4.000000,4.000000,4.000000,4.000000,4.000000,2.000000,4.000000,4.000000,2.000000,4.000000,4.000000,4.000000,4.000000,4.000000,4.000000,4.000000,4.000000,4.000000,4.000000,66.666664
1614076771.695932,101.000000,0.000000,-4.863720,-2.815623,-20.572968,1.623990,-8.739110,-1.677100,3.522199,0.434858,-5.414618,8.622745,5.584972,5.903169,18.499022,-1.075786,-0.488244,8.891293,-6.626418,5.572258,3.539452,-0.036060,-15.953014,3.874903,7.418880,-5.873457,-10.441846,-7.815457,-6.974584,-2.709306,-15.104217,-13.130609,-10.415709,-3.654274,8064.000000,0.000000,4.000000,,,,0.000000,4.000000,4.000000,4.000000,4.000000,4.000000,4.000000,4.000000,4.000000,4.000000,4.000000,4.000000,4.000000,4.000000,4.000000,4.000000,4.000000,4.000000,4.000000,2.000000,4.000000,4.000000,2.000000,4.000000,4.000000,4.000000,4.000000,4.000000,4.000000,4.000000,4.000000,4.000000,4.000000,66.666664
1614076771.703682,102.000000,0.000000,-4.858856,-2.812807,-21.065216,1.622366,-8.730371,-1.675423,3.518677,0.947244,-5.409204,6.050020,-1.600100,5.897265,17.454882,-5.177275,-3.051858,-2.912471,-6.106971,-2.638443,10.715400,-1.061665,-15.937061,-1.769997,7.411461,-4.841943,-10.944225,-3.192257,-3.890687,-0.655314,-12.525009,-11.066196,-10.405294,-3.650620,8064.000000,0.000000,4.000000,,,,0.000000,4.000000,4.000000,4.000000,4.000000,4.000000,4.000000,4.000000,4.000000,4.000000,4.000000,4.000000,4.000000,4.000000,4.000000,4.000000,4.000000,4.000000,4.000000,2.000000,4.000000,4.000000,2.000000,4.000000,4.000000,4.000000,4.000000,4.000000,4.000000,4.000000,4.000000,4.000000,4.000000,66.666664
1614076771.711331,103.000000,0.000000,-4.853997,-2.809994,-20.531330,1.620744,-8.721641,-1.673748,3.515158,4.023220,-5.403794,6.556790,2.504064,5.891368,18.975889,-2.095174,-2.023165,21.193007,-2.511120,18.389835,9.679044,-0.547782,-16.433945,-3.306689,7.404050,-2.785819,-10.933281,-2.676244,0.215768,-0.141838,-11.486843,-9.003848,-9.882069,-4.159790,8064.000000,0.000000,4.000000,,,,0.000000,4.000000,4.000000,4.000000,4.000000,4.000000,4.000000,4.000000,4.000000,4.000000,4.000000,4.000000,4.000000,4.000000,4.000000,4.000000,4.000000,4.000000,4.000000,2.000000,4.000000,4.000000,2.000000,4.000000,4.000000,4.000000,4.000000,4.000000,4.000000,4.000000,4.000000,4.000000,4.000000,66.666664
1614076771.719080,104.000000,0.000000,-4.849143,-2.807184,-21.023619,1.619123,-8.712919,-1.672074,3.511643,2.480735,-5.398390,7.063054,4.552843,5.885477,17.931273,-2.093079,-0.995501,29.376942,-3.534250,27.089396,10.695005,-2.598517,-16.417511,-0.226459,7.396646,-1.757392,-9.896707,-7.801774,-0.297268,-0.654517,-11.988177,-10.020485,-10.385007,-4.668451,8064.000000,0.000000,4.000000,,,,0.000000,4.000000,4.000000,4.000000,4.000000,4.000000,4.000000,4.000000,4.000000,4.000000,4.000000,4.000000,4.000000,4.000000,4.000000,4.000000,4.000000,4.000000,4.000000,2.000000,4.000000,4.000000,2.000000,4.000000,4.000000,4.000000,4.000000,4.000000,4.000000,4.000000,4.000000,4.000000,4.000000,66.666664
1614076771.726729,105.000000,0.000000,-4.844294,-2.804377,-21.002596,1.617504,-9.217027,-1.670402,3.508131,-1.624310,-5.392992,5.517529,2.497008,5.879591,11.246674,-5.167909,-2.532967,-2.960129,-9.684563,-1.655643,9.658669,-6.698483,-16.401093,0.799408,7.389249,-2.268455,-13.476553,-9.332434,-2.861073,-0.653863,-11.976189,-10.010465,-10.887443,-1.586859,8064.000000,0.000000,4.000000,,,,0.000000,4.000000,4.000000,4.000000,4.000000,4.000000,4.000000,4.000000,4.000000,4.000000,4.000000,4.000000,4.000000,4.000000,4.000000,4.000000,4.000000,4.000000,4.000000,2.000000,4.000000,4.000000,2.000000,4.000000,4.000000,4.000000,4.000000,4.000000,4.000000,4.000000,4.000000,4.000000,4.000000,66.666664
1614076771.734478,106.000000,0.000000,-4.839450,-2.801573,-20.981592,1.615886,-8.182168,-1.668732,3.504623,-1.622685,-5.387599,3.460730,6.597075,5.873712,7.645683,-5.162741,-0.991973,-10.136656,-7.623596,-5.756551,-2.145861,-8.743066,-16.384693,-0.227032,7.381860,-2.266187,-17.565641,-7.784639,-3.371033,-0.653209,-11.451392,-8.974813,-9.850914,-0.046811,8064.000000,0.000000,4.000000,,,,0.000000,4.000000,4.000000,4.000000,4.000000,4.000000,4.000000,4.000000,4.000000,4.000000,4.000000,4.000000,4.000000,4.000000,4.000000,4.000000,4.000000,4.000000,4.000000,2.000000,4.000000,4.000000,2.000000,4.000000,4.000000,4.000000,4.000000,4.000000,4.000000,4.000000,4.000000,4.000000,4.000000,66.666664
1614076771.742127,107.000000,0.000000,-4.834610,-2.798771,-20.960611,1.101450,-6.122704,-1.154242,3.501119,-4.185165,-4.869391,2.944448,7.616118,5.867838,10.714961,-4.131938,4.137224,16.540148,-3.000587,17.838949,-4.194997,-9.247144,-13.291385,0.286015,7.374478,-2.263921,-13.445511,-8.802496,-3.367662,-0.652556,-11.952762,-9.991479,-10.353884,-1.072405,8064.000000,0.000000,4.000000,,,,0.000000,4.000000,4.000000,4.000000,4.000000,4.000000,4.000000,4.000000,4.000000,4.000000,4.000000,4.000000,4.000000,4.000000,4.000000,4.000000,4.000000,4.000000,4.000000,2.000000,4.000000,4.000000,2.000000,4.000000,4.000000,4.000000,4.000000,4.000000,4.000000,4.000000,4.000000,4.000000,4.000000,66.666664
1614076771.749876,108.000000,0.000000,-4.829776,-2.795972,-18.888369,4.177271,-5.090940,-2.178729,3.497617,-7.770724,-2.813240,1.915863,1.454656,5.861970,11.217067,-5.153446,3.107446,9.856941,-6.587330,7.051879,6.065608,-7.699435,-7.637067,0.285729,7.367104,-2.774477,-7.278219,-5.716770,-3.364294,-0.651903,-11.940808,-9.981488,-10.856350,5.082514,8064.000000,0.000000,4.000000,,,,0.000000,4.000000,4.000000,4.000000,4.000000,4.000000,4.000000,4.000000,4.000000,4.000000,4.000000,4.000000,4.000000,4.000000,4.000000,4.000000,4.000000,4.000000,4.000000,2.000000,4.000000,4.000000,2.000000,4.000000,4.000000,4.000000,4.000000,4.000000,4.000000,4.000000,4.000000,4.000000,4.000000,66.666664
1614076771.757525,109.000000,0.000000,-4.824946,-2.793176,-16.818197,8.788479,-4.573029,-1.150909,3.494120,1.467816,-1.271965,3.452409,2.478843,5.856108,10.693028,-4.635472,-0.998226,-5.537531,-10.170486,-11.416711,7.085183,-3.589171,-2.501225,0.285444,7.359736,-0.720421,-6.758121,1.468434,-1.822468,-0.651251,-9.877585,-5.356122,-7.768570,16.872303,8064.000000,0.000000,4.000000,,,,0.000000,4.000000,4.000000,4.000000,4.000000,4.000000,4.000000,4.000000,4.000000,4.000000,4.000000,4.000000,4.000000,4.000000,4.000000,4.000000,4.000000,4.000000,4.000000,2.000000,4.000000,4.000000,2.000000,4.000000,4.000000,4.000000,4.000000,4.000000,4.000000,4.000000,4.000000,4.000000,4.000000,66.666664
1614076771.765275,110.000000,0.000000,-4.820121,-2.790383,-16.801380,8.266870,-5.081276,-1.149759,3.490626,3.517631,-2.296334,3.961777,1.450723,5.850252,11.707976,-4.118016,1.566875,19.596210,-7.083393,11.158808,11.693482,-0.508659,-0.960263,2.849261,7.352376,1.331582,-7.264183,4.543889,0.743457,-0.650600,-7.816426,-3.812304,-3.145417,19.419533,8064.000000,0.000000,4.000000,,,,0.000000,4.000000,4.000000,4.000000,4.000000,4.000000,4.000000,4.000000,4.000000,4.000000,4.000000,4.000000,4.000000,4.000000,4.000000,4.000000,4.000000,4.000000,4.000000,2.000000,4.000000,4.000000,2.000000,4.000000,4.000000,4.000000,4.000000,4.000000,4.000000,4.000000,4.000000,4.000000,4.000000,66.666664
1614076771.772924,111.000000,0.000000,-4.815301,-2.787593,-17.297400,5.181680,-9.178760,-5.251173,3.487135,-17.511528,-5.370961,-4.247313,-10.345600,5.844402,7.593705,-7.703642,0.539667,26.756102,-5.025028,28.070726,22.451019,-0.508150,-1.472123,6.948976,7.345024,1.843071,-8.795381,0.949601,0.229893,-0.649949,-7.808610,-9.962338,-4.167913,13.246267,8064.000000,0.000000,4.000000,,,,0.000000,4.000000,4.000000,4.000000,4.000000,4.000000,4.000000,4.000000,4.000000,4.000000,4.000000,4.000000,4.000000,4.000000,4.000000,4.000000,4.000000,4.000000,4.000000,2.000000,4.000000,4.000000,2.000000,4.000000,4.000000,4.000000,4.000000,4.000000,4.000000,4.000000,4.000000,4.000000,4.000000,66.666664
1614076771.780673,112.000000,0.000000,-4.810486,-2.784805,-17.280102,5.176498,-12.246504,-8.322845,3.483648,-20.570940,-5.878410,-10.909733,-10.848075,6.351378,3.996367,-8.721580,-6.127539,3.139603,-6.045644,1.888809,9.608056,-0.507642,-0.957830,6.942027,7.337679,1.328407,-10.837867,-3.666733,0.229663,-0.649299,-8.313622,-15.080581,-6.727848,10.668919,8064.000000,0.000000,4.000000,,,,0.000000,4.000000,4.000000,4.000000,4.000000,4.000000,4.000000,4.000000,4.000000,4.000000,4.000000,4.000000,4.000000,4.000000,4.000000,4.000000,4.000000,4.000000,4.000000,2.000000,4.000000,4.000000,2.000000,4.000000,4.000000,4.000000,4.000000,4.000000,4.000000,4.000000,4.000000,4.000000,4.000000,66.666664
1614076771.788322,113.000000,0.000000,-4.805675,-2.782020,-16.750000,5.684142,-9.670155,-6.263240,3.480164,5.090657,-0.744327,-2.693695,1.983286,5.832206,9.633397,1.030732,-6.634232,8.777489,-6.039598,-18.625900,-9.888731,-0.507134,-0.956872,4.370982,7.330342,1.327079,-9.801388,-5.201528,1.255074,-0.648650,-8.305308,-13.014218,-6.721120,11.171070,8064.000000,0.000000,4.000000,,,,0.000000,4.000000,4.000000,4.000000,4.000000,4.000000,4.000000,4.000000,4.000000,4.000000,4.000000,4.000000,4.000000,4.000000,4.000000,4.000000,4.000000,4.000000,4.000000,2.000000,4.000000,4.000000,2.000000,4.000000,4.000000,4.000000,4.000000,4.000000,4.000000,4.000000,4.000000,4.000000,4.000000,66.666664
1614076771.796071,114.000000,0.000000,-4.288049,-2.779238,-17.758892,5.165637,-8.122023,-4.718515,3.476684,13.290694,5.410264,3.462845,7.622329,5.313553,14.239148,6.670727,-2.525034,20.563583,-5.520738,4.982470,4.992952,-0.506627,-1.468736,3.853791,7.835832,1.325752,-7.227484,-4.683506,-1.823104,-0.648001,-8.297003,-10.949922,-6.714399,10.647079,8064.000000,0.000000,4.000000,,,,0.000000,4.000000,4.000000,4.000000,4.000000,4.000000,4.000000,4.000000,4.000000,4.000000,4.000000,4.000000,4.000000,4.000000,4.000000,4.000000,4.000000,4.000000,4.000000,2.000000,4.000000,4.000000,2.000000,4.000000,4.000000,4.000000,4.000000,4.000000,4.000000,4.000000,4.000000,4.000000,4.000000,66.666664
1614076771.803720,115.000000,0.000000,-4.796581,-2.776459,-18.253954,5.160472,-8.626721,-5.226617,3.473207,-3.132853,4.892033,-0.130361,5.050604,6.846702,10.635165,-0.002611,0.554414,11.825070,-5.515217,30.105692,26.013599,-0.506121,-1.467267,4.362757,7.315176,1.324426,-6.707436,-4.678823,-6.436665,-0.647353,-8.288706,-10.426151,-6.707685,10.123611,8064.000000,0.000000,4.000000,,,,0.000000,4.000000,4.000000,4.000000,4.000000,4.000000,4.000000,4.000000,4.000000,4.000000,4.000000,4.000000,4.000000,4.000000,4.000000,4.000000,4.000000,4.000000,4.000000,2.000000,4.000000,4.000000,2.000000,4.000000,4.000000,4.000000,4.000000,4.000000,4.000000,4.000000,4.000000,4.000000,4.000000,66.666664
1614076771.811569,116.000000,0.000000,-6.330246,-2.773683,-14.133135,5.155312,-8.618094,-5.221391,3.469734,-12.360489,2.323039,-1.155872,5.045553,3.250111,7.034786,-5.130813,-3.548704,6.685040,-6.535343,-0.180824,9.577331,-5.633820,-1.465800,3.845574,4.743758,1.323101,-7.213549,-5.186964,-7.455870,-0.646706,-8.280417,-9.902905,-4.136874,10.113487,8064.000000,0.000000,4.000000,,,,0.000000,4.000000,4.000000,4.000000,4.000000,4.000000,4.000000,4.000000,4.000000,4.000000,4.000000,4.000000,4.000000,4.000000,4.000000,4.000000,4.000000,4.000000,4.000000,2.000000,4.000000,4.000000,2.000000,4.000000,4.000000,4.000000,4.000000,4.000000,4.000000,4.000000,4.000000,4.000000,4.000000,66.666664
1614076771.819318,117.000000,0.000000,-8.888019,-2.770909,-15.144643,5.150156,-10.147938,-6.754631,3.466264,-9.271206,0.269433,-3.205998,2.989226,-7.009549,4.976470,-7.176964,-16.365667,-12.808825,-10.631371,-32.488335,-10.945067,-12.807673,-1.977155,3.328908,3.200552,1.321778,-7.206336,-4.668957,-6.935593,-0.646059,-8.272137,-10.405823,-4.132737,10.616195,8064.000000,0.000000,4.000000,,,,0.000000,4.000000,4.000000,4.000000,4.000000,4.000000,4.000000,4.000000,4.000000,4.000000,4.000000,4.000000,4.000000,4.000000,4.000000,4.000000,4.000000,4.000000,4.000000,2.000000,4.000000,4.000000,2.000000,4.000000,4.000000,4.000000,4.000000,4.000000,4.000000,4.000000,4.000000,4.000000,4.000000,66.666664
1614076771.827167,118.000000,0.000000,-8.879130,-2.768138,-21.283344,5.145006,-13.214713,-9.311978,2.949978,-8.749114,-1.269297,-8.330997,0.934954,-9.566642,3.433032,-12.297993,-20.964687,-29.719091,-13.697663,-16.558411,0.347929,-13.820506,-1.975178,2.812758,2.684531,0.807636,-7.199130,-4.664288,-7.954298,-0.645413,-8.263865,-9.882596,-6.692707,10.605578,8064.000000,0.000000,4.000000,,,,0.000000,4.000000,4.000000,4.000000,4.000000,4.000000,4.000000,4.000000,4.000000,4.000000,4.000000,4.000000,4.000000,4.000000,4.000000,4.000000,4.000000,4.000000,4.000000,2.000000,4.000000,4.000000,2.000000,4.000000,4.000000,4.000000,4.000000,4.000000,4.000000,4.000000,4.000000,4.000000,4.000000,66.666664
1614076771.834916,119.000000,0.000000,-8.357431,-2.765370,-14.082574,5.139861,-12.688678,-9.302667,3.459848,-11.817287,-2.293669,-6.784204,2.472481,-3.403229,3.429599,-12.798515,-11.200132,-1.484245,-13.171145,16.278660,12.142452,-11.242583,-1.973202,2.297125,3.707488,0.806828,-7.191930,-4.659624,-7.433524,-0.644768,-7.742780,-8.847073,-5.147553,10.594973,8064.000000,0.000000,4.000000,,,,0.000000,4.000000,4.000000,4.000000,4.000000,4.000000,4.000000,4.000000,4.000000,4.000000,4.000000,4.000000,4.000000,4.000000,4.000000,4.000000,4.000000,4.000000,4.000000,2.000000,4.000000,4.000000,2.000000,4.000000,4.000000,4.000000,4.000000,4.000000,4.000000,4.000000,4.000000,4.000000,4.000000,66.666664
1614076771.842765,120.000000,0.000000,-8.861894,-2.762604,-2.273620,5.134721,-11.650349,-9.293364,2.943568,-10.267009,-1.778555,-4.726139,0.931547,-3.399826,2.913348,-9.708794,-11.188932,8.260829,-14.183615,-1.173516,1.361079,-13.795444,-2.484050,0.756366,3.190960,1.318842,-7.184738,-5.167784,-7.426090,-0.644123,-8.247858,-7.812584,-2.578303,10.584377,8064.000000,0.000000,4.000000,,,,0.000000,4.000000,4.000000,4.000000,4.000000,4.000000,4.000000,4.000000,4.000000,4.000000,4.000000,4.000000,4.000000,4.000000,4.000000,4.000000,4.000000,4.000000,4.000000,2.000000,4.000000,4.000000,2.000000,4.000000,4.000000,4.000000,4.000000,4.000000,4.000000,4.000000,4.000000,4.000000,4.000000,66.666664
1614076771.850514,121.000000,0.000000,-9.365852,-3.272662,-4.835449,5.129586,-13.689980,-9.284071,2.940624,-5.128537,-1.776776,-5.747053,1.956256,-2.370785,3.423256,-10.211905,-11.690564,-11.747432,-13.143790,-7.839009,-0.691564,-11.730366,-0.943104,-2.321313,2.162128,0.291882,-7.690374,-4.649796,-7.931485,-1.156299,-10.290892,-5.240669,-3.088545,10.573793,8064.000000,0.000000,4.000000,,,,0.000000,4.000000,4.000000,4.000000,4.000000,4.000000,4.000000,4.000000,4.000000,4.000000,4.000000,4.000000,4.000000,4.000000,4.000000,4.000000,4.000000,4.000000,4.000000,2.000000,4.000000,4.000000,2.000000,4.000000,4.000000,4.000000,4.000000,4.000000,4.000000,4.000000,4.000000,4.000000,4.000000,66.666664
1614076771.858363,122.000000,0.000000,-5.253923,-2.243749,-2.779331,5.124457,-10.086547,-4.146581,6.014607,-1.020844,-1.775000,1.438181,13.236351,6.862355,17.778807,1.593179,12.936511,20.572008,-2.361416,24.989342,15.206564,3.665980,4.698864,6.911777,6.775351,0.804411,-4.605761,-2.593864,-2.282528,-0.642323,-11.819062,-1.132864,-2.059815,10.563219,8064.000000,0.000000,4.000000,,,,0.000000,4.000000,4.000000,4.000000,4.000000,4.000000,4.000000,4.000000,4.000000,4.000000,4.000000,4.000000,4.000000,4.000000,4.000000,4.000000,4.000000,4.000000,4.000000,2.000000,4.000000,4.000000,2.000000,4.000000,4.000000,4.000000,4.000000,4.000000,4.000000,4.000000,4.000000,4.000000,4.000000,66.666664
1614076771.866113,123.000000,0.000000,1.417998,0.322598,7.992679,5.119332,2.231232,4.062694,10.111156,2.057100,-1.260404,13.231614,23.992346,13.522159,31.607182,23.642868,33.436394,53.371948,8.922997,47.015636,20.832382,17.508469,10.848012,23.315123,15.486524,6.444632,-0.498591,-1.052809,5.412063,1.409602,-11.807243,1.432371,0.506347,10.552656,8064.000000,0.000000,4.000000,,,,0.000000,4.000000,4.000000,4.000000,4.000000,4.000000,4.000000,4.000000,4.000000,4.000000,4.000000,4.000000,4.000000,4.000000,4.000000,4.000000,4.000000,4.000000,4.000000,2.000000,4.000000,4.000000,2.000000,4.000000,4.000000,4.000000,4.000000,4.000000,4.000000,4.000000,4.000000,4.000000,4.000000,66.666664
1614076771.873961,124.000000,0.000000,3.467862,0.835096,3.882122,5.114213,7.870027,6.622733,11.126686,6.670427,-1.771964,15.782486,23.455532,14.534278,27.985830,30.285891,27.249113,35.369858,9.426894,37.737850,19.273088,18.003780,16.478189,21.240524,19.573601,12.079213,0.527549,-0.538935,9.509214,3.459474,-11.795437,1.430939,1.018661,10.542104,8064.000000,0.000000,4.000000,,,,0.000000,4.000000,4.000000,4.000000,4.000000,4.000000,4.000000,4.000000,4.000000,4.000000,4.000000,4.000000,4.000000,4.000000,4.000000,4.000000,4.000000,4.000000,4.000000,2.000000,4.000000,4.000000,2.000000,4.000000,4.000000,4.000000,4.000000,4.000000,4.000000,4.000000,4.000000,4.000000,4.000000,66.666664
1614076771.881711,125.000000,0.000000,2.438753,1.859901,-9.455093,5.109099,0.682670,6.103290,10.602739,7.689398,-2.283013,13.715421,18.816692,15.545384,22.316820,22.563297,21.068018,33.796028,7.366185,42.315498,25.407661,15.421674,17.487352,5.834669,18.528387,12.579954,0.014201,2.025706,11.550987,2.943194,-8.706717,3.480790,0.504822,10.531562,8064.000000,0.000000,4.000000,,,,0.000000,4.000000,4.000000,4.000000,4.000000,4.000000,4.000000,4.000000,4.000000,4.000000,4.000000,4.000000,4.000000,4.000000,4.000000,4.000000,4.000000,4.000000,4.000000,2.000000,4.000000,4.000000,2.000000,4.000000,4.000000,4.000000,4.000000,4.000000,4.000000,4.000000,4.000000,4.000000,4.000000,66.666664
1614076771.889560,126.000000,0.000000,2.436314,3.909324,-10.471279,5.103990,-4.959039,4.045905,10.592136,3.066324,-1.255089,14.727346,13.669671,10.914454,21.781683,13.822785,17.457205,50.685307,6.333178,29.965490,15.125844,6.175483,10.290378,4.290373,15.432935,11.541734,0.014187,3.049321,7.949693,2.940251,-4.082626,5.528591,1.017138,10.521030,8064.000000,0.000000,4.000000,,,,0.000000,4.000000,4.000000,4.000000,4.000000,4.000000,4.000000,4.000000,4.000000,4.000000,4.000000,4.000000,4.000000,4.000000,4.000000,4.000000,4.000000,4.000000,4.000000,2.000000,4.000000,4.000000,2.000000,4.000000,4.000000,4.000000,4.000000,4.000000,4.000000,4.000000,4.000000,4.000000,4.000000,66.666664
1614076771.897309,127.000000,0.000000,2.946698,3.392594,-10.973628,5.611706,-5.979721,-0.060705,10.581544,0.499155,-2.792295,13.174158,5.963694,3.724053,11.503490,3.552552,0.003851,32.685905,-3.416745,-1.346527,-7.966205,-11.266590,3.100600,11.465569,9.776477,12.555833,0.526993,2.533452,0.249435,3.450131,-6.642646,5.010242,-0.009520,10.510509,8064.000000,0.000000,4.000000,,,,0.000000,4.000000,4.000000,4.000000,4.000000,4.000000,4.000000,4.000000,4.000000,4.000000,4.000000,4.000000,4.000000,4.000000,4.000000,4.000000,4.000000,4.000000,4.000000,2.000000,4.000000,4.000000,2.000000,4.000000,4.000000,4.000000,4.000000,4.000000,4.000000,4.000000,4.000000,4.000000,4.000000,66.666664
1614076771.905158,0.000000,0.000000,2.430931,0.825099,-17.116501,3.554812,-11.614767,-5.188850,10.570963,1.524297,-7.917708,6.494317,1.342345,1.156226,0.722756,-4.656128,-8.201282,25.473732,-13.156918,2.757383,-11.547982,-14.332247,2.071859,10.428463,6.689777,12.543277,0.013645,2.530918,-3.853378,2.933861,-13.302670,4.492411,-2.573613,10.499998,0.000000,195.000000,4.000000,,,,0.000000,4.000000,4.000000,4.000000,4.000000,4.000000,4.000000,4.000000,4.000000,4.000000,4.000000,4.000000,4.000000,4.000000,4.000000,4.000000,4.000000,4.000000,4.000000,2.000000,4.000000,4.000000,2.000000,4.000000,4.000000,4.000000,4.000000,4.000000,4.000000,4.000000,4.000000,4.000000,4.000000,66.666664
1614076771.912907,1.000000,0.000000,2.428500,0.311453,-18.637846,1.499976,-12.628793,-6.209302,10.560391,1.522773,-9.448252,2.385258,1.341003,1.667891,3.798956,-5.677113,-2.552054,29.550823,-11.605299,15.575139,-3.331306,-3.548684,2.582607,6.828291,7.195908,12.017913,0.013632,2.528387,-4.362345,2.930927,-15.853471,4.487919,-3.596681,10.489498,0.000000,199.000000,4.000000,,,,0.000000,4.000000,4.000000,4.000000,4.000000,4.000000,4.000000,4.000000,4.000000,4.000000,4.000000,4.000000,4.000000,4.000000,4.000000,4.000000,4.000000,4.000000,4.000000,2.000000,4.000000,4.000000,2.000000,4.000000,4.000000,4.000000,4.000000,4.000000,4.000000,4.000000,4.000000,4.000000,4.000000,66.666664
1614076771.920756,2.000000,0.000000,2.426072,1.336783,-16.567926,2.011296,-3.898215,-3.638990,10.549831,1.008429,-4.310598,2.895694,1.852482,3.717505,7.897721,-5.158616,-2.549502,-2.786421,-6.465489,6.328794,6.928435,-0.468212,3.605666,7.334283,7.188712,12.005896,0.526439,3.551500,-2.819521,5.492098,-14.811975,4.996252,-2.567443,10.991830,0.000000,202.000000,4.000000,,,,0.000000,4.000000,4.000000,4.000000,4.000000,4.000000,4.000000,4.000000,4.000000,4.000000,4.000000,4.000000,4.000000,4.000000,4.000000,4.000000,4.000000,4.000000,4.000000,2.000000,4.000000,4.000000,2.000000,4.000000,4.000000,4.000000,4.000000,4.000000,4.000000,4.000000,4.000000,4.000000,4.000000,66.666664
1614076771.928505,3.000000,0.000000,2.936466,1.848266,-16.551359,2.009285,-0.304574,-1.584069,10.539282,0.494600,-0.203724,3.918439,2.363451,8.329172,7.889824,-2.589354,0.017150,-18.681070,-5.946203,21.707081,29.998430,0.557897,8.217444,7.326949,6.668703,12.506710,1.038733,3.547948,4.362785,7.025068,-14.284344,6.016896,-2.052055,9.955196,0.000000,175.000000,4.000000,,,,0.000000,4.000000,4.000000,4.000000,4.000000,4.000000,4.000000,4.000000,4.000000,4.000000,4.000000,4.000000,4.000000,4.000000,4.000000,4.000000,4.000000,4.000000,4.000000,2.000000,4.000000,4.000000,2.000000,4.000000,4.000000,4.000000,4.000000,4.000000,4.000000,4.000000,4.000000,4.000000,4.000000,66.666664
1614076771.936154,4.000000,0.000000,2.420709,0.307956,-17.047626,0.981634,-4.919653,-2.095305,11.041563,1.006926,-2.767623,1.863239,0.309805,8.833663,7.369113,-0.535483,4.632517,4.927354,-5.940257,40.659733,37.147919,3.121442,11.286150,7.832443,7.174854,13.007024,0.012053,1.493118,6.922525,7.018043,-15.808520,4.472418,-4.614106,7.381139,0.000000,191.000000,4.000000,,,,0.000000,4.000000,4.000000,4.000000,4.000000,4.000000,4.000000,4.000000,4.000000,4.000000,4.000000,4.000000,4.000000,4.000000,4.000000,4.000000,4.000000,4.000000,4.000000,2.000000,4.000000,4.000000,2.000000,4.000000,4.000000,4.000000,4.000000,4.000000,4.000000,4.000000,4.000000,4.000000,4.000000,66.666664
1614076771.943903,5.000000,0.000000,2.418288,-0.205172,-18.056221,2.006294,-4.401914,-1.580390,10.517700,2.031560,-5.328958,0.322914,-1.228966,6.260727,0.695078,-8.227255,-11.269551,-5.333983,-8.498419,8.311380,6.854361,-6.112449,5.121018,7.824610,7.167680,11.968375,0.524861,4.568548,-0.263885,6.498204,-15.792712,4.467945,-7.173594,5.835296,0.000000,199.000000,4.000000,,,,0.000000,4.000000,4.000000,4.000000,4.000000,4.000000,4.000000,4.000000,4.000000,4.000000,4.000000,4.000000,4.000000,4.000000,4.000000,4.000000,4.000000,4.000000,4.000000,2.000000,4.000000,4.000000,2.000000,4.000000,4.000000,4.000000,4.000000,4.000000,4.000000,4.000000,4.000000,4.000000,4.000000,66.666664
1614076771.951552,6.000000,0.000000,3.441511,2.871956,-15.986882,1.491467,-3.884691,-0.553168,11.020003,-2.585856,-4.810808,-0.190230,-0.714917,5.741646,-9.562028,-14.885695,-23.053154,-22.764547,-12.592484,-24.004623,-16.742237,-18.926849,-7.191795,2.175760,7.160512,9.392304,1.549978,6.615262,-4.366185,7.004527,-13.725637,7.540401,-5.627959,7.880743,0.000000,182.000000,4.000000,,,,0.000000,4.000000,4.000000,2.000000,4.000000,4.000000,4.000000,4.000000,4.000000,4.000000,4.000000,4.000000,4.000000,4.000000,4.000000,4.000000,4.000000,4.000000,4.000000,2.000000,4.000000,4.000000,2.000000,4.000000,4.000000,4.000000,4.000000,4.000000,4.000000,4.000000,4.000000,4.000000,4.000000,50.000000
1614076771.959301,7.000000,0.000000,1.899608,-3.284762,-18.022179,-6.202332,-15.675678,-6.706461,10.496162,-9.249937,-6.344459,-5.831065,-6.868048,4.710263,-10.578107,-16.409271,-10.722407,-1.203321,-13.605534,-0.903695,-12.622931,-20.446384,-15.389731,-6.544364,7.666172,5.280348,-6.143880,-3.134943,-2.823357,7.510343,-17.301655,-4.262012,-8.186434,6.847221,0.000000,150.000000,4.000000,,,,0.000000,4.000000,4.000000,2.000000,4.000000,4.000000,4.000000,4.000000,4.000000,4.000000,4.000000,4.000000,4.000000,4.000000,4.000000,4.000000,4.000000,4.000000,4.000000,2.000000,4.000000,4.000000,2.000000,4.000000,4.000000,4.000000,4.000000,4.000000,4.000000,4.000000,4.000000,4.000000,4.000000,50.000000
1614076771.966950,8.000000,0.000000,-3.743317,-18.153273,-29.799026,-13.375617,-26.429234,-15.417704,6.383102,-8.727866,-12.491961,-16.081644,-16.091949,2.141450,-12.105990,-22.546707,-8.147583,-2.740579,-12.566287,10.379260,-8.507744,-19.400297,-16.399982,-8.589102,7.145685,-1.904419,-18.445429,-15.952321,-2.820534,4.938730,-27.027943,-24.770571,-18.947477,-3.928857,0.000000,185.000000,4.000000,,,,0.000000,4.000000,4.000000,2.000000,4.000000,4.000000,4.000000,4.000000,4.000000,4.000000,4.000000,4.000000,4.000000,4.000000,4.000000,4.000000,4.000000,4.000000,4.000000,2.000000,4.000000,4.000000,2.000000,4.000000,4.000000,4.000000,4.000000,4.000000,4.000000,4.000000,4.000000,4.000000,4.000000,50.000000
1614076771.974700,9.000000,0.000000,-5.278035,-16.596657,-33.358971,-13.875062,-21.787420,-14.376645,0.735694,-5.129395,-17.094852,-20.168127,-17.614319,1.626488,-15.683628,-27.139545,-17.883024,-21.712196,-13.579362,-9.631120,-12.601800,-19.380896,-16.383583,-2.426667,7.138540,-9.594823,-24.068008,-16.962009,-3.843354,2.369688,-30.077839,-28.335543,-18.415710,-11.617236,0.000000,180.000000,4.000000,,,,0.000000,4.000000,4.000000,2.000000,4.000000,4.000000,4.000000,4.000000,4.000000,4.000000,4.000000,4.000000,4.000000,4.000000,4.000000,4.000000,4.000000,4.000000,4.000000,2.000000,4.000000,4.000000,2.000000,4.000000,4.000000,4.000000,4.000000,4.000000,4.000000,4.000000,4.000000,4.000000,4.000000,50.000000
1614076771.982349,10.000000,0.000000,-1.683014,-1.708266,-22.043562,-10.271443,-15.098966,-7.182781,-0.803503,-7.688368,-16.052118,-19.122318,-15.545423,2.137682,-7.975636,-17.368816,-8.634373,6.514643,-11.514500,5.250307,-12.076378,-13.207669,-16.880020,7.319349,7.644222,-11.123690,-21.479837,-14.893765,-3.326690,3.392960,-23.893915,-18.563618,-5.576781,-7.503054,0.000000,220.000000,4.000000,,,,0.000000,4.000000,4.000000,2.000000,4.000000,4.000000,4.000000,4.000000,4.000000,4.000000,4.000000,4.000000,4.000000,4.000000,4.000000,4.000000,4.000000,4.000000,4.000000,2.000000,4.000000,4.000000,2.000000,4.000000,4.000000,4.000000,4.000000,4.000000,4.000000,4.000000,4.000000,4.000000,4.000000,50.000000
1614076771.990098,11.000000,0.000000,-3.732613,0.857545,-15.354852,-9.748351,-15.596686,-4.611495,-0.289879,-10.757603,-13.471963,-19.616016,-17.581160,2.135545,0.237467,-7.607857,3.169133,29.072231,-8.938883,30.373260,-8.987378,-7.553436,-14.299037,6.799210,6.610936,-9.574104,-17.868614,-16.930155,-4.349005,1.851105,-21.305918,-16.493773,-5.058384,-2.880167,0.000000,210.000000,4.000000,,,,0.000000,4.000000,4.000000,2.000000,4.000000,4.000000,4.000000,4.000000,4.000000,4.000000,4.000000,4.000000,4.000000,4.000000,4.000000,4.000000,4.000000,4.000000,4.000000,2.000000,4.000000,4.000000,2.000000,4.000000,4.000000,4.000000,4.000000,4.000000,4.000000,4.000000,4.000000,4.000000,4.000000,50.000000
1614076771.997747,12.000000,0.000000,-8.857085,-3.758697,-16.877958,-9.738603,-16.606731,-5.632525,-0.289589,-8.182742,-12.432850,-19.596399,-16.537937,2.133409,-5.916616,-8.625891,-4.013523,4.427774,-10.981226,12.906991,-10.516852,-7.033062,-11.720635,-5.002461,1.988941,-10.077351,-14.773823,-16.913223,-6.395937,-5.843054,-22.823074,-19.041382,-13.771275,-4.415748,0.000000,174.000000,4.000000,,,,0.000000,4.000000,4.000000,2.000000,4.000000,4.000000,4.000000,4.000000,4.000000,4.000000,4.000000,4.000000,4.000000,4.000000,4.000000,4.000000,4.000000,4.000000,4.000000,2.000000,4.000000,4.000000,2.000000,4.000000,4.000000,4.000000,4.000000,4.000000,4.000000,4.000000,4.000000,4.000000,4.000000,50.000000
1614076772.005496,13.000000,0.000000,-5.258484,-3.242118,-17.373901,-9.216043,-15.051662,-5.114072,-0.802120,-5.610457,-12.420417,-19.063982,-13.444476,2.131276,-7.961982,-11.694187,-9.650535,-2.243320,-12.508706,-0.952070,-9.993515,-7.538849,-11.708915,-10.125664,-0.577151,-10.067273,-13.733408,-14.845029,-7.415183,-8.914134,-22.287430,-16.971058,-14.783144,-4.411332,0.000000,173.000000,4.000000,,,,0.000000,4.000000,4.000000,2.000000,4.000000,4.000000,4.000000,4.000000,4.000000,4.000000,4.000000,4.000000,4.000000,4.000000,4.000000,4.000000,4.000000,4.000000,4.000000,2.000000,4.000000,4.000000,2.000000,4.000000,4.000000,4.000000,4.000000,4.000000,4.000000,4.000000,4.000000,4.000000,4.000000,50.000000
1614076772.013145,14.000000,0.000000,-0.125021,-4.264517,-17.356527,-9.206828,-15.036612,-4.596138,-0.288498,-6.117667,-12.407996,-19.557739,-13.431031,2.129144,2.302391,-11.682493,-5.538321,14.169180,-9.932096,14.946318,1.298530,-7.531311,-11.697206,-4.987333,-0.576574,-9.544385,-14.745316,-16.881466,-6.894947,-5.315476,-22.265142,-16.954086,-12.717079,-3.381280,0.000000,204.000000,4.000000,,,,0.000000,4.000000,4.000000,2.000000,4.000000,4.000000,4.000000,4.000000,4.000000,4.000000,4.000000,4.000000,4.000000,4.000000,4.000000,4.000000,4.000000,4.000000,4.000000,2.000000,4.000000,4.000000,2.000000,4.000000,4.000000,4.000000,4.000000,4.000000,4.000000,4.000000,4.000000,4.000000,4.000000,50.000000
1614076772.020894,15.000000,0.000000,-1.663357,-6.824355,-19.903273,-8.684800,-15.534395,-5.104362,-0.288209,-6.111549,-11.882768,-16.461258,-9.827857,2.127015,3.838550,-10.645170,-3.994320,4.924241,-8.896523,20.059576,10.528000,-7.010959,-12.198330,-2.931064,-0.063177,-9.534841,-14.217750,-14.300482,-6.888052,-4.284520,-21.730057,-16.937132,-13.730003,-5.429181,0.000000,222.000000,4.000000,,,,0.000000,4.000000,4.000000,2.000000,4.000000,4.000000,4.000000,4.000000,4.000000,4.000000,4.000000,4.000000,4.000000,4.000000,4.000000,4.000000,4.000000,4.000000,4.000000,2.000000,4.000000,4.000000,2.000000,4.000000,4.000000,4.000000,4.000000,4.000000,4.000000,4.000000,4.000000,4.000000,4.000000,50.000000
1614076772.028544,16.000000,0.000000,-4.738617,-6.304710,-20.396191,-6.624834,-15.518861,-5.099257,-0.287921,-5.592618,-12.383706,-9.265310,-3.151362,2.124888,0.244968,-8.583242,-5.528788,-13.542221,-8.887626,9.783107,0.261062,-7.003948,-11.673310,-3.953774,-0.575934,-9.525306,-12.152250,-3.004130,-6.881164,-4.793056,-19.144224,-12.817632,-12.177812,-7.475034,0.000000,178.000000,4.000000,,,,0.000000,4.000000,4.000000,2.000000,4.000000,4.000000,4.000000,4.000000,4.000000,4.000000,4.000000,4.000000,4.000000,4.000000,4.000000,4.000000,4.000000,4.000000,4.000000,2.000000,4.000000,4.000000,2.000000,4.000000,4.000000,4.000000,4.000000,4.000000,4.000000,4.000000,4.000000,4.000000,4.000000,50.000000
1614076772.036293,17.000000,0.000000,-4.733879,-6.811225,-20.375793,-5.079747,-15.503342,-5.094158,-0.287633,-5.587025,-12.371322,-4.127840,-3.661031,2.122763,1.270364,-8.061839,-5.523259,-19.682526,-9.391559,5.157939,-11.021251,-13.150790,-11.661637,-3.949820,-0.062537,-6.951678,-10.088816,4.691182,-6.874283,-4.275442,-18.099440,-9.215070,-9.601531,-7.467558,0.000000,191.000000,4.000000,,,,0.000000,4.000000,4.000000,2.000000,4.000000,4.000000,4.000000,4.000000,4.000000,4.000000,4.000000,4.000000,4.000000,4.000000,4.000000,4.000000,4.000000,4.000000,4.000000,2.000000,4.000000,4.000000,2.000000,4.000000,4.000000,4.000000,4.000000,4.000000,4.000000,4.000000,4.000000,4.000000,4.000000,50.000000
1614076772.043942,18.000000,0.000000,-4.216324,-6.291594,-20.355417,-5.587488,-16.000660,-5.089064,-0.287345,-7.119899,-12.358951,-3.610891,-9.298396,2.120641,-5.397573,-8.053777,-5.517735,-12.996176,-13.484731,3.101499,-7.420485,-21.855587,-16.265360,-10.612537,-0.062475,-5.406265,-10.078727,2.122388,-6.867409,-4.783987,-18.594160,-9.205855,-10.104750,-9.511373,0.000000,204.000000,4.000000,,,,0.000000,4.000000,4.000000,2.000000,4.000000,4.000000,4.000000,4.000000,4.000000,4.000000,4.000000,4.000000,4.000000,4.000000,4.000000,4.000000,4.000000,4.000000,4.000000,2.000000,4.000000,4.000000,2.000000,4.000000,4.000000,4.000000,4.000000,4.000000,4.000000,4.000000,4.000000,4.000000,4.000000,50.000000
1614076772.051691,19.000000,0.000000,-4.724928,-3.721200,-19.822243,-5.581901,-15.471838,-5.083975,-0.287058,-6.599959,-12.346592,-4.120101,-9.289098,2.118520,-10.007561,-8.045723,-5.512218,7.529641,-17.060989,9.252244,-3.310501,-24.910656,-22.915762,-18.294231,-0.575233,-5.913679,-10.581469,-0.956657,-6.860541,-3.240741,-18.575565,-9.709470,-9.581825,-11.553144,0.000000,201.000000,4.000000,,,,0.000000,4.000000,4.000000,2.000000,4.000000,4.000000,4.000000,4.000000,4.000000,4.000000,4.000000,4.000000,4.000000,4.000000,4.000000,4.000000,4.000000,4.000000,4.000000,2.000000,4.000000,4.000000,2.000000,4.000000,4.000000,4.000000,4.000000,4.000000,4.000000,4.000000,4.000000,4.000000,4.000000,50.000000
1614076772.059340,20.000000,0.000000,-5.233024,-2.179017,-21.853703,-5.576319,-13.405084,-5.078891,-0.286771,-5.054897,-12.334245,-4.115981,-8.254168,2.116401,-2.305245,-10.088960,-4.993885,15.214418,-17.043928,21.037863,-3.820011,-23.347282,-21.354383,-13.147733,-0.061837,-6.933407,-10.570888,-0.442880,-6.853681,2.403525,-18.044170,-9.186940,-7.008141,-11.028770,0.000000,169.000000,4.000000,,,,0.000000,4.000000,4.000000,2.000000,4.000000,4.000000,4.000000,4.000000,4.000000,4.000000,4.000000,4.000000,4.000000,4.000000,4.000000,4.000000,4.000000,4.000000,4.000000,2.000000,4.000000,4.000000,2.000000,4.000000,4.000000,4.000000,4.000000,4.000000,4.000000,4.000000,4.000000,4.000000,4.000000,50.000000
1614076772.067189,21.000000,0.000000,-4.714970,-2.689658,-23.370310,-5.570742,-11.853217,-5.073812,-0.286484,-9.152407,-12.321911,-4.111865,-9.784375,2.114285,-2.815760,-11.104511,-6.527353,-3.775155,-17.026884,17.427082,1.312014,-18.195730,-16.717646,-3.390995,-0.061775,-5.388012,-10.560316,-0.442437,-6.846827,1.888301,-18.538946,-9.690574,-5.975491,-11.017741,0.000000,173.000000,4.000000,,,,0.000000,4.000000,4.000000,2.000000,4.000000,4.000000,4.000000,4.000000,4.000000,4.000000,4.000000,4.000000,4.000000,4.000000,4.000000,4.000000,4.000000,4.000000,4.000000,2.000000,4.000000,4.000000,2.000000,4.000000,4.000000,4.000000,4.000000,4.000000,4.000000,4.000000,4.000000,4.000000,4.000000,50.000000
1614076772.074938,22.000000,0.000000,-4.197435,-2.686969,-21.808477,-5.565171,-11.328544,-5.068738,-0.286198,-13.245818,-12.309589,-1.543650,-6.184847,2.112171,-8.966791,-7.503664,-6.008005,-12.489328,-15.471396,10.742988,4.900446,-13.562150,-15.675286,-1.849143,-0.574534,-3.331342,-10.036936,-0.954815,-7.352801,-3.754613,-18.520407,-9.168062,-6.482336,-11.006723,0.000000,191.000000,4.000000,,,,0.000000,4.000000,4.000000,2.000000,4.000000,4.000000,4.000000,4.000000,4.000000,4.000000,4.000000,4.000000,4.000000,4.000000,4.000000,4.000000,4.000000,4.000000,4.000000,2.000000,4.000000,4.000000,2.000000,4.000000,4.000000,4.000000,4.000000,4.000000,4.000000,4.000000,4.000000,4.000000,4.000000,50.000000
1614076772.082787,23.000000,0.000000,-5.218878,-2.684282,-19.735388,-5.559606,-9.265933,-5.063670,-0.285912,-3.488983,-12.297279,0.509175,-3.101739,2.110059,-0.752696,-3.906416,2.715952,9.061623,-9.302079,29.193783,5.921186,-8.933204,-9.505765,-3.898576,0.451681,-3.328010,-10.539720,-0.953860,-5.806986,-5.289320,-18.501886,-7.107612,-6.475854,-8.431614,0.000000,200.000000,4.000000,,,,0.000000,4.000000,4.000000,2.000000,4.000000,4.000000,4.000000,4.000000,4.000000,4.000000,4.000000,4.000000,4.000000,4.000000,4.000000,4.000000,4.000000,4.000000,4.000000,2.000000,4.000000,4.000000,2.000000,4.000000,4.000000,4.000000,4.000000,4.000000,4.000000,4.000000,4.000000,4.000000,4.000000,50.000000
1614076772.090536,24.000000,0.000000,-4.700839,-2.681597,-20.228472,-5.554047,-7.718205,-5.058606,-0.285626,9.335019,-12.284982,-1.029795,-1.047355,3.133590,11.042929,5.841080,18.097851,41.873074,-2.626110,61.985104,20.787060,7.998806,5.888356,-0.304934,5.066615,0.777882,-11.042000,-0.952907,-1.698615,-3.745569,-18.996206,-6.074863,-5.956558,-7.910362,0.000000,179.000000,4.000000,,,,0.000000,4.000000,4.000000,2.000000,4.000000,4.000000,4.000000,4.000000,4.000000,4.000000,4.000000,4.000000,4.000000,4.000000,4.000000,4.000000,4.000000,4.000000,4.000000,2.000000,4.000000,4.000000,2.000000,4.000000,4.000000,4.000000,4.000000,4.000000,4.000000,4.000000,4.000000,4.000000,4.000000,50.000000
1614076772.098385,25.000000,0.000000,-2.132036,-2.678916,-20.721064,-5.548492,-8.223308,-5.053547,-0.285340,9.325684,-12.785518,-0.003125,5.620358,5.694559,14.621630,19.168571,24.746420,55.164536,-0.059382,71.666710,34.099606,22.862602,14.087596,10.464602,8.651292,10.007874,-5.389933,-0.951954,0.867186,-4.254644,-18.464388,-6.068789,-6.463421,-7.389631,0.000000,222.000000,4.000000,,,,0.000000,4.000000,4.000000,2.000000,4.000000,4.000000,4.000000,4.000000,4.000000,4.000000,4.000000,4.000000,4.000000,4.000000,4.000000,4.000000,4.000000,4.000000,4.000000,2.000000,4.000000,4.000000,2.000000,4.000000,4.000000,4.000000,4.000000,4.000000,4.000000,4.000000,4.000000,4.000000,4.000000,50.000000
1614076772.106134,26.000000,0.000000,-2.129904,-2.676237,-20.187523,-5.542944,-7.702264,-5.048494,-0.285055,5.213794,-12.259912,0.509699,7.153200,6.201684,8.453161,7.867352,6.260135,22.801678,-5.700348,39.287350,15.091147,5.403842,2.278636,11.992599,7.104178,14.100430,-0.769158,-0.951002,0.353498,-4.763210,-18.445925,-6.062720,-6.456958,-6.869421,0.000000,130.000000,4.000000,,,,0.000000,4.000000,4.000000,2.000000,4.000000,4.000000,4.000000,4.000000,4.000000,4.000000,4.000000,4.000000,4.000000,4.000000,4.000000,4.000000,4.000000,4.000000,4.000000,2.000000,4.000000,4.000000,2.000000,4.000000,4.000000,4.000000,4.000000,4.000000,4.000000,4.000000,4.000000,4.000000,4.000000,50.000000
1614076772.113983,27.000000,0.000000,-4.179056,-2.673561,-20.167336,-5.537401,-8.207382,-5.556266,-0.284770,4.695760,-12.247652,-8.208759,-2.597543,4.657021,-7.452727,-20.858463,-20.412792,-9.528817,-16.976698,6.940369,-15.180353,-20.755407,-17.723642,-4.429650,2.481690,9.470944,-3.845312,-1.462871,0.353145,-4.245626,-18.940298,-6.569478,-6.450501,-9.426654,0.000000,205.000000,4.000000,,,,0.000000,4.000000,4.000000,2.000000,4.000000,4.000000,4.000000,4.000000,4.000000,4.000000,4.000000,4.000000,4.000000,4.000000,4.000000,4.000000,4.000000,4.000000,4.000000,2.000000,4.000000,4.000000,2.000000,4.000000,4.000000,4.000000,4.000000,4.000000,4.000000,4.000000,4.000000,4.000000,4.000000,50.000000
1614076772.121732,28.000000,0.000000,-5.200518,-2.670887,-18.608707,-5.019043,-8.199175,-4.012248,-0.284485,2.639782,-12.748224,-15.380038,-9.261612,2.601082,-16.163223,-25.452990,-18.341097,16.634558,-16.446901,18.215479,-21.831841,-23.298754,-24.885406,-15.194451,-0.084894,3.820448,-7.431210,-0.948588,0.865612,-4.241381,-17.382896,-4.511626,-6.444051,-8.391586,0.000000,144.000000,4.000000,,,,0.000000,4.000000,4.000000,2.000000,4.000000,4.000000,4.000000,4.000000,4.000000,4.000000,4.000000,4.000000,4.000000,4.000000,4.000000,4.000000,4.000000,4.000000,4.000000,2.000000,4.000000,4.000000,2.000000,4.000000,4.000000,4.000000,4.000000,4.000000,4.000000,4.000000,4.000000,4.000000,4.000000,50.000000
1614076772.129581,29.000000,0.000000,-4.169676,-2.668216,-16.538816,-2.449922,-5.626873,-1.444133,-0.284200,1.098681,-10.171373,-11.774914,-5.662607,2.085660,-9.480393,-12.607024,-6.015063,35.079460,-7.199686,38.197266,-13.092059,-18.660070,-18.706675,-5.435667,-0.084810,1.252525,-6.910958,1.616463,0.351926,-4.237139,-12.750130,2.672373,-6.437607,-0.178067,0.000000,199.000000,4.000000,,,,0.000000,4.000000,4.000000,2.000000,4.000000,4.000000,4.000000,4.000000,4.000000,4.000000,4.000000,4.000000,4.000000,4.000000,4.000000,4.000000,4.000000,4.000000,4.000000,2.000000,4.000000,4.000000,2.000000,4.000000,4.000000,4.000000,4.000000,4.000000,4.000000,4.000000,4.000000,4.000000,4.000000,50.000000
1614076772.137330,30.000000,0.000000,-4.678327,-2.665548,-13.445354,-1.421831,-5.108426,-1.955510,0.228904,0.071941,-5.545818,-8.686216,-4.631303,2.083575,-6.906811,-10.543135,-11.650074,11.967460,-5.654024,28.415478,-4.361019,-20.179873,-13.046942,4.826179,-0.084725,0.738452,-6.391227,3.153308,0.351574,-4.745722,-10.173277,5.233803,-6.431169,4.950316,0.000000,174.000000,4.000000,,,,0.000000,4.000000,4.000000,2.000000,4.000000,4.000000,4.000000,4.000000,4.000000,4.000000,4.000000,4.000000,4.000000,4.000000,4.000000,4.000000,4.000000,4.000000,4.000000,2.000000,4.000000,4.000000,2.000000,4.000000,4.000000,4.000000,4.000000,4.000000,4.000000,4.000000,4.000000,4.000000,4.000000,50.000000
1614076772.145179,31.000000,0.000000,-4.673649,-2.662883,-11.893447,-2.958870,-7.667420,-4.517657,-1.309786,-3.517874,-4.514631,-11.754453,-6.165133,2.081491,-6.387084,-10.532592,-8.561501,39.134979,-6.161191,51.463985,2.822829,-12.980206,-12.521074,3.795712,-0.597461,1.250534,-7.410477,2.124514,0.351222,-4.740977,-11.188745,5.228569,-6.424738,3.919725,0.000000,171.000000,4.000000,,,,0.000000,4.000000,4.000000,2.000000,4.000000,4.000000,4.000000,4.000000,4.000000,4.000000,4.000000,4.000000,4.000000,4.000000,4.000000,4.000000,4.000000,4.000000,4.000000,2.000000,4.000000,4.000000,2.000000,4.000000,4.000000,4.000000,4.000000,4.000000,4.000000,4.000000,4.000000,4.000000,4.000000,50.000000
1614076772.152928,32.000000,0.000000,-4.668975,-2.660220,-14.958477,-5.007194,-8.685393,-5.538780,-4.385399,-6.078459,-5.022937,-12.255519,-5.133327,2.079410,-0.739671,-4.368213,5.806035,71.916359,-5.642209,81.156113,2.307186,-9.377481,-12.508554,2.766275,-0.596863,0.736463,-6.890246,3.148031,0.350871,-4.223415,-11.177556,6.248981,-6.418313,2.890164,8064.000000,0.000000,4.000000,,,,0.000000,4.000000,4.000000,2.000000,4.000000,4.000000,4.000000,4.000000,4.000000,4.000000,4.000000,4.000000,4.000000,4.000000,4.000000,4.000000,4.000000,4.000000,4.000000,2.000000,4.000000,4.000000,2.000000,4.000000,4.000000,4.000000,4.000000,4.000000,4.000000,4.000000,4.000000,4.000000,4.000000,50.000000
1614076772.160777,33.000000,0.000000,-4.664306,-2.657559,-20.071724,-6.540648,-7.651067,-5.533241,-4.381014,-7.098022,-5.017914,-11.730443,-7.179476,1.564510,-3.303034,-5.389486,-0.353617,41.075211,-14.867336,53.895466,-1.797685,-17.573233,-12.496045,4.814791,-1.109087,0.735726,-6.883356,2.119241,0.350520,-4.732012,-10.653558,-0.423934,-6.411895,1.861633,8064.000000,0.000000,4.000000,,,,0.000000,4.000000,4.000000,2.000000,4.000000,4.000000,4.000000,4.000000,4.000000,4.000000,4.000000,4.000000,4.000000,4.000000,4.000000,4.000000,4.000000,4.000000,4.000000,2.000000,4.000000,4.000000,2.000000,4.000000,4.000000,4.000000,4.000000,4.000000,4.000000,4.000000,4.000000,4.000000,4.000000,50.000000
1614076772.168526,34.000000,0.000000,-4.659642,-2.654902,-20.564472,-5.508466,-8.156237,-3.476426,-3.863812,-6.578103,-5.012896,-10.693071,-7.685117,2.075766,-5.863833,-7.435379,-5.481469,13.854648,-17.929392,39.482597,0.768215,-12.427454,-9.919446,4.809976,0.430484,1.247811,-7.389293,-1.985442,0.350170,-4.727281,-11.155725,-9.654280,-6.405483,-0.191511,8064.000000,0.000000,4.000000,,,,0.000000,4.000000,4.000000,2.000000,4.000000,4.000000,4.000000,4.000000,4.000000,4.000000,4.000000,4.000000,4.000000,4.000000,4.000000,4.000000,4.000000,4.000000,4.000000,2.000000,4.000000,4.000000,2.000000,4.000000,4.000000,4.000000,4.000000,4.000000,4.000000,4.000000,4.000000,4.000000,4.000000,50.000000
1614076772.176375,35.000000,0.000000,-4.142162,-3.165068,-15.928523,-1.400394,-8.660901,0.629615,-4.885590,-5.033063,-3.982242,-5.041353,-3.574868,3.612152,1.321518,-5.376661,7.857346,31.789511,-4.065309,68.673882,2.818729,2.969589,-3.242860,4.292346,0.430053,1.246563,-6.356262,0.580646,0.349820,0.405652,-11.144569,-6.567702,-6.399077,-0.191319,8064.000000,0.000000,4.000000,,,,0.000000,4.000000,4.000000,2.000000,4.000000,4.000000,4.000000,4.000000,4.000000,4.000000,4.000000,4.000000,4.000000,4.000000,4.000000,4.000000,4.000000,4.000000,4.000000,2.000000,4.000000,4.000000,2.000000,4.000000,4.000000,4.000000,4.000000,4.000000,4.000000,4.000000,4.000000,4.000000,4.000000,50.000000
1614076772.184125,36.000000,0.000000,-5.163661,-2.136261,-12.835671,1.677930,-8.139420,2.680267,-3.855063,-7.079312,-1.926978,-0.420927,-2.545652,1.044437,3.884299,-4.858464,7.336668,21.501310,2.092603,62.451363,3.328731,1.428158,-0.162694,3.775233,-1.621659,1.245317,-3.785804,8.785193,0.349470,6.046272,-11.133425,1.131173,-6.905499,-0.191128,8064.000000,0.000000,4.000000,,,,0.000000,4.000000,4.000000,2.000000,4.000000,4.000000,4.000000,4.000000,4.000000,4.000000,4.000000,4.000000,4.000000,4.000000,4.000000,4.000000,4.000000,4.000000,4.000000,2.000000,4.000000,4.000000,2.000000,4.000000,4.000000,4.000000,4.000000,4.000000,4.000000,4.000000,4.000000,4.000000,4.000000,50.000000
1614076772.191774,37.000000,0.000000,-3.620035,0.429977,-12.310016,2.189072,-8.131280,2.164766,1.276997,-7.585054,-0.899410,0.605135,-0.491824,2.581854,5.931697,-1.263862,2.713947,4.043912,2.603331,40.850452,13.581812,-6.778399,-2.726634,3.771458,5.046629,0.731251,-2.756377,7.750768,0.349120,7.578687,-11.122292,1.642863,-5.360132,-0.190937,8064.000000,0.000000,4.000000,,,,0.000000,4.000000,4.000000,2.000000,4.000000,4.000000,4.000000,4.000000,4.000000,4.000000,4.000000,4.000000,4.000000,4.000000,4.000000,4.000000,4.000000,4.000000,4.000000,2.000000,4.000000,4.000000,2.000000,4.000000,4.000000,4.000000,4.000000,4.000000,4.000000,4.000000,4.000000,4.000000,4.000000,50.000000
1614076772.199523,38.000000,0.000000,-0.539492,1.455188,-12.810526,1.161242,-8.635969,2.162601,3.839823,3.191762,-1.411331,2.142991,9.765078,12.835683,15.669354,7.968171,19.121489,29.168074,13.369958,54.655754,12.542589,-2.669056,-4.262369,3.767686,14.785172,0.217699,-3.266441,3.127632,0.861592,6.545467,-11.111169,0.102758,-2.790669,-0.190746,8064.000000,0.000000,4.000000,,,,0.000000,4.000000,4.000000,2.000000,4.000000,4.000000,4.000000,4.000000,4.000000,4.000000,4.000000,4.000000,4.000000,4.000000,4.000000,4.000000,4.000000,4.000000,4.000000,2.000000,4.000000,4.000000,2.000000,4.000000,4.000000,4.000000,4.000000,4.000000,4.000000,4.000000,4.000000,4.000000,4.000000,50.000000
1614076772.207172,39.000000,0.000000,-2.077414,0.940913,-12.284895,2.185722,-8.114512,2.160439,3.323162,7.291134,-1.409920,4.192131,11.806595,14.361308,11.551122,11.549947,18.076727,33.241470,9.254025,45.883148,-12.598158,-7.794592,-5.283748,0.686995,9.129362,1.243122,-3.263174,4.662966,-0.677731,6.538922,-11.100058,1.641117,-2.275058,-0.190555,8064.000000,0.000000,4.000000,,,,0.000000,4.000000,4.000000,2.000000,4.000000,4.000000,4.000000,4.000000,4.000000,4.000000,4.000000,4.000000,4.000000,4.000000,4.000000,4.000000,4.000000,4.000000,4.000000,2.000000,4.000000,4.000000,2.000000,4.000000,4.000000,4.000000,4.000000,4.000000,4.000000,4.000000,4.000000,4.000000,4.000000,50.000000
1614076772.214921,40.000000,0.000000,-7.716362,1.452792,-11.246969,6.798921,-4.516654,2.671099,3.319839,-6.562311,-1.408510,3.675118,-1.538545,-0.524848,-7.947609,2.820448,-8.095196,6.028741,-15.370614,18.657780,-17.200945,-23.684233,-5.278464,-5.980358,-3.700280,1.241879,-3.259911,5.171124,-3.241156,4.481101,-10.576138,2.152297,-2.785603,-0.190364,8064.000000,0.000000,4.000000,,,,0.000000,4.000000,4.000000,2.000000,4.000000,4.000000,4.000000,4.000000,4.000000,4.000000,4.000000,4.000000,4.000000,4.000000,4.000000,4.000000,4.000000,4.000000,4.000000,2.000000,4.000000,4.000000,2.000000,4.000000,4.000000,4.000000,4.000000,4.000000,4.000000,4.000000,4.000000,4.000000,4.000000,50.000000
1614076772.222570,41.000000,0.000000,-8.734287,0.938519,-9.184440,12.433147,-1.435215,4.719710,3.829340,-13.222415,-1.407101,3.158622,-7.690853,-11.293553,-11.016584,-2.310578,-8.599921,14.227840,-19.970629,49.408352,14.611128,-13.404140,2.419122,-9.564121,-4.722221,-0.810645,-3.256651,3.114671,-3.750736,2.425338,-11.078382,1.124503,-2.782818,-0.190174,8064.000000,0.000000,4.000000,,,,0.000000,4.000000,4.000000,2.000000,4.000000,4.000000,4.000000,4.000000,4.000000,4.000000,4.000000,4.000000,4.000000,4.000000,4.000000,4.000000,4.000000,4.000000,4.000000,2.000000,4.000000,4.000000,2.000000,4.000000,4.000000,4.000000,4.000000,4.000000,4.000000,4.000000,4.000000,4.000000,4.000000,50.000000
1614076772.230319,42.000000,0.000000,-7.699912,0.937580,-8.149614,12.933535,-0.408139,5.740631,3.312690,-0.388680,-1.405694,3.155463,3.598889,-4.615593,0.789304,5.896861,13.459961,47.034126,-5.591683,82.179459,24.852926,14.814393,10.109011,-4.426353,-1.127755,4.831192,-3.253395,5.162838,-3.234164,2.935733,-11.067303,1.123379,-2.780035,-0.189984,8064.000000,0.000000,4.000000,,,,0.000000,4.000000,4.000000,2.000000,4.000000,4.000000,4.000000,4.000000,4.000000,4.000000,4.000000,4.000000,4.000000,4.000000,4.000000,4.000000,4.000000,4.000000,4.000000,2.000000,4.000000,4.000000,2.000000,4.000000,4.000000,4.000000,4.000000,4.000000,4.000000,4.000000,4.000000,4.000000,4.000000,50.000000
1614076772.237968,43.000000,0.000000,-8.717853,1.449463,-12.244029,10.869319,-0.407731,5.734890,3.309377,7.304017,-1.404288,3.152308,12.826059,6.671073,7.455181,17.173016,19.600348,58.781963,1.080575,63.635738,0.725510,16.850861,5.996338,8.398587,0.924655,15.595592,-3.250141,5.157675,-3.743751,2.932797,-10.543415,1.635076,-2.777255,-0.189794,8064.000000,0.000000,4.000000,,,,0.000000,4.000000,4.000000,2.000000,4.000000,4.000000,4.000000,4.000000,4.000000,4.000000,4.000000,4.000000,4.000000,4.000000,4.000000,4.000000,4.000000,4.000000,4.000000,2.000000,4.000000,4.000000,2.000000,4.000000,4.000000,4.000000,4.000000,4.000000,4.000000,4.000000,4.000000,4.000000,4.000000,50.000000
1614076772.245718,44.000000,0.000000,-8.196315,-0.090448,-15.821528,9.832809,-2.458605,6.241976,3.306068,4.219790,-1.402884,3.149156,12.813233,14.869531,11.550290,17.155842,14.965362,47.441132,7.233341,31.264412,-8.505984,5.551959,2.400598,18.646599,7.077576,15.579995,-3.246891,2.588415,-3.227186,2.929865,-11.045692,0.607800,-2.774478,-2.240886,8064.000000,0.000000,4.000000,,,,0.000000,4.000000,4.000000,2.000000,4.000000,4.000000,4.000000,4.000000,4.000000,4.000000,4.000000,4.000000,4.000000,4.000000,4.000000,4.000000,4.000000,4.000000,4.000000,2.000000,4.000000,4.000000,2.000000,4.000000,4.000000,4.000000,4.000000,4.000000,4.000000,4.000000,4.000000,4.000000,4.000000,50.000000
1614076772.253367,45.000000,0.000000,-5.624016,-4.705742,-16.318527,6.746053,-7.071531,4.697273,3.302762,3.189929,-1.914302,3.146007,12.287600,19.470045,15.128483,12.010482,19.565781,48.932152,19.533800,47.643402,8.425598,13.751535,6.500762,20.166414,11.173062,11.974672,-3.243644,2.585826,-0.659857,2.926935,-13.598749,-3.495372,-2.771703,-3.777107,8064.000000,0.000000,4.000000,,,,0.000000,4.000000,4.000000,2.000000,4.000000,4.000000,4.000000,4.000000,4.000000,4.000000,4.000000,4.000000,4.000000,4.000000,4.000000,4.000000,4.000000,4.000000,4.000000,2.000000,4.000000,4.000000,2.000000,4.000000,4.000000,4.000000,4.000000,4.000000,4.000000,4.000000,4.000000,4.000000,4.000000,50.000000
1614076772.261116,46.000000,0.000000,-4.592751,-6.752318,-17.840670,2.123923,-9.628562,2.641294,3.299459,5.238021,-1.912387,3.142861,12.788133,18.937756,13.062073,10.972830,23.135960,59.652451,17.462984,75.288071,18.673582,17.840347,4.955799,15.018042,11.161890,18.116543,-3.240401,1.044779,-0.146376,2.924008,-15.636433,-7.081620,-3.281752,-3.773330,8064.000000,0.000000,4.000000,,,,0.000000,4.000000,4.000000,2.000000,4.000000,4.000000,4.000000,4.000000,4.000000,4.000000,4.000000,4.000000,4.000000,4.000000,4.000000,4.000000,4.000000,4.000000,4.000000,2.000000,4.000000,4.000000,2.000000,4.000000,4.000000,4.000000,4.000000,4.000000,4.000000,4.000000,4.000000,4.000000,4.000000,50.000000
1614076772.268765,47.000000,0.000000,-5.100978,-4.181463,-15.771547,0.583337,-6.542010,3.664293,3.296160,6.771245,-0.884834,3.139718,8.672780,17.380356,5.869524,7.372114,11.317951,38.054337,2.060905,56.751240,8.911320,-4.741595,-2.741464,6.797896,10.637907,17.072786,-3.237160,-1.520368,0.879411,2.921084,-14.082335,-6.048898,-2.252829,-3.769556,8064.000000,0.000000,4.000000,,,,0.000000,4.000000,4.000000,2.000000,4.000000,4.000000,4.000000,4.000000,4.000000,4.000000,4.000000,4.000000,4.000000,4.000000,4.000000,4.000000,4.000000,4.000000,4.000000,2.000000,4.000000,4.000000,2.000000,4.000000,4.000000,4.000000,4.000000,4.000000,4.000000,4.000000,4.000000,4.000000,4.000000,50.000000
1614076772.276614,48.000000,0.000000,-4.583057,-2.126000,-8.063468,3.659677,-1.920084,6.224731,3.292863,2.661909,-1.909590,3.136578,4.048723,16.850155,1.761090,2.749357,-2.026700,8.272691,-7.171925,31.053463,-1.354002,-21.147110,-6.328466,3.714175,9.088808,0.645457,-3.746743,-1.518848,0.365711,2.918163,-11.504149,-2.965926,-0.199294,-3.765787,8064.000000,0.000000,4.000000,,,,0.000000,4.000000,4.000000,2.000000,4.000000,4.000000,4.000000,4.000000,4.000000,4.000000,4.000000,4.000000,4.000000,4.000000,4.000000,4.000000,4.000000,4.000000,4.000000,2.000000,4.000000,4.000000,2.000000,4.000000,4.000000,4.000000,4.000000,4.000000,4.000000,4.000000,4.000000,4.000000,4.000000,50.000000
1614076772.284363,49.000000,0.000000,-4.578474,-2.636694,-6.004123,5.194479,-0.379702,5.705686,3.289571,-0.930496,-1.907681,2.620621,8.147239,16.833305,9.451636,9.413274,6.693275,32.879803,-5.113471,50.509590,8.390942,-10.356732,-4.783677,5.761743,7.028437,-8.073137,-3.230176,-1.517329,-4.762860,2.915245,-10.467005,-2.962960,1.339367,-3.762021,8064.000000,0.000000,4.000000,,,,0.000000,4.000000,4.000000,2.000000,4.000000,4.000000,4.000000,4.000000,4.000000,4.000000,4.000000,4.000000,4.000000,4.000000,4.000000,4.000000,4.000000,4.000000,4.000000,2.000000,4.000000,4.000000,2.000000,4.000000,4.000000,4.000000,4.000000,4.000000,4.000000,4.000000,4.000000,4.000000,4.000000,50.000000
1614076772.292112,50.000000,0.000000,-5.086716,-3.146878,-8.049400,4.163643,-1.404963,5.187160,3.286281,12.403768,4.248074,4.156462,15.318579,16.303650,18.160133,20.173092,23.609659,64.128975,1.045489,66.356514,14.536397,2.474137,-2.727611,6.268801,9.585511,-4.475321,-3.226946,-1.002991,-4.758097,3.425150,-10.456537,-2.447176,0.825207,-3.758259,8064.000000,0.000000,4.000000,,,,0.000000,4.000000,4.000000,2.000000,4.000000,4.000000,4.000000,4.000000,4.000000,4.000000,4.000000,4.000000,4.000000,4.000000,4.000000,4.000000,4.000000,4.000000,4.000000,2.000000,4.000000,4.000000,2.000000,4.000000,4.000000,4.000000,4.000000,4.000000,4.000000,4.000000,4.000000,4.000000,4.000000,50.000000
1614076772.299761,51.000000,0.000000,-0.979065,-2.118090,-4.451608,5.185121,-0.890738,5.694793,3.282995,22.134953,9.884851,6.203588,15.303260,15.774527,10.449666,19.640099,18.970665,36.885357,4.121367,40.649136,0.162886,2.471663,-2.212063,7.800994,13.165669,-1.906743,-2.710899,1.049294,5.503072,2.908904,-10.446081,0.119373,1.337202,-2.728860,8064.000000,0.000000,4.000000,,,,0.000000,4.000000,4.000000,2.000000,4.000000,4.000000,4.000000,4.000000,4.000000,4.000000,4.000000,4.000000,4.000000,4.000000,4.000000,4.000000,4.000000,4.000000,4.000000,2.000000,4.000000,4.000000,2.000000,4.000000,4.000000,4.000000,4.000000,4.000000,4.000000,4.000000,4.000000,4.000000,4.000000,50.000000
1614076772.307610,52.000000,0.000000,4.662940,-0.064690,-1.370233,9.795321,-0.377027,5.689098,3.279712,7.753844,8.336505,7.223025,10.159752,10.630547,-0.842835,13.466612,5.618361,16.848473,4.630065,32.403358,3.239646,1.443550,-1.697030,13.434218,14.178144,-1.392016,0.881556,2.586706,12.677055,2.905995,-10.948456,1.657716,0.823044,-0.674849,8064.000000,0.000000,4.000000,,,,0.000000,4.000000,4.000000,2.000000,4.000000,4.000000,4.000000,4.000000,4.000000,4.000000,4.000000,4.000000,4.000000,4.000000,4.000000,4.000000,4.000000,4.000000,4.000000,2.000000,4.000000,4.000000,2.000000,4.000000,4.000000,4.000000,4.000000,4.000000,4.000000,4.000000,4.000000,4.000000,4.000000,50.000000
1614076772.315359,53.000000,0.000000,7.222379,0.961016,-4.958606,12.862448,-1.402291,5.683409,3.276432,-4.561602,5.764065,6.190161,8.611130,6.004532,1.209290,13.453145,7.664024,41.447010,5.651076,55.447876,28.364613,4.006209,-0.156872,12.907964,14.163966,2.711941,6.008880,3.096940,12.151558,5.467192,-10.424686,1.656058,0.822221,-0.161353,8064.000000,0.000000,4.000000,,,,0.000000,4.000000,4.000000,2.000000,4.000000,4.000000,4.000000,4.000000,4.000000,4.000000,4.000000,4.000000,4.000000,4.000000,4.000000,4.000000,4.000000,4.000000,4.000000,2.000000,4.000000,4.000000,2.000000,4.000000,4.000000,4.000000,4.000000,4.000000,4.000000,4.000000,4.000000,4.000000,4.000000,50.000000
1614076772.323208,54.000000,0.000000,6.189516,1.472875,-5.466468,12.336765,-0.375247,5.677726,3.273155,1.083985,5.758301,6.183971,9.628160,6.511348,7.874747,13.952513,16.887129,48.072227,5.645425,56.930889,22.695221,4.002203,-1.695176,9.818133,14.149802,5.273331,6.002871,3.093843,8.549663,6.487366,-10.414262,1.141581,1.334219,0.351628,8064.000000,0.000000,4.000000,,,,0.000000,4.000000,4.000000,2.000000,4.000000,4.000000,4.000000,4.000000,4.000000,4.000000,4.000000,4.000000,4.000000,4.000000,4.000000,4.000000,4.000000,4.000000,4.000000,2.000000,4.000000,4.000000,2.000000,4.000000,4.000000,4.000000,4.000000,4.000000,4.000000,4.000000,4.000000,4.000000,4.000000,50.000000
1614076772.330957,55.000000,0.000000,6.183326,0.958582,-5.461002,12.324428,1.676410,5.672048,3.269882,5.185465,6.265364,8.229069,9.105711,9.581759,8.379693,13.938560,21.998447,40.844669,5.126959,52.771397,1.646886,2.459739,-1.693481,16.987803,14.135653,5.780879,0.355842,-0.498995,5.464190,2.378314,-14.506412,-0.398022,-0.718397,-1.700005,8064.000000,0.000000,4.000000,,,,0.000000,4.000000,4.000000,2.000000,4.000000,4.000000,4.000000,4.000000,4.000000,4.000000,4.000000,4.000000,4.000000,4.000000,4.000000,4.000000,4.000000,4.000000,4.000000,2.000000,4.000000,4.000000,2.000000,4.000000,4.000000,4.000000,4.000000,4.000000,4.000000,4.000000,4.000000,4.000000,4.000000,50.000000
1614076772.338806,56.000000,0.000000,6.689963,-3.144941,-12.122208,11.799283,3.213195,5.666376,3.266613,6.718741,5.746278,10.272121,8.583785,14.187562,9.909775,13.411801,23.514910,54.649979,10.250037,65.539139,11.388828,7.585485,7.026161,21.586199,17.198441,4.236636,-3.234257,-4.601060,3.920264,-1.213808,-18.594469,-2.448906,-5.333063,-10.416254,8192.000000,0.000000,4.000000,,,,0.000000,4.000000,4.000000,2.000000,4.000000,4.000000,4.000000,4.000000,4.000000,4.000000,4.000000,4.000000,4.000000,4.000000,4.000000,4.000000,4.000000,4.000000,4.000000,2.000000,4.000000,4.000000,2.000000,4.000000,4.000000,4.000000,4.000000,4.000000,4.000000,4.000000,4.000000,4.000000,4.000000,50.000000
1614076772.346556,57.000000,0.000000,6.170453,-6.218719,-15.699829,9.223381,3.209982,6.173531,3.263346,12.353048,5.740531,10.774671,9.600842,19.814400,11.951147,11.859927,22.465755,53.569687,13.316710,57.781288,23.172312,11.680464,13.685802,11.821023,20.770985,5.258040,-3.231023,-3.570818,3.916344,-1.212594,-18.575874,-2.446457,-7.379012,-17.072504,8064.000000,0.000000,4.000000,,,,0.000000,4.000000,4.000000,2.000000,4.000000,4.000000,4.000000,4.000000,4.000000,4.000000,4.000000,4.000000,4.000000,4.000000,4.000000,4.000000,4.000000,4.000000,4.000000,2.000000,4.000000,4.000000,2.000000,4.000000,4.000000,4.000000,4.000000,4.000000,4.000000,4.000000,4.000000,4.000000,4.000000,50.000000
1614076772.354404,58.000000,0.000000,6.164283,-2.109936,-13.632847,8.188517,3.206772,6.167357,3.260082,13.879157,5.734791,10.763895,9.078421,19.281765,8.862272,10.309607,18.340725,31.464836,4.072625,35.672226,11.354267,3.976475,5.979808,8.219459,19.211752,12.945090,1.900413,-1.515965,3.912428,-0.698561,-16.506018,-1.931190,-6.345992,-8.850304,8064.000000,0.000000,4.000000,,,,0.000000,4.000000,4.000000,2.000000,4.000000,4.000000,4.000000,4.000000,4.000000,4.000000,4.000000,4.000000,4.000000,4.000000,4.000000,4.000000,4.000000,4.000000,4.000000,2.000000,4.000000,4.000000,2.000000,4.000000,4.000000,4.000000,4.000000,4.000000,4.000000,4.000000,4.000000,4.000000,4.000000,50.000000
1614076772.362154,59.000000,0.000000,6.670939,1.994738,-12.080752,8.693149,2.690745,5.135549,3.769643,10.788355,5.729056,10.753132,6.505240,13.108638,2.186744,9.786476,14.732640,28.356447,-5.675038,40.764759,8.778811,-6.796732,-2.231300,16.416367,15.089976,15.496247,5.488256,0.024013,3.908515,1.866240,-14.438229,-2.442079,-3.775543,2.953418,8064.000000,0.000000,4.000000,,,,0.000000,4.000000,4.000000,2.000000,4.000000,4.000000,4.000000,4.000000,4.000000,4.000000,4.000000,4.000000,4.000000,4.000000,4.000000,4.000000,4.000000,4.000000,4.000000,2.000000,4.000000,4.000000,2.000000,4.000000,4.000000,4.000000,4.000000,4.000000,4.000000,4.000000,4.000000,4.000000,4.000000,50.000000
1614076772.370003,60.000000,0.000000,4.612986,0.967102,-11.555851,8.684456,3.200874,5.643233,1.714591,5.649361,5.723327,7.665455,5.985914,7.454504,-0.379546,7.212587,11.640985,43.199886,-6.695004,58.672714,17.487980,-9.354038,-1.203428,13.323028,11.485143,8.301264,-0.158258,-1.001652,2.878966,2.890015,-13.910970,-1.926817,-2.746127,3.976106,8064.000000,0.000000,4.000000,,,,0.000000,4.000000,4.000000,2.000000,4.000000,4.000000,4.000000,4.000000,4.000000,4.000000,4.000000,4.000000,4.000000,4.000000,4.000000,4.000000,4.000000,4.000000,4.000000,2.000000,4.000000,4.000000,2.000000,4.000000,4.000000,4.000000,4.000000,4.000000,4.000000,4.000000,4.000000,4.000000,4.000000,50.000000
1614076772.377752,61.000000,0.000000,2.557091,0.453315,-9.493013,8.675772,3.197674,6.663231,-0.338405,1.028327,6.230424,4.068047,5.467108,4.882946,0.133654,1.564349,12.654984,50.336174,-5.149847,64.767883,15.419210,-7.293402,-1.202224,-0.536449,7.883914,4.703219,-8.876048,-8.180138,-0.713657,0.323023,-16.461163,-2.950531,-2.743381,3.459310,8064.000000,0.000000,4.000000,,,,0.000000,4.000000,4.000000,2.000000,4.000000,4.000000,4.000000,4.000000,4.000000,4.000000,4.000000,4.000000,4.000000,4.000000,4.000000,4.000000,4.000000,4.000000,4.000000,2.000000,4.000000,4.000000,2.000000,4.000000,4.000000,4.000000,4.000000,4.000000,4.000000,4.000000,4.000000,4.000000,4.000000,50.000000
1614076772.385601,62.000000,0.000000,2.041713,1.991323,-8.457879,7.641455,0.117553,0.502722,-0.850887,5.129863,4.685732,3.038337,-0.692205,4.878063,0.133521,-3.052600,13.667971,28.747375,-6.170338,50.344143,6.685843,-8.311749,-4.790765,-6.176939,5.824749,3.160054,-10.918454,-15.351445,-3.277045,-0.702942,-17.983162,-7.050145,-2.227817,4.481491,8064.000000,0.000000,4.000000,,,,0.000000,4.000000,4.000000,2.000000,4.000000,4.000000,4.000000,4.000000,4.000000,4.000000,4.000000,4.000000,4.000000,4.000000,4.000000,4.000000,4.000000,4.000000,4.000000,2.000000,4.000000,4.000000,2.000000,4.000000,4.000000,4.000000,4.000000,4.000000,4.000000,4.000000,4.000000,4.000000,4.000000,50.000000
1614076772.393350,63.000000,0.000000,2.552492,-1.087592,-8.962242,5.582531,-3.985129,-8.728550,-0.337216,1.022169,1.091303,-1.067265,-6.332539,4.873185,-0.379433,-5.613650,3.910713,-3.589064,-6.164168,17.986107,-3.577254,-8.303437,-6.324436,-1.042556,6.331744,-5.561054,-9.881895,-16.361734,-3.786589,-0.702239,-17.965179,-10.120017,-3.764050,0.887266,8064.000000,0.000000,4.000000,,,,0.000000,4.000000,4.000000,2.000000,4.000000,4.000000,4.000000,4.000000,4.000000,4.000000,4.000000,4.000000,4.000000,4.000000,4.000000,4.000000,4.000000,4.000000,4.000000,2.000000,4.000000,4.000000,2.000000,4.000000,4.000000,4.000000,4.000000,4.000000,4.000000,4.000000,4.000000,4.000000,4.000000,50.000000
1614076772.401199,64.000000,0.000000,2.549940,-5.701889,-8.953279,4.551307,-5.006785,-7.694180,-0.336879,-17.953213,-1.473891,-6.707223,-5.813386,4.868312,0.133767,-4.582396,-4.298326,-4.611116,-5.645183,1.045044,-10.240343,-7.782314,-8.369394,5.625153,6.838233,-11.196519,-10.384833,-15.832552,-3.269982,-3.778459,-17.947214,-9.597077,-6.324389,-3.216185,0.000000,190.000000,4.000000,,,,0.000000,4.000000,4.000000,2.000000,4.000000,4.000000,4.000000,4.000000,4.000000,4.000000,4.000000,4.000000,4.000000,4.000000,4.000000,4.000000,4.000000,4.000000,4.000000,2.000000,4.000000,4.000000,2.000000,4.000000,4.000000,4.000000,4.000000,4.000000,4.000000,4.000000,4.000000,4.000000,4.000000,50.000000
1614076772.408948,65.000000,0.000000,2.547390,-6.721828,-8.431506,5.059577,-4.488957,-1.532640,-0.336542,-16.396797,-1.472417,-8.751799,-5.294752,5.376265,0.646453,-1.500890,1.346998,18.470419,-5.639538,26.685024,-2.024975,-7.774531,-7.848204,7.670810,6.318574,-10.159681,-10.887269,-15.303899,-3.266712,-4.287501,-17.929266,-9.587480,-6.318065,-1.161687,0.000000,198.000000,4.000000,,,,0.000000,4.000000,4.000000,2.000000,4.000000,4.000000,4.000000,4.000000,4.000000,4.000000,4.000000,4.000000,4.000000,4.000000,4.000000,4.000000,4.000000,4.000000,4.000000,2.000000,4.000000,4.000000,2.000000,4.000000,4.000000,4.000000,4.000000,4.000000,4.000000,4.000000,4.000000,4.000000,4.000000,50.000000
1614076772.416597,66.000000,0.000000,2.544842,-6.202285,-8.935895,5.054517,-4.484468,-1.018287,-0.336205,2.081138,-1.470945,-7.717405,-5.802278,5.370888,-0.892655,-1.499389,5.448215,17.426306,-5.633899,46.658340,8.233460,-5.715475,-4.250612,6.124677,6.825076,-9.636702,-10.363562,-10.673211,-3.776266,-1.206291,-14.834414,-10.090713,-3.747644,0.377936,0.000000,199.000000,4.000000,,,,0.000000,4.000000,4.000000,2.000000,4.000000,4.000000,4.000000,4.000000,4.000000,4.000000,4.000000,4.000000,4.000000,4.000000,4.000000,4.000000,4.000000,4.000000,4.000000,2.000000,4.000000,4.000000,2.000000,4.000000,4.000000,4.000000,4.000000,4.000000,4.000000,4.000000,4.000000,4.000000,4.000000,50.000000
1614076772.424346,67.000000,0.000000,2.542297,-6.196083,-8.926959,4.536642,-4.992805,-2.555730,-0.335869,-3.561969,-1.469474,-7.709688,-5.283655,5.365517,-2.943044,-1.497890,1.853024,16.383240,-5.628264,37.893734,5.148304,-4.684118,-2.195080,7.657014,6.818251,-6.037321,-9.840377,-8.098434,-2.746848,-0.179444,-11.229836,-10.593443,-3.231076,-1.673724,0.000000,173.000000,4.000000,,,,0.000000,4.000000,4.000000,2.000000,4.000000,4.000000,4.000000,4.000000,4.000000,4.000000,4.000000,4.000000,4.000000,4.000000,4.000000,4.000000,4.000000,4.000000,4.000000,2.000000,4.000000,4.000000,2.000000,4.000000,4.000000,4.000000,4.000000,4.000000,4.000000,4.000000,4.000000,4.000000,4.000000,50.000000
1614076772.431995,68.000000,0.000000,2.539755,-6.702708,-8.918033,5.044926,-4.474991,-1.527534,-0.335533,-13.814817,-1.468004,-7.701979,-4.765551,6.385793,-3.452921,1.067711,1.851171,27.136087,-5.109816,33.240456,3.604694,-8.269177,-4.244166,7.136537,6.811433,-1.928720,-11.881819,-8.090337,-3.256922,-0.692085,-10.192966,-10.070028,-2.715024,-0.646409,0.000000,178.000000,4.000000,,,,0.000000,4.000000,4.000000,2.000000,4.000000,4.000000,4.000000,4.000000,4.000000,4.000000,4.000000,4.000000,4.000000,4.000000,4.000000,4.000000,4.000000,4.000000,4.000000,2.000000,4.000000,4.000000,2.000000,4.000000,4.000000,4.000000,4.000000,4.000000,4.000000,4.000000,4.000000,4.000000,4.000000,50.000000
1614076772.439744,69.000000,0.000000,2.537215,-6.183185,-8.909114,5.552701,-3.957696,-1.013186,0.177623,-0.467669,-2.492177,-7.181456,-4.760785,5.866586,-3.449468,-3.548742,-1.740424,11.211514,-6.130347,29.617470,4.113910,-10.825011,-13.983512,-0.562908,7.317442,-5.003714,-14.946860,-7.056605,-4.792127,-0.691393,-10.182773,-9.034318,-2.712309,0.892699,0.000000,198.000000,4.000000,,,,0.000000,4.000000,4.000000,2.000000,4.000000,4.000000,4.000000,4.000000,4.000000,4.000000,4.000000,4.000000,4.000000,4.000000,4.000000,4.000000,4.000000,4.000000,4.000000,2.000000,4.000000,4.000000,2.000000,4.000000,4.000000,4.000000,4.000000,4.000000,4.000000,4.000000,4.000000,4.000000,4.000000,50.000000
1614076772.447393,70.000000,0.000000,2.534678,-6.177001,-8.900205,5.034328,-4.466558,-1.524993,-0.335375,5.173824,-5.053788,-7.687095,-4.756024,5.347899,-3.446019,-10.724680,-8.405351,-2.133030,-8.175499,15.741699,-7.685076,-13.378288,-23.200298,-3.639268,5.258842,-8.588453,-18.521656,-8.588010,-6.838616,-0.690701,-10.685410,-10.050924,-4.248058,-1.159476,0.000000,189.000000,4.000000,,,,0.000000,4.000000,4.000000,4.000000,4.000000,4.000000,4.000000,4.000000,4.000000,4.000000,4.000000,4.000000,4.000000,4.000000,4.000000,4.000000,4.000000,4.000000,4.000000,2.000000,4.000000,4.000000,2.000000,4.000000,4.000000,4.000000,4.000000,4.000000,4.000000,4.000000,4.000000,4.000000,4.000000,66.666664
1614076772.455143,71.000000,0.000000,2.532143,-6.170824,-8.891305,5.029294,-3.949271,-1.523468,0.177780,-8.164683,-5.048734,-7.166587,-4.751268,6.881013,-2.929752,-5.585750,-4.807201,22.997309,-9.705785,17.264420,-14.344057,-14.903372,-19.587355,3.543859,3.202302,-10.118327,-19.015955,-6.015319,-6.831778,-0.690010,-10.674725,-7.989592,0.884395,1.405786,0.000000,170.000000,4.000000,,,,0.000000,4.000000,4.000000,4.000000,4.000000,4.000000,4.000000,4.000000,4.000000,4.000000,4.000000,4.000000,4.000000,4.000000,4.000000,4.000000,4.000000,4.000000,4.000000,2.000000,4.000000,4.000000,2.000000,4.000000,4.000000,4.000000,4.000000,4.000000,4.000000,4.000000,4.000000,4.000000,4.000000,66.666664
1614076772.462792,72.000000,0.000000,2.529611,-4.113371,-6.831131,8.101188,-0.868399,-1.009124,0.177603,-11.746262,-4.018044,-7.159421,-6.797799,4.310030,-6.003746,2.112143,0.838631,32.205082,-9.183258,31.606129,2.593364,-9.760263,-8.798535,8.668520,3.199099,-9.595388,-9.766171,5.785568,-6.824946,-0.689320,-7.074306,4.838911,10.114280,15.250534,0.000000,174.000000,4.000000,,,,0.000000,4.000000,4.000000,4.000000,4.000000,4.000000,4.000000,4.000000,4.000000,4.000000,4.000000,4.000000,4.000000,4.000000,4.000000,4.000000,4.000000,4.000000,4.000000,2.000000,4.000000,4.000000,2.000000,4.000000,4.000000,4.000000,4.000000,4.000000,4.000000,4.000000,4.000000,4.000000,4.000000,66.666664
1614076772.470541,73.000000,0.000000,2.527082,-2.057976,-4.773018,9.118728,-1.893172,-1.520935,-2.899498,-8.657593,-6.065308,-11.767646,-11.406386,-5.950691,-10.613127,-6.095097,1.863434,21.916464,-8.148435,38.241188,17.975386,-4.622298,-7.251276,6.608570,4.221541,-2.919126,-1.038456,9.369526,-6.818121,-0.688631,-2.964668,15.090483,11.642627,22.414770,0.000000,199.000000,4.000000,,,,0.000000,4.000000,4.000000,4.000000,4.000000,4.000000,4.000000,4.000000,4.000000,4.000000,4.000000,4.000000,4.000000,4.000000,4.000000,4.000000,4.000000,4.000000,4.000000,2.000000,4.000000,4.000000,2.000000,4.000000,4.000000,4.000000,4.000000,4.000000,4.000000,4.000000,4.000000,4.000000,4.000000,66.666664
1614076772.478190,74.000000,0.000000,2.524554,-2.055918,-4.768245,5.007045,-9.070765,-4.083517,-7.511983,-14.289961,-11.700269,-19.961006,-16.523184,-13.637048,-10.089693,-14.806951,4.425673,35.227882,-11.217209,42.305511,7.701000,-9.745881,-10.833768,7.114781,1.140397,3.750460,-5.652802,-2.947536,-6.811303,-0.687943,-2.961703,5.331802,9.066881,10.084663,0.000000,200.000000,4.000000,,,,0.000000,4.000000,4.000000,4.000000,4.000000,4.000000,4.000000,4.000000,4.000000,4.000000,4.000000,4.000000,4.000000,4.000000,4.000000,4.000000,4.000000,4.000000,4.000000,2.000000,4.000000,4.000000,2.000000,4.000000,4.000000,4.000000,4.000000,4.000000,4.000000,4.000000,4.000000,4.000000,4.000000,66.666664
1614076772.485939,75.000000,0.000000,2.522030,-4.617965,-5.276298,0.899474,-15.215541,-5.617895,-8.017292,-21.967978,-15.791132,-23.530788,-20.609226,-13.110590,-10.079603,-16.330605,-4.296701,26.987526,-15.821376,29.442694,-13.845162,-14.864340,-12.874216,8.646128,-3.476129,-1.381496,-14.365098,-12.688178,-6.804492,-0.687255,-2.958742,-11.596606,7.006533,-2.745934,0.000000,176.000000,4.000000,,,,0.000000,4.000000,4.000000,4.000000,4.000000,4.000000,4.000000,4.000000,4.000000,4.000000,4.000000,4.000000,4.000000,4.000000,4.000000,4.000000,4.000000,4.000000,4.000000,2.000000,4.000000,4.000000,2.000000,4.000000,4.000000,4.000000,4.000000,4.000000,4.000000,4.000000,4.000000,4.000000,4.000000,66.666664
1614076772.493588,76.000000,0.000000,2.519508,-6.151808,-4.758201,1.411395,-15.713146,-5.099456,-7.496454,-19.381908,-16.288162,-21.455976,-18.024513,-12.584660,-12.120806,-18.878378,-19.164200,-5.347154,-14.779914,-2.894441,-18.959522,-14.336656,-15.425445,6.073380,-4.498293,-9.072422,-13.325091,-11.649849,-6.284867,-0.686567,-2.955783,-12.610651,1.358500,-3.768829,0.000000,189.000000,4.000000,,,,0.000000,4.000000,4.000000,4.000000,4.000000,4.000000,4.000000,4.000000,4.000000,4.000000,4.000000,4.000000,4.000000,4.000000,4.000000,4.000000,4.000000,4.000000,4.000000,2.000000,4.000000,4.000000,2.000000,4.000000,4.000000,4.000000,4.000000,4.000000,4.000000,4.000000,4.000000,4.000000,4.000000,66.666664
1614076772.501337,77.000000,0.000000,2.516989,-6.145656,-4.753443,1.922804,-15.184612,-5.094357,-7.488957,-8.593295,-15.759053,-17.331957,-5.698797,-7.443870,-4.416377,-13.731294,-8.888625,1.324859,-9.636929,1.723838,-8.171332,-14.322318,-15.410019,2.990383,-3.980975,-9.063350,-10.234843,-11.125379,-6.791402,-0.685881,-2.952827,-4.392912,-3.258243,-3.252239,0.000000,177.000000,4.000000,,,,0.000000,4.000000,4.000000,4.000000,4.000000,4.000000,4.000000,4.000000,4.000000,4.000000,4.000000,4.000000,4.000000,4.000000,4.000000,4.000000,4.000000,4.000000,4.000000,2.000000,4.000000,4.000000,2.000000,4.000000,4.000000,4.000000,4.000000,4.000000,4.000000,4.000000,4.000000,4.000000,4.000000,66.666664
1614076772.508987,78.000000,0.000000,3.027292,-6.139511,-6.287151,0.895240,-15.682248,-5.089262,-7.481468,-1.918035,-16.256115,-14.237701,-0.564893,2.307164,2.254706,-4.486793,8.556161,34.144047,-8.088830,34.542625,0.554788,-14.307996,-12.830506,7.089957,-3.976994,-9.054286,-10.224608,-10.601433,-6.784611,-0.685195,-2.437054,-1.311596,-3.254984,-4.274628,0.000000,193.000000,4.000000,,,,0.000000,4.000000,4.000000,4.000000,4.000000,4.000000,4.000000,4.000000,4.000000,4.000000,4.000000,4.000000,4.000000,4.000000,4.000000,4.000000,4.000000,4.000000,4.000000,2.000000,4.000000,4.000000,2.000000,4.000000,4.000000,4.000000,4.000000,4.000000,4.000000,4.000000,4.000000,4.000000,4.000000,66.666664
1614076772.516736,79.000000,0.000000,2.511444,-6.133371,-8.844966,1.407165,-15.666566,-5.084173,-7.986807,-7.044322,-15.727037,-14.736284,-12.359200,0.766395,-10.568062,-10.636152,-6.324190,24.879135,-10.644844,30.918341,0.554233,-15.319329,-14.356137,8.621328,-3.973017,-9.045232,-9.188743,-8.026729,-6.265006,-0.171689,-4.998719,-3.361567,-2.738909,-3.757533,0.000000,237.000000,4.000000,,,,0.000000,4.000000,4.000000,4.000000,4.000000,4.000000,4.000000,4.000000,4.000000,4.000000,4.000000,4.000000,4.000000,4.000000,4.000000,4.000000,4.000000,4.000000,4.000000,2.000000,4.000000,4.000000,2.000000,4.000000,4.000000,4.000000,4.000000,4.000000,4.000000,4.000000,4.000000,4.000000,4.000000,66.666664
1614076772.524385,80.000000,0.000000,0.457651,-6.127238,-8.836122,1.918579,-15.138079,-5.079089,-10.542923,-13.191124,-15.711310,-18.824112,-24.141712,-9.490781,-24.916468,-22.933208,-27.856327,-1.299591,-12.172661,2.682294,-0.471962,-20.945036,-18.957167,-3.694985,-4.994685,-9.036186,-12.769298,-8.531523,-7.797203,-1.709979,-11.660387,-4.383846,-2.736170,-4.266596,0.000000,200.000000,4.000000,,,,0.000000,4.000000,4.000000,4.000000,4.000000,4.000000,4.000000,4.000000,4.000000,4.000000,4.000000,4.000000,4.000000,4.000000,4.000000,4.000000,4.000000,4.000000,4.000000,2.000000,4.000000,4.000000,2.000000,4.000000,4.000000,4.000000,4.000000,4.000000,4.000000,4.000000,4.000000,4.000000,4.000000,66.666664
1614076772.532234,81.000000,0.000000,-1.594089,-6.121110,-8.314465,-1.160263,-15.122941,-5.074010,-11.558022,-13.177933,-15.695600,-21.882212,-22.579109,-13.583855,-22.327450,-23.935917,-25.264368,4.855555,-12.673308,6.269355,1.579792,-26.052296,-19.963850,-10.357957,-7.553792,-14.155355,-20.448835,-11.087093,-9.840688,-4.272372,-14.725650,-5.405103,-3.246254,-5.800791,0.000000,192.000000,4.000000,,,,0.000000,4.000000,4.000000,4.000000,4.000000,4.000000,4.000000,4.000000,4.000000,4.000000,4.000000,4.000000,4.000000,4.000000,4.000000,4.000000,4.000000,4.000000,4.000000,2.000000,4.000000,4.000000,2.000000,4.000000,4.000000,4.000000,4.000000,4.000000,4.000000,4.000000,4.000000,4.000000,4.000000,66.666664
1614076772.539983,82.000000,0.000000,-1.079674,-6.114989,-10.357432,-5.261667,-15.107818,-4.556116,-11.033643,-13.677575,-15.679904,-22.373150,-19.992428,-12.031809,-17.689737,-22.886339,-19.598078,9.978904,-13.173456,16.519497,1.065392,-27.051884,-19.431067,-1.116830,-8.059059,-20.295046,-20.941208,-12.101647,-10.856487,-4.780920,-13.685283,-6.425339,-5.294290,-6.307811,0.000000,187.000000,4.000000,,,,0.000000,4.000000,4.000000,4.000000,4.000000,4.000000,4.000000,4.000000,4.000000,4.000000,4.000000,4.000000,4.000000,4.000000,4.000000,4.000000,4.000000,4.000000,4.000000,2.000000,4.000000,4.000000,2.000000,4.000000,4.000000,4.000000,4.000000,4.000000,4.000000,4.000000,4.000000,4.000000,4.000000,66.666664
1614076772.547832,83.000000,0.000000,-0.565774,-6.108874,-12.398356,-6.282046,-15.605531,-5.064380,-11.022609,-16.740822,-16.177044,-20.812315,-20.485256,-12.532598,-18.697689,-23.376274,-20.604122,9.968925,-12.647462,12.400413,-2.525417,-24.973551,-19.411634,2.474030,-7.538179,-21.300392,-18.356165,-11.576725,-10.332810,-4.263318,-16.748522,-5.906094,-6.314637,-10.404067,0.000000,201.000000,4.000000,,,,0.000000,4.000000,4.000000,4.000000,4.000000,4.000000,4.000000,4.000000,4.000000,4.000000,4.000000,4.000000,4.000000,4.000000,4.000000,4.000000,4.000000,4.000000,4.000000,2.000000,4.000000,4.000000,2.000000,4.000000,4.000000,4.000000,4.000000,4.000000,4.000000,4.000000,4.000000,4.000000,4.000000,66.666664
1614076772.555581,84.000000,0.000000,-2.616491,-6.102766,-12.385959,-5.762944,-15.589925,-7.623418,-11.011586,-16.724081,-16.160868,-18.227400,-19.951950,-13.032886,-17.653349,-22.840076,-16.993774,14.061521,-12.634814,15.977756,-3.548533,-22.897295,-19.392223,-10.348956,-7.530642,-20.253450,-18.850628,-11.565148,-10.322478,-4.259055,-21.347157,-6.925828,-7.333963,-17.060329,0.000000,189.000000,4.000000,,,,0.000000,4.000000,4.000000,4.000000,4.000000,4.000000,4.000000,4.000000,4.000000,4.000000,4.000000,4.000000,4.000000,4.000000,4.000000,4.000000,4.000000,4.000000,4.000000,2.000000,4.000000,4.000000,2.000000,4.000000,4.000000,4.000000,4.000000,4.000000,4.000000,4.000000,4.000000,4.000000,4.000000,66.666664
1614076772.563430,85.000000,0.000000,-4.665156,-6.096663,-12.373572,-5.757181,-14.548695,-9.154256,-11.513395,-17.732998,-15.119065,-18.209171,-20.444818,-12.507032,-19.174158,-24.868519,-20.053703,-2.875618,-13.647820,15.961778,-2.519343,-22.874397,-19.885651,-18.543736,-7.523111,-18.694736,-13.703572,-12.066404,-10.312156,-4.254796,-22.351452,-6.406082,-9.890732,-19.094551,0.000000,193.000000,4.000000,,,,0.000000,4.000000,4.000000,4.000000,4.000000,4.000000,4.000000,4.000000,4.000000,4.000000,4.000000,4.000000,4.000000,4.000000,4.000000,4.000000,4.000000,4.000000,4.000000,2.000000,4.000000,4.000000,2.000000,4.000000,4.000000,4.000000,4.000000,4.000000,4.000000,4.000000,4.000000,4.000000,4.000000,66.666664
1614076772.571179,86.000000,0.000000,-5.173311,-6.090566,-12.361198,-6.264244,-16.072607,-8.632281,-10.989061,-14.638341,-16.129587,-19.216604,-19.398733,-12.494525,-16.590881,-17.664164,-16.956726,1.742642,-10.044429,20.048380,-4.055285,-18.748959,-16.276022,-7.755961,-5.464306,-13.547836,-4.459100,-11.028697,-10.301844,-4.250541,-20.790638,-2.809932,-9.880841,-18.049816,0.000000,200.000000,4.000000,,,,0.000000,4.000000,4.000000,4.000000,4.000000,4.000000,4.000000,4.000000,4.000000,4.000000,4.000000,4.000000,4.000000,4.000000,4.000000,4.000000,4.000000,4.000000,4.000000,2.000000,4.000000,4.000000,2.000000,4.000000,4.000000,4.000000,4.000000,4.000000,4.000000,4.000000,4.000000,4.000000,4.000000,66.666664
1614076772.579028,87.000000,0.000000,-4.655318,-6.084476,-8.759094,-5.745160,-15.030893,-8.623650,-8.413970,-2.316010,-16.626278,-13.043541,-10.148564,-12.482031,-0.676854,3.379142,7.162795,34.561413,-0.803616,52.848846,-2.512769,-8.986620,-6.516156,8.149231,-1.356277,-8.918903,-2.403359,-7.427924,-10.291541,-4.246291,-17.692924,0.269801,-7.306858,-18.031765,0.000000,204.000000,4.000000,,,,0.000000,4.000000,4.000000,4.000000,4.000000,4.000000,4.000000,4.000000,4.000000,4.000000,4.000000,4.000000,4.000000,4.000000,4.000000,4.000000,4.000000,4.000000,4.000000,2.000000,4.000000,4.000000,2.000000,4.000000,4.000000,4.000000,4.000000,4.000000,4.000000,4.000000,4.000000,4.000000,4.000000,66.666664
1614076772.586777,88.000000,0.000000,-4.650662,-6.078391,-4.134950,-5.739414,-8.349195,-8.615026,-6.867095,2.301690,-9.942986,0.815656,-0.907647,-12.469549,7.016130,15.683455,18.437683,37.603775,3.299752,64.078049,5.182052,-2.823788,0.669847,10.705184,0.183541,-8.909985,-1.375314,-3.830753,-10.281250,-4.242044,-14.085487,1.807992,-6.273910,-18.526554,0.000000,187.000000,4.000000,,,,0.000000,4.000000,4.000000,4.000000,4.000000,4.000000,4.000000,4.000000,4.000000,4.000000,4.000000,4.000000,4.000000,4.000000,4.000000,4.000000,4.000000,4.000000,4.000000,2.000000,4.000000,4.000000,2.000000,4.000000,4.000000,4.000000,4.000000,4.000000,4.000000,4.000000,4.000000,4.000000,4.000000,66.666664
1614076772.594626,89.000000,0.000000,-4.646012,-5.559492,-4.130816,-5.733675,-3.212641,-8.606411,-7.373048,-9.495483,-1.215094,6.455866,-1.419560,-12.457079,-0.683194,13.616489,3.547450,5.258478,1.757991,34.270378,6.715331,-3.333784,-0.356464,2.489351,-2.380745,-9.413896,3.754266,-3.826922,-10.270968,-3.724982,-13.558581,5.908749,-5.754816,-18.508028,0.000000,198.000000,4.000000,,,,0.000000,4.000000,4.000000,4.000000,4.000000,4.000000,4.000000,4.000000,4.000000,4.000000,4.000000,4.000000,4.000000,4.000000,4.000000,4.000000,4.000000,4.000000,4.000000,2.000000,4.000000,4.000000,2.000000,4.000000,4.000000,4.000000,4.000000,4.000000,4.000000,4.000000,4.000000,4.000000,4.000000,66.666664
1614076772.602375,90.000000,0.000000,-4.641366,-7.605215,-8.229249,-5.727941,-3.722250,-9.110624,-7.365675,-17.691116,-0.701058,-1.755718,-4.495063,-12.444622,-2.220972,11.551591,0.466980,28.842962,3.294694,28.082264,-0.983692,-3.330451,-2.920210,0.435579,-3.916826,-8.891661,5.288973,-4.335916,-10.260697,-5.259718,-14.057843,9.492583,-3.184958,-17.976700,0.000000,127.000000,4.000000,,,,0.000000,4.000000,4.000000,4.000000,4.000000,4.000000,4.000000,4.000000,4.000000,4.000000,4.000000,4.000000,4.000000,4.000000,4.000000,4.000000,4.000000,4.000000,4.000000,2.000000,4.000000,4.000000,2.000000,4.000000,4.000000,4.000000,4.000000,4.000000,4.000000,4.000000,4.000000,4.000000,4.000000,66.666664
1614076772.610224,91.000000,0.000000,-4.636724,-9.648891,-11.297942,-5.722213,-3.718527,-8.075873,-6.845489,-16.647783,-4.802921,-10.471910,-4.490568,-12.432178,-5.808495,3.847732,0.979333,61.634632,2.265759,35.746487,-4.572452,-6.404043,-3.430110,1.973605,-3.400089,-8.882770,7.334967,-3.818759,-10.250437,-7.818561,-13.530965,8.970270,-2.156132,-17.958723,0.000000,219.000000,4.000000,,,,0.000000,4.000000,4.000000,4.000000,4.000000,4.000000,4.000000,4.000000,4.000000,4.000000,4.000000,4.000000,4.000000,4.000000,4.000000,4.000000,4.000000,4.000000,4.000000,2.000000,4.000000,4.000000,4.000000,4.000000,4.000000,4.000000,4.000000,4.000000,4.000000,4.000000,4.000000,4.000000,4.000000,83.333336
1614076772.617973,92.000000,0.000000,-4.632088,-9.639243,-11.799465,-5.203671,-2.176347,-4.990874,-6.838643,-16.118315,-4.285298,-10.461439,-4.998898,-12.419745,-23.238583,-13.079193,-19.021646,29.265306,-7.480097,14.172280,-2.516597,-14.089947,-3.939501,-1.618112,-3.909509,-9.386707,11.430196,-3.814940,-10.240187,-8.323563,-13.517434,8.961300,-2.153976,-17.940763,0.000000,163.000000,4.000000,,,,0.000000,4.000000,4.000000,4.000000,4.000000,4.000000,4.000000,4.000000,4.000000,4.000000,4.000000,4.000000,4.000000,4.000000,4.000000,4.000000,4.000000,4.000000,4.000000,2.000000,4.000000,4.000000,4.000000,4.000000,4.000000,4.000000,4.000000,4.000000,4.000000,4.000000,4.000000,4.000000,4.000000,83.333336
1614076772.625822,93.000000,0.000000,-4.627455,-9.629603,-12.300486,-5.198467,-3.712632,-4.473063,-7.344625,-17.127838,-3.255371,-9.938157,-7.558002,-12.407326,-26.292269,-20.245602,-24.130829,7.184759,-13.113643,13.645288,-2.514081,-18.691242,-4.448381,1.460429,-3.905600,-9.377320,10.393125,-4.323946,-10.229946,-7.802419,-14.016737,8.952339,-2.151822,-13.307439,0.000000,198.000000,4.000000,,,,0.000000,4.000000,4.000000,4.000000,4.000000,4.000000,4.000000,4.000000,4.000000,4.000000,4.000000,4.000000,4.000000,4.000000,4.000000,4.000000,4.000000,4.000000,4.000000,2.000000,4.000000,4.000000,4.000000,4.000000,4.000000,4.000000,4.000000,4.000000,4.000000,4.000000,4.000000,4.000000,4.000000,83.333336
1614076772.633571,94.000000,0.000000,-4.622828,-9.619974,-11.262545,-5.706089,-3.708920,-4.468590,-7.337280,-17.110710,-5.303398,-11.466681,-9.088905,-10.343637,-12.932642,-14.071509,-7.696442,39.998085,-9.510785,36.708565,-3.537208,-18.159729,-3.931113,7.099995,-1.337592,-9.367943,8.331450,-3.806802,-10.732537,-7.794617,-14.002721,8.943386,-2.662491,-6.627465,0.000000,209.000000,4.000000,,,,0.000000,4.000000,4.000000,4.000000,4.000000,4.000000,4.000000,4.000000,4.000000,4.000000,4.000000,4.000000,4.000000,4.000000,4.000000,4.000000,4.000000,4.000000,4.000000,2.000000,4.000000,4.000000,4.000000,4.000000,4.000000,4.000000,4.000000,4.000000,4.000000,4.000000,4.000000,4.000000,4.000000,83.333336
1614076772.641420,95.000000,0.000000,-4.618205,-9.610353,-11.764103,-4.674742,-3.705211,-3.951301,-6.817122,-17.093599,-5.298095,-10.942393,-8.054175,-8.282010,-8.817145,-10.467694,-7.688746,25.086294,-10.526916,23.338524,-3.533670,-18.654390,-4.440002,-5.214797,-0.823434,-9.358575,7.297477,-1.238892,-9.696163,-7.786822,-13.988718,9.447264,-2.147008,-2.005453,0.000000,206.000000,4.000000,,,,0.000000,4.000000,4.000000,4.000000,4.000000,4.000000,4.000000,4.000000,4.000000,4.000000,4.000000,4.000000,4.000000,4.000000,4.000000,4.000000,4.000000,4.000000,4.000000,2.000000,4.000000,4.000000,4.000000,4.000000,4.000000,4.000000,4.000000,4.000000,4.000000,4.000000,4.000000,4.000000,4.000000,83.333336
1614076772.649169,96.000000,0.000000,-4.613587,-9.600743,-20.470287,-7.234169,-13.445095,-7.024272,-8.861588,-16.563686,-3.241514,-11.444271,-7.533301,-8.786549,-11.885251,-13.534149,-12.296442,2.497105,-16.157413,17.161339,-2.504496,-18.635736,-10.076588,-18.542915,-3.386713,-9.349216,1.136333,0.300808,-7.635185,-7.779035,-13.974730,5.335252,-2.144861,-2.516268,8064.000000,0.000000,4.000000,,,,0.000000,4.000000,4.000000,4.000000,4.000000,4.000000,4.000000,4.000000,4.000000,4.000000,4.000000,4.000000,4.000000,4.000000,4.000000,4.000000,4.000000,4.000000,4.000000,2.000000,4.000000,4.000000,4.000000,4.000000,4.000000,4.000000,4.000000,4.000000,4.000000,4.000000,4.000000,4.000000,4.000000,83.333336
1614076772.656818,97.000000,0.000000,-4.608974,-9.591143,-30.706226,-16.457705,-29.841908,-15.222376,-10.904008,-16.034302,-12.469042,-17.586674,-14.192434,-8.777762,-9.822084,-17.623178,-6.130299,35.315121,-17.166897,36.118538,-4.040453,-18.104280,-15.194716,-7.242322,-4.408967,-9.339868,-3.993008,-1.750775,-6.089088,-7.771256,-13.960754,1.227353,-5.732460,-8.667598,8064.000000,0.000000,4.000000,,,,0.000000,4.000000,4.000000,4.000000,4.000000,4.000000,4.000000,4.000000,4.000000,4.000000,4.000000,4.000000,4.000000,4.000000,4.000000,4.000000,4.000000,4.000000,4.000000,2.000000,4.000000,4.000000,4.000000,4.000000,4.000000,4.000000,4.000000,4.000000,4.000000,4.000000,4.000000,4.000000,4.000000,83.333336
1614076772.664568,98.000000,0.000000,-4.604364,-9.581552,-31.188341,-24.133554,-35.453091,-20.335360,-11.405925,-19.095190,-26.815548,-22.697292,-22.383369,-8.768985,-10.837903,-19.144018,-12.278015,33.228523,-15.611269,14.031136,-7.626156,-21.675919,-17.743624,7.123895,-3.378917,-9.330527,-3.476195,-4.313127,-6.595820,-7.763485,-13.946794,1.226125,-9.829291,-16.864058,8064.000000,0.000000,4.000000,,,,0.000000,4.000000,4.000000,4.000000,4.000000,4.000000,4.000000,4.000000,4.000000,4.000000,4.000000,4.000000,4.000000,4.000000,4.000000,4.000000,4.000000,4.000000,4.000000,2.000000,4.000000,4.000000,4.000000,4.000000,4.000000,4.000000,4.000000,4.000000,4.000000,4.000000,4.000000,4.000000,4.000000,83.333336
1614076772.672217,99.000000,0.000000,-4.599760,-9.571970,-30.131512,-24.109421,-31.827894,-20.315023,-10.881698,-20.101736,-22.686169,-23.187414,-24.412268,-8.760216,-13.391168,-18.612053,-22.009327,0.887603,-16.108479,-13.162382,-6.592889,-23.705524,-19.264341,5.065489,-3.888359,-9.321197,-2.959898,-4.308814,-6.589224,-7.755722,-13.932847,-2.364844,-10.332282,-19.411297,8064.000000,0.000000,4.000000,,,,0.000000,4.000000,4.000000,4.000000,4.000000,4.000000,4.000000,4.000000,4.000000,4.000000,4.000000,4.000000,4.000000,4.000000,4.000000,4.000000,4.000000,4.000000,4.000000,2.000000,4.000000,4.000000,4.000000,4.000000,4.000000,4.000000,4.000000,4.000000,4.000000,4.000000,4.000000,4.000000,4.000000,83.333336
1614076772.679966,100.000000,0.000000,-4.595160,-9.562398,-31.127022,-21.008389,-29.744783,-19.781889,-10.870816,-11.363686,-7.278866,-22.138586,-22.849394,-8.751455,-11.326494,-19.619081,-12.756548,15.245689,-16.605190,11.466165,-1.458091,-19.066435,-17.193796,2.496321,-3.884470,-9.311875,-3.469759,-5.330145,-6.069814,-7.747966,-13.918914,-5.952223,-9.296309,-17.340603,8064.000000,0.000000,4.000000,,,,0.000000,4.000000,4.000000,4.000000,4.000000,4.000000,4.000000,4.000000,4.000000,4.000000,4.000000,4.000000,4.000000,4.000000,4.000000,4.000000,4.000000,4.000000,4.000000,2.000000,4.000000,4.000000,4.000000,4.000000,4.000000,4.000000,4.000000,4.000000,4.000000,4.000000,4.000000,4.000000,4.000000,83.333336
1614076772.687615,101.000000,0.000000,-4.590565,-9.552835,-30.070253,-19.961739,-27.150936,-19.762106,-10.859945,-4.172835,-3.681844,-21.603628,-24.365007,-8.742704,-10.289527,-17.035360,-3.000202,48.050957,-16.588585,32.993160,0.594649,-14.431984,-12.048397,3.006645,-3.880586,-9.302564,-2.953468,-7.888918,-6.576565,-7.740218,-13.904995,2.258857,-9.799833,-13.733520,8064.000000,0.000000,4.000000,,,,0.000000,4.000000,4.000000,4.000000,4.000000,4.000000,4.000000,4.000000,4.000000,4.000000,4.000000,4.000000,4.000000,4.000000,4.000000,4.000000,4.000000,4.000000,4.000000,2.000000,4.000000,4.000000,4.000000,4.000000,4.000000,4.000000,4.000000,4.000000,4.000000,4.000000,4.000000,4.000000,4.000000,83.333336
1614076772.695364,102.000000,0.000000,-4.585975,-9.543283,-27.988901,-16.864855,-17.893017,-18.203882,-11.361906,-5.194303,-6.242265,-18.505100,-21.263720,-9.246782,-10.279238,-10.864479,-4.535663,45.951622,-16.059175,30.396065,1.619696,-13.904732,-11.010707,0.952356,-3.876705,-9.293262,-3.463336,-5.829747,-6.569988,-8.245298,-13.891090,12.000188,-9.790033,-10.130042,8064.000000,0.000000,4.000000,,,,0.000000,4.000000,4.000000,4.000000,4.000000,4.000000,4.000000,4.000000,4.000000,4.000000,4.000000,4.000000,4.000000,4.000000,4.000000,4.000000,4.000000,4.000000,4.000000,2.000000,4.000000,4.000000,4.000000,4.000000,4.000000,4.000000,4.000000,4.000000,4.000000,4.000000,4.000000,4.000000,4.000000,83.333336
1614076772.703013,103.000000,0.000000,-4.581388,-9.533740,-25.396811,-12.745425,-7.618713,-13.057473,-10.324903,-5.701929,-0.082176,-5.153262,-10.473225,-8.211894,-9.756138,-8.289512,-4.531127,42.828751,-15.017476,32.416950,6.746281,-14.403647,-11.512517,0.951404,-3.360008,-9.283968,-2.434231,-1.721353,-6.563418,-7.211411,-13.877199,13.526649,-9.780243,-7.555809,8064.000000,0.000000,4.000000,,,,0.000000,4.000000,4.000000,4.000000,4.000000,4.000000,4.000000,4.000000,4.000000,4.000000,4.000000,4.000000,4.000000,4.000000,4.000000,4.000000,4.000000,4.000000,4.000000,2.000000,4.000000,4.000000,4.000000,4.000000,4.000000,4.000000,4.000000,4.000000,4.000000,4.000000,4.000000,4.000000,4.000000,83.333336
1614076772.710762,104.000000,0.000000,-5.089628,-9.524206,-20.243208,-11.707039,0.081214,-5.864929,-8.263296,-1.593663,6.584573,12.287788,-1.744802,-5.639580,-10.772022,-6.742761,-5.039417,38.683357,-16.540920,23.666584,7.252356,-19.004629,-10.988184,-3.152112,-4.382289,-9.274684,0.132306,-0.181170,-7.069675,-5.152918,-13.863322,12.487482,-9.770463,-6.522613,8064.000000,0.000000,4.000000,,,,0.000000,4.000000,4.000000,4.000000,4.000000,4.000000,4.000000,4.000000,4.000000,4.000000,4.000000,4.000000,4.000000,4.000000,4.000000,4.000000,4.000000,4.000000,4.000000,2.000000,4.000000,4.000000,4.000000,4.000000,4.000000,4.000000,4.000000,4.000000,4.000000,4.000000,4.000000,4.000000,4.000000,83.333336
1614076772.718411,105.000000,0.000000,-4.058897,-9.514682,-19.710144,-12.720973,0.593953,-3.294961,-6.716571,-0.566428,7.090808,15.865244,0.821045,-4.608299,-8.709969,-0.582172,-2.983095,40.695953,-16.011559,26.719841,5.193821,-21.549726,-10.977196,-7.764344,-3.352266,-9.265409,1.157814,-0.693810,-6.036965,-3.609304,-13.849459,9.398071,-9.760693,-6.516090,8064.000000,0.000000,4.000000,,,,0.000000,4.000000,4.000000,4.000000,4.000000,4.000000,4.000000,4.000000,4.000000,4.000000,4.000000,4.000000,4.000000,4.000000,4.000000,4.000000,4.000000,4.000000,4.000000,2.000000,4.000000,4.000000,4.000000,4.000000,4.000000,4.000000,4.000000,4.000000,4.000000,4.000000,4.000000,4.000000,4.000000,83.333336
1614076772.726161,106.000000,0.000000,-1.490736,-9.505167,-23.792997,-12.195432,-9.663052,-5.855769,-7.222675,-3.129965,6.058077,4.567327,-2.256699,-5.116511,-2.547412,-0.581590,5.225016,65.270645,-8.816060,57.462353,7.239909,-15.887151,-10.966219,-2.628375,-0.784811,-9.256144,0.643836,-0.693116,-3.979646,-4.118515,-13.835609,5.798930,-9.750932,-7.022394,8064.000000,0.000000,4.000000,,,,0.000000,4.000000,4.000000,4.000000,4.000000,4.000000,4.000000,4.000000,4.000000,4.000000,4.000000,4.000000,4.000000,4.000000,4.000000,4.000000,4.000000,4.000000,4.000000,2.000000,4.000000,4.000000,4.000000,4.000000,4.000000,4.000000,4.000000,4.000000,4.000000,4.000000,4.000000,4.000000,4.000000,83.333336
1614076772.733810,107.000000,0.000000,-0.463604,-9.495662,-26.846128,-12.183236,-20.935440,-8.414016,-7.215453,-8.255040,1.949455,-7.744932,-10.459571,-4.598574,-4.596147,-10.837419,0.604406,57.000244,-9.320065,41.507454,-3.023741,-14.332802,-10.955253,-1.087285,-2.322488,-9.246887,1.156013,-0.692423,-2.437205,-4.114397,-13.821774,8.870054,-9.741181,-7.015372,8064.000000,0.000000,4.000000,,,,0.000000,4.000000,4.000000,4.000000,4.000000,4.000000,4.000000,4.000000,4.000000,4.000000,4.000000,4.000000,4.000000,4.000000,4.000000,4.000000,4.000000,4.000000,4.000000,2.000000,4.000000,4.000000,4.000000,4.000000,4.000000,4.000000,4.000000,4.000000,4.000000,4.000000,4.000000,4.000000,4.000000,83.333336
1614076772.741559,108.000000,0.000000,-3.027243,-9.486166,-25.793640,-12.683873,-23.478607,-7.892781,-7.208237,-10.298067,-5.744802,-13.891033,-18.654240,-5.106796,-12.283858,-21.595812,-16.319275,24.635551,-20.079975,9.158254,-15.328409,-20.472315,-12.995579,-10.316967,-7.448370,-9.237640,-0.383605,-0.691730,-2.947588,-4.110282,-13.807952,6.297081,-10.244260,-7.008357,8064.000000,0.000000,4.000000,,,,0.000000,4.000000,4.000000,4.000000,4.000000,4.000000,4.000000,4.000000,4.000000,4.000000,4.000000,4.000000,4.000000,4.000000,4.000000,4.000000,4.000000,4.000000,4.000000,2.000000,4.000000,4.000000,4.000000,4.000000,4.000000,4.000000,4.000000,4.000000,4.000000,4.000000,4.000000,4.000000,4.000000,83.333336
1614076772.749208,109.000000,0.000000,-5.075498,-9.476680,-25.767847,-12.671189,-20.378204,-8.397709,-7.201029,-9.262128,-9.328801,-15.928424,-21.199688,-7.665792,-14.322857,-23.112679,-21.431160,13.841685,-19.547075,12.738839,-3.005389,-21.990305,-15.033866,-8.768188,-7.953743,-9.228403,-2.947324,-0.691039,-2.431820,-4.106172,-15.332605,-6.016908,-9.721195,-8.026989,8064.000000,0.000000,4.000000,,,,0.000000,4.000000,4.000000,4.000000,4.000000,4.000000,4.000000,4.000000,4.000000,4.000000,4.000000,4.000000,4.000000,4.000000,4.000000,4.000000,4.000000,4.000000,4.000000,2.000000,4.000000,4.000000,4.000000,4.000000,4.000000,4.000000,4.000000,4.000000,4.000000,4.000000,4.000000,4.000000,4.000000,83.333336
1614076772.756957,110.000000,0.000000,-4.557601,-9.467203,-26.254900,-12.658518,-18.819365,-8.902132,-7.193828,-9.765686,-8.293832,-14.886855,-20.152847,-9.196588,-17.898277,-22.063925,-19.871267,23.058613,-12.348041,22.469690,0.587360,-20.942673,-15.531652,-0.554292,-6.920147,-9.731996,-3.457197,-0.690347,-3.967849,-3.589245,-17.368555,-10.626276,-9.711474,-10.583065,8064.000000,0.000000,4.000000,,,,0.000000,4.000000,4.000000,4.000000,4.000000,4.000000,4.000000,4.000000,4.000000,4.000000,4.000000,4.000000,4.000000,4.000000,4.000000,4.000000,4.000000,4.000000,4.000000,2.000000,4.000000,4.000000,4.000000,4.000000,4.000000,4.000000,4.000000,4.000000,4.000000,4.000000,4.000000,4.000000,4.000000,83.333336
1614076772.764606,111.000000,0.000000,-4.553044,-9.457736,-26.741467,-12.645860,-19.826187,-8.380409,-7.186634,-16.422586,-9.311179,-15.897609,-23.209618,-9.187391,-28.649611,-24.093142,-26.518064,11.240683,-20.028000,-2.680984,-21.464510,-27.588398,-16.028942,-11.835789,-9.477330,-9.209443,-3.966560,-1.202478,-6.527984,-6.662579,-17.864006,-9.077188,-10.214583,-12.110943,8064.000000,0.000000,4.000000,,,,0.000000,4.000000,4.000000,4.000000,4.000000,4.000000,4.000000,4.000000,4.000000,4.000000,4.000000,4.000000,4.000000,4.000000,4.000000,4.000000,4.000000,4.000000,4.000000,2.000000,4.000000,4.000000,4.000000,4.000000,4.000000,4.000000,4.000000,4.000000,4.000000,4.000000,4.000000,4.000000,4.000000,83.333336
1614076772.772455,112.000000,0.000000,-5.061311,-9.448278,-25.689083,-12.633214,-16.729437,-7.859208,-7.179448,-23.072830,-8.276227,-15.881711,-26.263330,-9.178204,-29.646601,-23.043407,-25.465904,21.998672,-27.700279,13.219132,-17.340481,-29.099270,-15.500092,-23.618824,-11.519135,-10.225874,-2.936953,-0.688455,-7.034277,-7.681557,-17.333323,-5.478367,-8.153087,-7.996268,8064.000000,0.000000,4.000000,,,,0.000000,4.000000,4.000000,4.000000,4.000000,4.000000,4.000000,4.000000,4.000000,4.000000,4.000000,4.000000,4.000000,4.000000,4.000000,4.000000,4.000000,4.000000,4.000000,2.000000,4.000000,4.000000,4.000000,4.000000,4.000000,4.000000,4.000000,4.000000,4.000000,4.000000,4.000000,4.000000,4.000000,83.333336
1614076772.780204,113.000000,0.000000,-4.543429,-9.438830,-25.663395,-12.620581,-9.533221,-8.364169,-7.172268,-15.357450,-3.139745,-6.122240,-14.955016,-5.579282,-16.283621,-8.661390,-9.030182,54.797188,-18.954630,46.026424,9.343527,-21.377863,-13.946130,-11.287514,-10.481975,-10.215649,-2.934016,-0.687766,-6.514422,-3.058491,-15.264707,4.783522,-3.529549,-0.808785,8064.000000,0.000000,4.000000,,,,0.000000,4.000000,4.000000,4.000000,4.000000,4.000000,4.000000,4.000000,4.000000,4.000000,4.000000,4.000000,4.000000,4.000000,4.000000,4.000000,4.000000,4.000000,4.000000,2.000000,4.000000,4.000000,4.000000,4.000000,4.000000,4.000000,4.000000,4.000000,4.000000,4.000000,4.000000,4.000000,4.000000,83.333336
1614076772.788053,114.000000,0.000000,-1.974784,-9.429391,-26.663372,-12.607960,-6.959585,-7.842985,-7.165096,1.580984,-0.572503,5.678754,5.059939,-0.445497,-3.959646,6.731887,3.286540,72.691109,-10.217728,47.518860,6.257260,-18.279562,-16.496286,1.544287,-7.907390,-6.615689,-3.956723,-1.712719,-7.533548,0.534311,-14.223801,11.958225,-1.474737,1.243306,8064.000000,0.000000,4.000000,,,,0.000000,4.000000,4.000000,4.000000,4.000000,4.000000,4.000000,4.000000,4.000000,4.000000,4.000000,4.000000,4.000000,4.000000,4.000000,4.000000,4.000000,4.000000,4.000000,2.000000,4.000000,4.000000,4.000000,4.000000,4.000000,4.000000,4.000000,4.000000,4.000000,4.000000,4.000000,4.000000,4.000000,83.333336
1614076772.795802,115.000000,0.000000,-0.434347,-9.419962,-24.585426,-12.595352,-6.439805,-5.271039,-5.106648,7.220428,-1.084751,8.749998,11.208725,2.119051,-2.417224,11.340539,2.770433,57.233803,-12.258792,26.958521,-0.415664,-15.697181,-13.402867,0.517101,-4.822560,-4.044971,3.226721,0.340275,-3.936271,-0.491864,-13.183936,9.382164,-2.498904,0.729242,8064.000000,0.000000,4.000000,,,,0.000000,4.000000,4.000000,4.000000,4.000000,4.000000,4.000000,4.000000,4.000000,4.000000,4.000000,4.000000,4.000000,4.000000,4.000000,4.000000,4.000000,4.000000,4.000000,2.000000,4.000000,4.000000,4.000000,4.000000,4.000000,4.000000,4.000000,4.000000,4.000000,4.000000,4.000000,4.000000,4.000000,83.333336
1614076772.803651,116.000000,0.000000,-0.946733,-9.410542,-19.945456,-12.582757,-4.382083,-3.727307,-3.050260,4.136285,-0.570846,8.741248,7.607773,4.168213,-2.414807,12.354840,2.767663,50.509899,-12.759354,40.777718,14.969367,-5.937894,3.533612,-0.509057,-3.279275,-0.964003,16.556828,7.519422,3.247152,-0.491373,-10.606649,14.500987,-2.496405,1.241333,8064.000000,0.000000,4.000000,,,,0.000000,4.000000,4.000000,4.000000,4.000000,4.000000,4.000000,4.000000,4.000000,4.000000,4.000000,4.000000,4.000000,4.000000,4.000000,4.000000,4.000000,4.000000,4.000000,2.000000,4.000000,4.000000,4.000000,4.000000,4.000000,4.000000,4.000000,4.000000,4.000000,4.000000,4.000000,4.000000,4.000000,83.333336
1614076772.811400,117.000000,0.000000,-0.945787,-9.401132,-19.925510,-12.570174,-5.916163,-6.800502,-4.585671,2.593687,-2.108736,6.168405,7.600165,0.574302,-0.873931,10.804024,4.816177,63.279903,-11.208133,62.788219,24.697987,-1.829392,10.196746,0.004273,-3.275996,9.806191,20.130014,12.127287,5.295187,0.021939,-8.544761,23.204435,-1.981088,0.727272,8064.000000,0.000000,4.000000,,,,0.000000,4.000000,4.000000,4.000000,4.000000,4.000000,4.000000,4.000000,4.000000,4.000000,4.000000,4.000000,4.000000,4.000000,4.000000,4.000000,4.000000,4.000000,4.000000,2.000000,4.000000,4.000000,4.000000,4.000000,4.000000,4.000000,4.000000,4.000000,4.000000,4.000000,4.000000,4.000000,4.000000,83.333336
1614076772.819249,118.000000,0.000000,-0.944841,-9.391730,-22.469688,-12.557604,-11.038452,-10.896266,-8.683650,-0.998650,-7.747653,-5.632636,0.413078,-11.221145,-8.565365,-2.027293,-0.829665,60.652523,-13.761027,52.469025,20.570724,-10.032690,-5.198067,-4.098296,-5.836823,15.950232,11.391936,10.063878,4.777071,-1.516544,-10.587499,19.078667,-2.491927,1.239365,8064.000000,0.000000,4.000000,,,,0.000000,4.000000,4.000000,4.000000,4.000000,4.000000,4.000000,4.000000,4.000000,4.000000,4.000000,4.000000,4.000000,4.000000,4.000000,4.000000,4.000000,4.000000,4.000000,2.000000,4.000000,4.000000,4.000000,4.000000,4.000000,4.000000,4.000000,4.000000,4.000000,4.000000,4.000000,4.000000,4.000000,83.333336
1614076772.826999,119.000000,0.000000,-0.943896,-9.382339,-22.447218,-12.545046,-11.540234,-12.423831,-10.726248,-9.202780,-8.765547,-15.370592,-15.484771,-17.876591,-19.326031,-12.794497,-8.521143,41.104691,-16.311369,24.724247,11.832206,-15.663684,-16.474920,-7.683941,-8.395088,7.216333,7.790800,6.976891,4.772294,-4.079130,-9.038449,13.418562,-2.489435,1.238125,8064.000000,0.000000,4.000000,,,,0.000000,4.000000,4.000000,4.000000,4.000000,4.000000,4.000000,4.000000,4.000000,4.000000,4.000000,4.000000,4.000000,4.000000,4.000000,4.000000,4.000000,4.000000,4.000000,2.000000,4.000000,4.000000,4.000000,4.000000,4.000000,4.000000,4.000000,4.000000,4.000000,4.000000,4.000000,4.000000,4.000000,83.333336
1614076772.834847,120.000000,0.000000,-0.942952,-9.372956,-21.399130,-11.506860,-8.451771,-11.898587,-10.715522,-10.219218,-5.167037,-15.355222,-20.084671,-15.807431,-20.332346,-9.704780,-6.974160,37.473843,-15.782237,11.366189,-5.102703,-13.083918,-14.407163,-8.189077,-7.361053,1.568091,9.834291,7.995555,3.741881,-4.587872,-5.952488,10.841041,-1.974125,-6.455420,8064.000000,0.000000,4.000000,,,,0.000000,4.000000,4.000000,4.000000,4.000000,4.000000,4.000000,4.000000,4.000000,4.000000,4.000000,4.000000,4.000000,4.000000,4.000000,4.000000,4.000000,4.000000,4.000000,2.000000,4.000000,4.000000,4.000000,4.000000,4.000000,4.000000,4.000000,4.000000,4.000000,4.000000,4.000000,4.000000,4.000000,83.333336
1614076772.842597,121.000000,0.000000,-1.454830,-9.363584,-21.890551,-12.520994,-7.417678,-11.886688,-10.704806,-8.670537,-4.136230,-14.827046,-20.064587,-16.817265,-22.363295,-13.797639,-10.556930,25.128675,-16.792095,-0.952870,-19.456575,-13.583653,-13.879935,-7.155248,-7.353692,1.566523,5.209073,6.449098,1.174036,-4.070463,-10.049099,1.086610,-3.510613,-14.141273,8064.000000,0.000000,4.000000,,,,0.000000,4.000000,4.000000,4.000000,4.000000,4.000000,4.000000,4.000000,4.000000,4.000000,4.000000,4.000000,4.000000,4.000000,4.000000,4.000000,4.000000,4.000000,4.000000,2.000000,4.000000,4.000000,4.000000,4.000000,4.000000,4.000000,4.000000,4.000000,4.000000,4.000000,4.000000,4.000000,4.000000,83.333336
1614076772.850446,122.000000,0.000000,-0.940554,-9.354219,-22.894302,-13.021294,-6.384619,-11.874802,-11.719743,-11.225969,-5.157734,-14.812220,-20.044521,-15.774807,-21.315290,-20.963327,-17.725861,-0.024659,-15.749662,-13.259609,-18.411478,-15.621352,-15.404516,-7.148092,-8.884799,-5.614531,-2.488444,-2.788120,-0.878420,-4.579213,-17.218538,-6.606784,-5.558384,-15.152772,8064.000000,0.000000,4.000000,,,,0.000000,4.000000,4.000000,4.000000,4.000000,4.000000,4.000000,4.000000,4.000000,4.000000,4.000000,4.000000,4.000000,4.000000,4.000000,4.000000,4.000000,4.000000,4.000000,2.000000,4.000000,4.000000,4.000000,4.000000,4.000000,4.000000,4.000000,4.000000,4.000000,4.000000,4.000000,4.000000,4.000000,83.333336
1614076772.858195,123.000000,0.000000,1.111668,-9.344866,-20.307304,-7.880067,-3.814132,-9.811645,-7.092638,-4.035256,-1.562833,-9.156382,-6.691144,-2.938519,0.244486,-2.993647,1.779046,32.795879,-7.015964,19.574163,-2.495630,-6.887782,-12.312189,-8.166585,-4.260530,-9.711480,-4.024417,-8.939178,-2.928823,-3.548993,-16.175678,-6.600177,-6.578467,-13.599158,8064.000000,0.000000,4.000000,,,,0.000000,4.000000,4.000000,4.000000,4.000000,4.000000,4.000000,4.000000,4.000000,4.000000,4.000000,4.000000,4.000000,4.000000,4.000000,4.000000,4.000000,4.000000,4.000000,2.000000,4.000000,4.000000,4.000000,4.000000,4.000000,4.000000,4.000000,4.000000,4.000000,4.000000,4.000000,4.000000,4.000000,83.333336
1614076772.866044,124.000000,0.000000,3.161839,-9.335521,-18.235716,-5.820905,-3.810318,-7.750551,0.093942,10.327754,3.054115,-3.506199,6.136060,6.295189,17.167318,11.881142,25.367010,65.583595,0.170539,52.375103,15.968404,3.375516,-10.248595,-4.055854,4.974500,-4.060743,-2.994752,-8.930239,-2.925894,-0.981341,-12.569758,-10.696141,-6.059068,-14.611200,8064.000000,0.000000,4.000000,,,,0.000000,4.000000,4.000000,4.000000,4.000000,4.000000,4.000000,4.000000,4.000000,4.000000,4.000000,4.000000,4.000000,4.000000,4.000000,4.000000,4.000000,4.000000,4.000000,2.000000,4.000000,4.000000,4.000000,4.000000,4.000000,4.000000,4.000000,4.000000,4.000000,4.000000,4.000000,4.000000,4.000000,83.333336
1614076772.873793,125.000000,0.000000,2.645856,-9.326185,-22.832865,-13.507392,-6.370610,-7.742801,-1.444614,12.881528,0.486958,-2.989873,-1.049563,0.135048,-0.798566,-9.156381,5.341643,33.210320,-1.880913,24.117598,14.926795,-1.756065,-13.828090,5.691791,8.046449,-0.979760,-5.555860,-10.459770,-2.922969,-0.467540,-14.608471,-13.249548,-6.053009,-14.596589,8064.000000,0.000000,4.000000,,,,0.000000,4.000000,4.000000,4.000000,4.000000,4.000000,4.000000,4.000000,4.000000,4.000000,4.000000,4.000000,4.000000,4.000000,4.000000,4.000000,4.000000,4.000000,4.000000,2.000000,4.000000,4.000000,4.000000,4.000000,4.000000,4.000000,4.000000,4.000000,4.000000,4.000000,4.000000,4.000000,4.000000,83.333336
1614076772.881642,126.000000,0.000000,3.156031,-9.316859,-28.963877,-20.160551,-9.441162,-10.811981,-7.084195,3.125057,-4.641734,-3.499703,-8.228001,-6.018934,-16.695204,-22.480556,-17.740622,2.407878,-4.955956,-8.214211,-1.498388,-10.985078,-17.916826,10.301484,7.525581,-2.517241,-7.601586,-12.500592,-5.484148,-0.467072,-17.157965,-10.672195,-6.046956,-16.633274,8064.000000,0.000000,4.000000,,,,0.000000,4.000000,4.000000,4.000000,4.000000,4.000000,4.000000,4.000000,4.000000,4.000000,4.000000,4.000000,4.000000,4.000000,4.000000,4.000000,4.000000,4.000000,4.000000,2.000000,4.000000,4.000000,4.000000,4.000000,4.000000,4.000000,4.000000,4.000000,4.000000,4.000000,4.000000,4.000000,4.000000,83.333336
1614076772.889391,127.000000,0.000000,2.640054,-9.307542,-29.447735,-20.140390,-12.508644,-11.826810,-7.077111,-3.544735,-4.637093,-2.983383,-7.194132,-3.448812,-11.550303,-10.150385,-6.953650,35.225983,-3.925359,16.409388,-5.599454,-9.435631,-18.411730,6.701439,8.030876,-2.514724,-6.055522,-10.949631,-5.991485,-0.466605,-17.653627,-13.225626,-5.528089,-20.206385,8064.000000,0.000000,4.000000,,,,0.000000,4.000000,4.000000,4.000000,4.000000,4.000000,4.000000,4.000000,4.000000,4.000000,4.000000,4.000000,4.000000,4.000000,4.000000,4.000000,4.000000,4.000000,4.000000,2.000000,4.000000,4.000000,4.000000,4.000000,4.000000,4.000000,4.000000,4.000000,4.000000,4.000000,4.000000,4.000000,4.000000,83.333336
1614076772.897040,0.000000,0.000000,0.586132,-8.785414,-29.931107,-19.607430,-14.547418,-11.302163,-7.582854,-5.592472,-5.145276,-2.467579,-17.956169,-7.547927,-15.128497,-11.165875,-8.997978,39.293320,-6.998356,33.316055,-3.542572,-11.477478,-18.906137,3.617814,3.407461,-1.486568,-6.562288,-11.451502,-5.985493,-0.466138,-16.610332,-16.289324,-6.035381,-20.698999,0.000000,156.000000,4.000000,,,,0.000000,4.000000,4.000000,4.000000,4.000000,4.000000,4.000000,4.000000,4.000000,4.000000,4.000000,4.000000,4.000000,4.000000,4.000000,4.000000,4.000000,4.000000,4.000000,2.000000,4.000000,4.000000,4.000000,4.000000,4.000000,4.000000,4.000000,4.000000,4.000000,4.000000,4.000000,4.000000,4.000000,83.333336
1614076772.904789,1.000000,0.000000,-1.465736,-8.776628,-32.978100,-17.023720,-15.045691,-12.316502,-10.652194,-5.586879,-8.217053,-2.977932,-27.168982,-16.771149,-24.856958,-18.847017,-23.860775,6.946336,-12.119563,13.282739,-2.513389,-15.568564,-15.810309,3.614197,-3.775434,-1.485082,-7.068546,-10.927229,-8.030789,0.047148,-14.542440,-11.657649,-6.029346,-18.627018,0.000000,175.000000,4.000000,,,,0.000000,4.000000,4.000000,4.000000,4.000000,4.000000,4.000000,4.000000,4.000000,4.000000,4.000000,4.000000,4.000000,4.000000,4.000000,4.000000,4.000000,4.000000,4.000000,2.000000,4.000000,4.000000,4.000000,4.000000,4.000000,4.000000,4.000000,4.000000,4.000000,4.000000,4.000000,4.000000,4.000000,83.333336
1614076772.912438,2.000000,0.000000,-0.951450,-9.280672,-30.893839,-12.391312,-14.517825,-11.791365,-11.154363,-6.094113,-9.234478,-4.513416,-16.372581,-16.754377,-19.703896,-3.443555,-9.477941,21.298365,-13.645905,26.602789,6.207073,-3.758124,-6.050909,4.636223,-3.258838,-1.996417,-4.497375,-7.839379,-4.433015,1.585563,-14.015078,-8.569069,-3.459213,-17.582750,0.000000,204.000000,4.000000,,,,0.000000,4.000000,4.000000,4.000000,4.000000,4.000000,4.000000,4.000000,4.000000,4.000000,4.000000,4.000000,4.000000,4.000000,4.000000,4.000000,4.000000,4.000000,4.000000,2.000000,4.000000,4.000000,4.000000,4.000000,4.000000,4.000000,4.000000,4.000000,4.000000,4.000000,4.000000,4.000000,4.000000,83.333336
1614076772.920187,3.000000,0.000000,-0.950498,-9.271392,-25.734739,-13.404561,-15.016128,-6.138547,-10.630387,-11.729045,-8.199602,-3.483261,-5.074158,-9.558136,-12.504704,9.380402,5.916153,46.918091,-12.093798,42.986443,3.123943,2.912301,-3.480756,7.195690,-0.178656,-2.507241,-3.980057,-9.370001,0.186802,4.148080,-12.462601,-10.098961,-1.917293,-17.565166,0.000000,187.000000,4.000000,,,,0.000000,4.000000,4.000000,4.000000,4.000000,4.000000,4.000000,4.000000,4.000000,4.000000,4.000000,4.000000,4.000000,4.000000,4.000000,4.000000,4.000000,4.000000,4.000000,2.000000,4.000000,4.000000,4.000000,4.000000,4.000000,4.000000,4.000000,4.000000,4.000000,4.000000,4.000000,4.000000,4.000000,83.333336
1614076772.927836,4.000000,0.000000,-1.462368,-8.749300,-27.247467,-15.955259,-14.488291,-4.081127,-10.619758,-12.742956,-8.191402,-3.479778,-3.530622,-7.497296,-13.005020,0.653073,-4.346173,22.255789,-12.594524,13.712687,-16.879181,-10.936766,-15.272146,6.675673,-2.742580,-1.991914,-10.129923,-16.027298,-8.018513,3.631111,-13.988600,-10.088862,-4.479478,-21.137344,0.000000,165.000000,4.000000,,,,0.000000,4.000000,4.000000,4.000000,4.000000,4.000000,4.000000,4.000000,4.000000,4.000000,4.000000,4.000000,4.000000,4.000000,4.000000,4.000000,4.000000,4.000000,4.000000,2.000000,4.000000,4.000000,4.000000,4.000000,4.000000,4.000000,4.000000,4.000000,4.000000,4.000000,4.000000,4.000000,4.000000,83.333336
1614076772.935586,5.000000,0.000000,-0.948085,-11.304653,-32.861244,-15.426483,-14.473803,-9.718071,-10.609138,-4.525085,-9.208852,-12.194247,-5.065553,-9.541080,-14.530478,-12.680914,-6.905930,18.130968,-12.581930,1.904103,-18.913584,-18.105316,-21.410721,1.540793,-4.791119,-2.502742,-15.760818,-20.113834,-17.241262,-0.475084,-19.102816,-10.078773,-6.526280,-28.295694,0.000000,198.000000,4.000000,,,,0.000000,4.000000,4.000000,4.000000,4.000000,4.000000,4.000000,4.000000,4.000000,4.000000,4.000000,4.000000,4.000000,4.000000,4.000000,4.000000,4.000000,4.000000,4.000000,2.000000,4.000000,4.000000,4.000000,4.000000,4.000000,4.000000,4.000000,4.000000,4.000000,4.000000,4.000000,4.000000,4.000000,83.333336
1614076772.943235,6.000000,0.000000,-1.459958,-13.344630,-33.854023,-16.949518,-14.972149,-11.759635,-11.111349,-1.956458,-7.661182,-18.335899,-5.573308,-5.428976,-13.490306,-16.257977,1.818925,39.651299,-5.902681,28.568865,-2.484414,-9.369262,-11.645720,0.000790,-2.222225,-6.089983,-12.668135,-18.555260,-10.557356,-4.064353,-20.109354,-9.555874,-6.006934,-27.754580,0.000000,191.000000,4.000000,,,,0.000000,4.000000,4.000000,4.000000,4.000000,4.000000,4.000000,4.000000,4.000000,4.000000,4.000000,4.000000,4.000000,4.000000,4.000000,4.000000,4.000000,4.000000,4.000000,2.000000,4.000000,4.000000,4.000000,4.000000,4.000000,4.000000,4.000000,4.000000,4.000000,4.000000,4.000000,4.000000,4.000000,83.333336
1614076772.950984,7.000000,0.000000,-0.945677,-11.792825,-28.691965,-15.906928,-13.418715,-6.619671,-9.048956,-0.416040,-1.499674,-8.061152,5.201496,4.320043,-7.835790,-5.472488,4.894029,42.175751,0.769888,38.796707,2.646276,-5.257329,-1.890485,4.616174,0.344099,-6.083893,-1.886236,-13.921319,-2.854490,-4.573109,-15.473861,-6.982215,-6.000927,-20.034517,0.000000,173.000000,4.000000,,,,0.000000,4.000000,4.000000,4.000000,4.000000,4.000000,4.000000,4.000000,4.000000,4.000000,4.000000,4.000000,4.000000,4.000000,4.000000,4.000000,4.000000,4.000000,4.000000,2.000000,4.000000,4.000000,4.000000,4.000000,4.000000,4.000000,4.000000,4.000000,4.000000,4.000000,4.000000,4.000000,4.000000,83.333336
1614076772.958633,8.000000,0.000000,1.619371,-9.216928,-23.022247,-7.685893,-10.841194,-3.536128,-6.475804,10.866427,3.630030,5.280242,20.068089,13.033672,0.889995,9.917601,10.530161,52.389984,3.846041,36.193806,0.079527,-6.790533,0.162688,7.688481,2.395037,-0.436783,9.397701,-10.830475,-3.364456,-4.055715,-12.894284,-1.847028,-6.507746,-17.450380,0.000000,167.000000,4.000000,,,,0.000000,4.000000,4.000000,4.000000,4.000000,4.000000,4.000000,4.000000,4.000000,4.000000,4.000000,4.000000,4.000000,4.000000,4.000000,4.000000,4.000000,4.000000,4.000000,2.000000,4.000000,4.000000,4.000000,4.000000,4.000000,4.000000,4.000000,4.000000,4.000000,4.000000,4.000000,4.000000,4.000000,83.333336
1614076772.966382,9.000000,0.000000,2.643393,-8.694892,-21.460764,-6.652566,-10.317533,-4.558233,-8.520610,10.342741,3.113580,9.377525,14.406996,7.379612,-0.649357,15.548708,17.699118,72.337593,2.816554,45.388382,3.156370,-4.219639,4.265089,6.655152,3.418283,4.691858,14.516509,-12.358106,-0.796989,-4.564480,-13.394211,5.847126,-4.962777,-17.432930,0.000000,173.000000,4.000000,,,,0.000000,4.000000,4.000000,4.000000,4.000000,4.000000,4.000000,4.000000,4.000000,4.000000,4.000000,4.000000,4.000000,4.000000,4.000000,4.000000,4.000000,4.000000,4.000000,2.000000,4.000000,4.000000,4.000000,4.000000,4.000000,4.000000,4.000000,4.000000,4.000000,4.000000,4.000000,4.000000,4.000000,83.333336
1614076772.974031,10.000000,0.000000,2.640749,-9.199018,-21.952124,-11.774118,-10.820035,-6.092136,-10.563372,-10.693243,2.597646,5.778405,-2.017668,-9.038023,-6.289733,15.020339,16.142958,70.213974,-1.801647,57.137867,6.230137,-2.676958,12.978773,7.161317,3.927685,5.712808,14.501992,-10.807286,0.742269,-4.559916,-11.329535,11.995126,-1.880891,-9.210368,0.000000,201.000000,4.000000,,,,0.000000,4.000000,4.000000,4.000000,4.000000,4.000000,4.000000,4.000000,4.000000,4.000000,4.000000,4.000000,4.000000,4.000000,4.000000,4.000000,4.000000,4.000000,4.000000,2.000000,4.000000,4.000000,4.000000,4.000000,4.000000,4.000000,4.000000,4.000000,4.000000,4.000000,4.000000,4.000000,4.000000,83.333336
1614076772.981780,11.000000,0.000000,2.638108,-9.189818,-21.417351,-8.172601,-10.809216,-8.650146,-10.039988,-22.477421,3.620689,-2.945323,-8.169497,-20.311037,-5.770623,11.928395,13.562712,64.502739,-7.953691,56.055088,5.198266,-2.161461,17.068357,7.666976,3.923758,4.681454,19.615696,-1.052889,1.767168,-4.555356,-6.190000,13.521592,-0.340549,-0.996029,0.000000,206.000000,4.000000,,,,0.000000,4.000000,4.000000,4.000000,4.000000,4.000000,4.000000,4.000000,4.000000,4.000000,4.000000,4.000000,4.000000,4.000000,4.000000,4.000000,4.000000,4.000000,4.000000,2.000000,4.000000,4.000000,4.000000,4.000000,4.000000,4.000000,4.000000,4.000000,4.000000,4.000000,4.000000,4.000000,4.000000,83.333336
1614076772.989430,12.000000,0.000000,2.635470,-8.154987,-21.395933,-0.472121,-10.285585,-8.128675,-12.081230,-17.326738,2.591427,-10.634685,-14.315173,-20.803547,-8.328955,0.121595,7.395303,57.771564,-8.971378,34.973392,3.141786,-2.672120,15.000008,3.556745,3.919834,6.215234,26.262747,4.589189,8.944888,-1.986698,0.482857,12.995250,2.223894,-2.020674,0.000000,189.000000,4.000000,,,,0.000000,4.000000,4.000000,4.000000,4.000000,4.000000,4.000000,4.000000,4.000000,4.000000,4.000000,4.000000,4.000000,4.000000,4.000000,4.000000,4.000000,4.000000,4.000000,2.000000,4.000000,4.000000,4.000000,4.000000,4.000000,4.000000,4.000000,4.000000,4.000000,4.000000,4.000000,4.000000,4.000000,83.333336
1614076772.997179,13.000000,0.000000,4.171297,-6.095550,-21.374538,-0.471648,-10.788120,-8.120547,-13.607610,-16.796593,0.024733,-11.649692,-18.403421,-13.090435,-12.936010,-8.596475,-3.894144,28.483025,-8.449587,17.502522,1.087362,-3.182268,14.985008,3.553188,3.915914,8.773121,27.262125,4.071779,16.115431,2.630674,2.533656,12.469434,6.837055,-3.044295,0.000000,196.000000,4.000000,,,,0.000000,4.000000,4.000000,4.000000,4.000000,4.000000,4.000000,4.000000,4.000000,4.000000,4.000000,4.000000,4.000000,4.000000,4.000000,4.000000,4.000000,4.000000,4.000000,2.000000,4.000000,4.000000,4.000000,4.000000,4.000000,4.000000,4.000000,4.000000,4.000000,4.000000,4.000000,4.000000,4.000000,83.333336
1614076773.004828,14.000000,0.000000,9.295330,-5.063814,-21.865984,-2.009638,-10.777332,-9.650888,-7.952977,-16.266975,-1.513753,-6.509837,-5.564506,-0.769652,-6.769228,-4.485314,-2.351788,10.505824,-5.877035,27.228607,3.650377,0.923478,15.995664,13.293225,6.476101,11.841271,27.234863,4.067708,17.124956,6.217787,1.505482,12.969785,9.907141,-1.502789,0.000000,214.000000,4.000000,,,,0.000000,4.000000,4.000000,4.000000,4.000000,4.000000,4.000000,4.000000,4.000000,4.000000,4.000000,4.000000,4.000000,4.000000,4.000000,4.000000,4.000000,4.000000,4.000000,2.000000,4.000000,4.000000,4.000000,4.000000,4.000000,4.000000,4.000000,4.000000,4.000000,4.000000,4.000000,4.000000,4.000000,83.333336
1614076773.012677,15.000000,0.000000,10.824496,-5.571570,-21.844118,-0.469167,-10.766555,-6.051494,-2.303998,-3.943016,-0.999419,2.214622,7.261572,8.461886,2.468310,0.134556,10.983897,34.597881,-1.768593,34.893688,2.108265,4.512298,4.697617,14.305573,8.008086,14.393533,25.156345,1.499537,14.543728,7.237210,0.478335,13.469636,8.871593,-4.065389,0.000000,205.000000,4.000000,,,,0.000000,4.000000,4.000000,4.000000,4.000000,4.000000,4.000000,4.000000,4.000000,4.000000,4.000000,4.000000,4.000000,4.000000,4.000000,4.000000,4.000000,4.000000,4.000000,2.000000,4.000000,4.000000,4.000000,4.000000,4.000000,4.000000,4.000000,4.000000,4.000000,4.000000,4.000000,4.000000,4.000000,83.333336
1614076773.020426,16.000000,0.000000,7.736749,-5.565999,-21.309454,-3.032800,-10.755789,1.646865,-2.814515,7.855799,-0.485599,5.802151,6.228669,4.350861,0.414560,-0.891220,12.511374,55.588924,-1.254004,23.063921,-6.611792,-3.697342,-14.794260,-1.606169,3.384694,11.302216,12.823497,-5.168629,2.734313,5.691511,-5.163169,5.251038,4.760157,-11.240810,0.000000,206.000000,4.000000,,,,0.000000,4.000000,4.000000,4.000000,4.000000,4.000000,4.000000,4.000000,4.000000,4.000000,4.000000,4.000000,4.000000,4.000000,4.000000,4.000000,4.000000,4.000000,4.000000,2.000000,4.000000,4.000000,4.000000,4.000000,4.000000,4.000000,4.000000,4.000000,4.000000,4.000000,4.000000,4.000000,4.000000,83.333336
1614076773.028275,17.000000,0.000000,3.626448,-5.047612,-21.288143,-8.157973,-10.232212,4.209321,-3.324521,5.796661,-1.510754,-3.434420,2.119876,-3.858618,-5.226880,-3.967252,-0.834470,38.610260,-6.893776,16.374191,-13.784667,-17.026978,-24.010235,-12.373794,-3.285358,1.034503,-1.548301,-10.804486,-11.627396,3.634537,-15.414416,-5.010623,-1.398449,-16.357775,0.000000,195.000000,4.000000,,,,0.000000,4.000000,4.000000,4.000000,4.000000,4.000000,4.000000,4.000000,4.000000,4.000000,4.000000,4.000000,4.000000,4.000000,4.000000,4.000000,4.000000,4.000000,4.000000,2.000000,4.000000,4.000000,4.000000,4.000000,4.000000,4.000000,4.000000,4.000000,4.000000,4.000000,4.000000,4.000000,4.000000,83.333336
1614076773.036024,18.000000,0.000000,1.058719,-5.555385,-21.779676,-9.175456,-10.734800,2.666650,-2.808376,1.688301,-1.509243,-10.610473,-0.446346,-4.880401,-7.785756,-8.578670,-10.064404,13.443444,-10.989447,4.050124,-15.309344,-24.189438,-22.447763,-11.335778,-4.307714,-6.146019,-5.136496,-13.357784,-14.692692,3.118083,-17.963104,-4.492792,-2.935512,-17.879879,0.000000,203.000000,4.000000,,,,0.000000,4.000000,4.000000,4.000000,4.000000,4.000000,4.000000,4.000000,4.000000,4.000000,4.000000,4.000000,4.000000,4.000000,4.000000,4.000000,4.000000,4.000000,4.000000,2.000000,4.000000,4.000000,4.000000,4.000000,4.000000,4.000000,4.000000,4.000000,4.000000,4.000000,4.000000,4.000000,4.000000,83.333336
1614076773.043873,19.000000,0.000000,-0.993622,-5.549830,-20.732256,-8.140639,-10.724066,3.689625,-3.318388,2.712253,-0.482093,-10.599863,-7.625387,-3.849879,-10.854894,-10.621372,-9.028700,14.968463,-12.004098,-4.671875,-12.217112,-24.678070,-22.938137,-11.324443,-3.790585,-6.139872,-3.592898,-14.882888,-10.575435,3.627785,-13.842577,-4.488299,-1.394115,-17.349178,0.000000,223.000000,4.000000,,,,0.000000,4.000000,4.000000,4.000000,4.000000,4.000000,4.000000,4.000000,4.000000,4.000000,4.000000,4.000000,4.000000,4.000000,4.000000,4.000000,4.000000,4.000000,4.000000,2.000000,4.000000,4.000000,4.000000,4.000000,4.000000,4.000000,4.000000,4.000000,4.000000,4.000000,4.000000,4.000000,4.000000,83.333336
1614076773.051622,20.000000,0.000000,-1.505449,-5.544280,-22.762806,-9.670960,-10.713342,1.121832,-3.315069,0.145439,-2.532893,-16.743109,-15.822889,-8.974235,-13.920961,-14.713315,-7.994030,30.338110,-11.992094,26.614849,-5.025407,-20.550827,-23.428019,-9.261836,-3.786795,-5.620912,-4.102126,-16.919287,-10.564859,3.111336,-14.341555,-13.201759,-7.033747,-18.870291,0.000000,214.000000,4.000000,,,,0.000000,4.000000,4.000000,4.000000,4.000000,4.000000,4.000000,4.000000,4.000000,4.000000,4.000000,4.000000,4.000000,4.000000,4.000000,4.000000,4.000000,4.000000,4.000000,2.000000,4.000000,4.000000,4.000000,4.000000,4.000000,4.000000,4.000000,4.000000,4.000000,4.000000,4.000000,4.000000,4.000000,83.333336
1614076773.059471,21.000000,0.000000,-1.503943,-6.564377,-28.893888,-15.815136,-12.241090,-7.597238,-3.824575,-10.111117,-8.171386,-26.469955,-19.909632,-16.657568,-14.419861,-23.416552,-10.037318,34.923157,-11.980102,47.613876,-1.943459,-17.966173,-22.378950,-0.534626,-4.295828,-6.640932,-4.098023,-18.440828,-11.067115,1.056943,-17.916956,-18.316763,-16.257483,-26.030907,0.000000,194.000000,4.000000,,,,0.000000,4.000000,4.000000,4.000000,4.000000,4.000000,4.000000,4.000000,4.000000,4.000000,4.000000,4.000000,4.000000,4.000000,4.000000,4.000000,4.000000,4.000000,4.000000,2.000000,4.000000,4.000000,4.000000,4.000000,4.000000,4.000000,4.000000,4.000000,4.000000,4.000000,4.000000,4.000000,4.000000,83.333336
1614076773.067220,22.000000,0.000000,-0.989619,-9.121915,-33.480381,-20.927525,-15.305772,-12.717846,-6.897674,-14.716391,-8.676035,-25.930666,-20.402542,-16.640911,-12.866980,-20.316212,-9.514460,34.375412,-12.480942,15.258569,-8.608182,-19.486670,-23.382212,3.055653,-3.778712,-6.121470,-4.093925,-18.935209,-10.543227,-0.995396,-16.873400,-15.734344,-15.215584,-33.697186,0.000000,168.000000,4.000000,,,,0.000000,4.000000,4.000000,4.000000,4.000000,4.000000,4.000000,4.000000,4.000000,4.000000,4.000000,4.000000,4.000000,4.000000,4.000000,4.000000,4.000000,4.000000,4.000000,2.000000,4.000000,4.000000,4.000000,4.000000,4.000000,4.000000,4.000000,4.000000,4.000000,4.000000,4.000000,4.000000,4.000000,83.333336
1614076773.075069,23.000000,0.000000,-0.988629,-9.112793,-32.934078,-19.368137,-14.264825,-11.166667,-6.890776,-4.958085,-0.975051,-15.648324,-13.202652,-10.983244,-9.264369,0.729746,-3.351099,34.341038,-11.442821,-4.243869,-9.625215,-11.262054,-20.281906,0.488494,-3.774933,-6.115349,-1.525729,-19.429094,-10.532684,-0.481580,-12.241141,-11.616045,-7.508060,-29.048103,0.000000,218.000000,4.000000,,,,0.000000,4.000000,4.000000,4.000000,4.000000,4.000000,4.000000,4.000000,4.000000,4.000000,4.000000,4.000000,4.000000,4.000000,4.000000,4.000000,4.000000,4.000000,4.000000,2.000000,4.000000,4.000000,4.000000,4.000000,4.000000,4.000000,4.000000,4.000000,4.000000,4.000000,4.000000,4.000000,4.000000,83.333336
1614076773.082818,24.000000,0.000000,-0.987641,-6.539577,-28.798580,-14.220563,-6.558253,-6.027295,-1.242859,8.380207,3.641309,-3.324984,-2.420219,-5.844056,-5.665361,16.113632,2.806098,34.819515,-7.328813,28.580887,1.153641,2.082541,-9.492393,-0.024815,-3.771158,-5.596413,2.578361,-16.845562,-9.496511,2.083004,-8.126336,-2.373660,-4.936450,-17.737003,0.000000,172.000000,4.000000,,,,0.000000,4.000000,4.000000,4.000000,4.000000,4.000000,4.000000,4.000000,4.000000,4.000000,4.000000,4.000000,4.000000,4.000000,4.000000,4.000000,4.000000,4.000000,4.000000,2.000000,4.000000,4.000000,4.000000,4.000000,4.000000,4.000000,4.000000,4.000000,4.000000,4.000000,4.000000,4.000000,4.000000,83.333336
1614076773.090667,25.000000,0.000000,-0.986653,-1.917653,-22.103115,-12.667881,-0.397848,-1.405883,0.296845,9.910288,2.612026,5.909111,0.659125,-4.299750,-5.659696,15.584698,3.316112,40.425724,-4.244561,49.577946,8.844795,5.670202,-2.303414,2.539313,-3.767387,-3.026714,4.627065,-7.597948,-5.897270,3.106562,-4.528466,7.885124,-4.418693,-12.078240,0.000000,220.000000,4.000000,,,,0.000000,4.000000,4.000000,4.000000,4.000000,4.000000,4.000000,4.000000,4.000000,4.000000,4.000000,4.000000,4.000000,4.000000,4.000000,4.000000,4.000000,4.000000,4.000000,2.000000,4.000000,4.000000,4.000000,4.000000,4.000000,4.000000,4.000000,4.000000,4.000000,4.000000,4.000000,4.000000,4.000000,83.333336
1614076773.098416,26.000000,0.000000,-0.985666,1.674008,-14.901525,-12.142393,0.628191,-2.430118,-4.831657,2.208070,2.609414,7.954484,-1.905637,-4.808270,-6.166857,10.440907,1.261514,39.359657,-4.753137,34.656574,7.297489,4.126070,-3.839572,4.588056,-4.276440,-1.998047,3.596797,0.101958,-6.404193,3.103456,-1.959835,8.902880,-1.850172,-13.604624,0.000000,126.000000,4.000000,,,,0.000000,4.000000,4.000000,4.000000,4.000000,4.000000,4.000000,4.000000,4.000000,4.000000,4.000000,4.000000,4.000000,4.000000,4.000000,4.000000,4.000000,4.000000,4.000000,2.000000,4.000000,4.000000,4.000000,4.000000,4.000000,4.000000,4.000000,4.000000,4.000000,4.000000,4.000000,4.000000,4.000000,83.333336
1614076773.106265,27.000000,0.000000,-0.984681,2.185154,-13.348162,-12.130250,0.114742,-9.094355,-6.878108,-1.383881,3.119625,5.382427,0.147551,-4.803463,-5.135049,3.250980,3.311535,24.448502,-4.748384,33.083458,7.803012,4.121944,-4.348553,2.019365,-3.759343,-3.021689,4.106020,0.614677,-7.936251,3.100352,-1.957875,9.406797,-1.848321,-13.591019,0.000000,226.000000,4.000000,,,,0.000000,4.000000,4.000000,4.000000,4.000000,4.000000,4.000000,4.000000,4.000000,4.000000,4.000000,4.000000,4.000000,4.000000,4.000000,4.000000,4.000000,4.000000,4.000000,2.000000,4.000000,4.000000,4.000000,4.000000,4.000000,4.000000,4.000000,4.000000,4.000000,4.000000,4.000000,4.000000,4.000000,83.333336
1614076773.114014,28.000000,0.000000,-0.983696,1.670149,-13.847634,-12.630940,0.627448,-12.162183,-6.871229,-2.408139,3.116506,2.812942,-0.878238,-4.285839,-9.745298,-7.008682,2.795403,15.193284,-5.256456,33.563194,1.128542,-4.087306,-2.805743,-6.700603,-4.268404,-1.993027,4.101914,-0.411579,-0.236007,3.097252,-2.468738,12.987134,-2.359294,-12.551787,0.000000,154.000000,4.000000,,,,0.000000,4.000000,4.000000,4.000000,4.000000,4.000000,4.000000,4.000000,4.000000,4.000000,4.000000,4.000000,4.000000,4.000000,4.000000,4.000000,4.000000,4.000000,4.000000,2.000000,4.000000,4.000000,4.000000,4.000000,4.000000,4.000000,4.000000,4.000000,4.000000,4.000000,4.000000,4.000000,4.000000,83.333336
1614076773.121663,29.000000,0.000000,-0.982712,2.181299,-13.833786,-10.567027,0.114000,-11.124380,-7.889999,-5.995474,2.087748,0.246026,-13.697872,-5.820014,-20.504784,-13.155519,-5.925342,13.126808,-7.815302,1.221938,-19.385406,-16.903732,-4.341399,-8.745185,-4.264136,-1.478213,3.584992,0.101653,11.046280,3.094155,-1.953448,9.897223,-2.356934,-13.052055,0.000000,188.000000,4.000000,,,,0.000000,4.000000,4.000000,4.000000,4.000000,4.000000,4.000000,4.000000,4.000000,4.000000,4.000000,4.000000,4.000000,4.000000,4.000000,4.000000,4.000000,4.000000,4.000000,2.000000,4.000000,4.000000,4.000000,4.000000,4.000000,4.000000,4.000000,4.000000,4.000000,4.000000,4.000000,4.000000,4.000000,83.333336
1614076773.129412,30.000000,0.000000,-0.981730,1.666297,-13.819953,-3.376973,-0.398935,-3.420948,-2.241083,-6.502299,2.598481,-0.779861,-20.350842,-8.378297,-22.535561,-12.629543,-10.021980,13.113682,-9.858769,-14.163899,-16.289099,-11.758622,-2.798596,2.032791,-1.182949,-4.040838,7.683971,0.101551,12.060875,3.091060,-2.464315,8.348866,-2.354577,-14.064645,0.000000,195.000000,4.000000,,,,0.000000,4.000000,4.000000,4.000000,4.000000,4.000000,4.000000,4.000000,4.000000,4.000000,4.000000,4.000000,4.000000,4.000000,4.000000,4.000000,4.000000,4.000000,4.000000,2.000000,4.000000,4.000000,4.000000,4.000000,4.000000,4.000000,4.000000,4.000000,4.000000,4.000000,4.000000,4.000000,4.000000,83.333336
1614076773.137062,31.000000,0.000000,-1.493568,1.664631,-14.318954,-0.296673,0.114285,7.351704,3.915004,-3.418874,2.595882,0.246560,-10.586901,-8.369919,-12.256615,-9.539990,-1.806830,28.998003,-6.259167,18.670778,14.496421,8.765957,6.434972,11.261528,2.920798,1.091408,13.317312,-0.411371,7.946250,3.087970,-2.461851,12.443080,-2.352223,-14.050580,0.000000,167.000000,4.000000,,,,0.000000,4.000000,4.000000,4.000000,4.000000,4.000000,4.000000,4.000000,4.000000,4.000000,4.000000,4.000000,4.000000,4.000000,4.000000,4.000000,4.000000,4.000000,4.000000,2.000000,4.000000,4.000000,4.000000,4.000000,4.000000,4.000000,4.000000,4.000000,4.000000,4.000000,4.000000,4.000000,4.000000,83.333336
1614076773.144811,32.000000,0.000000,-0.979254,1.662966,-14.304634,-3.373300,1.139812,6.318711,-1.217116,-2.902634,2.080466,-0.779328,-4.935288,-3.746164,-5.577692,-5.940707,2.297541,47.430546,0.413759,46.857235,16.533207,15.936678,13.095203,11.250266,3.943518,13.398009,15.868098,-0.410959,7.938304,3.084882,-2.459389,8.328074,-2.349871,-13.523709,8064.000000,0.000000,4.000000,,,,0.000000,4.000000,4.000000,4.000000,4.000000,4.000000,4.000000,4.000000,4.000000,4.000000,4.000000,4.000000,4.000000,4.000000,4.000000,4.000000,4.000000,4.000000,4.000000,2.000000,4.000000,4.000000,4.000000,4.000000,4.000000,4.000000,4.000000,4.000000,4.000000,4.000000,4.000000,4.000000,4.000000,83.333336
1614076773.152460,33.000000,0.000000,-1.491095,1.661303,-14.290330,-5.421208,0.113031,0.671367,-5.318463,0.177191,3.616847,1.272734,-0.827789,3.949890,-5.059294,1.244721,3.833705,46.870293,3.490268,18.092428,-10.662813,5.664331,7.953903,10.213375,3.939575,15.948714,14.826589,-0.410548,8.956007,3.081797,-2.456930,0.627437,-2.347521,-14.535827,8064.000000,0.000000,4.000000,,,,0.000000,4.000000,4.000000,4.000000,4.000000,4.000000,4.000000,4.000000,4.000000,4.000000,4.000000,4.000000,4.000000,4.000000,4.000000,4.000000,4.000000,4.000000,4.000000,2.000000,4.000000,4.000000,4.000000,4.000000,4.000000,4.000000,4.000000,4.000000,4.000000,4.000000,4.000000,4.000000,4.000000,83.333336
1614076773.160209,34.000000,0.000000,-1.489604,1.146821,-14.276039,-4.390146,3.189841,5.286080,1.353522,9.407784,7.715794,12.553513,14.557654,9.074145,0.073971,14.063990,16.650385,55.541370,4.512419,11.920490,-2.447022,7.197128,8.458770,12.254443,3.422815,9.266098,14.298942,-0.922958,7.408589,3.078715,-2.454473,8.831938,-2.857994,-12.470009,8064.000000,0.000000,4.000000,,,,0.000000,4.000000,4.000000,4.000000,4.000000,4.000000,4.000000,4.000000,4.000000,4.000000,4.000000,4.000000,4.000000,4.000000,4.000000,4.000000,4.000000,4.000000,4.000000,2.000000,4.000000,4.000000,4.000000,4.000000,4.000000,4.000000,4.000000,4.000000,4.000000,4.000000,4.000000,4.000000,4.000000,83.333336
1614076773.167858,35.000000,0.000000,1.075988,2.171316,-14.261764,-2.847295,14.468702,14.511563,5.454732,13.500939,10.272182,22.284548,27.363609,10.090713,12.381589,27.383259,31.505529,82.665314,5.533548,44.729084,26.786194,22.574547,20.245182,10.703728,3.932212,8.231192,15.823104,0.103606,7.401180,3.075636,-0.400736,22.669260,-1.316674,-5.278051,8064.000000,0.000000,4.000000,,,,0.000000,4.000000,4.000000,4.000000,4.000000,4.000000,4.000000,4.000000,4.000000,4.000000,4.000000,4.000000,4.000000,4.000000,4.000000,4.000000,4.000000,4.000000,4.000000,2.000000,4.000000,4.000000,4.000000,4.000000,4.000000,4.000000,4.000000,4.000000,4.000000,4.000000,4.000000,4.000000,4.000000,83.333336
1614076773.175607,36.000000,0.000000,4.664655,5.246068,-14.247501,-1.305986,15.992695,16.035513,4.423637,14.000259,11.287550,23.287905,28.361887,11.106262,13.907669,32.484081,34.038124,90.274963,7.579296,49.299740,21.631203,20.500690,21.763399,10.180203,6.492383,12.325524,17.858562,2.154784,9.957882,3.072561,0.625305,24.697872,1.248745,1.393893,8064.000000,0.000000,4.000000,,,,0.000000,4.000000,4.000000,4.000000,4.000000,4.000000,4.000000,4.000000,4.000000,4.000000,4.000000,4.000000,4.000000,4.000000,4.000000,4.000000,4.000000,4.000000,4.000000,2.000000,4.000000,4.000000,4.000000,4.000000,4.000000,4.000000,4.000000,4.000000,4.000000,4.000000,4.000000,4.000000,4.000000,83.333336
1614076773.183256,37.000000,0.000000,6.711273,4.728001,-13.720433,-1.304680,-1.972016,10.378452,4.932034,12.447798,9.737801,15.572309,19.615576,9.556695,-5.080597,20.656725,21.696396,65.056480,6.546076,26.686337,2.122392,2.018651,6.869841,14.785408,6.485890,12.826019,17.327885,3.691091,11.486385,3.069488,0.624680,20.570610,1.760317,1.905320,8064.000000,0.000000,4.000000,,,,0.000000,4.000000,4.000000,4.000000,4.000000,4.000000,4.000000,4.000000,4.000000,4.000000,4.000000,4.000000,4.000000,4.000000,4.000000,4.000000,4.000000,4.000000,4.000000,2.000000,4.000000,4.000000,4.000000,4.000000,4.000000,4.000000,4.000000,4.000000,4.000000,4.000000,4.000000,4.000000,4.000000,83.333336
1614076773.191006,38.000000,0.000000,6.704562,1.646350,-15.757995,-1.303375,-18.893120,-1.426798,-1.226745,-1.410804,0.497294,-1.366340,-0.916860,-1.734913,-27.126799,-6.030599,-5.504788,32.683731,-1.665598,11.787854,-3.520756,-8.239779,-1.854977,10.155237,1.351199,12.300373,14.746453,3.174579,11.474899,3.066418,2.675338,19.011580,1.245736,-1.686329,8064.000000,0.000000,4.000000,,,,0.000000,4.000000,4.000000,4.000000,4.000000,4.000000,4.000000,4.000000,4.000000,4.000000,4.000000,4.000000,4.000000,4.000000,4.000000,4.000000,4.000000,4.000000,4.000000,2.000000,4.000000,4.000000,4.000000,4.000000,4.000000,4.000000,4.000000,4.000000,4.000000,4.000000,4.000000,4.000000,4.000000,83.333336
1614076773.198655,39.000000,0.000000,5.672216,1.131883,-17.793520,-1.302072,-24.002432,-11.168962,-13.020390,-16.794008,-11.298076,-20.852154,-20.403122,-12.502409,-32.227879,-23.973286,-20.371078,15.215150,-10.381882,5.109400,1.610970,-7.205898,-0.827482,-2.162610,-1.214254,9.723969,14.218886,3.684225,11.463424,3.063352,-0.404261,15.402823,1.244490,-5.787207,8064.000000,0.000000,4.000000,,,,0.000000,4.000000,4.000000,4.000000,4.000000,4.000000,4.000000,4.000000,4.000000,4.000000,4.000000,4.000000,4.000000,4.000000,4.000000,4.000000,4.000000,4.000000,4.000000,2.000000,4.000000,4.000000,4.000000,4.000000,4.000000,4.000000,4.000000,4.000000,4.000000,4.000000,4.000000,4.000000,4.000000,83.333336
1614076773.206404,40.000000,0.000000,3.615262,1.643572,-18.801367,-1.300770,-22.439968,-13.209074,-16.597113,-12.674650,-14.363700,-28.523609,-24.485283,-13.515548,-28.093086,-23.949312,-7.530195,31.097370,-7.294577,17.924803,14.429872,-6.685871,-0.313834,-1.134806,-0.187399,6.124502,14.717488,2.654900,11.451961,3.573109,-7.583344,10.259215,1.243246,-7.319881,8064.000000,0.000000,4.000000,,,,0.000000,4.000000,4.000000,4.000000,4.000000,4.000000,4.000000,4.000000,4.000000,4.000000,4.000000,4.000000,4.000000,4.000000,4.000000,4.000000,4.000000,4.000000,4.000000,2.000000,4.000000,4.000000,4.000000,4.000000,4.000000,4.000000,4.000000,4.000000,4.000000,4.000000,4.000000,4.000000,4.000000,83.333336
1614076773.214053,41.000000,0.000000,2.073185,1.641928,-18.269745,-1.812289,-14.725221,-12.683044,-15.042054,-5.995309,-11.785234,-23.879700,-23.947977,-11.963571,-29.090633,-22.386902,-5.471383,31.066273,-2.159077,25.599186,11.851339,-8.217647,-1.339161,11.686841,-0.187212,4.579916,14.189950,3.165066,11.440509,2.031075,-1.421914,8.197675,1.242002,-5.261279,8064.000000,0.000000,4.000000,,,,0.000000,4.000000,4.000000,4.000000,4.000000,4.000000,4.000000,4.000000,4.000000,4.000000,4.000000,4.000000,4.000000,4.000000,4.000000,4.000000,4.000000,4.000000,4.000000,2.000000,4.000000,4.000000,4.000000,4.000000,4.000000,4.000000,4.000000,4.000000,4.000000,4.000000,4.000000,4.000000,4.000000,83.333336
1614076773.221802,42.000000,0.000000,2.583932,1.640286,-17.225834,-1.297657,-4.966906,-12.670362,-14.001371,-14.707263,-13.311911,-20.266077,-24.436850,-12.977248,-30.087183,-25.954258,-20.850527,7.958284,-5.746661,-1.093079,-11.750256,-8.722250,-1.337822,15.264898,-0.699845,5.088157,14.688581,6.238823,11.941889,-0.022239,9.348739,10.240759,1.240761,-2.691915,8064.000000,0.000000,4.000000,,,,0.000000,4.000000,4.000000,4.000000,4.000000,4.000000,4.000000,4.000000,4.000000,4.000000,4.000000,4.000000,4.000000,4.000000,4.000000,4.000000,4.000000,4.000000,4.000000,2.000000,4.000000,4.000000,4.000000,4.000000,4.000000,4.000000,4.000000,4.000000,4.000000,4.000000,4.000000,4.000000,4.000000,83.333336
1614076773.229451,43.000000,0.000000,2.581348,1.638646,-18.234249,-1.809179,-3.423478,-9.580769,-15.525831,-16.743837,-13.811419,-19.732990,-17.745747,-12.964271,-24.416071,-18.235996,-10.573266,24.360582,-6.766556,-6.220191,-8.148762,-2.046861,-0.823663,14.223992,-0.186325,5.083068,14.673892,4.181303,9.365845,-1.047857,0.108620,12.281800,1.239520,-3.202044,8064.000000,0.000000,4.000000,,,,0.000000,4.000000,4.000000,4.000000,4.000000,4.000000,4.000000,4.000000,4.000000,4.000000,4.000000,4.000000,4.000000,4.000000,4.000000,4.000000,4.000000,4.000000,4.000000,2.000000,4.000000,4.000000,4.000000,4.000000,4.000000,4.000000,4.000000,4.000000,4.000000,4.000000,4.000000,4.000000,4.000000,83.333336
1614076773.237300,44.000000,0.000000,2.578767,1.637007,-19.241655,-1.807370,-2.394413,-3.417341,-14.997485,-1.855299,-3.028377,-10.482489,-7.471591,-8.848742,-16.186527,-1.807504,14.052692,57.156734,0.419698,24.555260,16.987593,6.673135,5.331007,14.722589,-0.186138,5.077986,13.633577,-0.951084,4.741094,-0.533989,-13.737642,10.731057,1.238280,-1.660380,8064.000000,0.000000,4.000000,,,,0.000000,4.000000,4.000000,4.000000,4.000000,4.000000,4.000000,4.000000,4.000000,4.000000,4.000000,4.000000,4.000000,4.000000,4.000000,4.000000,4.000000,4.000000,4.000000,2.000000,4.000000,4.000000,4.000000,4.000000,4.000000,4.000000,4.000000,4.000000,4.000000,4.000000,4.000000,4.000000,4.000000,83.333336
1614076773.245049,45.000000,0.000000,2.576188,2.148191,-8.453183,1.784181,5.300289,6.329666,-1.649154,7.377326,13.384908,5.938251,1.253830,-2.686048,-6.939571,7.425072,18.141203,52.997013,2.983381,26.069166,14.919322,8.204924,10.966702,9.579661,-0.185952,5.072907,15.158405,2.126790,3.710712,-0.533455,-7.057238,12.258787,1.237042,3.469485,8064.000000,0.000000,4.000000,,,,0.000000,4.000000,4.000000,4.000000,4.000000,4.000000,4.000000,4.000000,4.000000,4.000000,4.000000,4.000000,4.000000,4.000000,4.000000,4.000000,4.000000,4.000000,4.000000,2.000000,4.000000,4.000000,4.000000,4.000000,4.000000,4.000000,4.000000,4.000000,4.000000,4.000000,4.000000,4.000000,4.000000,83.333336
1614076773.252898,46.000000,0.000000,2.573612,2.146043,3.862962,6.910602,9.397552,15.041285,14.762752,5.831487,20.038189,13.624620,8.944883,1.932023,0.246856,8.956109,20.174345,61.661964,3.493218,21.940533,8.750557,8.709538,9.417273,3.929056,-0.185766,5.067835,18.220171,7.252869,4.219821,-0.532922,3.206230,16.349092,1.235805,5.517298,8064.000000,0.000000,4.000000,,,,0.000000,4.000000,4.000000,4.000000,4.000000,4.000000,4.000000,4.000000,4.000000,4.000000,4.000000,4.000000,4.000000,4.000000,4.000000,4.000000,4.000000,4.000000,4.000000,2.000000,4.000000,4.000000,4.000000,4.000000,4.000000,4.000000,4.000000,4.000000,4.000000,4.000000,4.000000,4.000000,4.000000,83.333336
1614076773.260647,47.000000,0.000000,2.571038,1.631076,-1.781927,5.878050,7.336873,14.513423,13.209527,5.825655,17.454048,12.072534,10.987221,2.955732,2.810712,10.485614,26.308016,82.113121,8.617930,43.969875,20.536678,8.188008,7.356574,5.463588,-0.185580,5.062767,14.099386,4.681513,3.702781,-0.532389,0.638921,12.230180,1.234569,-0.129245,8064.000000,0.000000,4.000000,,,,0.000000,4.000000,4.000000,4.000000,4.000000,4.000000,4.000000,4.000000,4.000000,4.000000,4.000000,4.000000,4.000000,4.000000,4.000000,4.000000,4.000000,4.000000,4.000000,2.000000,4.000000,4.000000,4.000000,4.000000,4.000000,4.000000,4.000000,4.000000,4.000000,4.000000,4.000000,4.000000,4.000000,83.333336
1614076773.268496,48.000000,0.000000,3.081288,2.142265,-10.498094,2.795249,7.329536,13.986089,4.478369,5.307009,17.436596,11.034821,10.976233,2.439956,1.782260,7.398206,12.435555,49.723320,5.532389,32.643852,10.259731,-3.102231,5.297935,4.432484,-0.185395,5.570525,11.521184,2.625550,3.699078,-0.531856,-3.464282,8.628205,1.233335,-3.206039,8064.000000,0.000000,4.000000,,,,0.000000,4.000000,4.000000,4.000000,4.000000,4.000000,4.000000,4.000000,4.000000,4.000000,4.000000,4.000000,4.000000,4.000000,4.000000,4.000000,4.000000,4.000000,4.000000,2.000000,4.000000,4.000000,4.000000,4.000000,4.000000,4.000000,4.000000,4.000000,4.000000,4.000000,4.000000,4.000000,4.000000,83.333336
1614076773.276245,49.000000,0.000000,1.539745,2.140123,-4.333749,2.792454,7.835027,16.023384,4.473890,0.686318,19.470440,13.075068,11.478078,2.437516,1.780478,0.724141,-1.423035,24.545389,-3.703913,6.457363,-9.750528,-14.894000,0.677252,2.889590,-0.185209,4.026493,16.637867,6.212667,5.746661,-0.531324,-2.435177,14.773423,1.744922,1.925372,8064.000000,0.000000,4.000000,,,,0.000000,4.000000,4.000000,4.000000,4.000000,4.000000,4.000000,4.000000,4.000000,4.000000,4.000000,4.000000,4.000000,4.000000,4.000000,4.000000,4.000000,4.000000,4.000000,2.000000,4.000000,4.000000,4.000000,4.000000,4.000000,4.000000,4.000000,4.000000,4.000000,4.000000,4.000000,4.000000,4.000000,83.333336
1614076773.284094,50.000000,0.000000,-1.025897,-2.477402,-3.303774,1.764020,7.827192,8.315054,1.905314,-1.365651,13.297124,9.472249,6.338395,3.460719,1.778697,-0.815045,6.783516,57.341358,-1.648927,28.502188,1.541273,-9.750901,0.163755,3.912341,0.327796,1.971184,17.646872,5.693635,3.176812,-0.530793,-2.945562,15.271471,1.230356,2.436268,8064.000000,0.000000,4.000000,,,,0.000000,4.000000,4.000000,4.000000,4.000000,4.000000,4.000000,4.000000,4.000000,4.000000,4.000000,4.000000,4.000000,4.000000,4.000000,4.000000,4.000000,4.000000,4.000000,2.000000,4.000000,4.000000,4.000000,4.000000,4.000000,4.000000,4.000000,4.000000,4.000000,4.000000,4.000000,4.000000,4.000000,83.333336
1614076773.291843,51.000000,0.000000,-1.024871,-9.141591,-16.120983,-2.340308,7.306545,-5.026595,-7.840181,-3.928388,-0.049507,-0.793634,-3.411533,2.431617,2.289739,-0.814230,14.469041,83.437859,3.993748,41.807018,15.385886,-3.074483,-0.862050,2.369967,-0.185352,1.456392,11.475378,0.046915,4.712097,-0.017442,-6.019540,2.948507,-0.822156,-10.386682,8064.000000,0.000000,4.000000,,,,0.000000,4.000000,4.000000,4.000000,4.000000,4.000000,4.000000,4.000000,4.000000,4.000000,4.000000,4.000000,4.000000,4.000000,4.000000,4.000000,4.000000,4.000000,4.000000,2.000000,4.000000,4.000000,4.000000,4.000000,4.000000,4.000000,4.000000,4.000000,4.000000,4.000000,4.000000,4.000000,4.000000,83.333336
1614076773.299692,52.000000,0.000000,-1.023847,-10.158091,-19.694607,-5.927711,6.786417,-10.149773,-11.934905,-7.001382,-5.177662,-6.433866,-6.485045,2.429186,1.261808,-0.300595,12.403290,55.662117,1.938472,18.688288,6.139730,-4.097050,-1.374009,5.444520,-0.697987,1.454936,9.925441,-1.491593,13.425334,-0.530245,-6.526340,-0.131365,-2.872616,-18.068604,8064.000000,0.000000,4.000000,,,,0.000000,4.000000,4.000000,4.000000,4.000000,4.000000,4.000000,4.000000,4.000000,4.000000,4.000000,4.000000,4.000000,4.000000,4.000000,4.000000,4.000000,4.000000,4.000000,2.000000,4.000000,4.000000,4.000000,4.000000,4.000000,4.000000,4.000000,4.000000,4.000000,4.000000,4.000000,4.000000,4.000000,83.333336
1614076773.307442,53.000000,0.000000,-1.535643,-7.071009,-10.956963,-5.408963,7.292452,-9.626802,-10.384508,-2.891817,2.007003,-2.324867,-0.324714,4.990860,1.260546,4.315090,11.878065,33.555172,2.962175,19.182421,4.595129,3.086534,9.909417,20.310871,3.405275,1.453481,15.556541,0.561180,12.899088,-1.042535,-1.391609,11.150818,-2.356923,-11.383867,8064.000000,0.000000,4.000000,,,,0.000000,4.000000,4.000000,4.000000,4.000000,4.000000,4.000000,4.000000,4.000000,4.000000,4.000000,4.000000,4.000000,4.000000,4.000000,4.000000,4.000000,4.000000,4.000000,2.000000,4.000000,4.000000,4.000000,4.000000,4.000000,4.000000,4.000000,4.000000,4.000000,4.000000,4.000000,4.000000,4.000000,83.333336
1614076773.315290,54.000000,0.000000,0.004354,-5.525476,-11.458826,-4.377913,7.285159,-8.078714,-10.374124,1.213639,6.107560,0.754380,4.803816,7.037150,2.797747,8.413339,10.327726,24.803669,7.061777,31.983751,13.821303,16.416780,18.104635,26.444407,3.914690,1.452027,11.951241,-2.003483,-0.447145,1.009789,0.661065,8.062744,-1.841745,-12.398125,8064.000000,0.000000,4.000000,,,,0.000000,4.000000,4.000000,4.000000,4.000000,4.000000,4.000000,4.000000,4.000000,4.000000,4.000000,4.000000,4.000000,4.000000,4.000000,4.000000,4.000000,4.000000,4.000000,2.000000,4.000000,4.000000,4.000000,4.000000,4.000000,4.000000,4.000000,4.000000,4.000000,4.000000,4.000000,4.000000,4.000000,83.333336
1614076773.323040,55.000000,0.000000,-2.046932,-5.519951,-20.165316,-5.399176,4.713771,-8.583456,-10.363750,-6.479882,0.973247,-4.887400,0.696448,3.953190,1.256488,6.866464,8.266116,20.676300,1.413689,19.131254,7.653636,13.323442,3.214736,11.546166,-5.832814,1.450575,-3.445326,-10.719429,-7.626185,-1.555323,-10.108828,-14.509421,-3.378365,-26.231880,8064.000000,0.000000,4.000000,,,,0.000000,4.000000,4.000000,4.000000,4.000000,4.000000,4.000000,4.000000,4.000000,4.000000,4.000000,4.000000,4.000000,4.000000,4.000000,4.000000,4.000000,4.000000,4.000000,2.000000,4.000000,4.000000,4.000000,4.000000,4.000000,4.000000,4.000000,4.000000,4.000000,4.000000,4.000000,4.000000,4.000000,83.333336
1614076773.330889,56.000000,0.000000,-8.198731,-5.514431,-20.145151,-6.932239,4.709058,-10.113335,-10.353386,-14.165710,-2.104649,-8.985076,-5.458095,-1.691789,-7.462717,3.782675,5.693748,31.424854,-7.305673,-0.375056,-7.738633,-1.048857,-12.685915,-1.798713,-11.980827,-1.114978,-12.672649,-18.401016,-6.592917,-10.271716,-20.867949,-22.187220,-7.990372,-33.385136,8064.000000,0.000000,4.000000,,,,0.000000,4.000000,4.000000,4.000000,4.000000,4.000000,4.000000,4.000000,4.000000,4.000000,4.000000,4.000000,4.000000,4.000000,4.000000,4.000000,4.000000,4.000000,4.000000,2.000000,4.000000,4.000000,4.000000,4.000000,4.000000,4.000000,4.000000,4.000000,4.000000,4.000000,4.000000,4.000000,4.000000,83.333336
1614076773.338638,57.000000,0.000000,-6.139251,-4.483276,-11.919878,-5.899665,7.268451,0.153189,-10.855853,-7.484878,5.589763,1.793139,3.265312,-1.690097,-8.993716,6.855815,4.662413,46.778046,-4.221445,2.189422,-5.679612,-2.073449,-7.545023,0.254368,-7.353462,-3.165145,-5.480490,-18.895437,-6.586325,-14.364009,-21.359901,-7.806058,-9.008022,-29.249186,8064.000000,0.000000,4.000000,,,,0.000000,4.000000,4.000000,4.000000,4.000000,4.000000,4.000000,4.000000,4.000000,4.000000,4.000000,4.000000,4.000000,4.000000,4.000000,4.000000,4.000000,4.000000,4.000000,2.000000,4.000000,4.000000,4.000000,4.000000,4.000000,4.000000,4.000000,4.000000,4.000000,4.000000,4.000000,4.000000,4.000000,83.333336
1614076773.346287,58.000000,0.000000,2.584837,-2.427510,-8.831035,-0.252740,10.850926,18.101753,-8.280895,2.779017,13.789302,13.073398,16.082560,2.926978,-3.856517,15.566908,11.324417,61.603062,1.423802,30.905180,12.787605,5.620933,-1.383632,7.946421,-3.756365,0.427764,1.704478,-15.799618,-4.015636,-11.785542,-19.800081,2.970979,-5.409271,-24.604553,8064.000000,0.000000,4.000000,,,,0.000000,4.000000,4.000000,4.000000,4.000000,4.000000,4.000000,4.000000,4.000000,4.000000,4.000000,4.000000,4.000000,4.000000,4.000000,4.000000,4.000000,4.000000,4.000000,2.000000,4.000000,4.000000,4.000000,4.000000,4.000000,4.000000,4.000000,4.000000,4.000000,4.000000,4.000000,4.000000,4.000000,83.333336
1614076773.354036,59.000000,0.000000,1.556611,-0.886621,-10.360665,0.260333,13.916999,18.596474,-7.759793,-0.813505,9.672948,3.316735,3.758785,-0.665693,-12.057789,6.833392,6.184887,53.336330,-5.244288,38.053764,10.723536,-7.205201,-9.587377,4.348731,-8.367993,1.965798,-3.425431,-14.758177,-5.550082,-10.748116,-20.805922,0.403905,-8.480784,-20.990204,8064.000000,0.000000,4.000000,,,,0.000000,4.000000,4.000000,4.000000,4.000000,4.000000,4.000000,4.000000,4.000000,4.000000,4.000000,4.000000,4.000000,4.000000,4.000000,4.000000,4.000000,4.000000,4.000000,2.000000,4.000000,4.000000,4.000000,4.000000,4.000000,4.000000,4.000000,4.000000,4.000000,4.000000,4.000000,4.000000,4.000000,83.333336
1614076773.361685,60.000000,0.000000,-6.650074,-2.424196,-13.427228,-8.457875,5.697953,4.731722,-12.367418,-14.658846,-0.080315,-16.173761,-23.424461,-11.434258,-32.558552,-21.891390,-24.077707,20.975302,-19.598019,5.708017,-18.005136,-33.864662,-21.885483,-12.065874,-11.436548,-7.779758,-7.524570,-15.256240,-16.826582,-11.763008,-20.785116,-0.109319,-16.164612,-19.943573,8064.000000,0.000000,4.000000,,,,0.000000,4.000000,4.000000,4.000000,4.000000,4.000000,4.000000,4.000000,4.000000,4.000000,4.000000,4.000000,4.000000,4.000000,4.000000,4.000000,4.000000,4.000000,4.000000,2.000000,4.000000,4.000000,4.000000,4.000000,4.000000,4.000000,4.000000,4.000000,4.000000,4.000000,4.000000,4.000000,4.000000,83.333336
1614076773.369434,61.000000,0.000000,-9.207526,-4.985875,-18.542006,-17.680187,-12.769283,-2.452497,-14.919153,-21.823673,-2.131516,-21.798615,-32.631805,-16.551029,-40.731121,-37.766933,-39.951065,1.979968,-24.193804,-15.836153,-28.243542,-43.574387,-26.478981,-21.284576,-11.425112,-18.028389,-5.978584,-15.240983,-20.399500,-11.238425,-20.764330,2.454893,-17.686909,-21.974911,8064.000000,0.000000,4.000000,,,,0.000000,4.000000,4.000000,4.000000,4.000000,4.000000,4.000000,4.000000,4.000000,4.000000,4.000000,4.000000,4.000000,4.000000,4.000000,4.000000,4.000000,4.000000,4.000000,2.000000,4.000000,4.000000,4.000000,4.000000,4.000000,4.000000,4.000000,4.000000,4.000000,4.000000,4.000000,4.000000,4.000000,83.333336
1614076773.377083,62.000000,0.000000,-7.659857,-5.493709,-21.600386,-20.739429,-24.551386,-7.578249,-13.365772,-14.109543,-0.590923,-24.340918,-29.522251,-16.021658,-35.562183,-37.216347,-22.988037,34.798500,-21.092688,17.000196,-10.266580,-36.351326,-25.426861,-17.673550,-10.388046,-17.497540,-9.562349,-15.225742,-15.250896,-11.227186,-20.743567,-1.650126,-16.130760,-24.004219,8064.000000,0.000000,4.000000,,,,0.000000,4.000000,4.000000,4.000000,4.000000,4.000000,4.000000,4.000000,4.000000,4.000000,4.000000,4.000000,4.000000,4.000000,4.000000,4.000000,4.000000,4.000000,4.000000,2.000000,4.000000,4.000000,4.000000,4.000000,4.000000,4.000000,4.000000,4.000000,4.000000,4.000000,4.000000,4.000000,4.000000,83.333336
1614076773.384832,63.000000,0.000000,-9.190659,-5.488215,-21.065966,-20.205870,-22.988373,-11.673235,-13.865228,-4.351843,-1.103153,-29.957602,-30.518370,-17.031277,-28.347136,-37.691952,-13.221460,27.584215,-21.071594,9.290888,-1.025544,-27.084206,-23.862972,-15.604593,-10.890478,-16.967222,-14.680992,-15.210517,-14.722824,-11.215960,-20.210001,-5.751040,-18.165911,-24.493034,8064.000000,0.000000,4.000000,,,,0.000000,4.000000,4.000000,4.000000,4.000000,4.000000,4.000000,4.000000,4.000000,4.000000,4.000000,4.000000,4.000000,4.000000,4.000000,4.000000,4.000000,4.000000,4.000000,2.000000,4.000000,4.000000,4.000000,4.000000,4.000000,4.000000,4.000000,4.000000,4.000000,4.000000,4.000000,4.000000,4.000000,83.333336
1614076773.392482,64.000000,0.000000,-7.643006,-5.995548,-18.993618,-14.544639,-16.811539,-7.046177,-14.364182,-1.270568,-2.127691,-21.209696,-22.795544,-11.373219,-17.549557,-26.372208,-10.644136,-2.699779,-13.358215,-23.026094,-4.614262,-12.185327,-17.172443,-5.845399,-11.905229,-17.975895,-8.512465,-15.195306,-12.656819,-11.204743,-21.215433,-7.283751,-15.583643,-23.442902,0.000000,192.000000,4.000000,,,,0.000000,4.000000,4.000000,4.000000,4.000000,4.000000,4.000000,4.000000,4.000000,4.000000,4.000000,4.000000,4.000000,4.000000,4.000000,4.000000,4.000000,4.000000,4.000000,2.000000,4.000000,4.000000,4.000000,4.000000,4.000000,4.000000,4.000000,4.000000,4.000000,4.000000,4.000000,4.000000,4.000000,83.333336
1614076773.400231,65.000000,0.000000,-0.455876,-4.963912,-17.948982,-6.324965,-8.589599,-1.398105,-9.734434,-1.782118,-1.612743,-3.239768,-4.824030,2.484308,-5.224316,-1.730451,10.904969,30.123434,5.629501,9.817444,0.518557,4.749936,-3.821937,14.160446,-9.329221,-9.239970,-0.811645,-15.180111,-8.028777,-11.706359,-20.168577,-7.789288,-8.388572,-24.957920,0.000000,170.000000,4.000000,,,,0.000000,4.000000,4.000000,4.000000,4.000000,4.000000,4.000000,4.000000,4.000000,4.000000,4.000000,4.000000,4.000000,4.000000,4.000000,4.000000,4.000000,4.000000,4.000000,2.000000,4.000000,4.000000,4.000000,4.000000,4.000000,4.000000,4.000000,4.000000,4.000000,4.000000,4.000000,4.000000,4.000000,83.333336
1614076773.407880,66.000000,0.000000,3.647144,-2.907665,-17.931034,-4.780179,-2.427163,-1.909528,-6.134956,-3.831618,-2.123950,1.378856,0.821820,8.122849,-3.680630,3.912305,20.124834,61.888184,9.213615,39.551216,6.159064,10.386211,4.387013,18.761671,-4.704507,0.512859,0.214808,-12.600828,-6.995108,-10.669012,-13.994562,-3.166114,-5.816081,-24.932962,0.000000,187.000000,4.000000,,,,0.000000,4.000000,4.000000,4.000000,4.000000,4.000000,4.000000,4.000000,4.000000,4.000000,4.000000,4.000000,4.000000,4.000000,4.000000,4.000000,4.000000,4.000000,4.000000,2.000000,4.000000,4.000000,4.000000,4.000000,4.000000,4.000000,4.000000,4.000000,4.000000,4.000000,4.000000,4.000000,4.000000,83.333336
1614076773.415629,67.000000,0.000000,2.617856,-1.366296,-17.913103,-8.365143,-3.450377,-0.881977,-6.128821,-4.853427,-1.096185,-3.750728,-7.896951,4.012162,-10.856437,-13.527505,-6.049137,29.518600,-4.128932,7.203973,1.537521,8.837363,1.818523,8.999319,-3.161341,2.050808,5.342798,-4.383099,-1.859908,-6.042958,-4.749798,8.119103,-5.297444,-16.190081,0.000000,209.000000,4.000000,,,,0.000000,4.000000,4.000000,4.000000,4.000000,4.000000,4.000000,4.000000,4.000000,4.000000,4.000000,4.000000,4.000000,4.000000,4.000000,4.000000,4.000000,4.000000,4.000000,2.000000,4.000000,4.000000,4.000000,4.000000,4.000000,4.000000,4.000000,4.000000,4.000000,4.000000,4.000000,4.000000,4.000000,83.333336
1614076773.423278,68.000000,0.000000,2.615238,-1.877750,-16.869549,-8.869597,-3.446926,-1.393916,-6.635513,-5.361394,-0.582269,-9.900824,-10.965977,2.469688,-15.973785,-22.744747,-21.427704,10.514724,-9.253008,5.145487,0.510342,3.700321,0.278243,6.426217,-3.671000,3.074398,10.978481,3.313592,9.424004,-2.959992,0.383157,14.264831,-2.728044,-4.379018,0.000000,188.000000,4.000000,,,,0.000000,4.000000,4.000000,4.000000,4.000000,4.000000,4.000000,4.000000,4.000000,4.000000,4.000000,4.000000,4.000000,4.000000,4.000000,4.000000,4.000000,4.000000,4.000000,2.000000,4.000000,4.000000,4.000000,4.000000,4.000000,4.000000,4.000000,4.000000,4.000000,4.000000,4.000000,4.000000,4.000000,83.333336
1614076773.431027,69.000000,0.000000,3.125443,-1.875873,-14.801397,-7.835087,1.171905,-0.366881,-6.628877,-5.868854,-1.607327,-12.455025,-10.955011,3.492860,-16.470633,-20.670719,-13.201147,43.324722,-7.192472,35.396751,1.022652,-7.585431,-0.234855,8.471073,-3.667329,8.199529,10.967503,4.335919,11.978683,-3.982673,1.921235,10.660823,-2.212495,-1.810537,0.000000,198.000000,4.000000,,,,0.000000,4.000000,4.000000,4.000000,4.000000,4.000000,4.000000,4.000000,4.000000,4.000000,4.000000,4.000000,4.000000,4.000000,4.000000,4.000000,4.000000,4.000000,4.000000,2.000000,4.000000,4.000000,4.000000,4.000000,4.000000,4.000000,4.000000,4.000000,4.000000,4.000000,4.000000,4.000000,4.000000,83.333336
1614076773.438676,70.000000,0.000000,2.609497,-0.848356,-7.607109,-5.263150,5.273298,9.889896,-6.109428,-4.324523,1.984024,-6.801544,-11.969697,2.976546,-16.454161,-22.188511,-14.726408,40.204475,-11.800665,13.822893,-8.209140,-20.911179,-3.311544,6.924140,-3.663662,8.191329,18.648844,3.305942,7.864140,-3.978690,1.919314,13.214264,-0.159001,-0.270264,0.000000,203.000000,4.000000,,,,0.000000,4.000000,4.000000,4.000000,4.000000,4.000000,4.000000,4.000000,4.000000,4.000000,4.000000,4.000000,4.000000,4.000000,4.000000,4.000000,4.000000,4.000000,4.000000,2.000000,4.000000,4.000000,4.000000,4.000000,4.000000,4.000000,4.000000,4.000000,4.000000,4.000000,4.000000,4.000000,4.000000,83.333336
1614076773.446525,71.000000,0.000000,2.606888,0.690954,2.656909,-0.129681,4.242383,20.136417,-4.052036,2.859288,11.725629,-0.640897,-1.188497,2.460749,-16.437708,-20.627861,-19.839886,7.856577,-11.276044,2.527019,-12.816315,-21.403088,-1.256950,6.404396,-3.659998,5.619035,27.348143,4.841098,7.856276,-3.461891,1.917395,20.380537,7.020645,4.858211,0.000000,173.000000,4.000000,,,,0.000000,4.000000,4.000000,4.000000,4.000000,4.000000,4.000000,4.000000,4.000000,4.000000,4.000000,4.000000,4.000000,4.000000,4.000000,4.000000,4.000000,4.000000,4.000000,2.000000,4.000000,4.000000,4.000000,4.000000,4.000000,4.000000,4.000000,4.000000,4.000000,4.000000,4.000000,4.000000,4.000000,83.333336
1614076773.454274,72.000000,0.000000,2.604281,2.228725,6.243996,2.434551,3.725320,21.141922,-3.022343,10.548737,15.303647,0.898206,13.171666,1.945468,-13.857167,-8.299541,-2.896970,40.669235,-3.059639,35.345005,-0.495806,-8.048351,4.898153,6.910812,-1.605056,5.100596,19.628487,2.784975,7.335598,-3.971250,1.915478,15.231952,9.577727,5.878994,0.000000,192.000000,4.000000,,,,0.000000,4.000000,4.000000,4.000000,4.000000,4.000000,4.000000,4.000000,4.000000,4.000000,4.000000,4.000000,4.000000,4.000000,4.000000,4.000000,4.000000,4.000000,4.000000,2.000000,4.000000,4.000000,4.000000,4.000000,4.000000,4.000000,4.000000,4.000000,4.000000,4.000000,4.000000,4.000000,4.000000,83.333336
1614076773.462123,73.000000,0.000000,2.601676,1.200855,1.622367,3.457757,2.695954,17.018215,-4.044962,8.999726,7.083215,0.897308,9.055930,2.456343,-12.304848,2.477990,15.054646,73.449074,-0.492477,46.078892,10.786740,4.780210,8.482999,6.903901,-0.064990,5.095495,10.378089,-4.397297,4.251340,-3.967279,0.887921,2.909027,5.465585,3.821833,0.000000,197.000000,4.000000,,,,0.000000,4.000000,4.000000,4.000000,4.000000,4.000000,4.000000,4.000000,4.000000,4.000000,4.000000,4.000000,4.000000,4.000000,4.000000,4.000000,4.000000,4.000000,4.000000,2.000000,4.000000,4.000000,4.000000,4.000000,4.000000,4.000000,4.000000,4.000000,4.000000,4.000000,4.000000,4.000000,4.000000,83.333336
1614076773.469873,74.000000,0.000000,2.599075,-2.390090,-5.558743,3.454300,-7.050332,3.667864,-5.579379,-1.778504,-5.231560,-8.847179,-4.799279,3.479528,-11.779723,-2.139873,12.988308,41.067936,0.020836,15.776402,4.109287,9.390814,8.474516,6.896997,0.447896,5.090400,6.777967,-7.982644,4.247088,-3.963311,1.912674,-0.170805,4.947299,0.228267,0.000000,215.000000,4.000000,,,,0.000000,4.000000,4.000000,4.000000,4.000000,4.000000,4.000000,4.000000,4.000000,4.000000,4.000000,4.000000,4.000000,4.000000,4.000000,4.000000,4.000000,4.000000,4.000000,2.000000,4.000000,4.000000,4.000000,4.000000,4.000000,4.000000,4.000000,4.000000,4.000000,4.000000,4.000000,4.000000,4.000000,83.333336
1614076773.477722,75.000000,0.000000,2.596476,-5.464622,-14.783954,-2.190180,-21.402256,-13.258881,-8.137901,-8.956213,-12.405816,-23.710127,-8.897044,2.450407,-13.306405,-11.881322,5.795833,8.719175,4.636199,0.888830,-9.228155,8.355783,3.337836,6.890100,-0.065373,6.110950,-6.049323,-7.974661,4.755662,-3.959348,0.372300,-2.734737,5.455173,-9.515551,0.000000,213.000000,4.000000,,,,0.000000,4.000000,4.000000,4.000000,4.000000,4.000000,4.000000,4.000000,4.000000,4.000000,4.000000,4.000000,4.000000,4.000000,4.000000,4.000000,4.000000,4.000000,4.000000,2.000000,4.000000,4.000000,4.000000,4.000000,4.000000,4.000000,4.000000,4.000000,4.000000,4.000000,4.000000,4.000000,4.000000,83.333336
1614076773.485471,76.000000,0.000000,2.593879,-6.997619,-22.461477,-8.854657,-24.970596,-14.271263,-6.591302,-4.331872,-10.342128,-21.122314,-8.375326,2.447957,-13.293098,-9.305339,5.790037,15.377123,6.682846,8.580249,-14.859953,8.860247,-7.434733,6.883210,-0.578128,1.489455,-15.274043,-8.479506,3.725265,-3.955389,-2.704996,-7.347386,2.885615,-18.223984,0.000000,184.000000,4.000000,,,,0.000000,4.000000,4.000000,4.000000,4.000000,4.000000,4.000000,4.000000,4.000000,4.000000,4.000000,4.000000,4.000000,4.000000,4.000000,4.000000,4.000000,4.000000,4.000000,2.000000,4.000000,4.000000,4.000000,4.000000,4.000000,4.000000,4.000000,4.000000,4.000000,4.000000,4.000000,4.000000,4.000000,83.333336
1614076773.493320,77.000000,0.000000,2.591285,-1.862417,-21.926195,-9.358623,-13.150755,-3.487761,2.646058,3.877588,-2.126657,-6.229397,-3.238746,8.086535,-7.125959,4.550121,8.861170,39.464310,7.701804,17.289618,-9.716887,10.902669,-10.504221,7.389147,1.473732,-2.614599,-6.540821,-4.881284,4.747181,-3.951433,-1.163829,-4.263116,0.831447,-17.180119,0.000000,197.000000,4.000000,,,,0.000000,4.000000,4.000000,4.000000,4.000000,4.000000,4.000000,4.000000,4.000000,4.000000,4.000000,4.000000,4.000000,4.000000,4.000000,4.000000,4.000000,4.000000,4.000000,2.000000,4.000000,4.000000,4.000000,4.000000,4.000000,4.000000,4.000000,4.000000,4.000000,4.000000,4.000000,4.000000,4.000000,83.333336
1614076773.501069,78.000000,0.000000,2.588694,6.344574,-18.827345,-8.836444,-2.881194,-0.407350,8.284438,5.412172,3.003674,-1.094963,0.867057,9.104089,-7.118833,7.622494,4.236924,38.399204,7.694102,10.092841,-6.117427,4.225100,-7.416794,7.381758,1.985079,2.516221,0.132387,-3.850761,5.255254,-3.947482,4.478361,-4.258853,0.830616,-17.675758,0.000000,205.000000,4.000000,,,,0.000000,4.000000,4.000000,4.000000,4.000000,4.000000,4.000000,4.000000,4.000000,4.000000,4.000000,4.000000,4.000000,4.000000,4.000000,4.000000,4.000000,4.000000,4.000000,2.000000,4.000000,4.000000,4.000000,4.000000,4.000000,4.000000,4.000000,4.000000,4.000000,4.000000,4.000000,4.000000,4.000000,83.333336
1614076773.508918,79.000000,0.000000,2.586105,8.389511,-17.782877,-8.314787,-4.929595,-2.458225,4.173589,4.893939,1.462209,-5.709252,-10.928682,-4.238348,-16.855305,-3.667180,-11.664748,18.873627,-4.108464,-6.840329,-11.239515,-12.189382,-11.511941,4.810274,-3.657932,5.590628,-3.457489,-9.487936,-0.391027,-3.430714,5.499523,-8.869979,2.368247,-16.632442,0.000000,218.000000,4.000000,,,,0.000000,4.000000,4.000000,4.000000,4.000000,4.000000,4.000000,4.000000,4.000000,4.000000,4.000000,4.000000,4.000000,4.000000,4.000000,4.000000,4.000000,4.000000,4.000000,2.000000,4.000000,4.000000,4.000000,4.000000,4.000000,4.000000,4.000000,4.000000,4.000000,4.000000,4.000000,4.000000,4.000000,83.333336
1614076773.516667,80.000000,0.000000,2.583519,5.817019,-11.611248,-0.614164,-0.822101,2.159618,0.579672,5.914687,3.512029,-7.754825,-16.045959,-14.490520,-20.428192,-8.791718,-20.371033,19.367573,-11.796663,2.910101,-14.305199,-20.382320,-14.577353,2.241361,-8.269658,0.456832,-0.889929,-6.914346,-2.441918,-4.452924,5.494024,0.882481,4.929981,-2.769656,0.000000,196.000000,4.000000,,,,0.000000,4.000000,4.000000,4.000000,4.000000,4.000000,4.000000,4.000000,4.000000,4.000000,4.000000,4.000000,4.000000,4.000000,4.000000,4.000000,4.000000,4.000000,4.000000,2.000000,4.000000,4.000000,4.000000,4.000000,4.000000,4.000000,4.000000,4.000000,4.000000,4.000000,4.000000,4.000000,4.000000,83.333336
1614076773.524516,81.000000,0.000000,2.580936,7.349664,1.733696,10.155681,18.665901,13.439509,3.656016,7.960054,17.867491,3.534981,2.944446,-5.245261,-14.253918,-3.141901,-12.658354,37.296925,-2.041277,20.855909,-9.675508,-17.797836,-9.434569,5.316042,-7.748568,-3.133368,4.751987,6.425902,3.201550,-3.422830,9.078273,14.214931,8.514794,15.181831,0.000000,192.000000,4.000000,,,,0.000000,4.000000,4.000000,4.000000,4.000000,4.000000,4.000000,4.000000,4.000000,4.000000,4.000000,4.000000,4.000000,4.000000,4.000000,4.000000,4.000000,4.000000,4.000000,2.000000,4.000000,4.000000,4.000000,4.000000,4.000000,4.000000,4.000000,4.000000,4.000000,4.000000,4.000000,4.000000,4.000000,83.333336
1614076773.532265,82.000000,0.000000,2.578355,10.932058,13.014014,15.786551,33.006210,21.631199,5.190821,9.490556,30.157316,18.916061,14.223553,9.118958,-12.188382,-0.574656,-9.568772,25.977575,-0.500774,8.527361,-7.101731,-18.292858,-6.348212,5.310727,-7.227999,-2.104594,4.747235,6.419476,1.147066,-0.342484,8.556375,17.790461,10.557562,20.294855,0.000000,222.000000,4.000000,,,,0.000000,4.000000,4.000000,4.000000,4.000000,4.000000,4.000000,4.000000,4.000000,4.000000,4.000000,4.000000,4.000000,4.000000,4.000000,4.000000,4.000000,4.000000,4.000000,2.000000,4.000000,4.000000,4.000000,4.000000,4.000000,4.000000,4.000000,4.000000,4.000000,4.000000,4.000000,4.000000,4.000000,83.333336
1614076773.540114,83.000000,0.000000,2.575776,9.382665,13.000999,13.719482,25.793716,19.045465,2.621528,9.993885,26.537415,14.794581,8.568304,10.648301,-13.201835,-0.574082,-10.072024,12.618264,-10.756683,7.493192,-4.530526,-18.787386,-6.341864,-3.412533,-7.733592,-3.640951,4.229667,-5.894636,-9.110491,-1.880603,3.932433,16.747028,4.905979,8.479688,0.000000,198.000000,4.000000,,,,0.000000,4.000000,4.000000,4.000000,4.000000,4.000000,4.000000,4.000000,4.000000,4.000000,4.000000,4.000000,4.000000,4.000000,4.000000,4.000000,4.000000,4.000000,4.000000,2.000000,4.000000,4.000000,4.000000,4.000000,4.000000,4.000000,4.000000,4.000000,4.000000,4.000000,4.000000,4.000000,4.000000,83.333336
1614076773.547863,84.000000,0.000000,3.086021,0.655333,0.167486,4.987814,8.844845,10.821291,0.567624,6.906969,13.690365,-3.681752,7.534095,7.047910,-12.162992,0.964954,2.758561,39.785133,-8.694645,32.613903,0.602209,-6.460907,-3.771420,-7.511684,-7.213037,-5.688592,1.148514,-11.529767,-11.665483,-7.006928,-0.686884,6.473872,-8.945082,-9.990330,0.000000,208.000000,4.000000,,,,0.000000,4.000000,4.000000,4.000000,4.000000,4.000000,4.000000,4.000000,4.000000,4.000000,4.000000,4.000000,4.000000,4.000000,4.000000,4.000000,4.000000,4.000000,4.000000,2.000000,4.000000,4.000000,4.000000,4.000000,4.000000,4.000000,4.000000,4.000000,4.000000,4.000000,4.000000,4.000000,4.000000,83.333336
1614076773.555712,85.000000,0.000000,2.570115,-6.011989,-12.653194,-3.735122,-1.420410,9.272008,0.567057,1.771856,4.958726,-11.370378,1.372714,6.015221,-13.176470,-1.600114,7.371187,39.232529,-2.532104,24.376162,0.088787,4.314785,-3.254827,-2.375968,-7.718645,-5.682903,-6.032122,-13.569519,-9.089715,-8.025562,-7.865684,-12.506961,-18.166906,-22.288033,0.000000,215.000000,4.000000,,,,0.000000,4.000000,4.000000,4.000000,4.000000,4.000000,4.000000,4.000000,4.000000,4.000000,4.000000,4.000000,4.000000,4.000000,4.000000,4.000000,4.000000,4.000000,4.000000,2.000000,4.000000,4.000000,4.000000,4.000000,4.000000,4.000000,4.000000,4.000000,4.000000,4.000000,4.000000,4.000000,4.000000,83.333336
1614076773.563461,86.000000,0.000000,2.054724,-3.954695,-14.691823,-5.782670,-3.983092,10.288377,0.566490,0.744443,2.902485,-10.846187,-13.500453,6.009205,-12.650473,-4.162616,2.748431,6.885602,0.034531,5.890247,4.191262,4.823291,-2.738752,0.190511,-6.685285,-6.190041,-8.077372,-18.171335,-10.619087,-7.504716,-14.011664,-17.622660,-16.610277,-24.829847,0.000000,190.000000,4.000000,,,,0.000000,4.000000,4.000000,4.000000,4.000000,4.000000,4.000000,4.000000,4.000000,4.000000,4.000000,4.000000,4.000000,4.000000,4.000000,4.000000,4.000000,4.000000,4.000000,2.000000,4.000000,4.000000,4.000000,4.000000,4.000000,4.000000,4.000000,4.000000,4.000000,4.000000,4.000000,4.000000,4.000000,83.333336
1614076773.571110,87.000000,0.000000,3.591131,-1.386638,-13.651490,-4.751246,-3.979109,9.765268,1.078744,2.282161,1.873941,-14.425084,-9.384389,7.541658,-5.458335,1.482572,18.643118,39.699230,9.778086,34.089485,15.469122,6.869750,-3.248834,-0.835321,-4.114497,-4.132569,-7.043653,-19.691624,-10.608468,-6.984391,-13.997653,-11.451191,-13.516744,-24.805017,0.000000,198.000000,4.000000,,,,0.000000,4.000000,4.000000,4.000000,4.000000,4.000000,4.000000,4.000000,4.000000,4.000000,4.000000,4.000000,4.000000,4.000000,4.000000,4.000000,4.000000,4.000000,4.000000,2.000000,4.000000,4.000000,4.000000,4.000000,4.000000,4.000000,4.000000,4.000000,4.000000,4.000000,4.000000,4.000000,4.000000,83.333336
1614076773.578859,88.000000,0.000000,1.536258,-2.410892,-15.689121,-5.772136,-5.000771,9.242682,-0.460797,0.741417,-0.179215,-15.949121,-1.682697,4.970014,-3.914415,2.506731,28.368065,72.480042,7.717026,47.901550,2.633140,1.734675,-11.963533,-2.885767,-6.674485,-2.589975,-8.575070,-19.159113,-11.110680,-7.490227,-13.983655,-12.978201,-14.016047,-23.241751,0.000000,219.000000,4.000000,,,,0.000000,4.000000,4.000000,4.000000,4.000000,4.000000,4.000000,4.000000,4.000000,4.000000,4.000000,4.000000,4.000000,4.000000,4.000000,4.000000,4.000000,4.000000,4.000000,2.000000,4.000000,4.000000,4.000000,4.000000,4.000000,4.000000,4.000000,4.000000,4.000000,4.000000,4.000000,4.000000,4.000000,83.333336
1614076773.586508,89.000000,0.000000,-4.106304,-2.408481,-12.596509,-5.253543,-3.970129,9.746261,-2.511618,0.740675,-1.717497,-14.907531,-9.886142,-4.778546,-11.089988,-9.803469,2.185851,40.099873,-13.316332,15.545956,-24.548981,-23.395266,-21.182339,-13.652112,-11.283195,-11.305333,-10.104958,-18.627132,-16.227774,-9.534019,-12.944031,-14.503684,-13.489211,-20.141586,0.000000,208.000000,4.000000,,,,0.000000,4.000000,4.000000,4.000000,4.000000,4.000000,4.000000,4.000000,4.000000,4.000000,4.000000,4.000000,4.000000,4.000000,4.000000,4.000000,4.000000,4.000000,4.000000,2.000000,4.000000,4.000000,4.000000,4.000000,4.000000,4.000000,4.000000,4.000000,4.000000,4.000000,4.000000,4.000000,4.000000,83.333336
1614076773.594257,90.000000,0.000000,-4.102198,-1.893252,-4.378784,-5.248290,-3.453338,9.736514,-3.534747,8.945063,-2.228600,-13.354161,-8.337794,-6.312229,-12.104539,-13.383409,-7.559925,9.290541,-17.405581,-5.495231,-25.550072,-35.679562,-23.725260,-20.817947,-11.271913,-19.499157,-12.146134,-17.582865,-16.724367,-10.550126,-9.341343,-14.489181,-12.962901,-21.147085,0.000000,125.000000,4.000000,,,,0.000000,4.000000,4.000000,4.000000,4.000000,4.000000,4.000000,4.000000,4.000000,4.000000,4.000000,4.000000,4.000000,4.000000,4.000000,4.000000,4.000000,4.000000,4.000000,2.000000,4.000000,4.000000,4.000000,4.000000,4.000000,4.000000,4.000000,4.000000,4.000000,4.000000,4.000000,4.000000,4.000000,83.333336
1614076773.601907,91.000000,0.000000,1.542930,-1.891359,-2.323123,-4.730220,-4.475526,9.726777,-3.531213,16.115604,-1.200730,-8.725423,7.055159,3.437673,-5.938588,-5.677717,9.370712,42.101761,-5.593303,15.535905,-8.088625,-24.361832,-23.188713,-10.027899,-10.747820,-18.966837,-10.595527,-19.103743,-10.553797,-7.975473,-10.357642,-14.474691,-13.462759,-20.613117,0.000000,207.000000,4.000000,,,,0.000000,4.000000,4.000000,4.000000,4.000000,4.000000,4.000000,4.000000,4.000000,4.000000,4.000000,4.000000,4.000000,4.000000,4.000000,4.000000,4.000000,4.000000,4.000000,2.000000,4.000000,4.000000,4.000000,4.000000,4.000000,4.000000,4.000000,4.000000,4.000000,4.000000,4.000000,4.000000,4.000000,83.333336
1614076773.609656,92.000000,0.000000,3.079848,-2.402288,-3.346441,-3.699849,1.169975,9.204230,-3.014861,17.125130,4.954317,2.565354,12.689129,7.023979,-5.932650,-2.595116,0.643393,37.957096,-4.562068,18.084473,-5.516434,-18.183622,-13.934756,5.366745,-11.249892,-17.409409,-1.354162,-18.058998,-5.415038,-7.454677,-8.296002,1.437219,-11.910834,-10.336094,0.000000,166.000000,4.000000,,,,0.000000,4.000000,4.000000,4.000000,4.000000,4.000000,4.000000,4.000000,4.000000,4.000000,4.000000,4.000000,4.000000,4.000000,4.000000,4.000000,4.000000,4.000000,4.000000,2.000000,4.000000,4.000000,4.000000,4.000000,4.000000,4.000000,4.000000,4.000000,4.000000,4.000000,4.000000,4.000000,4.000000,83.333336
1614076773.617305,93.000000,0.000000,2.051127,-1.374245,2.297931,-1.132047,10.912395,9.707847,-0.960564,16.595184,10.590388,13.332019,11.137979,5.478493,-9.516460,-1.054060,-16.280327,5.611447,-1.480583,10.886900,-7.562199,-14.575696,0.950974,7.925480,-7.136078,-12.263794,7.365141,-7.271708,-3.358341,-7.447222,2.481524,20.922962,-5.745078,1.469114,0.000000,197.000000,4.000000,,,,0.000000,4.000000,4.000000,4.000000,4.000000,4.000000,4.000000,4.000000,4.000000,4.000000,4.000000,4.000000,4.000000,4.000000,4.000000,4.000000,4.000000,4.000000,4.000000,2.000000,4.000000,4.000000,4.000000,4.000000,4.000000,4.000000,4.000000,4.000000,4.000000,4.000000,4.000000,4.000000,4.000000,83.333336
1614076773.625054,94.000000,0.000000,2.561897,0.678411,4.346915,-0.105274,9.363021,9.698138,1.091679,16.065769,8.528516,9.728944,9.075559,8.549938,-9.506944,-0.540185,-0.366611,38.426350,5.700385,35.491398,-3.452073,-0.202146,5.052587,7.404735,-3.026378,-1.482299,6.844955,0.940691,-2.842161,-5.388493,5.043145,17.312296,-1.636768,3.518927,0.000000,210.000000,4.000000,,,,0.000000,4.000000,4.000000,4.000000,4.000000,4.000000,4.000000,4.000000,4.000000,4.000000,4.000000,4.000000,4.000000,4.000000,4.000000,4.000000,4.000000,4.000000,4.000000,2.000000,4.000000,4.000000,4.000000,4.000000,4.000000,4.000000,4.000000,4.000000,4.000000,4.000000,4.000000,4.000000,4.000000,83.333336
1614076773.632703,95.000000,0.000000,2.559335,2.216195,-2.324098,-2.156451,-2.441214,7.124338,0.577766,10.408678,3.391782,-4.639760,-0.164286,7.002926,-8.471796,-9.257594,14.505550,69.157150,0.053659,52.378983,-1.397339,2.874979,0.432149,7.397330,-3.536173,2.108927,3.761187,-4.188455,-3.352140,-3.844643,-6.243949,4.987290,-2.147952,-0.587156,0.000000,165.000000,4.000000,,,,0.000000,4.000000,4.000000,4.000000,4.000000,4.000000,4.000000,4.000000,4.000000,4.000000,4.000000,4.000000,4.000000,4.000000,4.000000,4.000000,4.000000,4.000000,4.000000,2.000000,4.000000,4.000000,4.000000,4.000000,4.000000,4.000000,4.000000,4.000000,4.000000,4.000000,4.000000,4.000000,4.000000,83.333336
1614076773.640452,96.000000,0.000000,2.556776,1.701158,-2.321774,-0.615833,-2.438773,5.578752,0.577189,4.757244,2.362749,-11.301786,-6.830789,-0.696384,-8.976145,-13.863721,7.311557,44.472610,-1.997677,30.275322,-2.934403,-4.820203,-0.081103,4.313009,-3.019816,-1.482926,4.783067,-7.774010,0.753776,-2.815157,-11.365911,4.982303,-1.120163,-0.073748,8064.000000,0.000000,4.000000,,,,0.000000,4.000000,4.000000,4.000000,4.000000,4.000000,4.000000,4.000000,4.000000,4.000000,4.000000,4.000000,4.000000,4.000000,4.000000,4.000000,4.000000,4.000000,4.000000,2.000000,4.000000,4.000000,4.000000,4.000000,4.000000,4.000000,4.000000,4.000000,4.000000,4.000000,4.000000,4.000000,4.000000,83.333336
1614076773.648101,97.000000,0.000000,4.092680,1.699457,5.885676,9.128373,9.358538,7.624455,1.089432,4.752486,2.873207,-9.752024,-4.772676,-1.721329,-8.967169,-9.234472,3.714502,25.966600,8.260731,7.680944,-3.444289,-2.764101,0.944619,6.872799,0.060127,-0.455802,4.265463,-1.612390,7.419689,-0.248240,-4.687878,5.490141,1.445060,1.977607,8064.000000,0.000000,4.000000,,,,0.000000,4.000000,4.000000,4.000000,4.000000,4.000000,4.000000,4.000000,4.000000,4.000000,4.000000,4.000000,4.000000,4.000000,4.000000,4.000000,4.000000,4.000000,4.000000,2.000000,4.000000,4.000000,4.000000,4.000000,4.000000,4.000000,4.000000,4.000000,4.000000,4.000000,4.000000,4.000000,4.000000,83.333336
1614076773.655850,98.000000,0.000000,6.139870,2.210578,9.469534,13.221808,10.374821,9.155293,0.062701,5.773375,2.357513,-10.255092,-5.793544,1.870136,-8.445381,-7.173956,6.787711,31.068838,11.329393,12.288649,-2.928024,2.879689,0.943674,9.942849,0.572887,3.134398,4.261198,1.466146,7.925090,-0.760812,-1.093446,5.484651,1.956435,1.462809,8064.000000,0.000000,4.000000,,,,0.000000,4.000000,4.000000,4.000000,4.000000,4.000000,4.000000,4.000000,4.000000,4.000000,4.000000,4.000000,4.000000,4.000000,4.000000,4.000000,4.000000,4.000000,4.000000,2.000000,4.000000,4.000000,4.000000,4.000000,4.000000,4.000000,4.000000,4.000000,4.000000,4.000000,4.000000,4.000000,4.000000,83.333336
1614076773.663500,99.000000,0.000000,6.133730,1.695547,6.383141,6.029100,1.133676,6.582035,-2.501464,4.741961,2.355156,-11.270477,-7.326212,2.893907,-8.949757,-6.141141,6.780923,36.678795,10.292422,24.071232,-1.386635,1.851168,0.429910,-0.836325,0.059494,1.079981,4.769757,-1.612243,5.353063,-3.324154,-2.630815,7.530448,1.441658,1.461347,8064.000000,0.000000,4.000000,,,,0.000000,4.000000,4.000000,4.000000,4.000000,4.000000,4.000000,4.000000,4.000000,4.000000,4.000000,4.000000,4.000000,4.000000,4.000000,4.000000,4.000000,4.000000,4.000000,2.000000,4.000000,4.000000,4.000000,4.000000,4.000000,4.000000,4.000000,4.000000,4.000000,4.000000,4.000000,4.000000,4.000000,83.333336
1614076773.671349,100.000000,0.000000,6.127596,1.693851,2.787014,1.407686,-3.995662,5.549811,-3.524603,4.737218,2.865621,-10.746387,-2.190681,1.865372,-8.427986,-1.519615,6.261322,44.847244,10.794950,20.970238,-3.436530,0.823676,-2.134622,-11.604719,0.059435,-1.998022,0.149603,-3.661913,3.809248,-3.833650,-2.115363,-0.169390,1.440217,2.485526,8064.000000,0.000000,4.000000,,,,0.000000,4.000000,4.000000,4.000000,4.000000,4.000000,4.000000,4.000000,4.000000,4.000000,4.000000,4.000000,4.000000,4.000000,4.000000,4.000000,4.000000,4.000000,4.000000,2.000000,4.000000,4.000000,4.000000,4.000000,4.000000,4.000000,4.000000,4.000000,4.000000,4.000000,4.000000,4.000000,4.000000,83.333336
1614076773.679098,101.000000,0.000000,6.121469,2.204978,0.732945,2.944740,-3.478846,6.057082,-3.008258,5.758122,2.349935,-10.222819,-0.137208,2.376327,-7.906737,-2.543737,2.152496,51.469063,3.091848,21.462088,-1.381812,-0.202789,-2.645308,-8.516191,-1.479086,-2.508845,-6.517213,-5.196713,-0.297126,-4.342637,-2.626068,-12.476912,1.438776,-2.645164,8064.000000,0.000000,4.000000,,,,0.000000,4.000000,4.000000,4.000000,4.000000,4.000000,4.000000,4.000000,4.000000,4.000000,4.000000,4.000000,4.000000,4.000000,4.000000,4.000000,4.000000,4.000000,4.000000,2.000000,4.000000,4.000000,4.000000,4.000000,4.000000,4.000000,4.000000,4.000000,4.000000,4.000000,4.000000,4.000000,4.000000,83.333336
1614076773.686847,102.000000,0.000000,6.115347,0.151491,0.732212,2.941795,-3.475368,6.563846,-3.005250,4.726723,2.347585,-10.212597,-3.213994,2.373951,-10.975754,-2.028372,-1.439400,57.058620,-4.090731,42.466267,9.901622,1.848696,-4.181124,-2.866649,-3.528889,-1.480695,-8.049158,-9.294080,-2.860931,-7.415217,-5.187545,-15.541359,0.924517,-9.822006,8064.000000,0.000000,4.000000,,,,0.000000,4.000000,4.000000,4.000000,4.000000,4.000000,4.000000,4.000000,4.000000,4.000000,4.000000,4.000000,4.000000,4.000000,4.000000,4.000000,4.000000,4.000000,4.000000,2.000000,4.000000,4.000000,4.000000,4.000000,4.000000,4.000000,4.000000,4.000000,4.000000,4.000000,4.000000,4.000000,4.000000,83.333336
1614076773.694496,103.000000,0.000000,6.109232,-1.899943,0.218660,1.913212,-3.984713,4.506000,-3.002245,-0.406209,3.370878,-10.202384,-4.236421,2.371577,-15.580163,1.050579,-1.950781,51.873356,-2.035358,53.193031,11.430182,1.846847,-10.843610,-4.402244,-3.525361,-1.992035,-7.015468,-11.336068,-3.883711,-7.920623,-6.207998,-14.500176,0.923593,-7.760902,8064.000000,0.000000,4.000000,,,,0.000000,4.000000,4.000000,4.000000,4.000000,4.000000,4.000000,4.000000,4.000000,4.000000,4.000000,4.000000,4.000000,4.000000,4.000000,4.000000,4.000000,4.000000,4.000000,2.000000,4.000000,4.000000,4.000000,4.000000,4.000000,4.000000,4.000000,4.000000,4.000000,4.000000,4.000000,4.000000,4.000000,83.333336
1614076773.702345,104.000000,0.000000,6.103123,-2.410863,-1.832841,2.424119,-3.980728,2.450212,-2.999243,-2.457085,0.290584,-10.192182,-6.283466,2.369205,-16.590223,-5.104318,-4.512933,28.231741,-3.571784,30.062914,-5.504326,-10.975513,-13.909690,-4.910663,-3.521835,-4.041325,-7.008452,-10.811912,-6.956750,-7.912702,-6.201790,-11.921574,1.435489,-6.214680,8064.000000,0.000000,4.000000,,,,0.000000,4.000000,4.000000,4.000000,4.000000,4.000000,4.000000,4.000000,4.000000,4.000000,4.000000,4.000000,4.000000,4.000000,4.000000,4.000000,4.000000,4.000000,4.000000,2.000000,4.000000,4.000000,4.000000,4.000000,4.000000,4.000000,4.000000,4.000000,4.000000,4.000000,4.000000,4.000000,4.000000,83.333336
1614076773.710094,105.000000,0.000000,6.097020,-1.895632,-3.882290,1.908875,-3.976747,1.934941,-2.996243,0.622295,-4.325091,-10.181990,-10.892568,2.366836,-16.060812,-8.688957,-2.457138,20.511202,-7.157956,10.545672,-16.268053,-15.067101,-11.331677,-3.880111,-3.518313,-5.575745,-7.514264,-11.313920,-2.334409,-8.417610,-4.657127,-4.217344,0.921233,-6.208465,8064.000000,0.000000,4.000000,,,,0.000000,4.000000,4.000000,4.000000,4.000000,4.000000,4.000000,4.000000,4.000000,4.000000,4.000000,4.000000,4.000000,4.000000,4.000000,4.000000,4.000000,4.000000,4.000000,2.000000,4.000000,4.000000,4.000000,4.000000,4.000000,4.000000,4.000000,4.000000,4.000000,4.000000,4.000000,4.000000,4.000000,83.333336
1614076773.717943,106.000000,0.000000,6.090922,-2.406557,-3.365587,2.419787,-2.947129,2.445827,-2.993247,1.647314,-5.859227,-10.171808,-12.420136,2.364469,-16.044752,-2.013601,5.750448,35.875305,-3.561054,16.176153,-8.559477,-0.180239,-11.833166,-3.363410,-3.514795,-6.082990,-7.506750,-10.789785,6.898695,-4.306628,-2.601188,-0.110563,0.920312,3.028512,8064.000000,0.000000,4.000000,,,,0.000000,4.000000,4.000000,4.000000,4.000000,4.000000,4.000000,4.000000,4.000000,4.000000,4.000000,4.000000,4.000000,4.000000,4.000000,4.000000,4.000000,4.000000,4.000000,2.000000,4.000000,4.000000,4.000000,4.000000,4.000000,4.000000,4.000000,4.000000,4.000000,4.000000,4.000000,4.000000,4.000000,83.333336
1614076773.725692,107.000000,0.000000,6.084832,-0.865689,-1.310940,4.468649,-0.380080,2.443381,-2.990254,1.645667,-4.827727,-10.161636,-11.382075,2.362105,-16.028708,-3.550049,9.847261,36.352249,-2.531852,22.313822,-0.858609,8.537889,-8.231589,-3.872867,-3.511280,-4.538445,-4.935141,-8.214893,8.943078,2.364345,-2.085766,1.428009,4.509136,15.333177,8064.000000,0.000000,4.000000,,,,0.000000,4.000000,4.000000,4.000000,4.000000,4.000000,4.000000,4.000000,4.000000,4.000000,4.000000,4.000000,4.000000,4.000000,4.000000,4.000000,4.000000,4.000000,4.000000,2.000000,4.000000,4.000000,4.000000,4.000000,4.000000,4.000000,4.000000,4.000000,4.000000,4.000000,4.000000,4.000000,4.000000,83.333336
1614076773.733541,108.000000,0.000000,6.078747,2.212100,0.741653,6.515462,0.645941,1.928117,-2.987263,3.695303,-4.822899,-9.638654,-11.370693,2.359743,-16.012678,-10.725986,10.863055,40.931282,-4.580603,22.804329,0.680711,2.888326,-1.556691,-3.868994,-3.507769,-1.969804,-1.853282,-3.591294,8.421314,3.900442,-2.083680,7.067607,8.607190,17.369125,8064.000000,0.000000,4.000000,,,,0.000000,4.000000,4.000000,4.000000,4.000000,4.000000,4.000000,4.000000,4.000000,4.000000,4.000000,4.000000,4.000000,4.000000,4.000000,4.000000,4.000000,4.000000,4.000000,2.000000,4.000000,4.000000,4.000000,4.000000,4.000000,4.000000,4.000000,4.000000,4.000000,4.000000,4.000000,4.000000,4.000000,83.333336
1614076773.741290,109.000000,0.000000,6.072668,1.697067,0.228091,5.996126,0.132475,2.439009,-2.984276,5.742890,-5.843718,-10.141836,-11.872143,2.357383,-15.996666,-11.228081,9.826550,51.659584,-3.550381,18.678961,0.167210,-1.729947,-13.862826,-3.865125,-3.504261,-1.455014,-9.030916,-3.074882,6.874432,3.383721,-2.594417,7.060539,8.598583,15.300474,8064.000000,0.000000,4.000000,,,,0.000000,4.000000,4.000000,4.000000,4.000000,4.000000,4.000000,4.000000,4.000000,4.000000,4.000000,4.000000,4.000000,4.000000,4.000000,4.000000,4.000000,4.000000,4.000000,2.000000,4.000000,4.000000,4.000000,4.000000,4.000000,4.000000,4.000000,4.000000,4.000000,4.000000,4.000000,4.000000,4.000000,83.333336
1614076773.749139,110.000000,0.000000,6.066595,1.182550,0.740683,5.477310,0.132342,3.975032,-2.981292,5.224327,-5.325053,-11.157335,-11.860271,1.329384,-15.980669,-15.832237,-8.644814,19.300230,-9.187857,1.737205,-7.012444,-8.907704,-28.207937,-5.399722,-3.500757,-6.581764,-15.175732,-6.148730,-1.850392,3.380338,-2.079002,1.412453,8.589985,15.797994,8064.000000,0.000000,4.000000,,,,0.000000,4.000000,4.000000,4.000000,4.000000,4.000000,4.000000,4.000000,4.000000,4.000000,4.000000,4.000000,4.000000,4.000000,4.000000,4.000000,4.000000,4.000000,4.000000,2.000000,4.000000,4.000000,4.000000,4.000000,4.000000,4.000000,4.000000,4.000000,4.000000,4.000000,4.000000,4.000000,4.000000,83.333336
1614076773.756888,111.000000,0.000000,6.060529,5.283931,3.304045,5.984653,0.132210,5.509518,-2.978311,5.219102,-2.242805,-9.607716,-11.335590,2.353696,-17.503151,-21.970251,-26.584887,-13.026762,-13.794053,-4.931199,-14.697740,-14.539822,-15.359218,-3.855860,-3.497256,-9.652105,-2.852863,-4.091300,-6.463926,3.376957,2.538461,4.487964,11.658318,17.833477,8064.000000,0.000000,4.000000,,,,0.000000,4.000000,4.000000,4.000000,4.000000,4.000000,4.000000,4.000000,4.000000,4.000000,4.000000,4.000000,4.000000,4.000000,4.000000,4.000000,4.000000,4.000000,4.000000,2.000000,4.000000,4.000000,4.000000,4.000000,4.000000,4.000000,4.000000,4.000000,4.000000,4.000000,4.000000,4.000000,4.000000,83.333336
1614076773.764737,112.000000,0.000000,6.054468,9.381211,4.839203,6.491489,0.132078,6.529650,-2.975332,5.213883,-0.702101,-10.110929,-11.324255,2.864163,-20.562571,-18.358538,-19.891636,14.678573,-4.036669,14.048091,-10.067657,-8.371436,3.630501,-0.775082,-3.493759,-5.539889,11.508964,3.092279,1.747666,4.912042,8.176949,11.662963,13.185121,19.354107,8064.000000,0.000000,4.000000,,,,0.000000,4.000000,4.000000,4.000000,4.000000,4.000000,4.000000,4.000000,4.000000,4.000000,4.000000,4.000000,4.000000,4.000000,4.000000,4.000000,4.000000,4.000000,4.000000,2.000000,4.000000,4.000000,4.000000,4.000000,4.000000,4.000000,4.000000,4.000000,4.000000,4.000000,4.000000,4.000000,4.000000,83.333336
1614076773.772486,113.000000,0.000000,6.048414,9.371830,4.321543,4.946536,-0.380875,6.010300,-3.485178,5.208669,-2.752681,-14.716203,-11.825751,1.322837,-19.516367,-15.263256,-8.589693,47.484406,3.659675,30.444300,1.737282,-5.798962,5.165332,-2.312768,-3.490265,-1.431785,12.523096,4.627648,8.412585,6.958412,9.194412,12.676941,12.659116,19.847572,8064.000000,0.000000,4.000000,,,,0.000000,4.000000,4.000000,4.000000,4.000000,4.000000,4.000000,4.000000,4.000000,4.000000,4.000000,4.000000,4.000000,4.000000,4.000000,4.000000,4.000000,4.000000,4.000000,2.000000,4.000000,4.000000,4.000000,4.000000,4.000000,4.000000,4.000000,4.000000,4.000000,4.000000,4.000000,4.000000,4.000000,83.333336
1614076773.780335,114.000000,0.000000,6.042365,8.849638,4.317222,5.967230,-0.380494,5.491469,-2.968872,5.203461,0.839816,-10.086102,-10.275464,4.398438,-14.368645,-13.196711,-8.068282,43.334358,-0.446549,30.926676,4.812468,-8.870086,3.108884,3.330570,-3.486775,-1.943174,9.946470,3.597380,7.891352,7.464274,8.672398,10.612982,11.620815,19.314905,8064.000000,0.000000,4.000000,,,,0.000000,4.000000,4.000000,4.000000,4.000000,4.000000,4.000000,4.000000,4.000000,4.000000,4.000000,4.000000,4.000000,4.000000,4.000000,4.000000,4.000000,4.000000,4.000000,2.000000,4.000000,4.000000,4.000000,4.000000,4.000000,4.000000,4.000000,4.000000,4.000000,4.000000,4.000000,4.000000,4.000000,83.333336
1614076773.788084,115.000000,0.000000,6.036323,8.840788,6.364186,12.627930,2.696810,8.050080,-1.427441,4.685437,10.582565,3.770138,-5.649804,13.624808,-11.790174,-4.978385,-7.034573,27.393587,-1.471743,26.793184,2.756373,-0.143267,4.131417,22.301600,-3.483288,-2.966872,11.987806,4.106603,7.370640,7.456810,9.176546,11.628010,12.634835,19.808411,8064.000000,0.000000,4.000000,,,,0.000000,4.000000,4.000000,4.000000,4.000000,4.000000,4.000000,4.000000,4.000000,4.000000,4.000000,4.000000,4.000000,4.000000,4.000000,4.000000,4.000000,4.000000,4.000000,2.000000,4.000000,4.000000,4.000000,4.000000,4.000000,4.000000,4.000000,4.000000,4.000000,4.000000,4.000000,4.000000,4.000000,83.333336
1614076773.795933,116.000000,0.000000,6.543107,9.344768,8.409104,15.692225,6.796677,13.170235,0.625268,6.732033,14.674547,9.920215,-3.592872,18.739389,-12.291204,0.154798,-2.412154,26.853374,3.145113,29.330494,5.317719,11.651748,5.152926,27.407503,-0.915702,0.113018,11.975818,1.538394,8.388910,6.936532,9.167369,12.129203,12.622201,19.788601,8064.000000,0.000000,4.000000,,,,0.000000,4.000000,4.000000,4.000000,4.000000,4.000000,4.000000,4.000000,4.000000,4.000000,4.000000,4.000000,4.000000,4.000000,4.000000,4.000000,4.000000,4.000000,4.000000,2.000000,4.000000,4.000000,4.000000,4.000000,4.000000,4.000000,4.000000,4.000000,4.000000,4.000000,4.000000,4.000000,4.000000,83.333336
1614076773.803682,117.000000,0.000000,5.510923,8.822603,7.887875,13.112430,8.328341,13.157064,1.137463,8.776584,13.121411,7.859012,-4.102099,14.105265,-11.766092,3.231566,4.769745,50.416264,3.654789,43.147316,5.312402,14.717019,7.199055,13.021120,0.623675,4.728290,10.938201,-2.565709,8.380522,4.878314,8.645381,11.091433,8.507014,17.204710,8064.000000,0.000000,4.000000,,,,0.000000,4.000000,4.000000,4.000000,4.000000,4.000000,4.000000,4.000000,4.000000,4.000000,4.000000,4.000000,4.000000,4.000000,4.000000,4.000000,4.000000,4.000000,4.000000,2.000000,4.000000,4.000000,4.000000,4.000000,4.000000,4.000000,4.000000,4.000000,4.000000,4.000000,4.000000,4.000000,4.000000,83.333336
1614076773.811431,118.000000,0.000000,2.941309,8.813780,7.367166,14.124959,7.294373,9.554164,0.623505,7.742166,13.108290,7.851153,-4.097997,5.886031,-12.267147,9.895001,9.380361,73.442772,2.625493,43.616989,-0.846757,9.574097,3.089292,5.315792,-1.428231,6.262023,10.927263,0.000959,7.859321,2.822154,8.636736,11.593162,4.395943,15.136224,8064.000000,0.000000,4.000000,,,,0.000000,4.000000,4.000000,4.000000,4.000000,4.000000,4.000000,4.000000,4.000000,4.000000,4.000000,4.000000,4.000000,4.000000,4.000000,4.000000,4.000000,4.000000,4.000000,2.000000,4.000000,4.000000,4.000000,4.000000,4.000000,4.000000,4.000000,4.000000,4.000000,4.000000,4.000000,4.000000,4.000000,83.333336
1614076773.819181,119.000000,0.000000,1.912727,8.804966,8.385440,18.213398,7.799899,9.544610,0.622882,5.170321,14.120822,9.381763,-3.581079,1.264760,-15.844624,10.397926,0.140211,57.984711,2.110047,24.599014,5.307936,-0.691887,-2.554823,7.361758,-3.478085,5.230120,10.916336,4.103522,7.851461,3.332152,8.628099,13.632851,4.391547,16.146729,8064.000000,0.000000,4.000000,,,,0.000000,4.000000,4.000000,4.000000,4.000000,4.000000,4.000000,4.000000,4.000000,4.000000,4.000000,4.000000,4.000000,4.000000,4.000000,4.000000,4.000000,4.000000,4.000000,2.000000,4.000000,4.000000,4.000000,4.000000,4.000000,4.000000,4.000000,4.000000,4.000000,4.000000,4.000000,4.000000,4.000000,83.333336
1614076773.826830,120.000000,0.000000,2.423635,8.796162,7.864234,14.605441,8.817739,10.560706,0.622259,5.677971,14.106702,8.346741,-1.013395,3.314778,-15.828778,8.849068,-3.449673,48.695957,3.133578,31.753902,20.687243,-5.819401,-1.526627,7.867217,-3.474607,5.224890,10.905419,4.099419,8.356430,3.328820,9.132292,15.670500,4.899976,14.592120,8064.000000,0.000000,4.000000,,,,0.000000,4.000000,4.000000,4.000000,4.000000,4.000000,4.000000,4.000000,4.000000,4.000000,4.000000,4.000000,4.000000,4.000000,4.000000,4.000000,4.000000,4.000000,4.000000,2.000000,4.000000,4.000000,4.000000,4.000000,4.000000,4.000000,4.000000,4.000000,4.000000,4.000000,4.000000,4.000000,4.000000,83.333336
1614076773.834579,121.000000,0.000000,2.421211,8.787365,4.266626,6.898528,6.244820,7.986043,0.621637,5.159472,12.554133,8.338394,0.013259,6.388386,-12.736027,10.891500,8.348648,69.672905,5.181726,56.337532,16.051172,-1.198197,-0.499459,6.833708,-3.471132,5.732486,10.894514,3.582499,6.809612,3.325491,8.610339,15.142009,3.869435,11.500605,8064.000000,0.000000,4.000000,,,,0.000000,4.000000,4.000000,4.000000,4.000000,4.000000,4.000000,4.000000,4.000000,4.000000,4.000000,4.000000,4.000000,4.000000,4.000000,4.000000,4.000000,4.000000,4.000000,2.000000,4.000000,4.000000,4.000000,4.000000,4.000000,4.000000,4.000000,4.000000,4.000000,4.000000,4.000000,4.000000,4.000000,83.333336
1614076773.842228,122.000000,0.000000,2.418790,8.265758,4.262360,4.840347,4.187293,5.926775,0.621015,5.154313,13.567220,8.330055,-1.525216,-0.797490,-14.261752,5.239583,2.186454,50.628872,2.612442,37.306835,-2.939239,-0.684178,-3.575883,-0.352613,-3.467661,5.213933,10.883619,3.578917,3.725880,3.322165,8.601728,15.126866,7.968130,16.617310,8064.000000,0.000000,4.000000,,,,0.000000,4.000000,4.000000,4.000000,4.000000,4.000000,4.000000,4.000000,4.000000,4.000000,4.000000,4.000000,4.000000,4.000000,4.000000,4.000000,4.000000,4.000000,4.000000,2.000000,4.000000,4.000000,4.000000,4.000000,4.000000,4.000000,4.000000,4.000000,4.000000,4.000000,4.000000,4.000000,4.000000,83.333336
1614076773.849977,123.000000,0.000000,2.416371,9.283133,7.847841,6.373968,4.183105,6.433669,0.620394,5.661979,14.066473,5.757623,-3.574972,-8.488999,-19.375696,-6.047708,-17.302912,18.270550,-1.492735,4.961838,-7.038864,-6.837340,-1.521025,-11.121490,-3.464193,5.208719,10.872736,4.088158,4.747795,3.318843,12.182870,15.111740,15.139648,22.754538,8064.000000,0.000000,4.000000,,,,0.000000,4.000000,4.000000,4.000000,4.000000,4.000000,4.000000,4.000000,4.000000,4.000000,4.000000,4.000000,4.000000,4.000000,4.000000,4.000000,4.000000,4.000000,4.000000,2.000000,4.000000,4.000000,4.000000,4.000000,4.000000,4.000000,4.000000,4.000000,4.000000,4.000000,4.000000,4.000000,4.000000,83.333336
1614076773.857626,124.000000,0.000000,2.413955,9.273849,6.301531,5.341953,0.589179,3.863132,0.619774,0.528112,5.334458,-0.401981,-5.109859,-5.403588,-20.381962,-9.118583,-13.183045,17.739460,-1.491242,10.597901,0.147663,-7.343323,0.018958,-9.571908,-3.460729,5.203510,10.861863,3.571249,7.307150,3.828345,11.657866,13.045346,15.124509,18.116400,8064.000000,0.000000,4.000000,,,,0.000000,4.000000,4.000000,4.000000,4.000000,4.000000,4.000000,4.000000,4.000000,4.000000,4.000000,4.000000,4.000000,4.000000,4.000000,4.000000,4.000000,4.000000,4.000000,2.000000,4.000000,4.000000,4.000000,4.000000,4.000000,4.000000,4.000000,4.000000,4.000000,4.000000,4.000000,4.000000,4.000000,83.333336
1614076773.865375,125.000000,0.000000,2.411541,6.187653,0.654204,2.772509,-9.155001,-2.807397,0.619154,-7.164723,-4.927287,-10.145168,-7.156031,-0.782799,-19.335938,-7.058183,1.701932,50.542233,-2.002571,33.151405,1.173156,-6.823159,-5.109266,-4.434131,-3.457268,5.198307,7.774078,-0.022065,5.761381,3.311696,2.415440,10.981018,12.032462,10.918796,8064.000000,0.000000,4.000000,,,,0.000000,4.000000,4.000000,4.000000,4.000000,4.000000,4.000000,4.000000,4.000000,4.000000,4.000000,4.000000,4.000000,4.000000,4.000000,4.000000,4.000000,4.000000,4.000000,2.000000,4.000000,4.000000,4.000000,4.000000,4.000000,4.000000,4.000000,4.000000,4.000000,4.000000,4.000000,4.000000,4.000000,83.333336
1614076773.873025,126.000000,0.000000,2.409129,5.668644,-0.372091,1.231275,-12.222769,-6.394334,0.105714,-4.080636,-6.460821,-17.827332,-8.687337,-1.807658,-19.316603,-7.563945,3.238692,58.696819,0.050714,33.631077,-0.366479,-5.277874,-8.181080,-4.429697,-3.453811,5.193108,4.176560,-3.611787,3.704338,1.257102,-2.715181,10.970037,12.020430,11.420697,8064.000000,0.000000,4.000000,,,,0.000000,4.000000,4.000000,4.000000,4.000000,4.000000,4.000000,4.000000,4.000000,4.000000,4.000000,4.000000,4.000000,4.000000,4.000000,4.000000,4.000000,4.000000,4.000000,2.000000,4.000000,4.000000,4.000000,4.000000,4.000000,4.000000,4.000000,4.000000,4.000000,4.000000,4.000000,4.000000,4.000000,83.333336
1614076773.880774,127.000000,0.000000,2.406720,8.227078,0.653922,2.255684,-8.107982,-6.387939,0.618429,4.128573,-5.428719,-17.296684,-8.165829,1.271073,-17.758823,-8.069201,3.235453,49.920174,8.768612,29.494881,0.146708,0.881250,-7.147258,1.728579,-3.450357,5.187915,3.146743,-4.120996,6.264736,-0.282616,0.364458,11.471888,12.521230,11.922097,8064.000000,0.000000,4.000000,,,,0.000000,4.000000,4.000000,4.000000,4.000000,4.000000,4.000000,4.000000,4.000000,4.000000,4.000000,4.000000,4.000000,4.000000,4.000000,4.000000,4.000000,4.000000,4.000000,2.000000,4.000000,4.000000,4.000000,4.000000,4.000000,4.000000,4.000000,4.000000,4.000000,4.000000,4.000000,4.000000,4.000000,83.333336
1614076773.888423,0.000000,0.000000,2.404314,5.141928,-0.372373,1.740608,-7.587053,-4.330269,0.617811,3.611624,-5.936110,-10.612720,-7.132022,5.885187,-14.151321,-8.061132,6.309141,51.921535,14.400868,35.106411,0.659382,4.982933,-7.140111,9.419158,-3.446907,5.182727,3.656417,-3.604054,8.309753,-0.795154,1.389734,10.947596,11.995888,8.833252,0.000000,191.000000,4.000000,,,,0.000000,4.000000,4.000000,4.000000,4.000000,4.000000,4.000000,4.000000,4.000000,4.000000,4.000000,4.000000,4.000000,4.000000,4.000000,4.000000,4.000000,4.000000,4.000000,2.000000,4.000000,4.000000,4.000000,4.000000,4.000000,4.000000,4.000000,4.000000,4.000000,4.000000,4.000000,4.000000,4.000000,83.333336
1614076773.896172,1.000000,0.000000,1.889089,1.034222,1.679282,1.226047,-8.092286,-0.736195,0.104372,1.556730,-2.853251,-8.038005,-5.586428,6.904943,-12.085888,-4.463327,6.815652,54.946537,13.873647,40.712330,2.197184,5.490770,-7.645792,9.409739,-3.443460,5.177545,3.652760,-4.113271,7.788623,-0.281539,1.388344,11.449469,11.983891,8.311598,0.000000,195.000000,4.000000,,,,0.000000,4.000000,4.000000,4.000000,4.000000,4.000000,4.000000,4.000000,4.000000,4.000000,4.000000,4.000000,4.000000,4.000000,4.000000,4.000000,4.000000,4.000000,4.000000,2.000000,4.000000,4.000000,4.000000,4.000000,4.000000,4.000000,4.000000,4.000000,4.000000,4.000000,4.000000,4.000000,4.000000,83.333336
1614076773.903821,2.000000,0.000000,2.400020,5.135752,6.805808,5.840206,1.146575,3.367105,1.129909,7.709020,4.841909,-7.517146,-1.478278,8.436499,-11.560982,-0.356300,5.783195,52.840309,13.859774,40.158798,3.220628,4.459638,-7.125325,7.349048,-3.440016,5.172367,3.649107,-4.109157,7.780834,-0.281257,4.463879,13.489301,11.971908,11.380210,0.000000,214.000000,4.000000,,,,0.000000,4.000000,4.000000,4.000000,4.000000,4.000000,4.000000,4.000000,4.000000,4.000000,4.000000,4.000000,4.000000,4.000000,4.000000,4.000000,4.000000,4.000000,4.000000,2.000000,4.000000,4.000000,4.000000,4.000000,4.000000,4.000000,4.000000,4.000000,4.000000,4.000000,4.000000,4.000000,4.000000,83.333336
1614076773.911570,3.000000,0.000000,4.448902,9.746001,8.850284,11.988212,10.889018,10.030404,5.744164,13.342337,10.478093,1.208320,4.164226,9.966524,-12.062242,-0.355944,5.777412,53.300289,12.307452,37.041714,4.243048,-1.698668,-7.118200,6.316057,-3.436576,5.167195,3.645458,-2.566587,7.773053,-0.280976,4.972236,15.014274,11.959936,15.471394,0.000000,163.000000,4.000000,,,,0.000000,4.000000,4.000000,4.000000,4.000000,4.000000,4.000000,4.000000,4.000000,4.000000,4.000000,4.000000,4.000000,4.000000,4.000000,4.000000,4.000000,4.000000,4.000000,2.000000,4.000000,4.000000,4.000000,4.000000,4.000000,4.000000,4.000000,4.000000,4.000000,4.000000,4.000000,4.000000,4.000000,83.333336
1614076773.919219,4.000000,0.000000,6.495735,8.710614,10.379895,14.027506,11.903770,19.251143,8.302522,12.816174,13.544538,14.027624,8.262626,9.956557,-12.050179,3.234156,5.771635,57.862373,7.166940,40.081596,5.777267,-9.389277,-7.111082,7.335382,-3.433140,5.162027,3.641813,0.000083,7.765280,-0.280695,4.967264,14.999259,11.947976,19.045666,0.000000,163.000000,4.000000,,,,0.000000,4.000000,4.000000,4.000000,4.000000,4.000000,4.000000,4.000000,4.000000,4.000000,4.000000,4.000000,4.000000,4.000000,4.000000,4.000000,4.000000,4.000000,4.000000,2.000000,4.000000,4.000000,4.000000,4.000000,4.000000,4.000000,4.000000,4.000000,4.000000,4.000000,4.000000,4.000000,4.000000,83.333336
1614076773.926968,5.000000,0.000000,5.976419,8.189083,11.907976,12.987837,10.866225,19.744713,8.294220,11.777717,14.043814,17.090519,7.228722,9.433781,-12.038129,9.897589,5.253043,59.855793,5.108490,44.656898,0.643284,-11.431170,-7.103971,10.404970,-3.429707,5.156866,3.125351,0.512903,9.808797,-0.280414,5.475117,14.984260,11.936028,18.000978,0.000000,213.000000,4.000000,,,,0.000000,4.000000,4.000000,4.000000,4.000000,4.000000,4.000000,4.000000,4.000000,4.000000,4.000000,4.000000,4.000000,4.000000,4.000000,4.000000,4.000000,4.000000,4.000000,2.000000,4.000000,4.000000,4.000000,4.000000,4.000000,4.000000,4.000000,4.000000,4.000000,4.000000,4.000000,4.000000,4.000000,83.333336
1614076773.934618,6.000000,0.000000,5.970443,9.206534,10.357607,11.436387,11.368179,14.083942,6.747464,12.791579,10.952847,6.817019,2.606109,9.424347,-12.026091,7.836409,4.734969,63.385681,5.616203,45.637882,-10.126590,-9.368456,-7.096867,7.317642,-3.939097,5.151709,3.122225,-0.000430,11.850270,-0.280134,1.879898,14.969275,11.924092,15.418876,0.000000,208.000000,4.000000,,,,0.000000,4.000000,4.000000,4.000000,4.000000,4.000000,4.000000,4.000000,4.000000,4.000000,4.000000,4.000000,4.000000,4.000000,4.000000,4.000000,4.000000,4.000000,4.000000,2.000000,4.000000,4.000000,4.000000,4.000000,4.000000,4.000000,4.000000,4.000000,4.000000,4.000000,4.000000,4.000000,4.000000,83.333336
1614076773.942467,7.000000,0.000000,5.964472,8.684507,7.783147,9.886490,11.869632,12.531397,4.689434,13.804429,6.839330,-2.933388,-2.524702,9.927743,-11.501244,-0.889376,7.294337,67.424858,6.636228,43.028145,-9.603642,-6.794985,-6.576949,-1.920445,-2.909517,5.146557,3.631924,-0.000430,9.787138,-0.279854,-1.711725,14.954307,11.912168,15.403457,0.000000,176.000000,4.000000,,,,0.000000,4.000000,4.000000,4.000000,4.000000,4.000000,4.000000,4.000000,4.000000,4.000000,4.000000,4.000000,4.000000,4.000000,4.000000,4.000000,4.000000,4.000000,4.000000,2.000000,4.000000,4.000000,4.000000,4.000000,4.000000,4.000000,4.000000,4.000000,4.000000,4.000000,4.000000,4.000000,4.000000,83.333336
1614076773.950216,8.000000,0.000000,5.958508,8.675823,7.775364,8.850962,11.344942,14.057327,4.171924,11.739343,5.294029,-7.033019,-5.086280,9.917815,-12.002563,-4.478230,6.774222,44.793331,6.629591,22.985115,-3.953013,-5.762549,-7.596013,-1.918524,-0.855326,5.141410,3.115471,-0.000430,7.726069,-0.279574,1.366909,14.939352,11.900255,15.388053,0.000000,214.000000,4.000000,,,,0.000000,4.000000,4.000000,4.000000,4.000000,4.000000,4.000000,4.000000,4.000000,4.000000,4.000000,4.000000,4.000000,4.000000,4.000000,4.000000,4.000000,4.000000,4.000000,2.000000,4.000000,4.000000,4.000000,4.000000,4.000000,4.000000,4.000000,4.000000,4.000000,4.000000,4.000000,4.000000,4.000000,83.333336
1614076773.958065,9.000000,0.000000,5.952549,8.667148,7.767589,9.354932,10.820777,13.530449,4.167752,11.727603,5.801556,-6.513165,-3.029912,9.395077,-10.452099,-2.935291,4.203345,19.107512,5.597321,6.039053,-3.949060,-6.782428,-7.075597,3.211599,0.171171,5.649089,3.112356,-0.000429,7.718343,-0.279294,4.955286,14.924413,11.888355,15.372665,0.000000,200.000000,4.000000,,,,0.000000,4.000000,4.000000,4.000000,4.000000,4.000000,4.000000,4.000000,4.000000,4.000000,4.000000,4.000000,4.000000,4.000000,4.000000,4.000000,4.000000,4.000000,4.000000,2.000000,4.000000,4.000000,4.000000,4.000000,4.000000,4.000000,4.000000,4.000000,4.000000,4.000000,4.000000,4.000000,4.000000,83.333336
1614076773.965814,10.000000,0.000000,5.946597,8.658480,8.272641,9.345576,11.322776,9.927176,4.163585,17.356901,5.795754,-5.993832,5.178246,9.898502,-5.313442,4.759952,15.994014,51.908916,8.668647,35.776604,1.695915,-2.673081,-2.965957,3.721208,0.683820,5.130620,8.237449,-0.000429,7.710624,-0.279015,5.463151,14.909488,11.876467,15.357292,0.000000,202.000000,4.000000,,,,0.000000,4.000000,4.000000,4.000000,4.000000,4.000000,4.000000,4.000000,4.000000,4.000000,4.000000,4.000000,4.000000,4.000000,4.000000,4.000000,4.000000,4.000000,4.000000,2.000000,4.000000,4.000000,4.000000,4.000000,4.000000,4.000000,4.000000,4.000000,4.000000,4.000000,4.000000,4.000000,4.000000,83.333336
1614076773.973663,11.000000,0.000000,5.940650,9.162642,6.725907,9.336231,10.285812,6.327504,4.159421,13.749801,5.789958,-8.551940,8.762812,9.888604,-3.769667,7.832115,26.747250,84.677521,14.301003,60.356213,1.694219,1.432156,-2.450171,3.204666,0.683136,5.125489,14.383058,-0.000428,7.702914,-0.278736,7.508970,14.894579,11.864591,15.341935,0.000000,213.000000,4.000000,,,,0.000000,4.000000,4.000000,4.000000,4.000000,4.000000,4.000000,4.000000,4.000000,4.000000,4.000000,4.000000,4.000000,4.000000,4.000000,4.000000,4.000000,4.000000,4.000000,2.000000,4.000000,4.000000,4.000000,4.000000,4.000000,4.000000,4.000000,4.000000,4.000000,4.000000,4.000000,4.000000,4.000000,83.333336
1614076773.981412,12.000000,0.000000,5.934710,8.640659,4.667899,9.839715,3.096040,5.295536,4.155262,-1.648564,5.784169,-12.645952,-3.040823,5.263330,-10.945384,-2.944948,5.694862,52.285152,8.645677,27.988163,-16.769014,-8.312866,-6.550284,0.637359,-3.932932,6.146005,14.881495,-0.000428,7.695211,-0.278457,9.552743,14.879684,11.852726,15.326593,0.000000,189.000000,4.000000,,,,0.000000,4.000000,4.000000,4.000000,4.000000,4.000000,4.000000,4.000000,4.000000,4.000000,4.000000,4.000000,4.000000,4.000000,4.000000,4.000000,4.000000,4.000000,4.000000,2.000000,4.000000,4.000000,4.000000,4.000000,4.000000,4.000000,4.000000,4.000000,4.000000,4.000000,4.000000,4.000000,4.000000,83.333336
1614076773.989261,13.000000,0.000000,5.928775,8.632018,3.637590,8.804235,-3.573723,5.803061,1.587004,-3.698198,5.778385,-14.171768,-15.858294,-3.972702,-16.575464,-11.147131,-17.900576,25.566200,-7.260405,6.421714,-17.265066,-17.535322,-7.569375,-7.568406,-10.595665,4.601397,13.840972,0.512393,7.687516,-0.278179,9.030370,14.864804,11.840874,15.311267,0.000000,198.000000,4.000000,,,,0.000000,4.000000,4.000000,4.000000,4.000000,4.000000,4.000000,4.000000,4.000000,4.000000,4.000000,4.000000,4.000000,4.000000,4.000000,4.000000,4.000000,4.000000,4.000000,2.000000,4.000000,4.000000,4.000000,4.000000,4.000000,4.000000,4.000000,4.000000,4.000000,4.000000,4.000000,4.000000,4.000000,83.333336
1614076773.997010,14.000000,0.000000,5.922846,9.649028,4.146773,9.821072,-4.595790,5.797258,0.559776,5.023449,6.285427,-13.644775,-15.842437,-9.096934,-20.148632,-10.110343,-20.446777,44.002171,-12.894170,21.799908,-0.324724,-17.004967,-7.561806,-12.176223,-11.610711,-0.018589,14.852772,-0.000940,7.679828,-0.277900,9.021339,15.362760,11.829032,16.321596,0.000000,205.000000,4.000000,,,,0.000000,4.000000,4.000000,4.000000,4.000000,4.000000,4.000000,4.000000,4.000000,4.000000,4.000000,4.000000,4.000000,4.000000,4.000000,4.000000,4.000000,4.000000,4.000000,2.000000,4.000000,4.000000,4.000000,4.000000,4.000000,4.000000,4.000000,4.000000,4.000000,4.000000,4.000000,4.000000,4.000000,83.333336
1614076774.004859,15.000000,0.000000,5.916923,6.562455,4.142626,9.811251,-3.565554,5.278640,0.559216,-2.673882,4.740680,-13.631131,-14.288133,-9.087837,-27.307972,-18.305361,-27.092999,25.496632,-12.368455,9.983236,-9.555168,-21.603346,-11.143988,-10.625585,-10.060638,-2.582673,14.837919,-0.513759,7.672148,-0.277623,9.012319,14.834577,12.330024,14.766813,0.000000,223.000000,4.000000,,,,0.000000,4.000000,4.000000,4.000000,4.000000,4.000000,4.000000,4.000000,4.000000,4.000000,4.000000,4.000000,4.000000,4.000000,4.000000,4.000000,4.000000,4.000000,4.000000,2.000000,4.000000,4.000000,4.000000,4.000000,4.000000,4.000000,4.000000,4.000000,4.000000,4.000000,4.000000,4.000000,4.000000,83.333336
1614076774.012608,16.000000,0.000000,5.911006,-0.623594,4.138484,3.134773,-4.074809,1.683618,-0.466984,-13.440439,2.171836,-14.130321,-16.325127,-9.078750,-30.357586,-24.953722,-27.578726,9.060878,-13.381728,13.050176,-18.263561,-21.581743,-8.568741,-4.973934,-11.076219,-2.067270,13.797441,0.512395,7.664476,-0.277345,7.464844,14.819742,11.804873,11.162303,0.000000,221.000000,4.000000,,,,0.000000,4.000000,4.000000,4.000000,4.000000,4.000000,4.000000,4.000000,4.000000,4.000000,4.000000,4.000000,4.000000,4.000000,4.000000,4.000000,4.000000,4.000000,4.000000,2.000000,4.000000,4.000000,4.000000,4.000000,4.000000,4.000000,4.000000,4.000000,4.000000,4.000000,4.000000,4.000000,4.000000,83.333336
1614076774.020457,17.000000,0.000000,5.905095,-3.187073,4.134346,-5.073491,-4.070734,-1.394989,-2.517799,-8.811614,2.169665,-13.603370,-12.206238,-9.069671,-22.634922,-12.621076,-4.474224,41.872330,-8.752961,45.857639,4.831625,-5.149905,-0.867865,-3.430498,-10.552322,-2.065202,14.296463,-0.000938,8.169632,-0.277068,4.893277,15.317743,12.305889,9.099858,0.000000,176.000000,4.000000,,,,0.000000,4.000000,4.000000,4.000000,4.000000,4.000000,4.000000,4.000000,4.000000,4.000000,4.000000,4.000000,4.000000,4.000000,4.000000,4.000000,4.000000,4.000000,4.000000,2.000000,4.000000,4.000000,4.000000,4.000000,4.000000,4.000000,4.000000,4.000000,4.000000,4.000000,4.000000,4.000000,4.000000,83.333336
1614076774.028206,18.000000,0.000000,5.899190,-2.158245,4.643032,-6.094058,-3.553843,-1.393594,-4.566564,-4.700238,2.680315,-13.589767,-4.501723,-9.060601,-19.022543,-1.839224,2.709738,54.650970,-2.077542,35.555370,14.057563,1.521912,-0.354176,-13.170657,-10.541770,-2.063137,14.282167,-4.103501,6.110180,-0.276790,2.324281,12.738322,12.293583,6.013835,0.000000,206.000000,4.000000,,,,0.000000,4.000000,4.000000,4.000000,4.000000,4.000000,4.000000,4.000000,4.000000,4.000000,4.000000,4.000000,4.000000,4.000000,4.000000,4.000000,4.000000,4.000000,4.000000,2.000000,4.000000,4.000000,4.000000,4.000000,4.000000,4.000000,4.000000,4.000000,4.000000,4.000000,4.000000,4.000000,4.000000,83.333336
1614076774.036055,19.000000,0.000000,5.893291,-2.668907,4.125568,-4.549502,-3.550289,-1.392200,-6.613279,-6.233999,2.164814,-13.576177,-2.958760,-9.051540,-19.516340,-3.375846,-2.933998,36.134781,-3.613926,3.212123,-3.392392,-4.633456,-3.430745,-16.747231,-11.044048,-3.086715,12.216602,-8.201962,4.052788,-0.276514,0.783495,6.058918,8.691545,0.879617,0.000000,201.000000,4.000000,,,,0.000000,4.000000,4.000000,4.000000,4.000000,4.000000,4.000000,4.000000,4.000000,4.000000,4.000000,4.000000,4.000000,4.000000,4.000000,4.000000,4.000000,4.000000,4.000000,2.000000,4.000000,4.000000,4.000000,4.000000,4.000000,4.000000,4.000000,4.000000,4.000000,4.000000,4.000000,4.000000,4.000000,83.333336
1614076774.043804,20.000000,0.000000,5.887398,-2.666239,4.121442,-5.570594,-3.546739,-1.390808,-7.119486,-3.150842,2.675470,-13.562600,-3.468622,-7.504028,-10.266055,-2.859650,13.992013,63.790955,-0.020568,31.414040,-6.978744,-0.013438,-3.427314,-1.345868,-9.494543,-5.647731,10.153104,-6.655298,3.535915,-0.276237,0.782712,3.488756,4.067470,0.365916,0.000000,174.000000,4.000000,,,,0.000000,4.000000,4.000000,4.000000,4.000000,4.000000,4.000000,4.000000,4.000000,4.000000,4.000000,4.000000,4.000000,4.000000,4.000000,4.000000,4.000000,4.000000,4.000000,2.000000,4.000000,4.000000,4.000000,4.000000,4.000000,4.000000,4.000000,4.000000,4.000000,4.000000,4.000000,4.000000,4.000000,83.333336
1614076774.051453,21.000000,0.000000,5.881510,-2.150752,5.142962,-5.565023,-3.543192,-0.876597,-6.599546,-2.634871,2.672795,-13.549038,-3.465153,-4.932421,-7.691687,-4.395252,17.567764,57.060497,6.133298,38.049290,-3.382021,1.525037,-2.911067,9.424709,-6.920946,-5.642083,11.681413,-3.571719,4.558020,-0.275961,0.269109,6.049370,4.063402,1.391192,0.000000,195.000000,4.000000,,,,0.000000,4.000000,4.000000,4.000000,4.000000,4.000000,4.000000,4.000000,4.000000,4.000000,4.000000,4.000000,4.000000,4.000000,4.000000,4.000000,4.000000,4.000000,4.000000,2.000000,4.000000,4.000000,4.000000,4.000000,4.000000,4.000000,4.000000,4.000000,4.000000,4.000000,4.000000,4.000000,4.000000,83.333336
1614076774.059202,22.000000,0.000000,6.388449,-2.661422,2.060896,-5.046638,-3.026828,-3.952643,-7.105767,-7.247621,-0.919622,-13.535488,-6.538611,-4.414668,-20.504507,-14.134446,-8.090829,24.695744,2.537421,5.703550,-8.506845,-9.758539,-3.420976,4.799900,-8.452486,-3.072339,14.233833,-3.568148,4.040642,-0.275685,1.807301,8.607423,5.084980,-5.276866,0.000000,189.000000,4.000000,,,,0.000000,4.000000,4.000000,4.000000,4.000000,4.000000,4.000000,4.000000,4.000000,4.000000,4.000000,4.000000,4.000000,4.000000,4.000000,4.000000,4.000000,4.000000,4.000000,2.000000,4.000000,4.000000,4.000000,4.000000,4.000000,4.000000,4.000000,4.000000,4.000000,4.000000,4.000000,4.000000,4.000000,83.333336
1614076774.066851,23.000000,0.000000,6.382061,-1.120299,-2.043729,-5.041591,-3.536622,-8.564075,-6.585841,-4.676270,-5.021266,-13.521953,-11.147457,-4.923074,-24.073748,-16.684414,-8.595558,43.132587,0.483602,28.261950,-2.857312,-5.646217,-3.417555,3.256638,-9.469675,-1.530805,14.732420,-3.564579,4.549421,-0.275409,4.369596,7.573175,4.567074,-9.886974,0.000000,180.000000,4.000000,,,,0.000000,4.000000,4.000000,4.000000,4.000000,4.000000,4.000000,4.000000,4.000000,4.000000,4.000000,4.000000,4.000000,4.000000,4.000000,4.000000,4.000000,4.000000,4.000000,2.000000,4.000000,4.000000,4.000000,4.000000,4.000000,4.000000,4.000000,4.000000,4.000000,4.000000,4.000000,4.000000,4.000000,83.333336
1614076774.074601,24.000000,0.000000,5.350038,0.932104,-3.580147,-5.036550,-5.584367,-9.068332,-4.527973,1.995072,-5.529065,-13.508431,-11.649130,-4.918151,-15.844544,-11.539525,6.797653,75.909966,5.611323,61.054199,8.940417,1.026096,-2.901317,2.740561,-7.408923,-2.042094,13.692047,-1.509733,7.108974,-0.275134,4.365227,7.052781,4.049687,-5.261703,0.000000,208.000000,4.000000,,,,0.000000,4.000000,4.000000,4.000000,4.000000,4.000000,4.000000,4.000000,4.000000,4.000000,4.000000,4.000000,4.000000,4.000000,4.000000,4.000000,4.000000,4.000000,4.000000,2.000000,4.000000,4.000000,4.000000,4.000000,4.000000,4.000000,4.000000,4.000000,4.000000,4.000000,4.000000,4.000000,4.000000,83.333336
1614076774.082250,25.000000,0.000000,6.370328,1.956813,-3.063746,-5.031513,-7.630065,-6.495161,-2.472163,0.967436,-5.010715,-13.494923,-11.124660,-4.913233,-19.418444,-9.476704,-6.542479,43.526363,0.990327,28.685453,4.828913,-10.769802,-3.411236,-1.877564,-7.914335,-2.040052,14.191175,0.543059,8.640327,-0.274859,6.412144,8.584189,7.122560,-1.666697,0.000000,196.000000,4.000000,,,,0.000000,4.000000,4.000000,4.000000,4.000000,4.000000,4.000000,4.000000,4.000000,4.000000,4.000000,4.000000,4.000000,4.000000,4.000000,4.000000,4.000000,4.000000,4.000000,2.000000,4.000000,4.000000,4.000000,4.000000,4.000000,4.000000,4.000000,4.000000,4.000000,4.000000,4.000000,4.000000,4.000000,83.333336
1614076774.089999,26.000000,0.000000,5.851138,1.954856,-2.547862,-4.513661,-7.109614,-4.950204,-2.982512,-2.623275,-5.518526,-13.481428,-11.113536,-4.908319,-27.604153,-11.005689,-20.382090,25.534121,-7.728611,1.477281,-5.945147,-16.400057,-3.407825,-0.850046,-10.470523,-2.038012,15.202625,0.542516,5.041943,-0.274584,11.533937,8.062785,9.166719,-3.203492,0.000000,95.000000,4.000000,,,,0.000000,4.000000,4.000000,4.000000,4.000000,4.000000,4.000000,4.000000,4.000000,4.000000,4.000000,4.000000,4.000000,4.000000,4.000000,4.000000,4.000000,4.000000,4.000000,2.000000,4.000000,4.000000,4.000000,4.000000,4.000000,4.000000,4.000000,4.000000,4.000000,4.000000,4.000000,4.000000,4.000000,83.333336
1614076774.097648,27.000000,0.000000,0.204261,0.927260,-4.596596,-6.560430,-7.102505,-5.458075,-2.979529,-2.620651,-5.513007,-13.467946,-11.615243,-4.903411,-27.063728,-10.994682,-12.156579,58.329098,-6.695242,31.732214,-7.477664,-8.178529,-3.917238,1.714907,-10.972873,-1.523154,11.597679,-1.509309,-0.091304,-2.325591,8.958300,-0.663226,5.567810,-3.200289,0.000000,205.000000,4.000000,,,,0.000000,4.000000,4.000000,4.000000,4.000000,4.000000,4.000000,4.000000,4.000000,4.000000,4.000000,4.000000,4.000000,4.000000,4.000000,4.000000,4.000000,4.000000,4.000000,2.000000,4.000000,4.000000,4.000000,4.000000,4.000000,4.000000,4.000000,4.000000,4.000000,4.000000,4.000000,4.000000,4.000000,83.333336
1614076774.105397,28.000000,0.000000,-4.924149,-1.124949,-10.745846,-9.117971,-9.659505,-5.965437,-3.489370,-1.592390,-5.507494,-13.454478,-12.116448,-4.898508,-26.011024,-10.470867,-7.016218,52.116924,-5.662906,33.238941,-5.418904,-10.221633,-4.426141,-0.338090,-10.961900,-2.547271,6.970697,-3.559082,-0.091212,-4.374548,1.769855,-8.354871,0.946857,-4.222729,0.000000,172.000000,4.000000,,,,0.000000,4.000000,4.000000,4.000000,4.000000,4.000000,4.000000,4.000000,4.000000,4.000000,4.000000,4.000000,4.000000,4.000000,4.000000,4.000000,4.000000,4.000000,4.000000,2.000000,4.000000,4.000000,4.000000,4.000000,4.000000,4.000000,4.000000,4.000000,4.000000,4.000000,4.000000,4.000000,4.000000,83.333336
1614076774.113046,29.000000,0.000000,-3.380763,-2.149466,-14.837664,-8.596033,-10.675487,-4.933830,-2.460239,-1.590797,-4.989166,-13.441024,-10.565870,-4.893609,-25.985014,-10.460397,-9.060484,36.680191,-8.221345,6.539037,-7.977587,-17.390898,-6.985817,0.687889,-10.438118,-6.647288,5.938085,-3.555522,0.934520,-3.857353,0.229623,-5.269593,0.433090,-5.756968,0.000000,175.000000,4.000000,,,,0.000000,4.000000,4.000000,4.000000,4.000000,4.000000,4.000000,4.000000,4.000000,4.000000,4.000000,4.000000,4.000000,4.000000,4.000000,4.000000,4.000000,4.000000,4.000000,2.000000,4.000000,4.000000,4.000000,4.000000,4.000000,4.000000,4.000000,4.000000,4.000000,4.000000,4.000000,4.000000,4.000000,83.333336
1614076774.120795,30.000000,0.000000,-0.813279,-2.660136,-14.310006,-9.100258,-11.177631,-4.928896,-1.944959,-3.640489,-5.496997,-13.427583,-8.504023,-4.888716,-23.907745,-10.962756,-9.051423,53.566589,-9.238765,4.481216,-11.559353,-18.911968,-11.594216,-2.389722,-10.427680,-9.204743,6.957788,-3.551967,-2.656158,-3.853495,1.767855,-3.213041,0.945477,-5.238390,0.000000,195.000000,4.000000,,,,0.000000,4.000000,4.000000,4.000000,4.000000,4.000000,4.000000,4.000000,4.000000,4.000000,4.000000,4.000000,4.000000,4.000000,4.000000,4.000000,4.000000,4.000000,4.000000,2.000000,4.000000,4.000000,4.000000,4.000000,4.000000,4.000000,4.000000,4.000000,4.000000,4.000000,4.000000,4.000000,4.000000,83.333336
1614076774.128444,31.000000,0.000000,-1.838107,-2.657476,-15.321337,-9.091157,-11.166453,-6.462430,-4.507116,-5.688130,-5.491500,-13.414155,-8.495519,-4.883827,-22.858198,-9.926153,-9.555192,45.307892,-9.229527,14.733146,-8.470871,-16.328955,-10.044160,-14.182204,-11.442893,-9.708360,5.925189,-4.061235,-2.653502,-4.362463,1.253267,-5.261110,-0.081109,-4.207511,0.000000,189.000000,4.000000,,,,0.000000,4.000000,4.000000,4.000000,4.000000,4.000000,4.000000,4.000000,4.000000,4.000000,4.000000,4.000000,4.000000,4.000000,4.000000,4.000000,4.000000,4.000000,4.000000,2.000000,4.000000,4.000000,4.000000,4.000000,4.000000,4.000000,4.000000,4.000000,4.000000,4.000000,4.000000,4.000000,4.000000,83.333336
1614076774.136293,32.000000,0.000000,0.727834,2.986207,-10.690631,-4.979502,-6.027082,-1.840582,-0.912866,-3.118340,-1.383445,-13.400741,-2.333177,-4.878943,-18.732775,-3.762381,-2.366150,39.108738,-3.066451,24.974823,0.768369,-4.004933,1.247935,-4.937253,-5.277604,-10.211472,10.021828,-3.031533,4.528638,-3.332459,0.739193,1.410818,0.944613,2.976184,8064.000000,0.000000,4.000000,,,,0.000000,4.000000,4.000000,4.000000,4.000000,4.000000,4.000000,4.000000,4.000000,4.000000,4.000000,4.000000,4.000000,4.000000,4.000000,4.000000,4.000000,4.000000,4.000000,2.000000,4.000000,4.000000,4.000000,4.000000,4.000000,4.000000,4.000000,4.000000,4.000000,4.000000,4.000000,4.000000,4.000000,83.333336
1614076774.144043,33.000000,0.000000,5.342490,9.137067,2.140573,-0.871958,0.132791,7.904848,6.267534,1.500163,4.258965,-13.387341,6.899926,-4.361244,-12.560196,3.420869,9.431088,67.787582,8.218667,37.257542,4.870165,10.870867,12.015918,19.170250,3.445622,-4.560235,17.191294,-0.464399,8.626674,-0.765024,1.251274,13.717099,3.507771,11.691156,8064.000000,0.000000,4.000000,,,,0.000000,4.000000,4.000000,4.000000,4.000000,4.000000,4.000000,4.000000,4.000000,4.000000,4.000000,4.000000,4.000000,4.000000,4.000000,4.000000,4.000000,4.000000,4.000000,2.000000,4.000000,4.000000,4.000000,4.000000,4.000000,4.000000,4.000000,4.000000,4.000000,4.000000,4.000000,4.000000,4.000000,83.333336
1614076774.151892,34.000000,0.000000,5.337148,9.127930,9.317919,-0.871086,0.645479,10.973866,3.697164,0.473022,6.305987,-13.373953,2.277641,-4.869703,-11.521995,3.930269,4.806273,67.719795,7.184807,38.245922,4.865295,12.911278,10.465441,16.074156,3.442177,4.162274,16.661282,0.561706,7.592406,0.261382,1.250023,16.267485,4.529904,12.192286,8064.000000,0.000000,4.000000,,,,0.000000,4.000000,4.000000,4.000000,4.000000,4.000000,4.000000,4.000000,4.000000,4.000000,4.000000,4.000000,4.000000,4.000000,4.000000,4.000000,4.000000,4.000000,4.000000,2.000000,4.000000,4.000000,4.000000,4.000000,4.000000,4.000000,4.000000,4.000000,4.000000,4.000000,4.000000,4.000000,4.000000,83.333336
1614076774.159641,35.000000,0.000000,2.767708,9.631622,8.795781,-1.895856,0.132013,9.424431,-5.537302,-2.604374,5.786861,-13.360579,-9.519508,-6.916115,-14.074575,1.875056,-5.454944,51.754635,-0.514685,42.823063,5.373250,7.257341,3.275488,-8.044482,-1.689471,5.183753,12.542056,0.048324,7.584814,-0.251700,1.248773,14.199935,5.038195,12.692914,8064.000000,0.000000,4.000000,,,,0.000000,4.000000,4.000000,4.000000,4.000000,4.000000,4.000000,4.000000,4.000000,4.000000,4.000000,4.000000,4.000000,4.000000,4.000000,4.000000,4.000000,4.000000,4.000000,2.000000,4.000000,4.000000,4.000000,4.000000,4.000000,4.000000,4.000000,4.000000,4.000000,4.000000,4.000000,4.000000,4.000000,83.333336
1614076774.167490,36.000000,0.000000,2.252120,11.160452,8.274164,-0.868320,0.644701,10.440647,-7.583047,-2.088949,5.781074,-13.347219,-12.074091,-8.447660,-15.598963,0.847540,-4.423848,70.164421,-1.026991,53.036648,-0.273149,-1.467865,-1.343172,-16.754387,-4.251884,2.614467,13.555155,0.048276,8.090050,-0.251448,1.247524,15.211376,7.597259,21.398169,8064.000000,0.000000,4.000000,,,,0.000000,4.000000,4.000000,4.000000,4.000000,4.000000,4.000000,4.000000,4.000000,4.000000,4.000000,4.000000,4.000000,4.000000,4.000000,4.000000,4.000000,4.000000,4.000000,2.000000,4.000000,4.000000,4.000000,4.000000,4.000000,4.000000,4.000000,4.000000,4.000000,4.000000,4.000000,4.000000,4.000000,83.333336
1614076774.175239,37.000000,0.000000,1.224227,4.995446,3.137685,-0.867451,-2.945687,6.840463,-8.088284,-1.574040,6.288114,-13.333871,-12.574838,-8.439213,-21.224388,-2.743051,-9.547629,61.376308,-4.615707,30.932331,-9.503645,-17.363832,-8.521317,-14.173530,-10.401478,1.073391,8.413395,0.561048,6.030677,-0.251197,1.246277,14.683344,8.615303,18.812668,8064.000000,0.000000,4.000000,,,,0.000000,4.000000,4.000000,4.000000,4.000000,4.000000,4.000000,4.000000,4.000000,4.000000,4.000000,4.000000,4.000000,4.000000,4.000000,4.000000,4.000000,4.000000,4.000000,2.000000,4.000000,4.000000,4.000000,4.000000,4.000000,4.000000,4.000000,4.000000,4.000000,4.000000,4.000000,4.000000,4.000000,83.333336
1614076774.183088,38.000000,0.000000,-1.853920,-2.701858,-3.019299,-2.917866,-7.558126,-1.884326,-10.131478,-4.649389,5.769005,-13.320538,-15.126366,-8.943594,-25.818550,-5.817231,-20.307312,29.007238,-12.816220,0.644988,-8.468500,-26.064419,-14.666641,-13.646536,-14.493641,-5.594349,-2.364249,-1.490795,3.973365,-0.250945,-0.806252,11.591738,8.093866,4.434882,8064.000000,0.000000,4.000000,,,,0.000000,4.000000,4.000000,4.000000,4.000000,4.000000,4.000000,4.000000,4.000000,4.000000,4.000000,4.000000,4.000000,4.000000,4.000000,4.000000,4.000000,4.000000,4.000000,2.000000,4.000000,4.000000,4.000000,4.000000,4.000000,4.000000,4.000000,4.000000,4.000000,4.000000,4.000000,4.000000,4.000000,83.333336
1614076774.190837,39.000000,0.000000,-1.852067,-2.699156,-0.964997,-4.453410,-6.524927,-5.472185,-8.070065,-5.670380,6.276056,-12.281576,-8.957393,-7.909010,-20.664526,-3.760132,-9.004954,48.465408,-8.188019,16.541779,-3.331827,-17.320404,-8.498128,-11.068787,-9.863762,-12.768242,5.330423,-3.540586,3.969391,-0.250694,-2.856728,10.554505,8.085773,-1.210579,8064.000000,0.000000,4.000000,,,,0.000000,4.000000,4.000000,4.000000,4.000000,4.000000,4.000000,4.000000,4.000000,4.000000,4.000000,4.000000,4.000000,4.000000,4.000000,4.000000,4.000000,4.000000,4.000000,2.000000,4.000000,4.000000,4.000000,4.000000,4.000000,4.000000,4.000000,4.000000,4.000000,4.000000,4.000000,4.000000,4.000000,83.333336
1614076774.198686,40.000000,0.000000,-1.850214,-2.696457,0.574429,-2.397674,-3.954299,-5.466713,-7.036354,-2.587787,6.269780,-9.192371,-3.307410,-4.824178,-15.002835,-3.243551,9.978410,81.237457,4.640682,46.781647,-1.790033,-7.046674,1.766780,-7.980795,-6.776976,-10.191371,31.478939,-3.537046,3.965422,-0.250444,-2.341050,11.056771,8.077687,1.354734,8064.000000,0.000000,4.000000,,,,0.000000,4.000000,4.000000,4.000000,4.000000,4.000000,4.000000,4.000000,4.000000,4.000000,4.000000,4.000000,4.000000,4.000000,4.000000,4.000000,4.000000,4.000000,4.000000,2.000000,4.000000,4.000000,4.000000,4.000000,4.000000,4.000000,4.000000,4.000000,4.000000,4.000000,4.000000,4.000000,4.000000,83.333336
1614076774.206435,41.000000,0.000000,-1.848364,-2.180940,0.573855,-0.856815,-1.899063,-5.974067,-6.003676,-2.072378,5.750690,-6.619076,-3.816923,-5.332174,-14.475012,-2.727487,9.968431,58.592117,7.712964,32.888710,-2.813884,-6.013987,4.841937,-7.459993,-6.257378,-5.565795,54.524384,-3.533509,3.961457,-0.763014,-2.338709,11.045714,8.069610,0.327739,8064.000000,0.000000,4.000000,,,,0.000000,4.000000,4.000000,4.000000,4.000000,4.000000,4.000000,4.000000,4.000000,4.000000,4.000000,4.000000,4.000000,4.000000,4.000000,4.000000,4.000000,4.000000,4.000000,2.000000,4.000000,4.000000,4.000000,4.000000,4.000000,4.000000,4.000000,4.000000,4.000000,4.000000,4.000000,4.000000,4.000000,83.333336
1614076774.214284,42.000000,0.000000,2.768869,1.923805,5.701486,-1.368778,0.154118,-0.327067,0.668994,-2.070306,6.770580,-4.561175,1.315099,-4.301201,-12.922075,4.967548,5.343079,38.533524,5.653969,12.343002,-7.939275,-7.033614,3.811454,-6.426893,-3.687018,-5.560229,65.751907,-3.529975,3.957495,-0.249430,-2.336370,11.034669,8.061540,0.840231,8064.000000,0.000000,4.000000,,,,0.000000,4.000000,4.000000,4.000000,4.000000,4.000000,4.000000,4.000000,4.000000,4.000000,4.000000,4.000000,4.000000,4.000000,4.000000,4.000000,4.000000,4.000000,4.000000,2.000000,4.000000,4.000000,4.000000,4.000000,4.000000,4.000000,4.000000,4.000000,4.000000,4.000000,4.000000,4.000000,4.000000,83.333336
1614076774.222033,43.000000,0.000000,8.407125,6.024446,8.259887,-1.880230,-0.871677,5.314286,5.283710,-0.529774,4.712528,-6.607896,-0.737498,1.344126,-10.857871,8.552324,9.953120,69.777046,6.673956,33.869122,-14.085182,-5.488119,1.756360,-3.856363,-3.683331,-6.067490,62.096413,-3.526445,3.953537,1.802101,-0.282752,11.023634,8.053478,3.403494,8064.000000,0.000000,4.000000,,,,0.000000,4.000000,4.000000,4.000000,4.000000,4.000000,4.000000,4.000000,4.000000,4.000000,4.000000,4.000000,4.000000,4.000000,4.000000,4.000000,4.000000,4.000000,4.000000,2.000000,4.000000,4.000000,4.000000,4.000000,4.000000,4.000000,4.000000,4.000000,4.000000,4.000000,4.000000,4.000000,4.000000,83.333336
1614076774.229882,44.000000,0.000000,9.937180,5.505601,4.661884,-1.365530,-2.922087,-0.332054,4.765605,-9.760014,-3.497313,-15.832057,-15.608556,-1.221321,-10.847013,-4.276741,5.327782,72.784187,6.667282,47.168587,-13.558277,-4.969810,-3.886422,-3.852507,-6.243750,-5.035781,50.239445,-3.522919,3.949584,3.851581,1.255992,11.012610,7.532604,3.912911,8064.000000,0.000000,4.000000,,,,0.000000,4.000000,4.000000,4.000000,4.000000,4.000000,4.000000,4.000000,4.000000,4.000000,4.000000,4.000000,4.000000,4.000000,4.000000,4.000000,4.000000,4.000000,4.000000,2.000000,4.000000,4.000000,4.000000,4.000000,4.000000,4.000000,4.000000,4.000000,4.000000,4.000000,4.000000,4.000000,4.000000,83.333336
1614076774.237631,45.000000,0.000000,9.414422,3.961634,5.170043,-0.851343,-9.073011,-5.459928,4.248020,-23.596407,-9.647662,-23.508533,-27.387819,-10.963689,-11.348987,-19.144258,-10.062160,40.403713,3.583692,15.839366,-15.083179,-7.016122,-7.472279,-4.361475,-4.699045,-5.030746,46.086643,-3.519396,3.945634,3.334909,0.741916,10.488777,8.037892,5.447459,8064.000000,0.000000,4.000000,,,,0.000000,4.000000,4.000000,4.000000,4.000000,4.000000,4.000000,4.000000,4.000000,4.000000,4.000000,4.000000,4.000000,4.000000,4.000000,4.000000,4.000000,4.000000,4.000000,2.000000,4.000000,4.000000,4.000000,4.000000,4.000000,4.000000,4.000000,4.000000,4.000000,4.000000,4.000000,4.000000,4.000000,83.333336
1614076774.245480,46.000000,0.000000,9.405007,1.906390,1.575129,-2.901774,-19.320349,-4.941647,4.756592,-20.495888,-9.125194,-26.561947,-28.386072,-11.465546,-11.850458,-17.586653,-13.129022,34.722282,2.041647,2.490193,-14.555276,-4.445004,-7.464807,-3.331472,-2.643064,-6.051356,49.630299,-3.515877,3.941689,3.331574,1.253994,8.939827,8.029855,3.390730,8064.000000,0.000000,4.000000,,,,0.000000,4.000000,4.000000,4.000000,4.000000,4.000000,4.000000,4.000000,4.000000,4.000000,4.000000,4.000000,4.000000,4.000000,4.000000,4.000000,4.000000,4.000000,4.000000,2.000000,4.000000,4.000000,4.000000,4.000000,4.000000,4.000000,4.000000,4.000000,4.000000,4.000000,4.000000,4.000000,4.000000,83.333336
1614076774.253229,47.000000,0.000000,9.908423,0.878843,-6.118754,-5.462975,-20.839489,-5.962347,4.239015,-9.193341,-8.603248,-23.971283,-18.614096,-5.813055,-10.300146,-5.774195,-2.346662,67.508072,3.578067,31.718472,0.843894,2.738929,-3.867599,-3.840961,-3.666062,-5.019663,49.067848,-3.512361,3.937747,3.328243,1.252740,6.879605,7.509004,-2.253687,8064.000000,0.000000,4.000000,,,,0.000000,4.000000,4.000000,4.000000,4.000000,4.000000,4.000000,4.000000,4.000000,4.000000,4.000000,4.000000,4.000000,4.000000,4.000000,4.000000,4.000000,4.000000,4.000000,2.000000,4.000000,4.000000,4.000000,4.000000,4.000000,4.000000,4.000000,4.000000,4.000000,4.000000,4.000000,4.000000,4.000000,83.333336
1614076774.260878,48.000000,0.000000,9.385695,1.390784,-2.522892,-4.944692,-8.510958,-2.366640,4.234776,-5.081583,-9.620286,-10.101158,1.404518,-0.679036,-5.674462,2.436708,4.322351,84.876465,6.138591,49.635471,12.637922,5.813113,3.828577,-4.349941,-2.636755,-2.963362,49.018780,-2.996028,3.933809,3.324914,1.251488,7.898366,9.039956,1.338311,8064.000000,0.000000,4.000000,,,,0.000000,4.000000,4.000000,4.000000,4.000000,4.000000,4.000000,4.000000,4.000000,4.000000,4.000000,4.000000,4.000000,4.000000,4.000000,4.000000,4.000000,4.000000,4.000000,2.000000,4.000000,4.000000,4.000000,4.000000,4.000000,4.000000,4.000000,4.000000,4.000000,4.000000,4.000000,4.000000,4.000000,83.333336
1614076774.268627,49.000000,0.000000,9.376308,1.389393,9.274503,-2.375644,0.728322,6.866496,4.230541,3.641447,-6.020922,7.857661,15.762088,9.065232,-3.104685,3.972733,5.856491,75.047997,6.645273,46.508911,6.471438,5.807300,8.440133,2.833896,0.442805,-1.421937,55.123608,-1.454570,3.929876,3.321589,5.865621,14.044314,12.620660,12.619023,8192.000000,0.000000,4.000000,,,,0.000000,4.000000,4.000000,4.000000,4.000000,4.000000,4.000000,4.000000,4.000000,4.000000,4.000000,4.000000,4.000000,4.000000,4.000000,4.000000,4.000000,4.000000,4.000000,2.000000,4.000000,4.000000,4.000000,4.000000,4.000000,4.000000,4.000000,4.000000,4.000000,4.000000,4.000000,4.000000,4.000000,83.333336
1614076774.276476,50.000000,0.000000,9.366932,1.388004,12.854972,-1.347628,-0.298047,7.885270,4.739131,15.945498,0.138945,14.003650,15.746325,13.671552,-3.614401,4.481580,7.389096,77.024231,7.151448,50.564968,6.977787,6.827134,6.380411,7.959268,1.980824,-1.933335,56.094124,0.598166,3.925946,3.318268,11.500781,20.184116,16.710604,16.196148,8064.000000,0.000000,4.000000,,,,0.000000,4.000000,4.000000,4.000000,4.000000,4.000000,4.000000,4.000000,4.000000,4.000000,4.000000,4.000000,4.000000,4.000000,4.000000,4.000000,4.000000,4.000000,4.000000,2.000000,4.000000,4.000000,4.000000,4.000000,4.000000,4.000000,4.000000,4.000000,4.000000,4.000000,4.000000,4.000000,4.000000,83.333336
1614076774.284225,51.000000,0.000000,9.870386,1.386616,10.278014,-1.859100,-0.297749,2.749180,4.734392,6.185963,3.215729,12.451184,15.730579,6.478393,-3.610786,4.989919,3.791963,56.947208,7.144297,41.796455,11.073374,1.692101,5.348389,3.848744,0.440381,-1.931402,51.935467,0.597568,3.922020,3.314950,11.489280,17.599829,15.155432,14.641491,8064.000000,0.000000,4.000000,,,,0.000000,4.000000,4.000000,4.000000,4.000000,4.000000,4.000000,4.000000,4.000000,4.000000,4.000000,4.000000,4.000000,4.000000,4.000000,4.000000,4.000000,4.000000,4.000000,2.000000,4.000000,4.000000,4.000000,4.000000,4.000000,4.000000,4.000000,4.000000,4.000000,4.000000,4.000000,4.000000,4.000000,83.333336
1614076774.291874,52.000000,0.000000,8.322054,1.385229,11.293378,-1.344421,0.728190,1.720789,3.704016,-7.153557,2.186873,13.464375,15.202028,1.856530,-3.094355,4.984930,-1.340034,32.274876,5.085870,23.805941,-2.783854,-5.489078,1.753297,0.767972,0.439941,-1.929471,49.832249,-2.992773,3.918098,3.824455,8.913688,8.351460,8.986430,15.139669,8064.000000,0.000000,4.000000,,,,0.000000,4.000000,4.000000,4.000000,4.000000,4.000000,4.000000,4.000000,4.000000,4.000000,4.000000,4.000000,4.000000,4.000000,4.000000,4.000000,4.000000,4.000000,4.000000,2.000000,4.000000,4.000000,4.000000,4.000000,4.000000,4.000000,4.000000,4.000000,4.000000,4.000000,4.000000,4.000000,4.000000,83.333336
1614076774.299624,53.000000,0.000000,5.749629,1.383844,12.307725,-1.855897,1.240282,3.257530,4.725954,4.135648,2.184686,12.938089,11.084262,3.393135,-3.091261,4.467124,-0.313053,56.857986,4.567964,30.448801,-11.499019,-4.970768,-6.453584,0.254384,2.490783,-1.414721,44.654213,-6.579524,4.427000,3.307810,7.366313,3.214904,3.849238,15.124530,8064.000000,0.000000,4.000000,,,,0.000000,4.000000,4.000000,4.000000,4.000000,4.000000,4.000000,4.000000,4.000000,4.000000,4.000000,4.000000,4.000000,4.000000,4.000000,4.000000,4.000000,4.000000,4.000000,2.000000,4.000000,4.000000,4.000000,4.000000,4.000000,4.000000,4.000000,4.000000,4.000000,4.000000,4.000000,4.000000,4.000000,83.333336
1614076774.307273,54.000000,0.000000,5.743880,1.382460,10.756956,-1.854041,4.828785,2.228631,5.234048,14.387922,2.695322,12.925152,8.509075,1.851280,-8.216374,2.924195,-3.389663,75.775482,-0.051989,37.597839,-4.308032,-8.555541,-11.575336,-8.463820,-2.127092,-1.413306,35.891609,-7.085765,3.909753,1.253220,5.307664,3.724509,3.332569,17.160688,8064.000000,0.000000,4.000000,,,,0.000000,4.000000,4.000000,4.000000,4.000000,4.000000,4.000000,4.000000,4.000000,4.000000,4.000000,4.000000,4.000000,4.000000,4.000000,4.000000,4.000000,4.000000,4.000000,2.000000,4.000000,4.000000,4.000000,4.000000,4.000000,4.000000,4.000000,4.000000,4.000000,4.000000,4.000000,4.000000,4.000000,83.333336
1614076774.315022,55.000000,0.000000,5.738136,1.381078,11.259020,3.788839,7.388059,1.713582,-0.412212,-4.088004,2.179806,12.912227,0.808259,-1.227494,-16.926107,-0.668473,-15.693966,43.392017,-12.872449,19.098703,-7.380647,-22.393139,-11.563761,-10.506638,-13.407017,-2.950354,33.291615,-7.078679,3.905843,-0.799315,4.276716,4.233605,5.893339,21.758911,8064.000000,0.000000,4.000000,,,,0.000000,4.000000,4.000000,4.000000,4.000000,4.000000,4.000000,4.000000,4.000000,4.000000,4.000000,4.000000,4.000000,4.000000,4.000000,4.000000,4.000000,4.000000,4.000000,2.000000,4.000000,4.000000,4.000000,4.000000,4.000000,4.000000,4.000000,4.000000,4.000000,4.000000,4.000000,4.000000,4.000000,83.333336
1614076774.322671,56.000000,0.000000,3.681116,1.379697,15.863145,9.938896,7.893492,2.224689,-6.565646,-18.442890,2.177626,6.232647,-12.013062,-2.764728,-21.524565,-4.770368,-24.396221,22.835806,-20.551884,6.259091,-13.014293,-30.063053,-11.039376,-0.752541,-18.521814,-6.024327,33.258324,-7.071600,4.414758,-0.285695,4.785260,2.690910,7.425907,22.249973,8064.000000,0.000000,4.000000,,,,0.000000,4.000000,4.000000,4.000000,4.000000,4.000000,4.000000,4.000000,4.000000,4.000000,4.000000,4.000000,4.000000,4.000000,4.000000,4.000000,4.000000,4.000000,4.000000,2.000000,4.000000,4.000000,4.000000,4.000000,4.000000,4.000000,4.000000,4.000000,4.000000,4.000000,4.000000,4.000000,4.000000,83.333336
1614076774.330420,57.000000,0.000000,2.138973,1.378317,18.924206,9.928957,8.398418,2.222465,-7.584721,-7.655216,2.175448,-2.491534,-17.129255,-5.838886,-22.528681,-7.329700,-21.294901,34.607841,-17.454411,10.868217,-2.744868,-27.981709,-10.002696,-5.879993,-14.400728,-5.505482,31.173782,-6.551708,2.871881,-0.285409,4.780474,3.713860,7.931302,22.740543,8064.000000,0.000000,4.000000,,,,0.000000,4.000000,4.000000,4.000000,4.000000,4.000000,4.000000,4.000000,4.000000,4.000000,4.000000,4.000000,4.000000,4.000000,4.000000,4.000000,4.000000,4.000000,4.000000,2.000000,4.000000,4.000000,4.000000,4.000000,4.000000,4.000000,4.000000,4.000000,4.000000,4.000000,4.000000,4.000000,4.000000,83.333336
1614076774.338069,58.000000,0.000000,2.136834,1.376939,18.392460,8.893387,5.313097,2.220242,-6.038675,0.557567,2.173273,-3.514683,-13.009562,-8.397150,-23.018974,-6.809550,-15.632581,35.598873,-14.872852,13.421451,0.334800,-28.979368,-14.095257,-25.361294,-14.899148,-4.474336,29.604147,-11.673362,-1.233555,-2.336406,4.775694,3.710146,7.923370,22.717802,8064.000000,0.000000,4.000000,,,,0.000000,4.000000,4.000000,4.000000,4.000000,4.000000,4.000000,4.000000,4.000000,4.000000,4.000000,4.000000,4.000000,4.000000,4.000000,4.000000,4.000000,4.000000,4.000000,2.000000,4.000000,4.000000,4.000000,4.000000,4.000000,4.000000,4.000000,4.000000,4.000000,4.000000,4.000000,4.000000,4.000000,83.333336
1614076774.345818,59.000000,0.000000,2.134697,1.375562,18.374067,9.910134,0.692399,2.218022,-7.058277,-3.032734,2.171100,-2.485528,-10.945270,-8.901573,-17.867750,-4.238638,-5.360538,52.999172,-16.396441,22.125978,-6.332201,-26.899107,-19.209368,-31.489779,-18.986813,-11.136528,26.497620,-18.328354,-3.796424,-4.385352,4.770918,-0.908948,7.915447,16.541239,8064.000000,0.000000,4.000000,,,,0.000000,4.000000,4.000000,4.000000,4.000000,4.000000,4.000000,4.000000,4.000000,4.000000,4.000000,4.000000,4.000000,4.000000,4.000000,4.000000,4.000000,4.000000,4.000000,2.000000,4.000000,4.000000,4.000000,4.000000,4.000000,4.000000,4.000000,4.000000,4.000000,4.000000,4.000000,4.000000,4.000000,83.333336
1614076774.353468,60.000000,0.000000,2.645383,1.374186,18.355694,9.900225,-1.359575,1.702983,-7.051219,-2.516881,1.656108,-2.995863,-11.447145,-8.379851,-11.183215,-3.208758,5.414053,83.715408,-14.841583,41.078213,1.366439,-15.590157,-8.420927,-22.740339,-15.378083,-16.766417,23.394199,-17.797207,-3.279807,-3.868146,4.766147,-3.984963,7.907531,11.396493,8064.000000,0.000000,4.000000,,,,0.000000,4.000000,4.000000,4.000000,4.000000,4.000000,4.000000,4.000000,4.000000,4.000000,4.000000,4.000000,4.000000,4.000000,4.000000,4.000000,4.000000,4.000000,4.000000,2.000000,4.000000,4.000000,4.000000,4.000000,4.000000,4.000000,4.000000,4.000000,4.000000,4.000000,4.000000,4.000000,4.000000,83.333336
1614076774.361217,61.000000,0.000000,2.129917,1.372812,18.337337,9.377504,0.180246,2.214101,-6.531347,-2.001544,2.167272,-2.992867,-10.922877,-8.371471,-11.172031,-3.205550,5.408639,66.195793,-11.749819,45.139698,12.134303,-7.882258,6.972109,-14.512471,-10.234500,-12.134266,25.934908,-14.702486,-3.276527,-3.864278,4.761381,-1.929696,7.899624,13.436378,8064.000000,0.000000,4.000000,,,,0.000000,4.000000,4.000000,4.000000,4.000000,4.000000,4.000000,4.000000,4.000000,4.000000,4.000000,4.000000,4.000000,4.000000,4.000000,4.000000,4.000000,4.000000,4.000000,2.000000,4.000000,4.000000,4.000000,4.000000,4.000000,4.000000,4.000000,4.000000,4.000000,4.000000,4.000000,4.000000,4.000000,83.333336
1614076774.368866,62.000000,0.000000,-1.974777,1.371439,18.319000,9.368126,0.180066,2.211887,-6.524816,-7.640568,2.165105,-2.477053,-10.911954,-8.363100,-14.750604,-3.202344,-2.289077,33.821903,-11.225248,31.761225,9.558066,-8.387197,5.939496,-7.831292,-9.711445,-5.455465,27.447435,-14.174963,-3.786071,-3.860414,4.756620,0.636337,7.891724,15.474224,8064.000000,0.000000,4.000000,,,,0.000000,4.000000,4.000000,4.000000,4.000000,4.000000,4.000000,4.000000,4.000000,4.000000,4.000000,4.000000,4.000000,4.000000,4.000000,4.000000,4.000000,4.000000,4.000000,2.000000,4.000000,4.000000,4.000000,4.000000,4.000000,4.000000,4.000000,4.000000,4.000000,4.000000,4.000000,4.000000,4.000000,83.333336
1614076774.376615,63.000000,0.000000,-5.049725,1.370068,17.787861,9.358758,-1.871396,1.184034,-6.518291,-9.171389,1.137299,-2.474576,-10.388222,-8.354737,-14.735853,-2.686321,-4.850891,43.531673,-11.726844,23.011515,3.907482,-8.891630,0.292531,-4.233717,-10.214554,-4.937189,26.907167,-12.622326,-3.269464,-3.856553,4.751863,0.122880,7.883832,14.433108,8064.000000,0.000000,4.000000,,,,0.000000,4.000000,4.000000,4.000000,4.000000,4.000000,4.000000,4.000000,4.000000,4.000000,4.000000,4.000000,4.000000,4.000000,4.000000,4.000000,4.000000,4.000000,4.000000,2.000000,4.000000,4.000000,4.000000,4.000000,4.000000,4.000000,4.000000,4.000000,4.000000,4.000000,4.000000,4.000000,4.000000,83.333336
1614076774.384264,64.000000,0.000000,-2.993393,1.368698,18.282894,9.349400,1.720219,2.208491,-7.024593,-4.034012,3.700264,-2.472102,-10.890654,-8.346382,-14.208297,-2.683635,-3.820399,62.975319,-11.715117,24.526964,4.416395,-8.369918,1.830700,-7.819227,-9.691519,-5.957893,27.905901,-10.045601,-3.266195,-3.852696,4.747111,-0.390064,7.875948,14.418675,0.000000,182.000000,4.000000,,,,0.000000,4.000000,4.000000,4.000000,4.000000,4.000000,4.000000,4.000000,4.000000,4.000000,4.000000,4.000000,4.000000,4.000000,4.000000,4.000000,4.000000,4.000000,4.000000,2.000000,4.000000,4.000000,4.000000,4.000000,4.000000,4.000000,4.000000,4.000000,4.000000,4.000000,4.000000,4.000000,4.000000,83.333336
1614076774.392013,65.000000,0.000000,-0.939118,1.367329,20.315893,9.340050,10.949267,6.308846,-6.504748,-0.953055,8.824769,-2.469630,-10.879764,-8.338036,-14.706908,-4.732234,-4.842219,60.861061,-11.190581,24.502438,5.950440,-7.335907,-1.760874,-10.375510,-9.681828,-4.413473,25.826714,-10.035556,-3.262929,-3.848844,4.742364,0.123147,7.868073,14.917077,0.000000,198.000000,4.000000,,,,0.000000,4.000000,4.000000,4.000000,4.000000,4.000000,4.000000,4.000000,4.000000,4.000000,4.000000,4.000000,4.000000,4.000000,4.000000,4.000000,4.000000,4.000000,4.000000,2.000000,4.000000,4.000000,4.000000,4.000000,4.000000,4.000000,4.000000,4.000000,4.000000,4.000000,4.000000,4.000000,4.000000,83.333336
1614076774.399662,66.000000,0.000000,-1.963820,1.365962,21.834038,9.330710,16.066523,9.892282,-4.446961,-2.490563,8.815945,-2.467160,-10.868884,-8.329698,-14.692202,-6.778783,-5.350197,60.800201,-11.692211,20.888191,3.893208,-8.867033,-8.938601,-10.365134,-10.184966,-5.947521,18.621399,-10.538341,-3.259666,-3.844995,4.737622,0.123024,7.860205,14.902161,0.000000,200.000000,4.000000,,,,0.000000,4.000000,4.000000,4.000000,4.000000,4.000000,4.000000,4.000000,4.000000,4.000000,4.000000,4.000000,4.000000,4.000000,4.000000,4.000000,4.000000,4.000000,4.000000,2.000000,4.000000,4.000000,4.000000,4.000000,4.000000,4.000000,4.000000,4.000000,4.000000,4.000000,4.000000,4.000000,4.000000,83.333336
1614076774.407511,67.000000,0.000000,-1.961856,1.364596,21.812204,9.321380,14.511995,9.882389,-2.904053,-1.975252,5.730206,-2.464693,-10.858015,-8.321368,-14.164689,-6.772004,-4.832027,53.047092,-11.680519,23.944225,-3.802993,-15.012012,-10.468123,-10.354770,-10.174781,-8.505676,15.525854,-10.014982,-3.256406,-3.841150,4.732884,0.122901,7.339524,14.374437,0.000000,175.000000,4.000000,,,,0.000000,4.000000,4.000000,4.000000,4.000000,4.000000,4.000000,4.000000,4.000000,4.000000,4.000000,4.000000,4.000000,4.000000,4.000000,4.000000,4.000000,4.000000,4.000000,2.000000,4.000000,4.000000,4.000000,4.000000,4.000000,4.000000,4.000000,4.000000,4.000000,4.000000,4.000000,4.000000,4.000000,83.333336
1614076774.415260,68.000000,0.000000,-1.447074,1.363231,21.790392,9.312057,15.010304,11.410968,-2.901149,-1.460457,5.724475,-2.462228,-10.847157,-8.313046,-14.663344,-6.765233,-6.365656,27.353020,-11.156018,22.894640,-11.491498,-18.586744,-14.560220,-10.857235,-10.164606,-9.009992,16.535969,-10.517787,-3.253150,-3.837309,4.728151,0.122778,7.845005,13.847242,0.000000,189.000000,4.000000,,,,0.000000,4.000000,4.000000,4.000000,4.000000,4.000000,4.000000,4.000000,4.000000,4.000000,4.000000,4.000000,4.000000,4.000000,4.000000,4.000000,4.000000,4.000000,4.000000,2.000000,4.000000,4.000000,4.000000,4.000000,4.000000,4.000000,4.000000,4.000000,4.000000,4.000000,4.000000,4.000000,4.000000,83.333336
1614076774.423109,69.000000,0.000000,-1.445627,1.361868,21.768602,9.302746,15.508114,13.963660,-2.898247,-2.484637,6.231571,-1.946946,-10.836309,-8.304733,-14.135861,-6.758467,-8.410573,16.043615,-12.170503,4.923028,-14.556930,-21.645081,-21.212326,-11.359199,-10.154442,-9.513802,15.493793,-10.507270,-3.249897,-3.833472,4.723423,0.122655,8.349980,17.935959,0.000000,189.000000,4.000000,,,,0.000000,4.000000,4.000000,4.000000,4.000000,4.000000,4.000000,4.000000,4.000000,4.000000,4.000000,4.000000,4.000000,4.000000,4.000000,4.000000,4.000000,4.000000,4.000000,2.000000,4.000000,4.000000,4.000000,4.000000,4.000000,4.000000,4.000000,4.000000,4.000000,4.000000,4.000000,4.000000,4.000000,83.333336
1614076774.430858,70.000000,0.000000,-1.444181,1.360506,21.746834,9.293443,9.338760,11.898414,-2.895349,-4.020614,4.174057,-2.970640,-10.312653,-7.783608,-14.121725,-6.238888,-8.402163,25.258341,-14.722435,-6.876767,-14.542372,-30.341383,-22.729574,-12.886301,-10.144287,-12.068391,12.401376,-10.496762,-3.246647,-3.829638,4.718700,0.122533,5.777528,19.456486,0.000000,188.000000,4.000000,,,,0.000000,4.000000,4.000000,4.000000,4.000000,4.000000,4.000000,4.000000,4.000000,4.000000,4.000000,4.000000,4.000000,4.000000,4.000000,4.000000,4.000000,4.000000,4.000000,2.000000,4.000000,4.000000,4.000000,4.000000,4.000000,4.000000,4.000000,4.000000,4.000000,4.000000,4.000000,4.000000,4.000000,83.333336
1614076774.438707,71.000000,0.000000,-1.442737,1.359146,21.725086,9.284150,3.175575,9.322413,-1.866813,-6.067875,2.118601,-5.531772,-10.302341,-7.263004,-17.697348,-8.283932,-8.393760,29.335648,-15.733354,6.463444,-7.861163,-34.926426,-21.168385,-14.924697,-10.134143,-13.081964,11.876154,-10.486265,-3.243400,-3.825809,4.713981,-0.390411,3.720468,15.334464,0.000000,176.000000,4.000000,,,,0.000000,4.000000,4.000000,4.000000,4.000000,4.000000,4.000000,4.000000,4.000000,4.000000,4.000000,4.000000,4.000000,4.000000,4.000000,4.000000,4.000000,4.000000,4.000000,2.000000,4.000000,4.000000,4.000000,4.000000,4.000000,4.000000,4.000000,4.000000,4.000000,4.000000,4.000000,4.000000,4.000000,83.333336
1614076774.446456,72.000000,0.000000,-1.441294,1.357786,21.703362,9.274865,4.710861,8.800270,1.724798,-6.061808,1.603662,-7.064701,-11.317678,-9.307023,-21.782213,-13.403852,-8.385366,28.280670,-15.204800,16.200569,0.351826,-29.763294,-22.172857,-15.422592,-10.124008,-12.556061,12.377098,-10.475780,-3.240157,-3.821983,4.709267,-0.390020,7.306491,18.396053,0.000000,208.000000,4.000000,,,,0.000000,4.000000,4.000000,4.000000,4.000000,4.000000,4.000000,4.000000,4.000000,4.000000,4.000000,4.000000,4.000000,4.000000,4.000000,4.000000,4.000000,4.000000,4.000000,2.000000,4.000000,4.000000,4.000000,4.000000,4.000000,4.000000,4.000000,4.000000,4.000000,4.000000,4.000000,4.000000,4.000000,83.333336
1614076774.454305,73.000000,0.000000,-1.439853,1.356429,21.681658,9.265591,7.783073,9.304291,5.312817,-2.466002,2.114879,-6.031996,-11.306361,-8.784896,-22.786072,-14.416090,-8.889801,33.380596,-15.702415,9.004882,-4.776731,-26.656609,-21.637863,-10.791785,-10.113885,-12.543505,12.877542,-10.465303,-3.236917,-3.818161,4.704558,0.636011,11.401749,25.557144,0.000000,181.000000,4.000000,,,,0.000000,4.000000,4.000000,4.000000,4.000000,4.000000,4.000000,4.000000,4.000000,4.000000,4.000000,4.000000,4.000000,4.000000,4.000000,4.000000,4.000000,4.000000,4.000000,2.000000,4.000000,4.000000,4.000000,4.000000,4.000000,4.000000,4.000000,4.000000,4.000000,4.000000,4.000000,4.000000,4.000000,83.333336
1614076774.462055,74.000000,0.000000,-1.951234,1.355072,21.659977,9.256325,7.262470,9.294986,5.307504,-4.001998,2.112764,-7.051605,-10.269414,-6.724829,-21.737646,-13.888853,-9.393732,42.065163,-15.173892,9.508698,-12.464262,-27.655594,-17.513660,-4.114327,-10.103770,-13.043781,12.351844,-10.454838,-3.233680,-3.814342,4.699853,-1.415907,11.903168,18.864920,0.000000,174.000000,4.000000,,,,0.000000,4.000000,4.000000,4.000000,4.000000,4.000000,4.000000,4.000000,4.000000,4.000000,4.000000,4.000000,4.000000,4.000000,4.000000,4.000000,4.000000,4.000000,4.000000,2.000000,4.000000,4.000000,4.000000,4.000000,4.000000,4.000000,4.000000,4.000000,4.000000,4.000000,4.000000,4.000000,4.000000,83.333336
1614076774.469904,75.000000,0.000000,-1.436462,1.353717,21.638317,9.247068,6.742387,8.260050,-2.390112,-15.792868,-0.453451,-12.685578,-13.848887,-14.923232,-21.715908,-17.464708,-11.435620,43.561562,-15.671539,18.217138,-12.451797,-27.627937,-14.419225,-3.597392,-10.093667,-12.005096,11.826672,-10.444384,-3.230446,-3.810528,4.695153,-3.978594,11.891265,7.051184,0.000000,219.000000,4.000000,,,,0.000000,4.000000,4.000000,4.000000,4.000000,4.000000,4.000000,4.000000,4.000000,4.000000,4.000000,4.000000,4.000000,4.000000,4.000000,4.000000,4.000000,4.000000,4.000000,2.000000,4.000000,4.000000,4.000000,4.000000,4.000000,4.000000,4.000000,4.000000,4.000000,4.000000,4.000000,4.000000,4.000000,83.333336
1614076774.477653,76.000000,0.000000,1.641898,1.352363,21.616678,9.237822,7.248465,6.200508,-11.105670,-22.443741,-3.017100,-14.724175,-17.424782,-22.600616,-23.232653,-16.421602,-12.962646,34.800049,-16.168688,19.224562,-11.413705,-27.600309,-11.327882,-6.670718,-9.570753,-12.505912,15.917409,-10.433939,-3.227216,-3.806718,5.203279,-0.897692,10.853732,8.069774,0.000000,225.000000,4.000000,,,,0.000000,4.000000,4.000000,4.000000,4.000000,4.000000,4.000000,4.000000,4.000000,4.000000,4.000000,4.000000,4.000000,4.000000,4.000000,4.000000,4.000000,4.000000,4.000000,2.000000,4.000000,4.000000,4.000000,4.000000,4.000000,4.000000,4.000000,4.000000,4.000000,4.000000,4.000000,4.000000,4.000000,83.333336
1614076774.485502,77.000000,0.000000,1.127435,1.351011,21.595062,9.228584,7.241216,5.168666,-8.530462,-12.164887,0.575661,-5.478682,-10.227871,-11.295965,-19.619677,-3.584668,-10.385581,36.303711,-11.537135,26.897644,-1.145881,-23.470144,-5.675529,-6.664047,-10.074002,-13.006227,22.055338,-8.372223,-3.223988,-3.802911,4.685255,6.282693,8.278776,12.164268,0.000000,151.000000,4.000000,,,,0.000000,4.000000,4.000000,4.000000,4.000000,4.000000,4.000000,4.000000,4.000000,4.000000,4.000000,4.000000,4.000000,4.000000,2.000000,4.000000,4.000000,4.000000,4.000000,2.000000,4.000000,4.000000,4.000000,4.000000,4.000000,4.000000,4.000000,4.000000,4.000000,4.000000,4.000000,4.000000,4.000000,66.666664
1614076774.493251,78.000000,0.000000,-0.924974,1.349660,21.573467,9.219356,7.233975,5.676318,-0.316803,0.667790,7.754572,5.296028,2.090050,6.151228,-9.856468,5.649686,-0.631606,61.908432,-4.858931,38.152798,10.137317,-16.780008,-3.105751,-6.657383,-10.063929,-8.377836,25.110205,-6.312569,-2.707944,-3.799108,4.680570,8.840512,8.270497,10.613642,0.000000,204.000000,4.000000,,,,0.000000,4.000000,4.000000,4.000000,4.000000,4.000000,4.000000,4.000000,4.000000,4.000000,4.000000,4.000000,4.000000,4.000000,2.000000,4.000000,4.000000,4.000000,4.000000,2.000000,4.000000,4.000000,4.000000,4.000000,4.000000,4.000000,4.000000,4.000000,4.000000,4.000000,4.000000,4.000000,4.000000,66.666664
1614076774.501100,79.000000,0.000000,0.614412,1.348310,21.039072,9.210136,7.226741,5.670642,1.221975,3.231225,10.310920,2.213809,5.677703,8.196360,-2.154304,4.618395,7.061334,82.359344,-3.315610,29.396696,-2.180513,-17.276049,-8.743670,-7.163546,-9.541044,-4.266894,24.059454,-6.306256,-3.730877,-3.282488,5.701530,6.267570,7.236586,10.603028,0.000000,205.000000,4.000000,,,,0.000000,4.000000,4.000000,4.000000,4.000000,4.000000,4.000000,4.000000,4.000000,4.000000,4.000000,4.000000,4.000000,4.000000,2.000000,4.000000,4.000000,4.000000,4.000000,2.000000,4.000000,4.000000,4.000000,4.000000,4.000000,4.000000,4.000000,4.000000,4.000000,4.000000,4.000000,4.000000,4.000000,66.666664
1614076774.508849,80.000000,0.000000,3.177901,1.346962,19.479572,9.200926,7.219514,5.664971,0.195112,-2.413032,9.274968,-5.993534,2.595102,3.059958,-1.639329,4.100956,5.002990,69.969292,-3.312295,20.649351,-12.434743,-19.310055,-9.760568,-6.130742,-10.557144,-6.826730,20.445650,-8.351232,-5.778428,-4.817667,3.131726,4.210020,2.101144,10.079605,0.000000,204.000000,4.000000,,,,0.000000,4.000000,4.000000,4.000000,4.000000,4.000000,4.000000,4.000000,4.000000,4.000000,4.000000,4.000000,4.000000,4.000000,2.000000,4.000000,4.000000,4.000000,4.000000,2.000000,4.000000,4.000000,4.000000,4.000000,4.000000,4.000000,4.000000,4.000000,4.000000,4.000000,4.000000,4.000000,4.000000,66.666664
1614076774.516498,81.000000,0.000000,2.661902,1.345615,17.408810,9.191725,7.212295,5.659307,0.707737,-5.487542,9.778514,-6.500360,-1.510057,1.005616,-7.278715,5.122497,-0.643038,42.719837,-3.308983,25.244087,-0.114616,-13.649719,-3.596961,-10.739995,-13.110689,-8.358365,14.271359,-9.881342,-6.798291,-6.351311,-1.486790,4.205810,-0.465060,8.018243,0.000000,169.000000,4.000000,,,,0.000000,4.000000,4.000000,4.000000,4.000000,4.000000,4.000000,4.000000,4.000000,4.000000,4.000000,4.000000,4.000000,4.000000,2.000000,4.000000,4.000000,4.000000,4.000000,2.000000,4.000000,4.000000,4.000000,4.000000,4.000000,4.000000,4.000000,4.000000,4.000000,4.000000,4.000000,4.000000,4.000000,66.666664
1614076774.524247,82.000000,0.000000,2.146420,1.344270,14.314478,9.182533,7.205082,5.653647,1.219850,-0.353849,8.743094,-4.955399,-3.559829,-4.123595,-15.989385,4.604554,-3.719318,31.395065,-5.869776,11.885509,-0.114501,-13.636069,-4.106184,-19.960024,-14.123219,-7.837186,12.205806,-9.871461,-6.791492,-7.883421,-3.023765,3.175963,0.561046,9.548687,0.000000,183.000000,4.000000,,,,0.000000,4.000000,4.000000,4.000000,4.000000,4.000000,4.000000,4.000000,4.000000,4.000000,4.000000,4.000000,4.000000,4.000000,2.000000,4.000000,4.000000,4.000000,4.000000,2.000000,4.000000,4.000000,4.000000,4.000000,4.000000,4.000000,4.000000,4.000000,4.000000,4.000000,4.000000,4.000000,4.000000,66.666664
1614076774.531896,83.000000,0.000000,2.144273,1.342925,13.787343,8.660530,7.197877,5.647994,0.705810,1.697787,5.657428,-5.976084,-4.069089,-8.222035,-19.563139,4.087129,-4.741240,38.030338,-6.889547,1.104393,-5.755412,-16.699356,-7.179002,-21.478525,-13.083456,-11.931912,13.219241,-10.374410,-6.784701,-7.362718,-2.507921,0.095864,0.047665,11.077600,0.000000,201.000000,4.000000,,,,0.000000,4.000000,4.000000,4.000000,4.000000,4.000000,4.000000,4.000000,4.000000,4.000000,4.000000,4.000000,4.000000,4.000000,2.000000,4.000000,4.000000,4.000000,4.000000,2.000000,4.000000,4.000000,4.000000,4.000000,4.000000,4.000000,4.000000,4.000000,4.000000,4.000000,4.000000,4.000000,4.000000,66.666664
1614076774.539645,84.000000,0.000000,3.167770,1.341582,14.799197,9.164690,7.190680,5.642345,0.705104,-2.919296,5.138950,-6.482929,-3.552200,-8.213814,-16.979473,4.083042,-5.249320,40.043591,-8.421120,25.205853,10.660600,-12.067272,-3.582079,-15.303202,-14.096013,-16.535366,12.180381,-9.851215,-6.777916,-4.791252,-2.505413,-0.417052,0.560438,11.066522,0.000000,195.000000,4.000000,,,,0.000000,4.000000,4.000000,4.000000,4.000000,4.000000,4.000000,4.000000,4.000000,4.000000,4.000000,4.000000,4.000000,4.000000,2.000000,4.000000,4.000000,4.000000,4.000000,2.000000,4.000000,4.000000,4.000000,4.000000,4.000000,4.000000,4.000000,4.000000,4.000000,4.000000,4.000000,4.000000,4.000000,66.666664
1614076774.547294,85.000000,0.000000,1.113320,1.340241,11.707475,9.668345,7.183489,5.636703,0.704399,-7.018940,5.646632,-5.963625,-5.087110,-11.795343,-21.065058,4.078959,-11.910737,29.747135,-19.181929,24.667826,7.573016,-19.747513,-7.168241,-15.287898,-20.235764,-16.518829,12.681021,-9.841364,-6.771138,-4.786461,-2.502908,0.609006,3.636800,11.055455,0.000000,194.000000,4.000000,,,,0.000000,4.000000,4.000000,4.000000,4.000000,4.000000,4.000000,4.000000,4.000000,4.000000,4.000000,4.000000,4.000000,4.000000,2.000000,4.000000,4.000000,4.000000,4.000000,2.000000,4.000000,4.000000,4.000000,4.000000,4.000000,4.000000,4.000000,4.000000,4.000000,4.000000,4.000000,4.000000,4.000000,66.666664
1614076774.555044,86.000000,0.000000,-6.067280,1.338900,7.080383,8.633037,7.176305,5.631066,0.703695,-5.473460,5.640985,-5.957662,-9.697407,-19.988676,-26.685019,5.100521,-20.616776,34.845592,-27.880695,-7.664534,-20.639685,-38.189304,-17.417482,-25.529020,-25.343733,-17.015131,12.668340,-13.934087,-9.328469,-8.884238,-4.551687,-1.955706,3.120343,10.018759,0.000000,178.000000,4.000000,,,,0.000000,4.000000,4.000000,4.000000,4.000000,4.000000,4.000000,4.000000,4.000000,4.000000,4.000000,4.000000,4.000000,4.000000,2.000000,4.000000,4.000000,4.000000,4.000000,2.000000,4.000000,4.000000,4.000000,4.000000,4.000000,4.000000,4.000000,4.000000,4.000000,4.000000,4.000000,4.000000,4.000000,66.666664
1614076774.562693,87.000000,0.000000,-9.138136,1.337562,6.560482,9.650044,7.169129,5.625435,1.215811,-2.391063,5.635344,-5.438883,-9.174889,-17.404585,-18.966026,5.095420,-14.442312,57.374851,-21.186148,11.317490,-12.926738,-28.407524,-14.835962,-30.118876,-24.292747,-20.075039,6.501825,-17.509895,-10.344782,-11.439457,-6.085597,-6.569135,0.553120,7.957458,0.000000,202.000000,4.000000,,,,0.000000,4.000000,4.000000,4.000000,4.000000,4.000000,4.000000,4.000000,4.000000,4.000000,4.000000,4.000000,4.000000,4.000000,2.000000,4.000000,4.000000,4.000000,4.000000,2.000000,4.000000,4.000000,4.000000,4.000000,4.000000,4.000000,4.000000,4.000000,4.000000,4.000000,4.000000,4.000000,4.000000,66.666664
1614076774.570442,88.000000,0.000000,-6.052075,1.336224,7.066742,12.204497,7.161960,5.619810,0.701775,-1.363031,6.142529,-5.433444,-1.473406,-7.130770,-6.126547,4.064683,1.469566,67.573883,-12.447014,44.126686,12.727215,-2.225271,-3.539075,-20.345167,-19.653070,-19.542145,1.367118,-15.441104,-10.334437,-10.915197,-6.079511,-7.588207,0.552567,7.436680,0.000000,197.000000,4.000000,,,,0.000000,4.000000,4.000000,4.000000,4.000000,4.000000,4.000000,4.000000,4.000000,4.000000,4.000000,4.000000,4.000000,4.000000,2.000000,4.000000,4.000000,4.000000,4.000000,2.000000,4.000000,4.000000,4.000000,4.000000,4.000000,4.000000,4.000000,4.000000,4.000000,4.000000,4.000000,4.000000,4.000000,66.666664
1614076774.578091,89.000000,0.000000,-4.507561,1.334888,7.059675,10.653831,7.154798,5.614190,0.701073,-2.387309,5.623566,-5.940832,4.169093,-3.021075,-1.505036,5.599081,11.211686,68.531952,-8.332003,32.800507,5.535000,-0.171764,-1.484254,-10.068412,-17.069315,-16.445679,1.365751,-13.374381,-10.324103,-10.904282,-6.073431,-7.067798,0.552014,6.403602,0.000000,185.000000,4.000000,,,,0.000000,4.000000,4.000000,4.000000,4.000000,4.000000,4.000000,4.000000,4.000000,4.000000,4.000000,4.000000,4.000000,4.000000,2.000000,4.000000,4.000000,4.000000,4.000000,2.000000,4.000000,4.000000,4.000000,4.000000,4.000000,4.000000,4.000000,4.000000,4.000000,4.000000,4.000000,4.000000,4.000000,66.666664
1614076774.585840,90.000000,0.000000,-5.015874,1.333553,6.539795,6.540613,7.147643,5.608576,1.213193,-0.846461,6.130763,-5.422070,5.703385,-4.043695,-3.041993,4.567840,11.713295,73.078804,-1.144183,8.152322,-5.239766,-7.863900,-3.534052,-10.058344,-16.539425,-15.403592,0.851565,-13.873827,-10.313779,-10.893377,-6.067358,-7.060730,0.038642,3.833096,0.000000,126.000000,4.000000,,,,0.000000,4.000000,4.000000,4.000000,4.000000,4.000000,4.000000,4.000000,4.000000,4.000000,4.000000,4.000000,4.000000,4.000000,2.000000,4.000000,4.000000,4.000000,4.000000,2.000000,4.000000,4.000000,4.000000,4.000000,4.000000,4.000000,4.000000,4.000000,4.000000,4.000000,4.000000,4.000000,4.000000,66.666664
1614076774.593489,91.000000,0.000000,-5.010858,1.332219,5.507614,5.508431,7.140496,5.602967,0.699159,-1.358435,5.611812,-5.929469,1.595118,-6.090933,-9.705617,-7.231599,0.932351,47.877522,-1.143039,8.656990,0.406500,-10.420138,-3.530518,-11.586747,-16.522886,-16.413830,1.363534,-14.372774,-10.816285,-10.882484,-6.574111,-7.566490,0.551424,3.316442,0.000000,203.000000,4.000000,,,,0.000000,4.000000,4.000000,4.000000,4.000000,4.000000,4.000000,4.000000,4.000000,4.000000,4.000000,4.000000,4.000000,4.000000,2.000000,4.000000,4.000000,4.000000,4.000000,2.000000,4.000000,4.000000,4.000000,4.000000,4.000000,4.000000,4.000000,4.000000,4.000000,4.000000,4.000000,4.000000,4.000000,66.666664
1614076774.601238,92.000000,0.000000,-6.544309,1.330887,3.450824,3.451641,7.133355,5.597364,-2.891284,-9.562204,1.503636,-9.513283,-12.252631,-11.213048,-20.465143,-19.019239,-17.017300,15.521952,-11.911127,-6.736282,-13.440061,-27.332796,-6.603910,-11.062340,-18.044825,-16.397415,4.951914,-13.845580,-10.292648,-10.871602,-6.567537,-7.046103,-0.987589,3.825947,0.000000,161.000000,4.000000,,,,0.000000,4.000000,4.000000,4.000000,4.000000,4.000000,4.000000,4.000000,4.000000,4.000000,4.000000,4.000000,4.000000,4.000000,2.000000,4.000000,4.000000,4.000000,4.000000,2.000000,4.000000,4.000000,4.000000,4.000000,4.000000,4.000000,4.000000,4.000000,4.000000,4.000000,4.000000,4.000000,4.000000,66.666664
1614076774.608887,93.000000,0.000000,-8.589046,1.329556,2.421732,2.422548,7.126222,5.591767,-5.965315,-16.732130,-2.087611,-13.093513,-24.035250,-16.842859,-25.572882,-19.000219,-24.692589,23.198738,-19.078703,-20.575699,-34.452263,-42.177258,-10.187050,-14.128201,-20.590881,-15.868197,4.946962,-13.831735,-10.282356,-10.860730,-6.048149,-7.039057,-3.550704,3.822121,0.000000,217.000000,4.000000,,,,0.000000,4.000000,4.000000,4.000000,4.000000,4.000000,4.000000,4.000000,4.000000,4.000000,4.000000,4.000000,4.000000,4.000000,2.000000,4.000000,4.000000,4.000000,4.000000,2.000000,4.000000,4.000000,4.000000,4.000000,4.000000,4.000000,4.000000,4.000000,4.000000,4.000000,4.000000,4.000000,4.000000,66.666664
1614076774.616637,94.000000,0.000000,-8.580458,1.328227,4.983413,6.522690,7.119095,5.586175,-6.984991,-16.715397,-2.085524,-14.618881,-25.549677,-19.390120,-25.547310,-17.442759,-23.129435,50.355026,-19.059624,-2.606406,-21.084476,-37.519695,-11.202504,-18.216637,-20.570292,-16.365150,5.967656,-13.817904,-10.784894,-10.849870,-7.067742,-6.519197,-0.470231,3.818299,0.000000,194.000000,4.000000,,,,0.000000,4.000000,4.000000,4.000000,4.000000,4.000000,4.000000,4.000000,4.000000,4.000000,4.000000,4.000000,4.000000,4.000000,2.000000,4.000000,4.000000,4.000000,4.000000,2.000000,4.000000,4.000000,4.000000,4.000000,4.000000,4.000000,4.000000,4.000000,4.000000,4.000000,4.000000,4.000000,4.000000,66.666664
1614076774.624286,95.000000,0.000000,-8.571877,1.326898,9.080994,8.567450,7.111977,5.580589,-6.465186,-17.724323,-2.083438,-12.552980,-26.549768,-19.883551,-27.060225,-18.450956,-24.644768,39.022621,-18.527744,8.165431,7.141737,-30.815510,-9.652840,-14.095856,-20.549721,-15.835964,13.653996,-14.316906,-10.261289,-10.839020,-5.522213,-4.461396,4.145624,3.814480,0.000000,186.000000,4.000000,,,,0.000000,4.000000,4.000000,4.000000,4.000000,4.000000,4.000000,4.000000,4.000000,4.000000,4.000000,4.000000,4.000000,4.000000,2.000000,4.000000,4.000000,4.000000,4.000000,2.000000,4.000000,4.000000,4.000000,4.000000,4.000000,4.000000,4.000000,4.000000,4.000000,4.000000,4.000000,4.000000,4.000000,66.666664
1614076774.632035,96.000000,0.000000,-8.563305,1.325572,11.123195,5.481959,7.104865,5.575008,-6.971541,-12.065573,-2.081355,-6.386581,-19.343731,-14.735461,-21.392138,-11.765840,-18.979097,33.342571,-16.457933,6.618804,15.339723,-23.605206,-4.002162,-2.799708,-20.529171,-10.179103,20.307009,-10.200025,-6.148464,-10.828180,2.688438,-2.405653,4.654299,3.810666,8064.000000,0.000000,4.000000,,,,0.000000,4.000000,4.000000,4.000000,4.000000,4.000000,4.000000,4.000000,4.000000,4.000000,4.000000,4.000000,4.000000,4.000000,2.000000,4.000000,4.000000,4.000000,4.000000,2.000000,4.000000,4.000000,4.000000,4.000000,4.000000,4.000000,4.000000,4.000000,4.000000,4.000000,4.000000,4.000000,4.000000,66.666664
1614076774.639684,97.000000,0.000000,-8.554742,1.324246,10.599252,4.963656,7.097760,5.569433,-6.964570,4.356749,2.023291,0.286472,0.675613,-4.464316,-8.550233,1.579260,-5.113964,64.591278,-10.800450,21.996801,6.093614,-9.735447,1.130046,4.895399,-17.431719,-1.963796,22.337984,-3.523158,-2.552572,-10.817352,8.839596,-2.403247,4.136825,4.319675,8064.000000,0.000000,4.000000,,,,0.000000,4.000000,4.000000,4.000000,4.000000,4.000000,4.000000,4.000000,4.000000,4.000000,4.000000,4.000000,4.000000,4.000000,2.000000,4.000000,4.000000,4.000000,4.000000,2.000000,4.000000,4.000000,4.000000,4.000000,4.000000,4.000000,4.000000,4.000000,4.000000,4.000000,4.000000,4.000000,4.000000,66.666664
1614076774.647533,98.000000,0.000000,-8.546187,1.322922,11.101473,5.984334,7.090662,5.563864,-6.444785,7.429316,6.123831,1.824647,7.341604,-0.357287,-1.875016,7.218707,0.532176,80.936943,-5.148624,33.256855,3.010597,-3.571866,0.616095,4.377683,-13.824544,2.653553,19.238722,-4.032455,-3.062839,-11.319355,8.830756,-6.503408,3.619867,4.315356,8064.000000,0.000000,4.000000,,,,0.000000,4.000000,4.000000,4.000000,4.000000,4.000000,4.000000,4.000000,4.000000,4.000000,4.000000,4.000000,4.000000,4.000000,2.000000,4.000000,4.000000,4.000000,4.000000,2.000000,4.000000,4.000000,4.000000,4.000000,4.000000,4.000000,4.000000,4.000000,4.000000,4.000000,4.000000,4.000000,4.000000,66.666664
1614076774.655282,99.000000,0.000000,-8.537642,0.808778,10.577551,5.465529,7.083571,5.558300,-6.951160,-3.860165,6.117708,1.310002,-4.973430,-2.921033,-2.898782,-0.993641,-1.006818,71.625237,-3.605015,31.172316,15.828099,-5.106755,0.102659,0.270741,-12.785078,1.112438,11.014356,-6.079705,-3.059777,-11.308036,8.821925,-10.599468,1.052145,3.285399,8064.000000,0.000000,4.000000,,,,0.000000,4.000000,4.000000,4.000000,4.000000,4.000000,4.000000,4.000000,4.000000,4.000000,4.000000,4.000000,4.000000,4.000000,2.000000,4.000000,4.000000,4.000000,4.000000,2.000000,4.000000,4.000000,4.000000,4.000000,4.000000,4.000000,4.000000,4.000000,4.000000,4.000000,4.000000,4.000000,4.000000,66.666664
1614076774.663131,100.000000,0.000000,-8.529103,1.320790,11.079794,5.460063,6.563667,5.552742,-6.431388,-3.856305,5.598769,1.821513,-11.635123,-4.456573,-2.895883,-12.787519,-0.492991,74.117714,-3.601409,35.243710,24.530220,-4.076007,1.641017,-2.806453,-13.285113,-1.452777,5.875136,-5.560805,-0.492614,-9.245446,7.787462,-11.101689,0.025451,5.333396,8064.000000,0.000000,4.000000,,,,0.000000,4.000000,4.000000,4.000000,4.000000,4.000000,4.000000,4.000000,4.000000,4.000000,4.000000,4.000000,4.000000,4.000000,2.000000,4.000000,4.000000,4.000000,4.000000,2.000000,4.000000,4.000000,4.000000,4.000000,4.000000,4.000000,4.000000,4.000000,4.000000,4.000000,4.000000,4.000000,4.000000,66.666664
1614076774.670880,101.000000,0.000000,-8.520575,3.370751,11.068714,5.454603,6.557103,5.547189,-3.348034,5.378321,6.105991,1.306871,-10.085027,-3.426476,-2.380167,-12.261910,-1.005318,70.453857,-4.110629,26.490515,6.044151,-7.661675,-2.976008,-4.342108,-13.271829,-1.451324,2.792338,-12.221910,0.533519,-8.210560,2.651470,-11.090588,0.538247,6.866524,8064.000000,0.000000,4.000000,,,,0.000000,4.000000,4.000000,4.000000,4.000000,4.000000,4.000000,4.000000,4.000000,4.000000,4.000000,4.000000,4.000000,4.000000,2.000000,4.000000,4.000000,4.000000,4.000000,2.000000,4.000000,4.000000,4.000000,4.000000,4.000000,4.000000,4.000000,4.000000,4.000000,4.000000,4.000000,4.000000,4.000000,66.666664
1614076774.678729,102.000000,0.000000,-8.512053,5.418663,7.467902,5.449149,6.550546,5.541642,0.245058,6.911404,5.587065,1.305564,-11.613403,-5.474331,-2.890607,-5.070161,-4.594057,45.768017,-4.619339,0.310179,-16.525995,-13.295039,-8.101237,-3.312124,-13.258556,-0.937053,-1.825839,-17.850714,0.532986,-5.638247,0.597536,-15.182061,0.024888,1.731453,8064.000000,0.000000,4.000000,,,,0.000000,4.000000,4.000000,4.000000,4.000000,4.000000,4.000000,4.000000,4.000000,4.000000,4.000000,4.000000,4.000000,4.000000,2.000000,4.000000,4.000000,4.000000,4.000000,2.000000,4.000000,4.000000,4.000000,4.000000,4.000000,4.000000,4.000000,4.000000,4.000000,4.000000,4.000000,4.000000,4.000000,66.666664
1614076774.686478,103.000000,0.000000,-9.016362,4.900424,3.357869,4.930879,6.031175,5.023280,0.757633,4.340390,5.068657,3.868361,-5.960764,-3.930395,-3.400537,-2.500989,-3.051001,42.645325,-4.614719,4.925253,-6.765880,-7.127898,-1.426469,-0.231889,-11.194016,-1.961757,0.740090,-7.576453,2.583735,-1.530044,3.161041,-15.166880,0.537683,-3.911304,8064.000000,0.000000,4.000000,,,,0.000000,4.000000,4.000000,4.000000,4.000000,4.000000,4.000000,4.000000,4.000000,4.000000,4.000000,4.000000,4.000000,4.000000,2.000000,4.000000,4.000000,4.000000,4.000000,2.000000,4.000000,4.000000,4.000000,4.000000,4.000000,4.000000,4.000000,4.000000,4.000000,4.000000,4.000000,4.000000,4.000000,66.666664
1614076774.694327,104.000000,0.000000,-8.494525,4.895523,2.841691,4.925948,7.050785,5.018257,0.244055,5.361691,5.576409,7.967057,4.301607,0.176099,-3.397137,-3.524129,2.593076,65.166786,-3.584463,30.561354,9.651143,4.674102,10.882649,-3.308580,-8.618719,-0.421333,10.482939,4.738815,4.632433,1.035589,5.209162,-9.510687,3.614069,-4.420214,8064.000000,0.000000,4.000000,,,,0.000000,4.000000,4.000000,4.000000,4.000000,4.000000,4.000000,4.000000,4.000000,4.000000,4.000000,4.000000,4.000000,4.000000,2.000000,4.000000,4.000000,4.000000,4.000000,2.000000,4.000000,4.000000,4.000000,4.000000,4.000000,4.000000,4.000000,4.000000,4.000000,4.000000,4.000000,4.000000,4.000000,66.666664
1614076774.702076,105.000000,0.000000,-8.486031,4.890627,2.326029,5.433843,11.146298,5.526059,1.269452,5.869149,5.570832,8.471910,2.758844,-3.926641,-4.932201,-3.007784,4.641765,66.127258,-4.606520,23.864126,0.410722,5.182248,12.923049,-7.407836,-10.148562,4.194473,13.549379,5.246897,4.627801,0.008912,4.691133,-4.372971,4.636096,-2.877332,8064.000000,0.000000,4.000000,,,,0.000000,4.000000,4.000000,4.000000,4.000000,4.000000,4.000000,4.000000,4.000000,4.000000,4.000000,4.000000,4.000000,4.000000,2.000000,4.000000,4.000000,4.000000,4.000000,2.000000,4.000000,4.000000,4.000000,4.000000,4.000000,4.000000,4.000000,4.000000,4.000000,4.000000,4.000000,4.000000,4.000000,66.666664
1614076774.709925,106.000000,0.000000,-9.503186,4.885737,4.887805,4.915588,15.237717,4.494892,0.755362,5.350460,5.052441,7.950618,1.730444,-9.050920,-7.491371,-3.517597,1.047379,51.189335,-4.601913,5.378723,-4.717894,2.100143,11.371664,-0.733761,-9.625593,6.241560,12.510189,3.703189,4.110353,0.008903,4.686441,-0.266034,3.605819,-1.335993,8064.000000,0.000000,4.000000,,,,0.000000,4.000000,4.000000,4.000000,4.000000,4.000000,4.000000,4.000000,4.000000,4.000000,4.000000,4.000000,4.000000,4.000000,2.000000,4.000000,4.000000,4.000000,4.000000,2.000000,4.000000,4.000000,4.000000,4.000000,4.000000,4.000000,4.000000,4.000000,4.000000,4.000000,4.000000,4.000000,4.000000,66.666664
1614076774.717674,107.000000,0.000000,-5.391119,4.880851,11.549584,5.423493,19.837864,5.516038,0.754606,6.370750,9.149953,14.609334,14.036406,4.291465,-6.971059,1.614126,4.123255,64.984299,6.171919,24.860523,18.363749,5.687786,16.488497,9.523382,-2.436480,5.722498,14.036140,5.237947,4.106242,0.521715,4.681755,5.888078,5.140674,1.742266,8064.000000,0.000000,4.000000,,,,0.000000,4.000000,4.000000,4.000000,4.000000,4.000000,4.000000,4.000000,4.000000,4.000000,4.000000,4.000000,4.000000,4.000000,2.000000,4.000000,4.000000,4.000000,4.000000,2.000000,4.000000,4.000000,4.000000,4.000000,4.000000,4.000000,4.000000,4.000000,4.000000,4.000000,4.000000,4.000000,4.000000,66.666664
1614076774.725523,108.000000,0.000000,3.332221,4.875970,15.127778,9.007813,24.946230,13.202829,4.343596,8.415662,14.781829,22.287031,23.765959,17.620506,-1.323063,10.330461,12.837080,86.970596,15.396517,45.861305,25.524872,6.707739,15.446368,13.103602,2.181341,5.716776,10.945181,5.232709,4.102136,0.521193,4.677073,8.446293,7.699636,3.791806,8064.000000,0.000000,4.000000,,,,0.000000,4.000000,4.000000,4.000000,4.000000,4.000000,4.000000,4.000000,4.000000,4.000000,4.000000,4.000000,4.000000,4.000000,2.000000,4.000000,4.000000,4.000000,4.000000,2.000000,4.000000,4.000000,4.000000,4.000000,4.000000,4.000000,4.000000,4.000000,4.000000,4.000000,4.000000,4.000000,4.000000,66.666664
1614076774.733272,109.000000,0.000000,6.918633,4.871094,14.087009,12.075728,26.459745,20.369114,7.928996,7.894425,17.843969,24.828848,22.203732,11.961861,0.216722,10.320130,8.721680,67.396446,7.688812,21.712879,-2.192961,-2.016917,-0.979335,11.039217,-1.410584,6.223879,7.344492,4.714656,4.098034,0.007851,4.672396,7.925026,8.204757,4.300835,8064.000000,0.000000,4.000000,,,,0.000000,4.000000,4.000000,4.000000,4.000000,4.000000,4.000000,4.000000,4.000000,4.000000,4.000000,4.000000,4.000000,4.000000,2.000000,4.000000,4.000000,4.000000,4.000000,2.000000,4.000000,4.000000,4.000000,4.000000,4.000000,4.000000,4.000000,4.000000,4.000000,4.000000,4.000000,4.000000,4.000000,66.666664
1614076774.741121,110.000000,0.000000,5.886073,4.866223,14.585743,12.576473,22.843542,20.348745,8.946708,9.937813,17.313305,22.239916,17.053322,6.821693,-4.398880,4.668784,-6.158837,36.559818,-1.036825,-7.539603,-12.447179,-8.681566,-14.311688,1.797409,-6.024558,5.704835,7.337148,4.709941,4.093936,0.520664,4.667724,8.942742,7.683732,3.783713,8064.000000,0.000000,4.000000,,,,0.000000,4.000000,4.000000,4.000000,4.000000,4.000000,4.000000,4.000000,4.000000,4.000000,4.000000,4.000000,4.000000,4.000000,2.000000,4.000000,4.000000,4.000000,4.000000,2.000000,4.000000,4.000000,4.000000,4.000000,4.000000,4.000000,4.000000,4.000000,4.000000,4.000000,4.000000,4.000000,4.000000,66.666664
1614076774.748870,111.000000,0.000000,7.418649,5.374177,15.083978,14.102358,17.179672,17.764294,6.373658,7.876593,7.552402,13.499727,7.292679,6.302051,-7.471404,3.638474,-7.691140,46.266850,0.502673,2.724347,2.949884,-9.185705,-15.323018,-11.537722,-5.505713,5.699130,-1.900959,4.705231,4.602663,0.007323,5.688697,6.882517,8.188869,4.292750,8064.000000,0.000000,4.000000,,,,0.000000,4.000000,4.000000,4.000000,4.000000,4.000000,4.000000,4.000000,4.000000,4.000000,4.000000,4.000000,4.000000,4.000000,2.000000,4.000000,4.000000,4.000000,4.000000,2.000000,4.000000,4.000000,4.000000,4.000000,4.000000,4.000000,4.000000,4.000000,4.000000,4.000000,4.000000,4.000000,4.000000,66.666664
1614076774.756620,112.000000,0.000000,4.334307,3.830342,10.966330,8.447230,13.572750,15.182426,-1.325023,-8.541540,-5.275663,1.691356,-8.612049,-9.601686,-6.951112,3.122015,-1.529603,69.297508,-4.113214,18.106237,3.459754,-8.663699,-14.794874,-15.628749,-6.525848,6.206252,-13.693930,4.700526,4.085239,-3.582428,4.657367,4.311532,8.180679,4.288457,8064.000000,0.000000,4.000000,,,,0.000000,4.000000,4.000000,4.000000,4.000000,4.000000,4.000000,4.000000,4.000000,4.000000,4.000000,4.000000,4.000000,4.000000,2.000000,4.000000,4.000000,4.000000,4.000000,2.000000,4.000000,4.000000,4.000000,4.000000,4.000000,4.000000,4.000000,4.000000,4.000000,4.000000,4.000000,4.000000,4.000000,66.666664
1614076774.764369,113.000000,0.000000,-3.875156,1.262409,6.339979,0.746475,13.559177,13.115962,-6.964724,-20.327869,-5.270387,-1.387259,-13.218822,-19.335674,-6.944160,0.554791,-1.015253,70.766670,-7.186024,19.626593,0.892192,-9.167856,-11.703156,-10.484915,-9.596246,5.687225,-16.757158,3.670184,3.568333,-7.168590,4.139890,4.307220,7.146858,2.745707,8064.000000,0.000000,4.000000,,,,0.000000,4.000000,4.000000,4.000000,4.000000,4.000000,4.000000,4.000000,4.000000,4.000000,4.000000,4.000000,4.000000,4.000000,2.000000,4.000000,4.000000,4.000000,4.000000,2.000000,4.000000,4.000000,4.000000,4.000000,4.000000,4.000000,4.000000,4.000000,4.000000,4.000000,4.000000,4.000000,4.000000,66.666664
1614076774.772018,114.000000,0.000000,-2.845639,1.261146,6.333639,7.925216,14.058438,14.641308,-1.829554,-5.948568,3.965652,2.203872,-1.410731,-1.880442,-4.373114,2.092698,4.113968,72.234367,5.128854,31.914660,16.275915,-9.158689,-2.973505,-8.423147,-10.099470,5.681538,-21.355785,1.615232,5.616047,-7.674241,6.187032,1.225990,8.678173,4.794244,8064.000000,0.000000,4.000000,,,,0.000000,4.000000,4.000000,4.000000,4.000000,4.000000,4.000000,4.000000,4.000000,4.000000,4.000000,4.000000,4.000000,4.000000,2.000000,4.000000,4.000000,4.000000,4.000000,2.000000,4.000000,4.000000,4.000000,4.000000,4.000000,4.000000,4.000000,4.000000,4.000000,4.000000,4.000000,4.000000,4.000000,66.666664
1614076774.779767,115.000000,0.000000,2.285411,0.234244,7.352946,15.609598,13.018739,16.677948,4.838943,12.006099,6.525789,2.714489,9.359910,11.967592,-0.778997,6.705989,10.263700,78.828796,10.251930,38.549412,20.875025,-8.636709,1.644853,-7.901904,-9.576550,6.188676,-34.154942,-3.514588,2.533508,-7.153747,3.616742,-8.006005,6.618213,4.789449,8064.000000,0.000000,4.000000,,,,0.000000,4.000000,4.000000,4.000000,4.000000,4.000000,4.000000,4.000000,4.000000,4.000000,4.000000,4.000000,4.000000,4.000000,2.000000,4.000000,4.000000,4.000000,4.000000,2.000000,4.000000,4.000000,4.000000,4.000000,4.000000,4.000000,4.000000,4.000000,4.000000,4.000000,4.000000,4.000000,4.000000,66.666664
1614076774.787416,116.000000,0.000000,-2.332259,-2.842913,4.781491,5.337579,10.954438,12.558706,2.782821,13.019733,3.955161,4.250236,10.889012,3.750497,0.760243,7.724925,6.150872,76.698685,-1.553193,25.690350,6.495174,-8.628073,1.130388,-5.842720,-9.566974,5.669667,-39.761814,-9.664920,-7.725436,-7.146593,-6.130465,-12.613383,-2.619175,-4.446109,8064.000000,0.000000,4.000000,,,,0.000000,4.000000,4.000000,4.000000,4.000000,4.000000,4.000000,4.000000,4.000000,4.000000,4.000000,4.000000,4.000000,4.000000,2.000000,4.000000,4.000000,4.000000,4.000000,2.000000,4.000000,4.000000,4.000000,4.000000,4.000000,4.000000,4.000000,4.000000,4.000000,4.000000,4.000000,4.000000,4.000000,66.666664
1614076774.795165,117.000000,0.000000,-4.894029,-1.814429,2.725427,2.255318,9.917843,8.956404,0.215936,11.981072,6.002488,11.938293,11.390944,-1.894279,0.759483,7.717199,3.580619,76.109169,-9.243948,20.536453,-0.690808,-8.106624,0.616437,-7.888159,-9.557406,1.561434,-37.670769,-11.193716,-10.281813,-7.139446,-9.714078,-9.011026,-7.744761,-10.082689,8064.000000,0.000000,4.000000,,,,0.000000,4.000000,4.000000,4.000000,4.000000,4.000000,4.000000,4.000000,4.000000,4.000000,4.000000,4.000000,4.000000,4.000000,2.000000,4.000000,4.000000,4.000000,4.000000,2.000000,4.000000,4.000000,4.000000,4.000000,4.000000,4.000000,4.000000,4.000000,4.000000,4.000000,4.000000,4.000000,4.000000,66.666664
1614076774.802814,118.000000,0.000000,3.828814,1.264308,3.235522,13.535114,10.420746,11.511550,3.292643,14.020373,9.073408,17.054560,10.866732,0.671718,-0.266917,8.222302,2.551397,67.315109,-7.183422,11.797968,0.335524,-8.098517,1.641462,-11.470015,-9.547849,-1.517051,-37.633099,-10.156881,-2.579223,-7.132307,-4.063338,-3.873810,-2.608811,-3.918760,8064.000000,0.000000,4.000000,,,,0.000000,4.000000,4.000000,4.000000,4.000000,4.000000,4.000000,4.000000,4.000000,4.000000,4.000000,4.000000,4.000000,4.000000,2.000000,4.000000,4.000000,4.000000,4.000000,2.000000,4.000000,4.000000,4.000000,4.000000,4.000000,4.000000,4.000000,4.000000,4.000000,4.000000,4.000000,4.000000,4.000000,66.666664
1614076774.810563,119.000000,0.000000,6.389087,1.263044,3.232287,13.008759,10.410325,12.525680,4.827812,8.365328,8.038693,16.011866,6.753301,-1.380236,-3.343574,6.162798,-7.194744,40.581127,-7.176238,-7.701009,1.360830,-8.090419,1.639820,-1.714955,-9.538301,-1.002713,-38.621105,-10.146725,-2.063824,-7.125175,-4.572095,-3.869936,1.496362,0.187723,8064.000000,0.000000,4.000000,,,,0.000000,4.000000,4.000000,4.000000,4.000000,4.000000,4.000000,4.000000,4.000000,4.000000,4.000000,4.000000,4.000000,4.000000,2.000000,4.000000,4.000000,4.000000,4.000000,2.000000,4.000000,4.000000,4.000000,4.000000,4.000000,4.000000,4.000000,4.000000,4.000000,4.000000,4.000000,4.000000,4.000000,66.666664
1614076774.818213,120.000000,0.000000,1.767314,0.748961,3.229054,5.303442,9.887094,13.025974,4.310163,1.690296,5.466553,15.483032,3.669625,-4.455779,-7.442794,4.105354,-10.264472,39.002083,-9.220344,1.537461,1.359469,-9.107969,-4.002845,12.132914,-9.528763,-2.027352,-38.069664,-10.649399,-7.702785,-7.118049,-10.721369,-8.481451,-3.633340,-3.402208,8064.000000,0.000000,4.000000,,,,0.000000,4.000000,4.000000,4.000000,4.000000,4.000000,4.000000,4.000000,4.000000,4.000000,4.000000,4.000000,4.000000,4.000000,2.000000,4.000000,4.000000,4.000000,4.000000,2.000000,4.000000,4.000000,4.000000,4.000000,4.000000,4.000000,4.000000,4.000000,4.000000,4.000000,4.000000,4.000000,4.000000,66.666664
1614076774.825962,121.000000,0.000000,2.278367,1.773853,3.225825,4.785318,9.877207,12.500128,4.305853,0.662964,4.948266,15.980370,2.127494,-5.989785,-7.948172,3.588428,0.002202,65.629745,-9.211123,23.074385,-7.872660,-10.124502,-10.665509,1.864371,-10.032055,-7.666350,-37.518776,-10.125929,-7.182262,-7.110931,-10.710648,-11.037072,-6.706629,-4.424447,8064.000000,0.000000,4.000000,,,,0.000000,4.000000,4.000000,4.000000,4.000000,4.000000,4.000000,4.000000,4.000000,4.000000,4.000000,4.000000,4.000000,4.000000,2.000000,4.000000,4.000000,4.000000,4.000000,2.000000,4.000000,4.000000,4.000000,4.000000,4.000000,4.000000,4.000000,4.000000,4.000000,4.000000,4.000000,4.000000,4.000000,66.666664
1614076774.833611,122.000000,0.000000,1.763268,0.746438,3.222600,0.677969,10.380150,7.359423,3.275907,1.687942,3.404856,10.836185,-1.464377,-7.522256,-6.401762,4.097660,1.027841,65.564117,-8.689092,10.230798,-13.505813,-12.165660,-11.167664,-21.214417,-12.073304,-9.709966,-36.968437,-10.628623,-7.687901,-7.103820,-9.161475,-10.513215,-3.623000,-3.394382,8064.000000,0.000000,4.000000,,,,0.000000,4.000000,4.000000,4.000000,4.000000,4.000000,4.000000,4.000000,4.000000,4.000000,4.000000,4.000000,4.000000,4.000000,2.000000,4.000000,4.000000,4.000000,4.000000,2.000000,4.000000,4.000000,4.000000,4.000000,4.000000,4.000000,4.000000,4.000000,4.000000,4.000000,4.000000,4.000000,4.000000,66.666664
1614076774.841360,123.000000,0.000000,-4.905162,-2.331232,3.219377,-4.450914,10.369770,1.711038,0.195708,1.173434,-1.213934,3.645861,-5.052657,-12.130119,-7.933822,4.093562,-5.639853,52.165222,-11.757326,3.553900,-0.158974,-17.794519,-11.156496,-27.347048,-14.112514,-8.674615,-38.469929,-10.105174,-10.757135,-7.096716,-10.177955,-10.502702,-2.593736,-2.878167,8064.000000,0.000000,4.000000,,,,0.000000,4.000000,4.000000,4.000000,4.000000,4.000000,4.000000,4.000000,4.000000,4.000000,4.000000,4.000000,4.000000,4.000000,2.000000,4.000000,4.000000,4.000000,4.000000,2.000000,4.000000,4.000000,4.000000,4.000000,4.000000,4.000000,4.000000,4.000000,4.000000,4.000000,4.000000,4.000000,4.000000,66.666664
1614076774.849009,124.000000,0.000000,-4.900257,-2.328901,3.216157,-0.856720,9.846580,0.683686,0.708332,1.172261,-3.776822,3.129395,-5.047604,-14.169271,-7.925888,3.063828,-4.608572,65.446388,-13.796850,27.652910,8.046313,-20.340828,-9.606878,-16.550470,-14.098401,-10.204402,-36.380177,-10.095069,-6.643814,-7.602440,-9.142136,-7.928096,-3.103962,-0.824007,8064.000000,0.000000,4.000000,,,,0.000000,4.000000,4.000000,4.000000,4.000000,4.000000,4.000000,4.000000,4.000000,4.000000,4.000000,4.000000,4.000000,4.000000,2.000000,4.000000,4.000000,4.000000,4.000000,2.000000,4.000000,4.000000,4.000000,4.000000,4.000000,4.000000,4.000000,4.000000,4.000000,4.000000,4.000000,4.000000,4.000000,66.666664
1614076774.856758,125.000000,0.000000,3.309772,0.237531,2.700121,1.195419,9.323913,1.195822,3.271727,1.683909,-0.183302,9.280111,1.624110,-6.975615,1.312807,4.086405,2.575523,86.406586,-1.988182,36.856026,1.884421,-10.576898,-0.879323,-4.739048,-8.956098,-8.142915,-28.651489,-11.110615,0.029496,-7.082017,-7.081712,-3.817604,-1.049576,0.202458,8064.000000,0.000000,4.000000,,,,0.000000,4.000000,4.000000,4.000000,4.000000,4.000000,4.000000,4.000000,4.000000,4.000000,4.000000,4.000000,4.000000,4.000000,2.000000,4.000000,4.000000,4.000000,4.000000,2.000000,4.000000,4.000000,4.000000,4.000000,4.000000,4.000000,4.000000,4.000000,4.000000,4.000000,4.000000,4.000000,4.000000,66.666664
1614076774.864407,126.000000,0.000000,6.896205,1.775755,3.210241,2.732685,12.391512,1.194627,4.294096,1.682225,8.022010,14.911857,9.314794,5.851874,11.055084,7.159242,9.752435,86.320175,16.988165,26.562761,6.497921,5.843936,8.865147,2.445178,1.309269,2.121638,-22.468992,-9.561043,1.055108,-5.023653,-5.536169,-2.788146,-0.022886,0.202256,8064.000000,0.000000,4.000000,,,,0.000000,4.000000,4.000000,4.000000,4.000000,4.000000,4.000000,4.000000,4.000000,4.000000,4.000000,4.000000,4.000000,4.000000,2.000000,4.000000,4.000000,4.000000,4.000000,2.000000,4.000000,4.000000,4.000000,4.000000,4.000000,4.000000,4.000000,4.000000,4.000000,4.000000,4.000000,4.000000,4.000000,66.666664
1614076774.872256,127.000000,0.000000,5.863668,1.261159,3.207031,3.755593,13.917582,1.706252,4.289802,1.680543,13.655013,15.922586,11.356761,11.999868,12.069670,7.664903,13.332426,68.285141,23.637844,28.587481,21.363218,17.120144,11.933205,4.494015,8.487447,10.324645,-21.933702,-4.423276,0.028412,-2.967348,-5.530632,-3.298178,-2.586965,0.714874,8064.000000,0.000000,4.000000,,,,0.000000,4.000000,4.000000,4.000000,4.000000,4.000000,4.000000,4.000000,4.000000,4.000000,4.000000,4.000000,4.000000,4.000000,2.000000,4.000000,4.000000,4.000000,4.000000,2.000000,4.000000,4.000000,4.000000,4.000000,4.000000,4.000000,4.000000,4.000000,4.000000,4.000000,4.000000,4.000000,4.000000,66.666664
1614076774.880005,0.000000,0.000000,5.857805,1.259897,2.178183,-1.889188,12.365203,0.678905,4.285512,1.678862,12.615717,14.881022,11.345405,9.936586,11.031960,7.144417,13.319094,54.883522,21.050104,35.225559,24.931599,23.256868,11.921271,3.976700,8.991780,10.314320,-22.937408,-2.367571,1.054024,-3.477201,-7.063563,-3.294880,-3.610019,-0.824302,0.000000,193.000000,4.000000,,,,0.000000,4.000000,4.000000,4.000000,4.000000,4.000000,4.000000,4.000000,4.000000,4.000000,4.000000,4.000000,4.000000,4.000000,2.000000,4.000000,4.000000,4.000000,4.000000,2.000000,4.000000,4.000000,4.000000,4.000000,4.000000,4.000000,4.000000,4.000000,4.000000,4.000000,4.000000,4.000000,4.000000,66.666664
1614076774.887854,1.000000,0.000000,6.364767,1.258638,5.252928,-2.400119,19.532324,3.242329,4.281227,1.677183,12.603102,15.891783,14.923802,9.926650,11.533748,11.239837,16.382698,70.726074,21.541874,32.626232,22.855385,26.310535,12.422171,5.511185,8.982788,9.278364,-22.401651,-2.365204,1.052970,-2.960903,-5.005218,-2.778764,-3.606410,-0.310657,0.000000,184.000000,4.000000,,,,0.000000,4.000000,4.000000,4.000000,4.000000,4.000000,4.000000,4.000000,4.000000,4.000000,4.000000,4.000000,4.000000,4.000000,2.000000,4.000000,4.000000,4.000000,4.000000,2.000000,4.000000,4.000000,4.000000,4.000000,4.000000,4.000000,4.000000,4.000000,4.000000,4.000000,4.000000,4.000000,4.000000,66.666664
1614076774.895603,2.000000,0.000000,5.845582,1.257379,12.427162,8.371511,31.820484,10.931395,4.276945,1.675506,16.180243,16.388712,14.908879,11.455185,9.983752,15.331161,19.956059,94.757912,22.545973,32.080784,20.781248,25.258583,11.896928,7.556956,9.486626,10.294727,-22.379250,0.714085,0.539097,-0.393840,1.666454,-2.775985,-3.089983,7.894782,0.000000,199.000000,4.000000,,,,0.000000,4.000000,4.000000,4.000000,4.000000,4.000000,4.000000,4.000000,4.000000,4.000000,4.000000,4.000000,4.000000,4.000000,2.000000,4.000000,4.000000,4.000000,4.000000,2.000000,4.000000,4.000000,4.000000,4.000000,4.000000,4.000000,4.000000,4.000000,4.000000,4.000000,4.000000,4.000000,4.000000,66.666664
1614076774.903452,3.000000,0.000000,5.839736,1.256122,14.978837,10.927242,29.737383,12.458924,4.272668,2.186651,15.138421,15.859502,9.765765,8.366806,7.409666,15.315830,17.372000,96.714439,20.984964,36.151268,19.734825,24.207684,11.372211,8.062220,6.913037,10.284432,-22.869692,0.200550,0.025737,0.632195,4.228890,-3.798851,-3.599713,8.912528,0.000000,190.000000,4.000000,,,,0.000000,4.000000,4.000000,4.000000,4.000000,4.000000,4.000000,4.000000,4.000000,4.000000,4.000000,4.000000,4.000000,4.000000,2.000000,4.000000,4.000000,4.000000,4.000000,2.000000,4.000000,4.000000,4.000000,4.000000,4.000000,4.000000,4.000000,4.000000,4.000000,4.000000,4.000000,4.000000,4.000000,66.666664
1614076774.911202,4.000000,0.000000,5.833897,1.254865,11.886935,5.788110,18.938414,6.805440,4.268396,5.261387,10.507897,15.330822,7.191896,3.230235,7.402256,15.813334,13.764884,90.463875,21.476801,37.140759,19.715090,26.234758,11.873658,7.541337,4.854842,9.248507,-22.846821,-4.927855,0.538532,0.118743,1.660559,-3.282231,-4.108934,0.698487,0.000000,191.000000,4.000000,,,,0.000000,4.000000,4.000000,4.000000,4.000000,4.000000,4.000000,4.000000,4.000000,4.000000,4.000000,4.000000,4.000000,4.000000,2.000000,4.000000,4.000000,4.000000,4.000000,2.000000,4.000000,4.000000,4.000000,4.000000,4.000000,4.000000,4.000000,4.000000,4.000000,4.000000,4.000000,4.000000,4.000000,66.666664
1614076774.919051,5.000000,0.000000,5.828063,1.253611,9.823767,7.320784,17.893835,4.747352,4.264127,6.794588,8.958928,17.366774,7.697525,2.714184,7.394854,15.284701,13.238299,85.758026,19.916862,35.565155,15.592811,19.541857,8.272041,7.020975,4.849987,7.700797,-22.311153,-5.948569,1.050814,0.118624,1.146078,-0.202026,-1.027902,4.800353,0.000000,177.000000,4.000000,,,,0.000000,4.000000,4.000000,4.000000,4.000000,4.000000,4.000000,4.000000,4.000000,4.000000,4.000000,4.000000,4.000000,4.000000,2.000000,4.000000,4.000000,4.000000,4.000000,2.000000,4.000000,4.000000,4.000000,4.000000,4.000000,4.000000,4.000000,4.000000,4.000000,4.000000,4.000000,4.000000,4.000000,66.666664
1614076774.926800,6.000000,0.000000,5.822235,1.252357,10.839583,8.851925,18.901581,6.281066,4.772684,3.710870,7.924328,15.810945,7.177007,3.224290,8.413100,13.730955,12.712240,81.569702,15.281561,37.068050,8.397731,5.163341,2.109923,5.475492,2.281034,6.154635,-22.288843,-6.455441,-2.027160,0.118505,0.632111,-1.740285,6.152613,14.026321,0.000000,190.000000,4.000000,,,,0.000000,4.000000,4.000000,4.000000,4.000000,4.000000,4.000000,4.000000,4.000000,4.000000,4.000000,4.000000,4.000000,4.000000,2.000000,4.000000,4.000000,4.000000,4.000000,2.000000,4.000000,4.000000,4.000000,4.000000,4.000000,4.000000,4.000000,4.000000,4.000000,4.000000,4.000000,4.000000,4.000000,66.666664
1614076774.934649,7.000000,0.000000,5.816412,1.251105,10.828744,5.766150,14.267296,4.223504,3.229450,2.681518,4.839481,4.513083,5.631369,3.221066,6.866226,13.204403,12.186707,82.000954,10.650895,36.518162,6.850872,-3.046951,0.056531,4.444376,-1.310990,4.097198,-22.779375,-7.474626,-0.999492,0.631207,-2.445444,-6.353930,8.710563,8.884090,0.000000,173.000000,4.000000,,,,0.000000,4.000000,4.000000,4.000000,4.000000,4.000000,4.000000,4.000000,4.000000,4.000000,4.000000,4.000000,4.000000,4.000000,2.000000,4.000000,4.000000,4.000000,4.000000,2.000000,4.000000,4.000000,4.000000,4.000000,4.000000,4.000000,4.000000,4.000000,4.000000,4.000000,4.000000,4.000000,4.000000,66.666664
1614076774.942398,8.000000,0.000000,6.323417,1.249853,8.253813,4.221922,10.663284,1.655177,0.662117,2.166016,1.757718,-5.235020,0.497532,3.217845,1.218334,6.524532,7.046316,71.662544,9.101783,26.225235,7.356842,-2.531083,4.159039,3.927111,-0.796859,1.528998,-22.243774,0.737977,6.180995,0.630576,0.633924,-4.296294,8.189033,7.849565,0.000000,172.000000,4.000000,,,,0.000000,4.000000,4.000000,4.000000,4.000000,4.000000,4.000000,4.000000,4.000000,4.000000,4.000000,4.000000,4.000000,4.000000,2.000000,4.000000,4.000000,4.000000,4.000000,2.000000,4.000000,4.000000,4.000000,4.000000,4.000000,4.000000,4.000000,4.000000,4.000000,4.000000,4.000000,4.000000,4.000000,66.666664
1614076774.950247,9.000000,0.000000,5.804273,1.248604,6.194277,5.243341,8.088519,1.653522,0.661455,-10.656663,-3.372245,-9.332349,-8.733735,1.163345,-2.372628,-5.789685,-2.191500,55.693447,11.143963,17.993881,4.272562,-0.477270,7.744623,6.487286,0.742400,4.604393,-22.221531,8.942367,8.738916,0.117125,7.299957,0.323387,8.693664,16.559664,0.000000,200.000000,4.000000,,,,0.000000,4.000000,4.000000,4.000000,4.000000,4.000000,4.000000,4.000000,4.000000,4.000000,4.000000,4.000000,4.000000,4.000000,2.000000,4.000000,4.000000,4.000000,4.000000,2.000000,4.000000,4.000000,4.000000,4.000000,4.000000,4.000000,4.000000,4.000000,4.000000,4.000000,4.000000,4.000000,4.000000,66.666664
1614076774.957996,10.000000,0.000000,4.772827,1.247355,6.188083,5.238098,0.900943,0.113407,1.173614,-25.004980,-8.497077,-14.451222,-11.289104,-4.991665,-2.370255,-11.424921,-3.727770,64.355698,9.594357,17.975887,-1.885557,-2.528075,7.224058,9.044902,-3.360907,6.651070,-23.737770,-0.297345,5.653255,0.629828,7.805478,-0.702577,5.608047,12.440540,0.000000,175.000000,4.000000,,,,0.000000,4.000000,4.000000,4.000000,4.000000,4.000000,4.000000,4.000000,4.000000,4.000000,4.000000,4.000000,4.000000,4.000000,2.000000,4.000000,4.000000,4.000000,4.000000,2.000000,4.000000,4.000000,4.000000,4.000000,4.000000,4.000000,4.000000,4.000000,4.000000,4.000000,4.000000,4.000000,4.000000,66.666664
1614076774.965845,11.000000,0.000000,3.229593,-0.805174,6.694715,5.232860,-5.253804,-1.937988,-2.417303,-24.467155,-9.001401,-21.616259,-11.790635,-13.191801,-9.547372,-12.439137,-6.800965,66.855446,0.353994,15.393808,-5.986236,-9.192213,3.627090,1.856369,-12.588315,-0.022248,-25.765316,-11.066278,4.109139,1.142019,5.746390,-3.265977,-1.577048,2.684510,0.000000,189.000000,4.000000,,,,0.000000,4.000000,4.000000,4.000000,4.000000,4.000000,4.000000,4.000000,4.000000,4.000000,4.000000,4.000000,4.000000,4.000000,2.000000,4.000000,4.000000,4.000000,4.000000,2.000000,4.000000,4.000000,4.000000,4.000000,4.000000,4.000000,4.000000,4.000000,4.000000,4.000000,4.000000,4.000000,4.000000,66.666664
1614076774.973594,12.000000,0.000000,-0.876201,-2.342831,6.688021,5.227626,-5.248550,-2.448871,-6.517449,-21.365765,-11.043681,-23.133102,-19.983973,-22.409378,-20.307056,-17.042082,-19.614677,45.762951,-7.851489,11.275850,2.224879,-15.849688,0.546540,-11.478820,-18.216753,-8.227354,-26.765190,-10.542392,2.566569,-3.474508,3.176541,-4.288352,-4.139574,2.681825,0.000000,204.000000,4.000000,,,,0.000000,4.000000,4.000000,4.000000,4.000000,4.000000,4.000000,4.000000,4.000000,4.000000,4.000000,4.000000,4.000000,4.000000,2.000000,4.000000,4.000000,4.000000,4.000000,2.000000,4.000000,4.000000,4.000000,4.000000,4.000000,4.000000,4.000000,4.000000,4.000000,4.000000,4.000000,4.000000,4.000000,66.666664
1614076774.981343,13.000000,0.000000,-4.977889,-2.340488,6.681333,4.709579,-4.217661,-1.933601,-7.023753,-22.370041,-7.442894,-18.494585,-20.476809,-23.412611,-21.825211,-17.025040,-19.082243,45.204369,-8.869278,11.264575,3.761115,-16.859480,1.058814,-17.621187,-16.660074,-9.757587,-26.738426,-9.506208,-2.051382,-10.137700,-0.416379,-5.822526,-3.109793,4.730426,0.000000,195.000000,4.000000,,,,0.000000,4.000000,4.000000,4.000000,4.000000,4.000000,4.000000,4.000000,4.000000,4.000000,4.000000,4.000000,4.000000,4.000000,4.000000,4.000000,4.000000,4.000000,4.000000,2.000000,4.000000,4.000000,4.000000,4.000000,4.000000,4.000000,4.000000,4.000000,4.000000,4.000000,4.000000,4.000000,4.000000,83.333336
1614076774.989092,14.000000,0.000000,-3.434449,-2.338147,6.674651,5.730510,-4.726264,-1.931668,-6.503908,-10.552798,4.872241,-7.706860,-7.635819,-14.671249,-18.213642,-11.366989,-6.755467,56.954037,-7.321947,5.612285,-17.268288,-15.816978,1.057755,-11.449720,-13.566491,-8.209369,-26.711687,-10.009522,-4.100613,-11.666023,-2.980065,-7.355165,-3.619504,3.187234,0.000000,182.000000,4.000000,,,,0.000000,4.000000,4.000000,4.000000,4.000000,4.000000,4.000000,4.000000,4.000000,4.000000,4.000000,4.000000,4.000000,4.000000,4.000000,4.000000,4.000000,4.000000,4.000000,2.000000,4.000000,4.000000,4.000000,4.000000,4.000000,4.000000,4.000000,4.000000,4.000000,4.000000,4.000000,4.000000,4.000000,83.333336
1614076774.996741,15.000000,0.000000,-1.892553,-2.335809,6.667976,4.699138,-4.721537,-1.929736,-6.497405,1.765447,5.380189,-1.032487,-1.987158,-6.964270,-17.169786,-10.842802,-10.338455,46.127850,-8.340266,2.529749,-21.866404,-16.313982,-4.584328,-6.310065,-13.040104,-9.226800,-26.172155,-7.435410,-5.122153,-10.115896,-2.464264,-6.834989,-3.615885,3.184047,0.000000,214.000000,4.000000,,,,0.000000,4.000000,4.000000,4.000000,4.000000,4.000000,4.000000,4.000000,4.000000,4.000000,4.000000,4.000000,4.000000,4.000000,4.000000,4.000000,4.000000,4.000000,4.000000,2.000000,4.000000,4.000000,4.000000,4.000000,4.000000,4.000000,4.000000,4.000000,4.000000,4.000000,4.000000,4.000000,4.000000,83.333336
1614076775.004490,16.000000,0.000000,-4.454763,-2.333473,6.661309,0.079055,-4.203995,-1.927806,-7.003727,-5.415806,-6.932883,-5.134018,-8.651837,-9.008588,-16.126976,-13.908882,-15.456323,43.517620,-8.331926,15.347733,0.206745,-15.784847,-10.733590,-13.996063,-13.539885,-9.217573,-27.171623,-8.453616,-7.168314,-10.618601,-2.461800,-6.828154,-3.099448,3.693683,0.000000,202.000000,4.000000,,,,0.000000,4.000000,4.000000,4.000000,4.000000,4.000000,4.000000,4.000000,4.000000,4.000000,4.000000,4.000000,4.000000,4.000000,4.000000,4.000000,4.000000,4.000000,4.000000,2.000000,4.000000,4.000000,4.000000,4.000000,4.000000,4.000000,4.000000,4.000000,4.000000,4.000000,4.000000,4.000000,4.000000,83.333336
1614076775.012139,17.000000,0.000000,-5.988770,-2.331140,6.654647,-1.459486,-4.199791,-2.438699,-6.483903,-12.589877,-9.490053,-10.257090,-12.232929,-11.050861,-14.059566,-15.433434,-4.671635,56.294617,-7.810774,16.358025,-2.870384,-18.333166,-10.722857,-24.751297,-12.500704,-8.695536,-23.554708,-9.470803,-7.161145,-11.120803,-2.972159,-6.821326,-3.609169,3.689989,0.000000,190.000000,4.000000,,,,0.000000,4.000000,4.000000,4.000000,4.000000,4.000000,4.000000,4.000000,4.000000,4.000000,4.000000,4.000000,4.000000,4.000000,4.000000,4.000000,4.000000,4.000000,4.000000,2.000000,4.000000,4.000000,4.000000,4.000000,4.000000,4.000000,4.000000,4.000000,4.000000,4.000000,4.000000,4.000000,4.000000,83.333336
1614076775.019888,18.000000,0.000000,-4.957140,-2.328809,6.647993,1.106076,-4.708412,-2.436260,-6.477419,-5.397800,-4.865178,-9.221191,-9.143773,-10.526990,-13.532687,-13.879539,-0.051579,58.802425,-7.290143,-0.068589,-19.277771,-18.827652,-9.686492,-19.598341,-9.924100,-8.686840,-11.223462,-4.845948,-6.641163,-10.596861,-2.456366,-6.814504,-2.067098,3.686299,0.000000,185.000000,4.000000,,,,0.000000,4.000000,4.000000,4.000000,4.000000,4.000000,4.000000,4.000000,4.000000,4.000000,4.000000,4.000000,4.000000,4.000000,4.000000,4.000000,4.000000,4.000000,4.000000,2.000000,4.000000,4.000000,4.000000,4.000000,4.000000,4.000000,4.000000,4.000000,4.000000,4.000000,4.000000,4.000000,4.000000,83.333336
1614076775.027538,19.000000,0.000000,-4.952183,-2.326480,6.641345,2.130611,-4.703703,-1.921004,-6.470942,-8.469325,-4.860313,-10.237611,-11.185911,-13.593386,-14.544795,-13.352839,-5.179732,59.769260,-8.821314,0.444300,-2.848236,-14.193440,-10.702447,-7.783871,-8.888535,-8.678153,-1.468649,-2.276999,-6.634522,-10.586265,-2.966730,-6.807690,2.550353,3.169792,0.000000,192.000000,4.000000,,,,0.000000,4.000000,4.000000,4.000000,4.000000,4.000000,4.000000,4.000000,4.000000,4.000000,4.000000,4.000000,4.000000,4.000000,4.000000,4.000000,4.000000,4.000000,4.000000,2.000000,4.000000,4.000000,4.000000,4.000000,4.000000,4.000000,4.000000,4.000000,4.000000,4.000000,4.000000,4.000000,4.000000,83.333336
1614076775.035287,20.000000,0.000000,-4.947231,-2.324153,6.634703,1.102839,-4.186179,-2.431903,-6.464471,-25.383932,-6.393914,-14.842758,-19.892673,-19.220818,-17.607174,-21.031796,-12.866860,52.017185,-11.889416,12.751548,11.513586,-11.615145,-10.691745,-5.211985,-8.879646,-8.669475,0.071282,-2.787543,-6.627888,-10.575678,-2.450943,-6.800882,4.599085,4.192264,0.000000,213.000000,4.000000,,,,0.000000,4.000000,4.000000,4.000000,4.000000,4.000000,4.000000,4.000000,4.000000,4.000000,4.000000,4.000000,4.000000,4.000000,4.000000,4.000000,4.000000,4.000000,4.000000,2.000000,4.000000,4.000000,4.000000,4.000000,4.000000,4.000000,4.000000,4.000000,4.000000,4.000000,4.000000,4.000000,4.000000,83.333336
1614076775.042936,21.000000,0.000000,-5.455104,-2.321829,6.628068,1.101737,-5.207634,-2.429471,-6.458006,-26.384190,-6.387520,-9.699710,-23.462524,-19.714418,-19.128027,-25.113327,-17.469378,39.657475,-11.877526,13.251617,0.732842,-11.603529,-10.168232,-7.770875,-9.383588,-8.660806,-0.954431,-0.733473,-6.621260,-10.565103,-0.397210,-7.306902,4.081666,6.239354,0.000000,194.000000,4.000000,,,,0.000000,4.000000,4.000000,4.000000,4.000000,4.000000,4.000000,4.000000,4.000000,4.000000,4.000000,4.000000,4.000000,4.000000,4.000000,4.000000,4.000000,4.000000,4.000000,2.000000,4.000000,4.000000,4.000000,4.000000,4.000000,4.000000,4.000000,4.000000,4.000000,4.000000,4.000000,4.000000,4.000000,83.333336
1614076775.050685,22.000000,0.000000,-4.936829,-2.319508,6.621440,2.639096,-4.689606,1.675522,-6.451549,-14.050114,-3.304210,2.104861,-13.695473,-18.669062,-13.980695,-11.242060,-9.759601,58.592178,-11.352828,12.212725,-2.857635,-12.104746,-10.158064,-10.327207,-10.399845,-8.652144,0.072165,1.318542,-6.614638,-10.554538,1.654469,-6.273954,4.077584,7.258755,0.000000,184.000000,4.000000,,,,0.000000,4.000000,4.000000,4.000000,4.000000,4.000000,4.000000,4.000000,4.000000,4.000000,4.000000,4.000000,4.000000,4.000000,4.000000,4.000000,4.000000,4.000000,4.000000,2.000000,4.000000,4.000000,4.000000,4.000000,4.000000,4.000000,4.000000,4.000000,4.000000,4.000000,4.000000,4.000000,4.000000,83.333336
1614076775.058334,23.000000,0.000000,-1.342148,-2.317188,6.614819,4.687739,2.494571,5.776411,-6.445097,-11.984781,1.314479,6.205320,-7.015111,-19.676035,-10.376970,2.102515,-3.595995,64.687431,-12.879937,6.046666,-8.495803,-14.143924,-10.147905,-15.445085,-13.466369,-8.643493,-0.440728,1.317224,-6.608024,-10.543983,1.139994,-3.703577,4.073506,9.815599,0.000000,196.000000,4.000000,,,,0.000000,4.000000,4.000000,4.000000,4.000000,4.000000,4.000000,4.000000,4.000000,4.000000,4.000000,4.000000,4.000000,4.000000,4.000000,4.000000,4.000000,4.000000,4.000000,2.000000,4.000000,4.000000,4.000000,4.000000,4.000000,4.000000,4.000000,4.000000,4.000000,4.000000,4.000000,4.000000,4.000000,83.333336
1614076775.066083,24.000000,0.000000,2.248938,-2.314871,6.608204,5.708693,12.235666,5.257814,-6.951472,-14.024078,1.825985,4.147833,-8.033737,-17.605076,-11.392235,0.049131,-7.694963,32.315052,-7.738852,-5.241432,-17.718077,-15.668242,-11.163399,-17.993742,-13.965722,-8.634849,-0.953108,0.803086,-7.114236,-10.533439,0.626034,-3.187053,4.582253,13.395527,0.000000,212.000000,4.000000,,,,0.000000,4.000000,4.000000,4.000000,4.000000,4.000000,4.000000,4.000000,4.000000,4.000000,4.000000,4.000000,4.000000,4.000000,4.000000,4.000000,4.000000,4.000000,4.000000,2.000000,4.000000,4.000000,4.000000,4.000000,4.000000,4.000000,4.000000,4.000000,4.000000,4.000000,4.000000,4.000000,4.000000,83.333336
1614076775.073732,25.000000,0.000000,2.759509,-2.312556,6.601596,5.190163,14.787533,5.252556,-5.918880,-3.240824,2.336980,6.194967,-1.871857,-11.433625,-2.662894,4.664466,4.107603,43.564789,3.550938,13.225348,-0.264460,-10.011547,-9.613774,-17.462929,-10.874833,-9.139034,-1.977796,0.289462,-6.081481,-10.522905,0.625408,-3.696687,7.141773,14.920593,0.000000,203.000000,4.000000,,,,0.000000,4.000000,4.000000,4.000000,4.000000,4.000000,4.000000,4.000000,4.000000,4.000000,4.000000,4.000000,4.000000,4.000000,4.000000,4.000000,4.000000,4.000000,4.000000,2.000000,4.000000,4.000000,4.000000,4.000000,4.000000,4.000000,4.000000,4.000000,4.000000,4.000000,4.000000,4.000000,4.000000,83.333336
1614076775.081581,26.000000,0.000000,2.243929,-2.310243,6.594995,5.184973,13.234283,8.324226,-3.348859,7.018827,6.950027,8.752875,7.360784,-7.319627,12.211564,15.941854,23.590675,76.341736,8.162772,41.417252,15.120420,-7.950253,-7.040058,-18.471106,-9.325498,-8.617075,-0.950177,0.289173,-3.511297,-10.512383,1.137603,-3.692990,7.647452,14.392852,0.000000,124.000000,4.000000,,,,0.000000,4.000000,4.000000,4.000000,4.000000,4.000000,4.000000,4.000000,4.000000,4.000000,4.000000,4.000000,4.000000,4.000000,4.000000,4.000000,4.000000,4.000000,4.000000,2.000000,4.000000,4.000000,4.000000,4.000000,4.000000,4.000000,4.000000,4.000000,4.000000,4.000000,4.000000,4.000000,4.000000,83.333336
1614076775.089330,27.000000,0.000000,2.241685,-2.307933,6.075579,5.179788,14.246691,9.341543,-2.319869,2.909245,7.968718,8.744123,4.789321,-7.312308,11.686532,9.772065,15.874777,65.496162,6.616148,26.504038,1.259145,-9.993586,-7.545838,-17.426994,-9.828992,-8.608459,-0.949227,0.801704,-3.507786,-11.014690,0.623645,-3.689297,7.639805,13.865639,0.000000,205.000000,4.000000,,,,0.000000,4.000000,4.000000,4.000000,4.000000,4.000000,4.000000,4.000000,4.000000,4.000000,4.000000,4.000000,4.000000,4.000000,4.000000,4.000000,4.000000,4.000000,4.000000,2.000000,4.000000,4.000000,4.000000,4.000000,4.000000,4.000000,4.000000,4.000000,4.000000,4.000000,4.000000,4.000000,4.000000,83.333336
1614076775.097179,28.000000,0.000000,2.239444,-2.305625,6.582324,5.174608,14.232444,8.819382,-2.830369,-2.221870,6.935109,8.222557,-0.343674,-7.817816,0.392794,-6.647963,-1.576995,33.122974,6.609531,1.862150,-4.895960,-2.291284,-2.922908,-7.665977,-7.255061,-9.625491,-2.486739,-0.224738,-1.965816,-7.926753,0.623021,-3.685608,7.632165,14.364594,0.000000,182.000000,4.000000,,,,0.000000,4.000000,4.000000,4.000000,4.000000,4.000000,4.000000,4.000000,4.000000,4.000000,4.000000,4.000000,4.000000,4.000000,4.000000,4.000000,4.000000,4.000000,4.000000,2.000000,4.000000,4.000000,4.000000,4.000000,4.000000,4.000000,4.000000,4.000000,4.000000,4.000000,4.000000,4.000000,4.000000,83.333336
1614076775.104929,29.000000,0.000000,2.237204,-2.303320,9.139844,4.656613,13.192571,8.810562,-2.827539,-0.681187,10.517917,8.214334,0.169491,-7.297178,-4.222983,-12.795161,-0.549777,38.730877,7.628563,12.116697,6.390987,11.044340,8.362066,1.572458,-2.632421,-6.026122,2.643953,1.313948,2.651534,-3.816262,4.724962,-1.117820,7.624533,16.401510,0.000000,198.000000,4.000000,,,,0.000000,4.000000,4.000000,4.000000,4.000000,4.000000,4.000000,4.000000,4.000000,4.000000,4.000000,4.000000,4.000000,4.000000,4.000000,4.000000,4.000000,4.000000,4.000000,2.000000,4.000000,4.000000,4.000000,4.000000,4.000000,4.000000,4.000000,4.000000,4.000000,4.000000,4.000000,4.000000,4.000000,83.333336
1614076775.112778,30.000000,0.000000,2.234967,-2.813837,10.669166,5.164777,14.717839,8.801751,-2.824711,-2.218967,13.071502,7.693300,0.169321,-7.802701,-2.680299,-10.218264,2.527695,42.794712,6.595294,29.540478,9.974339,15.135860,12.969090,1.570885,-1.091327,2.697853,13.410540,7.466480,4.187344,-3.299625,10.874084,6.062786,7.616908,17.923571,0.000000,200.000000,4.000000,,,,0.000000,4.000000,4.000000,4.000000,4.000000,4.000000,4.000000,4.000000,4.000000,4.000000,4.000000,4.000000,4.000000,4.000000,4.000000,4.000000,4.000000,4.000000,4.000000,2.000000,4.000000,4.000000,4.000000,4.000000,4.000000,4.000000,4.000000,4.000000,4.000000,4.000000,4.000000,4.000000,4.000000,83.333336
1614076775.120527,31.000000,0.000000,2.232732,-2.298203,10.145676,7.210895,16.754404,8.792950,-3.334707,-3.242389,12.545609,8.198427,0.169152,-7.794899,-1.139157,-2.515738,3.037988,51.469864,6.588698,33.613503,8.938725,12.043801,12.443299,0.030853,-2.115877,7.310540,19.038155,13.612860,6.234439,-2.783505,12.401670,14.774672,10.173394,18.418468,0.000000,209.000000,4.000000,,,,0.000000,4.000000,4.000000,4.000000,4.000000,4.000000,4.000000,4.000000,4.000000,4.000000,4.000000,4.000000,4.000000,4.000000,4.000000,4.000000,4.000000,4.000000,4.000000,2.000000,4.000000,4.000000,4.000000,4.000000,4.000000,4.000000,4.000000,4.000000,4.000000,4.000000,4.000000,4.000000,4.000000,83.333336
1614076775.128376,32.000000,0.000000,3.768961,0.268198,10.648351,8.742146,17.763290,8.784157,-2.818552,3.940341,15.097166,8.190228,3.245906,-5.735821,-0.112376,6.717547,5.599053,82.700447,6.582109,28.451683,1.237478,5.365091,12.430856,6.184669,-1.600940,6.277588,17.993475,16.676170,10.843589,-0.216619,12.389269,19.375282,11.701682,21.476973,8064.000000,0.000000,4.000000,,,,0.000000,4.000000,4.000000,4.000000,4.000000,4.000000,4.000000,4.000000,4.000000,4.000000,4.000000,4.000000,4.000000,4.000000,4.000000,4.000000,4.000000,4.000000,4.000000,2.000000,4.000000,4.000000,4.000000,4.000000,4.000000,4.000000,4.000000,4.000000,4.000000,4.000000,4.000000,4.000000,4.000000,83.333336
1614076775.136125,33.000000,0.000000,5.816474,1.806392,10.637703,8.733403,19.796808,8.775373,-1.790092,2.910759,16.620531,6.643577,3.242660,-3.678803,-0.112264,8.249291,3.542172,70.822876,6.575527,9.448873,-12.609914,-1.819762,10.367144,9.768228,-1.599339,5.758491,14.898560,15.633853,9.807104,-0.216402,11.351238,17.817444,10.151519,21.968315,8064.000000,0.000000,4.000000,,,,0.000000,4.000000,4.000000,4.000000,4.000000,4.000000,4.000000,4.000000,4.000000,4.000000,4.000000,4.000000,4.000000,4.000000,4.000000,4.000000,4.000000,4.000000,4.000000,2.000000,4.000000,4.000000,4.000000,4.000000,4.000000,4.000000,4.000000,4.000000,4.000000,4.000000,4.000000,4.000000,4.000000,83.333336
1614076775.143974,34.000000,0.000000,5.810658,0.778944,10.114244,8.724669,21.315474,8.766597,0.775800,-6.322921,15.578269,9.713857,4.777879,-4.187945,3.477592,7.728221,8.666835,38.957180,6.568952,6.875321,-3.366534,2.284622,8.818315,4.117434,-2.110561,6.265553,10.781096,11.515655,4.669092,-2.780288,7.750144,13.697063,7.577265,15.792501,8064.000000,0.000000,4.000000,,,,0.000000,4.000000,4.000000,4.000000,4.000000,4.000000,4.000000,4.000000,4.000000,4.000000,4.000000,4.000000,4.000000,4.000000,4.000000,4.000000,4.000000,4.000000,4.000000,2.000000,4.000000,4.000000,4.000000,4.000000,4.000000,4.000000,4.000000,4.000000,4.000000,4.000000,4.000000,4.000000,4.000000,83.333336
1614076775.151723,35.000000,0.000000,5.804847,1.290986,10.616951,8.715945,20.781338,8.757831,4.877589,5.478274,16.075512,16.883631,13.491050,-4.183757,9.627960,16.951263,27.632526,67.123352,7.075203,35.073574,17.149652,9.974646,8.296676,-2.553351,-1.595629,6.259287,9.231853,7.914395,3.638782,-3.803149,4.152650,11.119264,7.569687,10.648504,8064.000000,0.000000,4.000000,,,,0.000000,4.000000,4.000000,4.000000,4.000000,4.000000,4.000000,4.000000,4.000000,4.000000,4.000000,4.000000,4.000000,4.000000,4.000000,4.000000,4.000000,4.000000,4.000000,2.000000,4.000000,4.000000,4.000000,4.000000,4.000000,4.000000,4.000000,4.000000,4.000000,4.000000,4.000000,4.000000,4.000000,83.333336
1614076775.159572,36.000000,0.000000,5.799042,3.853797,10.606334,8.707229,20.760557,8.236252,8.462455,23.934334,18.623539,19.943670,16.554482,-4.179574,10.643973,25.139439,27.604895,93.722893,5.529667,45.807732,19.696606,1.759543,-0.942390,-4.089259,-3.132495,5.227386,10.248263,7.906481,4.660784,-2.773705,4.661318,11.620965,7.562118,10.125035,8064.000000,0.000000,4.000000,,,,0.000000,4.000000,4.000000,4.000000,4.000000,4.000000,4.000000,4.000000,4.000000,4.000000,4.000000,4.000000,4.000000,4.000000,4.000000,4.000000,4.000000,4.000000,4.000000,2.000000,4.000000,4.000000,4.000000,4.000000,4.000000,4.000000,4.000000,4.000000,4.000000,4.000000,4.000000,4.000000,4.000000,83.333336
1614076775.167321,37.000000,0.000000,5.793243,5.388405,4.441881,8.698522,21.252617,8.740836,8.966813,14.679630,20.143377,18.898085,10.896901,-4.175394,8.582047,14.857890,8.602930,64.398399,3.472855,27.300385,15.574345,-10.037088,-10.172217,-2.546708,-5.180645,3.170877,6.648271,6.360113,4.143303,-3.283752,4.656657,10.070882,7.554555,9.089269,8064.000000,0.000000,4.000000,,,,0.000000,4.000000,4.000000,4.000000,4.000000,4.000000,4.000000,4.000000,4.000000,4.000000,4.000000,4.000000,4.000000,4.000000,4.000000,4.000000,4.000000,4.000000,4.000000,2.000000,4.000000,4.000000,4.000000,4.000000,4.000000,4.000000,4.000000,4.000000,4.000000,4.000000,4.000000,4.000000,4.000000,83.333336
1614076775.175170,38.000000,0.000000,5.787450,5.383017,-1.203586,8.689823,19.180082,8.732096,6.906564,-4.822228,19.610413,18.879187,8.321902,-4.171218,8.060645,-0.541584,2.440481,54.590412,2.956562,16.503855,12.994668,-4.898847,-8.623583,0.532762,-5.688285,1.629245,2.539059,3.789650,4.139160,-3.280468,4.652000,7.496709,7.547001,7.028897,8064.000000,0.000000,4.000000,,,,0.000000,4.000000,4.000000,4.000000,4.000000,4.000000,4.000000,4.000000,4.000000,4.000000,4.000000,4.000000,4.000000,4.000000,4.000000,4.000000,4.000000,4.000000,4.000000,2.000000,4.000000,4.000000,4.000000,4.000000,4.000000,4.000000,4.000000,4.000000,4.000000,4.000000,4.000000,4.000000,4.000000,83.333336
1614076775.182919,39.000000,0.000000,5.781662,4.864813,-1.715203,8.681133,17.109619,3.595158,4.848375,-6.868688,19.590803,18.347486,4.211016,-4.167048,7.026943,-3.617965,1.412400,70.433258,2.953605,18.538631,4.263725,2.798360,-7.589319,3.096331,-5.682597,2.140436,2.023699,3.785861,4.135020,-3.277188,4.134528,6.976391,7.539454,5.483407,8064.000000,0.000000,4.000000,,,,0.000000,4.000000,4.000000,4.000000,4.000000,4.000000,4.000000,4.000000,4.000000,4.000000,4.000000,4.000000,4.000000,4.000000,4.000000,4.000000,4.000000,4.000000,4.000000,2.000000,4.000000,4.000000,4.000000,4.000000,4.000000,4.000000,4.000000,4.000000,4.000000,4.000000,4.000000,4.000000,4.000000,83.333336
1614076775.190768,40.000000,0.000000,5.775880,3.321487,-0.687847,8.672452,17.092510,1.027461,4.330706,-4.810538,19.571211,15.252216,-6.562426,-4.162880,3.942993,-3.101526,-5.255679,52.926929,2.950651,24.161119,9.900487,2.282741,-6.043268,4.631697,-5.164093,2.138295,2.534496,4.294895,4.130886,-3.273911,1.566290,7.482235,7.531915,3.939462,8064.000000,0.000000,4.000000,,,,0.000000,4.000000,4.000000,4.000000,4.000000,4.000000,4.000000,4.000000,4.000000,4.000000,4.000000,4.000000,4.000000,4.000000,4.000000,4.000000,4.000000,4.000000,4.000000,2.000000,4.000000,4.000000,4.000000,4.000000,4.000000,4.000000,4.000000,4.000000,4.000000,4.000000,4.000000,4.000000,4.000000,83.333336
1614076775.198517,41.000000,0.000000,6.282925,1.266883,-1.199980,8.663780,18.101059,7.693100,4.326375,-5.318548,19.551640,15.236964,-3.478940,-4.158717,3.426230,-3.611246,-0.635039,41.079128,3.460521,34.906189,27.326483,3.818920,5.244827,5.139885,-5.158929,2.136157,2.531961,4.803421,5.152396,-3.270637,1.564724,7.474753,7.524383,3.422702,8064.000000,0.000000,4.000000,,,,0.000000,4.000000,4.000000,4.000000,4.000000,4.000000,4.000000,4.000000,4.000000,4.000000,4.000000,4.000000,4.000000,4.000000,4.000000,4.000000,4.000000,4.000000,4.000000,2.000000,4.000000,4.000000,4.000000,4.000000,4.000000,4.000000,4.000000,4.000000,4.000000,4.000000,4.000000,4.000000,4.000000,83.333336
1614076775.206366,42.000000,0.000000,5.763822,0.752796,-1.198780,8.655116,17.057316,13.326432,4.322049,0.327797,19.532089,15.734548,6.780949,-4.154559,4.961265,3.059032,6.032263,70.268822,1.918599,35.384102,21.145311,-0.800284,6.778044,2.570643,-10.794796,2.646842,2.529430,4.285797,3.608782,-3.267366,4.127262,7.467278,7.516858,3.419279,8064.000000,0.000000,4.000000,,,,0.000000,4.000000,4.000000,4.000000,4.000000,4.000000,4.000000,4.000000,4.000000,4.000000,4.000000,4.000000,4.000000,4.000000,4.000000,4.000000,4.000000,4.000000,4.000000,2.000000,4.000000,4.000000,4.000000,4.000000,4.000000,4.000000,4.000000,4.000000,4.000000,4.000000,4.000000,4.000000,4.000000,83.333336
1614076775.214115,43.000000,0.000000,4.732417,1.264864,-0.684760,8.646461,17.040258,12.800285,4.317727,5.968494,19.512556,14.693172,2.158783,-4.150404,1.879381,2.543153,-9.871205,70.711372,-4.749986,8.682053,-1.439937,-18.748201,-5.023606,-4.098594,-17.450668,0.592913,2.526900,3.255870,-2.035853,-3.776919,5.148776,7.459811,7.509341,3.415860,8064.000000,0.000000,4.000000,,,,0.000000,4.000000,4.000000,4.000000,4.000000,4.000000,4.000000,4.000000,4.000000,4.000000,4.000000,4.000000,4.000000,4.000000,4.000000,4.000000,4.000000,4.000000,4.000000,2.000000,4.000000,4.000000,4.000000,4.000000,4.000000,4.000000,4.000000,4.000000,4.000000,4.000000,4.000000,4.000000,4.000000,83.333336
1614076775.221764,44.000000,0.000000,6.778966,1.263599,-0.684076,8.637815,18.561680,12.787485,4.313409,6.475347,19.493044,12.627197,-8.099786,-4.146254,-3.250704,-10.792724,-26.271591,38.332966,-9.360620,-20.044579,-7.592343,-28.985863,-3.480121,-7.684239,-17.433218,-1.971783,3.550014,4.791076,-4.085099,-3.260322,4.630806,7.452352,8.014652,5.976547,8064.000000,0.000000,4.000000,,,,0.000000,4.000000,4.000000,4.000000,4.000000,4.000000,4.000000,4.000000,4.000000,4.000000,4.000000,4.000000,4.000000,4.000000,4.000000,4.000000,4.000000,4.000000,4.000000,2.000000,4.000000,4.000000,4.000000,4.000000,4.000000,4.000000,4.000000,4.000000,4.000000,4.000000,4.000000,4.000000,4.000000,83.333336
1614076775.229513,45.000000,0.000000,5.746546,1.262335,-0.683392,8.629176,12.389273,10.210595,4.309096,5.443230,17.935089,11.076108,-8.091686,-4.142107,-3.760274,-13.346033,-14.450447,32.140789,-7.812799,-7.716841,3.697300,-23.315851,6.779769,-7.163734,-15.877322,-1.969811,3.033644,4.786285,-2.542552,-2.744241,5.138996,7.444899,5.955356,7.509032,8064.000000,0.000000,4.000000,,,,0.000000,4.000000,4.000000,4.000000,4.000000,4.000000,4.000000,4.000000,4.000000,4.000000,4.000000,4.000000,4.000000,4.000000,4.000000,4.000000,4.000000,4.000000,4.000000,2.000000,4.000000,4.000000,4.000000,4.000000,4.000000,4.000000,4.000000,4.000000,4.000000,4.000000,4.000000,4.000000,4.000000,83.333336
1614076775.237162,46.000000,0.000000,-2.464328,0.748252,-1.195529,8.620547,-0.956450,4.046538,4.304787,3.386505,14.327411,6.962468,-7.057953,-4.137965,-0.679590,-1.024995,6.589644,64.929161,-5.753704,25.111389,13.950013,-16.625870,3.696066,-7.156571,-17.912727,-0.942200,-2.097595,-2.910809,-8.181035,-4.792778,1.544114,6.924634,3.898118,2.886138,8064.000000,0.000000,4.000000,,,,0.000000,4.000000,4.000000,4.000000,4.000000,4.000000,4.000000,4.000000,4.000000,4.000000,4.000000,4.000000,4.000000,4.000000,4.000000,4.000000,4.000000,4.000000,4.000000,2.000000,4.000000,4.000000,4.000000,4.000000,4.000000,4.000000,4.000000,4.000000,4.000000,4.000000,4.000000,4.000000,4.000000,83.333336
1614076775.244911,47.000000,0.000000,-4.513146,1.260325,-0.681513,8.611927,-6.083699,0.452748,4.300482,1.844657,11.748981,3.365762,-8.589356,-4.646648,-0.166090,5.642696,11.198440,93.069359,-5.747950,40.983711,13.423243,-14.045141,-1.435835,-7.662235,-16.869173,-5.043822,-5.172421,-5.472001,-10.224136,-5.300807,0.516928,6.917709,3.381400,-0.706492,8064.000000,0.000000,4.000000,,,,0.000000,4.000000,4.000000,4.000000,4.000000,4.000000,4.000000,4.000000,4.000000,4.000000,4.000000,4.000000,4.000000,4.000000,4.000000,4.000000,4.000000,4.000000,4.000000,2.000000,4.000000,4.000000,4.000000,4.000000,4.000000,4.000000,4.000000,4.000000,4.000000,4.000000,4.000000,4.000000,4.000000,83.333336
1614076775.252561,48.000000,0.000000,3.183675,1.771885,-0.168011,8.603315,-0.949410,1.477937,4.296182,2.355633,11.737232,3.875216,-7.042306,-4.129181,-0.165924,3.585772,7.084677,70.925011,-1.639638,18.891447,10.332896,-6.851609,4.719447,-5.603291,-9.159997,-5.551599,-4.141607,3.764240,2.093780,-1.705762,3.593334,7.936432,3.890839,-0.192965,8064.000000,0.000000,4.000000,,,,0.000000,4.000000,4.000000,4.000000,4.000000,4.000000,4.000000,4.000000,4.000000,4.000000,4.000000,4.000000,4.000000,4.000000,4.000000,4.000000,4.000000,4.000000,4.000000,2.000000,4.000000,4.000000,4.000000,4.000000,4.000000,4.000000,4.000000,4.000000,4.000000,4.000000,4.000000,4.000000,4.000000,83.333336
1614076775.260310,49.000000,0.000000,5.744594,0.231651,-2.731945,8.594711,2.641283,0.963638,4.291885,-0.210826,12.238315,3.871341,-7.548084,-3.612231,1.372703,-6.161404,5.026310,41.623314,2.464566,5.026402,17.502050,0.334730,9.330112,-2.007944,-4.022632,3.684722,-9.265671,7.350220,10.809635,0.860046,0.512818,5.877214,3.886948,-1.731233,8064.000000,0.000000,4.000000,,,,0.000000,4.000000,4.000000,4.000000,4.000000,4.000000,4.000000,4.000000,4.000000,4.000000,4.000000,4.000000,4.000000,4.000000,4.000000,4.000000,4.000000,4.000000,4.000000,2.000000,4.000000,4.000000,4.000000,4.000000,4.000000,4.000000,4.000000,4.000000,4.000000,4.000000,4.000000,4.000000,4.000000,83.333336
1614076775.267959,50.000000,0.000000,2.149106,1.769881,-4.780495,8.586117,2.638642,0.962674,3.774773,-5.338820,11.713256,3.354650,-9.078998,-4.634260,-1.192772,-15.898832,2.970002,19.530409,1.436460,6.559837,21.587112,1.872857,7.269500,2.096628,-6.069891,9.834884,-16.435892,4.265946,8.747543,0.346366,-2.564618,3.820055,3.370241,-0.191040,8064.000000,0.000000,4.000000,,,,0.000000,4.000000,4.000000,4.000000,4.000000,4.000000,4.000000,4.000000,4.000000,4.000000,4.000000,4.000000,4.000000,4.000000,4.000000,4.000000,4.000000,4.000000,4.000000,2.000000,4.000000,4.000000,4.000000,4.000000,4.000000,4.000000,4.000000,4.000000,4.000000,4.000000,4.000000,4.000000,4.000000,83.333336
1614076775.275708,51.000000,0.000000,6.249521,7.409137,-1.185971,8.577531,5.200106,3.012994,4.796639,-5.846302,12.214363,10.017962,4.776235,-4.116805,2.398164,-3.062420,5.018314,21.049339,7.588870,7.066098,13.873218,5.973548,11.877615,7.222737,-4.012539,9.312228,-10.778431,10.928348,7.200334,2.910122,5.643075,9.970080,3.879691,12.629663,8064.000000,0.000000,4.000000,,,,0.000000,4.000000,4.000000,4.000000,4.000000,4.000000,4.000000,4.000000,4.000000,4.000000,4.000000,4.000000,4.000000,4.000000,4.000000,4.000000,4.000000,4.000000,4.000000,2.000000,4.000000,4.000000,4.000000,4.000000,4.000000,4.000000,4.000000,4.000000,4.000000,4.000000,4.000000,4.000000,4.000000,83.333336
1614076775.283357,52.000000,0.000000,11.371476,7.401728,2.917779,9.081774,6.733367,6.086904,7.355945,-1.225071,15.791893,18.725893,21.694536,1.528337,14.703459,22.068848,16.295347,53.848804,19.376152,18.341084,12.833704,16.736805,20.070866,7.215514,1.632499,14.431121,-1.024062,17.584085,8.731595,5.471314,13.329740,18.678059,5.927094,22.873444,8064.000000,0.000000,4.000000,,,,0.000000,4.000000,4.000000,4.000000,4.000000,4.000000,4.000000,4.000000,4.000000,4.000000,4.000000,4.000000,4.000000,4.000000,4.000000,4.000000,4.000000,4.000000,4.000000,2.000000,4.000000,4.000000,4.000000,4.000000,4.000000,4.000000,4.000000,4.000000,4.000000,4.000000,4.000000,4.000000,4.000000,83.333336
1614076775.291106,53.000000,0.000000,7.770361,1.753300,3.427682,8.047051,6.213813,5.567997,8.374230,3.904360,14.750460,17.168705,20.647200,3.578091,16.740038,24.098061,21.407257,80.461624,16.279854,30.117613,17.949076,17.232889,16.973871,-0.484009,-0.420415,21.596176,-2.561500,13.976758,8.210043,1.363279,11.265128,19.172201,7.459628,20.799288,8064.000000,0.000000,4.000000,,,,0.000000,4.000000,4.000000,4.000000,4.000000,4.000000,4.000000,4.000000,4.000000,4.000000,4.000000,4.000000,4.000000,4.000000,4.000000,4.000000,4.000000,4.000000,4.000000,2.000000,4.000000,4.000000,4.000000,4.000000,4.000000,4.000000,4.000000,4.000000,4.000000,4.000000,4.000000,4.000000,4.000000,83.333336
1614076775.298755,54.000000,0.000000,2.121565,0.213086,2.398613,5.474901,6.207599,4.536788,7.853035,5.438917,9.607504,11.510510,11.395784,-2.066513,4.415605,9.714988,10.616618,61.406799,3.443061,22.908009,13.315742,0.805400,9.264590,-5.098909,-7.599482,17.472017,-7.687143,11.398679,8.201833,-3.766289,7.664119,17.614569,7.452168,17.188745,8064.000000,0.000000,4.000000,,,,0.000000,4.000000,4.000000,4.000000,4.000000,4.000000,4.000000,4.000000,4.000000,4.000000,4.000000,4.000000,4.000000,4.000000,4.000000,4.000000,4.000000,4.000000,4.000000,2.000000,4.000000,4.000000,4.000000,4.000000,4.000000,4.000000,4.000000,4.000000,4.000000,4.000000,4.000000,4.000000,4.000000,83.333336
1614076775.306505,55.000000,0.000000,1.606623,1.751334,3.421855,4.956606,6.201392,6.583533,8.358003,4.407837,8.059435,11.499000,11.384388,-4.628549,-1.742657,7.141171,1.375233,52.627445,1.388336,14.679973,6.635759,-13.041559,8.229685,-0.478426,-10.155985,13.351980,-7.679456,14.464203,6.142349,-4.275343,8.682096,19.135414,7.444716,18.197199,8064.000000,0.000000,4.000000,,,,0.000000,4.000000,4.000000,4.000000,4.000000,4.000000,4.000000,4.000000,4.000000,4.000000,4.000000,4.000000,4.000000,4.000000,4.000000,4.000000,4.000000,4.000000,4.000000,2.000000,4.000000,4.000000,4.000000,4.000000,4.000000,4.000000,4.000000,4.000000,4.000000,4.000000,4.000000,4.000000,4.000000,83.333336
1614076775.314154,56.000000,0.000000,3.143478,0.211121,3.418433,3.413188,6.195190,4.012846,7.324004,3.377788,7.538555,9.436219,9.834542,-3.598279,0.823188,7.646850,2.912319,54.113277,4.463871,9.537087,5.603482,-12.515697,5.144532,0.547693,-8.607368,13.338629,-11.774341,13.936918,4.084925,-2.732607,8.673414,18.090639,7.437271,18.179001,8064.000000,0.000000,4.000000,,,,0.000000,4.000000,4.000000,4.000000,4.000000,4.000000,4.000000,4.000000,4.000000,4.000000,4.000000,4.000000,4.000000,4.000000,4.000000,4.000000,4.000000,4.000000,4.000000,2.000000,4.000000,4.000000,4.000000,4.000000,4.000000,4.000000,4.000000,4.000000,4.000000,4.000000,4.000000,4.000000,4.000000,83.333336
1614076775.321903,57.000000,0.000000,0.576232,-3.378834,2.389374,1.358493,6.188995,-5.734756,4.752577,1.323128,2.402812,3.785757,3.670861,-9.235706,0.309545,3.023818,1.883766,37.136089,1.895304,5.424986,4.572238,-13.016002,-3.065741,-2.016957,-9.111581,6.658623,-18.942055,11.358879,6.132122,-3.755515,8.151920,13.457164,6.917014,17.648001,8064.000000,0.000000,4.000000,,,,0.000000,4.000000,4.000000,4.000000,4.000000,4.000000,4.000000,4.000000,4.000000,4.000000,4.000000,4.000000,4.000000,4.000000,4.000000,4.000000,4.000000,4.000000,4.000000,2.000000,4.000000,4.000000,4.000000,4.000000,4.000000,4.000000,4.000000,4.000000,4.000000,4.000000,4.000000,4.000000,4.000000,83.333336
1614076775.329552,58.000000,0.000000,-1.475626,-2.349814,3.412626,0.844314,6.182806,-9.831585,3.722184,1.321805,2.400409,3.781971,2.641550,-10.252111,0.822055,8.661820,3.420343,43.765621,2.406229,23.368279,4.054845,-13.515806,-2.549855,-2.527760,-10.640931,-2.578804,-20.461573,10.834700,7.151631,-3.751760,8.143768,10.366783,7.422917,17.630354,8064.000000,0.000000,4.000000,,,,0.000000,4.000000,4.000000,4.000000,4.000000,4.000000,4.000000,4.000000,4.000000,4.000000,4.000000,4.000000,4.000000,4.000000,4.000000,4.000000,4.000000,4.000000,4.000000,2.000000,4.000000,4.000000,4.000000,4.000000,4.000000,4.000000,4.000000,4.000000,4.000000,4.000000,4.000000,4.000000,4.000000,83.333336
1614076775.337401,59.000000,0.000000,2.628413,2.780741,5.973316,1.356290,6.176623,-5.206369,4.231282,9.012791,9.064675,10.957677,3.664549,1.040192,5.436618,20.448030,13.160513,71.414162,7.532028,43.344910,8.666175,-0.681778,6.170644,-0.473951,-6.527726,-2.576226,-17.364189,11.336685,7.657300,2.405838,8.135624,10.356417,9.979597,17.612722,8064.000000,0.000000,4.000000,,,,0.000000,4.000000,4.000000,4.000000,4.000000,4.000000,4.000000,4.000000,4.000000,4.000000,4.000000,4.000000,4.000000,4.000000,4.000000,4.000000,4.000000,4.000000,4.000000,2.000000,4.000000,4.000000,4.000000,4.000000,4.000000,4.000000,4.000000,4.000000,4.000000,4.000000,4.000000,4.000000,4.000000,83.333336
1614076775.345150,60.000000,0.000000,8.779631,5.342063,5.454522,1.354934,6.170447,-2.124240,4.227051,16.183266,12.645354,17.613386,4.173705,8.218638,7.995284,23.504505,16.224276,63.137619,11.627060,32.532333,16.349817,17.267622,9.241397,5.680369,1.171110,1.016094,-15.295543,11.325349,13.290668,8.044458,8.127489,10.858880,11.508079,17.595110,8064.000000,0.000000,4.000000,,,,0.000000,4.000000,4.000000,4.000000,4.000000,4.000000,4.000000,4.000000,4.000000,4.000000,4.000000,4.000000,4.000000,4.000000,4.000000,4.000000,4.000000,4.000000,4.000000,2.000000,4.000000,4.000000,4.000000,4.000000,4.000000,4.000000,4.000000,4.000000,4.000000,4.000000,4.000000,4.000000,4.000000,83.333336
1614076775.352999,61.000000,0.000000,10.309313,4.823901,2.884965,1.353579,6.164276,-2.634936,4.222824,11.551698,11.607067,19.647055,3.656711,7.697599,7.987288,23.481001,7.490102,39.997559,10.589792,13.012624,14.795005,19.814457,8.206514,15.418279,3.734041,2.040719,-15.280247,11.314023,18.405582,6.497952,8.119361,10.848022,10.470929,17.577515,8064.000000,0.000000,4.000000,,,,0.000000,4.000000,4.000000,4.000000,4.000000,4.000000,4.000000,4.000000,4.000000,4.000000,4.000000,4.000000,4.000000,4.000000,4.000000,4.000000,4.000000,4.000000,4.000000,2.000000,4.000000,4.000000,4.000000,4.000000,4.000000,4.000000,4.000000,4.000000,4.000000,4.000000,4.000000,4.000000,4.000000,83.333336
1614076775.360748,62.000000,0.000000,7.734901,4.819077,2.369259,1.352225,6.158112,-2.632301,4.218601,4.873479,12.108281,18.601767,3.653054,7.177082,7.466481,20.893417,1.841586,33.290894,7.502279,6.332944,-1.117226,14.153617,8.198308,21.043886,0.140564,2.038678,-15.264967,11.302709,16.335896,3.927351,8.111242,10.324353,10.973279,17.559938,8064.000000,0.000000,4.000000,,,,0.000000,4.000000,4.000000,4.000000,4.000000,4.000000,4.000000,4.000000,4.000000,4.000000,4.000000,4.000000,4.000000,4.000000,4.000000,4.000000,4.000000,4.000000,4.000000,2.000000,4.000000,4.000000,4.000000,4.000000,4.000000,4.000000,4.000000,4.000000,4.000000,4.000000,4.000000,4.000000,4.000000,83.333336
1614076775.368597,63.000000,0.000000,6.188704,5.327078,3.392531,1.350873,6.151954,-2.629669,4.214383,5.894247,12.608994,19.608805,4.675042,4.605802,7.971835,10.616114,2.352566,27.103758,7.494777,8.890714,-6.757134,13.113822,8.702929,18.971560,-0.885218,1.010999,-14.736881,11.291407,14.268277,4.436245,8.103130,11.339669,13.526408,17.542377,8064.000000,0.000000,4.000000,,,,0.000000,4.000000,4.000000,4.000000,4.000000,4.000000,4.000000,4.000000,4.000000,4.000000,4.000000,4.000000,4.000000,4.000000,4.000000,4.000000,4.000000,4.000000,4.000000,2.000000,4.000000,4.000000,4.000000,4.000000,4.000000,4.000000,4.000000,4.000000,4.000000,4.000000,4.000000,4.000000,4.000000,83.333336
1614076775.376346,64.000000,0.000000,5.669695,4.808930,2.876318,1.349522,6.145802,-2.114218,4.210168,4.862711,12.083564,19.589197,4.157547,-0.014189,8.476684,3.426010,3.375854,34.256142,5.948821,20.163874,11.198340,4.895580,8.694227,12.285922,-1.397153,4.086911,-14.722144,11.280115,15.792470,3.406168,8.095028,14.405253,15.051344,17.524836,0.000000,192.000000,4.000000,,,,0.000000,4.000000,4.000000,4.000000,4.000000,4.000000,4.000000,4.000000,4.000000,4.000000,4.000000,4.000000,4.000000,4.000000,4.000000,4.000000,4.000000,4.000000,4.000000,2.000000,4.000000,4.000000,4.000000,4.000000,4.000000,4.000000,4.000000,4.000000,4.000000,4.000000,4.000000,4.000000,4.000000,83.333336
1614076775.384195,65.000000,0.000000,5.664026,4.804121,2.873442,0.835352,6.139656,0.451998,4.205958,-2.834459,11.558660,12.390121,-2.000457,-1.552636,6.416925,3.935405,2.859658,47.042397,-1.236615,11.425761,15.802527,-12.545213,2.018866,0.991585,-6.523962,8.698209,-17.271524,9.217553,13.725396,0.325838,6.035650,14.390848,14.523472,17.507311,0.000000,173.000000,4.000000,,,,0.000000,4.000000,4.000000,4.000000,4.000000,4.000000,4.000000,4.000000,4.000000,4.000000,4.000000,4.000000,4.000000,4.000000,4.000000,4.000000,4.000000,4.000000,4.000000,2.000000,4.000000,4.000000,4.000000,4.000000,4.000000,4.000000,4.000000,4.000000,4.000000,4.000000,4.000000,4.000000,4.000000,83.333336
1614076775.391944,66.000000,0.000000,5.658362,4.799317,2.870568,1.347337,5.620696,1.477187,4.201752,-6.934189,11.547101,4.685422,-8.152303,-5.653647,2.307944,-0.171095,-5.348330,33.662022,-8.414865,-20.380535,-8.315840,-22.276258,-11.316486,-8.752996,-12.158463,4.074126,-20.331177,7.669874,11.660388,-0.187308,4.491153,11.812354,14.508948,17.489803,0.000000,199.000000,4.000000,,,,0.000000,4.000000,4.000000,4.000000,4.000000,4.000000,4.000000,4.000000,4.000000,4.000000,4.000000,4.000000,4.000000,4.000000,4.000000,4.000000,4.000000,4.000000,4.000000,2.000000,4.000000,4.000000,4.000000,4.000000,4.000000,4.000000,4.000000,4.000000,4.000000,4.000000,4.000000,4.000000,4.000000,83.333336
1614076775.399793,67.000000,0.000000,5.139883,4.794518,2.867697,1.345990,6.127896,1.988531,3.684730,-5.388793,12.561194,3.142275,-8.144151,-11.289020,-0.258467,-7.350411,-13.035290,31.064257,-9.432092,-17.796053,-20.615215,-21.228340,-19.510298,-12.333987,-14.197587,-5.160718,-22.874949,7.149383,9.084625,0.325700,4.486662,10.774901,14.494439,17.472313,0.000000,191.000000,4.000000,,,,0.000000,4.000000,4.000000,4.000000,4.000000,4.000000,4.000000,4.000000,4.000000,4.000000,4.000000,4.000000,4.000000,4.000000,4.000000,4.000000,4.000000,4.000000,4.000000,2.000000,4.000000,4.000000,4.000000,4.000000,4.000000,4.000000,4.000000,4.000000,4.000000,4.000000,4.000000,4.000000,4.000000,83.333336
1614076775.407542,68.000000,0.000000,5.647563,4.789723,2.864830,0.831823,6.121768,4.037824,4.193865,-5.896225,9.984531,1.600672,-7.110365,-12.303371,-2.822311,-7.343060,-11.483793,52.571655,-7.884198,5.298666,-9.825370,-19.155830,-17.952326,-10.783192,-12.644927,-6.694019,-22.339252,7.142234,5.485797,0.325374,4.482175,9.225665,14.479945,17.454842,0.000000,195.000000,4.000000,,,,0.000000,4.000000,4.000000,4.000000,4.000000,4.000000,4.000000,4.000000,4.000000,4.000000,4.000000,4.000000,4.000000,4.000000,4.000000,4.000000,4.000000,4.000000,4.000000,2.000000,4.000000,4.000000,4.000000,4.000000,4.000000,4.000000,4.000000,4.000000,4.000000,4.000000,4.000000,4.000000,4.000000,83.333336
1614076775.415391,69.000000,0.000000,6.667557,4.784934,2.861965,1.856632,5.602826,5.572248,4.702492,-7.941611,7.923265,0.573430,-7.616076,-11.265428,-3.845129,-7.848538,-14.036411,40.211391,-8.389134,-5.475863,-5.200160,-19.649494,-17.934374,-10.259588,-12.632282,-4.636043,-22.316914,7.647912,3.429029,0.325049,4.477693,7.165157,14.465465,17.437386,0.000000,170.000000,4.000000,,,,0.000000,4.000000,4.000000,4.000000,4.000000,4.000000,4.000000,4.000000,4.000000,4.000000,4.000000,4.000000,4.000000,4.000000,4.000000,4.000000,4.000000,4.000000,4.000000,2.000000,4.000000,4.000000,4.000000,4.000000,4.000000,4.000000,4.000000,4.000000,4.000000,4.000000,4.000000,4.000000,4.000000,83.333336
1614076775.423140,70.000000,0.000000,5.122428,4.780149,2.859103,6.470160,7.648505,5.053855,3.672148,-6.908028,12.017905,7.752344,-3.505895,-11.254162,1.286921,-6.815049,-17.099298,16.581434,-8.893566,-15.726797,-5.707780,-20.142666,-19.454901,-14.351892,-13.132471,-5.144227,-23.320236,7.640264,3.938421,0.324724,4.473216,7.157992,14.450999,17.419949,0.000000,161.000000,4.000000,,,,0.000000,4.000000,4.000000,4.000000,4.000000,4.000000,4.000000,4.000000,4.000000,4.000000,4.000000,4.000000,4.000000,4.000000,4.000000,4.000000,4.000000,4.000000,4.000000,2.000000,4.000000,4.000000,4.000000,4.000000,4.000000,4.000000,4.000000,4.000000,4.000000,4.000000,4.000000,4.000000,4.000000,83.333336
1614076775.430989,71.000000,0.000000,5.630126,4.775369,2.856244,9.027793,12.256241,5.048801,5.206938,-5.362659,15.595631,16.975361,3.164277,-7.653164,7.439480,5.499459,0.866519,42.718700,-2.730826,8.391494,1.477414,-12.943036,-9.179036,-15.363181,-12.606518,-6.677544,-21.245634,7.119803,4.447303,0.324399,3.955922,6.125193,14.436548,17.402529,0.000000,173.000000,4.000000,,,,0.000000,4.000000,4.000000,4.000000,4.000000,4.000000,4.000000,4.000000,4.000000,4.000000,4.000000,4.000000,4.000000,4.000000,4.000000,4.000000,4.000000,4.000000,4.000000,2.000000,4.000000,4.000000,4.000000,4.000000,4.000000,4.000000,4.000000,4.000000,4.000000,4.000000,4.000000,4.000000,4.000000,83.333336
1614076775.438738,72.000000,0.000000,11.778342,4.770594,2.853388,9.018764,14.808087,5.043753,9.817116,-4.844475,13.528753,20.035309,8.802138,-1.491665,7.432041,14.211908,19.327190,75.496490,7.528315,27.870281,12.757988,2.967343,8.266041,-8.168331,-7.978527,-3.081123,-16.609005,11.215248,5.468497,2.888177,4.977607,7.144709,14.422112,17.385126,0.000000,202.000000,4.000000,,,,0.000000,4.000000,4.000000,4.000000,4.000000,4.000000,4.000000,4.000000,4.000000,4.000000,4.000000,4.000000,4.000000,4.000000,4.000000,4.000000,4.000000,4.000000,4.000000,2.000000,4.000000,4.000000,4.000000,4.000000,4.000000,4.000000,4.000000,4.000000,4.000000,4.000000,4.000000,4.000000,4.000000,83.333336
1614076775.446388,73.000000,0.000000,11.766563,4.765823,3.363355,8.496925,11.716356,5.551529,10.832939,-5.352451,13.002404,19.502453,8.280516,1.073930,6.398967,7.018209,10.077094,63.626125,11.623350,30.406513,18.386255,7.066940,12.873159,1.583427,-1.303882,6.152727,-14.028293,15.819417,9.052772,4.936571,7.536732,12.778589,14.407690,17.367741,0.000000,199.000000,4.000000,,,,0.000000,4.000000,4.000000,4.000000,4.000000,4.000000,4.000000,4.000000,4.000000,4.000000,4.000000,4.000000,4.000000,4.000000,4.000000,4.000000,4.000000,4.000000,4.000000,2.000000,4.000000,4.000000,4.000000,4.000000,4.000000,4.000000,4.000000,4.000000,4.000000,4.000000,4.000000,4.000000,4.000000,83.333336
1614076775.454137,74.000000,0.000000,2.524028,4.761057,2.847171,7.462788,7.089255,5.545978,6.719543,-7.911201,9.912478,12.816283,1.605569,-3.029708,0.238722,-0.168296,-5.317598,31.254807,2.893779,18.068415,4.008895,-12.940127,2.603876,1.069023,-4.379501,9.736318,-15.039906,11.701034,6.992437,3.393173,7.529195,14.304273,14.393282,17.350374,0.000000,200.000000,4.000000,,,,0.000000,4.000000,4.000000,4.000000,4.000000,4.000000,4.000000,4.000000,4.000000,4.000000,4.000000,4.000000,4.000000,4.000000,4.000000,4.000000,4.000000,4.000000,4.000000,2.000000,4.000000,4.000000,4.000000,4.000000,4.000000,4.000000,4.000000,4.000000,4.000000,4.000000,4.000000,4.000000,4.000000,83.333336
1614076775.461786,75.000000,0.000000,-3.119522,4.756296,2.844324,4.891222,5.543705,5.027611,3.635900,-9.441751,2.210258,4.598339,-6.088345,-10.718987,-8.479465,-0.680949,-9.927665,5.582527,-8.903987,-14.257346,-21.636139,-32.414368,-8.680779,-14.829482,-12.580250,3.059915,-15.024866,4.509845,-2.245325,0.825677,4.957563,8.136122,14.378889,15.794561,0.000000,210.000000,4.000000,,,,0.000000,4.000000,4.000000,4.000000,4.000000,4.000000,4.000000,4.000000,4.000000,4.000000,4.000000,4.000000,4.000000,4.000000,4.000000,4.000000,4.000000,4.000000,4.000000,2.000000,4.000000,4.000000,4.000000,4.000000,4.000000,4.000000,4.000000,4.000000,4.000000,4.000000,4.000000,4.000000,4.000000,83.333336
1614076775.469535,76.000000,0.000000,-1.577941,4.751540,3.354300,4.886331,6.563802,5.535404,3.119443,-4.816926,2.208048,3.055279,-8.133538,-12.246729,-3.855601,1.371014,-8.379276,14.294893,-12.484827,-19.371294,-17.511938,-24.689644,-10.723381,-25.583883,-11.029207,-2.071350,-14.497021,2.966874,-6.858464,0.312031,3.926965,7.102345,14.364510,14.240305,0.000000,190.000000,4.000000,,,,0.000000,4.000000,4.000000,4.000000,4.000000,4.000000,4.000000,4.000000,4.000000,4.000000,4.000000,4.000000,4.000000,4.000000,4.000000,4.000000,4.000000,4.000000,4.000000,2.000000,4.000000,4.000000,4.000000,4.000000,4.000000,4.000000,4.000000,4.000000,4.000000,4.000000,4.000000,4.000000,4.000000,83.333336
1614076775.477184,77.000000,0.000000,-1.576363,4.746788,3.350946,5.907086,5.531597,6.555510,5.167606,-1.222365,6.821225,4.590685,-6.586943,-6.080636,11.020049,5.985028,7.526539,47.101112,-6.831316,13.468591,14.300445,-4.152134,-2.507529,-8.122402,-3.325871,-2.069279,-14.995344,4.502368,-0.697759,0.311719,4.948679,10.684986,14.350145,14.226065,0.000000,190.000000,4.000000,,,,0.000000,4.000000,4.000000,4.000000,4.000000,4.000000,4.000000,4.000000,4.000000,4.000000,4.000000,4.000000,4.000000,4.000000,4.000000,4.000000,4.000000,4.000000,4.000000,2.000000,4.000000,4.000000,4.000000,4.000000,4.000000,4.000000,4.000000,4.000000,4.000000,4.000000,4.000000,4.000000,4.000000,83.333336
1614076775.484933,78.000000,0.000000,-2.087607,5.254862,-0.754969,3.337076,2.449142,1.420749,4.136797,-3.272424,2.199019,2.021992,-7.093177,-4.023273,15.111593,11.620069,21.365166,68.592468,-3.234741,36.019226,26.593836,4.057146,6.212927,14.449823,-0.758442,-0.528748,-14.980349,3.985046,3.918323,0.311407,4.430910,8.623019,14.335795,13.186198,0.000000,206.000000,4.000000,,,,0.000000,4.000000,4.000000,4.000000,4.000000,4.000000,4.000000,4.000000,4.000000,4.000000,4.000000,4.000000,4.000000,4.000000,4.000000,4.000000,4.000000,4.000000,4.000000,2.000000,4.000000,4.000000,4.000000,4.000000,4.000000,4.000000,4.000000,4.000000,4.000000,4.000000,4.000000,4.000000,4.000000,83.333336
1614076775.492582,79.000000,0.000000,-2.085519,4.736786,-4.343958,1.795278,1.933872,-7.811441,-4.585288,-5.833255,-6.521129,-0.544133,-8.624545,-5.044891,7.404174,11.608449,5.959186,39.805931,-6.308430,6.752436,15.285192,1.488986,6.719535,12.384091,-2.296145,0.497422,-14.965368,3.468240,3.401584,0.311096,2.375197,6.050293,14.321460,13.173012,0.000000,203.000000,4.000000,,,,0.000000,4.000000,4.000000,4.000000,4.000000,4.000000,4.000000,4.000000,4.000000,4.000000,4.000000,4.000000,4.000000,4.000000,4.000000,4.000000,4.000000,4.000000,4.000000,2.000000,4.000000,4.000000,4.000000,4.000000,4.000000,4.000000,4.000000,4.000000,4.000000,4.000000,4.000000,4.000000,4.000000,83.333336
1614076775.500331,80.000000,0.000000,-2.596254,2.680768,-3.826793,1.793482,2.444759,-10.880552,-5.606344,-5.827421,-7.027428,-0.030768,-4.513356,-1.450103,6.371129,10.571199,-3.277542,30.022535,-1.686737,-4.023547,9.628881,3.025959,5.174354,3.140938,-1.781029,2.035386,-14.950403,3.977592,3.398182,0.310785,0.834360,7.582705,14.307137,14.185480,0.000000,201.000000,4.000000,,,,0.000000,4.000000,4.000000,4.000000,4.000000,4.000000,4.000000,4.000000,4.000000,4.000000,4.000000,4.000000,4.000000,4.000000,4.000000,4.000000,4.000000,4.000000,4.000000,2.000000,4.000000,4.000000,4.000000,4.000000,4.000000,4.000000,4.000000,4.000000,4.000000,4.000000,4.000000,4.000000,4.000000,83.333336
1614076775.507981,81.000000,0.000000,0.996085,1.139625,-8.438352,-1.798055,0.391032,-8.818390,5.681314,-4.795953,-5.481939,0.994904,3.183465,3.166732,12.518604,12.099090,11.597530,57.684818,9.084181,8.800989,10.132072,5.074215,2.605077,4.676259,-1.266427,1.520530,-14.935452,3.973615,4.420425,0.310474,0.320705,-0.117186,12.241549,6.478987,0.000000,186.000000,4.000000,,,,0.000000,4.000000,4.000000,4.000000,4.000000,4.000000,4.000000,4.000000,4.000000,4.000000,4.000000,4.000000,4.000000,4.000000,4.000000,4.000000,4.000000,4.000000,4.000000,2.000000,4.000000,4.000000,4.000000,4.000000,4.000000,4.000000,4.000000,4.000000,4.000000,4.000000,4.000000,4.000000,4.000000,83.333336
1614076775.515730,82.000000,0.000000,5.610474,0.625665,-16.635040,-8.975744,-4.224743,-10.348033,5.162812,-3.252696,-6.502098,-0.031732,2.154640,4.189206,8.916342,11.061349,6.457727,44.293800,7.023815,-6.079607,8.070659,-0.571885,-3.551374,6.210044,-1.777981,2.031830,-14.920517,3.456821,4.416005,0.310163,0.833205,-8.835017,10.178025,-4.296723,0.000000,203.000000,4.000000,,,,0.000000,4.000000,4.000000,4.000000,4.000000,4.000000,4.000000,4.000000,4.000000,4.000000,4.000000,4.000000,4.000000,4.000000,4.000000,4.000000,4.000000,4.000000,4.000000,2.000000,4.000000,4.000000,4.000000,4.000000,4.000000,4.000000,4.000000,4.000000,4.000000,4.000000,4.000000,4.000000,4.000000,83.333336
1614076775.523379,83.000000,0.000000,4.066402,1.137860,-12.515842,-11.018050,-6.784621,-9.824864,-3.560300,-1.710981,-6.495596,0.481120,-4.001360,3.159376,-1.861805,7.973365,-12.523089,11.941815,-3.752440,-26.073526,7.036947,-7.750800,-4.573464,2.614090,-1.776203,2.029798,-15.418417,3.966184,3.898768,0.309853,0.832372,0.404587,10.167847,-1.728324,0.000000,196.000000,4.000000,,,,0.000000,4.000000,4.000000,4.000000,4.000000,4.000000,4.000000,4.000000,4.000000,4.000000,4.000000,4.000000,4.000000,4.000000,4.000000,4.000000,4.000000,4.000000,4.000000,2.000000,4.000000,4.000000,4.000000,4.000000,4.000000,4.000000,4.000000,4.000000,4.000000,4.000000,4.000000,4.000000,4.000000,83.333336
1614076775.531128,84.000000,0.000000,2.523874,1.136722,0.317187,-8.955750,-3.188093,-4.686834,1.058645,-0.683629,-3.924998,4.583203,-1.946077,3.156217,-4.424046,6.939751,-3.279797,21.673464,-5.287149,-8.611556,7.029910,-6.717408,2.097776,-0.465447,-1.774427,1.002128,-14.377357,6.013500,3.894870,0.309543,0.831539,16.301619,10.670500,9.042635,0.000000,191.000000,4.000000,,,,0.000000,4.000000,4.000000,4.000000,4.000000,4.000000,4.000000,4.000000,4.000000,4.000000,4.000000,4.000000,4.000000,4.000000,4.000000,4.000000,4.000000,4.000000,4.000000,2.000000,4.000000,4.000000,4.000000,4.000000,4.000000,4.000000,4.000000,4.000000,4.000000,4.000000,4.000000,4.000000,4.000000,83.333336
1614076775.538777,85.000000,0.000000,5.085453,1.135585,3.906613,-6.895512,3.481762,-1.605225,9.262715,1.368336,-2.382612,8.168364,0.619971,3.665881,0.195763,7.445631,8.518354,54.472301,-0.666477,14.473978,7.535700,-1.582486,5.172601,0.560659,-1.772653,2.539587,-11.798878,8.058769,3.890975,0.309234,0.830708,19.362240,10.659829,11.084875,0.000000,189.000000,4.000000,,,,0.000000,4.000000,4.000000,4.000000,4.000000,4.000000,4.000000,4.000000,4.000000,4.000000,4.000000,4.000000,4.000000,4.000000,4.000000,4.000000,4.000000,4.000000,4.000000,2.000000,4.000000,4.000000,4.000000,4.000000,4.000000,4.000000,4.000000,4.000000,4.000000,4.000000,4.000000,4.000000,4.000000,83.333336
1614076775.546526,86.000000,0.000000,5.080367,1.134450,2.877065,-5.862976,7.068024,-1.603619,7.714991,2.905430,-2.380229,8.160195,-2.457572,3.149395,0.195567,4.874083,-4.310677,38.007572,-0.152990,3.177453,7.528164,-0.555262,4.141788,1.585740,-1.770880,7.665253,-10.761437,8.050710,3.887084,0.821745,0.829877,17.804417,10.649169,9.535328,0.000000,186.000000,4.000000,,,,0.000000,4.000000,4.000000,4.000000,4.000000,4.000000,4.000000,4.000000,4.000000,4.000000,4.000000,4.000000,4.000000,4.000000,4.000000,4.000000,4.000000,4.000000,4.000000,2.000000,4.000000,4.000000,4.000000,4.000000,4.000000,4.000000,4.000000,4.000000,4.000000,4.000000,4.000000,4.000000,4.000000,83.333336
1614076775.554175,87.000000,0.000000,2.511184,1.133315,3.387009,-6.369933,7.573776,-2.114836,7.707276,1.876883,-2.890669,8.152035,-1.429473,3.146245,-0.317449,3.330747,-8.921750,17.969566,-1.178478,-7.082135,7.520637,-1.580348,4.137646,-3.544051,-1.769109,10.221690,-10.750676,7.529839,4.396017,0.820923,1.341868,18.812252,11.151340,10.551434,0.000000,196.000000,4.000000,,,,0.000000,4.000000,4.000000,4.000000,4.000000,4.000000,4.000000,4.000000,4.000000,4.000000,4.000000,4.000000,4.000000,4.000000,4.000000,4.000000,4.000000,4.000000,4.000000,2.000000,4.000000,4.000000,4.000000,4.000000,4.000000,4.000000,4.000000,4.000000,4.000000,4.000000,4.000000,4.000000,4.000000,83.333336
1614076775.561925,88.000000,0.000000,1.995853,1.132182,2.870801,-4.312281,5.514920,-1.599901,8.725209,-1.714737,-1.862137,8.143883,3.700162,3.655920,7.887997,6.404340,5.958966,50.772110,-0.664479,14.976230,8.025936,-0.553127,4.646329,-9.181533,-1.767340,9.698647,-10.739925,7.522309,3.878801,-0.205539,0.827705,18.793440,10.627369,10.540882,0.000000,201.000000,4.000000,,,,0.000000,4.000000,4.000000,4.000000,4.000000,4.000000,4.000000,4.000000,4.000000,4.000000,4.000000,4.000000,4.000000,4.000000,4.000000,4.000000,4.000000,4.000000,4.000000,2.000000,4.000000,4.000000,4.000000,4.000000,4.000000,4.000000,4.000000,4.000000,4.000000,4.000000,4.000000,4.000000,4.000000,83.333336
1614076775.569574,89.000000,0.000000,1.993857,1.131050,5.944854,0.307416,6.022226,-2.111122,3.588279,-2.225843,-0.321814,7.622919,4.209282,3.652264,12.495493,11.013320,10.568392,68.157234,-0.150994,21.115099,8.017910,-0.552573,5.154503,-8.146710,-1.765573,9.688949,-11.754827,8.027607,3.874922,1.333128,0.826878,19.287468,10.103921,10.530342,0.000000,206.000000,4.000000,,,,0.000000,4.000000,4.000000,4.000000,4.000000,4.000000,4.000000,4.000000,4.000000,4.000000,4.000000,4.000000,4.000000,4.000000,4.000000,4.000000,4.000000,4.000000,4.000000,2.000000,4.000000,4.000000,4.000000,4.000000,4.000000,4.000000,4.000000,4.000000,4.000000,4.000000,4.000000,4.000000,4.000000,83.333336
1614076775.577423,90.000000,0.000000,3.017504,1.129919,9.528652,2.358390,8.067486,-1.596190,1.020588,1.878947,1.729790,8.128117,4.205073,3.135791,7.867613,12.027947,5.942439,35.781387,-0.663664,-9.675246,6.984251,-1.577662,3.098066,-6.600102,-1.763807,9.166439,-13.794353,7.506759,4.896688,0.818975,1.851692,16.704077,12.145099,10.519812,0.000000,127.000000,4.000000,,,,0.000000,4.000000,4.000000,4.000000,4.000000,4.000000,4.000000,4.000000,4.000000,4.000000,4.000000,4.000000,4.000000,4.000000,4.000000,4.000000,4.000000,4.000000,4.000000,2.000000,4.000000,4.000000,4.000000,4.000000,4.000000,4.000000,4.000000,4.000000,4.000000,4.000000,4.000000,4.000000,4.000000,83.333336
1614076775.585172,91.000000,0.000000,0.963204,1.128789,3.365278,1.330391,-0.658530,-3.133055,3.583670,1.877068,1.728060,7.094347,4.200868,4.158296,3.757181,6.887715,5.936496,16.258425,-0.663000,-12.742495,7.490088,-3.627366,-3.571698,-7.106322,-1.762043,8.131632,-16.344662,4.422329,1.814868,-5.335690,-2.252724,7.456604,8.030390,4.868266,0.000000,216.000000,4.000000,,,,0.000000,4.000000,4.000000,4.000000,4.000000,4.000000,4.000000,4.000000,4.000000,4.000000,4.000000,4.000000,4.000000,4.000000,4.000000,4.000000,4.000000,4.000000,4.000000,2.000000,4.000000,4.000000,4.000000,4.000000,4.000000,4.000000,4.000000,4.000000,4.000000,4.000000,4.000000,4.000000,4.000000,83.333336
1614076775.593021,92.000000,0.000000,-7.755707,1.127660,-6.894498,-3.286324,-17.580950,-5.181204,1.015984,-5.817117,0.187871,0.420586,-4.521282,3.128497,3.753424,-1.324301,3.366457,36.242165,-0.149517,9.834351,7.995418,-5.675021,-7.157870,-5.560754,-1.760281,4.020936,-18.379599,0.828163,-6.392075,-10.971380,-9.429958,-0.755981,-1.721230,-4.367372,0.000000,153.000000,4.000000,,,,0.000000,4.000000,4.000000,4.000000,4.000000,4.000000,4.000000,4.000000,4.000000,4.000000,4.000000,4.000000,4.000000,4.000000,4.000000,4.000000,4.000000,4.000000,4.000000,2.000000,4.000000,4.000000,4.000000,4.000000,4.000000,4.000000,4.000000,4.000000,4.000000,4.000000,4.000000,4.000000,4.000000,83.333336
1614076775.600770,93.000000,0.000000,-13.901798,1.126533,-8.426065,-5.334320,-17.563368,-6.201664,-3.600417,-5.298479,-1.863599,-4.195219,-10.157786,-4.054119,1.698389,-4.399900,-1.252294,32.616180,-1.687829,-14.790868,4.397679,-7.720628,-7.150712,-10.170578,-1.758521,-3.675392,-18.874041,-0.198306,-7.924144,-10.960409,-10.958990,-1.268045,-4.283611,-4.363004,0.000000,186.000000,4.000000,,,,0.000000,4.000000,4.000000,4.000000,4.000000,4.000000,4.000000,4.000000,4.000000,4.000000,4.000000,4.000000,4.000000,4.000000,4.000000,4.000000,4.000000,4.000000,4.000000,2.000000,4.000000,4.000000,4.000000,4.000000,4.000000,4.000000,4.000000,4.000000,4.000000,4.000000,4.000000,4.000000,4.000000,83.333336
1614076775.608619,94.000000,0.000000,-10.810973,1.125406,-4.827895,-1.226421,-3.186830,-5.682642,-1.545534,4.963230,-2.887377,-1.626921,-5.532244,-8.152629,-0.354592,-3.369859,-2.276682,19.763052,-4.763064,-47.083771,-0.222103,-8.738548,-6.630741,-17.852715,-1.756762,-5.722999,-18.342346,0.314713,-2.275194,-9.923807,-7.358287,-0.241136,1.874518,1.282384,0.000000,195.000000,4.000000,,,,0.000000,4.000000,4.000000,4.000000,4.000000,4.000000,4.000000,4.000000,4.000000,4.000000,4.000000,4.000000,4.000000,4.000000,4.000000,4.000000,4.000000,4.000000,4.000000,2.000000,4.000000,4.000000,4.000000,4.000000,4.000000,4.000000,4.000000,4.000000,4.000000,4.000000,4.000000,4.000000,4.000000,83.333336
1614076775.616368,95.000000,0.000000,-5.671957,1.124281,-4.310247,1.851728,-2.158002,-5.676959,-1.031168,5.471087,-2.371669,0.938808,-5.526711,-7.118835,-0.354237,-3.879310,-1.248765,26.409954,-4.245481,-18.831558,0.803760,-8.216990,-7.136931,-10.655375,-1.242185,-1.101891,-18.836824,0.314398,0.804004,-10.939525,-6.325288,-0.753716,4.436746,2.819564,0.000000,191.000000,4.000000,,,,0.000000,4.000000,4.000000,4.000000,4.000000,4.000000,4.000000,4.000000,4.000000,4.000000,4.000000,4.000000,4.000000,4.000000,4.000000,4.000000,4.000000,4.000000,4.000000,2.000000,4.000000,4.000000,4.000000,4.000000,4.000000,4.000000,4.000000,4.000000,4.000000,4.000000,4.000000,4.000000,4.000000,83.333336
1614076775.624217,96.000000,0.000000,-5.153464,1.123156,-4.818757,1.337056,-8.822511,-5.671282,-6.158342,-5.303615,-2.369297,-0.087772,-13.726314,-11.727101,0.158937,-3.875431,-1.760337,35.614315,-1.677132,10.418043,6.443982,-8.208773,-6.616973,0.637331,-3.292225,2.488954,-18.305166,-0.198737,-0.222441,-10.928585,-6.831783,-1.265782,2.893848,2.303923,8064.000000,0.000000,4.000000,,,,0.000000,4.000000,4.000000,4.000000,4.000000,4.000000,4.000000,4.000000,4.000000,4.000000,4.000000,4.000000,4.000000,4.000000,4.000000,4.000000,4.000000,4.000000,4.000000,2.000000,4.000000,4.000000,4.000000,4.000000,4.000000,4.000000,4.000000,4.000000,4.000000,4.000000,4.000000,4.000000,4.000000,83.333336
1614076775.631966,97.000000,0.000000,-6.173952,1.122033,-4.301118,0.822898,-6.762406,-5.665611,-5.639363,-9.913696,-2.366928,-0.087684,-15.763869,-18.382040,0.158779,-0.794632,-1.758576,48.399212,-2.188276,-3.438529,7.975999,-8.200563,-6.610356,-4.491511,-5.340215,1.460824,-15.722759,0.314283,0.290602,-10.404836,-6.824952,-0.751696,3.403775,4.865722,8064.000000,0.000000,4.000000,,,,0.000000,4.000000,4.000000,4.000000,4.000000,4.000000,4.000000,4.000000,4.000000,4.000000,4.000000,4.000000,4.000000,4.000000,4.000000,4.000000,4.000000,4.000000,4.000000,2.000000,4.000000,4.000000,4.000000,4.000000,4.000000,4.000000,4.000000,4.000000,4.000000,4.000000,4.000000,4.000000,4.000000,83.333336
1614076775.639815,98.000000,0.000000,-5.142137,1.120911,-4.296817,1.847716,-3.165900,-5.659945,-3.582442,-8.878141,-2.364561,0.938045,-14.209643,-14.773915,0.671440,1.257445,-1.243997,51.940556,-4.237370,-8.050475,4.378280,-7.679543,-6.603746,-11.666507,-5.334875,1.459363,-14.168574,0.313968,0.803132,-10.394431,-6.305306,-0.238124,3.913191,6.912138,8064.000000,0.000000,4.000000,,,,0.000000,4.000000,4.000000,4.000000,4.000000,4.000000,4.000000,4.000000,4.000000,4.000000,4.000000,4.000000,4.000000,4.000000,4.000000,4.000000,4.000000,4.000000,4.000000,2.000000,4.000000,4.000000,4.000000,4.000000,4.000000,4.000000,4.000000,4.000000,4.000000,4.000000,4.000000,4.000000,4.000000,83.333336
1614076775.647564,99.000000,0.000000,-1.034431,1.119790,-4.292520,1.333048,-4.701196,-5.654285,-2.553218,-8.356442,-2.362196,0.937107,-14.195434,-8.092474,0.157948,0.743367,-1.242753,28.811693,-4.233132,-4.965501,0.271337,-7.671863,-6.597142,-9.603559,-5.329540,2.483545,-14.667227,0.313654,0.289508,-10.384037,-6.299001,-0.750706,3.396458,6.905226,8064.000000,0.000000,4.000000,,,,0.000000,4.000000,4.000000,4.000000,4.000000,4.000000,4.000000,4.000000,4.000000,4.000000,4.000000,4.000000,4.000000,4.000000,4.000000,4.000000,4.000000,4.000000,4.000000,2.000000,4.000000,4.000000,4.000000,4.000000,4.000000,4.000000,4.000000,4.000000,4.000000,4.000000,4.000000,4.000000,4.000000,83.333336
1614076775.655413,100.000000,0.000000,2.043527,0.605850,-4.288228,1.331715,-5.209315,-5.648631,1.551899,-3.732702,-2.359834,0.423349,-9.565854,-7.058741,-0.355030,0.229803,-1.241510,27.244421,-3.716079,-19.319510,1.809528,-9.715473,-6.590545,-10.619596,-5.324210,1.968241,-14.652559,0.313341,0.289218,-10.373652,-6.805522,-0.749955,3.393061,6.385500,8064.000000,0.000000,4.000000,,,,0.000000,4.000000,4.000000,4.000000,4.000000,4.000000,4.000000,4.000000,4.000000,4.000000,4.000000,4.000000,4.000000,4.000000,4.000000,4.000000,4.000000,4.000000,4.000000,2.000000,4.000000,4.000000,4.000000,4.000000,4.000000,4.000000,4.000000,4.000000,4.000000,4.000000,4.000000,4.000000,4.000000,83.333336
1614076775.663162,101.000000,0.000000,2.554304,1.118065,-4.283939,1.330383,-4.691286,-5.642982,4.114450,-0.652046,-2.357474,0.422926,-2.889621,-7.564503,1.183786,1.255214,-0.727448,59.012047,-4.225183,-15.710447,6.423103,-11.757040,-6.583955,-13.173079,-5.318886,1.966273,-14.125086,-0.199793,0.288929,-10.363279,-6.285896,3.866179,3.389668,6.379115,8064.000000,0.000000,4.000000,,,,0.000000,4.000000,4.000000,4.000000,4.000000,4.000000,4.000000,4.000000,4.000000,4.000000,4.000000,4.000000,4.000000,4.000000,4.000000,4.000000,4.000000,4.000000,4.000000,2.000000,4.000000,4.000000,4.000000,4.000000,4.000000,4.000000,4.000000,4.000000,4.000000,4.000000,4.000000,4.000000,4.000000,83.333336
1614076775.671011,102.000000,0.000000,2.551749,3.168229,-4.279655,1.329053,-4.686594,-5.637340,1.033412,-3.728317,-2.355117,0.935323,-2.886732,-7.044117,-0.868679,-0.797323,-1.239541,52.799191,-4.220958,7.895007,7.955141,-11.745283,-7.090191,-9.570162,-5.313567,1.451486,-14.623782,-0.199593,0.288640,-10.865736,-3.715508,6.939236,3.386279,6.885557,8064.000000,0.000000,4.000000,,,,0.000000,4.000000,4.000000,4.000000,4.000000,4.000000,4.000000,4.000000,4.000000,4.000000,4.000000,4.000000,4.000000,4.000000,4.000000,4.000000,4.000000,4.000000,4.000000,2.000000,4.000000,4.000000,4.000000,4.000000,4.000000,4.000000,4.000000,4.000000,4.000000,4.000000,4.000000,4.000000,4.000000,83.333336
1614076775.678760,103.000000,0.000000,0.497916,5.216342,-3.762555,1.840544,-4.681908,-5.631702,0.519558,-5.263050,-2.352762,-0.604074,-5.960768,-7.037074,-7.534477,-9.001654,-3.802404,21.464338,-5.755198,6.861471,7.947186,-11.733538,-6.057460,-5.970849,-5.308254,1.962855,-14.609158,0.313427,0.288352,-10.342051,-2.173331,6.932297,3.382892,6.365850,8064.000000,0.000000,4.000000,,,,0.000000,4.000000,4.000000,4.000000,4.000000,4.000000,4.000000,4.000000,4.000000,4.000000,4.000000,4.000000,4.000000,4.000000,4.000000,4.000000,4.000000,4.000000,4.000000,2.000000,4.000000,4.000000,4.000000,4.000000,4.000000,4.000000,4.000000,4.000000,4.000000,4.000000,4.000000,4.000000,4.000000,83.333336
1614076775.686409,104.000000,0.000000,-4.630787,4.698306,-5.810075,1.325883,-4.677226,-5.626070,-1.532243,-4.744967,-2.350409,-4.706034,-8.006089,-7.030036,-10.091045,-14.633678,-5.337064,21.955696,-6.775084,-10.068467,8.964880,-11.721804,-6.051403,-6.477698,-5.302945,2.473712,-14.594549,-0.199707,0.288063,-10.331708,-3.196799,6.925364,3.379509,4.308202,8064.000000,0.000000,4.000000,,,,0.000000,4.000000,4.000000,4.000000,4.000000,4.000000,4.000000,4.000000,4.000000,4.000000,4.000000,4.000000,4.000000,4.000000,4.000000,4.000000,4.000000,4.000000,4.000000,2.000000,4.000000,4.000000,4.000000,4.000000,4.000000,4.000000,4.000000,4.000000,4.000000,4.000000,4.000000,4.000000,4.000000,83.333336
1614076775.694158,105.000000,0.000000,-5.651798,4.693607,-8.368367,-0.726725,-5.185369,-5.620444,-7.171737,-9.868426,-2.348058,-7.265430,-10.049365,-8.561468,-8.029673,-15.131865,-4.818906,17.318356,-7.793950,-19.801989,6.391812,-11.710082,-7.070992,-6.471220,-5.810463,0.419957,-15.092774,0.313313,0.287775,-11.347017,-1.655140,6.405619,3.376130,2.252612,8064.000000,0.000000,4.000000,,,,0.000000,4.000000,4.000000,4.000000,4.000000,4.000000,4.000000,4.000000,4.000000,4.000000,4.000000,4.000000,4.000000,4.000000,4.000000,4.000000,4.000000,4.000000,4.000000,2.000000,4.000000,4.000000,4.000000,4.000000,4.000000,4.000000,4.000000,4.000000,4.000000,4.000000,4.000000,4.000000,4.000000,83.333336
1614076775.701808,106.000000,0.000000,-5.133326,4.688914,-7.334358,-2.777280,-3.641722,-6.127645,-5.113283,-12.422661,-2.345711,-7.770985,-10.552136,-11.117009,-7.508822,-14.603912,-4.814087,-0.134861,-9.837439,-21.320648,7.923882,-11.698372,-4.499819,-6.464749,-4.779011,-1.118925,-14.564861,5.954025,0.287487,-9.284389,0.910618,6.399213,3.372754,2.763180,8064.000000,0.000000,4.000000,,,,0.000000,4.000000,4.000000,4.000000,4.000000,4.000000,4.000000,4.000000,4.000000,4.000000,4.000000,4.000000,4.000000,4.000000,4.000000,4.000000,4.000000,4.000000,4.000000,2.000000,4.000000,4.000000,4.000000,4.000000,4.000000,4.000000,4.000000,4.000000,4.000000,4.000000,4.000000,4.000000,4.000000,83.333336
1614076775.709557,107.000000,0.000000,-5.641013,4.684225,-4.762921,-2.261682,-1.073978,-4.583055,2.071317,-6.256392,-2.343365,-6.224753,-10.541584,-11.105892,-3.911570,-14.589309,-4.809273,29.608864,-3.673754,-10.017276,10.480061,-11.173853,1.658527,-4.919823,-2.210130,0.420656,-14.550297,11.076277,0.287200,-2.608437,1.422527,11.521019,3.369381,2.760417,8064.000000,0.000000,4.000000,,,,0.000000,4.000000,4.000000,4.000000,4.000000,4.000000,4.000000,4.000000,4.000000,4.000000,4.000000,4.000000,4.000000,4.000000,4.000000,4.000000,4.000000,4.000000,4.000000,2.000000,4.000000,4.000000,4.000000,4.000000,4.000000,4.000000,4.000000,4.000000,4.000000,4.000000,4.000000,4.000000,4.000000,83.333336
1614076775.717206,108.000000,0.000000,-3.584090,4.679541,-4.245337,-2.259420,-1.072904,-2.014370,4.633349,-5.224494,-2.853842,-5.192887,-11.043863,-8.017863,0.194906,-15.087540,-4.804464,60.861305,4.535048,-2.314951,-5.427855,-11.675500,-1.932875,0.726123,-1.182279,2.471517,-15.048567,10.039559,0.286913,1.496735,0.908284,17.150524,3.366012,2.757657,8064.000000,0.000000,4.000000,,,,0.000000,4.000000,4.000000,4.000000,4.000000,4.000000,4.000000,4.000000,4.000000,4.000000,4.000000,4.000000,4.000000,4.000000,4.000000,4.000000,4.000000,4.000000,4.000000,2.000000,4.000000,4.000000,4.000000,4.000000,4.000000,4.000000,4.000000,4.000000,4.000000,4.000000,4.000000,4.000000,4.000000,83.333336
1614076775.724955,109.000000,0.000000,1.547700,4.674861,-2.189810,-3.282802,-0.559011,-1.499535,3.603074,-9.321835,-1.825347,-3.649232,-10.519999,-7.497025,-4.933494,-15.072453,-5.312480,33.620956,0.427948,-10.517764,-21.832684,-14.740747,-11.674532,5.340781,-1.693917,1.956225,-14.520698,7.465417,0.286626,0.469598,0.907376,18.159014,2.849825,2.754899,8064.000000,0.000000,4.000000,,,,0.000000,4.000000,4.000000,4.000000,4.000000,4.000000,4.000000,4.000000,4.000000,4.000000,4.000000,4.000000,4.000000,4.000000,4.000000,4.000000,4.000000,4.000000,4.000000,2.000000,4.000000,4.000000,4.000000,4.000000,4.000000,4.000000,4.000000,4.000000,4.000000,4.000000,4.000000,4.000000,4.000000,83.333336
1614076775.732604,110.000000,0.000000,2.571793,4.670186,2.427764,-1.228237,2.005651,-2.523676,4.112292,-1.620205,0.227760,0.456981,-7.432556,-6.976707,-5.954202,-7.877892,-5.819988,19.228363,-4.187864,-12.558529,-10.015979,-15.751648,-7.047472,2.771338,-1.692223,1.441448,-10.403613,7.457952,-0.739302,0.469128,0.906469,18.653675,4.898257,2.752144,8064.000000,0.000000,4.000000,,,,0.000000,4.000000,4.000000,4.000000,4.000000,4.000000,4.000000,4.000000,4.000000,4.000000,4.000000,4.000000,4.000000,4.000000,4.000000,4.000000,4.000000,4.000000,4.000000,2.000000,4.000000,4.000000,4.000000,4.000000,4.000000,4.000000,4.000000,4.000000,4.000000,4.000000,4.000000,4.000000,4.000000,83.333336
1614076775.740353,111.000000,0.000000,2.056401,4.665516,4.476619,1.337094,3.029286,-2.008332,4.621000,10.176288,1.253174,4.559088,-6.399482,-4.405628,0.205599,2.899216,-4.275706,43.824520,0.944529,-5.366483,3.840191,-15.223076,3.728806,-2.359639,-1.690531,1.952827,-6.803466,7.963314,0.287079,0.981479,1.418383,21.199125,6.944641,2.749392,8064.000000,0.000000,4.000000,,,,0.000000,4.000000,4.000000,4.000000,4.000000,4.000000,4.000000,4.000000,4.000000,4.000000,4.000000,4.000000,4.000000,4.000000,4.000000,4.000000,4.000000,4.000000,4.000000,2.000000,4.000000,4.000000,4.000000,4.000000,4.000000,4.000000,4.000000,4.000000,4.000000,4.000000,4.000000,4.000000,4.000000,83.333336
1614076775.748002,112.000000,0.000000,2.054344,4.660851,1.908040,0.822936,2.513437,-2.006324,4.103559,8.114829,1.251920,3.528888,-7.931544,-5.426863,-2.358710,5.460419,-5.809892,38.652489,-0.082057,-6.386757,-4.368778,-17.771955,1.160974,-3.382920,-1.688840,1.950875,-6.796662,7.442530,1.312433,0.467677,1.416964,21.690746,6.937696,2.746642,8064.000000,0.000000,4.000000,,,,0.000000,4.000000,4.000000,4.000000,4.000000,4.000000,4.000000,4.000000,4.000000,4.000000,4.000000,4.000000,4.000000,4.000000,4.000000,4.000000,4.000000,4.000000,4.000000,2.000000,4.000000,4.000000,4.000000,4.000000,4.000000,4.000000,4.000000,4.000000,4.000000,4.000000,4.000000,4.000000,4.000000,83.333336
1614076775.755751,113.000000,0.000000,2.565110,4.656189,-0.657971,1.847754,2.510923,-3.029958,3.586634,1.952868,0.737848,4.551000,-6.385151,-7.472719,-3.381992,3.916497,-5.804082,21.690760,-4.697360,-7.406012,-3.851588,-16.215721,-2.942751,-1.328255,-1.687151,1.948924,-7.302686,7.435088,-1.252982,0.467210,-0.635735,21.669056,6.930759,2.231075,8064.000000,0.000000,4.000000,,,,0.000000,4.000000,4.000000,4.000000,4.000000,4.000000,4.000000,4.000000,4.000000,4.000000,4.000000,4.000000,4.000000,4.000000,4.000000,4.000000,4.000000,4.000000,4.000000,2.000000,4.000000,4.000000,4.000000,4.000000,4.000000,4.000000,4.000000,4.000000,4.000000,4.000000,4.000000,4.000000,4.000000,83.333336
1614076775.763401,114.000000,0.000000,2.049725,4.651533,0.368328,6.461291,2.508412,-0.975646,4.608689,5.540659,1.249931,12.238757,0.800721,-5.926784,10.467544,5.963863,3.945312,40.643429,5.563748,-5.347324,9.998417,-6.455916,3.726859,-0.301286,-1.685464,1.434154,-6.782563,7.427653,1.312373,3.030845,3.467465,21.134565,8.975110,3.254485,8064.000000,0.000000,4.000000,,,,0.000000,4.000000,4.000000,4.000000,4.000000,4.000000,4.000000,4.000000,4.000000,4.000000,4.000000,4.000000,4.000000,4.000000,4.000000,4.000000,4.000000,4.000000,4.000000,2.000000,4.000000,4.000000,4.000000,4.000000,4.000000,4.000000,4.000000,4.000000,4.000000,4.000000,4.000000,4.000000,4.000000,83.333336
1614076775.771250,115.000000,0.000000,2.047675,4.646882,2.419242,9.018932,4.557186,3.640714,6.655362,10.150503,5.351245,15.816261,4.902484,-3.356755,18.149384,8.009181,13.684956,57.525860,15.301774,-3.290694,9.988419,0.217207,9.876978,0.211836,-1.683779,3.484002,-6.775780,7.420225,12.080292,5.079096,8.079382,18.549328,11.017417,5.815333,8064.000000,0.000000,4.000000,,,,0.000000,4.000000,4.000000,4.000000,4.000000,4.000000,4.000000,4.000000,4.000000,4.000000,4.000000,4.000000,4.000000,4.000000,4.000000,4.000000,4.000000,4.000000,4.000000,2.000000,4.000000,4.000000,4.000000,4.000000,4.000000,4.000000,4.000000,4.000000,4.000000,4.000000,4.000000,4.000000,4.000000,83.333336
1614076775.778999,116.000000,0.000000,2.045627,4.642235,3.442463,9.009913,6.091090,6.201176,8.187168,9.627532,8.935637,14.774804,4.384761,-3.353398,13.003030,8.001172,14.184092,54.904232,14.773652,13.122852,2.798943,2.268271,8.328640,4.827009,-1.682095,7.583082,-7.281825,7.412805,14.119493,3.535556,0.378995,17.505138,10.493579,6.835159,8064.000000,0.000000,4.000000,,,,0.000000,4.000000,4.000000,4.000000,4.000000,4.000000,4.000000,4.000000,4.000000,4.000000,4.000000,4.000000,4.000000,4.000000,4.000000,4.000000,4.000000,4.000000,4.000000,2.000000,4.000000,4.000000,4.000000,4.000000,4.000000,4.000000,4.000000,4.000000,4.000000,4.000000,4.000000,4.000000,4.000000,83.333336
1614076775.786848,117.000000,0.000000,2.043582,5.150413,2.413380,8.488083,6.084999,5.169333,7.666161,9.105083,8.926702,14.760030,3.867556,-3.862865,10.938745,7.480350,13.657087,50.746765,13.733237,17.725115,3.821785,3.804465,7.807490,3.283720,-1.680413,9.626781,-6.761723,7.405392,4.361784,-1.596185,-9.877794,16.461992,10.483086,6.315503,8064.000000,0.000000,4.000000,,,,0.000000,4.000000,4.000000,4.000000,4.000000,4.000000,4.000000,4.000000,4.000000,4.000000,4.000000,4.000000,4.000000,4.000000,4.000000,4.000000,4.000000,4.000000,4.000000,2.000000,4.000000,4.000000,4.000000,4.000000,4.000000,4.000000,4.000000,4.000000,4.000000,4.000000,4.000000,4.000000,4.000000,83.333336
1614076775.794597,118.000000,0.000000,2.041538,3.606801,2.923787,7.453954,6.078914,5.164164,7.658494,9.095979,8.404954,14.745270,4.376509,-3.859002,8.363704,4.908767,12.617789,34.798580,11.668222,-12.036201,4.330784,0.723737,5.748401,-6.975974,-1.165912,9.104334,-8.293423,7.397987,-0.770783,-3.645871,-8.329454,14.394248,10.472603,6.309188,8064.000000,0.000000,4.000000,,,,0.000000,4.000000,4.000000,4.000000,4.000000,4.000000,4.000000,4.000000,4.000000,4.000000,4.000000,4.000000,4.000000,4.000000,4.000000,4.000000,4.000000,4.000000,4.000000,2.000000,4.000000,4.000000,4.000000,4.000000,4.000000,4.000000,4.000000,4.000000,4.000000,4.000000,4.000000,4.000000,4.000000,83.333336
1614076775.802446,119.000000,0.000000,2.039497,1.551912,3.433684,4.882397,6.072835,5.671821,8.163656,6.009960,8.909369,11.653601,4.372133,-3.342323,1.688673,0.288474,2.348761,18.866346,7.553989,-24.844677,3.300812,-3.892371,4.204191,-10.045921,-1.677567,9.095229,-10.336411,7.390589,0.768449,-3.129405,-5.757022,12.841392,10.462130,6.302879,8064.000000,0.000000,4.000000,,,,0.000000,4.000000,4.000000,4.000000,4.000000,4.000000,4.000000,4.000000,4.000000,4.000000,4.000000,4.000000,4.000000,4.000000,4.000000,4.000000,4.000000,4.000000,4.000000,2.000000,4.000000,4.000000,4.000000,4.000000,4.000000,4.000000,4.000000,4.000000,4.000000,4.000000,4.000000,4.000000,4.000000,83.333336
1614076775.810195,120.000000,0.000000,2.037457,0.524719,2.404609,4.364694,5.553942,5.153328,7.642673,5.491129,8.387640,10.616306,3.854940,-3.338980,3.225446,-1.250276,-5.345896,23.975687,6.007974,-6.871114,7.912896,-4.401299,4.712807,-3.369208,-1.675889,9.598955,-11.351716,7.383198,-1.283601,-3.126275,-6.264086,13.854192,10.451668,6.296576,8064.000000,0.000000,4.000000,,,,0.000000,4.000000,4.000000,4.000000,4.000000,4.000000,4.000000,4.000000,4.000000,4.000000,4.000000,4.000000,4.000000,4.000000,4.000000,4.000000,4.000000,4.000000,4.000000,2.000000,4.000000,4.000000,4.000000,4.000000,4.000000,4.000000,4.000000,4.000000,4.000000,4.000000,4.000000,4.000000,4.000000,83.333336
1614076775.818044,121.000000,0.000000,2.035420,1.037015,2.915025,4.873150,6.061209,5.148175,7.635030,6.511279,8.379252,10.605690,3.851085,-5.386924,7.837605,1.827897,-1.237986,33.182480,4.976325,-3.274500,10.469086,-5.422539,2.143992,-4.391480,-0.648572,9.076535,-10.827543,7.375815,-3.846420,-3.635969,-3.693719,13.840338,10.441216,6.290279,8064.000000,0.000000,4.000000,,,,0.000000,4.000000,4.000000,4.000000,4.000000,4.000000,4.000000,4.000000,4.000000,4.000000,4.000000,4.000000,4.000000,4.000000,4.000000,4.000000,4.000000,4.000000,4.000000,2.000000,4.000000,4.000000,4.000000,4.000000,4.000000,4.000000,4.000000,4.000000,4.000000,4.000000,4.000000,4.000000,4.000000,83.333336
1614076775.825793,122.000000,0.000000,2.033384,1.035978,4.963392,4.868277,6.567968,5.143027,7.627395,2.402204,8.370873,10.595084,3.847234,-7.432819,7.316947,6.441454,2.352996,46.995453,2.920067,-2.245584,3.279129,-8.494040,-2.473537,-10.540935,-3.724847,9.067459,-11.329536,7.368439,-4.355394,-3.119513,-3.690026,13.826497,10.430775,6.283989,8064.000000,0.000000,4.000000,,,,0.000000,4.000000,4.000000,4.000000,4.000000,4.000000,4.000000,4.000000,4.000000,4.000000,4.000000,4.000000,4.000000,4.000000,4.000000,4.000000,4.000000,4.000000,4.000000,2.000000,4.000000,4.000000,4.000000,4.000000,4.000000,4.000000,4.000000,4.000000,4.000000,4.000000,4.000000,4.000000,4.000000,83.333336
1614076775.833642,123.000000,0.000000,2.031351,0.522122,7.009711,4.350588,5.022938,5.137884,6.081306,-1.702763,8.362502,12.635772,3.843387,-7.425386,6.796809,7.973474,2.350643,61.307430,2.404326,15.192559,-1.339535,-8.485545,-4.009525,-10.530394,-8.336506,9.058392,-10.805387,7.361071,-3.325398,-3.116393,-6.763259,13.812671,10.420344,6.277705,8064.000000,0.000000,4.000000,,,,0.000000,4.000000,4.000000,4.000000,4.000000,4.000000,4.000000,4.000000,4.000000,4.000000,4.000000,4.000000,4.000000,4.000000,4.000000,4.000000,4.000000,4.000000,4.000000,2.000000,4.000000,4.000000,4.000000,4.000000,4.000000,4.000000,4.000000,4.000000,4.000000,4.000000,4.000000,4.000000,4.000000,83.333336
1614076775.841391,124.000000,0.000000,2.029320,1.547241,6.489881,5.371879,6.556377,5.132746,2.485481,0.863043,8.354139,14.674417,4.352364,-7.417961,6.790012,7.452680,4.912395,50.476891,2.914742,12.613264,6.866933,-6.938599,-2.467054,-9.494223,-9.353811,9.049333,-10.794581,7.353710,-1.270790,-3.113277,-5.730855,13.798858,10.409924,6.271427,8064.000000,0.000000,4.000000,,,,0.000000,4.000000,4.000000,4.000000,4.000000,4.000000,4.000000,4.000000,4.000000,4.000000,4.000000,4.000000,4.000000,4.000000,4.000000,4.000000,4.000000,4.000000,4.000000,2.000000,4.000000,4.000000,4.000000,4.000000,4.000000,4.000000,4.000000,4.000000,4.000000,4.000000,4.000000,4.000000,4.000000,83.333336
1614076775.849240,125.000000,0.000000,2.027290,0.520052,6.483390,5.366507,12.190846,5.127613,0.431713,-0.163461,8.345785,14.659743,3.835191,-7.410542,4.219120,7.958048,4.907483,36.580261,2.911828,-6.886529,15.578015,-8.470121,-2.464587,-10.510369,-8.831636,9.040284,-11.296607,7.346356,0.268942,-3.110164,-3.161021,14.297879,10.399514,6.265156,8064.000000,0.000000,4.000000,,,,0.000000,4.000000,4.000000,4.000000,4.000000,4.000000,4.000000,4.000000,4.000000,4.000000,4.000000,4.000000,4.000000,4.000000,4.000000,4.000000,4.000000,4.000000,4.000000,2.000000,4.000000,4.000000,4.000000,4.000000,4.000000,4.000000,4.000000,4.000000,4.000000,4.000000,4.000000,4.000000,4.000000,83.333336
1614076775.856989,126.000000,0.000000,2.538084,-1.531750,6.476907,2.797038,10.640194,5.122485,-0.081539,-5.804324,8.337440,14.645083,1.780074,-7.915953,3.189260,5.898808,2.851293,44.748810,2.908916,-4.315540,13.511155,-7.436010,-3.487763,-5.371654,-8.822804,9.544064,-9.746849,7.339010,0.268673,-3.107054,-2.132219,13.257940,8.337832,6.258891,8064.000000,0.000000,4.000000,,,,0.000000,4.000000,4.000000,4.000000,4.000000,4.000000,4.000000,4.000000,4.000000,4.000000,4.000000,4.000000,4.000000,4.000000,4.000000,4.000000,4.000000,4.000000,4.000000,2.000000,4.000000,4.000000,4.000000,4.000000,4.000000,4.000000,4.000000,4.000000,4.000000,4.000000,4.000000,4.000000,4.000000,83.333336
1614076775.864838,127.000000,0.000000,0.997084,-3.068680,6.470430,0.742959,3.450066,5.117363,0.431363,-6.311340,8.329103,14.630439,-0.272988,-7.395216,3.698891,3.841627,1.822801,45.216881,2.906007,15.175955,14.523285,0.776554,-3.484275,1.300385,-9.326802,9.021699,-5.121717,7.844491,0.268404,-3.103946,-2.642907,11.193400,6.791033,6.765452,8064.000000,0.000000,4.000000,,,,0.000000,4.000000,4.000000,4.000000,4.000000,4.000000,4.000000,4.000000,4.000000,4.000000,4.000000,4.000000,4.000000,4.000000,4.000000,4.000000,4.000000,4.000000,4.000000,2.000000,4.000000,4.000000,4.000000,4.000000,4.000000,4.000000,4.000000,4.000000,4.000000,4.000000,4.000000,4.000000,4.000000,83.333336
1614076775.872587,0.000000,0.000000,-1.055195,-2.552790,6.463960,1.255036,1.395334,5.112246,0.430932,-4.766567,8.320773,14.615808,0.240105,-7.387821,3.695192,3.837785,1.308157,37.992176,2.903101,21.827446,17.072865,4.365521,-1.942330,-2.803480,-8.804655,9.525498,-2.552493,7.323826,0.780957,-3.100842,-2.640264,10.156567,6.271421,5.733046,0.000000,171.000000,4.000000,,,,0.000000,4.000000,4.000000,4.000000,4.000000,4.000000,4.000000,4.000000,4.000000,4.000000,4.000000,4.000000,4.000000,4.000000,4.000000,4.000000,4.000000,4.000000,4.000000,2.000000,4.000000,4.000000,4.000000,4.000000,4.000000,4.000000,4.000000,4.000000,4.000000,4.000000,4.000000,4.000000,4.000000,83.333336
1614076775.880436,1.000000,0.000000,-2.079781,-2.550238,6.457496,0.228140,2.419580,5.107133,-0.082320,-7.325903,7.799632,14.601192,-0.272955,-7.893253,3.691497,3.321127,-1.257253,36.928543,2.900198,-4.861048,-3.457029,-8.459357,-5.017310,-9.467343,-8.795851,10.028793,-4.601223,4.752399,0.267355,-3.097742,-2.637624,8.607948,6.777970,3.676031,0.000000,210.000000,4.000000,,,,0.000000,4.000000,4.000000,4.000000,4.000000,4.000000,4.000000,4.000000,4.000000,4.000000,4.000000,4.000000,4.000000,4.000000,4.000000,4.000000,4.000000,4.000000,4.000000,2.000000,4.000000,4.000000,4.000000,4.000000,4.000000,4.000000,4.000000,4.000000,4.000000,4.000000,4.000000,4.000000,4.000000,83.333336
1614076775.888185,2.000000,0.000000,-1.564881,-2.547687,6.451038,-2.849011,2.417161,5.102026,0.430583,0.373731,7.791832,14.586591,-0.272682,-6.859719,3.174985,3.830626,-2.794458,25.096743,2.384477,-37.163879,-25.504854,-19.732948,-10.653318,-10.483517,-8.787055,4.890559,-7.160724,3.209186,0.267088,-3.094644,-2.634986,7.060879,6.771193,2.133893,0.000000,173.000000,4.000000,,,,0.000000,4.000000,4.000000,4.000000,4.000000,4.000000,4.000000,4.000000,4.000000,4.000000,4.000000,4.000000,4.000000,4.000000,4.000000,4.000000,4.000000,4.000000,4.000000,2.000000,4.000000,4.000000,4.000000,4.000000,4.000000,4.000000,4.000000,4.000000,4.000000,4.000000,4.000000,4.000000,4.000000,83.333336
1614076775.895934,3.000000,0.000000,-1.563316,-2.545140,6.444587,-2.333342,4.466025,5.096924,2.481435,14.732331,9.835322,14.572004,4.342975,-4.288757,3.684631,8.442181,-0.227561,20.969082,3.407734,-22.254921,-9.069093,-12.020908,-7.565742,-9.960213,-8.778268,-2.293818,-7.153563,3.718797,0.266821,-3.091549,-2.632351,6.028177,6.764421,2.131759,0.000000,187.000000,4.000000,,,,0.000000,4.000000,4.000000,4.000000,4.000000,4.000000,4.000000,4.000000,4.000000,4.000000,4.000000,4.000000,4.000000,4.000000,4.000000,4.000000,4.000000,4.000000,4.000000,2.000000,4.000000,4.000000,4.000000,4.000000,4.000000,4.000000,4.000000,4.000000,4.000000,4.000000,4.000000,4.000000,4.000000,83.333336
1614076775.903683,4.000000,0.000000,-2.074573,-2.542594,6.438143,0.745915,6.000021,5.091827,4.530235,14.717599,11.876769,14.557432,7.928375,-3.258827,6.245049,11.510661,6.439333,48.127602,5.968429,10.587847,12.991258,-0.726836,0.134131,-9.950253,-8.769489,-2.291525,-7.659230,1.663796,-1.784728,-3.088458,-3.142540,4.996508,6.757657,3.155268,0.000000,191.000000,4.000000,,,,0.000000,4.000000,4.000000,4.000000,4.000000,4.000000,4.000000,4.000000,4.000000,4.000000,4.000000,4.000000,4.000000,4.000000,4.000000,4.000000,4.000000,4.000000,4.000000,2.000000,4.000000,4.000000,4.000000,4.000000,4.000000,4.000000,4.000000,4.000000,4.000000,4.000000,4.000000,4.000000,4.000000,83.333336
1614076775.911532,5.000000,0.000000,-1.559678,-2.540052,6.431705,1.770810,5.994021,5.086735,4.012885,5.984932,11.864893,14.030054,7.920447,-3.768389,7.264444,10.473510,10.022637,62.951267,5.449639,2.372131,2.721856,-0.726110,0.646818,-8.914661,-9.273540,-2.289233,-6.625930,-1.414791,-4.347046,-3.085369,-2.626577,7.042793,6.750899,5.203395,0.000000,195.000000,4.000000,,,,0.000000,4.000000,4.000000,4.000000,4.000000,4.000000,4.000000,4.000000,4.000000,4.000000,4.000000,4.000000,4.000000,4.000000,4.000000,4.000000,4.000000,4.000000,4.000000,2.000000,4.000000,4.000000,4.000000,4.000000,4.000000,4.000000,4.000000,4.000000,4.000000,4.000000,4.000000,4.000000,4.000000,83.333336
1614076775.919281,6.000000,0.000000,-1.558118,-2.537512,6.425273,1.256219,6.500847,5.081649,4.008872,4.440486,11.853027,14.528845,7.912527,-3.764621,7.257180,11.488677,9.499795,52.119087,6.469831,-9.937934,-3.947532,-2.263845,-0.379470,-5.828824,-6.187344,-3.825405,-1.491099,1.150727,-2.291417,-3.595104,0.452973,13.702417,6.744148,6.736653,0.000000,184.000000,4.000000,,,,0.000000,4.000000,4.000000,4.000000,4.000000,4.000000,4.000000,4.000000,4.000000,4.000000,4.000000,4.000000,4.000000,4.000000,4.000000,4.000000,4.000000,4.000000,4.000000,2.000000,4.000000,4.000000,4.000000,4.000000,4.000000,4.000000,4.000000,4.000000,4.000000,4.000000,4.000000,4.000000,4.000000,83.333336
1614076775.926930,7.000000,0.000000,-2.069381,-3.047795,6.418848,0.742142,4.955885,5.076567,4.004863,6.487328,11.841175,14.514316,5.340511,-3.760856,7.249923,11.477188,10.515936,43.349018,9.027464,8.020722,7.338467,0.815342,3.723473,-5.822995,-1.565772,4.896369,3.638597,3.713679,1.813439,-3.078689,1.478161,17.791279,6.737404,6.217096,0.000000,173.000000,4.000000,,,,0.000000,4.000000,4.000000,4.000000,4.000000,4.000000,4.000000,4.000000,4.000000,4.000000,4.000000,4.000000,4.000000,4.000000,4.000000,4.000000,4.000000,4.000000,4.000000,2.000000,4.000000,4.000000,4.000000,4.000000,4.000000,4.000000,4.000000,4.000000,4.000000,4.000000,4.000000,4.000000,4.000000,83.333336
1614076775.934680,8.000000,0.000000,-0.528850,-2.019106,5.899608,1.254220,3.412467,5.071490,4.000858,5.455199,11.829333,13.986981,0.206966,-3.757095,7.242673,5.824686,8.454138,31.510798,8.505615,2.884496,1.177282,-1.749576,4.232570,-7.868454,-1.051386,16.173523,4.147779,2.171503,3.350087,-1.024328,-0.061779,17.260668,6.730667,6.210879,0.000000,195.000000,4.000000,,,,0.000000,4.000000,4.000000,4.000000,4.000000,4.000000,4.000000,4.000000,4.000000,4.000000,4.000000,4.000000,4.000000,4.000000,4.000000,4.000000,4.000000,4.000000,4.000000,2.000000,4.000000,4.000000,4.000000,4.000000,4.000000,4.000000,4.000000,4.000000,4.000000,4.000000,4.000000,4.000000,4.000000,83.333336
1614076775.942329,9.000000,0.000000,4.087064,0.547016,6.919350,3.817069,4.434696,5.066419,3.996857,4.936924,11.817504,14.998635,0.206759,-1.702056,7.235430,9.921425,5.368761,30.966465,12.599674,-13.528645,-4.977741,0.303456,4.741158,-1.706739,-1.563155,13.593247,3.630811,6.271896,6.936480,0.515158,2.502386,19.294689,6.723936,6.204669,0.000000,192.000000,4.000000,,,,0.000000,4.000000,4.000000,4.000000,4.000000,4.000000,4.000000,4.000000,4.000000,4.000000,4.000000,4.000000,4.000000,4.000000,4.000000,4.000000,4.000000,4.000000,4.000000,2.000000,4.000000,4.000000,4.000000,4.000000,4.000000,4.000000,4.000000,4.000000,4.000000,4.000000,4.000000,4.000000,4.000000,83.333336
1614076775.950078,10.000000,0.000000,6.134259,1.572110,8.963713,5.351713,6.481544,5.061352,3.992860,5.444807,11.805687,17.034918,3.796296,0.350928,9.279477,22.732016,11.004417,58.627808,25.407587,12.125910,12.463134,13.123665,11.915904,15.218044,0.489690,9.477090,4.140001,16.009214,11.032107,1.027463,7.115268,21.326675,6.717212,6.198463,0.000000,194.000000,4.000000,,,,0.000000,4.000000,4.000000,4.000000,4.000000,4.000000,4.000000,4.000000,4.000000,4.000000,4.000000,4.000000,4.000000,4.000000,4.000000,4.000000,4.000000,4.000000,4.000000,2.000000,4.000000,4.000000,4.000000,4.000000,4.000000,4.000000,4.000000,4.000000,4.000000,4.000000,4.000000,4.000000,4.000000,83.333336
1614076775.957727,11.000000,0.000000,5.615304,0.544897,10.493210,4.320720,5.962241,5.056291,3.988867,5.439363,11.793880,18.043526,4.305320,-0.162243,10.808659,20.658003,15.608798,63.697384,25.382179,33.652245,21.168619,18.751568,15.493732,21.356672,2.540483,15.621459,4.135860,19.582949,11.021075,3.077718,9.159434,21.305349,6.710495,6.192265,0.000000,200.000000,4.000000,,,,0.000000,4.000000,4.000000,4.000000,4.000000,4.000000,4.000000,4.000000,4.000000,4.000000,4.000000,4.000000,4.000000,4.000000,4.000000,4.000000,4.000000,4.000000,4.000000,2.000000,4.000000,4.000000,4.000000,4.000000,4.000000,4.000000,4.000000,4.000000,4.000000,4.000000,4.000000,4.000000,4.000000,83.333336
1614076775.965476,12.000000,0.000000,5.609689,1.569993,9.969896,4.829220,5.956279,5.051235,3.984879,5.433923,11.782087,18.025482,3.275374,-0.162081,10.797851,7.816832,9.439342,41.582405,12.536284,12.080132,8.326938,10.014867,8.298751,10.053265,2.025122,15.605838,3.618904,18.024904,7.420311,4.613101,8.124635,21.284044,6.703784,6.186073,0.000000,204.000000,4.000000,,,,0.000000,4.000000,4.000000,4.000000,4.000000,4.000000,4.000000,4.000000,4.000000,4.000000,4.000000,4.000000,4.000000,4.000000,4.000000,4.000000,4.000000,4.000000,4.000000,2.000000,4.000000,4.000000,4.000000,4.000000,4.000000,4.000000,4.000000,4.000000,4.000000,4.000000,4.000000,4.000000,4.000000,83.333336
1614076775.973125,13.000000,0.000000,6.116899,4.132525,9.959927,7.388494,6.463143,5.046184,3.980894,5.428489,11.770305,18.007456,4.297740,0.350902,10.787052,6.783374,6.352981,43.592106,8.934005,-5.880666,1.651944,6.415108,3.675068,1.838083,2.535917,9.436386,3.615285,18.519699,7.412890,4.608489,8.116509,20.237118,6.697081,6.692708,0.000000,191.000000,4.000000,,,,0.000000,4.000000,4.000000,4.000000,4.000000,4.000000,4.000000,4.000000,4.000000,4.000000,4.000000,4.000000,4.000000,4.000000,4.000000,4.000000,4.000000,4.000000,4.000000,2.000000,4.000000,4.000000,4.000000,4.000000,4.000000,4.000000,4.000000,4.000000,4.000000,4.000000,4.000000,4.000000,4.000000,83.333336
1614076775.980874,14.000000,0.000000,5.597962,5.154034,9.949966,8.919566,5.943860,5.041137,3.976913,5.423060,11.758534,16.450987,4.293442,-0.162270,11.289086,6.776590,4.808166,48.163898,10.463532,-6.387606,4.727216,7.947155,6.748316,0.297784,3.046202,8.914129,3.611670,18.501179,7.918298,4.091059,8.621214,17.652779,6.690383,6.173194,0.000000,205.000000,4.000000,,,,0.000000,4.000000,4.000000,4.000000,4.000000,4.000000,4.000000,4.000000,4.000000,4.000000,4.000000,4.000000,4.000000,4.000000,4.000000,4.000000,4.000000,4.000000,4.000000,2.000000,4.000000,4.000000,4.000000,4.000000,4.000000,4.000000,4.000000,4.000000,4.000000,4.000000,4.000000,4.000000,4.000000,83.333336
1614076775.988524,15.000000,0.000000,5.592364,4.636059,10.452837,8.397826,5.937916,5.036096,3.972936,5.417637,11.746776,14.383254,3.263507,-0.162108,10.252155,2.667250,3.777717,38.884964,9.940248,-2.278655,9.850694,5.375105,8.280029,1.323127,0.991874,7.366753,3.608058,15.918576,7.397560,4.086968,8.099771,17.635126,6.683693,5.654201,0.000000,218.000000,4.000000,,,,0.000000,4.000000,4.000000,4.000000,4.000000,4.000000,4.000000,4.000000,4.000000,4.000000,4.000000,4.000000,4.000000,4.000000,4.000000,4.000000,4.000000,4.000000,4.000000,2.000000,4.000000,4.000000,4.000000,4.000000,4.000000,4.000000,4.000000,4.000000,4.000000,4.000000,4.000000,4.000000,4.000000,83.333336
1614076775.996273,16.000000,0.000000,5.586771,4.631423,10.442385,8.389428,6.444798,5.031060,3.968963,5.412220,11.735029,13.856050,4.285884,0.350875,10.754725,9.331249,16.594452,56.794796,14.545692,14.646701,17.533150,11.523576,7.246108,9.526932,3.554984,2.231181,3.604450,14.364196,7.390162,4.082881,8.091672,16.591850,6.677010,6.674187,0.000000,196.000000,4.000000,,,,0.000000,4.000000,4.000000,4.000000,4.000000,4.000000,4.000000,4.000000,4.000000,4.000000,4.000000,4.000000,4.000000,4.000000,4.000000,4.000000,4.000000,4.000000,4.000000,2.000000,4.000000,4.000000,4.000000,4.000000,4.000000,4.000000,4.000000,4.000000,4.000000,4.000000,4.000000,4.000000,4.000000,83.333336
1614076776.003922,17.000000,0.000000,5.581185,5.139612,6.842198,9.406680,5.412713,5.026029,3.964994,5.919628,11.723294,14.355015,4.281599,-0.162296,11.769610,13.937303,21.706062,66.481590,15.556788,16.170515,15.464335,17.153078,8.264503,12.594328,9.192455,6.844335,3.600846,10.760088,7.382771,4.078798,8.596401,11.959873,6.670332,6.154693,0.000000,207.000000,4.000000,,,,0.000000,4.000000,4.000000,4.000000,4.000000,4.000000,4.000000,4.000000,4.000000,4.000000,4.000000,4.000000,4.000000,4.000000,4.000000,4.000000,4.000000,4.000000,4.000000,2.000000,4.000000,4.000000,4.000000,4.000000,4.000000,4.000000,4.000000,4.000000,4.000000,4.000000,4.000000,4.000000,4.000000,83.333336
1614076776.011671,18.000000,0.000000,3.524322,3.083190,2.732792,5.294709,2.843197,5.021003,3.961029,3.862427,12.224392,14.340659,-2.902170,-2.726237,7.142456,3.154135,0.658715,34.107418,6.823282,-7.948219,3.653999,1.751310,7.230597,2.838144,3.029416,13.504157,3.597245,7.159584,7.888209,4.587540,6.536522,8.870991,6.663662,2.045974,0.000000,209.000000,4.000000,,,,0.000000,4.000000,4.000000,4.000000,4.000000,4.000000,4.000000,4.000000,4.000000,4.000000,4.000000,4.000000,4.000000,4.000000,4.000000,4.000000,4.000000,4.000000,4.000000,2.000000,4.000000,4.000000,4.000000,4.000000,4.000000,4.000000,4.000000,4.000000,4.000000,4.000000,4.000000,4.000000,4.000000,83.333336
1614076776.019320,19.000000,0.000000,1.982336,0.516005,2.217239,1.186851,1.814713,5.015982,3.957068,1.807282,11.699347,14.326319,-7.514653,-4.261972,3.032750,1.099698,-3.957328,36.124592,1.688254,-5.888988,0.060602,-15.686339,4.146444,-6.395463,-8.255665,9.900909,4.106468,6.126783,7.880321,4.070132,4.478704,9.374940,6.656998,-1.032995,0.000000,177.000000,4.000000,,,,0.000000,4.000000,4.000000,4.000000,4.000000,4.000000,4.000000,4.000000,4.000000,4.000000,4.000000,4.000000,4.000000,4.000000,4.000000,4.000000,4.000000,4.000000,4.000000,2.000000,4.000000,4.000000,4.000000,4.000000,4.000000,4.000000,4.000000,4.000000,4.000000,4.000000,4.000000,4.000000,4.000000,83.333336
1614076776.027069,20.000000,0.000000,1.980353,1.028309,2.727842,2.211305,2.325719,5.010966,3.953111,2.318295,11.687647,14.311993,-0.840471,-3.232069,8.157922,14.944753,14.508168,68.908981,1.686566,17.706644,4.675926,-13.619370,6.193579,-6.389068,-8.247409,4.762803,3.589541,7.146298,6.846800,4.066062,3.961405,9.878386,6.650342,1.532140,0.000000,190.000000,4.000000,,,,0.000000,4.000000,4.000000,4.000000,4.000000,4.000000,4.000000,4.000000,4.000000,4.000000,4.000000,4.000000,4.000000,4.000000,4.000000,4.000000,4.000000,4.000000,4.000000,2.000000,4.000000,4.000000,4.000000,4.000000,4.000000,4.000000,4.000000,4.000000,4.000000,4.000000,4.000000,4.000000,4.000000,83.333336
1614076776.034718,21.000000,0.000000,1.978373,1.540102,2.725114,5.286016,2.323393,5.005955,3.949158,1.803156,12.188780,14.297681,4.801395,-4.767298,10.713866,17.493910,10.903916,58.583660,3.223341,19.740219,10.312275,-7.451905,9.264309,-5.869858,-4.136597,5.270861,3.585952,6.626331,7.865594,5.087637,4.470264,9.355687,6.643691,3.069070,0.000000,214.000000,4.000000,,,,0.000000,4.000000,4.000000,4.000000,4.000000,4.000000,4.000000,4.000000,4.000000,4.000000,4.000000,4.000000,4.000000,4.000000,4.000000,4.000000,4.000000,4.000000,4.000000,2.000000,4.000000,4.000000,4.000000,4.000000,4.000000,4.000000,4.000000,4.000000,4.000000,4.000000,4.000000,4.000000,4.000000,83.333336
1614076776.042567,22.000000,0.000000,1.976395,-0.512721,2.209569,4.767910,2.321070,5.000949,3.945209,-2.814031,9.612489,14.796204,0.694029,-7.326633,2.498024,7.732827,-5.517244,26.217386,3.220117,8.438428,10.814783,-7.957274,2.588378,-6.889629,-7.209383,6.291231,4.608007,6.619705,8.370549,3.031267,4.465794,9.859152,6.637047,2.553180,0.000000,173.000000,4.000000,,,,0.000000,4.000000,4.000000,4.000000,4.000000,4.000000,4.000000,4.000000,4.000000,4.000000,4.000000,4.000000,4.000000,4.000000,4.000000,4.000000,4.000000,4.000000,4.000000,2.000000,4.000000,4.000000,4.000000,4.000000,4.000000,4.000000,4.000000,4.000000,4.000000,4.000000,4.000000,4.000000,4.000000,83.333336
1614076776.050316,23.000000,0.000000,1.974418,-2.563490,2.720180,4.250321,2.318749,4.995948,3.941263,-5.888140,4.987492,13.755766,-4.434870,-7.832128,-0.581397,5.673811,-2.947624,39.011681,-1.398487,0.737682,2.598840,-10.000599,-7.157800,-6.882740,-9.253456,5.259299,2.552117,7.125906,2.721153,-1.587149,4.461328,9.849293,6.630410,2.550627,0.000000,196.000000,4.000000,,,,0.000000,4.000000,4.000000,4.000000,4.000000,4.000000,4.000000,4.000000,4.000000,4.000000,4.000000,4.000000,4.000000,4.000000,4.000000,4.000000,4.000000,4.000000,4.000000,2.000000,4.000000,4.000000,4.000000,4.000000,4.000000,4.000000,4.000000,4.000000,4.000000,4.000000,4.000000,4.000000,4.000000,83.333336
1614076776.058165,24.000000,0.000000,1.972444,-3.073747,2.717459,4.758892,2.829251,4.990952,3.937322,-5.369431,3.444043,11.177908,-3.404794,-7.311475,6.085852,8.232241,2.183528,63.075233,0.654193,-2.339979,-3.557605,-8.964957,-6.637822,-7.388678,-5.654459,0.125835,-4.117102,7.631600,-3.435415,-4.149664,4.456866,9.839443,6.623780,1.009615,0.000000,200.000000,4.000000,,,,0.000000,4.000000,4.000000,4.000000,4.000000,4.000000,4.000000,4.000000,4.000000,4.000000,4.000000,4.000000,4.000000,4.000000,4.000000,4.000000,4.000000,4.000000,4.000000,2.000000,4.000000,4.000000,4.000000,4.000000,4.000000,4.000000,4.000000,4.000000,4.000000,4.000000,4.000000,4.000000,4.000000,83.333336
1614076776.065914,25.000000,0.000000,1.970471,-2.557853,2.714742,4.754133,1.287960,4.985961,3.933385,-7.415344,4.466239,10.141088,-2.888569,-7.304163,7.105407,5.659905,5.258268,53.781387,12.448411,10.482874,7.728004,-0.238043,-2.528620,-6.355648,-4.623164,-4.489676,-7.189908,7.623969,-3.944799,-3.119873,4.452410,9.829603,6.617156,-1.042677,0.000000,206.000000,4.000000,,,,0.000000,4.000000,4.000000,4.000000,4.000000,4.000000,4.000000,4.000000,4.000000,4.000000,4.000000,4.000000,4.000000,4.000000,4.000000,4.000000,4.000000,4.000000,4.000000,2.000000,4.000000,4.000000,4.000000,4.000000,4.000000,4.000000,4.000000,4.000000,4.000000,4.000000,4.000000,4.000000,4.000000,83.333336
1614076776.073763,26.000000,0.000000,1.968501,-2.555295,2.712027,4.749379,-1.277431,4.980975,3.929451,-8.946390,3.948953,9.618127,-3.911321,-7.296859,6.585481,1.551682,12.945317,48.599403,15.000065,24.318544,21.053610,10.018605,-3.038912,-5.323651,-5.131361,-6.023648,-4.618616,6.590703,-3.940855,-3.116753,4.447957,9.819774,6.610539,-1.041634,0.000000,111.000000,4.000000,,,,0.000000,4.000000,4.000000,4.000000,4.000000,4.000000,4.000000,4.000000,4.000000,4.000000,4.000000,4.000000,4.000000,4.000000,4.000000,4.000000,4.000000,4.000000,4.000000,2.000000,4.000000,4.000000,4.000000,4.000000,4.000000,4.000000,4.000000,4.000000,4.000000,4.000000,4.000000,4.000000,4.000000,83.333336
1614076776.081512,27.000000,0.000000,1.966532,-3.065560,2.196495,4.744629,-1.788974,4.975995,3.925522,-3.809239,3.945004,10.121329,-3.907410,-7.289562,12.219921,3.601412,11.393910,47.012341,7.292757,9.935252,22.571018,8.982945,-4.574335,-7.369610,-2.562127,-6.530445,-3.075535,7.609754,-4.449734,-3.626457,4.443509,9.809955,7.116749,-1.553413,0.000000,191.000000,4.000000,,,,0.000000,4.000000,4.000000,4.000000,4.000000,4.000000,4.000000,4.000000,4.000000,4.000000,4.000000,4.000000,4.000000,4.000000,4.000000,4.000000,4.000000,4.000000,4.000000,2.000000,4.000000,4.000000,4.000000,4.000000,4.000000,4.000000,4.000000,4.000000,4.000000,4.000000,4.000000,4.000000,4.000000,83.333336
1614076776.089361,28.000000,0.000000,1.964566,-3.062495,2.707119,4.739885,-1.274364,4.971018,3.921596,1.322775,3.941059,10.624029,-1.339400,-7.282273,12.207701,6.161913,2.151747,29.529432,5.234182,-13.151607,21.009985,2.820116,-4.056940,-5.310958,-2.046745,-3.959812,-4.098101,7.602144,-3.419644,-3.110010,4.439066,9.800144,6.596812,-1.551860,0.000000,166.000000,4.000000,,,,0.000000,4.000000,4.000000,4.000000,4.000000,4.000000,4.000000,4.000000,4.000000,4.000000,4.000000,4.000000,4.000000,4.000000,4.000000,4.000000,4.000000,4.000000,4.000000,2.000000,4.000000,4.000000,4.000000,4.000000,4.000000,4.000000,4.000000,4.000000,4.000000,4.000000,4.000000,4.000000,4.000000,83.333336
1614076776.097111,29.000000,0.000000,1.962601,-2.546612,4.755693,4.735145,-2.298731,4.966047,3.917675,1.834273,3.937118,9.074944,0.200401,-7.274991,7.580109,6.155751,1.123955,28.987082,4.716128,-8.523070,19.450514,2.304476,-3.027242,4.437943,-5.634441,0.659533,-4.094003,1.440696,-6.493147,-3.106900,4.434627,9.277524,4.026112,1.526615,0.000000,200.000000,4.000000,,,,0.000000,4.000000,4.000000,4.000000,4.000000,4.000000,4.000000,4.000000,4.000000,4.000000,4.000000,4.000000,4.000000,4.000000,4.000000,4.000000,4.000000,4.000000,4.000000,2.000000,4.000000,4.000000,4.000000,4.000000,4.000000,4.000000,4.000000,4.000000,4.000000,4.000000,4.000000,4.000000,4.000000,83.333336
1614076776.104960,30.000000,0.000000,1.960639,-2.544065,6.289400,4.730410,-0.757971,4.448261,3.913757,1.832439,4.958822,11.629971,0.200201,-7.267715,12.187913,9.739339,2.661292,49.470917,3.172950,11.998274,17.379782,3.840633,-3.537035,8.536069,-5.115986,0.146053,-3.064268,-3.176130,-11.102038,-3.616614,4.430192,9.781067,2.483625,1.012268,0.000000,194.000000,4.000000,,,,0.000000,4.000000,4.000000,4.000000,4.000000,4.000000,4.000000,4.000000,4.000000,4.000000,4.000000,4.000000,4.000000,4.000000,4.000000,4.000000,4.000000,4.000000,4.000000,2.000000,4.000000,4.000000,4.000000,4.000000,4.000000,4.000000,4.000000,4.000000,4.000000,4.000000,4.000000,4.000000,4.000000,83.333336
1614076776.112709,31.000000,0.000000,1.445858,-3.054341,6.283110,4.725679,3.858172,4.956633,3.909843,1.830606,6.492324,20.849110,1.225642,-7.260448,18.329571,16.909086,3.684272,51.472725,6.759521,14.550378,14.285479,2.298331,-4.559139,-3.267339,-2.033947,-0.879734,-3.574024,-1.634492,-4.937090,-3.100177,4.425762,9.771286,2.993962,-1.040026,0.000000,172.000000,4.000000,,,,0.000000,4.000000,4.000000,4.000000,4.000000,4.000000,4.000000,4.000000,4.000000,4.000000,4.000000,4.000000,4.000000,4.000000,4.000000,4.000000,4.000000,4.000000,4.000000,2.000000,4.000000,4.000000,4.000000,4.000000,4.000000,4.000000,4.000000,4.000000,4.000000,4.000000,4.000000,4.000000,4.000000,83.333336
1614076776.120558,32.000000,0.000000,2.470053,-0.487184,7.815289,4.720953,5.905596,7.515779,3.905933,1.828776,8.537114,25.956467,3.275698,-7.766008,17.798422,18.943460,9.321613,52.959717,8.291223,10.433264,11.707090,1.783212,3.650548,-13.007662,-2.031914,3.223710,-4.083271,-0.607216,5.324257,-1.045794,3.908516,9.248693,2.478147,3.063578,8064.000000,0.000000,4.000000,,,,0.000000,4.000000,4.000000,4.000000,4.000000,4.000000,4.000000,4.000000,4.000000,4.000000,4.000000,4.000000,4.000000,4.000000,4.000000,4.000000,4.000000,4.000000,4.000000,2.000000,4.000000,4.000000,4.000000,4.000000,4.000000,4.000000,4.000000,4.000000,4.000000,4.000000,4.000000,4.000000,4.000000,83.333336
1614076776.128307,33.000000,0.000000,4.518865,4.128687,10.371575,4.716233,6.925331,9.046724,3.902028,5.929511,12.631142,24.904869,4.298063,-7.758242,18.293444,17.898876,13.414856,74.958038,6.231649,32.986931,21.951794,5.371172,17.493052,-1.199782,-1.517061,5.784588,-1.515085,2.470314,7.883035,0.493713,4.930248,10.777906,3.501310,9.214360,8192.000000,0.000000,4.000000,,,,0.000000,4.000000,4.000000,4.000000,4.000000,4.000000,4.000000,4.000000,4.000000,4.000000,4.000000,4.000000,4.000000,4.000000,4.000000,4.000000,4.000000,4.000000,4.000000,2.000000,4.000000,4.000000,4.000000,4.000000,4.000000,4.000000,4.000000,4.000000,4.000000,4.000000,4.000000,4.000000,4.000000,83.333336
1614076776.136156,34.000000,0.000000,6.052807,5.150200,10.361204,4.711516,8.969687,8.524858,3.898125,10.026146,15.695434,24.367144,3.268124,-7.237663,16.223867,18.393797,12.888620,73.857437,9.302341,46.287277,29.109329,9.981186,23.116585,14.698853,1.561379,5.265983,3.101815,10.160151,7.875152,1.006040,7.489420,12.818411,6.061911,10.743608,8064.000000,0.000000,4.000000,,,,0.000000,4.000000,4.000000,4.000000,4.000000,4.000000,4.000000,4.000000,4.000000,4.000000,4.000000,4.000000,4.000000,4.000000,4.000000,4.000000,4.000000,4.000000,4.000000,2.000000,4.000000,4.000000,4.000000,4.000000,4.000000,4.000000,4.000000,4.000000,4.000000,4.000000,4.000000,4.000000,4.000000,83.333336
1614076776.143905,35.000000,0.000000,5.533934,4.632229,9.838022,4.706805,9.986359,8.516333,3.894227,7.964838,15.679738,25.368418,3.264856,-7.230425,9.028157,14.272840,12.362911,44.039989,8.780218,13.933299,6.516117,9.971205,17.452442,13.658514,2.072638,7.824820,2.073072,9.637171,5.815995,0.492213,8.507572,13.831233,7.081491,10.220043,8064.000000,0.000000,4.000000,,,,0.000000,4.000000,4.000000,4.000000,4.000000,4.000000,4.000000,4.000000,4.000000,4.000000,4.000000,4.000000,4.000000,4.000000,4.000000,4.000000,4.000000,4.000000,4.000000,2.000000,4.000000,4.000000,4.000000,4.000000,4.000000,4.000000,4.000000,4.000000,4.000000,4.000000,4.000000,4.000000,4.000000,83.333336
1614076776.151554,36.000000,0.000000,5.528400,4.627597,9.828184,4.702098,9.463552,8.507816,3.890333,5.392770,15.151237,25.343048,6.851335,-6.710374,11.070411,10.156002,12.863369,38.354927,10.309899,-5.567813,-11.439117,9.961233,10.768323,6.978189,2.583386,7.816995,-1.518744,3.986508,4.784538,-1.559561,7.986244,13.304582,6.048768,5.594439,8064.000000,0.000000,4.000000,,,,0.000000,4.000000,4.000000,4.000000,4.000000,4.000000,4.000000,4.000000,4.000000,4.000000,4.000000,4.000000,4.000000,4.000000,4.000000,4.000000,4.000000,4.000000,4.000000,2.000000,4.000000,4.000000,4.000000,4.000000,4.000000,4.000000,4.000000,4.000000,4.000000,4.000000,4.000000,4.000000,4.000000,83.333336
1614076776.159303,37.000000,0.000000,6.035692,5.135789,9.818357,4.697396,9.454089,8.499309,3.886443,9.489942,15.648907,25.317705,12.998330,-0.036997,20.802931,13.735590,15.927428,55.239647,22.607283,21.104422,9.085142,17.130758,12.808837,10.048134,7.196187,4.732255,5.662261,8.597906,11.959241,-2.070822,7.978258,13.291277,7.068360,0.973460,8064.000000,0.000000,4.000000,,,,0.000000,4.000000,4.000000,4.000000,4.000000,4.000000,4.000000,4.000000,4.000000,4.000000,4.000000,4.000000,4.000000,4.000000,4.000000,4.000000,4.000000,4.000000,4.000000,2.000000,4.000000,4.000000,4.000000,4.000000,4.000000,4.000000,4.000000,4.000000,4.000000,4.000000,4.000000,4.000000,4.000000,83.333336
1614076776.166952,38.000000,0.000000,5.516836,4.617833,9.808537,4.692698,9.444634,8.490809,3.882556,14.095836,15.633258,24.266747,15.549434,8.680988,21.294949,16.798777,18.475603,57.235691,24.635956,27.749983,26.511955,25.318756,26.129360,12.602188,10.265914,9.342907,16.425831,17.307257,18.613949,2.546633,7.970279,13.277986,9.625394,3.536589,8064.000000,0.000000,4.000000,,,,0.000000,4.000000,4.000000,4.000000,4.000000,4.000000,4.000000,4.000000,4.000000,4.000000,4.000000,4.000000,4.000000,4.000000,4.000000,4.000000,4.000000,4.000000,4.000000,2.000000,4.000000,4.000000,4.000000,4.000000,4.000000,4.000000,4.000000,4.000000,4.000000,4.000000,4.000000,4.000000,4.000000,83.333336
1614076776.174701,39.000000,0.000000,5.511319,4.613215,9.798729,4.688006,9.435190,8.482318,3.878674,13.056099,13.053522,25.268122,14.508244,12.262051,20.760832,19.858902,20.508410,59.229736,15.380551,17.978643,25.972622,29.396002,34.821182,11.563945,8.717187,17.538692,19.486328,18.828411,18.595335,5.108189,7.962309,13.264708,10.641410,7.122796,8064.000000,0.000000,4.000000,,,,0.000000,4.000000,4.000000,4.000000,4.000000,4.000000,4.000000,4.000000,4.000000,4.000000,4.000000,4.000000,4.000000,4.000000,4.000000,4.000000,4.000000,4.000000,4.000000,2.000000,4.000000,4.000000,4.000000,4.000000,4.000000,4.000000,4.000000,4.000000,4.000000,4.000000,4.000000,4.000000,4.000000,83.333336
1614076776.182350,40.000000,0.000000,6.018629,4.608602,9.276110,4.683318,9.425755,8.473836,3.874795,11.504581,10.989186,25.242853,14.493735,11.736968,25.868277,24.967247,25.103287,71.478195,17.929274,33.858101,29.536392,27.828144,25.555590,15.142124,10.246931,20.598078,18.954020,15.732659,19.089560,4.590261,7.954347,13.251443,10.117948,5.577211,8064.000000,0.000000,4.000000,,,,0.000000,4.000000,4.000000,4.000000,4.000000,4.000000,4.000000,4.000000,4.000000,4.000000,4.000000,4.000000,4.000000,4.000000,4.000000,4.000000,4.000000,4.000000,4.000000,2.000000,4.000000,4.000000,4.000000,4.000000,4.000000,4.000000,4.000000,4.000000,4.000000,4.000000,4.000000,4.000000,4.000000,83.333336
1614076776.190100,41.000000,0.000000,3.961328,4.603994,9.779655,4.678635,9.416329,8.465363,3.870920,14.057179,12.003839,20.089405,14.992062,10.186769,20.201384,18.275614,20.462799,59.099030,17.911345,25.619114,13.609421,12.928521,12.709521,13.588521,9.211043,19.551838,16.883785,13.152824,15.993546,4.585670,7.946393,13.238192,10.107830,5.571634,8064.000000,0.000000,4.000000,,,,0.000000,4.000000,4.000000,4.000000,4.000000,4.000000,4.000000,4.000000,4.000000,4.000000,4.000000,4.000000,4.000000,4.000000,4.000000,4.000000,4.000000,4.000000,4.000000,2.000000,4.000000,4.000000,4.000000,4.000000,4.000000,4.000000,4.000000,4.000000,4.000000,4.000000,4.000000,4.000000,4.000000,83.333336
1614076776.197749,42.000000,0.000000,1.906084,4.599390,10.282696,4.673956,8.894093,8.456897,3.867049,11.479020,11.479013,13.915469,14.464250,6.074019,8.386310,4.411184,8.134644,32.886082,3.021638,-2.098812,-12.045215,-4.520305,10.132710,1.780060,0.996704,16.455362,10.200233,11.088389,6.233963,3.042623,7.938446,13.224954,10.097722,6.078883,8064.000000,0.000000,4.000000,,,,0.000000,4.000000,4.000000,4.000000,4.000000,4.000000,4.000000,4.000000,4.000000,4.000000,4.000000,4.000000,4.000000,4.000000,4.000000,4.000000,4.000000,4.000000,4.000000,2.000000,4.000000,4.000000,4.000000,4.000000,4.000000,4.000000,4.000000,4.000000,4.000000,4.000000,4.000000,4.000000,4.000000,83.333336
1614076776.205498,43.000000,0.000000,1.391358,4.594790,8.733952,4.669282,9.398019,8.448440,3.863182,1.211131,10.954715,12.875913,14.449785,2.991022,9.403564,2.868312,10.690611,39.007042,1.480155,20.467390,6.941190,0.099600,11.661038,-3.862745,-0.542754,10.797882,8.138752,10.051661,3.150806,0.475478,7.930508,13.211728,10.087625,6.585625,8064.000000,0.000000,4.000000,,,,0.000000,4.000000,4.000000,4.000000,4.000000,4.000000,4.000000,4.000000,4.000000,4.000000,4.000000,4.000000,4.000000,4.000000,4.000000,4.000000,4.000000,4.000000,4.000000,2.000000,4.000000,4.000000,4.000000,4.000000,4.000000,4.000000,4.000000,4.000000,4.000000,4.000000,4.000000,4.000000,4.000000,83.333336
1614076776.213147,44.000000,0.000000,1.389966,4.590196,11.289320,4.664613,11.439902,8.439992,3.859319,-2.892645,14.533504,13.888679,14.435335,3.500851,18.112110,10.044930,20.423510,66.147522,11.735085,39.934101,30.011171,15.484116,11.136557,-0.269139,5.098814,9.248623,13.258818,10.554429,6.737399,0.987823,7.922577,13.198517,10.077537,9.143142,8064.000000,0.000000,4.000000,,,,0.000000,4.000000,4.000000,4.000000,4.000000,4.000000,4.000000,4.000000,4.000000,4.000000,4.000000,4.000000,4.000000,4.000000,4.000000,4.000000,4.000000,4.000000,4.000000,2.000000,4.000000,4.000000,4.000000,4.000000,4.000000,4.000000,4.000000,4.000000,4.000000,4.000000,4.000000,4.000000,4.000000,83.333336
1614076776.220896,45.000000,0.000000,1.901397,4.585605,15.893415,4.659948,12.966925,8.431552,3.855460,2.751274,14.518970,13.361969,14.420900,3.497350,18.093998,9.522065,11.685138,68.132660,9.672068,9.124936,7.929879,13.417350,9.074139,-0.268870,3.042433,11.803476,12.219918,10.543875,5.705021,-2.090088,7.914655,13.185318,10.067459,9.646819,8064.000000,0.000000,4.000000,,,,0.000000,4.000000,4.000000,4.000000,4.000000,4.000000,4.000000,4.000000,4.000000,4.000000,4.000000,4.000000,4.000000,4.000000,4.000000,4.000000,4.000000,4.000000,4.000000,2.000000,4.000000,4.000000,4.000000,4.000000,4.000000,4.000000,4.000000,4.000000,4.000000,4.000000,4.000000,4.000000,4.000000,83.333336
1614076776.228545,46.000000,0.000000,1.386675,4.581020,12.800598,4.655288,12.953958,8.935941,3.851604,6.338266,6.812143,13.348607,14.406479,2.981033,14.486159,5.922800,0.904222,47.551704,5.047011,6.038888,-1.308820,5.198804,7.526602,-3.858345,-2.601635,8.714750,6.566673,8.994869,2.622393,-7.216203,8.419560,13.172132,10.057392,7.073070,8064.000000,0.000000,4.000000,,,,0.000000,4.000000,4.000000,4.000000,4.000000,4.000000,4.000000,4.000000,4.000000,4.000000,4.000000,4.000000,4.000000,4.000000,4.000000,4.000000,4.000000,4.000000,4.000000,2.000000,4.000000,4.000000,4.000000,4.000000,4.000000,4.000000,4.000000,4.000000,4.000000,4.000000,4.000000,4.000000,4.000000,83.333336
1614076776.236294,47.000000,0.000000,1.385288,4.576439,5.608311,4.137813,12.941004,8.414184,3.334932,4.280646,4.241229,14.360899,14.392073,3.490872,14.471674,6.429697,6.031523,37.760563,8.631707,30.648233,16.641207,5.706426,7.006255,-3.341666,-1.060572,2.039368,6.047286,6.421772,3.132591,-6.696167,7.385500,13.158960,10.047335,5.527535,8064.000000,0.000000,4.000000,,,,0.000000,4.000000,4.000000,4.000000,4.000000,4.000000,4.000000,4.000000,4.000000,4.000000,4.000000,4.000000,4.000000,4.000000,4.000000,4.000000,4.000000,4.000000,4.000000,2.000000,4.000000,4.000000,4.000000,4.000000,4.000000,4.000000,4.000000,4.000000,4.000000,4.000000,4.000000,4.000000,4.000000,83.333336
1614076776.243944,48.000000,0.000000,6.512108,4.571862,6.115523,5.159316,12.928062,7.892950,4.357238,5.814826,7.826731,14.346539,15.403321,6.051484,14.457202,7.961729,10.640876,38.748444,10.674358,16.258612,8.932258,7.752002,7.512070,-2.825503,2.530232,1.524509,7.579700,6.928170,3.129458,-3.612547,8.916575,13.145802,10.037287,6.034828,8064.000000,0.000000,4.000000,,,,0.000000,4.000000,4.000000,4.000000,4.000000,4.000000,4.000000,4.000000,4.000000,4.000000,4.000000,4.000000,4.000000,4.000000,4.000000,4.000000,4.000000,4.000000,4.000000,2.000000,4.000000,4.000000,4.000000,4.000000,4.000000,4.000000,4.000000,4.000000,4.000000,4.000000,4.000000,4.000000,4.000000,83.333336
1614076776.251693,49.000000,0.000000,13.172263,4.567290,9.186331,7.718259,12.915134,8.910697,6.916984,10.937217,7.306084,13.306551,14.875098,8.096714,13.929924,6.928126,9.091774,37.171234,10.150863,-0.680724,-4.410008,6.205788,6.991737,-2.822678,2.014882,4.599907,7.059299,11.023807,4.151970,-2.583293,11.471762,13.132656,10.027250,6.541614,8064.000000,0.000000,4.000000,,,,0.000000,4.000000,4.000000,4.000000,4.000000,4.000000,4.000000,4.000000,4.000000,4.000000,4.000000,4.000000,4.000000,4.000000,4.000000,4.000000,4.000000,4.000000,4.000000,2.000000,4.000000,4.000000,4.000000,4.000000,4.000000,4.000000,4.000000,4.000000,4.000000,4.000000,4.000000,4.000000,4.000000,83.333336
1614076776.259342,50.000000,0.000000,14.184731,4.562723,6.613041,8.736181,13.415040,7.876146,7.935708,13.490382,3.709034,14.831706,10.757659,6.550156,14.428815,6.921198,8.569861,38.159702,8.089430,11.627649,8.414915,5.686762,8.010386,-2.819855,1.500046,5.108128,7.052240,8.448680,6.711920,-2.580710,9.409008,13.119523,10.017222,6.022252,8064.000000,0.000000,4.000000,,,,0.000000,4.000000,4.000000,4.000000,4.000000,4.000000,4.000000,4.000000,4.000000,4.000000,4.000000,4.000000,4.000000,4.000000,4.000000,4.000000,4.000000,4.000000,4.000000,2.000000,4.000000,4.000000,4.000000,4.000000,4.000000,4.000000,4.000000,4.000000,4.000000,4.000000,4.000000,4.000000,4.000000,83.333336
1614076776.267191,51.000000,0.000000,11.093624,4.558160,5.067967,8.214625,11.863163,2.227244,7.414951,12.451251,3.705325,13.791233,8.695619,3.466683,12.875924,7.427097,6.510010,41.711288,6.030059,13.667303,15.073167,6.193895,10.566479,-2.817035,2.011367,4.590199,6.532367,3.312026,7.218029,-4.116591,4.271394,13.106404,10.007205,4.990589,8064.000000,0.000000,4.000000,,,,0.000000,4.000000,4.000000,4.000000,4.000000,4.000000,4.000000,4.000000,4.000000,4.000000,4.000000,4.000000,4.000000,4.000000,4.000000,4.000000,4.000000,4.000000,4.000000,2.000000,4.000000,4.000000,4.000000,4.000000,4.000000,4.000000,4.000000,4.000000,4.000000,4.000000,4.000000,4.000000,4.000000,83.333336
1614076776.274940,52.000000,0.000000,9.544068,4.553602,6.088540,8.719231,9.800018,1.199376,7.407537,11.925979,3.701619,5.059493,5.097180,3.463216,6.709202,4.342747,1.888115,31.413166,6.536849,4.422867,10.442709,6.187702,11.068732,-1.788577,2.009355,5.098430,7.038656,4.334355,8.749272,-2.574013,3.754302,13.093297,9.997198,5.498418,8064.000000,0.000000,4.000000,,,,0.000000,4.000000,4.000000,4.000000,4.000000,4.000000,4.000000,4.000000,4.000000,4.000000,4.000000,4.000000,4.000000,4.000000,4.000000,4.000000,4.000000,4.000000,4.000000,2.000000,4.000000,4.000000,4.000000,4.000000,4.000000,4.000000,4.000000,4.000000,4.000000,4.000000,4.000000,4.000000,4.000000,83.333336
1614076776.282789,53.000000,0.000000,10.047345,4.549048,6.082451,7.684871,8.764577,4.275099,6.374488,12.939694,3.185097,-4.176335,-6.189969,2.946933,2.087108,-2.328262,0.347765,21.125343,3.453389,2.879982,12.483548,5.155873,11.057664,0.777314,1.494526,5.093331,7.544437,6.894124,12.330267,1.018305,4.776189,13.080204,7.935919,7.031382,8064.000000,0.000000,4.000000,,,,0.000000,4.000000,4.000000,4.000000,4.000000,4.000000,4.000000,4.000000,4.000000,4.000000,4.000000,4.000000,4.000000,4.000000,4.000000,4.000000,4.000000,4.000000,4.000000,2.000000,4.000000,4.000000,4.000000,4.000000,4.000000,4.000000,4.000000,4.000000,4.000000,4.000000,4.000000,4.000000,4.000000,83.333336
1614076776.290538,54.000000,0.000000,3.883451,4.544499,6.076369,5.113083,7.217351,3.245183,2.778370,11.388293,4.207553,-6.736262,-12.337625,-2.697040,3.110662,-5.402857,1.373059,39.565754,-1.165449,3.389923,7.342859,3.099435,11.046606,1.802177,2.005852,5.088238,3.947149,4.835947,5.138449,-3.085278,4.258592,11.015841,6.389522,2.408966,8064.000000,0.000000,4.000000,,,,0.000000,4.000000,4.000000,4.000000,4.000000,4.000000,4.000000,4.000000,4.000000,4.000000,4.000000,4.000000,4.000000,4.000000,4.000000,4.000000,4.000000,4.000000,4.000000,2.000000,4.000000,4.000000,4.000000,4.000000,4.000000,4.000000,4.000000,4.000000,4.000000,4.000000,4.000000,4.000000,4.000000,83.333336
1614076776.298387,55.000000,0.000000,-5.351201,4.539955,6.070293,4.082329,5.671672,1.190656,-0.301331,7.787161,3.690525,-3.652602,-6.171441,-4.745625,2.594731,-3.346172,3.935788,60.551830,1.912640,16.207047,0.156029,2.070694,11.035560,-1.789368,2.003846,5.083149,0.866279,2.779829,-5.635920,-9.748859,3.741513,8.953544,6.383132,-0.670367,8064.000000,0.000000,4.000000,,,,0.000000,4.000000,4.000000,4.000000,4.000000,4.000000,4.000000,4.000000,4.000000,4.000000,4.000000,4.000000,4.000000,4.000000,4.000000,4.000000,4.000000,4.000000,4.000000,2.000000,4.000000,4.000000,4.000000,4.000000,4.000000,4.000000,4.000000,4.000000,4.000000,4.000000,4.000000,4.000000,4.000000,83.333336
1614076776.306136,56.000000,0.000000,-4.833029,5.048235,6.577043,4.591067,6.178821,3.753568,-0.301030,6.240912,3.174014,8.145922,0.501397,0.900146,3.617778,1.785379,3.931852,48.183586,5.500471,30.549812,9.386642,4.119906,12.050165,-5.377323,2.001842,5.078066,3.942336,3.289870,-5.117464,-7.687828,4.250592,9.457411,6.889569,8.561073,8192.000000,0.000000,4.000000,,,,0.000000,4.000000,4.000000,4.000000,4.000000,4.000000,4.000000,4.000000,4.000000,4.000000,4.000000,4.000000,4.000000,4.000000,4.000000,4.000000,4.000000,4.000000,4.000000,2.000000,4.000000,4.000000,4.000000,4.000000,4.000000,4.000000,4.000000,4.000000,4.000000,4.000000,4.000000,4.000000,4.000000,83.333336
1614076776.313985,57.000000,0.000000,1.325650,4.530367,9.647389,4.586476,8.736745,5.288276,5.340296,9.824415,12.401609,23.009571,3.064998,7.053092,13.870570,9.988722,5.979202,32.750786,7.546252,21.801315,18.095205,6.167068,16.140678,-3.320663,4.051122,5.072988,7.528137,3.799401,0.015859,-2.551935,4.246341,11.499235,5.857038,17.270460,8064.000000,0.000000,4.000000,,,,0.000000,4.000000,4.000000,4.000000,4.000000,4.000000,4.000000,4.000000,4.000000,4.000000,4.000000,4.000000,4.000000,4.000000,4.000000,4.000000,4.000000,4.000000,4.000000,2.000000,4.000000,4.000000,4.000000,4.000000,4.000000,4.000000,4.000000,4.000000,4.000000,4.000000,4.000000,4.000000,4.000000,83.333336
1614076776.321734,58.000000,0.000000,2.349965,4.525836,10.150562,4.581890,10.266469,5.795808,11.488802,12.891514,23.158438,26.063484,9.728600,8.071680,23.087469,15.106938,18.280916,54.769318,16.256655,19.215410,18.077108,9.750645,20.227102,-0.240419,7.636815,5.580736,7.007789,6.359704,0.015843,-2.549383,4.242095,13.539019,6.876822,12.637806,8064.000000,0.000000,4.000000,,,,0.000000,4.000000,4.000000,4.000000,4.000000,4.000000,4.000000,4.000000,4.000000,4.000000,4.000000,4.000000,4.000000,4.000000,4.000000,4.000000,4.000000,4.000000,4.000000,2.000000,4.000000,4.000000,4.000000,4.000000,4.000000,4.000000,4.000000,4.000000,4.000000,4.000000,4.000000,4.000000,4.000000,83.333336
1614076776.329583,59.000000,0.000000,1.834795,5.034131,6.037848,4.577308,8.204921,4.764371,10.964493,13.391442,22.109638,19.883575,13.308615,8.063608,19.474638,14.579011,23.903660,80.355576,19.317322,38.170555,19.084673,12.304996,18.668413,0.785462,10.193280,8.139257,7.000781,7.378985,-1.009814,-3.059654,4.237853,13.525479,6.869946,8.522604,8064.000000,0.000000,4.000000,,,,0.000000,4.000000,4.000000,4.000000,4.000000,4.000000,4.000000,4.000000,4.000000,4.000000,4.000000,4.000000,4.000000,4.000000,4.000000,4.000000,4.000000,4.000000,4.000000,2.000000,4.000000,4.000000,4.000000,4.000000,4.000000,4.000000,4.000000,4.000000,4.000000,4.000000,4.000000,4.000000,4.000000,83.333336
1614076776.337332,60.000000,0.000000,2.345780,3.490635,2.954886,4.572731,2.042870,-1.394239,6.850965,9.788307,16.446505,17.299589,5.090178,3.440160,9.198752,9.949047,4.392577,61.813683,7.503132,30.952896,9.321999,3.574743,9.931797,2.835959,7.618984,9.669580,7.506600,2.756221,0.016837,-4.082236,4.233615,9.409389,3.273332,10.565363,8064.000000,0.000000,4.000000,,,,0.000000,4.000000,4.000000,4.000000,4.000000,4.000000,4.000000,4.000000,4.000000,4.000000,4.000000,4.000000,4.000000,4.000000,4.000000,4.000000,4.000000,4.000000,4.000000,2.000000,4.000000,4.000000,4.000000,4.000000,4.000000,4.000000,4.000000,4.000000,4.000000,4.000000,4.000000,4.000000,4.000000,83.333336
1614076776.345181,61.000000,0.000000,-2.784770,-0.102599,2.439111,4.568158,-2.061737,-9.597973,3.767190,-0.990712,14.378776,17.795109,-8.761066,-4.768408,-2.092497,-0.317312,-16.124636,29.444176,-2.760782,-1.385749,-12.738605,-14.377550,0.178275,-5.372005,-0.080942,8.121449,5.447812,-0.323458,0.016820,-8.693538,4.229382,5.810237,-1.345326,7.990695,8064.000000,0.000000,4.000000,,,,0.000000,4.000000,4.000000,4.000000,4.000000,4.000000,4.000000,4.000000,4.000000,4.000000,4.000000,4.000000,4.000000,4.000000,4.000000,4.000000,4.000000,4.000000,4.000000,2.000000,4.000000,4.000000,4.000000,4.000000,4.000000,4.000000,4.000000,4.000000,4.000000,4.000000,4.000000,4.000000,4.000000,83.333336
1614076776.352930,62.000000,0.000000,-9.448652,-2.666599,-1.153072,5.076410,-1.546855,-10.614017,-0.851961,-11.758951,9.749012,17.264494,-20.547176,-12.968768,-10.808353,-13.137507,-18.672613,15.568577,-5.834944,-18.820261,-19.905354,-21.542660,-3.411647,-21.264069,-5.721887,5.549225,3.391082,1.728148,0.016804,-10.736127,4.225152,5.291606,-1.343980,2.854499,8064.000000,0.000000,4.000000,,,,0.000000,4.000000,4.000000,4.000000,4.000000,4.000000,4.000000,4.000000,4.000000,4.000000,4.000000,4.000000,4.000000,4.000000,4.000000,4.000000,4.000000,4.000000,4.000000,2.000000,4.000000,4.000000,4.000000,4.000000,4.000000,4.000000,4.000000,4.000000,4.000000,4.000000,4.000000,4.000000,4.000000,83.333336
1614076776.360779,63.000000,0.000000,-9.952024,-3.176753,-5.254483,5.071334,-1.032488,-9.577762,-9.056237,-14.311296,3.585417,16.734409,-25.654835,-20.648108,-16.438570,-16.201294,-18.141121,19.655573,-9.418853,-1.365543,-8.603397,-18.957014,-3.408235,-21.755627,-5.716165,2.979573,3.387691,3.777702,0.016787,-10.212570,4.220927,5.799135,-0.829816,1.826004,8064.000000,0.000000,4.000000,,,,0.000000,4.000000,4.000000,4.000000,4.000000,4.000000,4.000000,4.000000,4.000000,4.000000,4.000000,4.000000,4.000000,4.000000,4.000000,4.000000,4.000000,4.000000,4.000000,2.000000,4.000000,4.000000,4.000000,4.000000,4.000000,4.000000,4.000000,4.000000,4.000000,4.000000,4.000000,4.000000,4.000000,83.333336
1614076776.368528,64.000000,0.000000,-8.916431,-2.660755,-5.249228,4.553442,-3.595558,-10.081004,-12.124104,-14.296984,3.069011,16.717674,-23.577898,-22.165920,-17.960594,-10.544066,-21.199903,20.148737,-12.999177,2.738387,-3.466589,-23.553442,-4.943288,-12.503101,-5.197628,1.438132,3.384303,3.261103,0.016770,-10.715178,4.216706,5.280515,-1.341807,2.336998,0.000000,190.000000,4.000000,,,,0.000000,4.000000,4.000000,4.000000,4.000000,4.000000,4.000000,4.000000,4.000000,4.000000,4.000000,4.000000,4.000000,4.000000,4.000000,4.000000,4.000000,4.000000,4.000000,2.000000,4.000000,4.000000,4.000000,4.000000,4.000000,4.000000,4.000000,4.000000,4.000000,4.000000,4.000000,4.000000,4.000000,83.333336
1614076776.376377,65.000000,0.000000,-9.933156,-2.658095,-4.218338,5.061709,-5.130424,-10.070923,-9.035057,-13.257046,4.091583,17.213778,-21.503038,-15.477088,-11.788787,-7.969419,-20.153061,19.102947,-15.037460,-6.495121,-7.052866,-28.145273,-4.425525,-9.926496,-6.730892,-0.614588,3.380919,2.745022,0.016753,-10.704463,4.212489,5.788055,-1.340465,2.847482,0.000000,202.000000,4.000000,,,,0.000000,4.000000,4.000000,4.000000,4.000000,4.000000,4.000000,4.000000,4.000000,4.000000,4.000000,4.000000,4.000000,4.000000,4.000000,4.000000,4.000000,4.000000,4.000000,2.000000,4.000000,4.000000,4.000000,4.000000,4.000000,4.000000,4.000000,4.000000,4.000000,4.000000,4.000000,4.000000,4.000000,83.333336
1614076776.384126,66.000000,0.000000,-8.897582,-2.655437,-5.239760,4.031006,-4.612473,-9.548032,-6.974740,-6.577122,3.574671,17.196564,-21.994356,-9.820585,1.556335,-7.961450,-9.876498,23.699230,-5.278833,6.844708,0.133674,-13.245333,2.758388,-2.737082,-4.672879,-2.665256,3.377538,3.255097,0.016736,-9.668118,4.208277,5.782267,-0.826304,1.818993,0.000000,201.000000,4.000000,,,,0.000000,4.000000,4.000000,4.000000,4.000000,4.000000,4.000000,4.000000,4.000000,4.000000,4.000000,4.000000,4.000000,4.000000,4.000000,4.000000,4.000000,4.000000,4.000000,2.000000,4.000000,4.000000,4.000000,4.000000,4.000000,4.000000,4.000000,4.000000,4.000000,4.000000,4.000000,4.000000,4.000000,83.333336
1614076776.391775,67.000000,0.000000,-6.324582,-2.652781,-7.798624,-1.101230,-6.659142,-9.538484,-7.480586,-1.955160,3.571096,17.179367,-21.972361,-10.836406,9.247087,-3.850924,6.030814,36.496044,14.213626,25.299402,10.389951,7.793553,13.012040,10.598989,0.459999,-2.662591,3.374161,3.251842,0.016720,-11.709731,4.204069,5.263665,-0.825477,-1.772569,0.000000,187.000000,4.000000,,,,0.000000,4.000000,4.000000,4.000000,4.000000,4.000000,4.000000,4.000000,4.000000,4.000000,4.000000,4.000000,4.000000,4.000000,4.000000,4.000000,4.000000,4.000000,4.000000,2.000000,4.000000,4.000000,4.000000,4.000000,4.000000,4.000000,4.000000,4.000000,4.000000,4.000000,4.000000,4.000000,4.000000,83.333336
1614076776.399524,68.000000,0.000000,-4.779795,-2.650128,-8.816465,-6.228334,-11.267868,-9.528945,-6.960285,-2.466026,4.080346,17.162188,-21.437569,-11.338389,9.750660,0.255491,18.845297,67.741600,20.866079,29.376667,9.866740,13.939606,15.563130,12.639672,2.510821,-0.095825,3.370786,3.248590,0.016703,-8.621099,4.199864,5.771221,-0.824652,-5.360540,0.000000,191.000000,4.000000,,,,0.000000,4.000000,4.000000,4.000000,4.000000,4.000000,4.000000,4.000000,4.000000,4.000000,4.000000,4.000000,4.000000,4.000000,4.000000,4.000000,4.000000,4.000000,4.000000,2.000000,4.000000,4.000000,4.000000,4.000000,4.000000,4.000000,4.000000,4.000000,4.000000,4.000000,4.000000,4.000000,4.000000,83.333336
1614076776.407174,69.000000,0.000000,-2.210913,-2.647478,-8.294828,-6.734926,-13.307882,-9.519416,-4.389222,4.203107,4.076265,17.145025,-21.416130,-10.301410,11.792192,0.255235,23.954657,94.853348,19.306751,44.219086,12.420977,14.951307,12.470644,8.524468,1.995489,0.929911,3.367415,3.245342,0.016686,-1.432990,4.195664,5.765450,-0.823827,-5.355180,0.000000,202.000000,4.000000,,,,0.000000,4.000000,4.000000,4.000000,4.000000,4.000000,4.000000,4.000000,4.000000,4.000000,4.000000,4.000000,4.000000,4.000000,4.000000,4.000000,4.000000,4.000000,4.000000,2.000000,4.000000,4.000000,4.000000,4.000000,4.000000,4.000000,4.000000,4.000000,4.000000,4.000000,4.000000,4.000000,4.000000,83.333336
1614076776.414923,70.000000,0.000000,1.893862,-2.644831,-8.286534,-6.728191,-13.294574,-9.509896,-2.846371,13.942493,4.072189,17.127880,-21.907536,-10.291109,10.754758,-0.257841,15.212752,65.527725,18.261803,39.559483,20.100863,13.910715,11.432532,9.028764,1.993494,1.441802,3.364048,3.242096,0.016670,-0.405916,4.191469,3.195582,-0.823003,-4.837004,0.000000,186.000000,4.000000,,,,0.000000,4.000000,4.000000,4.000000,4.000000,4.000000,4.000000,4.000000,4.000000,4.000000,4.000000,4.000000,4.000000,4.000000,4.000000,4.000000,4.000000,4.000000,4.000000,2.000000,4.000000,4.000000,4.000000,4.000000,4.000000,4.000000,4.000000,4.000000,4.000000,4.000000,4.000000,4.000000,4.000000,83.333336
1614076776.422572,71.000000,0.000000,2.404789,-2.642186,-8.278248,-7.234283,-11.229998,-9.500387,-3.356345,6.749064,4.068117,17.110752,-20.859987,-11.306458,3.051696,-0.257583,-8.392204,33.154503,4.397388,7.212229,3.157685,0.563471,10.395459,6.455633,1.991500,1.440360,3.360684,2.726034,0.016653,-2.456792,4.187277,3.192387,-0.822180,-5.344987,0.000000,186.000000,4.000000,,,,0.000000,4.000000,4.000000,4.000000,4.000000,4.000000,4.000000,4.000000,4.000000,4.000000,4.000000,4.000000,4.000000,4.000000,4.000000,4.000000,4.000000,4.000000,4.000000,2.000000,4.000000,4.000000,4.000000,4.000000,4.000000,4.000000,4.000000,4.000000,4.000000,4.000000,4.000000,4.000000,4.000000,83.333336
1614076776.430321,72.000000,0.000000,1.889563,-2.639544,-6.218687,-3.124485,-6.603383,-10.003707,-3.865810,-5.052557,4.064048,17.093641,-19.813486,-11.295153,-1.053920,-0.257325,-15.563299,39.788013,-6.889061,-8.179599,-18.383934,-11.231964,7.820961,4.910716,1.989509,0.413279,3.357323,3.748949,0.016636,0.109767,4.183090,7.291758,-0.821358,-4.826822,0.000000,216.000000,4.000000,,,,0.000000,4.000000,4.000000,4.000000,4.000000,4.000000,4.000000,4.000000,4.000000,4.000000,4.000000,4.000000,4.000000,4.000000,4.000000,4.000000,4.000000,4.000000,4.000000,2.000000,4.000000,4.000000,4.000000,4.000000,4.000000,4.000000,4.000000,4.000000,4.000000,4.000000,4.000000,4.000000,4.000000,83.333336
1614076776.437970,73.000000,0.000000,2.400494,-2.636904,-4.161186,4.058126,-4.545497,-9.480883,-3.349123,-3.509043,4.059985,17.076548,-16.203928,-8.206934,2.024057,-0.257068,1.375341,72.568741,2.861418,24.649094,-2.468114,-5.066886,8.838781,7.469907,4.038801,2.976968,3.353966,6.822123,0.016620,-0.403163,4.178907,10.361389,-0.820537,-4.821995,0.000000,175.000000,4.000000,,,,0.000000,4.000000,4.000000,4.000000,4.000000,4.000000,4.000000,4.000000,4.000000,4.000000,4.000000,4.000000,4.000000,4.000000,4.000000,4.000000,4.000000,4.000000,4.000000,2.000000,4.000000,4.000000,4.000000,4.000000,4.000000,4.000000,4.000000,4.000000,4.000000,4.000000,4.000000,4.000000,4.000000,83.333336
1614076776.445719,74.000000,0.000000,1.885273,-2.634267,-4.669846,5.592530,-5.053772,-6.394479,-3.345774,-1.454252,4.055924,17.572292,-12.085160,-7.685906,3.047674,-0.769631,0.348325,62.752579,6.961121,30.265471,12.406149,2.630488,10.881225,3.359874,5.573224,9.640657,3.350612,6.815300,-0.496217,-2.966863,4.174728,9.325387,-0.819716,-4.817173,0.000000,192.000000,4.000000,,,,0.000000,4.000000,4.000000,4.000000,4.000000,4.000000,4.000000,4.000000,4.000000,4.000000,4.000000,4.000000,4.000000,4.000000,4.000000,4.000000,4.000000,4.000000,4.000000,2.000000,4.000000,4.000000,4.000000,4.000000,4.000000,4.000000,4.000000,4.000000,4.000000,4.000000,4.000000,4.000000,4.000000,83.333336
1614076776.453368,75.000000,0.000000,1.883388,-2.631633,-4.665176,4.561296,-2.997437,-5.875264,-3.855249,-2.991259,4.051868,16.016258,-10.534614,-8.191041,2.018985,-0.768862,-14.010998,30.382135,-1.250969,-2.072487,-2.478052,1.089396,10.357523,-2.284512,5.567651,12.707940,3.347261,3.731562,0.017099,-0.912614,4.170553,6.751959,-0.306076,-4.812356,0.000000,199.000000,4.000000,,,,0.000000,4.000000,4.000000,4.000000,4.000000,4.000000,4.000000,4.000000,4.000000,4.000000,4.000000,4.000000,4.000000,4.000000,4.000000,4.000000,4.000000,4.000000,4.000000,2.000000,4.000000,4.000000,4.000000,4.000000,4.000000,4.000000,4.000000,4.000000,4.000000,4.000000,4.000000,4.000000,4.000000,83.333336
1614076776.461118,76.000000,0.000000,6.496889,-2.629001,-4.660511,4.556735,-0.943157,-5.869389,-2.825752,4.191219,4.047817,13.948960,-7.447156,-0.490542,8.170813,2.308830,-1.176474,48.813290,5.929769,14.339842,-2.988395,3.652410,10.347165,0.281875,5.562083,9.618309,3.343914,2.702190,0.017082,-0.398881,4.166383,5.719566,-2.357052,-4.807544,0.000000,207.000000,4.000000,,,,0.000000,4.000000,4.000000,4.000000,4.000000,4.000000,4.000000,4.000000,4.000000,4.000000,4.000000,4.000000,4.000000,4.000000,4.000000,4.000000,4.000000,4.000000,4.000000,2.000000,4.000000,4.000000,4.000000,4.000000,4.000000,4.000000,4.000000,4.000000,4.000000,4.000000,4.000000,4.000000,4.000000,83.333336
1614076776.468767,77.000000,0.000000,9.567315,-2.626372,-4.655850,5.064999,-0.942214,0.290327,-0.771645,12.392157,4.043769,13.422191,-1.285863,10.279179,16.367769,6.921906,16.773420,77.995247,17.205891,37.402424,18.553055,9.289783,10.849638,5.409798,5.043701,8.070230,3.340570,3.212308,-1.008576,-2.449764,4.162217,5.713847,-4.405977,-4.802736,0.000000,215.000000,4.000000,,,,0.000000,4.000000,4.000000,4.000000,4.000000,4.000000,4.000000,4.000000,4.000000,4.000000,4.000000,4.000000,4.000000,4.000000,4.000000,4.000000,4.000000,4.000000,4.000000,2.000000,4.000000,4.000000,4.000000,4.000000,4.000000,4.000000,4.000000,4.000000,4.000000,4.000000,4.000000,4.000000,4.000000,83.333336
1614076776.476616,78.000000,0.000000,7.506466,-2.623746,-4.651194,4.547113,-1.454092,4.392601,0.254768,8.790021,4.039725,13.408769,1.279526,12.320182,18.402683,7.427804,12.141262,62.019817,17.701506,24.544510,23.149887,9.793314,9.813148,10.532594,6.064298,8.574980,3.337230,2.183455,1.043715,1.142430,4.158054,5.708133,-4.914392,-4.797934,0.000000,188.000000,4.000000,,,,0.000000,4.000000,4.000000,4.000000,4.000000,4.000000,4.000000,4.000000,4.000000,4.000000,4.000000,4.000000,4.000000,4.000000,4.000000,4.000000,4.000000,4.000000,4.000000,2.000000,4.000000,4.000000,4.000000,4.000000,4.000000,4.000000,4.000000,4.000000,4.000000,4.000000,4.000000,4.000000,4.000000,83.333336
1614076776.484365,79.000000,0.000000,5.447678,-2.621122,-4.646543,4.542566,-2.478279,0.798465,0.254513,4.678667,4.035686,13.908180,0.252605,10.769400,17.358641,6.394736,11.616301,57.342411,21.786367,30.673811,16.460070,12.860443,11.854617,14.624625,10.160798,8.566404,3.333893,4.745374,5.145235,5.243851,4.153896,5.189604,-4.396657,-4.793136,0.000000,204.000000,4.000000,,,,0.000000,4.000000,4.000000,4.000000,4.000000,4.000000,4.000000,4.000000,4.000000,4.000000,4.000000,4.000000,4.000000,4.000000,4.000000,4.000000,4.000000,4.000000,4.000000,2.000000,4.000000,4.000000,4.000000,4.000000,4.000000,4.000000,4.000000,4.000000,4.000000,4.000000,4.000000,4.000000,4.000000,83.333336
1614076776.492214,80.000000,0.000000,5.442230,-2.618501,-4.641897,4.538024,-4.527083,-2.792077,0.767079,5.699629,4.031650,13.894272,0.252353,11.271451,17.854101,7.413982,21.348274,79.336349,25.354324,42.438007,17.469252,22.078352,16.458147,14.097180,13.740380,11.121941,3.330559,9.868834,6.678551,4.725787,4.149742,5.184414,-4.392260,-5.813983,0.000000,201.000000,4.000000,,,,0.000000,4.000000,4.000000,4.000000,4.000000,4.000000,4.000000,4.000000,4.000000,4.000000,4.000000,4.000000,4.000000,4.000000,4.000000,4.000000,4.000000,4.000000,4.000000,2.000000,4.000000,4.000000,4.000000,4.000000,4.000000,4.000000,4.000000,4.000000,4.000000,4.000000,4.000000,4.000000,4.000000,83.333336
1614076776.499963,81.000000,0.000000,5.436788,-3.128703,-4.637255,4.533486,-5.548197,-2.276465,0.253492,3.129827,4.027618,8.239352,0.764921,10.234539,18.349068,6.893747,18.762823,76.692909,22.252048,29.575058,18.990244,26.158838,19.518612,11.518980,13.726640,12.649281,3.327228,10.884605,9.235975,4.208241,4.145593,6.204871,-4.900688,-7.859451,0.000000,174.000000,4.000000,,,,0.000000,4.000000,4.000000,4.000000,4.000000,4.000000,4.000000,4.000000,4.000000,4.000000,4.000000,4.000000,4.000000,4.000000,4.000000,4.000000,4.000000,4.000000,4.000000,2.000000,4.000000,4.000000,4.000000,4.000000,4.000000,4.000000,4.000000,4.000000,4.000000,4.000000,4.000000,4.000000,4.000000,83.333336
1614076776.507812,82.000000,0.000000,6.969812,-2.612754,-4.632617,4.528952,-4.517008,-1.761368,0.766059,1.075415,4.023591,2.590087,0.251335,7.147381,17.305079,3.297110,13.103035,67.898270,23.255436,32.622406,17.945612,24.081396,17.960632,12.533102,12.174452,12.123811,3.323901,10.873721,15.893406,4.204032,5.679909,5.173025,-3.357326,-8.877233,0.000000,205.000000,4.000000,,,,0.000000,4.000000,4.000000,4.000000,4.000000,4.000000,4.000000,4.000000,4.000000,4.000000,4.000000,4.000000,4.000000,4.000000,4.000000,4.000000,4.000000,4.000000,4.000000,2.000000,4.000000,4.000000,4.000000,4.000000,4.000000,4.000000,4.000000,4.000000,4.000000,4.000000,4.000000,4.000000,4.000000,83.333336
1614076776.515561,83.000000,0.000000,8.501304,-0.558859,-4.627985,4.524423,-5.025311,-0.221145,3.329395,5.176903,3.506746,1.561856,0.251084,6.627413,17.287773,4.832274,16.679676,87.317551,27.334745,51.564144,17.927668,25.082956,18.455492,10.982107,13.700739,14.675790,3.320577,12.914129,18.954435,4.712649,7.212690,5.167852,-0.789866,-8.355536,0.000000,182.000000,4.000000,,,,0.000000,4.000000,4.000000,4.000000,4.000000,4.000000,4.000000,4.000000,4.000000,4.000000,4.000000,4.000000,4.000000,4.000000,4.000000,4.000000,4.000000,4.000000,4.000000,2.000000,4.000000,4.000000,4.000000,4.000000,4.000000,4.000000,4.000000,4.000000,4.000000,4.000000,4.000000,4.000000,4.000000,83.333336
1614076776.523410,84.000000,0.000000,7.467162,1.492982,-4.623357,5.032719,-5.020286,1.317538,2.813245,9.274291,4.016060,2.585935,0.250833,7.646427,17.270485,9.955647,22.304022,93.896904,26.794590,42.794632,14.832816,25.057873,18.949856,11.996766,13.687038,18.763678,2.804436,10.849934,14.832917,4.707936,8.231118,10.290890,-0.789076,-4.757436,0.000000,174.000000,4.000000,,,,0.000000,4.000000,4.000000,4.000000,4.000000,4.000000,4.000000,4.000000,4.000000,4.000000,4.000000,4.000000,4.000000,4.000000,4.000000,4.000000,4.000000,4.000000,4.000000,2.000000,4.000000,4.000000,4.000000,4.000000,4.000000,4.000000,4.000000,4.000000,4.000000,4.000000,4.000000,4.000000,4.000000,83.333336
1614076776.531159,85.000000,0.000000,4.895592,0.978668,-4.618733,3.489225,-4.502445,-0.735062,-1.804953,7.726555,4.012044,2.070529,0.250582,6.613139,14.176291,9.432871,19.717615,63.033775,23.690872,24.803118,11.228239,14.776405,14.315522,11.984770,7.519505,18.744915,3.314452,7.249340,7.125777,1.113485,7.710067,13.870342,-0.788287,-1.162935,0.000000,203.000000,4.000000,,,,0.000000,4.000000,4.000000,4.000000,4.000000,4.000000,4.000000,4.000000,4.000000,4.000000,4.000000,4.000000,4.000000,4.000000,4.000000,4.000000,4.000000,4.000000,4.000000,2.000000,4.000000,4.000000,4.000000,4.000000,4.000000,4.000000,4.000000,4.000000,4.000000,4.000000,4.000000,4.000000,4.000000,83.333336
1614076776.539008,86.000000,0.000000,-0.237509,0.977690,-5.126935,0.921633,-6.036404,-2.785609,-3.854430,5.154726,2.982391,2.068458,0.250332,2.503962,9.546731,4.295233,9.441487,47.073303,11.872310,24.778315,8.652908,2.966757,8.147360,3.767657,-0.693143,10.521041,2.798317,6.216449,-0.060836,-2.990193,5.651075,8.728267,-0.787499,-2.700234,0.000000,197.000000,4.000000,,,,0.000000,4.000000,4.000000,4.000000,4.000000,4.000000,4.000000,4.000000,4.000000,4.000000,4.000000,4.000000,4.000000,4.000000,4.000000,4.000000,4.000000,4.000000,4.000000,2.000000,4.000000,4.000000,4.000000,4.000000,4.000000,4.000000,4.000000,4.000000,4.000000,4.000000,4.000000,4.000000,4.000000,83.333336
1614076776.546757,87.000000,0.000000,-5.365476,0.463892,-4.608988,0.407891,-8.081650,-2.782823,-3.337755,4.636751,4.517870,2.579210,0.250081,-1.088285,9.024364,2.239656,5.842302,68.564690,2.629668,29.368921,5.054512,0.912508,5.575110,-1.877136,-3.256552,-3.335634,3.308339,4.158951,-1.599237,-3.500023,4.106962,5.129795,-1.299532,-6.287277,0.000000,170.000000,4.000000,,,,0.000000,4.000000,4.000000,4.000000,4.000000,4.000000,4.000000,4.000000,4.000000,4.000000,4.000000,4.000000,4.000000,4.000000,4.000000,4.000000,4.000000,4.000000,4.000000,2.000000,4.000000,4.000000,4.000000,4.000000,4.000000,4.000000,4.000000,4.000000,4.000000,4.000000,4.000000,4.000000,4.000000,83.333336
1614076776.554606,88.000000,0.000000,-5.872931,0.976248,-4.091558,0.920304,-9.099209,-2.267220,-3.334417,6.170575,9.128736,2.576631,0.249831,-0.061556,12.092262,3.775878,14.041588,79.265358,10.832167,27.801090,1.972535,3.475698,7.620817,1.201664,-2.227654,-6.409221,6.381954,6.206074,3.017747,-2.983703,8.205420,8.714409,-0.272591,-2.178426,0.000000,182.000000,4.000000,,,,0.000000,4.000000,4.000000,4.000000,4.000000,4.000000,4.000000,4.000000,4.000000,4.000000,4.000000,4.000000,4.000000,4.000000,4.000000,4.000000,4.000000,4.000000,4.000000,2.000000,4.000000,4.000000,4.000000,4.000000,4.000000,4.000000,4.000000,4.000000,4.000000,4.000000,4.000000,4.000000,4.000000,83.333336
1614076776.562355,89.000000,0.000000,-2.790135,0.975272,-6.651569,0.919384,-8.577290,-2.264953,-3.843903,8.215687,11.683711,2.574054,0.762402,2.502608,13.618631,4.797743,15.053187,62.263016,19.539284,27.773289,1.970562,5.010684,10.177299,4.277385,0.338676,7.956162,10.478136,15.430637,9.681396,-2.980719,11.786958,12.808258,2.291784,-1.150606,0.000000,212.000000,4.000000,,,,0.000000,4.000000,4.000000,4.000000,4.000000,4.000000,4.000000,4.000000,4.000000,4.000000,4.000000,4.000000,4.000000,4.000000,4.000000,4.000000,4.000000,4.000000,4.000000,2.000000,4.000000,4.000000,4.000000,4.000000,4.000000,4.000000,4.000000,4.000000,4.000000,4.000000,4.000000,4.000000,4.000000,83.333336
1614076776.570204,90.000000,0.000000,-1.761704,0.461476,-7.157738,0.918464,-8.055892,-2.775508,-3.327239,8.207471,11.672027,2.571480,0.761639,4.038567,13.605013,1.203202,5.294544,56.559727,15.417180,33.899361,4.532694,6.544135,11.705584,9.914133,4.440901,20.255898,11.493299,16.953669,12.235817,-2.977738,11.775170,13.308270,3.315133,-10.380225,0.000000,125.000000,4.000000,,,,0.000000,4.000000,4.000000,4.000000,4.000000,4.000000,4.000000,4.000000,4.000000,4.000000,4.000000,4.000000,4.000000,4.000000,4.000000,4.000000,4.000000,4.000000,4.000000,2.000000,4.000000,4.000000,4.000000,4.000000,4.000000,4.000000,4.000000,4.000000,4.000000,4.000000,4.000000,4.000000,4.000000,83.333336
1614076776.577953,91.000000,0.000000,-2.272763,1.999476,-2.535196,0.917546,-8.560657,-2.259912,-3.323912,4.609520,11.147534,2.568909,0.248057,3.521708,13.078588,-4.439027,0.673865,56.503166,11.299199,26.685976,5.040982,6.024771,10.155416,18.109348,6.487742,20.748463,10.456164,10.782868,10.685120,-2.974761,10.737754,12.782142,2.798997,-9.344204,0.000000,183.000000,4.000000,,,,0.000000,4.000000,4.000000,4.000000,4.000000,4.000000,4.000000,4.000000,4.000000,4.000000,4.000000,4.000000,4.000000,4.000000,4.000000,4.000000,4.000000,4.000000,4.000000,2.000000,4.000000,4.000000,4.000000,4.000000,4.000000,4.000000,4.000000,4.000000,4.000000,4.000000,4.000000,4.000000,4.000000,83.333336
1614076776.585802,92.000000,0.000000,-1.757670,6.612861,-0.481379,0.916628,-8.552095,3.896194,-3.320588,1.527987,11.136387,2.566340,0.247809,3.005366,13.065509,-2.383306,0.160371,42.087688,12.313540,5.633648,5.035941,4.480284,9.632441,12.963033,5.455614,19.189253,10.958529,10.259265,10.674435,-2.971786,11.752658,12.769360,2.796198,3.998474,0.000000,166.000000,4.000000,,,,0.000000,4.000000,4.000000,4.000000,4.000000,4.000000,4.000000,4.000000,4.000000,4.000000,4.000000,4.000000,4.000000,4.000000,4.000000,4.000000,4.000000,4.000000,4.000000,2.000000,4.000000,4.000000,4.000000,4.000000,4.000000,4.000000,4.000000,4.000000,4.000000,4.000000,4.000000,4.000000,4.000000,83.333336
1614076776.593551,93.000000,0.000000,-1.755912,10.195992,-0.480897,1.428532,-8.030724,7.482041,-3.317267,1.526459,12.150891,3.076594,0.760382,4.540822,13.565264,3.772923,2.211492,52.814835,13.839688,15.371605,8.107828,7.039907,12.186911,0.129557,5.962978,19.170063,9.921929,9.736185,12.202222,-2.968814,12.253725,13.782231,2.793402,6.558578,0.000000,203.000000,4.000000,,,,0.000000,4.000000,4.000000,4.000000,4.000000,4.000000,4.000000,4.000000,4.000000,4.000000,4.000000,4.000000,4.000000,4.000000,4.000000,4.000000,4.000000,4.000000,4.000000,2.000000,4.000000,4.000000,4.000000,4.000000,4.000000,4.000000,4.000000,4.000000,4.000000,4.000000,4.000000,4.000000,4.000000,83.333336
1614076776.601200,94.000000,0.000000,-1.241336,6.596053,-0.480416,0.914283,-8.022693,3.884816,-3.313950,1.524933,10.600279,2.560697,-3.855763,2.997819,13.038878,-3.923157,6.824666,77.377403,11.774567,36.381874,5.535618,3.443123,3.456775,-3.973137,5.444195,18.638073,2.732520,3.059782,6.548994,-2.453025,8.651728,13.255629,2.790609,-2.165929,0.000000,199.000000,4.000000,,,,0.000000,4.000000,4.000000,4.000000,4.000000,4.000000,4.000000,4.000000,4.000000,4.000000,4.000000,4.000000,4.000000,4.000000,4.000000,4.000000,4.000000,4.000000,4.000000,2.000000,4.000000,4.000000,4.000000,4.000000,4.000000,4.000000,4.000000,4.000000,4.000000,4.000000,4.000000,4.000000,4.000000,83.333336
1614076776.608949,95.000000,0.000000,-2.265735,-0.077210,-9.710705,-3.189195,-12.117234,1.316828,-3.310636,1.523408,1.358910,-0.005966,-11.031394,-2.133384,9.436096,-15.714106,-2.925749,52.171822,0.993561,9.166005,-7.290431,-12.457756,-13.469759,-3.969163,0.310546,13.491230,-8.039443,-1.558662,-7.303709,-3.989033,2.489230,7.601347,2.787818,-6.266327,0.000000,194.000000,4.000000,,,,0.000000,4.000000,4.000000,4.000000,4.000000,4.000000,4.000000,4.000000,4.000000,4.000000,4.000000,4.000000,4.000000,4.000000,4.000000,4.000000,4.000000,4.000000,4.000000,2.000000,4.000000,4.000000,4.000000,4.000000,4.000000,4.000000,4.000000,4.000000,4.000000,4.000000,4.000000,4.000000,4.000000,83.333336
1614076776.616699,96.000000,0.000000,-3.289111,-3.154056,-22.521507,-6.775750,-15.694860,0.289870,-3.307325,1.521885,-4.283475,-1.544422,-11.020363,-3.669712,9.939480,-7.493264,-11.640772,27.504263,-2.597176,-10.330340,-3.180576,-15.009400,-9.866546,-1.401092,-2.253867,-1.906877,-12.133967,-1.044283,-12.937431,-6.549147,-0.590182,1.439900,2.785030,-9.849805,8064.000000,0.000000,4.000000,,,,0.000000,4.000000,4.000000,4.000000,4.000000,4.000000,4.000000,4.000000,4.000000,4.000000,4.000000,4.000000,4.000000,4.000000,4.000000,4.000000,4.000000,4.000000,4.000000,2.000000,4.000000,4.000000,4.000000,4.000000,4.000000,4.000000,4.000000,4.000000,4.000000,4.000000,4.000000,4.000000,4.000000,83.333336
1614076776.624448,97.000000,0.000000,0.816743,-2.638082,-23.524628,-6.768974,-16.191986,-3.812984,-3.304018,1.520363,-1.715089,-1.030057,-5.368317,-1.101939,17.109028,9.437306,8.370869,60.297272,12.790037,22.500502,20.925169,7.569711,12.194603,9.369540,0.312489,-10.622918,-8.019270,-0.530418,-4.719366,-7.055418,0.436049,0.925639,2.782245,-15.480981,8064.000000,0.000000,4.000000,,,,0.000000,4.000000,4.000000,4.000000,4.000000,4.000000,4.000000,4.000000,4.000000,4.000000,4.000000,4.000000,4.000000,4.000000,4.000000,4.000000,4.000000,4.000000,4.000000,2.000000,4.000000,4.000000,4.000000,4.000000,4.000000,4.000000,4.000000,4.000000,4.000000,4.000000,4.000000,4.000000,4.000000,83.333336
1614076776.632097,98.000000,0.000000,4.405670,-2.635443,-17.347256,-5.736564,-15.662973,-6.886094,-3.300714,1.518842,0.850729,-1.029027,-2.798846,0.437624,20.168842,15.581716,21.183010,91.006203,22.008017,38.375439,22.442705,20.382654,23.464460,14.488376,2.363459,1.695397,-2.883045,-1.042708,2.977662,-6.535542,0.435613,1.950355,2.779463,-17.003962,8064.000000,0.000000,4.000000,,,,0.000000,4.000000,4.000000,4.000000,4.000000,4.000000,4.000000,4.000000,4.000000,4.000000,4.000000,4.000000,4.000000,4.000000,4.000000,4.000000,4.000000,4.000000,4.000000,2.000000,4.000000,4.000000,4.000000,4.000000,4.000000,4.000000,4.000000,4.000000,4.000000,4.000000,4.000000,4.000000,4.000000,83.333336
1614076776.639846,99.000000,0.000000,1.324341,-3.145628,-14.765806,-6.756469,-15.647310,-6.366387,-3.297413,1.517323,-0.175763,-1.540818,-3.821688,-0.588455,17.584570,14.027672,8.854136,68.863914,14.806520,14.747319,3.958724,11.131502,21.902534,11.396964,1.335454,12.975753,-0.316060,-1.041666,3.487504,-7.041827,-0.077643,1.948404,2.776684,-15.961316,8064.000000,0.000000,4.000000,,,,0.000000,4.000000,4.000000,4.000000,4.000000,4.000000,4.000000,4.000000,4.000000,4.000000,4.000000,4.000000,4.000000,4.000000,4.000000,4.000000,4.000000,4.000000,4.000000,2.000000,4.000000,4.000000,4.000000,4.000000,4.000000,4.000000,4.000000,4.000000,4.000000,4.000000,4.000000,4.000000,4.000000,83.333336
1614076776.647495,100.000000,0.000000,4.912760,-2.629663,-13.725399,-6.749712,-13.067560,-5.847200,-3.294116,1.515806,-0.175587,-1.539278,-3.305046,-0.587866,16.541346,9.911080,8.332461,55.461720,11.201971,20.373598,4.980406,9.069089,17.265247,12.411208,1.334119,11.424315,1.735538,-0.527803,3.484017,-6.521965,0.435255,4.510559,2.773907,-13.894073,8064.000000,0.000000,4.000000,,,,0.000000,4.000000,4.000000,4.000000,4.000000,4.000000,4.000000,4.000000,4.000000,4.000000,4.000000,4.000000,4.000000,4.000000,4.000000,4.000000,4.000000,4.000000,4.000000,2.000000,4.000000,4.000000,4.000000,4.000000,4.000000,4.000000,4.000000,4.000000,4.000000,4.000000,4.000000,4.000000,4.000000,83.333336
1614076776.655244,101.000000,0.000000,11.061693,-2.627033,-11.660392,-5.717321,-11.516031,-3.790071,-3.803642,1.001470,0.337409,-1.024918,-2.788921,-0.074458,17.550446,2.721682,9.862590,52.842155,12.729230,28.558352,10.616451,13.162584,13.145417,10.347515,1.845605,11.925712,4.297905,-0.527276,4.506174,-3.951340,0.434820,5.531689,2.771133,-11.316076,8064.000000,0.000000,4.000000,,,,0.000000,4.000000,4.000000,4.000000,4.000000,4.000000,4.000000,4.000000,4.000000,4.000000,4.000000,4.000000,4.000000,4.000000,4.000000,4.000000,4.000000,4.000000,4.000000,2.000000,4.000000,4.000000,4.000000,4.000000,4.000000,4.000000,4.000000,4.000000,4.000000,4.000000,4.000000,4.000000,4.000000,83.333336
1614076776.662893,102.000000,0.000000,4.896786,-2.624406,-11.135911,-7.762886,-11.504516,-2.760640,-3.287018,2.026109,0.337071,-1.536713,-3.298952,-0.074383,17.532894,-1.383604,-5.019067,36.379059,10.152398,4.427229,2.400707,4.431473,10.568169,0.593578,1.330939,10.888144,3.267967,-0.526748,3.988847,-2.408927,-0.078435,5.526157,2.768362,-13.356042,8064.000000,0.000000,4.000000,,,,0.000000,4.000000,4.000000,4.000000,4.000000,4.000000,4.000000,4.000000,4.000000,4.000000,4.000000,4.000000,4.000000,4.000000,4.000000,4.000000,4.000000,4.000000,4.000000,2.000000,4.000000,4.000000,4.000000,4.000000,4.000000,4.000000,4.000000,4.000000,4.000000,4.000000,4.000000,4.000000,4.000000,83.333336
1614076776.670642,103.000000,0.000000,3.866248,-2.621781,-11.124775,-12.883328,-12.005832,-5.834802,-3.283731,4.588186,0.336734,0.003285,-3.295653,-0.587129,17.002541,0.156242,-2.962766,42.496525,10.655066,5.448443,4.962409,3.914221,9.531960,6.746830,2.355249,2.159308,-2.889148,-0.526222,3.984858,-2.919339,0.434463,5.520631,2.765594,-15.393968,8064.000000,0.000000,4.000000,,,,0.000000,4.000000,4.000000,4.000000,4.000000,4.000000,4.000000,4.000000,4.000000,4.000000,4.000000,4.000000,4.000000,4.000000,4.000000,4.000000,4.000000,4.000000,4.000000,2.000000,4.000000,4.000000,4.000000,4.000000,4.000000,4.000000,4.000000,4.000000,4.000000,4.000000,4.000000,4.000000,4.000000,83.333336
1614076776.678292,104.000000,0.000000,11.554689,-2.619159,-12.139292,-13.896086,-11.481005,-5.316147,-3.793268,5.609239,0.336398,5.644307,-2.779537,1.464740,16.985538,4.771470,14.476094,67.069412,15.772616,32.109661,20.342062,22.371845,12.599351,22.637520,4.916996,-1.432595,-3.399079,-0.525695,3.980874,-2.916420,0.434029,5.515110,2.762828,-8.199087,8064.000000,0.000000,4.000000,,,,0.000000,4.000000,4.000000,4.000000,4.000000,4.000000,4.000000,4.000000,4.000000,4.000000,4.000000,4.000000,4.000000,4.000000,4.000000,4.000000,4.000000,4.000000,4.000000,2.000000,4.000000,4.000000,4.000000,4.000000,4.000000,4.000000,4.000000,4.000000,4.000000,4.000000,4.000000,4.000000,4.000000,83.333336
1614076776.686041,105.000000,0.000000,2.312365,-2.616540,-10.588691,-11.318088,-9.931063,-2.233908,-0.712551,5.090809,2.387343,9.228407,-3.289578,3.514557,16.968554,7.330801,17.025721,72.643372,17.295305,36.692936,20.834539,26.964857,17.714956,17.486677,5.937720,3.697043,4.296628,-0.525170,-0.125671,-2.913503,-0.079226,6.022416,2.760065,-0.498580,8064.000000,0.000000,4.000000,,,,0.000000,4.000000,4.000000,4.000000,4.000000,4.000000,4.000000,4.000000,4.000000,4.000000,4.000000,4.000000,4.000000,4.000000,4.000000,4.000000,4.000000,4.000000,4.000000,2.000000,4.000000,4.000000,4.000000,4.000000,4.000000,4.000000,4.000000,4.000000,4.000000,4.000000,4.000000,4.000000,4.000000,83.333336
1614076776.693690,106.000000,0.000000,-9.997640,-2.613924,-5.962717,-9.255487,-7.869849,-1.718853,3.390725,5.085718,4.436238,10.244820,-3.286288,4.023863,16.951584,7.323470,12.393310,65.391235,16.252369,27.938295,13.634218,15.143021,15.645960,0.033293,5.418962,5.744628,8.394896,-0.524644,-4.228110,-2.910590,0.946495,8.580496,2.757305,0.014739,8064.000000,0.000000,4.000000,,,,0.000000,4.000000,4.000000,4.000000,4.000000,4.000000,4.000000,4.000000,4.000000,4.000000,4.000000,4.000000,4.000000,4.000000,4.000000,4.000000,4.000000,4.000000,4.000000,2.000000,4.000000,4.000000,4.000000,4.000000,4.000000,4.000000,4.000000,4.000000,4.000000,4.000000,4.000000,4.000000,4.000000,83.333336
1614076776.701439,107.000000,0.000000,-0.756873,-2.611310,-3.392652,-9.759052,-7.861979,-2.742775,2.874514,5.080632,3.918981,10.747395,-2.770182,3.507019,14.883350,4.239224,6.739891,53.018154,13.672014,20.218048,14.133405,12.050955,8.450827,-4.069304,5.926364,4.200421,5.309577,-0.524120,-3.198241,-2.907679,3.509651,10.110377,3.267368,-0.498096,8064.000000,0.000000,4.000000,,,,0.000000,4.000000,4.000000,4.000000,4.000000,4.000000,4.000000,4.000000,4.000000,4.000000,4.000000,4.000000,4.000000,4.000000,4.000000,4.000000,4.000000,4.000000,4.000000,2.000000,4.000000,4.000000,4.000000,4.000000,4.000000,4.000000,4.000000,4.000000,4.000000,4.000000,4.000000,4.000000,4.000000,83.333336
1614076776.709088,108.000000,0.000000,5.397730,-3.121519,-3.902080,-9.749293,-7.854117,-2.227212,0.307537,2.511449,1.350960,5.608442,-3.280232,3.503512,12.817185,-0.380400,-3.523259,46.811291,8.017317,8.915779,10.016706,14.090186,5.878273,-3.039594,5.920437,4.709042,3.252986,-0.523596,-0.118119,-2.904771,4.531782,7.023344,3.264101,0.015222,8064.000000,0.000000,4.000000,,,,0.000000,4.000000,4.000000,4.000000,4.000000,4.000000,4.000000,4.000000,4.000000,4.000000,4.000000,4.000000,4.000000,4.000000,4.000000,4.000000,4.000000,4.000000,4.000000,2.000000,4.000000,4.000000,4.000000,4.000000,4.000000,4.000000,4.000000,4.000000,4.000000,4.000000,4.000000,4.000000,4.000000,83.333336
1614076776.716837,109.000000,0.000000,-1.787154,-2.092757,-4.410998,-9.226724,-8.359084,-1.712164,0.307229,1.483297,0.323968,-3.115115,-7.379516,4.012829,13.317188,-4.995404,-5.571018,52.918324,4.932376,-1.862367,-3.326643,7.922250,7.410857,-2.523734,3.863235,5.217153,2.224092,-0.523072,-0.118001,-3.414687,4.014430,2.400936,2.748016,-2.036075,8064.000000,0.000000,4.000000,,,,0.000000,4.000000,4.000000,4.000000,4.000000,4.000000,4.000000,4.000000,4.000000,4.000000,4.000000,4.000000,4.000000,4.000000,4.000000,4.000000,4.000000,4.000000,4.000000,2.000000,4.000000,4.000000,4.000000,4.000000,4.000000,4.000000,4.000000,4.000000,4.000000,4.000000,4.000000,4.000000,4.000000,83.333336
1614076776.724486,110.000000,0.000000,3.342838,0.473439,-3.893767,-9.217497,-7.325084,-2.223273,0.819743,0.968993,0.323644,-5.163282,-10.961880,4.008816,13.303871,-9.605794,-3.514165,38.506432,4.927444,-9.039992,-9.989984,6.888686,7.916266,6.709559,1.808090,5.211936,0.170586,-0.522549,-0.117883,-2.898452,4.010416,1.372894,3.258089,-3.572500,8064.000000,0.000000,4.000000,,,,0.000000,4.000000,4.000000,4.000000,4.000000,4.000000,4.000000,4.000000,4.000000,4.000000,4.000000,4.000000,4.000000,4.000000,4.000000,4.000000,4.000000,4.000000,4.000000,2.000000,4.000000,4.000000,4.000000,4.000000,4.000000,4.000000,4.000000,4.000000,4.000000,4.000000,4.000000,4.000000,4.000000,83.333336
1614076776.732235,111.000000,0.000000,15.647187,1.498606,-3.889873,-9.721100,-8.343400,-2.221050,0.306102,2.506485,0.323320,-4.132477,-11.463738,2.979166,12.264926,-11.647470,-1.972189,24.108952,7.999440,-0.825824,-6.903070,14.061285,6.882709,12.343875,1.293461,4.693903,-0.342406,-0.009206,-0.117765,-0.331451,4.006405,2.397162,3.254831,-5.620210,8064.000000,0.000000,4.000000,,,,0.000000,4.000000,4.000000,4.000000,4.000000,4.000000,4.000000,4.000000,4.000000,4.000000,4.000000,4.000000,4.000000,4.000000,4.000000,4.000000,4.000000,4.000000,4.000000,2.000000,4.000000,4.000000,4.000000,4.000000,4.000000,4.000000,4.000000,4.000000,4.000000,4.000000,4.000000,4.000000,4.000000,83.333336
1614076776.739885,112.000000,0.000000,18.195642,0.984287,-5.424445,-9.711379,-15.001723,-1.706008,0.305796,4.555261,0.322997,-6.692448,-10.426634,3.489007,13.791123,-10.610181,6.747732,56.392536,12.606825,25.328848,-3.306423,15.072865,4.824544,4.126403,1.292168,5.202030,-1.880525,-2.060479,-1.143289,0.694522,4.002398,2.394765,-0.850988,-11.768435,8064.000000,0.000000,4.000000,,,,0.000000,4.000000,4.000000,4.000000,4.000000,4.000000,4.000000,4.000000,4.000000,4.000000,4.000000,4.000000,4.000000,4.000000,4.000000,4.000000,4.000000,4.000000,4.000000,2.000000,4.000000,4.000000,4.000000,4.000000,4.000000,4.000000,4.000000,4.000000,4.000000,4.000000,4.000000,4.000000,4.000000,83.333336
1614076776.747734,113.000000,0.000000,16.126165,0.983303,-9.521585,-9.188847,-19.602106,-2.729943,0.305491,5.063526,0.322674,-7.711396,-11.441848,3.998339,12.238871,-15.214955,-0.438503,65.054092,11.568577,22.739416,-1.251835,9.929586,7.896643,-3.057211,2.316516,4.684008,-4.955567,-4.109700,-0.116504,1.206648,3.998396,-1.710194,-4.439881,-15.346411,8064.000000,0.000000,4.000000,,,,0.000000,4.000000,4.000000,4.000000,4.000000,4.000000,4.000000,4.000000,4.000000,4.000000,4.000000,4.000000,4.000000,4.000000,4.000000,4.000000,4.000000,4.000000,4.000000,2.000000,4.000000,4.000000,4.000000,4.000000,4.000000,4.000000,4.000000,4.000000,4.000000,4.000000,4.000000,4.000000,4.000000,83.333336
1614076776.755483,114.000000,0.000000,12.520295,0.982320,-12.076165,-10.718120,-19.069683,-4.778495,0.305185,3.007181,0.322351,-10.780608,-18.609894,0.404597,4.534324,-25.456152,-31.207294,32.681347,4.377521,-9.591015,0.287878,-0.849574,7.375926,-3.054154,-0.249903,1.089580,-7.001894,-3.592770,-2.167670,0.692620,3.994398,-7.349510,-4.435441,-16.869526,8064.000000,0.000000,4.000000,,,,0.000000,4.000000,4.000000,4.000000,4.000000,4.000000,4.000000,4.000000,4.000000,4.000000,4.000000,4.000000,4.000000,4.000000,4.000000,4.000000,4.000000,4.000000,4.000000,2.000000,4.000000,4.000000,4.000000,4.000000,4.000000,4.000000,4.000000,4.000000,4.000000,4.000000,4.000000,4.000000,4.000000,83.333336
1614076776.763332,115.000000,0.000000,7.379570,0.981337,-12.064089,-13.784325,-20.076254,-5.799357,0.817700,1.978533,0.322029,-17.949314,-23.206669,-4.724013,0.940046,-25.943516,-38.355576,22.392254,0.270579,-20.350655,-0.738051,-14.694878,-8.016066,-3.051100,-5.377858,-3.526894,-8.020533,-5.640460,-10.883451,-2.897816,3.990403,-9.393442,-6.995108,-22.493683,8064.000000,0.000000,4.000000,,,,0.000000,4.000000,4.000000,4.000000,4.000000,4.000000,4.000000,4.000000,4.000000,4.000000,4.000000,4.000000,4.000000,4.000000,4.000000,4.000000,4.000000,4.000000,4.000000,2.000000,4.000000,4.000000,4.000000,4.000000,4.000000,4.000000,4.000000,4.000000,4.000000,4.000000,4.000000,4.000000,4.000000,83.333336
1614076776.771081,116.000000,0.000000,4.808088,0.980356,-10.000743,-13.257719,-18.004896,-5.793558,0.816883,0.438092,0.834527,-16.392904,-8.824488,1.434557,7.605772,-16.173983,-13.189014,55.190372,5.398514,12.490209,-1.250133,-9.039158,-12.623434,1.054516,-2.808378,-7.113111,-7.499692,-7.686101,-10.872567,-6.484662,3.986413,-8.871228,-9.039395,-19.907085,8064.000000,0.000000,4.000000,,,,0.000000,4.000000,4.000000,4.000000,4.000000,4.000000,4.000000,4.000000,4.000000,4.000000,4.000000,4.000000,4.000000,4.000000,4.000000,4.000000,4.000000,4.000000,4.000000,2.000000,4.000000,4.000000,4.000000,4.000000,4.000000,4.000000,4.000000,4.000000,4.000000,4.000000,4.000000,4.000000,4.000000,83.333336
1614076776.778930,117.000000,0.000000,5.316100,0.979376,-6.400999,-8.116257,-8.756123,-5.274944,0.303245,1.976116,0.320872,-7.145741,8.107414,11.689533,13.752013,-7.952680,1.183149,63.340313,14.111064,28.887976,5.417784,15.072446,7.902009,13.361154,8.476482,-6.080357,-1.338346,-3.063030,7.087023,-4.939715,3.982427,-8.349536,-5.440612,-10.143589,8064.000000,0.000000,4.000000,,,,0.000000,4.000000,4.000000,4.000000,4.000000,4.000000,4.000000,4.000000,4.000000,4.000000,4.000000,4.000000,4.000000,4.000000,4.000000,4.000000,4.000000,4.000000,4.000000,2.000000,4.000000,4.000000,4.000000,4.000000,4.000000,4.000000,4.000000,4.000000,4.000000,4.000000,4.000000,4.000000,4.000000,83.333336
1614076776.786679,118.000000,0.000000,5.823605,0.978396,-3.830495,-5.544038,-5.157622,-5.782490,0.302942,5.051063,0.320551,-3.548852,3.996743,8.600921,13.738261,-4.867804,-2.407778,30.969278,17.686697,4.756523,7.976469,20.185579,18.150518,16.937536,14.621852,1.618031,4.816839,0.529776,20.413269,-2.370673,4.491265,-9.366828,-5.435172,-9.107804,8064.000000,0.000000,4.000000,,,,0.000000,4.000000,4.000000,4.000000,4.000000,4.000000,4.000000,4.000000,4.000000,4.000000,4.000000,4.000000,4.000000,4.000000,4.000000,4.000000,4.000000,4.000000,4.000000,2.000000,4.000000,4.000000,4.000000,4.000000,4.000000,4.000000,4.000000,4.000000,4.000000,4.000000,4.000000,4.000000,4.000000,83.333336
1614076776.794528,119.000000,0.000000,4.279319,0.977418,-4.339485,-6.051314,-10.280670,-9.366451,-1.235822,1.456268,0.833051,-4.570944,-6.776485,-4.228193,12.186061,-3.324475,-3.943832,30.938311,13.053625,-9.607208,-5.877662,3.242316,1.722111,2.048804,9.991845,8.795900,1.735099,-4.598958,15.777472,-2.881123,3.973953,-8.844641,-10.557941,-15.252542,8064.000000,0.000000,4.000000,,,,0.000000,4.000000,4.000000,4.000000,4.000000,4.000000,4.000000,4.000000,4.000000,4.000000,4.000000,4.000000,4.000000,4.000000,4.000000,4.000000,4.000000,4.000000,4.000000,2.000000,4.000000,4.000000,4.000000,4.000000,4.000000,4.000000,4.000000,4.000000,4.000000,4.000000,4.000000,4.000000,4.000000,83.333336
1614076776.802277,120.000000,0.000000,-0.340345,-1.074842,-4.335145,-6.045263,-11.808851,-12.946828,-5.849971,-5.211855,-1.219064,-4.566373,-7.282529,-8.839350,8.584131,-2.808330,-3.939888,52.445831,5.861084,1.684451,-12.538450,-5.991695,-9.561663,-11.286578,2.802366,8.787105,-6.471765,-7.158462,8.069386,-3.391062,3.969979,-8.322975,-11.573025,-15.750111,8064.000000,0.000000,4.000000,,,,0.000000,4.000000,4.000000,4.000000,4.000000,4.000000,4.000000,4.000000,4.000000,4.000000,4.000000,4.000000,4.000000,4.000000,4.000000,4.000000,4.000000,4.000000,4.000000,2.000000,4.000000,4.000000,4.000000,4.000000,4.000000,4.000000,4.000000,4.000000,4.000000,4.000000,4.000000,4.000000,4.000000,83.333336
1614076776.810126,121.000000,0.000000,-2.904107,-2.612228,-3.817990,-5.526397,-12.822683,-13.446702,-10.459506,-1.616899,-6.346050,-7.638730,-5.223964,-6.779228,5.498624,-5.369624,-4.448769,46.239540,1.752659,3.221228,-1.243861,-4.960063,-7.500819,-7.685548,-1.815821,6.214215,-8.003755,-4.587201,8.061316,-2.874851,4.991650,-10.878755,-8.484529,-14.195899,8064.000000,0.000000,4.000000,,,,0.000000,4.000000,4.000000,4.000000,4.000000,4.000000,4.000000,4.000000,4.000000,4.000000,4.000000,4.000000,4.000000,4.000000,4.000000,4.000000,4.000000,4.000000,4.000000,2.000000,4.000000,4.000000,4.000000,4.000000,4.000000,4.000000,4.000000,4.000000,4.000000,4.000000,4.000000,4.000000,4.000000,83.333336
1614076776.817875,122.000000,0.000000,-1.875562,-2.609616,-4.326993,-6.033691,-15.373963,-12.920434,-9.423406,6.077025,-8.390985,-8.656733,-7.270022,-7.285270,4.980305,-9.466819,-6.495602,34.911251,1.238086,-10.115327,0.295844,-4.442282,-9.031779,-2.549658,-2.839646,4.669539,-7.482930,-6.633896,7.027615,-2.871976,1.909735,-15.483261,-7.450403,-15.207344,8064.000000,0.000000,4.000000,,,,0.000000,4.000000,4.000000,4.000000,4.000000,4.000000,4.000000,4.000000,4.000000,4.000000,4.000000,4.000000,4.000000,4.000000,4.000000,4.000000,4.000000,4.000000,4.000000,2.000000,4.000000,4.000000,4.000000,4.000000,4.000000,4.000000,4.000000,4.000000,4.000000,4.000000,4.000000,4.000000,4.000000,83.333336
1614076776.825724,123.000000,0.000000,-1.873686,-2.607007,-4.322666,-6.027658,-12.794486,-12.907514,-6.849879,5.045307,-6.331313,-5.058332,-7.262753,-8.816446,5.488145,-12.534275,-12.130132,36.414799,1.236848,-11.130853,-17.140348,-5.976302,-12.612492,-5.624031,-1.811165,2.613588,-9.526730,-11.242647,0.866741,-2.869104,-2.707559,-17.519060,-8.468594,-15.704958,8064.000000,0.000000,4.000000,,,,0.000000,4.000000,4.000000,4.000000,4.000000,4.000000,4.000000,4.000000,4.000000,4.000000,4.000000,4.000000,4.000000,4.000000,4.000000,4.000000,4.000000,4.000000,4.000000,2.000000,4.000000,4.000000,4.000000,4.000000,4.000000,4.000000,4.000000,4.000000,4.000000,4.000000,4.000000,4.000000,4.000000,83.333336
1614076776.833473,124.000000,0.000000,-2.384633,-2.604399,-4.318343,-6.021630,-8.679128,-12.894607,-6.843029,0.937698,-4.273699,-6.078915,-7.255490,-7.269168,5.482657,-12.008920,-9.553899,43.045052,0.209970,-5.991517,-21.738594,-9.047248,-13.112700,-7.156868,-3.347816,1.585333,-12.081306,-12.257045,-4.262331,-2.866235,-4.243313,-15.450258,-7.947304,-15.176432,8064.000000,0.000000,4.000000,,,,0.000000,4.000000,4.000000,4.000000,4.000000,4.000000,4.000000,4.000000,4.000000,4.000000,4.000000,4.000000,4.000000,4.000000,4.000000,4.000000,4.000000,4.000000,4.000000,2.000000,4.000000,4.000000,4.000000,4.000000,4.000000,4.000000,4.000000,4.000000,4.000000,4.000000,4.000000,4.000000,4.000000,83.333336
1614076776.841122,125.000000,0.000000,-1.869428,-2.601795,-4.314024,-6.015608,-8.157628,-12.881712,-7.349007,1.449581,-3.243785,-3.508733,-6.222593,-7.774719,4.964354,-6.868706,-0.313576,55.309700,1.235401,-1.370141,0.334428,-8.012560,-8.484202,-6.636891,-6.421391,-1.493176,-12.582045,-11.731968,-5.283710,-2.863369,-3.726249,-11.332244,-7.426537,-15.161256,8064.000000,0.000000,4.000000,,,,0.000000,4.000000,4.000000,4.000000,4.000000,4.000000,4.000000,4.000000,4.000000,4.000000,4.000000,4.000000,4.000000,4.000000,4.000000,4.000000,4.000000,4.000000,4.000000,2.000000,4.000000,4.000000,4.000000,4.000000,4.000000,4.000000,4.000000,4.000000,4.000000,4.000000,4.000000,4.000000,4.000000,83.333336
1614076776.848871,126.000000,0.000000,-2.380379,-4.137655,-4.309711,-6.009593,-3.534086,-12.868830,-6.828837,2.986593,-0.676438,7.776827,-4.165089,-7.766944,7.523492,3.394573,3.276481,68.074905,2.772628,22.733793,22.898195,0.713401,4.857615,-7.655895,-3.338046,-7.132708,-7.441257,-9.668954,-2.714324,-2.860505,-3.209702,-8.243989,-7.931931,-15.146094,8064.000000,0.000000,4.000000,,,,0.000000,4.000000,4.000000,4.000000,4.000000,4.000000,4.000000,4.000000,4.000000,4.000000,4.000000,4.000000,4.000000,4.000000,4.000000,4.000000,4.000000,4.000000,4.000000,2.000000,4.000000,4.000000,4.000000,4.000000,4.000000,4.000000,4.000000,4.000000,4.000000,4.000000,4.000000,4.000000,4.000000,83.333336
1614076776.856520,127.000000,0.000000,-1.865178,-6.184799,-4.305401,-6.003583,3.136115,-12.855962,-6.822009,0.419503,0.862700,15.461358,-3.135282,-2.630972,15.208277,13.647589,6.350128,76.724777,3.795496,46.813625,25.952221,8.917816,17.673271,1.582530,6.408882,-3.535832,0.771312,-2.992618,3.442237,-2.857645,-3.206493,-5.671642,-7.923999,-15.130948,8064.000000,0.000000,4.000000,,,,0.000000,4.000000,4.000000,4.000000,4.000000,4.000000,4.000000,4.000000,4.000000,4.000000,4.000000,4.000000,4.000000,4.000000,4.000000,4.000000,4.000000,4.000000,4.000000,2.000000,4.000000,4.000000,4.000000,4.000000,4.000000,4.000000,4.000000,4.000000,4.000000,4.000000,4.000000,4.000000,4.000000,83.333336
1614076776.864270,0.000000,0.000000,0.700790,-6.178615,-4.301095,-5.997580,3.645799,-12.843105,-6.815187,1.957546,0.349016,13.907434,-0.568044,5.576787,19.808453,19.274967,11.471983,80.237793,11.484008,43.177067,19.772423,13.011462,19.194059,17.478384,15.120421,10.313858,4.873105,0.600118,9.592641,-2.854787,-4.228927,-4.640329,-7.916075,-15.115817,0.000000,191.000000,4.000000,,,,0.000000,4.000000,4.000000,4.000000,4.000000,4.000000,4.000000,4.000000,4.000000,4.000000,4.000000,4.000000,4.000000,4.000000,4.000000,4.000000,4.000000,4.000000,4.000000,2.000000,4.000000,4.000000,4.000000,4.000000,4.000000,4.000000,4.000000,4.000000,4.000000,4.000000,4.000000,4.000000,4.000000,83.333336
1614076776.871919,1.000000,0.000000,2.238550,-6.685256,-4.296794,-5.991582,2.616513,-12.830262,-4.757090,8.109434,1.374308,13.380707,1.483806,9.160954,21.839926,17.204411,15.563075,67.849869,23.267395,39.031326,23.342394,18.126656,19.174866,23.101931,17.669403,16.970211,4.355412,-0.426123,12.147151,-2.851932,-2.686237,-4.635689,-7.908159,-15.100701,0.000000,187.000000,4.000000,,,,0.000000,4.000000,4.000000,4.000000,4.000000,4.000000,4.000000,4.000000,4.000000,4.000000,4.000000,4.000000,4.000000,4.000000,4.000000,4.000000,4.000000,4.000000,4.000000,2.000000,4.000000,4.000000,4.000000,4.000000,4.000000,4.000000,4.000000,4.000000,4.000000,4.000000,4.000000,4.000000,4.000000,83.333336
1614076776.879668,2.000000,0.000000,2.236312,-5.652930,-4.292498,-5.985590,3.126716,-12.817432,-2.701050,6.050043,3.937037,12.854506,-2.620242,6.074870,19.766804,10.007718,14.521871,46.243553,22.218487,33.351269,22.293409,15.544427,16.591587,16.412161,16.113272,15.927600,3.838236,0.087124,12.135004,-2.849080,2.444654,-5.143874,-7.900250,-16.111242,0.000000,199.000000,4.000000,,,,0.000000,4.000000,4.000000,4.000000,4.000000,4.000000,4.000000,4.000000,4.000000,4.000000,4.000000,4.000000,4.000000,4.000000,4.000000,4.000000,4.000000,4.000000,4.000000,2.000000,4.000000,4.000000,4.000000,4.000000,4.000000,4.000000,4.000000,4.000000,4.000000,4.000000,4.000000,4.000000,4.000000,83.333336
1614076776.887317,3.000000,0.000000,2.234076,-3.083174,-4.288205,-5.979605,3.123590,-12.804615,-3.211170,-3.699597,2.907459,8.739087,-9.284288,0.427769,4.875243,0.254121,-0.877266,34.915260,5.786013,1.010225,-3.882730,2.195549,3.241663,3.575237,10.456134,16.937313,4.860038,0.087037,8.020305,-2.846231,3.980671,-5.138730,-7.892350,-15.069489,0.000000,181.000000,4.000000,,,,0.000000,4.000000,4.000000,4.000000,4.000000,4.000000,4.000000,4.000000,4.000000,4.000000,4.000000,4.000000,4.000000,4.000000,4.000000,4.000000,4.000000,4.000000,4.000000,2.000000,4.000000,4.000000,4.000000,4.000000,4.000000,4.000000,4.000000,4.000000,4.000000,4.000000,4.000000,4.000000,4.000000,83.333336
1614076776.895066,4.000000,0.000000,0.180560,-2.567271,-4.283917,-6.486446,3.120466,-12.791810,-3.207958,-6.260000,0.853269,5.653425,-10.813466,-3.675223,-8.975786,-9.489723,-18.825108,34.367523,-5.501825,-27.708735,-22.853207,-4.986134,-8.043631,-10.787313,2.753370,14.869094,4.342358,-0.425871,2.371258,-2.843385,0.899768,-5.133592,-7.884458,-12.490317,0.000000,184.000000,4.000000,,,,0.000000,4.000000,4.000000,4.000000,4.000000,4.000000,4.000000,4.000000,4.000000,4.000000,4.000000,4.000000,4.000000,4.000000,4.000000,4.000000,4.000000,4.000000,4.000000,2.000000,4.000000,4.000000,4.000000,4.000000,4.000000,4.000000,4.000000,4.000000,4.000000,4.000000,4.000000,4.000000,4.000000,83.333336
1614076776.902715,5.000000,0.000000,-1.870903,-2.564704,-4.279633,-5.967139,1.578884,-12.779018,-3.204751,-1.638355,0.339595,5.647771,-9.777012,-4.184368,-4.864247,-15.634080,-18.806282,33.820335,-6.009143,-8.193846,-8.984199,-5.493968,-8.548408,-18.981653,-1.864768,7.161917,-1.815831,0.087375,-0.195215,-2.327721,-0.126773,-5.128458,-7.876574,-11.965007,0.000000,211.000000,4.000000,,,,0.000000,4.000000,4.000000,4.000000,4.000000,4.000000,4.000000,4.000000,4.000000,4.000000,4.000000,4.000000,4.000000,4.000000,4.000000,4.000000,4.000000,4.000000,4.000000,2.000000,4.000000,4.000000,4.000000,4.000000,4.000000,4.000000,4.000000,4.000000,4.000000,4.000000,4.000000,4.000000,4.000000,83.333336
1614076776.910464,6.000000,0.000000,-2.381853,-2.562139,-4.788174,-3.397069,-0.986797,-13.279059,-3.201546,-2.149538,-0.173565,6.154944,-10.280055,-3.667363,3.345746,-15.618445,-18.274654,32.760876,-5.490314,5.147682,3.332478,-13.180782,-7.514218,-18.962671,-4.427006,-2.076014,-11.044785,-1.451173,-4.810405,-4.376676,0.898995,-5.123330,-8.381517,-9.901760,0.000000,172.000000,4.000000,,,,0.000000,4.000000,4.000000,4.000000,4.000000,4.000000,4.000000,4.000000,4.000000,4.000000,4.000000,4.000000,4.000000,4.000000,4.000000,4.000000,4.000000,4.000000,4.000000,2.000000,4.000000,4.000000,4.000000,4.000000,4.000000,4.000000,4.000000,4.000000,4.000000,4.000000,4.000000,4.000000,4.000000,83.333336
1614076776.918114,7.000000,0.000000,-3.917932,-2.559577,-3.757745,-2.368031,-1.498631,-12.752960,-3.711165,-3.685850,0.852250,5.635969,-10.782596,-4.689337,0.778298,-15.090007,-29.538431,33.753754,-7.536106,-1.524133,-4.875983,-22.398371,-9.045165,-19.456530,-6.986681,-12.843169,-16.161945,-6.577928,-13.523543,-6.936401,0.385275,-5.118206,-7.347495,-3.225191,0.000000,139.000000,4.000000,,,,0.000000,4.000000,4.000000,2.000000,4.000000,4.000000,4.000000,4.000000,4.000000,4.000000,4.000000,4.000000,4.000000,4.000000,4.000000,4.000000,4.000000,4.000000,4.000000,2.000000,4.000000,4.000000,4.000000,4.000000,4.000000,4.000000,4.000000,4.000000,4.000000,4.000000,4.000000,4.000000,4.000000,66.666664
1614076776.925863,8.000000,0.000000,-5.452476,-2.557017,-1.702705,-2.365663,-0.984312,-9.150463,-3.707454,-1.118061,5.979603,5.630333,-10.258992,-4.171827,-2.299404,-15.587737,-28.996073,36.796925,-7.015749,7.708160,-9.486491,-19.811869,-9.036120,-18.924253,-5.954054,-18.471352,-15.120141,-8.109811,-16.074121,-6.416645,0.384890,-5.113088,-4.776045,0.880598,0.000000,198.000000,4.000000,,,,0.000000,4.000000,4.000000,2.000000,4.000000,4.000000,4.000000,4.000000,4.000000,4.000000,4.000000,4.000000,4.000000,4.000000,4.000000,4.000000,4.000000,4.000000,4.000000,2.000000,4.000000,4.000000,4.000000,4.000000,4.000000,4.000000,4.000000,4.000000,4.000000,4.000000,4.000000,4.000000,4.000000,66.666664
1614076776.933512,9.000000,0.000000,-6.472664,0.009642,-0.675361,-0.312015,-0.983328,-5.551569,-3.190926,-5.219507,5.973623,6.137523,-9.735913,-3.142014,-1.271463,-14.546509,-18.197845,40.349869,-5.470272,8.213273,-8.964185,-15.689493,-6.975802,-17.879688,-2.871177,-12.299034,-13.053740,-5.024778,-10.417022,-3.333305,0.384505,-5.107975,-3.745628,-0.658744,0.000000,215.000000,4.000000,,,,0.000000,4.000000,4.000000,2.000000,4.000000,4.000000,4.000000,4.000000,4.000000,4.000000,4.000000,4.000000,4.000000,4.000000,4.000000,4.000000,4.000000,4.000000,4.000000,2.000000,4.000000,4.000000,4.000000,4.000000,4.000000,4.000000,4.000000,4.000000,4.000000,4.000000,4.000000,4.000000,4.000000,66.666664
1614076776.941361,10.000000,0.000000,-6.979012,1.548094,-0.674686,1.739579,-0.982344,-5.033197,-3.700555,-13.932237,0.839444,6.131385,-10.751818,-4.164513,-1.270192,-15.044783,-15.615545,41.847980,-7.003263,-9.743658,-10.493682,-17.212265,-7.994467,-19.400269,-2.868306,-3.055966,-12.015044,-3.994112,-6.816862,-2.817151,0.384120,-5.102867,-4.254703,-0.658085,0.000000,175.000000,4.000000,,,,0.000000,4.000000,4.000000,2.000000,4.000000,4.000000,4.000000,4.000000,4.000000,4.000000,4.000000,4.000000,4.000000,4.000000,4.000000,4.000000,4.000000,4.000000,4.000000,2.000000,4.000000,4.000000,4.000000,4.000000,4.000000,4.000000,4.000000,4.000000,4.000000,4.000000,4.000000,4.000000,4.000000,66.666664
1614076776.949110,11.000000,0.000000,0.207454,1.033726,-1.186831,1.225019,-1.494182,-6.566626,-3.184034,-10.841381,1.351425,5.612433,-10.228246,-3.647528,-1.268922,-14.516917,-13.548648,42.831776,-3.406516,0.522496,2.850145,-8.989925,-7.473652,-11.175741,0.211486,-3.052910,-8.926106,-3.477298,-2.707481,-2.814334,0.383736,-5.097764,-4.250448,-0.144607,0.000000,198.000000,4.000000,,,,0.000000,4.000000,4.000000,2.000000,4.000000,4.000000,4.000000,4.000000,4.000000,4.000000,4.000000,4.000000,4.000000,4.000000,4.000000,4.000000,4.000000,4.000000,4.000000,2.000000,4.000000,4.000000,4.000000,4.000000,4.000000,4.000000,4.000000,4.000000,4.000000,4.000000,4.000000,4.000000,4.000000,66.666664
1614076776.956959,12.000000,0.000000,12.002118,1.032692,-0.672824,1.223794,-0.467047,-3.483136,1.434534,1.477152,4.426997,6.632462,-6.115453,3.535606,2.834911,-12.451118,-6.355612,42.788944,11.468685,29.239922,18.744730,11.531885,2.277411,7.809794,9.954865,-2.024216,-4.814616,-1.422538,7.038816,-0.760237,0.383353,-5.092666,-4.246197,-2.195744,0.000000,192.000000,4.000000,,,,0.000000,4.000000,4.000000,2.000000,4.000000,4.000000,4.000000,4.000000,4.000000,4.000000,4.000000,4.000000,4.000000,4.000000,4.000000,4.000000,4.000000,4.000000,4.000000,2.000000,4.000000,4.000000,4.000000,4.000000,4.000000,4.000000,4.000000,4.000000,4.000000,4.000000,4.000000,4.000000,4.000000,66.666664
1614076776.964708,13.000000,0.000000,17.631142,1.031659,1.379131,3.273852,2.097522,2.161373,4.510023,6.603880,3.909750,8.677112,-2.519594,9.173097,6.421820,-10.387385,-4.297975,43.771793,21.713627,34.338886,11.546499,23.828047,11.505903,16.007113,13.534653,8.234219,-2.758519,0.117346,12.672804,1.291805,0.382969,-5.087574,-4.241951,-4.244831,0.000000,200.000000,4.000000,,,,0.000000,4.000000,4.000000,2.000000,4.000000,4.000000,4.000000,4.000000,4.000000,4.000000,4.000000,4.000000,4.000000,4.000000,4.000000,4.000000,4.000000,4.000000,4.000000,2.000000,4.000000,4.000000,4.000000,4.000000,4.000000,4.000000,4.000000,4.000000,4.000000,4.000000,4.000000,4.000000,4.000000,66.666664
1614076776.972557,14.000000,0.000000,17.100691,1.030628,2.916213,4.809040,3.121066,5.748955,4.505513,4.545995,3.393019,9.694076,-2.517075,3.522898,6.415398,-10.376998,-2.242395,57.061356,17.589350,31.740446,-0.259919,15.599090,5.853372,10.862900,6.341631,13.354190,-4.294222,-0.395592,5.993464,0.777693,0.382586,-5.595306,-4.237709,-4.240586,0.000000,172.000000,4.000000,,,,0.000000,4.000000,4.000000,2.000000,4.000000,4.000000,4.000000,4.000000,4.000000,4.000000,4.000000,4.000000,4.000000,4.000000,4.000000,4.000000,4.000000,4.000000,4.000000,2.000000,4.000000,4.000000,4.000000,4.000000,4.000000,4.000000,4.000000,4.000000,4.000000,4.000000,4.000000,4.000000,4.000000,66.666664
1614076776.980306,15.000000,0.000000,14.519486,1.029597,3.426117,4.804231,2.605124,5.743206,3.475366,4.541449,2.876806,9.171561,-3.027378,-3.147292,5.896162,-11.905082,0.836771,68.799164,12.956375,31.708706,-1.798121,-0.313945,-4.408892,7.775114,1.207084,4.622887,-3.777108,-0.395197,-0.679196,0.264094,0.382204,-5.076890,-4.233471,-4.236345,0.000000,168.000000,4.000000,,,,0.000000,4.000000,4.000000,2.000000,4.000000,4.000000,4.000000,4.000000,4.000000,4.000000,4.000000,4.000000,4.000000,4.000000,4.000000,4.000000,4.000000,4.000000,4.000000,2.000000,4.000000,4.000000,4.000000,4.000000,4.000000,4.000000,4.000000,4.000000,4.000000,4.000000,4.000000,4.000000,4.000000,66.666664
1614076776.988155,16.000000,0.000000,10.915224,1.028567,2.909871,4.799427,2.602519,5.224642,3.984712,5.562548,3.899570,9.675210,-2.511530,-1.092862,6.403087,-10.354715,-3.779450,52.832932,10.892137,8.600074,-7.950169,-8.518760,-7.481406,5.716057,1.718698,-3.586864,-3.260510,-0.394801,-0.165696,0.776651,0.381822,-5.071814,-4.229238,-4.232109,0.000000,210.000000,4.000000,,,,0.000000,4.000000,4.000000,2.000000,4.000000,4.000000,4.000000,4.000000,4.000000,4.000000,4.000000,4.000000,4.000000,4.000000,4.000000,4.000000,4.000000,4.000000,4.000000,2.000000,4.000000,4.000000,4.000000,4.000000,4.000000,4.000000,4.000000,4.000000,4.000000,4.000000,4.000000,4.000000,4.000000,66.666664
1614076776.995904,17.000000,0.000000,8.340206,1.027539,2.906961,4.794627,2.599917,5.732238,3.980727,5.556985,6.459773,9.665535,-2.509019,-0.578949,5.883863,-8.293078,-9.416697,32.780098,4.727398,-11.408526,-16.660168,-9.023062,-8.499566,0.582136,1.716979,-3.070457,-4.282891,-0.907227,-0.165531,0.775874,0.381440,-7.118024,-4.225009,-4.227877,0.000000,196.000000,4.000000,,,,0.000000,4.000000,4.000000,2.000000,4.000000,4.000000,4.000000,4.000000,4.000000,4.000000,4.000000,4.000000,4.000000,4.000000,4.000000,4.000000,4.000000,4.000000,4.000000,2.000000,4.000000,4.000000,4.000000,4.000000,4.000000,4.000000,4.000000,4.000000,4.000000,4.000000,4.000000,4.000000,4.000000,66.666664
1614076777.003753,18.000000,0.000000,8.844687,1.026511,2.904054,4.789832,2.597317,5.213686,3.463926,4.012967,6.453313,9.143048,-3.019330,-3.655293,5.365159,-7.771965,-9.407280,38.388344,-0.405534,7.064420,-12.540943,-10.039680,-4.901323,-4.546652,1.202441,-3.067387,-3.252967,-0.393499,-0.165365,0.262278,0.381058,-8.136547,-4.220784,-4.223649,0.000000,204.000000,4.000000,,,,0.000000,4.000000,4.000000,2.000000,4.000000,4.000000,4.000000,4.000000,4.000000,4.000000,4.000000,4.000000,4.000000,4.000000,4.000000,4.000000,4.000000,4.000000,4.000000,2.000000,4.000000,4.000000,4.000000,4.000000,4.000000,4.000000,4.000000,4.000000,4.000000,4.000000,4.000000,4.000000,4.000000,66.666664
1614076777.011502,19.000000,0.000000,8.835841,1.025485,2.901150,4.785042,2.594719,5.208472,3.973282,5.034595,9.010962,11.698009,-3.016311,-2.625997,5.872614,-5.712911,-8.885052,50.657650,1.646154,32.185562,-1.246351,-7.465537,7.924091,-4.029284,3.252521,-3.577140,2.391312,1.658176,4.963005,0.774836,0.380677,-6.077128,-4.216563,-4.219425,0.000000,191.000000,4.000000,,,,0.000000,4.000000,4.000000,2.000000,4.000000,4.000000,4.000000,4.000000,4.000000,4.000000,4.000000,4.000000,4.000000,4.000000,4.000000,4.000000,4.000000,4.000000,4.000000,2.000000,4.000000,4.000000,4.000000,4.000000,4.000000,4.000000,4.000000,4.000000,4.000000,4.000000,4.000000,4.000000,4.000000,66.666664
1614076777.019351,20.000000,0.000000,8.827005,1.024459,2.898249,4.780258,2.592125,5.203263,6.020591,11.183407,18.232721,16.301695,-3.013294,-0.059268,5.866741,0.446648,-7.850526,49.581348,6.772713,31.127735,4.395921,4.336800,20.736681,9.308078,5.300550,4.631566,7.004305,5.246262,10.599068,2.825343,0.380297,-5.045410,-4.212347,-4.215206,0.000000,197.000000,4.000000,,,,0.000000,4.000000,4.000000,2.000000,4.000000,4.000000,4.000000,4.000000,4.000000,4.000000,4.000000,4.000000,4.000000,4.000000,4.000000,4.000000,4.000000,4.000000,4.000000,2.000000,4.000000,4.000000,4.000000,4.000000,4.000000,4.000000,4.000000,4.000000,4.000000,4.000000,4.000000,4.000000,4.000000,66.666664
1614076777.027100,21.000000,0.000000,7.792538,1.023435,2.895350,4.775477,2.589533,5.198060,7.553032,16.813250,23.342693,17.311033,-3.010281,0.966432,5.860875,5.061586,-3.740112,46.454845,8.817222,22.378658,2.340243,13.050412,24.305687,23.144924,5.808071,14.370523,8.022942,6.779477,11.614110,4.873800,0.379916,-4.527544,-4.208134,-4.210990,0.000000,194.000000,4.000000,,,,0.000000,4.000000,4.000000,2.000000,4.000000,4.000000,4.000000,4.000000,4.000000,4.000000,4.000000,4.000000,4.000000,4.000000,4.000000,4.000000,4.000000,4.000000,4.000000,2.000000,4.000000,4.000000,4.000000,4.000000,4.000000,4.000000,4.000000,4.000000,4.000000,4.000000,4.000000,4.000000,4.000000,66.666664
1614076777.034949,22.000000,0.000000,5.733463,1.022411,2.892455,4.770702,2.586943,5.192862,7.545479,17.309256,22.293709,16.780903,-3.007271,3.016747,7.906296,6.594986,-0.659448,49.485313,8.808405,21.843458,-1.764661,14.575823,17.614716,16.967934,5.802262,16.407434,6.989278,7.285518,9.038393,4.356106,0.379536,-4.523017,-4.203926,-4.206779,0.000000,178.000000,4.000000,,,,0.000000,4.000000,4.000000,2.000000,4.000000,4.000000,4.000000,4.000000,4.000000,4.000000,4.000000,4.000000,4.000000,4.000000,4.000000,4.000000,4.000000,4.000000,4.000000,2.000000,4.000000,4.000000,4.000000,4.000000,4.000000,4.000000,4.000000,4.000000,4.000000,4.000000,4.000000,4.000000,4.000000,66.666664
1614076777.042698,23.000000,0.000000,5.214909,1.021389,2.889563,4.765931,2.584356,5.187669,7.537933,16.266306,22.271416,17.276941,-2.491443,4.552192,13.026594,8.126852,-0.145968,53.538391,9.825237,23.872898,-3.301358,15.586888,9.904793,1.053529,5.796460,15.365387,4.931006,6.765412,8.003714,4.351749,0.379157,-8.108237,-4.199722,-4.202573,0.000000,198.000000,4.000000,,,,0.000000,4.000000,4.000000,2.000000,4.000000,4.000000,4.000000,4.000000,4.000000,4.000000,4.000000,4.000000,4.000000,4.000000,4.000000,4.000000,4.000000,4.000000,4.000000,2.000000,4.000000,4.000000,4.000000,4.000000,4.000000,4.000000,4.000000,4.000000,4.000000,4.000000,4.000000,4.000000,4.000000,66.666664
1614076777.050547,24.000000,0.000000,5.209694,1.020368,2.886673,4.761165,2.581772,5.182481,7.530396,16.250040,20.710682,17.259665,-3.001772,3.521999,11.475106,7.093084,-3.222745,50.920753,9.302591,22.823383,-3.810878,11.468738,7.330785,-3.562909,5.277843,16.375662,3.387614,6.758646,6.970069,4.347398,0.378778,-7.074488,-4.195522,-4.198370,0.000000,194.000000,4.000000,,,,0.000000,4.000000,4.000000,2.000000,4.000000,4.000000,4.000000,4.000000,4.000000,4.000000,4.000000,4.000000,4.000000,4.000000,4.000000,4.000000,4.000000,4.000000,4.000000,2.000000,4.000000,4.000000,4.000000,4.000000,4.000000,4.000000,4.000000,4.000000,4.000000,4.000000,4.000000,4.000000,4.000000,66.666664
1614076777.058296,25.000000,0.000000,5.204484,1.019347,2.883786,4.756404,2.579190,5.177299,7.522865,17.772251,16.074587,16.729586,-2.998770,4.031298,4.284144,4.521889,-5.270805,41.126240,8.267648,13.056971,-5.345528,2.226500,5.784993,-2.533705,6.298206,15.846466,3.384226,7.264709,7.475919,4.343050,0.378399,1.137715,-4.191327,-4.194172,0.000000,203.000000,4.000000,,,,0.000000,4.000000,4.000000,2.000000,4.000000,4.000000,4.000000,4.000000,4.000000,4.000000,4.000000,4.000000,4.000000,4.000000,4.000000,4.000000,4.000000,4.000000,4.000000,2.000000,4.000000,4.000000,4.000000,4.000000,4.000000,4.000000,4.000000,4.000000,4.000000,4.000000,4.000000,4.000000,4.000000,66.666664
1614076777.066145,26.000000,0.000000,5.199280,1.018328,2.880903,4.751647,2.576611,5.172122,7.515342,13.651915,14.520051,17.225676,-2.995772,3.514446,1.715757,3.491726,-3.727072,36.982552,10.310662,1.249042,-4.827362,-1.365471,0.138182,-4.069633,4.753447,15.317800,3.893663,6.744623,7.468443,4.338707,0.378020,0.623756,-4.187136,-4.189978,0.000000,150.000000,4.000000,,,,0.000000,4.000000,4.000000,2.000000,4.000000,4.000000,4.000000,4.000000,4.000000,4.000000,4.000000,4.000000,4.000000,4.000000,4.000000,4.000000,4.000000,4.000000,4.000000,2.000000,4.000000,4.000000,4.000000,4.000000,4.000000,4.000000,4.000000,4.000000,4.000000,4.000000,4.000000,4.000000,4.000000,66.666664
1614076777.073894,27.000000,0.000000,4.681260,1.017310,2.878022,4.746896,2.574034,5.166949,5.969366,-0.720712,12.454249,15.669989,-6.069699,-2.130094,1.201221,-0.614330,-10.902833,36.945568,6.197788,-2.341951,-4.309714,-8.030772,-4.477341,-3.552743,-2.430794,16.328123,1.325666,4.686596,3.358411,4.334369,0.377642,-8.094816,-4.182948,-4.185788,0.000000,202.000000,4.000000,,,,0.000000,4.000000,4.000000,2.000000,4.000000,4.000000,4.000000,4.000000,4.000000,4.000000,4.000000,4.000000,4.000000,4.000000,4.000000,4.000000,4.000000,4.000000,4.000000,2.000000,4.000000,4.000000,4.000000,4.000000,4.000000,4.000000,4.000000,4.000000,4.000000,4.000000,4.000000,4.000000,4.000000,66.666664
1614076777.081543,28.000000,0.000000,2.112476,1.016292,2.362323,4.742149,2.571460,5.161783,3.912114,-10.976401,8.339231,12.064575,-9.653373,-7.256169,-2.902544,-5.741920,-25.250904,35.882980,-8.680205,-2.339609,-11.997712,-26.997101,-8.062607,-5.087652,-10.120671,11.696410,-0.726941,3.143448,-2.798794,4.330034,0.377265,-9.625183,-4.178765,-3.668781,0.000000,165.000000,4.000000,,,,0.000000,4.000000,4.000000,2.000000,4.000000,4.000000,4.000000,4.000000,4.000000,4.000000,4.000000,4.000000,4.000000,4.000000,4.000000,4.000000,4.000000,4.000000,4.000000,2.000000,4.000000,4.000000,4.000000,4.000000,4.000000,4.000000,4.000000,4.000000,4.000000,4.000000,4.000000,4.000000,4.000000,66.666664
1614076777.089293,29.000000,0.000000,1.084723,1.015276,4.411243,4.737407,2.568889,5.156621,3.395381,-10.965425,6.279610,8.975588,-11.182181,-9.300195,-5.976565,-8.813102,-25.738474,44.052227,-13.286909,2.278115,-16.088278,-37.226513,-10.618647,-10.723590,-10.623371,1.428303,-0.726214,3.140305,-5.360097,4.838525,0.376888,-5.000173,-4.174587,-4.177933,0.000000,216.000000,4.000000,,,,0.000000,4.000000,4.000000,2.000000,4.000000,4.000000,4.000000,4.000000,4.000000,4.000000,4.000000,4.000000,4.000000,4.000000,4.000000,4.000000,4.000000,4.000000,4.000000,2.000000,4.000000,4.000000,4.000000,4.000000,4.000000,4.000000,4.000000,4.000000,4.000000,4.000000,4.000000,4.000000,4.000000,66.666664
1614076777.096942,30.000000,0.000000,1.596459,1.014261,6.458114,4.732669,2.566320,5.151464,3.904806,-9.928819,7.298971,7.940971,-10.145358,-6.213972,-3.406486,-8.804289,-15.456325,50.162022,-3.530033,12.532248,-3.251678,-20.266211,-1.890080,-9.687225,-4.971722,-3.701330,-0.212668,3.137165,-2.790635,4.320866,0.376511,-4.482352,-5.708874,-5.712217,0.000000,194.000000,4.000000,,,,0.000000,4.000000,4.000000,2.000000,4.000000,4.000000,4.000000,4.000000,4.000000,4.000000,4.000000,4.000000,4.000000,4.000000,4.000000,4.000000,4.000000,4.000000,4.000000,2.000000,4.000000,4.000000,4.000000,4.000000,4.000000,4.000000,4.000000,4.000000,4.000000,4.000000,4.000000,4.000000,4.000000,66.666664
1614076777.104691,31.000000,0.000000,1.594862,1.013246,5.938835,4.215116,2.563753,5.146313,3.900902,-4.790684,7.291672,11.009953,-5.007007,3.023011,3.776408,-2.641638,-11.338305,41.906731,1.601702,17.135099,9.059266,5.395082,15.547708,2.117334,2.725558,-0.620706,-0.212455,3.134027,2.340361,4.316545,0.376134,-6.016332,-8.267267,-8.270607,0.000000,190.000000,4.000000,,,,0.000000,4.000000,4.000000,2.000000,4.000000,4.000000,4.000000,4.000000,4.000000,4.000000,4.000000,4.000000,4.000000,4.000000,4.000000,4.000000,4.000000,4.000000,4.000000,2.000000,4.000000,4.000000,4.000000,4.000000,4.000000,4.000000,4.000000,4.000000,4.000000,4.000000,4.000000,4.000000,4.000000,66.666664
1614076777.112340,32.000000,0.000000,1.593267,1.012233,7.471358,5.236542,4.099651,5.141166,3.897001,7.008978,6.771560,17.665609,2.690307,11.225117,13.516221,8.130234,-6.198761,41.352005,3.138562,18.656425,11.614309,17.697380,22.711647,9.807525,6.312576,3.482479,-0.725063,6.207817,7.979046,4.825049,0.375758,-4.984674,-7.746180,-8.262337,8064.000000,0.000000,4.000000,,,,0.000000,4.000000,4.000000,2.000000,4.000000,4.000000,4.000000,4.000000,4.000000,4.000000,4.000000,4.000000,4.000000,4.000000,4.000000,4.000000,4.000000,4.000000,4.000000,2.000000,4.000000,4.000000,4.000000,4.000000,4.000000,4.000000,4.000000,4.000000,4.000000,4.000000,4.000000,4.000000,4.000000,66.666664
1614076777.120089,33.000000,0.000000,1.591674,0.498400,12.079271,7.795408,6.146834,5.136025,3.893104,12.642995,6.764788,20.724867,5.251719,11.726712,18.118090,12.224669,2.012566,47.977318,9.802091,26.842897,11.089875,16.654041,19.612013,5.182332,3.742161,7.581561,-0.211517,7.740070,6.432606,3.794583,0.375382,-1.902766,-4.661510,-7.228433,8192.000000,0.000000,4.000000,,,,0.000000,4.000000,4.000000,2.000000,4.000000,4.000000,4.000000,4.000000,4.000000,4.000000,4.000000,4.000000,4.000000,4.000000,4.000000,4.000000,4.000000,4.000000,4.000000,2.000000,4.000000,4.000000,4.000000,4.000000,4.000000,4.000000,4.000000,4.000000,4.000000,4.000000,4.000000,4.000000,4.000000,66.666664
1614076777.127738,34.000000,0.000000,1.590082,1.010723,14.631294,6.761972,6.653507,5.130889,3.889211,9.553429,7.270844,20.191322,4.220827,10.689344,15.535870,10.673982,2.010553,44.852417,10.817929,26.303234,2.873657,13.047644,17.541119,1.074586,1.687136,9.112440,-0.211306,3.116946,-3.830237,-0.311776,0.375007,-0.875223,-3.631208,-8.246845,8064.000000,0.000000,4.000000,,,,0.000000,4.000000,4.000000,2.000000,4.000000,4.000000,4.000000,4.000000,4.000000,4.000000,4.000000,4.000000,4.000000,4.000000,4.000000,4.000000,4.000000,4.000000,4.000000,2.000000,4.000000,4.000000,4.000000,4.000000,4.000000,4.000000,4.000000,4.000000,4.000000,4.000000,4.000000,4.000000,4.000000,66.666664
1614076777.135487,35.000000,0.000000,1.588492,1.009712,13.591022,4.703928,5.621213,4.612938,3.885321,8.518234,7.263573,20.171131,4.729426,11.704296,12.956231,11.176128,-1.068380,55.063976,5.678906,19.097445,-5.847166,11.496134,18.549219,0.047870,2.198270,3.462302,-0.723915,-0.988736,-11.518715,-3.388387,0.374632,-2.412809,-4.140397,-8.238599,8064.000000,0.000000,4.000000,,,,0.000000,4.000000,4.000000,2.000000,4.000000,4.000000,4.000000,4.000000,4.000000,4.000000,4.000000,4.000000,4.000000,4.000000,4.000000,4.000000,4.000000,4.000000,4.000000,2.000000,4.000000,4.000000,4.000000,4.000000,4.000000,4.000000,4.000000,4.000000,4.000000,4.000000,4.000000,4.000000,4.000000,66.666664
1614076777.143137,36.000000,0.000000,1.586904,-0.016939,13.577431,4.186403,6.128412,5.121145,3.881436,9.535357,6.743489,20.663780,4.724697,10.154130,13.456095,10.652132,4.060893,73.470451,4.647586,22.668091,3.902272,9.946177,18.530670,-4.567563,1.683251,-2.695006,0.302450,-0.987747,-8.943093,-3.384999,0.374257,-0.359114,-4.136257,-4.127796,8064.000000,0.000000,4.000000,,,,0.000000,4.000000,4.000000,2.000000,4.000000,4.000000,4.000000,4.000000,4.000000,4.000000,4.000000,4.000000,4.000000,4.000000,4.000000,4.000000,4.000000,4.000000,4.000000,2.000000,4.000000,4.000000,4.000000,4.000000,4.000000,4.000000,4.000000,4.000000,4.000000,4.000000,4.000000,4.000000,4.000000,66.666664
1614076777.150886,37.000000,0.000000,1.585317,1.521540,13.563853,5.207858,8.173566,6.654486,3.877555,7.474540,7.249566,20.130295,4.207152,7.579873,11.391356,7.564557,6.620935,60.576466,4.130118,28.799269,15.693241,7.372128,15.435216,-8.152739,1.681568,-2.179491,2.353430,-0.986759,-4.318766,-2.868793,0.373883,4.256629,-4.132120,-0.533925,8064.000000,0.000000,4.000000,,,,0.000000,4.000000,4.000000,2.000000,4.000000,4.000000,4.000000,4.000000,4.000000,4.000000,4.000000,4.000000,4.000000,4.000000,4.000000,4.000000,4.000000,4.000000,4.000000,2.000000,4.000000,4.000000,4.000000,4.000000,4.000000,4.000000,4.000000,4.000000,4.000000,4.000000,4.000000,4.000000,4.000000,66.666664
1614076777.158535,38.000000,0.000000,1.583732,6.135403,13.550290,4.689829,9.703854,8.699113,3.873677,4.902963,9.293598,20.110165,4.202945,5.008191,9.328684,6.531351,3.537391,40.515892,1.561885,29.796110,8.498060,4.800653,8.753114,-6.093304,1.679886,0.899612,3.889538,-0.472952,-4.314447,-3.378745,0.373509,6.816475,-4.127988,-0.020570,8064.000000,0.000000,4.000000,,,,0.000000,4.000000,4.000000,2.000000,4.000000,4.000000,4.000000,4.000000,4.000000,4.000000,4.000000,4.000000,4.000000,4.000000,4.000000,4.000000,4.000000,4.000000,4.000000,2.000000,4.000000,4.000000,4.000000,4.000000,4.000000,4.000000,4.000000,4.000000,4.000000,4.000000,4.000000,4.000000,4.000000,66.666664
1614076777.166284,39.000000,0.000000,1.582148,8.693370,13.536739,4.685140,9.694150,8.690414,3.869803,4.385239,10.822766,20.090055,4.198742,1.413439,8.293714,7.037640,1.482571,54.321529,1.047503,27.715033,-1.254027,5.308673,5.154617,-7.625672,1.678206,0.385892,3.372828,4.142906,-4.310133,-2.862546,0.373136,5.784018,-4.123860,-0.020550,8064.000000,0.000000,4.000000,,,,0.000000,4.000000,4.000000,2.000000,4.000000,4.000000,4.000000,4.000000,4.000000,4.000000,4.000000,4.000000,4.000000,4.000000,4.000000,4.000000,4.000000,4.000000,4.000000,2.000000,4.000000,4.000000,4.000000,4.000000,4.000000,4.000000,4.000000,4.000000,4.000000,4.000000,4.000000,4.000000,4.000000,66.666664
1614076777.173933,40.000000,0.000000,1.067745,8.171856,11.984741,4.680455,9.684456,8.681724,3.865934,4.893674,10.811944,20.069965,3.681723,-0.639256,8.798241,7.030602,2.506730,71.703102,1.046456,21.020651,-1.765594,5.816185,7.200745,-7.618046,1.676528,0.898327,3.369455,7.215686,-4.305822,-2.859683,0.372762,5.778234,-4.119736,-0.533350,8064.000000,0.000000,4.000000,,,,0.000000,4.000000,4.000000,2.000000,4.000000,4.000000,4.000000,4.000000,4.000000,4.000000,4.000000,4.000000,4.000000,4.000000,4.000000,4.000000,4.000000,4.000000,4.000000,2.000000,4.000000,4.000000,4.000000,4.000000,4.000000,4.000000,4.000000,4.000000,4.000000,4.000000,4.000000,4.000000,4.000000,66.666664
1614076777.181682,41.000000,0.000000,2.092319,8.163684,10.434295,4.675774,9.674771,8.673042,3.862068,4.888781,10.801132,20.049894,5.216502,-0.638617,11.353545,7.023572,1.991403,66.503197,2.071050,19.973988,-0.738187,4.784728,9.757647,4.184443,1.674852,3.974351,3.366085,6.695650,-3.275875,-2.856824,-0.140431,6.285276,-4.115617,-3.096919,8064.000000,0.000000,4.000000,,,,0.000000,4.000000,4.000000,2.000000,4.000000,4.000000,4.000000,4.000000,4.000000,4.000000,4.000000,4.000000,4.000000,4.000000,4.000000,4.000000,4.000000,4.000000,4.000000,2.000000,4.000000,4.000000,4.000000,4.000000,4.000000,4.000000,4.000000,4.000000,4.000000,4.000000,4.000000,4.000000,4.000000,66.666664
1614076777.189331,42.000000,0.000000,2.603047,8.668341,9.911040,4.671098,9.665096,8.664369,3.858206,4.883892,10.790331,20.029846,7.262568,-0.125158,15.444756,7.016548,1.989411,59.770027,6.684364,28.671963,1.826654,7.344046,10.260709,10.846926,1.673177,4.996018,3.362719,6.688954,1.342785,-2.853967,0.372530,6.278991,-4.111501,-4.119463,8064.000000,0.000000,4.000000,,,,0.000000,4.000000,4.000000,2.000000,4.000000,4.000000,4.000000,4.000000,4.000000,4.000000,4.000000,4.000000,4.000000,4.000000,4.000000,4.000000,4.000000,4.000000,4.000000,2.000000,4.000000,4.000000,4.000000,4.000000,4.000000,4.000000,4.000000,4.000000,4.000000,4.000000,4.000000,4.000000,4.000000,66.666664
1614076777.197080,43.000000,0.000000,-0.989300,8.146852,9.901129,4.666427,9.655432,8.655704,3.854347,4.879008,10.779540,20.009815,8.280947,-0.637853,16.967772,7.009531,1.987422,61.761539,8.216141,28.643291,2.337647,12.464907,10.250448,-0.445972,1.671504,4.478201,2.846536,7.195086,4.418365,-2.851113,2.936260,5.759892,-4.107389,-3.602523,8064.000000,0.000000,4.000000,,,,0.000000,4.000000,4.000000,2.000000,4.000000,4.000000,4.000000,4.000000,4.000000,4.000000,4.000000,4.000000,4.000000,4.000000,4.000000,4.000000,4.000000,4.000000,4.000000,2.000000,4.000000,4.000000,4.000000,4.000000,4.000000,4.000000,4.000000,4.000000,4.000000,4.000000,4.000000,4.000000,4.000000,66.666664
1614076777.204730,44.000000,0.000000,-1.501131,8.138705,9.891228,4.661761,9.645776,8.647049,3.850493,4.361309,10.768761,19.476986,8.272665,-0.124395,16.437984,7.002522,1.985434,62.725418,5.131001,20.922340,1.822489,13.478083,10.240198,-7.112193,1.669832,4.473723,3.356510,6.675070,3.901127,-2.848262,4.471786,5.241311,-4.103282,-6.163023,8064.000000,0.000000,4.000000,,,,0.000000,4.000000,4.000000,2.000000,4.000000,4.000000,4.000000,4.000000,4.000000,4.000000,4.000000,4.000000,4.000000,4.000000,4.000000,4.000000,4.000000,4.000000,4.000000,2.000000,4.000000,4.000000,4.000000,4.000000,4.000000,4.000000,4.000000,4.000000,4.000000,4.000000,4.000000,4.000000,4.000000,66.666664
1614076777.212579,45.000000,0.000000,1.064473,8.643387,10.906978,4.657099,9.636130,8.638402,3.846642,4.869768,10.757992,19.970329,6.725931,-0.124271,16.421547,6.995520,1.983449,62.149872,5.125871,23.465521,8.487333,12.951784,10.229958,0.074406,1.668162,3.956429,3.353153,6.668395,3.897225,-2.332593,3.954493,6.774531,-4.099179,-6.669681,8064.000000,0.000000,4.000000,,,,0.000000,4.000000,4.000000,2.000000,4.000000,4.000000,4.000000,4.000000,4.000000,4.000000,4.000000,4.000000,4.000000,4.000000,4.000000,4.000000,4.000000,4.000000,4.000000,2.000000,4.000000,4.000000,4.000000,4.000000,4.000000,4.000000,4.000000,4.000000,4.000000,4.000000,4.000000,4.000000,4.000000,66.666664
1614076777.220328,46.000000,0.000000,-2.526335,7.096282,6.793507,4.652442,9.626494,8.629764,3.842796,5.377718,10.747234,19.950357,4.667923,-0.124146,16.917946,6.988524,1.981466,60.036438,5.633565,28.057440,14.119872,13.451653,10.219728,2.125614,1.666494,5.490934,2.324159,6.661726,2.867687,-2.843081,3.950539,6.254936,-4.095079,-4.098908,8064.000000,0.000000,4.000000,,,,0.000000,4.000000,4.000000,2.000000,4.000000,4.000000,4.000000,4.000000,4.000000,4.000000,4.000000,4.000000,4.000000,4.000000,4.000000,4.000000,4.000000,4.000000,4.000000,2.000000,4.000000,4.000000,4.000000,4.000000,4.000000,4.000000,4.000000,4.000000,4.000000,4.000000,4.000000,4.000000,4.000000,66.666664
1614076777.228177,47.000000,0.000000,-9.703297,5.037904,-0.905594,4.647789,9.616868,6.569852,3.838953,3.321059,10.736486,19.417587,3.637614,-0.124022,16.388206,6.981535,1.979484,63.053326,4.602291,29.055023,3.849342,11.899739,10.209508,-0.953435,1.664828,8.049545,5.911579,6.655065,-1.750565,-4.891520,3.946588,1.633297,-4.090984,-6.658912,8064.000000,0.000000,4.000000,,,,0.000000,4.000000,4.000000,2.000000,4.000000,4.000000,4.000000,4.000000,4.000000,4.000000,4.000000,4.000000,4.000000,4.000000,4.000000,4.000000,4.000000,4.000000,4.000000,2.000000,4.000000,4.000000,4.000000,4.000000,4.000000,4.000000,4.000000,4.000000,4.000000,4.000000,4.000000,4.000000,4.000000,66.666664
1614076777.235926,48.000000,0.000000,-10.206413,4.007225,-1.930330,4.643142,9.607251,4.512000,3.835114,1.266456,10.725750,19.910990,4.146797,-0.123898,16.371819,6.974554,1.977505,71.708221,5.623330,32.615711,-8.462200,6.759634,9.686478,1.611621,1.150342,6.503035,14.623616,6.135589,-4.825737,-6.425090,3.942641,3.170125,-4.086894,-6.652253,8064.000000,0.000000,4.000000,,,,0.000000,4.000000,4.000000,2.000000,4.000000,4.000000,4.000000,4.000000,4.000000,4.000000,4.000000,4.000000,4.000000,4.000000,4.000000,4.000000,4.000000,4.000000,4.000000,2.000000,4.000000,4.000000,4.000000,4.000000,4.000000,4.000000,4.000000,4.000000,4.000000,4.000000,4.000000,4.000000,4.000000,66.666664
1614076777.243775,49.000000,0.000000,-9.170567,4.516038,0.122882,4.638499,9.597644,5.020308,3.831279,3.316471,10.715025,22.455181,4.142651,-0.636595,16.355446,6.967579,1.975527,70.610870,2.540783,32.070274,-8.966558,4.701593,10.189612,-3.005375,1.149192,8.034993,19.224377,6.642274,-3.795271,-6.418665,4.451519,8.295160,-4.082807,-3.568678,8064.000000,0.000000,4.000000,,,,0.000000,4.000000,4.000000,2.000000,4.000000,4.000000,4.000000,4.000000,4.000000,4.000000,4.000000,4.000000,4.000000,4.000000,4.000000,4.000000,4.000000,4.000000,4.000000,2.000000,4.000000,4.000000,4.000000,4.000000,4.000000,4.000000,4.000000,4.000000,4.000000,4.000000,4.000000,4.000000,4.000000,66.666664
1614076777.251524,50.000000,0.000000,-9.674216,4.511522,-6.543907,4.633860,9.588046,5.015288,3.827448,5.364437,10.704309,23.458368,4.138508,-0.123138,16.339090,6.960612,1.973552,60.283852,-4.641245,26.397179,-6.906310,5.209712,10.692243,-13.258780,2.686504,12.642343,17.153870,6.122811,-3.791476,-6.412246,2.908606,1.107378,-4.078724,-11.257417,8064.000000,0.000000,4.000000,,,,0.000000,4.000000,4.000000,2.000000,4.000000,4.000000,4.000000,4.000000,4.000000,4.000000,4.000000,4.000000,4.000000,4.000000,4.000000,4.000000,4.000000,4.000000,4.000000,2.000000,4.000000,4.000000,4.000000,4.000000,4.000000,4.000000,4.000000,4.000000,4.000000,4.000000,4.000000,4.000000,4.000000,66.666664
1614076777.259373,51.000000,0.000000,-8.638901,4.507010,-13.204030,4.629226,9.578458,5.010273,3.823620,4.333431,10.693605,23.434910,4.134369,-0.123015,16.322752,6.953651,1.971578,58.172287,-4.636604,24.319500,-8.950686,2.640400,10.168730,-10.681418,1.658177,4.424572,15.085434,3.039766,-3.787684,-6.405834,-0.171225,-9.662960,-4.074645,-16.887184,8064.000000,0.000000,4.000000,,,,0.000000,4.000000,4.000000,2.000000,4.000000,4.000000,4.000000,4.000000,4.000000,4.000000,4.000000,4.000000,4.000000,4.000000,4.000000,4.000000,4.000000,4.000000,4.000000,2.000000,4.000000,4.000000,4.000000,4.000000,4.000000,4.000000,4.000000,4.000000,4.000000,4.000000,4.000000,4.000000,4.000000,66.666664
1614076777.267122,52.000000,0.000000,-6.066159,4.502503,-9.601082,4.624597,9.568879,5.005262,3.819797,5.354739,10.682912,23.411474,4.130235,-0.635712,16.306429,6.946698,1.969606,53.498730,1.009059,22.243898,-9.967376,0.073657,11.697023,-1.439968,1.143698,-1.220878,14.044708,3.036726,-1.732614,-4.348146,0.854587,-3.499451,-4.070570,-6.613887,8064.000000,0.000000,4.000000,,,,0.000000,4.000000,4.000000,2.000000,4.000000,4.000000,4.000000,4.000000,4.000000,4.000000,4.000000,4.000000,4.000000,4.000000,4.000000,4.000000,4.000000,4.000000,4.000000,2.000000,4.000000,4.000000,4.000000,4.000000,4.000000,4.000000,4.000000,4.000000,4.000000,4.000000,4.000000,4.000000,4.000000,66.666664
1614076777.274971,53.000000,0.000000,-4.521632,4.498001,-4.976097,4.619972,9.046490,5.000257,4.328797,10.990410,10.672229,23.388063,4.126105,1.416206,16.290123,6.426930,1.454816,41.137539,5.623434,24.272938,-8.931767,11.355635,17.839172,0.099934,9.347683,13.652138,14.030663,8.161894,-0.192420,-2.805336,5.469117,5.734818,-4.066500,-0.966248,8064.000000,0.000000,4.000000,,,,0.000000,4.000000,4.000000,2.000000,4.000000,4.000000,4.000000,4.000000,4.000000,4.000000,4.000000,4.000000,4.000000,4.000000,4.000000,4.000000,4.000000,4.000000,4.000000,2.000000,4.000000,4.000000,4.000000,4.000000,4.000000,4.000000,4.000000,4.000000,4.000000,4.000000,4.000000,4.000000,4.000000,66.666664
1614076777.282720,54.000000,0.000000,-2.465828,4.493503,-7.535223,4.615353,8.524623,4.995257,3.811648,12.517881,10.148736,22.851854,4.121979,5.517354,16.273832,6.933324,2.479002,51.865631,13.310119,35.017895,-6.871553,27.754536,22.436718,4.715219,13.953719,26.458998,13.503812,10.717834,0.320593,-2.802531,7.002110,1.626518,-4.062433,-8.144769,8064.000000,0.000000,4.000000,,,,0.000000,4.000000,4.000000,2.000000,4.000000,4.000000,4.000000,4.000000,4.000000,4.000000,4.000000,4.000000,4.000000,4.000000,4.000000,4.000000,4.000000,4.000000,4.000000,2.000000,4.000000,4.000000,4.000000,4.000000,4.000000,4.000000,4.000000,4.000000,4.000000,4.000000,4.000000,4.000000,4.000000,66.666664
1614076777.290569,55.000000,0.000000,-1.437721,4.489009,-9.578970,4.610737,10.054560,4.990262,3.807837,9.941260,10.651407,22.829002,4.117857,7.563118,16.257559,8.977673,5.040626,78.480431,16.373732,28.316210,-9.428784,20.547293,13.696332,6.248965,3.683355,21.817154,13.490308,10.194297,-0.192548,-2.799728,7.507928,-2.477672,-4.058371,-9.162265,8064.000000,0.000000,4.000000,,,,0.000000,4.000000,4.000000,2.000000,4.000000,4.000000,4.000000,4.000000,4.000000,4.000000,4.000000,4.000000,4.000000,4.000000,4.000000,4.000000,4.000000,4.000000,4.000000,2.000000,4.000000,4.000000,4.000000,4.000000,4.000000,4.000000,4.000000,4.000000,4.000000,4.000000,4.000000,4.000000,4.000000,66.666664
1614076777.298318,56.000000,0.000000,-1.949104,4.484520,-7.005288,4.606126,9.018865,2.933989,4.316849,8.392858,10.640757,23.318995,3.600918,7.042735,16.241301,9.994336,4.009944,76.863487,3.024024,11.877638,-7.880894,0.526746,-1.189159,-11.193182,-7.089559,18.205595,13.476818,10.184102,-3.782099,-4.335390,7.500420,-1.962374,-4.054313,-7.614641,8064.000000,0.000000,4.000000,,,,0.000000,4.000000,4.000000,2.000000,4.000000,4.000000,4.000000,4.000000,4.000000,4.000000,4.000000,4.000000,4.000000,4.000000,4.000000,4.000000,4.000000,4.000000,4.000000,2.000000,4.000000,4.000000,4.000000,4.000000,4.000000,4.000000,4.000000,4.000000,4.000000,4.000000,4.000000,4.000000,4.000000,66.666664
1614076777.306067,57.000000,0.000000,-2.459975,4.480036,-9.562386,4.601520,5.932922,1.392594,0.722789,6.333183,10.117295,21.244392,3.084497,7.035692,15.712239,9.984342,0.929011,59.350727,-7.235410,29.301657,11.101346,-0.499422,-0.162329,-21.438398,-5.544008,14.597645,13.463341,10.686739,-6.855240,-7.407978,3.903176,-1.960412,-4.563079,-12.735231,8064.000000,0.000000,4.000000,,,,0.000000,4.000000,4.000000,2.000000,4.000000,4.000000,4.000000,4.000000,4.000000,4.000000,4.000000,4.000000,4.000000,4.000000,4.000000,4.000000,4.000000,4.000000,4.000000,2.000000,4.000000,4.000000,4.000000,4.000000,4.000000,4.000000,4.000000,4.000000,4.000000,4.000000,4.000000,4.000000,4.000000,66.666664
1614076777.313816,58.000000,0.000000,-0.406233,3.962735,-6.475900,4.596919,9.516733,1.391201,-3.893319,3.762747,10.619998,18.659046,4.107053,7.028656,15.696527,10.487178,1.953723,57.240097,-0.561508,49.785175,25.962040,10.783129,13.171166,-3.468242,-1.435899,8.429201,15.501160,10.163231,-3.258642,-5.862108,6.976196,3.169754,-3.532875,-7.594292,8064.000000,0.000000,4.000000,,,,0.000000,4.000000,4.000000,2.000000,4.000000,4.000000,4.000000,4.000000,4.000000,4.000000,4.000000,4.000000,4.000000,4.000000,4.000000,4.000000,4.000000,4.000000,4.000000,2.000000,4.000000,4.000000,4.000000,4.000000,4.000000,4.000000,4.000000,4.000000,4.000000,4.000000,4.000000,4.000000,4.000000,66.666664
1614076777.321465,59.000000,0.000000,1.645455,4.984414,9.428012,4.592322,18.737986,1.389810,-3.376605,4.271805,13.173481,20.691669,4.102946,6.508807,16.193651,9.451050,0.413308,53.080292,7.644182,27.171289,15.679667,11.285167,17.260559,12.432662,0.616818,10.984875,19.588223,10.153069,2.385643,-1.240862,18.251270,11.884533,-1.478060,8.310739,8064.000000,0.000000,4.000000,,,,0.000000,4.000000,4.000000,2.000000,4.000000,4.000000,4.000000,4.000000,4.000000,4.000000,4.000000,4.000000,4.000000,4.000000,4.000000,4.000000,4.000000,4.000000,4.000000,2.000000,4.000000,4.000000,4.000000,4.000000,4.000000,4.000000,4.000000,4.000000,4.000000,4.000000,4.000000,4.000000,4.000000,66.666664
1614076777.329214,60.000000,0.000000,2.156630,7.030711,18.649353,4.587729,21.796171,1.388420,0.216515,4.780354,14.185948,24.773542,2.560382,8.553580,15.151816,10.980061,1.438536,56.104134,8.149358,17.400528,4.381936,13.325163,18.268940,11.394588,3.693125,18.153378,21.619917,10.142915,3.408898,1.324482,23.361225,13.923930,0.061880,16.507557,8064.000000,0.000000,4.000000,,,,0.000000,4.000000,4.000000,2.000000,4.000000,4.000000,4.000000,4.000000,4.000000,4.000000,4.000000,4.000000,4.000000,4.000000,4.000000,4.000000,4.000000,4.000000,4.000000,2.000000,4.000000,4.000000,4.000000,4.000000,4.000000,4.000000,4.000000,4.000000,4.000000,4.000000,4.000000,4.000000,4.000000,66.666664
1614076777.336864,61.000000,0.000000,1.641653,8.049322,11.964037,4.583142,19.723093,1.387032,2.780401,2.724291,14.171762,26.287230,8.198847,10.596309,18.213587,20.199850,16.308891,87.330078,9.166850,50.203640,12.069861,23.568249,29.019901,11.896014,5.227893,19.160864,21.085476,10.132772,3.405489,0.810337,19.235300,12.371545,-0.451003,12.901305,8192.000000,0.000000,4.000000,,,,0.000000,4.000000,4.000000,2.000000,4.000000,4.000000,4.000000,4.000000,4.000000,4.000000,4.000000,4.000000,4.000000,4.000000,4.000000,4.000000,4.000000,4.000000,4.000000,2.000000,4.000000,4.000000,4.000000,4.000000,4.000000,4.000000,4.000000,4.000000,4.000000,4.000000,4.000000,4.000000,4.000000,66.666664
1614076777.344613,62.000000,0.000000,1.640011,8.041272,5.798227,4.578558,20.216190,1.385645,3.803262,11.439515,15.696053,28.312223,19.472700,11.098533,25.887682,29.410419,31.164379,102.114548,8.132042,60.409847,15.134715,23.031860,34.631908,11.371298,6.248306,18.116062,21.064390,10.122640,3.914904,0.809526,17.677603,12.871994,-0.450552,10.837122,8064.000000,0.000000,4.000000,,,,0.000000,4.000000,4.000000,2.000000,4.000000,4.000000,4.000000,4.000000,4.000000,4.000000,4.000000,4.000000,4.000000,4.000000,4.000000,4.000000,4.000000,4.000000,4.000000,2.000000,4.000000,4.000000,4.000000,4.000000,4.000000,4.000000,4.000000,4.000000,4.000000,4.000000,4.000000,4.000000,4.000000,66.666664
1614076777.352262,63.000000,0.000000,1.638371,8.033231,6.818069,4.573980,21.221615,1.384259,3.799459,27.838333,18.244459,32.899296,24.068611,13.651537,30.477179,32.457932,32.158855,82.012428,10.175192,45.990463,12.555477,21.983187,28.956251,3.154798,7.780519,19.123587,21.556147,10.112516,4.423810,1.321537,19.198387,13.371943,0.062719,11.851926,8064.000000,0.000000,4.000000,,,,0.000000,4.000000,4.000000,2.000000,4.000000,4.000000,4.000000,4.000000,4.000000,4.000000,4.000000,4.000000,4.000000,4.000000,4.000000,4.000000,4.000000,4.000000,4.000000,2.000000,4.000000,4.000000,4.000000,4.000000,4.000000,4.000000,4.000000,4.000000,4.000000,4.000000,4.000000,4.000000,4.000000,66.666664
1614076777.360011,64.000000,0.000000,1.636733,7.512377,7.324072,4.569406,20.174751,1.382875,3.795659,29.348955,17.713394,35.430500,22.506081,17.740450,31.985163,33.451115,32.639515,80.391960,22.472710,62.354729,25.363436,39.397102,29.440115,3.664464,9.311200,20.130104,21.534590,10.615225,3.906565,1.320216,18.666367,12.845750,-0.450164,11.327253,0.000000,194.000000,4.000000,,,,0.000000,4.000000,4.000000,2.000000,4.000000,4.000000,4.000000,4.000000,4.000000,4.000000,4.000000,4.000000,4.000000,4.000000,4.000000,4.000000,4.000000,4.000000,4.000000,2.000000,4.000000,4.000000,4.000000,4.000000,4.000000,4.000000,4.000000,4.000000,4.000000,4.000000,4.000000,4.000000,4.000000,66.666664
1614076777.367660,65.000000,0.000000,1.635096,9.043326,5.778286,4.564837,19.641756,0.868671,3.791864,15.986274,17.695681,32.830967,23.509216,17.722710,30.927538,30.340740,30.042774,92.619255,28.091263,76.651344,35.594482,44.485909,28.385033,11.865928,9.814710,18.571514,21.513056,10.091789,3.389838,0.806075,17.622061,12.832904,-0.449714,10.290285,0.000000,197.000000,4.000000,,,,0.000000,4.000000,4.000000,2.000000,4.000000,4.000000,4.000000,4.000000,4.000000,4.000000,4.000000,4.000000,4.000000,4.000000,4.000000,4.000000,4.000000,4.000000,4.000000,2.000000,4.000000,4.000000,4.000000,4.000000,4.000000,4.000000,4.000000,4.000000,4.000000,4.000000,4.000000,4.000000,4.000000,66.666664
1614076777.375409,66.000000,0.000000,1.633461,11.598386,6.285328,4.560272,20.134935,1.380623,3.788072,11.867723,17.677984,28.182751,17.844681,11.038320,17.563276,16.977066,7.961450,72.526642,14.729837,47.343925,19.148630,19.313217,10.407930,5.700215,6.727972,19.065762,20.978722,10.081697,4.412089,0.805269,18.630079,12.820071,-0.449264,10.792815,0.000000,179.000000,4.000000,,,,0.000000,4.000000,4.000000,2.000000,4.000000,4.000000,4.000000,4.000000,4.000000,4.000000,4.000000,4.000000,4.000000,4.000000,4.000000,4.000000,4.000000,4.000000,4.000000,2.000000,4.000000,4.000000,4.000000,4.000000,4.000000,4.000000,4.000000,4.000000,4.000000,4.000000,4.000000,4.000000,4.000000,66.666664
1614076777.383058,67.000000,0.000000,1.631828,11.073967,6.791864,5.068532,20.114801,3.943345,3.784284,11.855855,17.660307,26.103287,3.467862,1.796512,-1.941467,5.165217,-12.559333,41.684883,1.894595,20.629917,-1.896159,-5.321480,-7.551196,-8.151639,0.567398,20.072338,19.932102,11.097257,2.869216,1.317284,18.098629,12.807251,-0.448815,7.705099,0.000000,190.000000,4.000000,,,,0.000000,4.000000,4.000000,2.000000,4.000000,4.000000,4.000000,4.000000,4.000000,4.000000,4.000000,4.000000,4.000000,4.000000,4.000000,4.000000,4.000000,4.000000,4.000000,2.000000,4.000000,4.000000,4.000000,4.000000,4.000000,4.000000,4.000000,4.000000,4.000000,4.000000,4.000000,4.000000,4.000000,66.666664
1614076777.390807,68.000000,0.000000,2.143016,8.498791,4.733790,3.012182,17.017763,4.965043,3.780499,3.638871,17.642647,26.077183,-4.740734,-4.359130,-8.093371,2.595950,-15.110876,34.976532,-0.671402,19.070826,-5.996827,-12.495646,-10.107747,-12.246051,-3.022913,11.334316,16.322428,7.496416,-4.313140,-1.760956,12.439505,12.794444,-2.499648,-2.046196,0.000000,190.000000,4.000000,,,,0.000000,4.000000,4.000000,2.000000,4.000000,4.000000,4.000000,4.000000,4.000000,4.000000,4.000000,4.000000,4.000000,4.000000,4.000000,4.000000,4.000000,4.000000,4.000000,2.000000,4.000000,4.000000,4.000000,4.000000,4.000000,4.000000,4.000000,4.000000,4.000000,4.000000,4.000000,4.000000,4.000000,66.666664
1614076777.398457,69.000000,0.000000,0.089591,7.977471,2.677774,0.957887,15.975103,4.960078,3.776719,-0.467332,17.625004,26.563927,-4.223173,-3.841951,-4.495534,2.593354,-13.557303,45.710785,-2.209193,12.897908,-4.965189,-12.483150,-10.097639,-9.669703,-1.994249,-0.984710,10.152259,0.309432,-11.488315,-5.861759,7.298860,12.781650,-4.035610,-8.197995,0.000000,175.000000,4.000000,,,,0.000000,4.000000,4.000000,2.000000,4.000000,4.000000,4.000000,4.000000,4.000000,4.000000,4.000000,4.000000,4.000000,4.000000,4.000000,4.000000,4.000000,4.000000,4.000000,2.000000,4.000000,4.000000,4.000000,4.000000,4.000000,4.000000,4.000000,4.000000,4.000000,4.000000,4.000000,4.000000,4.000000,66.666664
1614076777.406306,70.000000,0.000000,-1.961780,4.892570,2.675096,0.444109,18.523232,6.493579,3.772942,6.712623,17.607378,26.024542,-3.706129,-1.274006,-3.465398,1.565119,-9.954002,58.485588,-3.745445,12.885010,-4.447403,-9.906564,-8.549080,-11.198495,-1.992255,-5.086289,5.526721,-1.229339,-12.502467,-7.394359,6.778740,12.768867,-4.031574,-6.138515,0.000000,188.000000,4.000000,,,,0.000000,4.000000,4.000000,2.000000,4.000000,4.000000,4.000000,4.000000,4.000000,4.000000,4.000000,4.000000,4.000000,4.000000,4.000000,4.000000,4.000000,4.000000,4.000000,2.000000,4.000000,4.000000,4.000000,4.000000,4.000000,4.000000,4.000000,4.000000,4.000000,4.000000,4.000000,4.000000,4.000000,66.666664
1614076777.414055,71.000000,0.000000,-2.472639,0.272293,3.185242,0.956485,20.043169,9.051188,3.769169,12.859756,17.589771,25.998518,-2.163961,-0.759912,-3.461932,1.563554,-3.277382,52.273254,-2.716058,23.641356,-1.366033,-6.819735,2.228700,-11.700116,-3.015904,-3.542742,6.546836,1.848814,-9.413042,-6.361324,7.284782,12.756099,-4.027543,-3.568274,0.000000,151.000000,4.000000,,,,0.000000,4.000000,4.000000,2.000000,4.000000,4.000000,4.000000,4.000000,4.000000,4.000000,4.000000,4.000000,4.000000,4.000000,4.000000,4.000000,4.000000,4.000000,4.000000,2.000000,4.000000,4.000000,4.000000,4.000000,4.000000,4.000000,4.000000,4.000000,4.000000,4.000000,4.000000,4.000000,4.000000,66.666664
1614076777.421904,72.000000,0.000000,-1.957346,0.272021,1.130774,0.955529,20.023127,9.042137,3.765400,11.821256,17.572182,25.972519,2.453587,-0.759152,-2.945650,2.587632,-3.786925,33.759441,-3.738983,8.233099,-2.903128,-7.325736,7.354676,-8.611493,-1.987247,-4.052020,5.514648,2.872606,-5.301064,-6.354962,7.277497,12.743343,-4.023515,-4.590347,0.000000,170.000000,4.000000,,,,0.000000,4.000000,4.000000,2.000000,4.000000,4.000000,4.000000,4.000000,4.000000,4.000000,4.000000,4.000000,4.000000,4.000000,4.000000,4.000000,4.000000,4.000000,4.000000,2.000000,4.000000,4.000000,4.000000,4.000000,4.000000,4.000000,4.000000,4.000000,4.000000,4.000000,4.000000,4.000000,4.000000,66.666664
1614076777.429653,73.000000,0.000000,-1.955389,0.784569,-1.434459,0.954573,19.490282,8.520274,3.761635,11.809434,17.554609,25.946547,3.989595,-0.245572,-3.455525,2.585044,-3.783138,36.802605,-6.299347,-4.595647,-3.413046,-9.369692,4.783219,-3.987497,-2.498080,-4.047967,2.432210,2.869733,-3.757302,-6.861428,6.757399,12.730599,-4.019492,-4.585757,0.000000,215.000000,4.000000,,,,0.000000,4.000000,4.000000,2.000000,4.000000,4.000000,4.000000,4.000000,4.000000,4.000000,4.000000,4.000000,4.000000,4.000000,4.000000,4.000000,4.000000,4.000000,4.000000,2.000000,4.000000,4.000000,4.000000,4.000000,4.000000,4.000000,4.000000,4.000000,4.000000,4.000000,4.000000,4.000000,4.000000,66.666664
1614076777.437502,74.000000,0.000000,-1.953433,0.270964,-1.945845,0.953619,19.983614,8.511754,3.757873,11.284804,17.537054,25.920601,4.498426,-0.245327,2.188956,2.582459,4.938594,50.611958,-2.190484,28.229462,10.949342,-3.206476,15.547667,1.144695,-2.495582,-4.043920,4.993881,5.430966,-3.240724,-6.341746,6.750642,12.717869,-4.015472,-4.068351,0.000000,211.000000,4.000000,,,,0.000000,4.000000,4.000000,2.000000,4.000000,4.000000,4.000000,4.000000,4.000000,4.000000,4.000000,4.000000,4.000000,4.000000,4.000000,4.000000,4.000000,4.000000,4.000000,2.000000,4.000000,4.000000,4.000000,4.000000,4.000000,4.000000,4.000000,4.000000,4.000000,4.000000,4.000000,4.000000,4.000000,66.666664
1614076777.445251,75.000000,0.000000,-1.951480,2.321975,-0.918258,0.439845,19.963629,8.503242,3.754115,8.709417,15.981056,25.894680,6.545210,0.780560,15.520101,7.708082,12.625963,53.125450,4.991194,58.970463,21.707623,16.283911,31.942375,7.810217,0.583837,-3.527055,10.117092,6.963996,-0.673381,-3.258481,7.256711,12.705152,-4.011456,-4.064282,0.000000,198.000000,4.000000,,,,0.000000,4.000000,4.000000,2.000000,4.000000,4.000000,4.000000,4.000000,4.000000,4.000000,4.000000,4.000000,4.000000,4.000000,4.000000,4.000000,4.000000,4.000000,4.000000,2.000000,4.000000,4.000000,4.000000,4.000000,4.000000,4.000000,4.000000,4.000000,4.000000,4.000000,4.000000,4.000000,4.000000,66.666664
1614076777.453100,76.000000,0.000000,-1.949528,4.883756,-0.917340,0.952225,19.943666,9.007560,4.263182,7.675066,14.426614,26.381605,8.589947,3.343882,24.222528,15.392681,19.280005,67.431297,6.011844,35.834568,13.480787,35.241985,30.884792,8.315228,4.685817,3.143139,9.081334,6.444212,0.865754,-1.716761,7.249455,12.692446,-4.007445,-4.060218,0.000000,189.000000,4.000000,,,,0.000000,4.000000,4.000000,2.000000,4.000000,4.000000,4.000000,4.000000,4.000000,4.000000,4.000000,4.000000,4.000000,4.000000,4.000000,4.000000,4.000000,4.000000,4.000000,2.000000,4.000000,4.000000,4.000000,4.000000,4.000000,4.000000,4.000000,4.000000,4.000000,4.000000,4.000000,4.000000,4.000000,66.666664
1614076777.460849,77.000000,0.000000,-1.947579,4.366052,-2.454884,0.951273,19.410902,7.460091,2.207636,8.180212,13.386546,26.355225,8.068536,3.853359,24.198307,18.967031,23.363287,84.286942,4.467371,13.747453,5.774999,31.617001,21.110317,0.101784,5.706772,10.832303,5.995329,6.437768,-0.160753,-4.791967,4.165282,12.679753,-4.516258,-5.081799,0.000000,208.000000,4.000000,,,,0.000000,4.000000,4.000000,2.000000,4.000000,4.000000,4.000000,4.000000,4.000000,4.000000,4.000000,4.000000,4.000000,4.000000,4.000000,4.000000,4.000000,4.000000,4.000000,2.000000,4.000000,4.000000,4.000000,4.000000,4.000000,4.000000,4.000000,4.000000,4.000000,4.000000,4.000000,4.000000,4.000000,66.666664
1614076777.468698,78.000000,0.000000,-1.945631,4.361686,1.650135,-0.588140,19.904312,5.401349,0.154147,8.172031,13.885980,26.328869,7.547647,3.849505,21.610006,17.409603,12.057874,71.382141,5.488544,22.451654,9.358968,14.149486,18.012283,-1.436779,5.188245,12.359933,8.040616,6.431330,-0.160592,-5.299996,5.186758,12.667074,-3.486101,-4.051076,0.000000,202.000000,4.000000,,,,0.000000,4.000000,4.000000,2.000000,4.000000,4.000000,4.000000,4.000000,4.000000,4.000000,4.000000,4.000000,4.000000,4.000000,4.000000,4.000000,4.000000,4.000000,4.000000,2.000000,4.000000,4.000000,4.000000,4.000000,4.000000,4.000000,4.000000,4.000000,4.000000,4.000000,4.000000,4.000000,4.000000,66.666664
1614076777.476447,79.000000,0.000000,-1.943686,4.357324,8.827971,3.515013,22.448509,6.421588,-0.358828,7.651039,16.436197,26.302540,8.052920,4.358476,20.049934,17.905014,-4.877262,56.438965,5.483056,24.993305,10.375250,4.391746,15.942989,3.692863,5.695877,11.834752,10.596678,6.424899,-0.160431,-0.679311,9.796956,12.654407,-0.918512,-4.047025,0.000000,201.000000,4.000000,,,,0.000000,4.000000,4.000000,2.000000,4.000000,4.000000,4.000000,4.000000,4.000000,4.000000,4.000000,4.000000,4.000000,4.000000,4.000000,4.000000,4.000000,4.000000,4.000000,2.000000,4.000000,4.000000,4.000000,4.000000,4.000000,4.000000,4.000000,4.000000,4.000000,4.000000,4.000000,4.000000,4.000000,66.666664
1614076777.484296,80.000000,0.000000,-1.941742,4.352967,9.331964,12.742267,23.451702,8.466449,0.154351,8.156209,17.445402,25.763416,8.044868,2.815656,20.542706,18.912750,-7.949307,63.049194,4.964752,21.891388,10.364874,4.387354,12.337303,-0.413394,5.690181,12.335738,10.073261,6.418474,-0.673091,1.885471,11.325621,12.128932,-0.404773,-5.581439,0.000000,201.000000,4.000000,,,,0.000000,4.000000,4.000000,2.000000,4.000000,4.000000,4.000000,4.000000,4.000000,4.000000,4.000000,4.000000,4.000000,4.000000,4.000000,4.000000,4.000000,4.000000,4.000000,2.000000,4.000000,4.000000,4.000000,4.000000,4.000000,4.000000,4.000000,4.000000,4.000000,4.000000,4.000000,4.000000,4.000000,66.666664
1614076777.492045,81.000000,0.000000,-2.452621,4.348614,6.245709,16.832088,23.428249,8.457982,0.154197,7.635232,13.325392,24.199192,4.959899,3.838481,18.983700,13.765633,-5.377255,71.704094,5.472608,38.279755,13.944253,6.434249,12.837787,-7.079648,4.658850,10.272120,9.550367,6.412055,-0.159598,0.857944,11.314295,10.065521,-0.404368,-1.986114,0.000000,201.000000,4.000000,,,,0.000000,4.000000,4.000000,2.000000,4.000000,4.000000,4.000000,4.000000,4.000000,4.000000,4.000000,4.000000,4.000000,4.000000,4.000000,4.000000,4.000000,4.000000,4.000000,2.000000,4.000000,4.000000,4.000000,4.000000,4.000000,4.000000,4.000000,4.000000,4.000000,4.000000,4.000000,4.000000,4.000000,66.666664
1614076777.499894,82.000000,0.000000,-1.424527,4.344265,6.239464,15.276794,23.404821,7.936704,0.154043,8.140417,9.722322,21.098070,0.339555,4.860284,14.349333,5.546739,-7.423160,72.658028,3.415853,50.036346,9.827744,1.299610,5.132641,-7.072568,5.679832,11.800309,10.566458,6.405643,-0.159438,0.857086,13.867084,8.516994,-0.403964,7.246641,0.000000,204.000000,4.000000,,,,0.000000,4.000000,4.000000,2.000000,4.000000,4.000000,4.000000,4.000000,4.000000,4.000000,4.000000,4.000000,4.000000,4.000000,4.000000,4.000000,4.000000,4.000000,4.000000,2.000000,4.000000,4.000000,4.000000,4.000000,4.000000,4.000000,4.000000,4.000000,4.000000,4.000000,4.000000,4.000000,4.000000,66.666664
1614076777.507643,83.000000,0.000000,-2.448744,3.827100,7.258865,15.261518,21.842957,8.441587,0.153889,8.132277,9.712601,18.512869,-2.737708,-4.888166,10.745239,1.438628,-13.056763,58.739220,-3.254229,27.935028,2.638430,-15.111946,-9.231466,-13.219341,4.648511,12.301330,9.017429,6.912058,-1.184920,1.369050,14.366036,9.021297,-0.403560,11.854779,0.000000,197.000000,4.000000,,,,0.000000,4.000000,4.000000,2.000000,4.000000,4.000000,4.000000,4.000000,4.000000,4.000000,4.000000,4.000000,4.000000,4.000000,4.000000,4.000000,4.000000,4.000000,4.000000,2.000000,4.000000,4.000000,4.000000,4.000000,4.000000,4.000000,4.000000,4.000000,4.000000,4.000000,4.000000,4.000000,4.000000,66.666664
1614076777.515492,84.000000,0.000000,-6.548859,4.848914,6.225965,15.759077,19.769831,8.433146,0.153735,7.098504,9.702888,17.981535,-3.760611,-14.114047,11.247314,0.924369,-16.120628,36.629196,-6.327898,2.778887,7.251176,-20.737860,-6.658132,-17.308685,-0.997163,-1.044305,6.444310,5.879505,0.354727,0.854860,11.274748,9.012276,-0.403157,10.304462,0.000000,191.000000,4.000000,,,,0.000000,4.000000,4.000000,2.000000,4.000000,4.000000,4.000000,4.000000,4.000000,4.000000,4.000000,4.000000,4.000000,4.000000,4.000000,4.000000,4.000000,4.000000,4.000000,2.000000,4.000000,4.000000,4.000000,4.000000,4.000000,4.000000,4.000000,4.000000,4.000000,4.000000,4.000000,4.000000,4.000000,66.666664
1614076777.523241,85.000000,0.000000,-4.491028,7.408168,6.219739,15.743318,19.237240,8.424713,0.153581,8.117046,9.693185,20.014835,-4.269671,-8.971728,13.287350,5.538829,-2.771175,44.284874,-7.347211,11.494057,15.961873,1.846980,15.399808,-3.445224,-0.996166,-8.222748,7.976327,7.412087,4.969757,0.854005,10.237832,9.003263,4.212631,11.319799,0.000000,214.000000,4.000000,,,,0.000000,4.000000,4.000000,2.000000,4.000000,4.000000,4.000000,4.000000,4.000000,4.000000,4.000000,4.000000,4.000000,4.000000,4.000000,4.000000,4.000000,4.000000,4.000000,2.000000,4.000000,4.000000,4.000000,4.000000,4.000000,4.000000,4.000000,4.000000,4.000000,4.000000,4.000000,4.000000,4.000000,66.666664
1614076777.530990,86.000000,0.000000,3.718591,7.913580,6.726340,15.214754,19.730824,8.416288,0.153428,10.673032,10.196312,22.558924,-2.214119,-3.834551,11.735600,13.738419,15.180314,67.317513,-6.827044,31.482563,17.484373,22.357954,30.769024,8.353093,3.620215,9.734193,12.070915,10.481598,7.528889,0.853151,10.740415,9.507081,8.310983,10.282839,0.000000,209.000000,4.000000,,,,0.000000,4.000000,4.000000,2.000000,4.000000,4.000000,4.000000,4.000000,4.000000,4.000000,4.000000,4.000000,4.000000,4.000000,4.000000,4.000000,4.000000,4.000000,4.000000,2.000000,4.000000,4.000000,4.000000,4.000000,4.000000,4.000000,4.000000,4.000000,4.000000,4.000000,4.000000,4.000000,4.000000,66.666664
1614076777.538739,87.000000,0.000000,4.740514,7.905667,5.693973,12.635437,19.198273,8.407872,-0.359546,11.175179,8.647655,21.510723,3.429120,-3.317896,15.313608,17.314425,22.857441,66.224556,3.949014,31.963902,16.954069,24.386877,31.763895,8.344740,5.667877,24.596254,13.084485,6.881373,7.008540,0.852298,10.729674,6.420651,6.251390,3.093068,0.000000,203.000000,4.000000,,,,0.000000,4.000000,4.000000,2.000000,4.000000,4.000000,4.000000,4.000000,4.000000,4.000000,4.000000,4.000000,4.000000,4.000000,4.000000,4.000000,4.000000,4.000000,4.000000,2.000000,4.000000,4.000000,4.000000,4.000000,4.000000,4.000000,4.000000,4.000000,4.000000,4.000000,4.000000,4.000000,4.000000,66.666664
1614076777.546388,88.000000,0.000000,1.658850,9.949043,3.636997,11.084340,19.691895,8.399464,0.666454,13.215286,12.228750,22.514854,13.169281,5.403370,31.708551,23.963776,34.629456,77.440384,18.304039,30.906296,16.937115,24.362492,30.193670,11.926139,8.739132,14.828068,15.122683,2.771927,7.001532,0.851446,10.206124,1.798846,1.116933,-1.525409,0.000000,188.000000,4.000000,,,,0.000000,4.000000,4.000000,2.000000,4.000000,4.000000,4.000000,4.000000,4.000000,4.000000,4.000000,4.000000,4.000000,4.000000,4.000000,4.000000,4.000000,4.000000,4.000000,2.000000,4.000000,4.000000,4.000000,4.000000,4.000000,4.000000,4.000000,4.000000,4.000000,4.000000,4.000000,4.000000,4.000000,66.666664
1614076777.554138,89.000000,0.000000,3.708473,11.990376,2.607719,12.098896,20.185022,8.391065,2.717070,20.381557,19.396009,27.620544,19.822779,15.654377,38.343510,33.170582,45.876877,109.157814,21.875479,39.080517,11.791972,22.286846,27.086554,10.888572,12.832957,7.120932,20.748585,5.333258,7.507350,0.850594,10.708738,1.797047,-0.935466,-0.498243,0.000000,222.000000,4.000000,,,,0.000000,4.000000,4.000000,2.000000,4.000000,4.000000,4.000000,4.000000,4.000000,4.000000,4.000000,4.000000,4.000000,4.000000,4.000000,4.000000,4.000000,4.000000,4.000000,2.000000,4.000000,4.000000,4.000000,4.000000,4.000000,4.000000,4.000000,4.000000,4.000000,4.000000,4.000000,4.000000,4.000000,66.666664
1614076777.561787,90.000000,0.000000,6.268867,11.465566,2.605111,10.548336,18.626377,8.382673,4.252814,21.386818,18.863792,30.669847,18.777315,15.638723,20.356447,24.419462,27.369463,88.535835,19.802322,28.785027,6.139154,13.033791,19.879980,-5.532573,11.281663,13.780478,21.240658,5.327925,6.987022,0.849744,10.698030,2.308070,-0.421710,-0.497745,0.000000,127.000000,4.000000,,,,0.000000,4.000000,4.000000,2.000000,4.000000,4.000000,4.000000,4.000000,4.000000,4.000000,4.000000,4.000000,4.000000,4.000000,4.000000,4.000000,4.000000,4.000000,4.000000,2.000000,4.000000,4.000000,4.000000,4.000000,4.000000,4.000000,4.000000,4.000000,4.000000,4.000000,4.000000,4.000000,4.000000,66.666664
1614076777.569536,91.000000,0.000000,5.236958,11.454100,3.115326,7.973685,16.043648,8.374290,3.735741,13.673122,14.229544,29.613535,18.758537,14.084622,13.156605,11.061709,4.777990,56.139606,19.782518,16.961370,6.645836,7.379731,15.757536,-10.655246,9.219099,13.766697,21.219418,3.271315,6.980035,0.848894,10.687331,1.280121,-0.421288,-1.010067,0.000000,218.000000,4.000000,,,,0.000000,4.000000,4.000000,2.000000,4.000000,4.000000,4.000000,4.000000,4.000000,4.000000,4.000000,4.000000,4.000000,4.000000,4.000000,4.000000,4.000000,4.000000,4.000000,2.000000,4.000000,4.000000,4.000000,4.000000,4.000000,4.000000,4.000000,4.000000,4.000000,4.000000,4.000000,4.000000,4.000000,66.666664
1614076777.577185,92.000000,0.000000,5.231720,11.442646,3.112211,10.016994,16.027603,8.365916,3.732005,11.095347,13.189673,30.096743,19.252600,14.070539,25.963961,20.281416,12.978340,69.929619,19.762737,36.431587,11.254575,7.885172,15.741778,4.227205,11.261162,7.086264,24.787941,7.370608,6.460235,0.848045,10.676644,2.817302,-0.933687,-0.496237,0.000000,182.000000,4.000000,,,,0.000000,4.000000,4.000000,2.000000,4.000000,4.000000,4.000000,4.000000,4.000000,4.000000,4.000000,4.000000,4.000000,4.000000,4.000000,4.000000,4.000000,4.000000,4.000000,2.000000,4.000000,4.000000,4.000000,4.000000,4.000000,4.000000,4.000000,4.000000,4.000000,4.000000,4.000000,4.000000,4.000000,66.666664
1614076777.584934,93.000000,0.000000,5.739309,11.431203,0.032176,11.032618,16.011576,8.870371,3.728273,11.084251,13.176484,29.553825,13.592321,14.056468,24.912355,25.902161,21.683311,102.680206,17.691692,55.882336,16.371525,6.851645,14.700396,11.915285,10.737081,8.617639,21.686230,9.927340,6.453775,0.847197,10.665968,0.763203,-0.419933,-0.495741,0.000000,198.000000,4.000000,,,,0.000000,4.000000,4.000000,2.000000,4.000000,4.000000,4.000000,4.000000,4.000000,4.000000,4.000000,4.000000,4.000000,4.000000,4.000000,4.000000,4.000000,4.000000,4.000000,2.000000,4.000000,4.000000,4.000000,4.000000,4.000000,4.000000,4.000000,4.000000,4.000000,4.000000,4.000000,4.000000,4.000000,66.666664
1614076777.592583,94.000000,0.000000,4.195108,11.419772,-4.070420,6.919021,13.944283,8.348680,3.724545,4.406501,10.086384,22.344784,5.886421,15.068052,11.554110,7.414721,8.841115,99.500603,10.494514,38.903378,14.303871,2.742230,13.147233,7.800806,8.675061,11.173123,9.869672,4.789207,6.960142,0.846350,10.655301,-8.468329,-0.419513,-3.059347,0.000000,194.000000,4.000000,,,,0.000000,4.000000,4.000000,2.000000,4.000000,4.000000,4.000000,4.000000,4.000000,4.000000,4.000000,4.000000,4.000000,4.000000,4.000000,4.000000,4.000000,4.000000,4.000000,2.000000,4.000000,4.000000,4.000000,4.000000,4.000000,4.000000,4.000000,4.000000,4.000000,4.000000,4.000000,4.000000,4.000000,66.666664
1614076777.600332,95.000000,0.000000,2.139631,11.408352,-5.091991,3.835179,12.391877,8.340331,3.720820,0.812351,9.050656,15.142953,1.265150,10.437599,5.901530,-5.413207,-4.501060,67.093407,0.227608,8.608064,5.058798,-3.414359,11.595625,6.767364,8.153565,7.059387,5.244418,2.733136,6.440361,0.845503,10.644647,-14.100886,-0.419094,-4.081929,0.000000,189.000000,4.000000,,,,0.000000,4.000000,4.000000,2.000000,4.000000,4.000000,4.000000,4.000000,4.000000,4.000000,4.000000,4.000000,4.000000,4.000000,4.000000,4.000000,4.000000,4.000000,4.000000,2.000000,4.000000,4.000000,4.000000,4.000000,4.000000,4.000000,4.000000,4.000000,4.000000,4.000000,4.000000,4.000000,4.000000,66.666664
1614076777.607981,96.000000,0.000000,1.111851,11.396944,-4.061258,4.344164,12.379485,9.357632,3.717099,2.862820,10.067247,14.614989,3.315167,6.324598,6.921270,0.233232,-3.983738,36.257084,0.740201,2.445609,9.156303,0.691620,16.199413,9.324699,8.658233,3.462584,8.316096,3.756044,7.459561,0.844658,10.634002,-11.522683,-0.418675,-3.565027,8064.000000,0.000000,4.000000,,,,0.000000,4.000000,4.000000,2.000000,4.000000,4.000000,4.000000,4.000000,4.000000,4.000000,4.000000,4.000000,4.000000,4.000000,4.000000,4.000000,4.000000,4.000000,4.000000,2.000000,4.000000,4.000000,4.000000,4.000000,4.000000,4.000000,4.000000,4.000000,4.000000,4.000000,4.000000,4.000000,4.000000,66.666664
1614076777.615731,97.000000,0.000000,2.136380,11.385547,-5.082838,4.339820,12.367105,6.784172,3.713382,3.885599,10.057179,15.113194,16.645185,14.010581,22.811785,12.027870,16.533066,65.451599,18.175358,35.263676,33.249710,26.331953,31.055010,11.366656,9.675216,3.971941,9.846242,2.726647,12.580307,0.843813,10.623367,-8.434237,-0.418256,-4.074282,8064.000000,0.000000,4.000000,,,,0.000000,4.000000,4.000000,2.000000,4.000000,4.000000,4.000000,4.000000,4.000000,4.000000,4.000000,4.000000,4.000000,4.000000,4.000000,4.000000,4.000000,4.000000,4.000000,2.000000,4.000000,4.000000,4.000000,4.000000,4.000000,4.000000,4.000000,4.000000,4.000000,4.000000,4.000000,4.000000,4.000000,66.666664
1614076777.623380,98.000000,0.000000,1.621423,11.886982,-4.564934,4.848300,12.867559,1.649183,3.709669,7.984277,10.047123,15.098082,30.474693,22.714520,42.276154,25.349176,41.131916,98.206657,30.977695,65.997643,43.985691,46.818443,36.152161,11.868111,12.229643,7.044893,11.887677,3.749561,18.208752,0.842969,11.125565,-9.451445,-0.417838,-4.070208,8064.000000,0.000000,4.000000,,,,0.000000,4.000000,4.000000,2.000000,4.000000,4.000000,4.000000,4.000000,4.000000,4.000000,4.000000,4.000000,4.000000,4.000000,4.000000,4.000000,4.000000,4.000000,4.000000,2.000000,4.000000,4.000000,4.000000,4.000000,4.000000,4.000000,4.000000,4.000000,4.000000,4.000000,4.000000,4.000000,4.000000,66.666664
1614076777.631129,99.000000,0.000000,1.619802,10.849454,-4.047549,2.279350,12.341871,0.621892,3.705959,15.155780,10.037076,14.570163,26.341656,19.102060,33.003105,25.836647,30.321554,75.544350,24.792871,34.649593,22.403246,32.412651,21.757032,9.804960,12.217413,12.166053,13.927072,1.694529,16.652082,0.842126,10.088799,-9.441993,0.095401,-3.553317,8064.000000,0.000000,4.000000,,,,0.000000,4.000000,4.000000,2.000000,4.000000,4.000000,4.000000,4.000000,4.000000,4.000000,4.000000,4.000000,4.000000,4.000000,4.000000,4.000000,4.000000,4.000000,4.000000,2.000000,4.000000,4.000000,4.000000,4.000000,4.000000,4.000000,4.000000,4.000000,4.000000,4.000000,4.000000,4.000000,4.000000,66.666664
1614076777.638778,100.000000,0.000000,2.131002,6.736040,-8.146066,-4.389596,5.662862,1.134091,3.702253,16.166265,10.027039,10.453029,15.546082,14.980394,16.047026,9.913375,2.598926,43.161110,14.511669,2.307253,-2.234543,7.252032,8.401942,8.256694,10.153913,10.615425,10.836222,-8.563576,10.994405,-1.209998,6.488966,-8.919730,-1.443156,-6.113866,8064.000000,0.000000,4.000000,,,,0.000000,4.000000,4.000000,2.000000,4.000000,4.000000,4.000000,4.000000,4.000000,4.000000,4.000000,4.000000,4.000000,4.000000,4.000000,4.000000,4.000000,4.000000,4.000000,2.000000,4.000000,4.000000,4.000000,4.000000,4.000000,4.000000,4.000000,4.000000,4.000000,4.000000,4.000000,4.000000,4.000000,66.666664
1614076777.646527,101.000000,0.000000,0.590410,3.652381,-11.727663,-7.462130,-1.522288,-0.918325,3.698551,12.560355,11.042652,4.801550,11.427972,13.426953,16.543800,2.211154,-2.531878,66.707695,7.830491,18.202381,-6.334872,1.090934,5.829438,6.197155,7.579657,1.374041,6.210001,-16.247320,6.368025,-2.747249,1.867092,-8.910810,-3.492995,-10.723137,8064.000000,0.000000,4.000000,,,,0.000000,4.000000,4.000000,2.000000,4.000000,4.000000,4.000000,4.000000,4.000000,4.000000,4.000000,4.000000,4.000000,4.000000,4.000000,4.000000,4.000000,4.000000,4.000000,2.000000,4.000000,4.000000,4.000000,4.000000,4.000000,4.000000,4.000000,4.000000,4.000000,4.000000,4.000000,4.000000,4.000000,66.666664
1614076777.654176,102.000000,0.000000,-1.461463,3.648729,-12.228756,-6.941847,-3.059227,-2.968689,3.694853,12.034974,8.980328,3.258287,4.749877,4.695577,8.834949,2.721763,-9.196013,54.333294,-1.408109,28.440590,-3.764435,-3.012721,4.285147,0.549932,1.931052,-4.268359,5.690970,-15.718251,3.797555,-3.257323,-0.186057,-8.901899,-4.515143,-11.738055,8064.000000,0.000000,4.000000,,,,0.000000,4.000000,4.000000,2.000000,4.000000,4.000000,4.000000,4.000000,4.000000,4.000000,4.000000,4.000000,4.000000,4.000000,4.000000,4.000000,4.000000,4.000000,4.000000,2.000000,4.000000,4.000000,4.000000,4.000000,4.000000,4.000000,4.000000,4.000000,4.000000,4.000000,4.000000,4.000000,4.000000,66.666664
1614076777.661925,103.000000,0.000000,-2.485642,4.157900,-11.190886,-6.422085,-2.030527,-2.965720,3.691158,8.946016,2.304681,4.280670,-3.972821,-5.052708,-6.045681,-2.921985,-25.084253,21.971268,-8.073368,4.309585,-6.837594,-12.753299,1.203939,-3.553182,-3.199084,-3.751270,6.198100,-15.189713,2.768116,-2.741245,-0.698691,-8.380177,-3.997808,-11.213496,8064.000000,0.000000,4.000000,,,,0.000000,4.000000,4.000000,2.000000,4.000000,4.000000,4.000000,4.000000,4.000000,4.000000,4.000000,4.000000,4.000000,4.000000,4.000000,4.000000,4.000000,4.000000,4.000000,2.000000,4.000000,4.000000,4.000000,4.000000,4.000000,4.000000,4.000000,4.000000,4.000000,4.000000,4.000000,4.000000,4.000000,66.666664
1614076777.669575,104.000000,0.000000,-1.970336,3.640922,-11.692515,-4.877201,-2.541317,-2.449934,3.687467,3.808865,-0.774547,3.763568,-4.994489,-5.047656,-2.962713,-3.431883,-19.418142,54.256989,-7.039653,11.484762,-5.805115,-14.791827,1.202735,-3.549629,-2.683065,-3.234698,6.191902,-16.200165,2.765348,-2.738503,-0.697993,-8.371798,-3.993810,-11.202283,8064.000000,0.000000,4.000000,,,,0.000000,4.000000,4.000000,2.000000,4.000000,4.000000,4.000000,4.000000,4.000000,4.000000,4.000000,4.000000,4.000000,4.000000,4.000000,4.000000,4.000000,4.000000,4.000000,2.000000,4.000000,4.000000,4.000000,4.000000,4.000000,4.000000,4.000000,4.000000,4.000000,4.000000,4.000000,4.000000,4.000000,66.666664
1614076777.677424,105.000000,0.000000,-1.968366,4.150102,-11.680823,-2.821042,-2.538775,-2.447484,3.170959,0.728133,-1.286593,3.759805,-4.989495,-4.016967,-3.472570,-4.454093,-16.834623,61.895039,-7.032614,25.319431,-0.158284,-15.289856,2.227173,-3.033259,-3.193202,-4.257105,5.672889,-15.671144,2.762583,-3.248585,-0.697295,-9.389067,-3.989816,-11.191081,8064.000000,0.000000,4.000000,,,,0.000000,4.000000,4.000000,2.000000,4.000000,4.000000,4.000000,4.000000,4.000000,4.000000,4.000000,4.000000,4.000000,4.000000,4.000000,4.000000,4.000000,4.000000,4.000000,2.000000,4.000000,4.000000,4.000000,4.000000,4.000000,4.000000,4.000000,4.000000,4.000000,4.000000,4.000000,4.000000,4.000000,66.666664
1614076777.685173,106.000000,0.000000,-1.966398,4.145951,-11.669143,-2.305400,-2.023416,-2.445036,0.603685,-0.298236,-5.900691,4.268866,-8.061428,-5.038591,-10.648585,-15.218869,-32.715225,29.525454,-7.025581,5.294112,2.405977,-12.197643,2.224946,-3.030225,-2.677188,-4.252848,6.180037,-15.142652,3.272641,-1.706875,-0.183777,-8.354036,-3.985826,-11.179890,7936.000000,0.000000,4.000000,,,,0.000000,4.000000,4.000000,2.000000,4.000000,4.000000,4.000000,4.000000,4.000000,4.000000,4.000000,4.000000,4.000000,4.000000,4.000000,4.000000,4.000000,4.000000,4.000000,2.000000,4.000000,4.000000,4.000000,4.000000,4.000000,4.000000,4.000000,4.000000,4.000000,4.000000,4.000000,4.000000,4.000000,66.666664
1614076777.693022,107.000000,0.000000,-1.964431,4.141806,-11.657474,-2.303095,-2.021393,-2.442591,-0.422560,1.753345,-9.484534,4.264596,-6.002085,-0.930988,2.182576,-13.665189,-21.913279,45.393364,-0.864709,7.852920,2.403571,7.814555,2.222721,-1.488734,4.504976,-1.684492,6.173857,-15.127509,3.269368,0.346114,-0.183593,-7.832862,-3.981840,-10.655890,8064.000000,0.000000,4.000000,,,,0.000000,4.000000,4.000000,2.000000,4.000000,4.000000,4.000000,4.000000,4.000000,4.000000,4.000000,4.000000,4.000000,4.000000,4.000000,4.000000,4.000000,4.000000,4.000000,2.000000,4.000000,4.000000,4.000000,4.000000,4.000000,4.000000,4.000000,4.000000,4.000000,4.000000,4.000000,4.000000,4.000000,66.666664
1614076777.700771,108.000000,0.000000,-1.962467,4.137664,-11.645816,-4.352074,-2.019371,-2.440149,1.629145,6.366976,-8.449409,4.260332,-0.867878,3.172507,19.103472,-2.369472,3.236841,78.168480,4.777181,27.845068,2.401167,20.627253,2.220498,1.076858,9.628676,2.419756,6.167683,-15.112382,3.266099,1.371409,-0.183410,-12.953234,-3.977859,-10.645233,8064.000000,0.000000,4.000000,,,,0.000000,4.000000,4.000000,2.000000,4.000000,4.000000,4.000000,4.000000,4.000000,4.000000,4.000000,4.000000,4.000000,4.000000,4.000000,4.000000,4.000000,4.000000,4.000000,2.000000,4.000000,4.000000,4.000000,4.000000,4.000000,4.000000,4.000000,4.000000,4.000000,4.000000,4.000000,4.000000,4.000000,66.666664
1614076777.708620,109.000000,0.000000,-1.960504,4.646347,-11.634170,-5.886183,-2.017352,-2.437709,3.678798,7.386250,-8.440959,4.256072,0.158631,2.143693,15.494624,-1.341462,2.207963,61.167236,5.285224,18.586452,1.373125,11.375856,1.705457,1.075781,8.593407,4.468619,5.648695,-15.097269,3.262833,1.370037,-0.183226,-14.478743,-3.973881,-15.249972,8064.000000,0.000000,4.000000,,,,0.000000,4.000000,4.000000,2.000000,4.000000,4.000000,4.000000,4.000000,4.000000,4.000000,4.000000,4.000000,4.000000,4.000000,4.000000,4.000000,4.000000,4.000000,4.000000,2.000000,4.000000,4.000000,4.000000,4.000000,4.000000,4.000000,4.000000,4.000000,4.000000,4.000000,4.000000,4.000000,4.000000,66.666664
1614076777.716369,110.000000,0.000000,-1.958544,4.641700,-11.622536,-5.880297,-2.015335,-1.922451,3.675119,4.301940,-8.432518,4.251816,0.158473,-0.422553,11.376565,4.813726,3.231396,55.977863,4.767118,21.644789,4.448675,9.313199,2.216572,-2.002218,8.584813,3.951329,6.155867,-15.082172,3.259570,0.855847,0.329778,-10.361699,-3.969907,-18.311646,8064.000000,0.000000,4.000000,,,,0.000000,4.000000,4.000000,2.000000,4.000000,4.000000,4.000000,4.000000,4.000000,4.000000,4.000000,4.000000,4.000000,4.000000,4.000000,4.000000,4.000000,4.000000,4.000000,2.000000,4.000000,4.000000,4.000000,4.000000,4.000000,4.000000,4.000000,4.000000,4.000000,4.000000,4.000000,4.000000,4.000000,66.666664
1614076777.724218,111.000000,0.000000,-1.956585,4.124238,-11.610913,-8.438519,-2.013319,-2.433349,3.671444,3.784818,-7.911265,4.247564,0.671135,-0.422130,11.878009,15.578143,11.433292,88.742401,4.762352,42.135967,11.110893,12.893629,1.701535,-6.615601,9.601870,3.947378,6.149711,-15.067090,3.769131,-3.247573,-1.209014,-11.376979,-3.965937,-16.242052,8064.000000,0.000000,4.000000,,,,0.000000,4.000000,4.000000,2.000000,4.000000,4.000000,4.000000,4.000000,4.000000,4.000000,4.000000,4.000000,4.000000,4.000000,4.000000,4.000000,4.000000,4.000000,4.000000,2.000000,4.000000,4.000000,4.000000,4.000000,4.000000,4.000000,4.000000,4.000000,4.000000,4.000000,4.000000,4.000000,4.000000,66.666664
1614076777.731967,112.000000,0.000000,-1.954629,4.632934,-11.599302,-8.430081,-2.011306,-2.430915,3.667773,3.781033,-8.928995,4.243316,-1.380818,0.091112,7.250746,6.331796,0.652629,64.551094,1.680666,22.606649,13.151064,-0.965418,1.699834,-7.634626,6.515344,4.456252,5.117920,-15.564843,2.226900,-6.834069,-3.259087,-16.493807,-3.961971,-14.174528,8064.000000,0.000000,4.000000,,,,0.000000,4.000000,4.000000,2.000000,4.000000,4.000000,4.000000,4.000000,4.000000,4.000000,4.000000,4.000000,4.000000,4.000000,4.000000,4.000000,4.000000,4.000000,4.000000,2.000000,4.000000,4.000000,4.000000,4.000000,4.000000,4.000000,4.000000,4.000000,4.000000,4.000000,4.000000,4.000000,4.000000,66.666664
1614076777.739816,113.000000,0.000000,-1.952674,5.141122,-11.074883,-5.857548,-2.009295,0.648439,4.176925,0.700329,-7.381604,4.239073,-1.892258,-0.421799,7.756316,-2.905305,-2.937768,32.178848,1.166165,1.045582,9.548169,-7.118299,5.287877,-5.062889,4.457547,3.938975,6.651264,-15.036458,0.173391,-6.314415,-4.281469,-12.887569,-3.958009,-14.673174,8064.000000,0.000000,4.000000,,,,0.000000,4.000000,4.000000,2.000000,4.000000,4.000000,4.000000,4.000000,4.000000,4.000000,4.000000,4.000000,4.000000,4.000000,4.000000,4.000000,4.000000,4.000000,4.000000,2.000000,4.000000,4.000000,4.000000,4.000000,4.000000,4.000000,4.000000,4.000000,4.000000,4.000000,4.000000,4.000000,4.000000,66.666664
1614076777.747565,114.000000,0.000000,-1.950721,-0.505045,-11.576628,-9.441434,-1.494465,2.699072,2.634287,-0.838833,-2.246017,4.234834,2.212198,-0.421377,14.928047,5.815549,12.449785,57.787697,6.293204,20.531715,9.025801,9.299075,9.385154,-3.006544,7.017192,3.935036,11.259997,-12.457319,-0.852423,-6.308100,-3.764367,-7.746477,-3.954051,-14.145680,8064.000000,0.000000,4.000000,,,,0.000000,4.000000,4.000000,2.000000,4.000000,4.000000,4.000000,4.000000,4.000000,4.000000,4.000000,4.000000,4.000000,4.000000,4.000000,4.000000,4.000000,4.000000,4.000000,2.000000,4.000000,4.000000,4.000000,4.000000,4.000000,4.000000,4.000000,4.000000,4.000000,4.000000,4.000000,4.000000,4.000000,66.666664
1614076777.755414,115.000000,0.000000,-1.948771,-6.658386,-11.565052,-17.124300,-3.544252,-3.457473,0.067550,1.726109,-1.218130,4.230599,4.261268,-0.420956,14.400298,10.425117,13.462976,69.011963,8.851013,31.793236,10.042417,18.520546,9.888589,-3.003537,8.548636,3.931101,13.812840,-11.419221,-0.338750,-6.814613,-3.760602,-8.251551,-3.950097,-15.669996,8064.000000,0.000000,4.000000,,,,0.000000,4.000000,4.000000,2.000000,4.000000,4.000000,4.000000,4.000000,4.000000,4.000000,4.000000,4.000000,4.000000,4.000000,4.000000,4.000000,4.000000,4.000000,4.000000,2.000000,4.000000,4.000000,4.000000,4.000000,4.000000,4.000000,4.000000,4.000000,4.000000,4.000000,4.000000,4.000000,4.000000,66.666664
1614076777.763163,116.000000,0.000000,-1.946822,-7.677369,-11.040666,-18.132818,-5.591990,-9.607862,-0.445338,6.852588,-3.781015,4.226368,4.257007,-0.420535,11.821795,6.824949,3.705924,49.968590,8.329342,23.556314,9.519553,12.860999,9.365880,-3.000534,8.540088,3.927170,13.286206,-10.382160,-0.338412,-6.294978,-3.756842,-8.756120,-3.946147,-17.705608,8064.000000,0.000000,4.000000,,,,0.000000,4.000000,4.000000,2.000000,4.000000,4.000000,4.000000,4.000000,4.000000,4.000000,4.000000,4.000000,4.000000,4.000000,4.000000,4.000000,4.000000,4.000000,4.000000,2.000000,4.000000,4.000000,4.000000,4.000000,4.000000,4.000000,4.000000,4.000000,4.000000,4.000000,4.000000,4.000000,4.000000,66.666664
1614076777.771012,117.000000,0.000000,-1.944875,-6.131230,-12.568087,-17.089043,-5.586398,-7.546972,0.067928,8.897017,-2.751593,4.222142,4.252750,-0.420115,12.322794,3.741201,-2.451628,41.713493,8.321012,20.455835,9.510034,11.822497,7.818052,-2.997533,11.095650,3.923242,13.272920,-8.320497,-0.338073,-6.288683,-3.753085,-9.773005,-3.942201,-18.200724,8064.000000,0.000000,4.000000,,,,0.000000,4.000000,4.000000,2.000000,4.000000,4.000000,4.000000,4.000000,4.000000,4.000000,4.000000,4.000000,4.000000,4.000000,4.000000,4.000000,4.000000,4.000000,4.000000,2.000000,4.000000,4.000000,4.000000,4.000000,4.000000,4.000000,4.000000,4.000000,4.000000,4.000000,4.000000,4.000000,4.000000,66.666664
1614076777.778761,118.000000,0.000000,-1.942930,-7.663560,-15.119621,-18.610416,-6.093632,-6.000963,0.067860,7.862479,-0.184739,4.217920,2.710036,-0.419694,10.772010,-2.416386,-9.628663,33.979473,6.774230,18.896917,8.987703,11.810675,5.758952,-2.994535,11.084555,3.919319,13.259647,-7.286535,-0.337735,-6.795215,-3.749332,-12.327334,-3.938258,-20.746626,8064.000000,0.000000,4.000000,,,,0.000000,4.000000,4.000000,2.000000,4.000000,4.000000,4.000000,4.000000,4.000000,4.000000,4.000000,4.000000,4.000000,4.000000,4.000000,4.000000,4.000000,4.000000,4.000000,2.000000,4.000000,4.000000,4.000000,4.000000,4.000000,4.000000,4.000000,4.000000,4.000000,4.000000,4.000000,4.000000,4.000000,66.666664
1614076777.786410,119.000000,0.000000,-1.940987,-7.143076,-15.617322,-12.950780,-5.574718,-6.507782,0.067792,7.854617,0.841087,4.213702,5.271428,-0.419275,14.350982,-0.875508,-2.439548,50.355747,4.716174,28.108789,9.491536,9.234762,5.240373,-2.991541,9.022188,3.915400,13.246387,-7.792068,-0.337397,-6.275599,-3.745583,-12.827827,-3.934320,-21.751520,8064.000000,0.000000,4.000000,,,,0.000000,4.000000,4.000000,2.000000,4.000000,4.000000,4.000000,4.000000,4.000000,4.000000,4.000000,4.000000,4.000000,4.000000,4.000000,4.000000,4.000000,4.000000,4.000000,2.000000,4.000000,4.000000,4.000000,4.000000,4.000000,4.000000,4.000000,4.000000,4.000000,4.000000,4.000000,4.000000,4.000000,66.666664
1614076777.794159,120.000000,0.000000,-1.939046,-3.546189,-15.088884,-6.271163,-5.056323,-5.988454,0.067724,7.846762,2.378708,4.209488,9.881541,-0.418855,19.977655,8.356136,11.409046,83.125908,7.788381,42.439655,11.533326,8.712707,5.747953,-2.475729,8.500345,3.911484,13.745961,-7.784276,-0.337060,-6.269323,-3.741837,-11.789359,-3.930386,-18.140024,8064.000000,0.000000,4.000000,,,,0.000000,4.000000,4.000000,2.000000,4.000000,4.000000,4.000000,4.000000,4.000000,4.000000,4.000000,4.000000,4.000000,4.000000,4.000000,4.000000,4.000000,4.000000,4.000000,2.000000,4.000000,4.000000,4.000000,4.000000,4.000000,4.000000,4.000000,4.000000,4.000000,4.000000,4.000000,4.000000,4.000000,66.666664
1614076777.801808,121.000000,0.000000,-1.937107,-2.517002,-15.073795,-8.316174,-7.615369,-7.520927,0.067656,1.172249,-0.700594,3.692458,5.256275,-0.931257,11.239730,4.245216,0.628406,60.991497,8.806233,28.038240,7.419229,6.139891,5.229384,-2.986074,6.440563,3.907573,12.193754,-8.289312,-0.336723,-6.775875,-4.250916,-12.803210,-3.926455,-18.634705,8064.000000,0.000000,4.000000,,,,0.000000,4.000000,4.000000,2.000000,4.000000,4.000000,4.000000,4.000000,4.000000,4.000000,4.000000,4.000000,4.000000,4.000000,4.000000,4.000000,4.000000,4.000000,4.000000,2.000000,4.000000,4.000000,4.000000,4.000000,4.000000,4.000000,4.000000,4.000000,4.000000,4.000000,4.000000,4.000000,4.000000,66.666664
1614076777.809557,122.000000,0.000000,-2.960811,-4.052947,-15.571542,-7.795037,-9.146215,-8.539047,0.067589,-7.034052,-4.289637,3.175945,-1.415648,-1.443146,-1.079202,-5.502619,-10.654274,28.622814,6.233325,12.625587,4.334887,6.133751,4.711335,-4.521549,4.382840,3.390845,9.617457,-6.742562,-0.849207,-5.743457,-3.221024,-12.277587,-3.922529,-17.590429,8064.000000,0.000000,4.000000,,,,0.000000,4.000000,4.000000,2.000000,4.000000,4.000000,4.000000,4.000000,4.000000,4.000000,4.000000,4.000000,4.000000,4.000000,4.000000,4.000000,4.000000,4.000000,4.000000,2.000000,4.000000,4.000000,4.000000,4.000000,4.000000,4.000000,4.000000,4.000000,4.000000,4.000000,4.000000,4.000000,4.000000,66.666664
1614076777.817207,123.000000,0.000000,-0.906568,-0.971971,-13.504688,-0.607754,-5.034505,-4.940765,0.067521,-4.975736,-2.746886,3.685590,2.688332,-0.416062,4.562902,-2.420193,2.176893,51.671116,10.842476,33.125782,14.074142,13.307105,6.245085,-2.978566,8.481021,3.387454,9.095020,-2.120435,-0.848358,-1.122329,-1.166521,-7.649924,-2.380145,-4.752326,8064.000000,0.000000,4.000000,,,,0.000000,4.000000,4.000000,2.000000,4.000000,4.000000,4.000000,4.000000,4.000000,4.000000,4.000000,4.000000,4.000000,4.000000,4.000000,4.000000,4.000000,4.000000,4.000000,2.000000,4.000000,4.000000,4.000000,4.000000,4.000000,4.000000,4.000000,4.000000,4.000000,4.000000,4.000000,4.000000,4.000000,66.666664
1614076777.824956,124.000000,0.000000,1.658441,3.644386,-11.439902,2.469776,-1.439727,-1.346081,0.067454,4.772830,-0.692857,4.194725,8.326669,-0.415646,14.814750,-1.904952,10.892665,70.593803,15.447018,39.246502,14.572888,14.832259,5.726019,-1.437126,10.523823,5.948169,9.598745,0.445788,0.178132,1.442895,0.373107,-4.565351,-0.326483,-0.132189,8064.000000,0.000000,4.000000,,,,0.000000,4.000000,4.000000,2.000000,4.000000,4.000000,4.000000,4.000000,4.000000,4.000000,4.000000,4.000000,4.000000,4.000000,4.000000,4.000000,4.000000,4.000000,4.000000,2.000000,4.000000,4.000000,4.000000,4.000000,4.000000,4.000000,4.000000,4.000000,4.000000,4.000000,4.000000,4.000000,4.000000,66.666664
1614076777.832605,125.000000,0.000000,1.143962,5.179203,-11.428462,0.928845,-2.463928,-2.370375,0.067386,5.793698,-0.692164,2.652069,6.267060,-1.953692,14.799935,-5.492791,3.189465,42.830902,8.764904,10.489307,-5.954505,9.176401,2.130549,-8.615176,7.949196,8.506324,9.076326,-0.580298,-1.360508,0.928632,-0.140086,-4.560786,-0.326156,-11.926929,8064.000000,0.000000,4.000000,,,,0.000000,4.000000,4.000000,2.000000,4.000000,4.000000,4.000000,4.000000,4.000000,4.000000,4.000000,4.000000,4.000000,4.000000,4.000000,4.000000,4.000000,4.000000,4.000000,2.000000,4.000000,4.000000,4.000000,4.000000,4.000000,4.000000,4.000000,4.000000,4.000000,4.000000,4.000000,4.000000,4.000000,66.666664
1614076777.840354,126.000000,0.000000,2.681280,4.148383,-11.417033,0.927916,-1.435823,-2.880826,0.067319,7.326366,0.846990,6.239160,9.850537,4.714928,18.374880,5.794753,3.699096,47.403454,7.730498,3.812151,-7.999833,9.167225,5.718163,-6.042459,11.530991,6.959356,9.067249,-0.579718,-0.333506,0.927703,-0.652767,-5.069046,-0.325830,-19.607309,8064.000000,0.000000,4.000000,,,,0.000000,4.000000,4.000000,2.000000,4.000000,4.000000,4.000000,4.000000,4.000000,4.000000,4.000000,4.000000,4.000000,4.000000,4.000000,4.000000,4.000000,4.000000,4.000000,2.000000,4.000000,4.000000,4.000000,4.000000,4.000000,4.000000,4.000000,4.000000,4.000000,4.000000,4.000000,4.000000,4.000000,66.666664
1614076777.848003,127.000000,0.000000,7.806803,4.144235,-10.892796,1.439809,1.642536,-1.852304,0.067252,16.549809,2.897424,16.489330,22.148378,18.556368,29.125734,20.660753,19.080011,80.176567,19.517639,29.449366,16.110731,14.286263,17.507317,14.989225,18.186127,6.952396,11.109465,-0.066318,6.846314,1.439596,0.373527,-4.551156,-0.325504,-18.049240,8064.000000,0.000000,4.000000,,,,0.000000,4.000000,4.000000,2.000000,4.000000,4.000000,4.000000,4.000000,4.000000,4.000000,4.000000,4.000000,4.000000,4.000000,4.000000,4.000000,4.000000,4.000000,4.000000,2.000000,4.000000,4.000000,4.000000,4.000000,4.000000,4.000000,4.000000,4.000000,4.000000,4.000000,4.000000,4.000000,4.000000,66.666664
1614076777.855752,0.000000,0.000000,8.311817,4.652911,-11.394724,0.925549,1.640893,-2.363272,0.067184,16.533258,3.920168,23.652328,25.203154,23.153196,32.173531,23.204195,24.189137,87.275871,22.062223,46.855812,21.735645,17.348900,21.079552,22.153723,20.732042,11.560828,13.149637,-0.579072,11.454853,0.925336,2.424436,-5.059425,-0.325179,-17.518370,0.000000,196.000000,4.000000,,,,0.000000,4.000000,4.000000,2.000000,4.000000,4.000000,4.000000,4.000000,4.000000,4.000000,4.000000,4.000000,4.000000,4.000000,4.000000,4.000000,4.000000,4.000000,4.000000,2.000000,4.000000,4.000000,4.000000,4.000000,4.000000,4.000000,4.000000,4.000000,4.000000,4.000000,4.000000,4.000000,4.000000,66.666664
1614076777.863401,1.000000,0.000000,5.226582,4.135437,-11.383329,0.924623,2.152073,-2.360909,0.067117,5.747495,5.454710,22.603035,20.049746,16.976196,27.525974,19.078426,10.318794,55.906548,11.270931,42.193573,7.354936,15.793089,14.391807,5.721313,19.172850,13.600550,13.136488,-0.578493,9.392116,0.924411,3.960473,-5.054366,-0.324854,-11.859827,0.000000,202.000000,4.000000,,,,0.000000,4.000000,4.000000,2.000000,4.000000,4.000000,4.000000,4.000000,4.000000,4.000000,4.000000,4.000000,4.000000,4.000000,4.000000,4.000000,4.000000,4.000000,4.000000,2.000000,4.000000,4.000000,4.000000,4.000000,4.000000,4.000000,4.000000,4.000000,4.000000,4.000000,4.000000,4.000000,4.000000,66.666664
1614076777.871151,2.000000,0.000000,5.221355,4.131302,-7.782202,0.923698,6.765305,-2.358548,0.067050,6.254568,6.987716,22.067612,18.491234,13.882297,26.472807,18.546528,1.077706,50.722435,6.644276,29.843687,3.245017,10.136271,12.326133,-2.489537,17.615215,8.971564,13.123351,-0.065094,6.818621,0.923486,3.443692,-5.049312,-0.324529,-3.642838,0.000000,197.000000,4.000000,,,,0.000000,4.000000,4.000000,2.000000,4.000000,4.000000,4.000000,4.000000,4.000000,4.000000,4.000000,4.000000,4.000000,4.000000,4.000000,4.000000,4.000000,4.000000,4.000000,2.000000,4.000000,4.000000,4.000000,4.000000,4.000000,4.000000,4.000000,4.000000,4.000000,4.000000,4.000000,4.000000,4.000000,66.666664
1614076777.878800,3.000000,0.000000,5.728955,4.127171,-4.184676,0.922775,10.348284,-2.356189,0.066983,15.479082,6.980729,23.584005,16.934280,13.355594,26.446335,18.527981,5.692013,66.056328,8.688913,26.224100,7.857156,5.510749,14.365088,2.128338,16.059137,6.911311,13.623048,-0.065029,6.811802,0.922563,3.440248,-5.044262,-0.324204,-6.203298,0.000000,187.000000,4.000000,,,,0.000000,4.000000,4.000000,2.000000,4.000000,4.000000,4.000000,4.000000,4.000000,4.000000,4.000000,4.000000,4.000000,4.000000,4.000000,4.000000,4.000000,4.000000,4.000000,2.000000,4.000000,4.000000,4.000000,4.000000,4.000000,4.000000,4.000000,4.000000,4.000000,4.000000,4.000000,4.000000,4.000000,66.666664
1614076777.886549,4.000000,0.000000,5.210405,4.123044,-3.667671,0.921852,8.799474,-1.841013,0.066916,10.848219,6.460927,21.509140,10.250680,9.752495,23.855785,16.458172,7.737603,61.374886,8.167404,36.454285,12.464684,6.530880,10.248159,1.100568,15.017438,8.442862,13.096604,-1.090605,7.317811,0.921640,3.436808,-5.039218,-0.323880,-11.325300,0.000000,191.000000,4.000000,,,,0.000000,4.000000,4.000000,2.000000,4.000000,4.000000,4.000000,4.000000,4.000000,4.000000,4.000000,4.000000,4.000000,4.000000,4.000000,4.000000,4.000000,4.000000,4.000000,2.000000,4.000000,4.000000,4.000000,4.000000,4.000000,4.000000,4.000000,4.000000,4.000000,4.000000,4.000000,4.000000,4.000000,66.666664
1614076777.894198,5.000000,0.000000,5.718016,4.118920,-4.176824,0.920930,7.765033,-2.351992,0.066849,0.580960,4.403184,17.385067,6.650686,4.614537,22.293468,14.390430,5.165763,55.159668,7.646416,41.546036,12.965039,9.088451,5.109706,-0.438994,15.515241,7.408777,13.596329,-0.063873,6.797673,0.920719,3.433371,-4.521358,-0.323556,-9.775514,0.000000,206.000000,4.000000,,,,0.000000,4.000000,4.000000,2.000000,4.000000,4.000000,4.000000,4.000000,4.000000,4.000000,4.000000,4.000000,4.000000,4.000000,4.000000,4.000000,4.000000,4.000000,4.000000,2.000000,4.000000,4.000000,4.000000,4.000000,4.000000,4.000000,4.000000,4.000000,4.000000,4.000000,4.000000,4.000000,4.000000,66.666664
1614076777.902047,6.000000,0.000000,5.199477,4.114801,-4.172647,0.920009,6.218807,-1.836820,0.066782,-0.445262,3.373140,14.803579,6.131215,2.558641,22.271175,14.376040,6.186238,54.591686,8.151590,25.094234,4.234126,8.566543,5.617417,0.587086,16.525366,7.401369,13.582732,-0.063809,6.790875,0.919798,3.429938,-4.516837,-0.323233,-6.688815,0.000000,187.000000,4.000000,,,,0.000000,4.000000,4.000000,4.000000,4.000000,4.000000,4.000000,4.000000,4.000000,4.000000,4.000000,4.000000,4.000000,4.000000,4.000000,4.000000,4.000000,4.000000,4.000000,2.000000,4.000000,4.000000,4.000000,4.000000,4.000000,4.000000,4.000000,4.000000,4.000000,4.000000,4.000000,4.000000,4.000000,83.333336
1614076777.909796,7.000000,0.000000,0.578893,4.110687,-3.655654,0.919089,0.058742,-1.834983,0.066715,1.093645,2.344126,12.737494,2.535340,2.556082,19.171980,9.233459,0.026206,29.408890,6.092157,4.556319,-1.923954,6.506694,5.611799,-1.977603,13.944738,8.932428,9.466585,-8.268874,6.784084,0.918878,3.426508,-6.563602,-0.322909,-7.194946,0.000000,171.000000,4.000000,,,,0.000000,4.000000,4.000000,4.000000,4.000000,4.000000,4.000000,4.000000,4.000000,4.000000,4.000000,4.000000,4.000000,4.000000,4.000000,4.000000,4.000000,4.000000,4.000000,2.000000,4.000000,4.000000,4.000000,4.000000,4.000000,4.000000,4.000000,4.000000,4.000000,4.000000,4.000000,4.000000,4.000000,83.333336
1614076777.917645,8.000000,0.000000,-2.498609,4.106576,-4.164819,0.918170,-5.582343,-5.422891,-0.446172,0.579731,-0.222321,11.186295,-1.056939,3.066346,14.537424,3.070380,-4.589205,16.558968,4.547603,11.218430,0.129252,4.961726,2.529264,-6.591011,8.802588,2.256830,3.303273,-15.440092,6.777300,0.917959,3.423081,-9.121141,-0.322586,-7.700572,0.000000,205.000000,4.000000,,,,0.000000,4.000000,4.000000,4.000000,4.000000,4.000000,4.000000,4.000000,4.000000,4.000000,4.000000,4.000000,4.000000,4.000000,4.000000,4.000000,4.000000,4.000000,4.000000,2.000000,4.000000,4.000000,4.000000,4.000000,4.000000,4.000000,4.000000,4.000000,4.000000,4.000000,4.000000,4.000000,4.000000,83.333336
1614076777.925394,9.000000,0.000000,-2.496110,4.102469,-4.160654,0.917252,-6.602401,-9.520033,0.067095,0.066331,0.290722,11.175108,-0.543062,2.550460,14.522886,4.605771,4.646153,49.362923,4.030235,34.796955,2.180404,4.956764,2.013915,-7.097240,8.280966,-7.489017,1.761508,-12.860550,6.770523,0.917041,3.419658,-8.599199,-0.322264,-7.180051,0.000000,200.000000,4.000000,,,,0.000000,4.000000,4.000000,4.000000,4.000000,4.000000,4.000000,4.000000,4.000000,4.000000,4.000000,4.000000,4.000000,4.000000,4.000000,4.000000,4.000000,4.000000,4.000000,2.000000,4.000000,4.000000,4.000000,4.000000,4.000000,4.000000,4.000000,4.000000,4.000000,4.000000,4.000000,4.000000,4.000000,83.333336
1614076777.933243,10.000000,0.000000,-1.980794,4.098367,-4.156493,1.429155,-5.570158,-10.023333,2.118310,0.579085,2.854534,10.138292,0.483122,3.060730,15.534004,4.601165,8.231251,63.159714,4.539025,33.736515,3.716686,5.464628,2.011901,-6.064502,7.759864,-6.968708,2.272567,-7.719484,7.276573,0.916124,3.416239,-8.077780,-0.321942,-6.660050,0.000000,214.000000,4.000000,,,,0.000000,4.000000,4.000000,4.000000,4.000000,4.000000,4.000000,4.000000,4.000000,4.000000,4.000000,4.000000,4.000000,4.000000,4.000000,4.000000,4.000000,4.000000,4.000000,2.000000,4.000000,4.000000,4.000000,4.000000,4.000000,4.000000,4.000000,4.000000,4.000000,4.000000,4.000000,4.000000,4.000000,83.333336
1614076777.940992,11.000000,0.000000,-2.491634,4.094268,-4.152337,-0.623556,-6.077408,-10.013309,4.167474,1.091326,-0.738064,8.076872,-1.055822,3.057669,11.928727,-1.557282,-4.597493,30.788860,4.534486,10.625857,7.815533,2.895061,-2.092675,-6.058437,1.598258,-1.320713,2.270294,-7.711764,6.243655,0.915208,3.412822,-10.633804,-2.372902,-7.166211,0.000000,210.000000,4.000000,,,,0.000000,4.000000,4.000000,4.000000,4.000000,4.000000,4.000000,4.000000,4.000000,4.000000,4.000000,4.000000,4.000000,4.000000,4.000000,4.000000,4.000000,4.000000,4.000000,2.000000,4.000000,4.000000,4.000000,4.000000,4.000000,4.000000,4.000000,4.000000,4.000000,4.000000,4.000000,4.000000,4.000000,83.333336
1614076777.948841,12.000000,0.000000,-1.976321,4.090174,-4.661005,-3.187035,-6.584151,-9.490476,3.650486,1.090235,-4.839890,7.043154,-3.618869,3.054611,7.301414,-4.632648,-11.772383,7.681149,4.529952,7.538308,9.858999,-0.697578,-6.193147,-6.565199,-3.531545,-1.832213,1.755203,-8.216873,4.186130,0.401472,3.409410,-12.161633,-3.908990,-7.159045,0.000000,189.000000,4.000000,,,,0.000000,4.000000,4.000000,4.000000,4.000000,4.000000,4.000000,4.000000,4.000000,4.000000,4.000000,4.000000,4.000000,4.000000,4.000000,4.000000,4.000000,4.000000,4.000000,2.000000,4.000000,4.000000,4.000000,4.000000,4.000000,4.000000,4.000000,4.000000,4.000000,4.000000,4.000000,4.000000,4.000000,83.333336
1614076777.956590,13.000000,0.000000,-1.974345,4.086084,-4.656344,-3.183848,-5.551926,-7.429703,3.646835,-3.526240,-4.835050,6.010469,-4.128070,3.051557,6.781291,-6.679297,-8.683687,17.417057,4.525422,12.146154,10.361961,-2.748163,-5.674133,-6.558634,-0.963911,-4.394483,2.266269,-7.695836,2.643482,1.426712,3.406000,-9.585368,-4.417902,-7.151886,0.000000,218.000000,4.000000,,,,0.000000,4.000000,4.000000,4.000000,4.000000,4.000000,4.000000,4.000000,4.000000,4.000000,4.000000,4.000000,4.000000,4.000000,4.000000,4.000000,4.000000,4.000000,4.000000,2.000000,4.000000,4.000000,4.000000,4.000000,4.000000,4.000000,4.000000,4.000000,4.000000,4.000000,4.000000,4.000000,4.000000,83.333336
1614076777.964439,14.000000,0.000000,-1.972371,4.081998,-4.138867,-2.667844,-5.546374,-5.883812,3.643188,-7.112457,-4.317395,3.953177,-3.611122,3.048505,7.800151,-7.698259,-8.675004,27.656050,5.033717,-10.430095,8.300317,-2.232594,-5.155638,-6.039255,1.601155,-3.364448,2.264003,-6.662499,3.153659,3.989388,3.402594,-8.037321,-3.900663,-7.144733,0.000000,233.000000,4.000000,,,,0.000000,4.000000,4.000000,4.000000,4.000000,4.000000,4.000000,4.000000,4.000000,4.000000,4.000000,4.000000,4.000000,4.000000,4.000000,4.000000,4.000000,4.000000,4.000000,2.000000,4.000000,4.000000,4.000000,4.000000,4.000000,4.000000,4.000000,4.000000,4.000000,4.000000,4.000000,4.000000,4.000000,83.333336
1614076777.972188,15.000000,0.000000,-1.970398,3.565095,-5.160369,-3.690817,-7.079289,-5.365108,3.639545,-7.105345,-4.825898,3.436404,-3.607511,3.045457,7.279531,-1.023894,-10.204790,43.525829,3.490222,-24.265818,2.138170,-2.230361,-5.663303,-9.110139,0.573913,-3.361083,2.261739,-4.604554,3.150505,4.498219,3.399192,-8.542105,-3.896763,-7.650409,0.000000,203.000000,4.000000,,,,0.000000,4.000000,4.000000,4.000000,4.000000,4.000000,4.000000,4.000000,4.000000,4.000000,4.000000,4.000000,4.000000,4.000000,4.000000,4.000000,4.000000,4.000000,4.000000,2.000000,4.000000,4.000000,4.000000,4.000000,4.000000,4.000000,4.000000,4.000000,4.000000,4.000000,4.000000,4.000000,4.000000,83.333336
1614076777.980037,16.000000,0.000000,-1.968428,4.074351,-3.616747,-2.661485,-3.995287,-2.795640,3.635906,-7.098239,-4.308251,3.945787,-3.603903,3.042411,7.272251,1.541232,-9.681765,46.046406,0.922629,2.937935,-0.940891,-2.740952,-5.144820,-14.742054,1.086160,-3.870543,2.259477,-3.574309,3.147355,5.006541,3.395792,-8.533563,-3.892866,-7.129939,0.000000,201.000000,4.000000,,,,0.000000,4.000000,4.000000,4.000000,4.000000,4.000000,4.000000,4.000000,4.000000,4.000000,4.000000,4.000000,4.000000,4.000000,4.000000,4.000000,4.000000,4.000000,4.000000,2.000000,4.000000,4.000000,4.000000,4.000000,4.000000,4.000000,4.000000,4.000000,4.000000,4.000000,4.000000,4.000000,4.000000,83.333336
1614076777.987786,17.000000,0.000000,-1.966460,4.070277,2.027895,2.469382,3.701016,-1.767203,3.632270,-7.091141,-4.303943,3.429021,-4.113120,3.039369,7.777799,-6.665437,-9.672083,29.590103,0.408886,16.268330,1.624153,-2.225390,-5.139675,-18.317057,0.572253,-2.328211,2.770038,-4.083555,3.144207,5.001535,3.392396,-8.012208,-4.401793,-7.122808,0.000000,213.000000,4.000000,,,,0.000000,4.000000,4.000000,4.000000,4.000000,4.000000,4.000000,4.000000,4.000000,4.000000,4.000000,4.000000,4.000000,4.000000,4.000000,4.000000,4.000000,4.000000,4.000000,2.000000,4.000000,4.000000,4.000000,4.000000,4.000000,4.000000,4.000000,4.000000,4.000000,4.000000,4.000000,4.000000,4.000000,83.333336
1614076777.995635,18.000000,0.000000,-1.964493,3.553386,6.641252,5.031015,5.748597,-2.791077,3.628637,-1.443024,-4.812459,3.425592,-3.596186,3.036329,7.770021,-7.171592,-8.636770,38.791283,0.921297,2.405908,1.109708,-2.223165,-5.134535,-18.298738,-1.992422,-5.402805,2.767268,-4.079472,3.653884,2.945251,3.389004,-8.517016,-3.371751,-8.141327,0.000000,204.000000,4.000000,,,,0.000000,4.000000,4.000000,4.000000,4.000000,4.000000,4.000000,4.000000,4.000000,4.000000,4.000000,4.000000,4.000000,4.000000,4.000000,4.000000,4.000000,4.000000,4.000000,2.000000,4.000000,4.000000,4.000000,4.000000,4.000000,4.000000,4.000000,4.000000,4.000000,4.000000,4.000000,4.000000,4.000000,83.333336
1614076778.003384,19.000000,0.000000,-1.962529,4.062653,8.173072,4.513163,5.230028,0.288637,3.625009,4.712265,-3.269186,4.447808,-1.028488,3.033293,7.762251,2.066349,-6.064031,60.803772,0.920376,15.224015,1.621419,-1.708121,-4.616580,-12.126594,-1.477609,-11.551249,2.251680,-3.562572,3.650230,1.403844,3.385615,-8.508499,-0.804276,-5.569083,0.000000,200.000000,4.000000,,,,0.000000,4.000000,4.000000,4.000000,4.000000,4.000000,4.000000,4.000000,4.000000,4.000000,4.000000,4.000000,4.000000,4.000000,4.000000,4.000000,4.000000,4.000000,4.000000,2.000000,4.000000,4.000000,4.000000,4.000000,4.000000,4.000000,4.000000,4.000000,4.000000,4.000000,4.000000,4.000000,4.000000,83.333336
1614076778.011233,20.000000,0.000000,-1.960566,8.673975,10.216181,5.534291,9.840182,4.903733,3.621384,4.707552,-0.701814,3.417719,1.023823,3.030260,8.267310,4.628385,-4.519505,48.435276,0.919456,35.208790,3.158259,-2.219233,-4.611963,-1.858057,1.600792,-7.949954,2.762249,-4.071829,3.133759,2.940902,3.382230,-8.499991,-0.290652,1.615973,0.000000,190.000000,4.000000,,,,0.000000,4.000000,4.000000,4.000000,4.000000,4.000000,4.000000,4.000000,4.000000,4.000000,4.000000,4.000000,4.000000,4.000000,4.000000,4.000000,4.000000,4.000000,4.000000,2.000000,4.000000,4.000000,4.000000,4.000000,4.000000,4.000000,4.000000,4.000000,4.000000,4.000000,4.000000,4.000000,4.000000,83.333336
1614076778.018982,21.000000,0.000000,-1.958606,11.742224,10.718785,8.092859,13.420086,5.411650,3.104942,4.190024,-0.701112,3.414301,-0.515662,3.027230,7.233401,2.059654,-6.053447,36.591972,0.918536,18.763327,-4.024386,-2.217014,-6.658634,2.246365,1.086370,2.827227,2.759486,-3.554937,3.643446,2.937961,3.378847,-7.978671,0.222459,4.691280,0.000000,216.000000,4.000000,,,,0.000000,4.000000,4.000000,4.000000,4.000000,4.000000,4.000000,4.000000,4.000000,4.000000,4.000000,4.000000,4.000000,4.000000,4.000000,4.000000,4.000000,4.000000,4.000000,2.000000,4.000000,4.000000,4.000000,4.000000,4.000000,4.000000,4.000000,4.000000,4.000000,4.000000,4.000000,4.000000,4.000000,83.333336
1614076778.026632,22.000000,0.000000,-1.956647,11.730482,10.708067,8.597587,12.893846,4.893417,4.127478,4.698655,-0.187591,10.590374,-0.002326,3.024202,7.738988,3.083235,-5.534573,55.529739,0.404797,14.641998,-3.507542,-1.701977,-8.703257,-2.371266,1.085284,2.311579,-0.833017,-3.551382,2.101341,1.396562,3.375468,-8.483513,2.786340,4.686589,0.000000,213.000000,4.000000,,,,0.000000,4.000000,4.000000,4.000000,4.000000,4.000000,4.000000,4.000000,4.000000,4.000000,4.000000,4.000000,4.000000,4.000000,4.000000,4.000000,4.000000,4.000000,4.000000,2.000000,4.000000,4.000000,4.000000,4.000000,4.000000,4.000000,4.000000,4.000000,4.000000,4.000000,4.000000,4.000000,4.000000,83.333336
1614076778.034381,23.000000,0.000000,-1.954690,11.718751,10.697358,8.076169,11.855310,4.888524,6.174633,4.693956,1.863879,16.220810,3.587420,3.533998,8.244070,6.669896,-2.452116,67.269081,1.430033,40.781204,12.906222,-4.264377,-8.694553,-8.009920,2.109840,-3.331758,-4.934748,-5.599113,-3.541786,0.369524,3.884913,-8.475029,4.322015,4.681903,0.000000,185.000000,4.000000,,,,0.000000,4.000000,4.000000,4.000000,4.000000,4.000000,4.000000,4.000000,4.000000,4.000000,4.000000,4.000000,4.000000,4.000000,4.000000,4.000000,4.000000,4.000000,4.000000,2.000000,4.000000,4.000000,4.000000,4.000000,4.000000,4.000000,4.000000,4.000000,4.000000,4.000000,4.000000,4.000000,4.000000,83.333336
1614076778.042030,24.000000,0.000000,-1.439915,10.681392,9.148199,8.068092,12.356276,5.396456,6.168458,4.689262,3.400477,10.050742,2.558191,2.504823,4.646082,7.688867,-3.988125,51.817196,0.402962,32.535294,19.559982,-8.875498,-8.173038,-10.566013,-6.097398,-3.328427,-5.442633,-7.131975,-8.153629,-1.169307,2.855387,-7.953733,1.753590,-0.963805,0.000000,198.000000,4.000000,,,,0.000000,4.000000,4.000000,4.000000,4.000000,4.000000,4.000000,4.000000,4.000000,4.000000,4.000000,4.000000,4.000000,4.000000,4.000000,4.000000,4.000000,4.000000,4.000000,2.000000,4.000000,4.000000,4.000000,4.000000,4.000000,4.000000,4.000000,4.000000,4.000000,4.000000,4.000000,4.000000,4.000000,83.333336
1614076778.049779,25.000000,0.000000,-2.976937,7.593787,10.677513,8.060024,12.343919,4.365418,3.598187,2.633291,2.884256,3.374025,-2.572572,-0.061784,0.026052,-0.523950,-12.189265,35.355122,-4.725646,7.887373,8.771193,-9.892262,-9.703327,-9.529806,-17.373352,-4.350739,-4.924370,-7.124843,-8.145475,-2.706599,0.288430,-9.484241,-0.299445,-6.603867,0.000000,207.000000,4.000000,,,,0.000000,4.000000,4.000000,4.000000,4.000000,4.000000,4.000000,4.000000,4.000000,4.000000,4.000000,4.000000,4.000000,4.000000,4.000000,4.000000,4.000000,4.000000,4.000000,2.000000,4.000000,4.000000,4.000000,4.000000,4.000000,4.000000,4.000000,4.000000,4.000000,4.000000,4.000000,4.000000,4.000000,83.333336
1614076778.057428,26.000000,0.000000,-5.025242,7.586193,14.256579,8.051965,12.331575,5.386694,3.081768,0.579376,2.881371,3.370651,-4.621282,-1.087363,0.538846,-9.241375,-13.202717,37.371048,-5.233741,22.751282,3.634216,-9.369550,-12.257727,-4.904891,-17.355978,-9.987414,-4.919446,-10.194641,-7.624509,-3.216713,-0.224679,-11.526039,-0.299146,-4.545981,0.000000,114.000000,4.000000,,,,0.000000,4.000000,4.000000,4.000000,4.000000,4.000000,4.000000,4.000000,4.000000,4.000000,4.000000,4.000000,4.000000,4.000000,4.000000,4.000000,4.000000,4.000000,4.000000,2.000000,4.000000,4.000000,4.000000,4.000000,4.000000,4.000000,4.000000,4.000000,4.000000,4.000000,4.000000,4.000000,4.000000,83.333336
1614076778.065177,27.000000,0.000000,-6.045857,8.091428,10.652578,8.043913,11.806423,5.894128,4.104327,0.065976,2.878490,3.880101,-1.026917,-0.573455,3.615230,-2.052647,-3.958745,53.231113,1.950980,37.087505,6.707505,-9.873001,-12.758289,-2.335884,-10.671956,-11.515888,-4.914526,-14.799831,-8.129705,-5.264779,-1.762916,-11.514513,0.213974,-2.490153,0.000000,206.000000,4.000000,,,,0.000000,4.000000,4.000000,4.000000,4.000000,4.000000,4.000000,4.000000,4.000000,4.000000,4.000000,4.000000,4.000000,4.000000,4.000000,4.000000,4.000000,4.000000,4.000000,2.000000,4.000000,4.000000,4.000000,4.000000,4.000000,4.000000,4.000000,4.000000,4.000000,4.000000,4.000000,4.000000,4.000000,83.333336
1614076778.072826,28.000000,0.000000,-5.526991,4.493593,7.052183,8.035869,11.794617,2.811311,3.074582,0.578730,3.388432,3.363400,0.512572,-0.572882,4.124436,9.231458,2.199060,57.793266,5.025952,17.563236,5.675156,-9.863128,-12.745531,-4.384830,-9.122823,-10.478731,-5.935253,-15.810673,-8.121575,-6.797975,-3.812435,-12.528640,-0.811881,-6.590227,0.000000,155.000000,4.000000,,,,0.000000,4.000000,4.000000,4.000000,4.000000,4.000000,4.000000,4.000000,4.000000,4.000000,4.000000,4.000000,4.000000,4.000000,4.000000,4.000000,4.000000,4.000000,4.000000,2.000000,4.000000,4.000000,4.000000,4.000000,4.000000,4.000000,4.000000,4.000000,4.000000,4.000000,4.000000,4.000000,4.000000,83.333336
1614076778.080576,29.000000,0.000000,-5.521464,4.489099,14.224618,8.027833,14.346925,6.911064,3.071507,0.578152,5.436326,7.975421,-0.513582,-1.085129,3.607491,10.247867,2.709682,38.248295,0.918362,3.699520,5.156661,-9.340445,-11.707144,-6.431727,-10.139340,-10.468252,-7.980600,-14.769221,-7.600634,-6.278357,-4.321444,-11.490470,-0.298249,-7.096457,0.000000,180.000000,4.000000,,,,0.000000,4.000000,4.000000,4.000000,4.000000,4.000000,4.000000,4.000000,4.000000,4.000000,4.000000,4.000000,4.000000,4.000000,4.000000,4.000000,4.000000,4.000000,4.000000,2.000000,4.000000,4.000000,4.000000,4.000000,4.000000,4.000000,4.000000,4.000000,4.000000,4.000000,4.000000,4.000000,4.000000,83.333336
1614076778.088225,30.000000,0.000000,-5.515943,9.612815,18.825777,8.019805,16.383860,15.109281,4.094077,1.090394,6.969351,11.557190,-0.000248,-0.571224,4.116704,6.135055,1.681331,22.312611,0.404623,6.772743,4.638683,-9.331104,-12.208258,-5.399654,-9.616381,-10.970605,-8.485439,-14.754452,-7.080213,-6.272079,-3.804302,-10.966159,0.727690,-3.499617,0.000000,191.000000,4.000000,,,,0.000000,4.000000,4.000000,4.000000,4.000000,4.000000,4.000000,4.000000,4.000000,4.000000,4.000000,4.000000,4.000000,4.000000,4.000000,4.000000,4.000000,4.000000,4.000000,2.000000,4.000000,4.000000,4.000000,4.000000,4.000000,4.000000,4.000000,4.000000,4.000000,4.000000,4.000000,4.000000,4.000000,83.333336
1614076778.095974,31.000000,0.000000,-6.023247,8.577561,10.089004,5.960503,15.341835,7.914684,1.013060,0.576483,6.449561,11.545632,0.512573,-0.570653,4.112587,6.128920,1.679649,40.751835,1.429860,17.535202,6.172506,-7.270491,-13.221690,-6.419896,-9.093944,-9.933993,-8.476954,-15.252518,-8.611594,-6.265806,-3.800497,-18.647501,-2.862781,-6.060220,0.000000,190.000000,4.000000,,,,0.000000,4.000000,4.000000,4.000000,4.000000,4.000000,4.000000,4.000000,4.000000,4.000000,4.000000,4.000000,4.000000,4.000000,4.000000,4.000000,4.000000,4.000000,4.000000,2.000000,4.000000,4.000000,4.000000,4.000000,4.000000,4.000000,4.000000,4.000000,4.000000,4.000000,4.000000,4.000000,4.000000,83.333336
1614076778.103623,32.000000,0.000000,-4.991583,3.953599,5.976350,4.416081,16.864954,-2.349641,-0.013594,0.063086,5.930291,11.021266,-0.000760,-0.570082,4.108474,6.635612,5.267714,67.377754,0.915609,30.851000,12.320180,-1.622195,-6.541802,-6.926297,-9.597671,-10.436880,-7.955657,-14.724444,-6.551700,-6.259541,-4.309517,-26.833981,-8.500944,-11.182364,8064.000000,0.000000,4.000000,,,,0.000000,4.000000,4.000000,4.000000,4.000000,4.000000,4.000000,4.000000,4.000000,4.000000,4.000000,4.000000,4.000000,4.000000,4.000000,4.000000,4.000000,4.000000,4.000000,2.000000,4.000000,4.000000,4.000000,4.000000,4.000000,4.000000,4.000000,4.000000,4.000000,4.000000,4.000000,4.000000,4.000000,83.333336
1614076778.111372,33.000000,0.000000,-2.422489,3.949645,10.585758,3.898844,19.412191,6.370658,6.653086,3.139946,7.975643,11.010245,-0.513580,-0.569512,4.104366,6.628976,5.262445,55.515503,0.914694,20.563738,16.410423,1.969171,5.259612,2.311399,-9.588073,-10.939263,-5.383598,-14.709721,-1.416943,-6.253281,-2.766746,-20.653301,-6.441161,-10.145541,8064.000000,0.000000,4.000000,,,,0.000000,4.000000,4.000000,4.000000,4.000000,4.000000,4.000000,4.000000,4.000000,4.000000,4.000000,4.000000,4.000000,4.000000,4.000000,4.000000,4.000000,4.000000,4.000000,2.000000,4.000000,4.000000,4.000000,4.000000,4.000000,4.000000,4.000000,4.000000,4.000000,4.000000,4.000000,4.000000,4.000000,83.333336
1614076778.119021,34.000000,0.000000,-1.394426,3.432875,5.959788,4.407766,16.315857,10.979671,11.774638,5.188088,10.018950,11.512055,-0.000246,-0.056122,4.100262,5.083885,-2.947945,27.254858,0.913779,3.107277,16.906834,2.480022,4.741531,7.437293,-9.578485,-7.338581,-3.839753,-14.695010,-1.415526,-6.247028,-0.712697,-14.478802,-3.870617,-9.622576,8064.000000,0.000000,4.000000,,,,0.000000,4.000000,4.000000,4.000000,4.000000,4.000000,4.000000,4.000000,4.000000,4.000000,4.000000,4.000000,4.000000,4.000000,4.000000,4.000000,4.000000,4.000000,4.000000,2.000000,4.000000,4.000000,4.000000,4.000000,4.000000,4.000000,4.000000,4.000000,4.000000,4.000000,4.000000,4.000000,4.000000,83.333336
1614076778.126770,35.000000,0.000000,-1.905852,-2.211583,-3.789762,4.403358,12.196977,-0.313359,9.198761,-3.535049,7.444828,9.962082,-0.000245,-1.081707,4.096161,0.976237,-6.021920,37.484013,0.912865,18.488785,17.402748,1.451901,-1.929877,-2.313734,-9.568907,-2.715857,-6.912837,-14.680316,-4.491034,-5.727960,-1.737626,-25.746374,-12.584695,-17.818081,8064.000000,0.000000,4.000000,,,,0.000000,4.000000,4.000000,4.000000,4.000000,4.000000,4.000000,4.000000,4.000000,4.000000,4.000000,4.000000,4.000000,4.000000,4.000000,4.000000,4.000000,4.000000,4.000000,2.000000,4.000000,4.000000,4.000000,4.000000,4.000000,4.000000,4.000000,4.000000,4.000000,4.000000,4.000000,4.000000,4.000000,83.333336
1614076778.134419,36.000000,0.000000,-1.903946,-4.260654,-5.837254,4.398955,11.159139,-4.415610,6.625460,-11.223822,2.821998,4.311094,-1.538707,-3.131907,3.579245,-1.588842,-1.913334,62.574734,0.911952,29.752348,12.769960,-1.626474,-3.979229,-10.003728,-10.072158,-3.738782,-11.521309,-14.665635,-3.460902,-7.773514,-3.787170,-38.541142,-18.725956,-25.492571,8064.000000,0.000000,4.000000,,,,0.000000,4.000000,4.000000,4.000000,4.000000,4.000000,4.000000,4.000000,4.000000,4.000000,4.000000,4.000000,4.000000,4.000000,4.000000,4.000000,4.000000,4.000000,4.000000,2.000000,4.000000,4.000000,4.000000,4.000000,4.000000,4.000000,4.000000,4.000000,4.000000,4.000000,4.000000,4.000000,4.000000,83.333336
1614076778.142268,37.000000,0.000000,-1.902042,-3.230752,-3.780135,4.394556,12.173621,0.717011,7.131655,-5.058752,2.306356,2.768321,-4.101271,-4.667237,4.088486,-1.587253,-6.013985,46.614723,0.911040,7.158493,3.526421,-7.265873,-9.103455,-9.993725,-9.549265,-6.811967,-12.535428,-14.650970,-3.457441,-9.817022,-3.783383,-37.476959,-14.091846,-25.979898,8064.000000,0.000000,4.000000,,,,0.000000,4.000000,4.000000,4.000000,4.000000,4.000000,4.000000,4.000000,4.000000,4.000000,4.000000,4.000000,4.000000,4.000000,4.000000,4.000000,4.000000,4.000000,4.000000,2.000000,4.000000,4.000000,4.000000,4.000000,4.000000,4.000000,4.000000,4.000000,4.000000,4.000000,4.000000,4.000000,4.000000,83.333336
1614076778.150018,38.000000,0.000000,-1.900140,-3.740342,-4.289175,4.390162,13.187088,2.254755,7.637343,3.664256,2.816870,7.893758,-1.533067,-5.175390,5.622859,-1.072845,-7.546432,19.388622,0.397309,-4.130717,2.497253,-10.848351,-14.735377,-14.599115,-10.052537,-6.805155,-12.010073,-14.636318,-7.556548,-10.320026,-3.266779,-33.849739,-10.488010,-24.415457,8064.000000,0.000000,4.000000,,,,0.000000,4.000000,4.000000,4.000000,4.000000,4.000000,4.000000,4.000000,4.000000,4.000000,4.000000,4.000000,4.000000,4.000000,4.000000,4.000000,4.000000,4.000000,4.000000,2.000000,4.000000,4.000000,4.000000,4.000000,4.000000,4.000000,4.000000,4.000000,4.000000,4.000000,4.000000,4.000000,4.000000,83.333336
1614076778.157867,39.000000,0.000000,-1.898240,-3.223781,-4.797706,4.385771,15.225183,3.278141,7.116886,4.686233,2.814053,11.475608,2.571030,-3.631753,7.668518,-0.046131,5.794447,31.164104,0.396912,6.642644,8.648602,-9.299041,-9.079616,-10.481953,-9.529663,-6.285529,-11.998062,-14.621682,-4.984889,-10.309707,-3.776333,-31.251785,-10.477523,-25.929502,8064.000000,0.000000,4.000000,,,,0.000000,4.000000,4.000000,4.000000,4.000000,4.000000,4.000000,4.000000,4.000000,4.000000,4.000000,4.000000,4.000000,4.000000,4.000000,4.000000,4.000000,4.000000,4.000000,2.000000,4.000000,4.000000,4.000000,4.000000,4.000000,4.000000,4.000000,4.000000,4.000000,4.000000,4.000000,4.000000,4.000000,83.333336
1614076778.165616,40.000000,0.000000,-2.921982,-0.143634,-4.280088,4.381386,16.235600,4.813325,7.109769,3.655906,2.298419,10.951312,3.594100,0.987263,7.660850,2.005197,13.480961,57.799606,2.960617,13.815489,9.665595,-4.161537,-5.480793,-0.215060,-4.904749,-7.304884,-12.498884,-14.607060,-0.364519,-9.273755,-3.772557,-27.117970,-7.902943,-24.877934,8064.000000,0.000000,4.000000,,,,0.000000,4.000000,4.000000,4.000000,4.000000,4.000000,4.000000,4.000000,4.000000,4.000000,4.000000,4.000000,4.000000,4.000000,4.000000,4.000000,4.000000,4.000000,4.000000,2.000000,4.000000,4.000000,4.000000,4.000000,4.000000,4.000000,4.000000,4.000000,4.000000,4.000000,4.000000,4.000000,4.000000,83.333336
1614076778.173465,41.000000,0.000000,-1.893419,0.369330,-4.788629,4.377004,15.706543,4.808512,7.102659,4.165070,2.296120,10.427540,3.590506,3.037558,7.653189,3.028833,8.339274,58.254627,3.983298,17.904238,7.604647,-3.131734,-9.065056,-6.368691,0.741181,-6.784759,-12.999207,-15.105274,-4.466719,-7.213200,-4.281604,-25.552389,-8.407860,-22.801773,8064.000000,0.000000,4.000000,,,,0.000000,4.000000,4.000000,4.000000,4.000000,4.000000,4.000000,4.000000,4.000000,4.000000,4.000000,4.000000,4.000000,4.000000,4.000000,4.000000,4.000000,4.000000,4.000000,2.000000,4.000000,4.000000,4.000000,4.000000,4.000000,4.000000,4.000000,4.000000,4.000000,4.000000,4.000000,4.000000,4.000000,83.333336
1614076778.181214,42.000000,0.000000,1.185397,-0.143860,-4.271019,4.372627,15.690837,4.803703,6.582736,4.673726,2.293824,11.442754,3.074095,3.547341,7.132715,0.974522,4.228371,37.683552,3.979314,17.886333,8.622684,-3.128602,-6.491888,-13.541810,1.766081,-6.777975,-11.960566,-14.577349,-6.513534,-6.693166,-3.764502,-25.526838,-6.348170,-20.727690,8064.000000,0.000000,4.000000,,,,0.000000,4.000000,4.000000,4.000000,4.000000,4.000000,4.000000,4.000000,4.000000,4.000000,4.000000,4.000000,4.000000,4.000000,4.000000,4.000000,4.000000,4.000000,4.000000,2.000000,4.000000,4.000000,4.000000,4.000000,4.000000,4.000000,4.000000,4.000000,4.000000,4.000000,4.000000,4.000000,4.000000,83.333336
1614076778.189063,43.000000,0.000000,1.184212,0.369105,-4.266748,4.368255,15.675146,4.798899,6.576153,6.207513,2.804351,10.918490,3.583842,5.595076,7.125582,1.999189,4.736963,35.594585,9.103540,25.047934,12.203804,2.515552,1.206912,-0.707755,1.251494,-7.796837,-9.897324,-14.562771,3.236569,-4.122370,-3.760738,-24.988491,1.863306,-18.142859,8064.000000,0.000000,4.000000,,,,0.000000,4.000000,4.000000,4.000000,4.000000,4.000000,4.000000,4.000000,4.000000,4.000000,4.000000,4.000000,4.000000,4.000000,4.000000,4.000000,4.000000,4.000000,4.000000,2.000000,4.000000,4.000000,4.000000,4.000000,4.000000,4.000000,4.000000,4.000000,4.000000,4.000000,4.000000,4.000000,4.000000,83.333336
1614076778.196812,44.000000,0.000000,2.208668,0.368735,-4.775302,4.363886,15.659471,4.281280,7.082397,7.739768,2.288726,10.907572,7.170002,7.640763,10.195380,10.715138,10.373252,63.251301,14.735462,46.561348,14.242883,8.154062,3.256987,10.062183,1.250243,-3.686476,-9.374605,-15.573849,7.848717,0.497137,-4.269797,-26.501963,0.835802,-17.611895,8064.000000,0.000000,4.000000,,,,0.000000,4.000000,4.000000,4.000000,4.000000,4.000000,4.000000,4.000000,4.000000,4.000000,4.000000,4.000000,4.000000,4.000000,4.000000,4.000000,4.000000,4.000000,4.000000,2.000000,4.000000,4.000000,4.000000,4.000000,4.000000,4.000000,4.000000,4.000000,4.000000,4.000000,4.000000,4.000000,4.000000,83.333336
1614076778.204661,45.000000,0.000000,7.334665,-0.144454,-3.744886,3.846702,15.643811,5.302639,6.562494,7.732028,2.286437,10.896664,10.752575,6.607481,13.774928,17.883909,18.055187,70.880356,15.746367,41.386581,11.151716,11.735652,4.279371,5.949557,1.248993,5.035159,-3.211385,-12.481352,6.815228,1.009460,-2.727066,-24.424179,-2.754778,-17.081463,8064.000000,0.000000,4.000000,,,,0.000000,4.000000,4.000000,4.000000,4.000000,4.000000,4.000000,4.000000,4.000000,4.000000,4.000000,4.000000,4.000000,4.000000,4.000000,4.000000,4.000000,4.000000,4.000000,2.000000,4.000000,4.000000,4.000000,4.000000,4.000000,4.000000,4.000000,4.000000,4.000000,4.000000,4.000000,4.000000,4.000000,83.333336
1614076778.212410,46.000000,0.000000,8.865792,2.932614,-0.151397,4.868496,15.628167,7.348619,6.555932,7.211475,6.386715,10.885767,11.767464,6.600873,15.812435,16.840385,19.062773,48.758194,16.243443,21.858015,14.730309,17.877762,8.890476,3.892326,1.247744,9.132688,7.561058,-5.289384,10.910976,1.521271,0.865404,-16.707447,5.965926,-9.884894,8064.000000,0.000000,4.000000,,,,0.000000,4.000000,4.000000,4.000000,4.000000,4.000000,4.000000,4.000000,4.000000,4.000000,4.000000,4.000000,4.000000,4.000000,4.000000,4.000000,4.000000,4.000000,4.000000,2.000000,4.000000,4.000000,4.000000,4.000000,4.000000,4.000000,4.000000,4.000000,4.000000,4.000000,4.000000,4.000000,4.000000,83.333336
1614076778.220259,47.000000,0.000000,5.780003,7.032245,2.925677,6.914910,15.612539,10.931014,10.651940,7.717084,12.534174,10.874882,13.294158,8.645555,17.335085,20.413288,21.607813,57.940205,19.304121,39.784874,23.946348,20.936808,10.420047,4.914074,1.246496,7.585093,10.630420,-2.207171,5.259040,5.109493,3.428642,-14.639458,11.600986,-2.695522,8064.000000,0.000000,4.000000,,,,0.000000,4.000000,4.000000,4.000000,4.000000,4.000000,4.000000,4.000000,4.000000,4.000000,4.000000,4.000000,4.000000,4.000000,4.000000,4.000000,4.000000,4.000000,4.000000,2.000000,4.000000,4.000000,4.000000,4.000000,4.000000,4.000000,4.000000,4.000000,4.000000,4.000000,4.000000,4.000000,4.000000,83.333336
1614076778.228008,48.000000,0.000000,4.748582,8.050854,3.435572,8.446457,15.596927,13.997006,14.743853,7.709367,14.060102,10.864007,15.332146,10.688191,18.856211,28.085182,24.150307,81.472008,19.284817,50.001499,16.230093,15.787665,8.871165,4.396340,0.732429,7.577508,6.517225,-5.281887,-9.618014,2.027461,3.938034,-20.265844,3.897077,-4.744109,8064.000000,0.000000,4.000000,,,,0.000000,4.000000,4.000000,4.000000,4.000000,4.000000,4.000000,4.000000,4.000000,4.000000,4.000000,4.000000,4.000000,4.000000,4.000000,4.000000,4.000000,4.000000,4.000000,2.000000,4.000000,4.000000,4.000000,4.000000,4.000000,4.000000,4.000000,4.000000,4.000000,4.000000,4.000000,4.000000,4.000000,83.333336
1614076778.235857,49.000000,0.000000,5.769475,7.529983,2.919316,8.438010,15.581329,16.034290,14.729109,7.188837,13.533221,10.853143,14.291172,10.164682,18.324533,27.031456,12.331285,62.416180,18.752712,19.695089,-3.273316,9.618032,6.298192,5.417584,1.244517,8.082751,5.997887,-7.327888,-8.069935,-2.077131,3.421275,-22.809681,-1.235025,-9.867570,8064.000000,0.000000,4.000000,,,,0.000000,4.000000,4.000000,4.000000,4.000000,4.000000,4.000000,4.000000,4.000000,4.000000,4.000000,4.000000,4.000000,4.000000,4.000000,4.000000,4.000000,4.000000,4.000000,2.000000,4.000000,4.000000,4.000000,4.000000,4.000000,4.000000,4.000000,4.000000,4.000000,4.000000,4.000000,4.000000,4.000000,83.333336
1614076778.243606,50.000000,0.000000,5.250885,7.522453,3.429217,6.378290,16.078569,16.018257,14.201559,9.232930,14.032508,10.842290,14.276881,10.154518,18.306210,20.337759,6.165107,51.071709,18.733959,20.188215,-2.757222,8.069952,5.266253,2.335244,4.833016,7.561848,7.530351,-6.807739,2.194546,2.540331,3.930674,-21.761230,-1.233790,-10.370522,8064.000000,0.000000,4.000000,,,,0.000000,4.000000,4.000000,4.000000,4.000000,4.000000,4.000000,4.000000,4.000000,4.000000,4.000000,4.000000,4.000000,4.000000,4.000000,4.000000,4.000000,4.000000,4.000000,2.000000,4.000000,4.000000,4.000000,4.000000,4.000000,4.000000,4.000000,4.000000,4.000000,4.000000,4.000000,4.000000,4.000000,83.333336
1614076778.251255,51.000000,0.000000,5.245634,8.027751,2.912967,4.833450,15.549670,16.002239,14.700178,11.274980,14.018476,10.831448,14.775425,10.144363,18.287903,19.804600,20.517916,74.610382,17.176764,45.809052,11.604509,8.574702,8.337910,-6.385040,7.905106,7.554286,5.984359,-7.313752,3.730813,5.101893,3.926744,-22.252289,-3.283839,-9.847332,8064.000000,0.000000,4.000000,,,,0.000000,4.000000,4.000000,4.000000,4.000000,4.000000,4.000000,4.000000,4.000000,4.000000,4.000000,4.000000,4.000000,4.000000,4.000000,4.000000,4.000000,4.000000,4.000000,2.000000,4.000000,4.000000,4.000000,4.000000,4.000000,4.000000,4.000000,4.000000,4.000000,4.000000,4.000000,4.000000,4.000000,83.333336
1614076778.259004,52.000000,0.000000,5.240388,7.506902,3.422875,6.879899,16.046940,15.473416,14.685477,11.263704,14.004457,10.820616,13.222188,10.134219,18.269615,21.323257,18.958937,61.202438,15.108305,23.711960,12.618546,6.514846,10.380854,-2.788912,8.922842,7.546732,5.978374,-7.306438,5.265543,1.507048,2.384355,-20.691576,-1.742093,-10.350305,8064.000000,0.000000,4.000000,,,,0.000000,4.000000,4.000000,4.000000,4.000000,4.000000,4.000000,4.000000,4.000000,4.000000,4.000000,4.000000,4.000000,4.000000,4.000000,4.000000,4.000000,4.000000,4.000000,2.000000,4.000000,4.000000,4.000000,4.000000,4.000000,4.000000,4.000000,4.000000,4.000000,4.000000,4.000000,4.000000,4.000000,83.333336
1614076778.266653,53.000000,0.000000,5.235147,7.499395,2.906631,8.924301,16.543715,15.970763,14.157971,11.252441,13.477633,10.296975,10.644863,10.124084,18.251347,18.737831,-2.598483,28.833544,15.093197,-6.568161,4.400799,3.431408,3.190985,10.034390,8.401098,7.539185,6.485217,-7.299131,7.311560,0.479900,0.330689,-18.619602,-1.227530,-10.339954,8064.000000,0.000000,4.000000,,,,0.000000,4.000000,4.000000,4.000000,4.000000,4.000000,4.000000,4.000000,4.000000,4.000000,4.000000,4.000000,4.000000,4.000000,4.000000,4.000000,4.000000,4.000000,4.000000,2.000000,4.000000,4.000000,4.000000,4.000000,4.000000,4.000000,4.000000,4.000000,4.000000,4.000000,4.000000,4.000000,4.000000,83.333336
1614076778.274402,54.000000,0.000000,5.229912,7.491896,0.852443,7.376915,11.398965,15.441972,13.630993,11.241188,11.412872,10.286677,10.121398,10.113960,18.233095,16.154991,-3.108706,42.138042,15.078104,11.387124,4.396398,4.966438,-6.555795,10.537176,8.392697,8.044466,3.914629,-8.830294,3.201684,0.992240,-0.695283,-18.088161,-5.841688,-11.355255,8064.000000,0.000000,4.000000,,,,0.000000,4.000000,4.000000,4.000000,4.000000,4.000000,4.000000,4.000000,4.000000,4.000000,4.000000,4.000000,4.000000,4.000000,4.000000,4.000000,4.000000,4.000000,4.000000,2.000000,4.000000,4.000000,4.000000,4.000000,4.000000,4.000000,4.000000,4.000000,4.000000,4.000000,4.000000,4.000000,4.000000,83.333336
1614076778.282052,55.000000,0.000000,4.711862,7.484404,-0.686871,4.805436,5.233720,11.323966,14.130182,11.229947,9.350178,10.789211,10.624097,9.591026,18.214861,16.138836,12.279018,62.095905,14.550205,39.068047,12.597130,13.679420,-4.497957,6.936895,7.871484,5.985140,-0.704670,-10.872746,5.249765,0.991248,-0.181767,-18.582893,-8.399948,-13.908003,8064.000000,0.000000,4.000000,,,,0.000000,4.000000,4.000000,4.000000,4.000000,4.000000,4.000000,4.000000,4.000000,4.000000,4.000000,4.000000,4.000000,4.000000,4.000000,4.000000,4.000000,4.000000,4.000000,2.000000,4.000000,4.000000,4.000000,4.000000,4.000000,4.000000,4.000000,4.000000,4.000000,4.000000,4.000000,4.000000,4.000000,83.333336
1614076778.289801,56.000000,0.000000,5.219971,7.476920,-0.686184,4.287810,3.690025,7.722898,14.628873,11.218718,9.340828,10.265602,10.613473,9.581435,18.196646,16.635517,18.933407,56.392784,17.612577,43.131542,12.071712,19.306767,3.198848,15.135087,8.376433,3.415052,-2.242427,-10.861873,10.885541,0.990257,-0.181585,-18.051491,-7.365908,-13.894094,8192.000000,0.000000,4.000000,,,,0.000000,4.000000,4.000000,4.000000,4.000000,4.000000,4.000000,4.000000,4.000000,4.000000,4.000000,4.000000,4.000000,4.000000,4.000000,4.000000,4.000000,4.000000,4.000000,2.000000,4.000000,4.000000,4.000000,4.000000,4.000000,4.000000,4.000000,4.000000,4.000000,4.000000,4.000000,4.000000,4.000000,83.333336
1614076778.297450,57.000000,0.000000,5.727571,7.469443,-2.223960,4.283522,4.199155,7.715175,12.562962,11.207499,9.844307,10.255336,11.115680,10.597495,18.178450,17.131702,16.350370,53.772289,19.646248,24.114050,-0.248052,16.210537,-0.394094,11.017387,8.880877,4.437278,-1.214544,-10.851011,4.207988,-0.549195,-0.181404,-18.033440,-7.358541,-13.367380,8064.000000,0.000000,4.000000,,,,0.000000,4.000000,4.000000,4.000000,4.000000,4.000000,4.000000,4.000000,4.000000,4.000000,4.000000,4.000000,4.000000,4.000000,4.000000,4.000000,4.000000,4.000000,4.000000,2.000000,4.000000,4.000000,4.000000,4.000000,4.000000,4.000000,4.000000,4.000000,4.000000,4.000000,4.000000,4.000000,4.000000,83.333336
1614076778.305199,58.000000,0.000000,4.696203,7.461974,-4.273018,4.279238,4.707777,8.220281,10.499117,11.709111,9.321642,14.347645,10.078923,9.561256,18.160271,16.088930,7.103251,41.923645,13.472755,-2.063910,-1.786265,11.066121,-7.060367,-10.532091,5.795074,0.843097,-1.726150,-10.840160,-5.539809,-3.112748,-0.181222,-18.528227,-7.864004,-15.918116,8064.000000,0.000000,4.000000,,,,0.000000,4.000000,4.000000,4.000000,4.000000,4.000000,4.000000,4.000000,4.000000,4.000000,4.000000,4.000000,4.000000,4.000000,4.000000,4.000000,4.000000,4.000000,4.000000,2.000000,4.000000,4.000000,4.000000,4.000000,4.000000,4.000000,4.000000,4.000000,4.000000,4.000000,4.000000,4.000000,4.000000,83.333336
1614076778.312848,59.000000,0.000000,5.204327,7.454512,-4.781565,4.274959,6.754351,8.212060,12.539900,10.158941,9.312321,18.435862,10.581665,9.038875,17.629292,16.585661,8.634609,37.266335,10.895180,4.604821,15.138598,12.080696,2.690283,-11.547200,6.302099,-4.798771,-1.211603,-10.829320,-0.406064,-0.545533,-0.181041,-18.509699,-7.343319,-17.440659,8064.000000,0.000000,4.000000,,,,0.000000,4.000000,4.000000,4.000000,4.000000,4.000000,4.000000,4.000000,4.000000,4.000000,4.000000,4.000000,4.000000,4.000000,4.000000,4.000000,4.000000,4.000000,4.000000,2.000000,4.000000,4.000000,4.000000,4.000000,4.000000,4.000000,4.000000,4.000000,4.000000,4.000000,4.000000,4.000000,4.000000,83.333336
1614076778.320597,60.000000,0.000000,10.327328,7.447057,-4.263963,4.270684,8.286058,7.691028,14.578642,11.174423,9.815829,17.904606,13.648006,13.645220,18.637302,20.671640,26.574692,70.049583,17.550951,37.420731,25.379869,17.709641,17.046568,9.489988,13.988105,3.411156,1.866532,-10.818491,7.799470,3.557577,-0.180860,-18.491188,-7.335976,-17.423218,8064.000000,0.000000,4.000000,,,,0.000000,4.000000,4.000000,4.000000,4.000000,4.000000,4.000000,4.000000,4.000000,4.000000,4.000000,4.000000,4.000000,4.000000,4.000000,4.000000,4.000000,4.000000,4.000000,2.000000,4.000000,4.000000,4.000000,4.000000,4.000000,4.000000,4.000000,4.000000,4.000000,4.000000,4.000000,4.000000,4.000000,83.333336
1614076778.328246,61.000000,0.000000,11.855462,5.388328,-4.259699,4.779234,8.277772,8.196157,13.025602,13.214531,9.806013,17.373880,11.070255,15.682857,18.105844,19.112507,23.984015,83.312866,17.020580,39.947411,18.175003,17.179111,16.516701,16.147165,17.051039,17.766718,2.890306,-10.807673,7.278850,5.092481,-0.180679,-18.472696,-7.328640,-17.405794,8064.000000,0.000000,4.000000,,,,0.000000,4.000000,4.000000,4.000000,4.000000,4.000000,4.000000,4.000000,4.000000,4.000000,4.000000,4.000000,4.000000,4.000000,4.000000,4.000000,4.000000,4.000000,4.000000,2.000000,4.000000,4.000000,4.000000,4.000000,4.000000,4.000000,4.000000,4.000000,4.000000,4.000000,4.000000,4.000000,4.000000,83.333336
1614076778.335995,62.000000,0.000000,5.689760,3.844478,-4.255439,3.748814,8.269494,8.187961,10.448474,4.996188,9.796207,17.869328,4.392519,9.513328,13.472354,10.375445,-2.706636,50.921860,6.234328,7.599771,12.002981,10.495265,9.320697,7.925889,10.367322,18.261772,2.374595,-9.771223,6.245930,5.087388,-0.180499,-18.454224,-7.321311,-17.388390,8064.000000,0.000000,4.000000,,,,0.000000,4.000000,4.000000,4.000000,4.000000,4.000000,4.000000,4.000000,4.000000,4.000000,4.000000,4.000000,4.000000,4.000000,4.000000,4.000000,4.000000,4.000000,4.000000,2.000000,4.000000,4.000000,4.000000,4.000000,4.000000,4.000000,4.000000,4.000000,4.000000,4.000000,4.000000,4.000000,4.000000,83.333336
1614076778.343645,63.000000,0.000000,1.068686,3.840633,-4.251184,1.693783,8.261225,6.641312,9.925205,-5.265218,9.786411,17.851458,2.336844,6.426891,9.869138,4.724044,-9.883416,26.768375,2.638350,-2.664239,11.990978,7.407847,8.285735,6.892323,4.203108,12.089664,2.372221,-11.299913,7.265325,3.543839,-0.180318,-18.435770,-7.313990,-17.883821,8064.000000,0.000000,4.000000,,,,0.000000,4.000000,4.000000,4.000000,4.000000,4.000000,4.000000,4.000000,4.000000,4.000000,4.000000,4.000000,4.000000,4.000000,4.000000,4.000000,4.000000,4.000000,4.000000,2.000000,4.000000,4.000000,4.000000,4.000000,4.000000,4.000000,4.000000,4.000000,4.000000,4.000000,4.000000,4.000000,4.000000,83.333336
1614076778.351394,64.000000,0.000000,1.067617,3.836793,-4.246933,0.153627,8.252964,4.583388,10.428100,2.432354,9.776625,17.833607,3.872969,9.497388,10.372089,4.719320,-1.668405,46.741608,6.738276,15.287144,13.517449,8.426080,6.738987,9.962353,4.711726,11.051934,2.369848,-10.775793,7.258060,2.001834,-0.180138,-18.417334,-7.306676,-17.865938,0.000000,209.000000,4.000000,,,,0.000000,4.000000,4.000000,4.000000,4.000000,4.000000,4.000000,4.000000,4.000000,4.000000,4.000000,4.000000,4.000000,4.000000,4.000000,4.000000,4.000000,4.000000,4.000000,2.000000,4.000000,4.000000,4.000000,4.000000,4.000000,4.000000,4.000000,4.000000,4.000000,4.000000,4.000000,4.000000,4.000000,83.333336
1614076778.359043,65.000000,0.000000,1.579370,3.832956,-3.729865,0.666294,8.244711,4.065984,10.417672,11.660691,9.766848,17.815773,3.356275,8.462250,10.874538,6.765883,-2.179557,49.771790,8.270000,25.528267,13.503932,8.417654,5.193787,4.824186,4.707014,12.066524,2.367479,-5.123992,7.250802,0.974191,-0.179958,-18.398918,-7.299369,-15.283969,0.000000,198.000000,4.000000,,,,0.000000,4.000000,4.000000,4.000000,4.000000,4.000000,4.000000,4.000000,4.000000,4.000000,4.000000,4.000000,4.000000,4.000000,4.000000,4.000000,4.000000,4.000000,4.000000,2.000000,4.000000,4.000000,4.000000,4.000000,4.000000,4.000000,4.000000,4.000000,4.000000,4.000000,4.000000,4.000000,4.000000,83.333336
1614076778.366892,66.000000,0.000000,4.141893,3.829123,-5.777418,0.665628,8.236466,4.574739,8.868793,2.931082,9.757081,17.797956,2.840098,5.889685,10.863664,11.887322,-0.126095,57.414326,7.236088,17.810431,7.336582,7.896416,5.701414,-2.360126,4.189487,12.054457,2.365111,-6.144509,4.166628,-1.078065,-0.692598,-18.380518,-7.292070,-13.217403,0.000000,198.000000,4.000000,,,,0.000000,4.000000,4.000000,4.000000,4.000000,4.000000,4.000000,4.000000,4.000000,4.000000,4.000000,4.000000,4.000000,4.000000,4.000000,4.000000,4.000000,4.000000,4.000000,2.000000,4.000000,4.000000,4.000000,4.000000,4.000000,4.000000,4.000000,4.000000,4.000000,4.000000,4.000000,4.000000,4.000000,83.333336
1614076778.374641,67.000000,0.000000,3.624931,3.825294,-7.822922,0.664962,8.228230,4.570164,6.808642,-3.738516,10.260144,17.780159,3.350079,6.396616,10.339979,16.490820,7.566339,79.921013,7.228852,17.792620,5.790783,8.401340,4.670071,-2.870586,4.185297,6.914197,2.362746,-13.317851,-1.478564,-3.128269,-3.768829,-18.362137,-7.284778,-14.229827,0.000000,195.000000,4.000000,,,,0.000000,4.000000,4.000000,4.000000,4.000000,4.000000,4.000000,4.000000,4.000000,4.000000,4.000000,4.000000,4.000000,4.000000,4.000000,4.000000,4.000000,4.000000,4.000000,2.000000,4.000000,4.000000,4.000000,4.000000,4.000000,4.000000,4.000000,4.000000,4.000000,4.000000,4.000000,4.000000,4.000000,83.333336
1614076778.382490,68.000000,0.000000,-0.994079,3.821469,-7.815099,0.151477,8.220001,4.565594,6.289013,0.367787,9.224243,17.249557,3.346729,5.877398,11.355280,16.987150,9.610054,72.661606,7.734444,32.133801,17.579865,8.392939,2.614119,-0.303613,4.181112,-0.785025,2.360383,-13.817354,-5.066830,-2.612320,-7.867624,-18.343775,-7.277493,-11.651494,0.000000,211.000000,4.000000,,,,0.000000,4.000000,4.000000,4.000000,4.000000,4.000000,4.000000,4.000000,4.000000,4.000000,4.000000,4.000000,4.000000,4.000000,4.000000,4.000000,4.000000,4.000000,4.000000,2.000000,4.000000,4.000000,4.000000,4.000000,4.000000,4.000000,4.000000,4.000000,4.000000,4.000000,4.000000,4.000000,4.000000,83.333336
1614076778.390239,69.000000,0.000000,-0.993085,3.817647,-7.807284,0.664146,7.698961,4.561028,6.795544,0.367419,9.727839,17.745129,2.830561,6.384341,11.343925,16.970161,9.087624,60.794071,7.726709,36.204231,21.152029,8.384545,1.073043,0.209511,5.202572,-4.373983,2.358023,-12.777896,-5.061763,-3.635349,-8.372577,-18.325432,-7.270216,-6.511638,0.000000,203.000000,4.000000,,,,0.000000,4.000000,4.000000,4.000000,4.000000,4.000000,4.000000,4.000000,4.000000,4.000000,4.000000,4.000000,4.000000,4.000000,4.000000,4.000000,4.000000,4.000000,4.000000,2.000000,4.000000,4.000000,4.000000,4.000000,4.000000,4.000000,4.000000,4.000000,4.000000,4.000000,4.000000,4.000000,4.000000,83.333336
1614076778.398088,70.000000,0.000000,2.084832,3.813830,-7.799477,1.176302,7.691262,4.556467,6.275928,-0.658589,10.230932,17.727385,3.340551,8.942060,7.230017,14.901910,7.027254,70.476868,7.718983,20.270592,8.310364,8.376161,1.071970,0.209302,7.248651,-4.369609,2.355665,-11.226656,-1.466957,-2.606073,-4.774461,-16.255825,-7.262945,-10.094870,0.000000,186.000000,4.000000,,,,0.000000,4.000000,4.000000,4.000000,4.000000,4.000000,4.000000,4.000000,4.000000,4.000000,4.000000,4.000000,4.000000,4.000000,4.000000,4.000000,4.000000,4.000000,4.000000,2.000000,4.000000,4.000000,4.000000,4.000000,4.000000,4.000000,4.000000,4.000000,4.000000,4.000000,4.000000,4.000000,4.000000,83.333336
1614076778.405837,71.000000,0.000000,2.082747,3.810016,-8.304498,-1.388976,8.196391,4.551911,6.269652,0.367710,7.656599,14.119913,2.824390,7.907476,2.607402,7.194700,1.892022,63.739723,7.198443,8.455449,2.661027,7.854964,4.660642,0.209092,8.779864,-1.288317,2.353309,-0.446199,5.713997,4.576020,-1.179943,-14.188287,-7.255682,-17.264261,0.000000,166.000000,4.000000,,,,0.000000,4.000000,4.000000,4.000000,4.000000,4.000000,4.000000,4.000000,4.000000,4.000000,4.000000,4.000000,4.000000,4.000000,4.000000,4.000000,4.000000,4.000000,4.000000,2.000000,4.000000,4.000000,4.000000,4.000000,4.000000,4.000000,4.000000,4.000000,4.000000,4.000000,4.000000,4.000000,4.000000,83.333336
1614076778.413686,72.000000,0.000000,1.055023,3.806206,-7.783373,-2.926049,7.675374,4.547359,6.776203,-1.171119,2.520737,9.490408,2.821566,6.873928,3.117615,3.597762,0.351668,57.522137,7.704065,11.011097,7.786572,8.359930,6.707263,0.208883,8.258264,4.353997,2.350956,7.246555,10.323668,9.699650,0.359699,-14.686919,-7.248426,-18.272638,0.000000,195.000000,4.000000,,,,0.000000,4.000000,4.000000,4.000000,4.000000,4.000000,4.000000,4.000000,4.000000,4.000000,4.000000,4.000000,4.000000,4.000000,4.000000,4.000000,4.000000,4.000000,4.000000,2.000000,4.000000,4.000000,4.000000,4.000000,4.000000,4.000000,4.000000,4.000000,4.000000,4.000000,4.000000,4.000000,4.000000,83.333336
1614076778.421435,73.000000,0.000000,1.566788,3.802400,-7.775589,-0.871841,7.667699,4.029991,6.256607,3.445437,2.518216,11.532200,6.921309,8.918336,3.114498,8.722369,2.915419,77.977432,7.183541,9.461624,9.317246,8.351570,4.136454,2.259956,7.737185,8.452208,2.348605,2.111103,10.313344,7.125847,-0.666302,-14.672232,-7.241178,-16.715904,0.000000,213.000000,4.000000,,,,0.000000,4.000000,4.000000,4.000000,4.000000,4.000000,4.000000,4.000000,4.000000,4.000000,4.000000,4.000000,4.000000,4.000000,4.000000,4.000000,4.000000,4.000000,4.000000,2.000000,4.000000,4.000000,4.000000,4.000000,4.000000,4.000000,4.000000,4.000000,4.000000,4.000000,4.000000,4.000000,4.000000,83.333336
1614076778.429284,74.000000,0.000000,1.565222,3.798597,-7.767814,0.667492,11.249775,5.051602,6.763170,13.698401,5.592621,16.648872,13.068233,8.909418,2.598563,15.380314,3.938145,74.309715,7.176357,5.349598,7.256647,7.317577,8.234881,6.873081,8.242269,7.418114,3.884718,5.185915,10.815851,4.554619,0.360006,-11.067816,-7.233937,-14.647906,0.000000,194.000000,4.000000,,,,0.000000,4.000000,4.000000,4.000000,4.000000,4.000000,4.000000,4.000000,4.000000,4.000000,4.000000,4.000000,4.000000,4.000000,4.000000,4.000000,4.000000,4.000000,4.000000,2.000000,4.000000,4.000000,4.000000,4.000000,4.000000,4.000000,4.000000,4.000000,4.000000,4.000000,4.000000,4.000000,4.000000,83.333336
1614076778.437033,75.000000,0.000000,1.563656,3.794799,-5.708764,1.179645,15.341089,7.097833,8.807690,19.838549,6.099849,18.170685,14.593627,13.003073,9.262630,16.903395,8.549591,50.645660,9.733283,15.087838,9.300673,8.848722,17.970236,8.917490,10.285308,7.923516,7.470577,15.437140,10.805036,5.062885,2.923748,-7.467005,-7.226703,-10.530694,0.000000,199.000000,4.000000,,,,0.000000,4.000000,4.000000,4.000000,4.000000,4.000000,4.000000,4.000000,4.000000,4.000000,4.000000,4.000000,4.000000,4.000000,4.000000,4.000000,4.000000,4.000000,4.000000,2.000000,4.000000,4.000000,4.000000,4.000000,4.000000,4.000000,4.000000,4.000000,4.000000,4.000000,4.000000,4.000000,4.000000,83.333336
1614076778.444882,76.000000,0.000000,1.562093,3.791004,-4.164594,3.229748,15.838569,8.629196,10.850163,20.331532,5.580929,17.639694,14.066213,23.246479,19.509779,15.860850,18.797451,71.107834,14.338935,33.021469,13.906756,13.968078,15.900984,7.882932,11.813484,7.915593,9.514388,14.908882,8.742948,5.057822,3.946465,-5.921076,-7.219476,-10.007343,0.000000,183.000000,4.000000,,,,0.000000,4.000000,4.000000,4.000000,4.000000,4.000000,4.000000,4.000000,4.000000,4.000000,4.000000,4.000000,4.000000,4.000000,4.000000,4.000000,4.000000,4.000000,4.000000,2.000000,4.000000,4.000000,4.000000,4.000000,4.000000,4.000000,4.000000,4.000000,4.000000,4.000000,4.000000,4.000000,4.000000,83.333336
1614076778.452631,77.000000,0.000000,1.560531,3.787213,-3.647609,4.764980,15.822730,8.107746,10.326493,14.157353,6.088168,18.134874,14.564967,24.248875,24.105654,16.870630,24.932501,102.318779,15.863057,43.244858,16.456953,16.005392,6.141493,7.875049,11.801671,5.856395,5.915130,11.304230,6.682923,5.052764,3.429698,-7.966437,-7.212257,-13.074259,0.000000,214.000000,4.000000,,,,0.000000,4.000000,4.000000,4.000000,4.000000,4.000000,4.000000,4.000000,4.000000,4.000000,4.000000,4.000000,4.000000,4.000000,4.000000,4.000000,4.000000,4.000000,4.000000,2.000000,4.000000,4.000000,4.000000,4.000000,4.000000,4.000000,4.000000,4.000000,4.000000,4.000000,4.000000,4.000000,4.000000,83.333336
1614076778.460480,78.000000,0.000000,1.558970,4.296246,-4.156782,4.247394,15.294086,7.586818,9.803346,4.399606,6.082080,17.603920,13.524761,15.506677,22.030266,16.853760,22.343466,83.754921,14.308733,37.560585,17.466137,15.476565,4.596890,7.867174,11.789869,3.799257,1.806651,10.267284,6.676240,4.534891,3.426269,-10.522573,-7.205045,-13.574005,0.000000,207.000000,4.000000,,,,0.000000,4.000000,4.000000,4.000000,4.000000,4.000000,4.000000,4.000000,4.000000,4.000000,4.000000,4.000000,4.000000,4.000000,4.000000,4.000000,4.000000,4.000000,4.000000,2.000000,4.000000,4.000000,4.000000,4.000000,4.000000,4.000000,4.000000,4.000000,4.000000,4.000000,4.000000,4.000000,4.000000,83.333336
1614076778.468229,79.000000,0.000000,1.557411,3.266309,-4.152625,4.243147,15.791613,8.092052,10.306363,-0.732998,6.075998,17.586315,10.434313,12.927068,13.803107,13.759983,14.628815,53.927578,14.807244,21.625591,15.397388,16.486731,6.130755,7.859306,11.265259,3.795458,1.292024,6.667274,5.643923,4.530356,3.422843,-10.512051,-7.197840,-13.560431,0.000000,207.000000,4.000000,,,,0.000000,4.000000,4.000000,4.000000,4.000000,4.000000,4.000000,4.000000,4.000000,4.000000,4.000000,4.000000,4.000000,4.000000,4.000000,4.000000,4.000000,4.000000,4.000000,2.000000,4.000000,4.000000,4.000000,4.000000,4.000000,4.000000,4.000000,4.000000,4.000000,4.000000,4.000000,4.000000,4.000000,83.333336
1614076778.476078,80.000000,0.000000,1.555854,4.288683,-4.148472,4.238904,16.288643,8.083960,10.808877,-0.219445,6.069922,18.081551,10.423879,13.426961,8.148278,12.207762,7.947519,55.412113,15.818078,10.321914,8.202503,13.393320,5.611804,7.851447,11.766814,3.278841,2.316373,3.583683,7.176741,5.551466,3.419420,-11.014359,-7.190642,-13.546871,0.000000,198.000000,4.000000,,,,0.000000,4.000000,4.000000,4.000000,4.000000,4.000000,4.000000,4.000000,4.000000,4.000000,4.000000,4.000000,4.000000,4.000000,4.000000,4.000000,4.000000,4.000000,4.000000,2.000000,4.000000,4.000000,4.000000,4.000000,4.000000,4.000000,4.000000,4.000000,4.000000,4.000000,4.000000,4.000000,4.000000,83.333336
1614076778.483827,81.000000,0.000000,2.067118,5.310036,-3.631503,4.234665,11.144148,6.024594,8.746786,0.293595,6.063852,12.935264,10.413455,9.310969,7.114489,13.221195,3.837007,64.074646,10.674055,11.337233,5.117378,6.200440,5.093371,8.356416,13.293509,3.788383,2.314056,3.067279,8.195205,3.494633,3.928821,-17.157190,-7.183451,-12.507683,0.000000,193.000000,4.000000,,,,0.000000,4.000000,4.000000,4.000000,4.000000,4.000000,4.000000,4.000000,4.000000,4.000000,4.000000,4.000000,4.000000,4.000000,4.000000,4.000000,4.000000,4.000000,4.000000,2.000000,4.000000,4.000000,4.000000,4.000000,4.000000,4.000000,4.000000,4.000000,4.000000,4.000000,4.000000,4.000000,4.000000,83.333336
1614076778.491477,82.000000,0.000000,1.552231,1.202162,-4.653513,4.230430,4.979158,3.967287,6.686758,1.318943,6.057788,6.768482,8.351759,4.686274,3.517631,11.669513,0.243427,58.882370,2.458253,10.300254,8.702004,3.630137,1.498534,8.860880,9.177651,4.297415,1.286101,-1.551173,1.007522,-1.124246,2.386430,-21.755419,-7.689088,-14.546457,0.000000,204.000000,4.000000,,,,0.000000,4.000000,4.000000,4.000000,4.000000,4.000000,4.000000,4.000000,4.000000,4.000000,4.000000,4.000000,4.000000,4.000000,4.000000,4.000000,4.000000,4.000000,4.000000,2.000000,4.000000,4.000000,4.000000,4.000000,4.000000,4.000000,4.000000,4.000000,4.000000,4.000000,4.000000,4.000000,4.000000,83.333336
1614076778.499226,83.000000,0.000000,1.037858,-2.901605,-4.136039,4.226200,5.487000,6.014602,6.167250,3.368906,6.051730,5.736072,6.292125,5.707229,4.026934,13.196304,-0.269637,58.310665,6.045538,7.213031,6.129200,4.652148,-2.092708,9.877661,8.142833,1.729015,3.848918,-3.600904,-2.070408,-3.687224,-0.180059,-19.682381,-6.655758,-11.967808,0.000000,203.000000,4.000000,,,,0.000000,4.000000,4.000000,4.000000,4.000000,4.000000,4.000000,4.000000,4.000000,4.000000,4.000000,4.000000,4.000000,4.000000,4.000000,4.000000,4.000000,4.000000,4.000000,2.000000,4.000000,4.000000,4.000000,4.000000,4.000000,4.000000,4.000000,4.000000,4.000000,4.000000,4.000000,4.000000,4.000000,83.333336
1614076778.506875,84.000000,0.000000,4.113743,0.178220,0.483482,4.734794,8.558435,8.059870,6.673903,3.365537,6.045679,8.807260,6.798654,10.829727,14.279317,19.849775,8.448581,66.457481,17.834364,16.949408,0.994865,4.647496,2.011949,12.944706,16.852638,1.727286,13.075838,-1.033201,7.162431,-2.657896,-0.179879,-17.611416,-3.572179,-3.237892,0.000000,190.000000,4.000000,,,,0.000000,4.000000,4.000000,4.000000,4.000000,4.000000,4.000000,4.000000,4.000000,4.000000,4.000000,4.000000,4.000000,4.000000,4.000000,4.000000,4.000000,4.000000,4.000000,2.000000,4.000000,4.000000,4.000000,4.000000,4.000000,4.000000,4.000000,4.000000,4.000000,4.000000,4.000000,4.000000,4.000000,83.333336
1614076778.514624,85.000000,0.000000,5.648091,-1.873240,2.021460,4.217238,8.037056,8.051809,6.667230,4.900633,6.039633,10.849734,6.791855,11.844538,15.803499,18.291464,11.517056,51.519230,17.816530,21.035023,5.096435,4.130028,6.112501,10.367659,17.861427,6.853764,18.703789,-2.057808,10.232192,-2.655238,-0.179699,-18.106625,-3.055786,-4.773115,0.000000,195.000000,4.000000,,,,0.000000,4.000000,4.000000,4.000000,4.000000,4.000000,4.000000,4.000000,4.000000,4.000000,4.000000,4.000000,4.000000,4.000000,4.000000,4.000000,4.000000,4.000000,4.000000,2.000000,4.000000,4.000000,4.000000,4.000000,4.000000,4.000000,4.000000,4.000000,4.000000,4.000000,4.000000,4.000000,4.000000,83.333336
1614076778.522273,86.000000,0.000000,-1.024224,-11.614957,-2.595946,1.648919,7.516199,8.043757,4.609280,1.305989,3.982311,9.300423,6.785063,7.217309,5.018465,7.503941,2.274769,23.775404,8.567945,6.655013,9.706723,4.638718,4.055107,-1.950401,4.510232,6.846910,12.531238,-7.183956,-0.034450,-4.703865,-2.743622,-18.601339,-6.129654,-17.076035,0.000000,193.000000,4.000000,,,,0.000000,4.000000,4.000000,4.000000,4.000000,4.000000,4.000000,4.000000,4.000000,4.000000,4.000000,4.000000,4.000000,4.000000,4.000000,4.000000,4.000000,4.000000,4.000000,2.000000,4.000000,4.000000,4.000000,4.000000,4.000000,4.000000,4.000000,4.000000,4.000000,4.000000,4.000000,4.000000,4.000000,83.333336
1614076778.530022,87.000000,0.000000,-5.125763,-12.628983,-5.157453,0.108808,8.021503,8.035714,2.553389,-4.849164,1.927047,6.727020,6.778278,5.158810,1.936524,4.419514,3.298136,38.110603,3.431171,6.135538,9.184196,4.634079,1.486949,-8.102297,-4.725048,-0.339424,4.313579,-8.202413,-5.675442,-6.750443,-4.279339,-17.557096,-7.661986,-22.699984,0.000000,179.000000,4.000000,,,,0.000000,4.000000,4.000000,4.000000,4.000000,4.000000,4.000000,4.000000,4.000000,4.000000,4.000000,4.000000,4.000000,4.000000,4.000000,4.000000,4.000000,4.000000,4.000000,2.000000,4.000000,4.000000,4.000000,4.000000,4.000000,4.000000,4.000000,4.000000,4.000000,4.000000,4.000000,4.000000,4.000000,83.333336
1614076778.537671,88.000000,0.000000,-0.505253,-6.975328,-3.613834,0.621520,8.013482,8.540499,4.602118,1.309532,1.925120,6.207472,6.771500,6.692112,4.498690,9.030479,14.064068,70.893005,3.940561,29.206326,8.149370,4.629446,1.998282,0.623754,-2.669040,-4.441648,1.745162,-6.655749,-3.618484,-5.718052,-3.762240,-18.052361,-7.141503,-20.113182,0.000000,184.000000,4.000000,,,,0.000000,4.000000,4.000000,4.000000,4.000000,4.000000,4.000000,4.000000,4.000000,4.000000,4.000000,4.000000,4.000000,4.000000,4.000000,4.000000,4.000000,4.000000,4.000000,2.000000,4.000000,4.000000,4.000000,4.000000,4.000000,4.000000,4.000000,4.000000,4.000000,4.000000,4.000000,4.000000,4.000000,83.333336
1614076778.545420,89.000000,0.000000,1.033714,-6.455532,-4.123040,0.108078,8.005468,8.019137,6.648798,14.128735,2.436015,6.714085,6.764729,6.172600,3.468550,9.021449,9.947440,65.693909,3.936620,36.869427,8.654041,4.624816,2.509105,8.315438,-2.153551,-3.411566,2.256238,-7.161913,-4.127686,-3.148231,-3.758477,-18.034307,-7.134362,-20.605888,0.000000,206.000000,4.000000,,,,0.000000,4.000000,4.000000,4.000000,4.000000,4.000000,4.000000,4.000000,4.000000,4.000000,4.000000,4.000000,4.000000,4.000000,4.000000,4.000000,4.000000,4.000000,4.000000,2.000000,4.000000,4.000000,4.000000,4.000000,4.000000,4.000000,4.000000,4.000000,4.000000,4.000000,4.000000,4.000000,4.000000,83.333336
1614076778.553070,90.000000,0.000000,-1.531423,-7.987538,-4.631738,0.620790,7.484642,5.447016,6.642148,14.114606,1.920759,5.681730,6.757964,5.653606,2.952261,5.422684,-2.883020,46.141033,3.419863,28.114609,9.158208,4.620191,1.993775,7.281481,-3.689859,-3.408154,2.253982,-7.667572,-5.149199,-3.145083,-4.780360,-18.016273,-7.640048,-22.636564,0.000000,129.000000,4.000000,,,,0.000000,4.000000,4.000000,4.000000,4.000000,4.000000,4.000000,4.000000,4.000000,4.000000,4.000000,4.000000,4.000000,4.000000,4.000000,4.000000,4.000000,4.000000,4.000000,2.000000,4.000000,4.000000,4.000000,4.000000,4.000000,4.000000,4.000000,4.000000,4.000000,4.000000,4.000000,4.000000,4.000000,83.333336
1614076778.560819,91.000000,0.000000,2.059852,-6.953910,-4.627106,3.184272,7.989978,3.903107,6.122686,11.023568,2.431659,6.701690,6.751206,6.160773,3.462129,4.904440,-3.392958,52.248737,3.416443,24.496750,8.636230,4.615571,1.991781,7.787020,-3.173349,-3.917566,1.226086,-7.147084,-4.118409,-2.629117,-3.749939,-17.998257,-7.632408,-20.049826,0.000000,205.000000,4.000000,,,,0.000000,4.000000,4.000000,4.000000,4.000000,4.000000,4.000000,4.000000,4.000000,4.000000,4.000000,4.000000,4.000000,4.000000,4.000000,4.000000,4.000000,4.000000,4.000000,2.000000,4.000000,4.000000,4.000000,4.000000,4.000000,4.000000,4.000000,4.000000,4.000000,4.000000,4.000000,4.000000,4.000000,83.333336
1614076778.568468,92.000000,0.000000,6.160357,-6.946956,-4.109659,4.206729,10.546091,4.412025,6.629384,15.115109,4.993330,11.823193,6.744454,6.154613,3.458667,5.412356,-2.363924,55.786232,3.413027,20.369690,5.037849,4.610955,2.502610,7.266413,-2.657355,-3.400828,2.250501,-7.139937,-4.627111,-2.626488,-3.746189,-17.980259,-6.599134,-16.952852,0.000000,144.000000,4.000000,,,,0.000000,4.000000,4.000000,4.000000,4.000000,4.000000,4.000000,4.000000,4.000000,4.000000,4.000000,4.000000,4.000000,4.000000,4.000000,4.000000,4.000000,4.000000,4.000000,2.000000,4.000000,4.000000,2.000000,4.000000,4.000000,4.000000,4.000000,4.000000,4.000000,4.000000,4.000000,4.000000,4.000000,66.666664
1614076778.576217,93.000000,0.000000,5.641376,-6.427188,-4.618370,4.715343,11.561186,4.407613,6.622755,10.997430,6.526798,14.888293,6.737710,6.148458,3.968029,5.406944,-2.874380,58.807369,3.922434,17.785217,6.058453,4.606344,2.500107,-1.458802,-2.654697,-3.397428,4.812354,-7.132797,-4.109663,-3.649503,-4.768084,-18.475100,-7.618176,-16.935900,0.000000,201.000000,4.000000,,,,0.000000,4.000000,4.000000,4.000000,4.000000,4.000000,4.000000,4.000000,4.000000,4.000000,4.000000,4.000000,4.000000,4.000000,4.000000,4.000000,4.000000,4.000000,4.000000,2.000000,4.000000,4.000000,2.000000,4.000000,4.000000,4.000000,4.000000,4.000000,4.000000,4.000000,4.000000,4.000000,4.000000,66.666664
1614076778.583866,94.000000,0.000000,4.610094,-5.395120,-3.588110,6.249089,11.549624,4.403205,6.616132,0.217202,6.007450,14.873405,6.730972,6.142310,2.425599,5.401537,-1.333044,73.620361,3.918512,13.664867,8.103676,4.601738,-0.066495,-7.611190,-2.652043,-3.394030,6.346003,-7.638485,-2.054272,-0.568930,-1.173572,-17.943804,-7.097737,-13.329221,0.000000,194.000000,4.000000,,,,0.000000,4.000000,4.000000,4.000000,4.000000,4.000000,4.000000,4.000000,4.000000,4.000000,4.000000,4.000000,4.000000,4.000000,4.000000,4.000000,4.000000,4.000000,4.000000,2.000000,4.000000,4.000000,2.000000,4.000000,4.000000,4.000000,4.000000,4.000000,4.000000,4.000000,4.000000,4.000000,4.000000,66.666664
1614076778.591615,95.000000,0.000000,5.118304,-2.312802,1.543683,9.832583,14.614998,6.450084,6.096695,1.242626,6.001443,13.320069,6.724241,6.136168,0.371892,5.396136,-7.485558,57.136482,1.350491,-5.323156,5.018650,2.033034,-2.117711,-0.424091,-3.675032,-3.390636,5.826836,-6.092385,-0.513756,6.611126,7.032730,-13.823296,0.601668,-2.033840,0.000000,154.000000,4.000000,,,,0.000000,4.000000,4.000000,4.000000,4.000000,4.000000,4.000000,4.000000,4.000000,4.000000,4.000000,4.000000,4.000000,4.000000,4.000000,4.000000,4.000000,4.000000,4.000000,2.000000,4.000000,4.000000,2.000000,4.000000,4.000000,4.000000,4.000000,4.000000,4.000000,4.000000,4.000000,4.000000,4.000000,66.666664
1614076778.599264,96.000000,0.000000,5.113185,3.330537,5.644704,11.874033,15.626024,8.494916,6.090599,4.831127,5.995441,12.793929,6.717517,6.130031,-0.654121,5.390739,-12.606277,30.412678,0.323499,-3.779372,8.603374,1.005360,-1.602773,7.781461,-2.645715,-3.900066,6.333830,-3.522190,-0.513242,8.142977,11.128262,-10.732550,7.267733,6.173322,8064.000000,0.000000,4.000000,,,,0.000000,4.000000,4.000000,4.000000,4.000000,4.000000,4.000000,4.000000,4.000000,4.000000,4.000000,4.000000,4.000000,4.000000,4.000000,4.000000,4.000000,4.000000,4.000000,2.000000,4.000000,4.000000,2.000000,4.000000,4.000000,4.000000,4.000000,4.000000,4.000000,4.000000,4.000000,4.000000,4.000000,66.666664
1614076778.607113,97.000000,0.000000,5.108072,3.840026,7.177521,9.810877,13.046295,6.435139,6.597328,-2.866012,5.989446,11.242674,6.710800,6.123901,-0.140647,5.898170,-1.311620,52.433548,2.374458,25.455177,17.825541,1.517175,-3.652452,6.748039,-2.130249,-2.870525,5.301855,-4.031488,-1.025550,5.057910,8.040210,-10.208997,4.696362,4.115867,8064.000000,0.000000,4.000000,,,,0.000000,4.000000,4.000000,4.000000,4.000000,4.000000,4.000000,4.000000,4.000000,4.000000,4.000000,4.000000,4.000000,4.000000,4.000000,4.000000,4.000000,4.000000,4.000000,2.000000,4.000000,4.000000,2.000000,4.000000,4.000000,4.000000,4.000000,4.000000,4.000000,4.000000,4.000000,4.000000,4.000000,66.666664
1614076778.614862,98.000000,0.000000,5.102964,-1.804839,6.657523,4.160040,10.981967,0.787678,6.077910,-6.965710,5.470636,5.590405,6.704089,5.604957,-0.140506,4.866630,7.407641,70.329834,3.910545,21.327158,12.166689,-0.022804,-6.725723,3.664367,-4.692222,-3.893295,0.168348,-7.617200,-0.511704,5.052852,7.519349,-10.198788,0.589102,-1.016455,8064.000000,0.000000,4.000000,,,,0.000000,4.000000,4.000000,4.000000,4.000000,4.000000,4.000000,4.000000,4.000000,4.000000,4.000000,4.000000,4.000000,4.000000,4.000000,4.000000,4.000000,4.000000,4.000000,2.000000,4.000000,4.000000,2.000000,4.000000,4.000000,4.000000,4.000000,4.000000,4.000000,4.000000,4.000000,4.000000,4.000000,66.666664
1614076778.622711,99.000000,0.000000,4.585041,-2.315855,6.138044,4.155880,10.970985,0.274070,6.071833,-1.830540,5.465165,-0.056211,6.697385,6.624993,-0.140365,0.246379,0.220746,38.977451,4.419455,-0.232631,6.000676,2.028501,-2.616433,4.173523,0.953496,-6.966325,-0.344641,-7.609583,1.540090,4.022159,7.511830,-10.701409,0.075693,-0.502618,8064.000000,0.000000,4.000000,,,,0.000000,4.000000,4.000000,4.000000,4.000000,4.000000,4.000000,4.000000,4.000000,4.000000,4.000000,4.000000,4.000000,4.000000,4.000000,4.000000,4.000000,4.000000,4.000000,2.000000,4.000000,4.000000,2.000000,4.000000,4.000000,4.000000,4.000000,4.000000,4.000000,4.000000,4.000000,4.000000,4.000000,66.666664
1614076778.630461,100.000000,0.000000,6.631738,3.327487,8.183188,11.844032,11.472835,7.966104,10.168324,1.248214,7.510982,4.046410,6.690687,9.182470,-0.140225,-2.830791,-3.369218,29.707705,6.466317,10.536833,9.584419,9.205959,4.565671,4.682170,16.337158,-5.420897,4.271089,0.603155,7.692396,5.556598,7.504318,-10.177887,0.075617,3.087629,8064.000000,0.000000,4.000000,,,,0.000000,4.000000,4.000000,4.000000,4.000000,4.000000,4.000000,4.000000,4.000000,4.000000,4.000000,4.000000,4.000000,4.000000,4.000000,4.000000,4.000000,4.000000,4.000000,2.000000,4.000000,4.000000,2.000000,4.000000,4.000000,4.000000,4.000000,4.000000,4.000000,4.000000,4.000000,4.000000,4.000000,66.666664
1614076778.638310,101.000000,0.000000,7.650747,4.862621,12.277570,15.934752,12.999824,15.137625,14.260720,-0.291496,9.554753,10.196209,6.683997,8.660467,-0.652905,-2.315139,-2.853029,55.319023,7.998312,14.116039,-0.681576,10.735215,6.612387,4.164668,18.372103,1.764011,6.830920,10.346142,13.325729,10.679246,10.060916,-5.552325,3.665285,5.648643,8064.000000,0.000000,4.000000,,,,0.000000,4.000000,4.000000,4.000000,4.000000,4.000000,4.000000,4.000000,4.000000,4.000000,4.000000,4.000000,4.000000,4.000000,4.000000,4.000000,4.000000,4.000000,4.000000,2.000000,4.000000,4.000000,2.000000,4.000000,4.000000,4.000000,4.000000,4.000000,4.000000,4.000000,4.000000,4.000000,4.000000,66.666664
1614076778.646059,102.000000,0.000000,5.591814,3.319297,14.316574,14.893176,15.038105,15.122487,12.707998,-0.291204,9.545198,8.647552,6.677313,5.574884,-1.165073,-2.825644,-8.491201,55.263702,6.964673,2.819872,-5.809099,5.596275,5.580134,4.160503,7.071680,4.839170,5.798448,11.874257,14.338045,7.078824,8.512394,-2.982670,7.764184,5.642995,8064.000000,0.000000,4.000000,,,,0.000000,4.000000,4.000000,4.000000,4.000000,4.000000,4.000000,4.000000,4.000000,4.000000,4.000000,4.000000,4.000000,4.000000,4.000000,4.000000,4.000000,4.000000,4.000000,2.000000,4.000000,4.000000,2.000000,4.000000,4.000000,4.000000,4.000000,4.000000,4.000000,4.000000,4.000000,4.000000,4.000000,66.666664
1614076778.653908,103.000000,0.000000,4.560581,3.828798,13.789436,12.827002,15.023067,15.107365,9.618367,0.734728,9.535653,5.561981,6.157815,5.569309,0.374554,-3.335639,-7.457069,49.054592,7.470529,19.227308,16.760813,4.565038,5.574553,4.156343,2.962044,3.808690,3.741368,8.785460,10.733963,-2.159024,1.837215,-7.082252,5.192317,0.509147,8064.000000,0.000000,4.000000,,,,0.000000,4.000000,4.000000,4.000000,4.000000,4.000000,4.000000,4.000000,4.000000,4.000000,4.000000,4.000000,4.000000,4.000000,4.000000,4.000000,4.000000,4.000000,4.000000,2.000000,4.000000,4.000000,2.000000,4.000000,4.000000,4.000000,4.000000,4.000000,4.000000,4.000000,4.000000,4.000000,4.000000,66.666664
1614076778.661657,104.000000,0.000000,5.581662,4.337790,13.775647,10.250072,14.495224,16.117899,10.121570,0.221173,9.526117,6.582060,7.177298,6.589381,0.374179,0.770260,0.755516,64.902977,7.975879,24.849108,22.897898,3.534832,6.081800,3.639366,6.036005,3.804881,2.199165,7.751033,6.107844,-4.208148,-1.241545,-11.177733,0.058919,-5.645208,8064.000000,0.000000,4.000000,,,,0.000000,4.000000,4.000000,4.000000,4.000000,4.000000,4.000000,4.000000,4.000000,4.000000,4.000000,4.000000,4.000000,4.000000,4.000000,4.000000,4.000000,4.000000,4.000000,2.000000,4.000000,4.000000,2.000000,4.000000,4.000000,4.000000,4.000000,4.000000,4.000000,4.000000,4.000000,4.000000,4.000000,66.666664
1614076778.669506,105.000000,0.000000,4.037619,3.820631,14.274693,7.675719,14.993549,14.050498,10.624269,-0.291869,9.516592,6.575478,6.657300,5.044330,-1.164657,3.846413,0.754761,59.709866,6.942262,3.285796,3.900641,1.480015,6.075718,4.661367,3.465866,4.313897,2.196965,6.204820,4.050455,-2.152657,-0.214663,-10.653735,-0.453960,-4.613922,8064.000000,0.000000,4.000000,,,,0.000000,4.000000,4.000000,4.000000,4.000000,4.000000,4.000000,4.000000,4.000000,4.000000,4.000000,4.000000,4.000000,4.000000,4.000000,4.000000,4.000000,4.000000,4.000000,2.000000,4.000000,4.000000,2.000000,4.000000,4.000000,4.000000,4.000000,4.000000,4.000000,4.000000,4.000000,4.000000,4.000000,66.666664
1614076778.677255,106.000000,0.000000,1.469478,3.816811,13.747597,7.155223,16.517017,11.985166,9.588003,0.734064,9.507075,6.056082,5.625002,6.577747,4.990354,6.919490,4.856570,49.906567,7.448141,17.128664,3.383920,7.632381,6.069642,3.118245,0.385477,3.796762,2.194768,3.634513,2.507943,-3.176146,-0.214448,-10.130260,0.572135,0.518897,8064.000000,0.000000,4.000000,,,,0.000000,4.000000,4.000000,4.000000,4.000000,4.000000,4.000000,4.000000,4.000000,4.000000,4.000000,4.000000,4.000000,4.000000,4.000000,4.000000,4.000000,4.000000,4.000000,2.000000,4.000000,4.000000,2.000000,4.000000,4.000000,4.000000,4.000000,4.000000,4.000000,4.000000,4.000000,4.000000,4.000000,66.666664
1614076778.685104,107.000000,0.000000,0.955188,3.812994,13.733850,7.660888,18.551783,13.511642,9.578415,2.784612,9.497568,8.614128,10.747582,11.699374,17.293056,18.707441,19.210688,75.497688,13.081717,45.829483,16.201048,15.829877,5.550752,-2.013079,0.385092,3.792965,2.192574,3.118058,3.018255,-3.172970,-0.727054,-10.632951,0.058742,1.031198,8064.000000,0.000000,4.000000,,,,0.000000,4.000000,4.000000,4.000000,4.000000,4.000000,4.000000,4.000000,4.000000,4.000000,4.000000,4.000000,4.000000,4.000000,4.000000,4.000000,4.000000,4.000000,4.000000,2.000000,4.000000,4.000000,2.000000,4.000000,4.000000,4.000000,4.000000,4.000000,4.000000,4.000000,4.000000,4.000000,4.000000,66.666664
1614076778.692853,108.000000,0.000000,1.467054,4.322001,13.720116,7.140407,18.533230,15.549413,10.081657,4.320289,9.488070,10.143976,13.300937,14.251778,16.250122,20.740017,18.678658,76.447830,14.607098,30.399040,17.210489,16.326868,5.545201,-2.523886,0.384707,4.301993,2.190381,3.627760,5.579340,-2.656976,-0.213507,-10.622318,-0.454137,0.517347,8064.000000,0.000000,4.000000,,,,0.000000,4.000000,4.000000,4.000000,4.000000,4.000000,4.000000,4.000000,4.000000,4.000000,4.000000,4.000000,4.000000,4.000000,4.000000,4.000000,4.000000,4.000000,4.000000,2.000000,4.000000,4.000000,2.000000,4.000000,4.000000,4.000000,4.000000,4.000000,4.000000,4.000000,4.000000,4.000000,4.000000,66.666664
1614076778.700702,109.000000,0.000000,1.465587,3.804859,13.193575,7.133266,18.514696,15.021043,10.071575,3.803148,9.478582,10.133832,5.595328,12.699064,3.926180,0.719277,1.224081,44.063690,9.464286,8.317358,16.680458,15.284900,6.565297,2.606843,1.409963,3.784871,2.188191,3.624133,6.599401,-2.654319,-0.213293,-10.611695,0.059138,1.029650,8064.000000,0.000000,4.000000,,,,0.000000,4.000000,4.000000,4.000000,4.000000,4.000000,4.000000,4.000000,4.000000,4.000000,4.000000,4.000000,4.000000,4.000000,4.000000,4.000000,4.000000,4.000000,4.000000,2.000000,4.000000,4.000000,2.000000,4.000000,4.000000,4.000000,4.000000,4.000000,4.000000,4.000000,4.000000,4.000000,4.000000,66.666664
1614076778.708451,110.000000,0.000000,1.464121,1.749772,13.693202,7.126133,17.983362,14.493201,10.061504,3.799345,8.956284,10.123698,-0.051293,13.712007,-1.205952,-11.076314,-3.392528,41.968342,7.403539,8.309041,8.458649,15.782434,1.943347,5.168338,3.972656,3.781086,2.186002,3.620508,6.592802,-2.651665,-0.213080,-10.601084,0.059079,1.028620,8064.000000,0.000000,4.000000,,,,0.000000,4.000000,4.000000,4.000000,4.000000,4.000000,4.000000,4.000000,4.000000,4.000000,4.000000,4.000000,4.000000,4.000000,4.000000,4.000000,4.000000,4.000000,4.000000,2.000000,4.000000,4.000000,2.000000,4.000000,4.000000,4.000000,4.000000,4.000000,4.000000,4.000000,4.000000,4.000000,4.000000,66.666664
1614076778.716100,111.000000,0.000000,1.462657,0.209561,16.243610,7.631827,18.478199,14.991529,10.051442,3.282725,9.460148,10.113574,2.512861,14.211115,1.359357,-3.885751,1.226249,70.644325,6.370494,7.275091,-6.934425,11.151268,-7.289365,3.624709,3.968683,4.802946,2.183816,3.616888,6.586209,-2.649013,-0.212867,-10.590483,0.059020,1.027592,8064.000000,0.000000,4.000000,,,,0.000000,4.000000,4.000000,4.000000,4.000000,4.000000,4.000000,4.000000,4.000000,4.000000,4.000000,4.000000,4.000000,4.000000,4.000000,4.000000,4.000000,4.000000,4.000000,2.000000,4.000000,4.000000,2.000000,4.000000,4.000000,4.000000,4.000000,4.000000,4.000000,4.000000,4.000000,4.000000,4.000000,66.666664
1614076778.723849,112.000000,0.000000,1.461194,-0.303470,17.765829,7.624196,21.023823,14.976537,10.041391,4.305083,9.450687,10.103460,0.459066,9.068699,-2.231746,-6.445968,-6.467285,49.548038,-0.302543,4.703713,-3.850568,4.986270,-9.846179,4.133904,0.374971,1.721220,2.181633,4.126091,7.092443,-2.646364,-0.212654,-10.579892,0.058961,1.026564,8064.000000,0.000000,4.000000,,,,0.000000,4.000000,4.000000,4.000000,4.000000,4.000000,4.000000,4.000000,4.000000,4.000000,4.000000,4.000000,4.000000,4.000000,4.000000,4.000000,4.000000,4.000000,4.000000,2.000000,4.000000,4.000000,2.000000,4.000000,4.000000,4.000000,4.000000,4.000000,4.000000,4.000000,4.000000,4.000000,4.000000,66.666664
1614076778.731498,113.000000,0.000000,1.972554,0.209654,17.235243,7.103751,22.028440,14.961560,10.031349,4.300778,8.928416,10.093357,-5.182418,2.392963,-7.870540,-13.619009,-15.178766,24.883106,-4.917624,3.160548,7.948155,3.955643,-6.246589,4.642591,-2.702327,-4.947168,2.179451,4.121965,6.572530,-2.643718,-0.212441,-10.569312,0.058902,0.512717,8064.000000,0.000000,4.000000,,,,0.000000,4.000000,4.000000,4.000000,4.000000,4.000000,4.000000,4.000000,4.000000,4.000000,4.000000,4.000000,4.000000,4.000000,4.000000,4.000000,4.000000,4.000000,4.000000,2.000000,4.000000,4.000000,2.000000,4.000000,4.000000,4.000000,4.000000,4.000000,4.000000,4.000000,4.000000,4.000000,4.000000,66.666664
1614076778.739247,114.000000,0.000000,0.432120,0.209445,17.218008,7.609468,21.493591,14.946599,10.021318,1.732375,9.432308,10.083263,-3.125954,1.364929,-8.375490,-3.861800,-10.548203,57.678734,-3.887066,3.670208,4.863284,4.464508,-5.214701,2.586666,-2.699625,-7.506324,2.177272,3.605023,6.565958,-3.153895,-0.212229,-10.558743,0.058843,1.025025,8064.000000,0.000000,4.000000,,,,0.000000,4.000000,4.000000,4.000000,4.000000,4.000000,4.000000,4.000000,4.000000,4.000000,4.000000,4.000000,4.000000,4.000000,4.000000,4.000000,4.000000,4.000000,4.000000,2.000000,4.000000,4.000000,2.000000,4.000000,4.000000,4.000000,4.000000,4.000000,4.000000,4.000000,4.000000,4.000000,4.000000,66.666664
1614076778.746897,115.000000,0.000000,-1.619595,0.209235,17.200790,9.653140,23.523380,14.931652,9.498476,5.833207,11.986979,10.073180,-0.045905,2.389205,-7.854294,9.988215,-4.896629,84.800545,-3.370358,17.512691,-0.269785,4.460043,-5.722307,0.532798,-2.696925,-3.909074,2.175094,4.114239,7.072212,-2.637920,-0.212017,-10.548184,0.058784,3.588102,8064.000000,0.000000,4.000000,,,,0.000000,4.000000,4.000000,4.000000,4.000000,4.000000,4.000000,4.000000,4.000000,4.000000,4.000000,4.000000,4.000000,4.000000,4.000000,4.000000,4.000000,4.000000,4.000000,2.000000,4.000000,4.000000,2.000000,4.000000,4.000000,4.000000,4.000000,4.000000,4.000000,4.000000,4.000000,4.000000,4.000000,66.666664
1614076778.754646,116.000000,0.000000,-2.643616,0.209026,17.183588,11.181949,25.551138,14.916720,10.001799,15.570963,13.513453,10.063107,-1.071500,1.873995,-7.333619,9.978228,-6.430194,61.125999,-4.392629,23.136204,0.243306,4.455584,-5.716585,0.019444,-2.694228,-2.879524,2.172919,4.110124,4.501038,-0.584000,-0.211805,-10.537637,0.058725,5.122976,8064.000000,0.000000,4.000000,,,,0.000000,4.000000,4.000000,4.000000,4.000000,4.000000,4.000000,4.000000,4.000000,4.000000,4.000000,4.000000,4.000000,4.000000,4.000000,4.000000,4.000000,4.000000,4.000000,2.000000,4.000000,4.000000,2.000000,4.000000,4.000000,4.000000,4.000000,4.000000,4.000000,4.000000,4.000000,4.000000,4.000000,66.666664
1614076778.762295,117.000000,0.000000,-2.128152,0.208817,17.166405,11.170767,25.525587,14.901804,9.991796,12.478469,12.987119,10.053044,-0.557608,1.872121,-4.762183,7.916967,-6.423764,48.244362,-3.362595,5.164351,0.755883,0.861384,-5.710868,0.532245,-3.204355,-3.902285,2.170746,0.003450,0.906793,1.467866,-0.724413,-10.527099,0.058666,4.605032,8064.000000,0.000000,4.000000,,,,0.000000,4.000000,4.000000,4.000000,4.000000,4.000000,4.000000,4.000000,4.000000,4.000000,4.000000,4.000000,4.000000,4.000000,4.000000,4.000000,4.000000,4.000000,4.000000,2.000000,4.000000,4.000000,2.000000,4.000000,4.000000,4.000000,4.000000,4.000000,4.000000,4.000000,4.000000,4.000000,4.000000,66.666664
1614076778.770044,118.000000,0.000000,-2.638844,0.208608,17.149239,10.646775,24.987242,14.886902,9.468985,2.209580,12.461311,10.042992,2.007052,2.383070,-4.244600,9.447512,-5.391699,53.324322,-3.872053,-9.199788,4.344871,-2.729221,-5.192337,0.531713,-2.688330,-3.385562,2.168576,-4.099117,-0.632575,0.953577,-0.210868,-10.516572,0.058608,4.600427,8064.000000,0.000000,4.000000,,,,0.000000,4.000000,4.000000,4.000000,4.000000,4.000000,4.000000,4.000000,4.000000,4.000000,4.000000,4.000000,4.000000,4.000000,4.000000,4.000000,4.000000,4.000000,4.000000,2.000000,4.000000,4.000000,2.000000,4.000000,4.000000,4.000000,4.000000,4.000000,4.000000,4.000000,4.000000,4.000000,4.000000,66.666664
1614076778.777693,119.000000,0.000000,-2.123385,0.208400,17.132090,11.148949,25.475075,14.872015,9.972336,7.848396,12.961671,10.032948,3.543507,2.893507,-2.189074,9.950885,-5.899128,42.501766,-3.868181,-10.216229,-3.351782,-3.239312,-4.674324,0.531182,-2.172821,-3.382177,2.166407,-3.582198,-1.144763,0.952624,0.302163,-9.993235,0.058549,5.108647,8064.000000,0.000000,4.000000,,,,0.000000,4.000000,4.000000,4.000000,4.000000,4.000000,4.000000,4.000000,4.000000,4.000000,4.000000,4.000000,4.000000,4.000000,4.000000,4.000000,4.000000,4.000000,4.000000,2.000000,4.000000,4.000000,2.000000,4.000000,4.000000,4.000000,4.000000,4.000000,4.000000,4.000000,4.000000,4.000000,4.000000,66.666664
1614076778.785442,120.000000,0.000000,-2.121262,0.208191,17.114958,11.137800,25.449600,15.369964,12.526466,19.635420,13.461530,10.535736,5.591245,2.377793,2.428500,9.428113,-4.354767,37.843880,-1.813031,-4.052167,-13.092020,-2.723252,-5.695291,0.530650,-2.683469,-3.378795,3.189882,-3.065795,-1.143619,0.951671,-2.262242,-9.983241,0.058490,3.565077,8064.000000,0.000000,4.000000,,,,0.000000,4.000000,4.000000,4.000000,4.000000,4.000000,4.000000,4.000000,4.000000,4.000000,4.000000,4.000000,4.000000,4.000000,4.000000,4.000000,4.000000,4.000000,4.000000,2.000000,4.000000,4.000000,2.000000,4.000000,4.000000,4.000000,4.000000,4.000000,4.000000,4.000000,4.000000,4.000000,4.000000,66.666664
1614076778.793091,121.000000,0.000000,-3.144781,-0.304837,17.097843,10.613842,25.424150,14.328953,14.052402,17.051682,12.422427,10.012380,5.585654,1.862595,4.477354,8.905865,-0.760669,52.677830,0.240064,12.874962,3.844149,-3.233349,-3.638313,0.530120,-3.193606,-3.375416,2.161051,-4.088370,4.498551,0.950720,-3.285621,-10.486078,-0.454389,0.997409,8064.000000,0.000000,4.000000,,,,0.000000,4.000000,4.000000,4.000000,4.000000,4.000000,4.000000,4.000000,4.000000,4.000000,4.000000,4.000000,4.000000,4.000000,4.000000,4.000000,4.000000,4.000000,4.000000,2.000000,4.000000,4.000000,2.000000,4.000000,4.000000,4.000000,4.000000,4.000000,4.000000,4.000000,4.000000,4.000000,4.000000,66.666664
1614076778.800940,122.000000,0.000000,-1.090354,-0.304533,17.080744,12.141689,24.885906,14.314624,13.525528,12.932066,11.897184,9.489547,6.092889,3.399194,2.934415,7.871318,1.291374,58.266178,0.752644,20.041574,20.763382,-3.742937,3.544812,0.529590,1.937793,-3.372041,1.133249,-2.033000,13.212001,0.949769,-1.231053,-9.962772,0.571707,0.483591,8064.000000,0.000000,4.000000,,,,0.000000,4.000000,4.000000,4.000000,4.000000,4.000000,4.000000,4.000000,4.000000,4.000000,4.000000,4.000000,4.000000,4.000000,4.000000,4.000000,4.000000,4.000000,4.000000,2.000000,4.000000,4.000000,2.000000,4.000000,4.000000,4.000000,4.000000,4.000000,4.000000,4.000000,4.000000,4.000000,4.000000,66.666664
1614076778.808689,123.000000,0.000000,4.038941,0.208592,17.063663,14.180830,25.373840,16.864412,13.512003,19.585800,17.013493,10.505698,9.163719,6.472718,4.469942,10.427548,2.315724,56.669453,2.803174,10.790763,6.383644,-0.662271,7.131011,1.041880,6.038419,-3.881489,4.721859,1.558777,13.711610,0.948819,0.308640,-9.952809,3.135238,0.995928,8064.000000,0.000000,4.000000,,,,0.000000,4.000000,4.000000,4.000000,4.000000,4.000000,4.000000,4.000000,4.000000,4.000000,4.000000,4.000000,4.000000,4.000000,4.000000,4.000000,4.000000,4.000000,4.000000,2.000000,4.000000,4.000000,2.000000,4.000000,4.000000,4.000000,4.000000,4.000000,4.000000,4.000000,4.000000,4.000000,4.000000,66.666664
1614076778.816538,124.000000,0.000000,5.573364,-0.304437,17.559422,15.192290,25.348467,17.360369,13.498490,15.976471,20.073402,7.931090,1.975068,3.389322,-0.149913,6.314557,-1.789156,59.176884,4.851653,3.600485,-11.571458,1.389674,-1.081248,-0.497623,-0.121465,-2.851966,0.614573,-3.570987,7.544052,0.947870,-0.204489,-13.019779,2.106462,0.994933,8064.000000,0.000000,4.000000,,,,0.000000,4.000000,4.000000,4.000000,4.000000,4.000000,4.000000,4.000000,4.000000,4.000000,4.000000,4.000000,4.000000,4.000000,4.000000,4.000000,4.000000,4.000000,4.000000,2.000000,4.000000,4.000000,2.000000,4.000000,4.000000,4.000000,4.000000,4.000000,4.000000,4.000000,4.000000,4.000000,4.000000,66.666664
1614076778.824287,125.000000,0.000000,0.952406,-0.304132,17.029041,14.664277,22.246195,12.727623,12.972172,-1.475402,12.873841,1.769313,-12.898702,-2.255093,-10.918994,-3.948168,-11.018136,51.938221,2.795519,-1.531320,-8.482964,-0.150177,-10.823757,-4.086869,-7.813652,-3.361935,-14.770657,-11.772545,3.433944,0.946922,-0.204285,-18.134964,0.053073,0.481117,8064.000000,0.000000,4.000000,,,,0.000000,4.000000,4.000000,4.000000,4.000000,4.000000,4.000000,4.000000,4.000000,4.000000,4.000000,4.000000,4.000000,4.000000,4.000000,4.000000,4.000000,4.000000,4.000000,2.000000,4.000000,4.000000,2.000000,4.000000,4.000000,4.000000,4.000000,4.000000,4.000000,4.000000,4.000000,4.000000,4.000000,66.666664
1614076778.832037,126.000000,0.000000,1.977094,3.285915,17.012012,14.649613,22.223948,9.125152,14.497661,0.064534,12.348146,2.793184,-6.731957,1.336906,-8.856792,-3.944219,-8.443016,49.834999,0.741441,15.393288,7.935776,2.926896,-4.146266,-3.569962,-1.651992,-5.409855,-14.755886,-8.683848,3.430510,0.945976,-0.716901,-18.116829,-0.459801,0.993456,8064.000000,0.000000,4.000000,,,,0.000000,4.000000,4.000000,4.000000,4.000000,4.000000,4.000000,4.000000,4.000000,4.000000,4.000000,4.000000,4.000000,4.000000,4.000000,4.000000,4.000000,4.000000,4.000000,2.000000,4.000000,4.000000,2.000000,4.000000,4.000000,4.000000,4.000000,4.000000,4.000000,4.000000,4.000000,4.000000,4.000000,66.666664
1614076778.839686,127.000000,0.000000,8.641784,7.385194,19.559103,18.224707,27.329929,12.705770,16.534445,17.500368,27.207594,10.995520,12.249134,8.515056,4.998218,6.316135,8.488504,69.785164,2.791982,46.147125,23.312456,11.641917,11.755316,1.048993,7.067609,-5.917266,-0.382156,-0.470037,2.914258,0.945030,-0.203364,-14.508969,0.053480,1.505283,8064.000000,0.000000,4.000000,,,,0.000000,4.000000,4.000000,4.000000,4.000000,4.000000,4.000000,4.000000,4.000000,4.000000,4.000000,4.000000,4.000000,4.000000,4.000000,4.000000,4.000000,4.000000,4.000000,2.000000,4.000000,4.000000,2.000000,4.000000,4.000000,4.000000,4.000000,4.000000,4.000000,4.000000,4.000000,4.000000,4.000000,66.666664
1614076778.847535,0.000000,0.000000,7.607501,7.890629,20.565184,19.232122,28.328241,17.308449,17.543552,15.431585,30.257309,14.574267,12.749705,10.557823,8.070143,10.925203,12.582580,72.792305,4.327652,19.434311,13.545553,10.604634,10.205099,-0.490517,5.009259,-3.860066,-0.381774,-1.495208,2.398524,0.944085,0.309660,-16.032923,0.053426,0.478137,0.000000,192.000000,4.000000,,,,0.000000,4.000000,4.000000,4.000000,4.000000,4.000000,4.000000,4.000000,4.000000,4.000000,4.000000,4.000000,4.000000,4.000000,4.000000,4.000000,4.000000,4.000000,4.000000,2.000000,4.000000,4.000000,2.000000,4.000000,4.000000,4.000000,4.000000,4.000000,4.000000,4.000000,4.000000,4.000000,4.000000,66.666664
1614076778.855284,1.000000,0.000000,1.446047,7.369918,15.929235,13.059045,25.222990,17.291140,16.500368,4.134102,17.406538,13.021232,5.557468,9.008803,1.395406,8.350176,1.800767,43.488743,3.810503,-12.892815,-4.416710,3.927363,-3.651260,-4.592591,-0.123955,-2.830565,-9.612162,-7.134738,2.396125,0.943140,-2.767573,-20.632273,0.566193,-2.086443,0.000000,197.000000,4.000000,,,,0.000000,4.000000,4.000000,4.000000,4.000000,4.000000,4.000000,4.000000,4.000000,4.000000,4.000000,4.000000,4.000000,4.000000,4.000000,4.000000,4.000000,4.000000,4.000000,2.000000,4.000000,4.000000,2.000000,4.000000,4.000000,4.000000,4.000000,4.000000,4.000000,4.000000,4.000000,4.000000,4.000000,66.666664
1614076778.863133,2.000000,0.000000,2.470243,7.362548,12.323562,6.892140,24.684946,14.709746,16.996687,9.770993,10.722466,13.521031,8.628834,9.512615,6.009396,8.341825,5.388710,42.419613,3.293872,14.812386,10.459501,4.949077,-5.698891,2.591489,0.901810,-3.340555,-9.602550,-7.640424,2.906550,0.942197,-3.277626,-21.637283,-0.460014,-3.109998,0.000000,203.000000,4.000000,,,,0.000000,4.000000,4.000000,4.000000,4.000000,4.000000,4.000000,4.000000,4.000000,4.000000,4.000000,4.000000,4.000000,4.000000,4.000000,4.000000,4.000000,4.000000,4.000000,2.000000,4.000000,4.000000,2.000000,4.000000,4.000000,4.000000,4.000000,4.000000,4.000000,4.000000,4.000000,4.000000,4.000000,66.666664
1614076778.870882,3.000000,0.000000,5.544695,7.868006,13.336879,6.885248,25.173082,14.182217,18.005331,12.838145,13.275846,14.020330,11.184308,11.041564,12.157232,10.384766,14.614090,75.197708,3.803399,47.618088,21.218273,3.918487,-1.590628,11.819667,1.926549,-3.337215,-7.541665,-6.607142,2.903643,0.941255,0.828216,-20.590004,0.566087,-2.081247,0.000000,187.000000,4.000000,,,,0.000000,4.000000,4.000000,4.000000,4.000000,4.000000,4.000000,4.000000,4.000000,4.000000,4.000000,4.000000,4.000000,4.000000,4.000000,4.000000,4.000000,4.000000,4.000000,2.000000,4.000000,4.000000,2.000000,4.000000,4.000000,4.000000,4.000000,4.000000,4.000000,4.000000,4.000000,4.000000,4.000000,66.666664
1614076778.878731,4.000000,0.000000,2.462227,7.347317,13.323543,7.391183,25.147909,15.706496,14.910403,2.568897,12.749749,13.493489,7.583380,7.953599,-1.701079,8.835919,2.804604,68.455841,2.773955,15.775597,-5.982432,-9.418765,-6.717242,9.243744,0.386161,-3.333878,-8.046944,-7.626176,2.900739,0.940314,3.904311,-21.082235,3.129624,-3.617627,0.000000,191.000000,4.000000,,,,0.000000,4.000000,4.000000,4.000000,4.000000,4.000000,4.000000,4.000000,4.000000,4.000000,4.000000,4.000000,4.000000,4.000000,4.000000,4.000000,4.000000,4.000000,4.000000,2.000000,4.000000,4.000000,2.000000,4.000000,4.000000,4.000000,4.000000,4.000000,4.000000,4.000000,4.000000,4.000000,4.000000,66.666664
1614076778.886480,5.000000,0.000000,-2.155619,5.288688,12.797399,6.870971,24.609940,13.639507,10.280108,0.002226,11.711358,13.479996,3.473233,3.330261,-18.622456,0.621955,-14.634098,36.079693,-0.305742,-2.188897,-16.232861,-14.024731,-9.787448,2.055013,0.385775,-3.330544,-6.500435,-7.105730,2.897839,0.939373,3.387586,-21.061152,1.075212,-6.178113,0.000000,202.000000,4.000000,,,,0.000000,4.000000,4.000000,4.000000,4.000000,4.000000,4.000000,4.000000,4.000000,4.000000,4.000000,4.000000,4.000000,4.000000,4.000000,4.000000,4.000000,4.000000,4.000000,2.000000,4.000000,4.000000,2.000000,4.000000,4.000000,4.000000,4.000000,4.000000,4.000000,4.000000,4.000000,4.000000,4.000000,66.666664
1614076778.894329,6.000000,0.000000,-3.179105,3.744938,12.784601,6.864100,21.508408,11.061765,8.731367,3.591967,12.725288,13.466516,-0.632805,1.275649,-14.501268,-2.455590,-13.081002,51.428226,-0.818257,30.633804,3.783373,-2.215834,-5.675097,0.001676,0.898210,-3.840034,-4.955473,-7.611444,2.894941,0.938434,3.384199,-21.040091,-3.028427,-6.684755,0.000000,179.000000,4.000000,,,,0.000000,4.000000,4.000000,4.000000,4.000000,4.000000,4.000000,4.000000,4.000000,4.000000,4.000000,4.000000,4.000000,4.000000,4.000000,4.000000,4.000000,4.000000,4.000000,2.000000,4.000000,4.000000,2.000000,4.000000,4.000000,4.000000,4.000000,4.000000,4.000000,4.000000,4.000000,4.000000,4.000000,66.666664
1614076778.902078,7.000000,0.000000,-2.663105,3.741193,13.284636,7.370057,20.974077,10.537883,9.748277,3.588375,11.686922,13.453050,-1.657813,2.300014,-3.717536,4.213532,-5.888434,83.171669,3.285125,36.244198,8.907794,5.478689,-1.054037,1.027316,0.384491,-2.810553,-4.950518,-7.603833,2.379225,0.937496,3.380814,-21.019051,-4.051040,-6.165249,0.000000,163.000000,4.000000,,,,0.000000,4.000000,4.000000,4.000000,4.000000,4.000000,4.000000,4.000000,4.000000,4.000000,4.000000,4.000000,4.000000,4.000000,4.000000,4.000000,4.000000,4.000000,4.000000,2.000000,4.000000,4.000000,2.000000,4.000000,4.000000,4.000000,4.000000,4.000000,4.000000,4.000000,4.000000,4.000000,4.000000,66.666664
1614076778.909927,8.000000,0.000000,1.442122,3.737452,13.271352,7.362687,23.517206,11.040166,9.225708,6.661710,13.213696,13.439596,1.420768,2.297714,-3.713819,4.722139,-6.395366,64.626961,7.384404,28.002823,12.488630,3.934749,4.588043,3.077570,0.896927,-0.243639,-4.945567,-4.006485,2.889667,0.936558,4.403075,-20.998032,-3.534168,-6.159084,0.000000,194.000000,4.000000,,,,0.000000,4.000000,4.000000,4.000000,4.000000,4.000000,4.000000,4.000000,4.000000,4.000000,4.000000,4.000000,4.000000,4.000000,4.000000,4.000000,4.000000,4.000000,4.000000,2.000000,4.000000,4.000000,2.000000,4.000000,4.000000,4.000000,4.000000,4.000000,4.000000,4.000000,4.000000,4.000000,4.000000,66.666664
1614076778.917676,9.000000,0.000000,5.543244,3.733714,13.258080,7.355324,24.006510,11.029125,9.216482,10.244792,16.277405,13.426157,2.957809,1.782596,-5.248566,3.691777,-5.876151,54.305923,7.889840,49.000462,24.783834,3.930814,9.711660,4.100134,0.896030,0.269425,-5.453442,0.100085,2.886777,0.935622,6.962774,-20.977034,-3.017814,-6.152925,0.000000,211.000000,4.000000,,,,0.000000,4.000000,4.000000,4.000000,4.000000,4.000000,4.000000,4.000000,4.000000,4.000000,4.000000,4.000000,4.000000,4.000000,4.000000,4.000000,4.000000,4.000000,4.000000,2.000000,4.000000,4.000000,2.000000,4.000000,4.000000,4.000000,4.000000,4.000000,4.000000,4.000000,4.000000,4.000000,4.000000,66.666664
1614076778.925525,10.000000,0.000000,2.973598,3.729980,13.244823,7.347969,21.418400,10.505276,9.720086,8.183265,13.697025,13.412731,2.954851,2.293634,-3.192036,16.508598,-2.280531,87.072128,7.369130,44.848896,14.502640,5.465345,7.650666,4.096034,0.382313,0.269155,-2.883886,0.612805,2.371070,0.934686,5.417350,-20.956057,-0.450693,-6.146772,0.000000,208.000000,4.000000,,,,0.000000,4.000000,4.000000,4.000000,4.000000,4.000000,4.000000,4.000000,4.000000,4.000000,4.000000,4.000000,4.000000,4.000000,4.000000,4.000000,4.000000,4.000000,4.000000,2.000000,4.000000,4.000000,2.000000,4.000000,4.000000,4.000000,4.000000,4.000000,4.000000,4.000000,4.000000,4.000000,4.000000,66.666664
1614076778.933274,11.000000,0.000000,2.457804,3.726250,13.231578,7.340621,20.884161,11.007591,9.710366,8.175081,9.067945,13.399318,5.003178,2.291341,-2.676023,17.004910,-1.252609,82.882492,7.361761,12.496356,0.641983,5.972700,8.155836,6.656040,1.407572,0.268886,1.734383,0.099372,4.932801,0.933751,0.283727,-20.935101,-0.963063,-6.140625,0.000000,174.000000,4.000000,,,,0.000000,4.000000,4.000000,4.000000,4.000000,4.000000,4.000000,4.000000,4.000000,4.000000,4.000000,4.000000,4.000000,4.000000,4.000000,4.000000,4.000000,4.000000,4.000000,2.000000,4.000000,4.000000,2.000000,4.000000,4.000000,4.000000,4.000000,4.000000,4.000000,4.000000,4.000000,4.000000,4.000000,66.666664
1614076778.940923,12.000000,0.000000,7.583551,3.722524,13.218347,7.333280,21.376099,10.996583,9.700656,4.577163,10.084517,13.385919,6.536636,2.289049,-3.698988,-2.499275,-2.276998,50.491920,7.354399,17.099245,13.461854,6.992369,15.839988,11.264769,3.970267,0.268617,2.758289,0.099273,9.030433,0.932818,-1.255018,-20.914165,-3.013382,-6.134485,0.000000,189.000000,4.000000,,,,0.000000,4.000000,4.000000,4.000000,4.000000,4.000000,4.000000,4.000000,4.000000,4.000000,4.000000,4.000000,4.000000,4.000000,4.000000,4.000000,4.000000,4.000000,4.000000,2.000000,4.000000,4.000000,2.000000,4.000000,4.000000,4.000000,4.000000,4.000000,4.000000,4.000000,4.000000,4.000000,4.000000,66.666664
1614076778.948672,13.000000,0.000000,6.037506,3.718802,13.205128,7.325947,20.841902,10.985587,9.690955,-5.171004,13.151356,13.372533,7.555741,2.286760,-4.208110,-0.445494,-2.274720,56.595276,7.347044,41.697529,19.602238,9.549479,18.388250,11.253504,4.991938,0.781169,2.755531,0.611994,10.559864,0.419064,-0.228122,-20.893251,-1.984728,-6.128350,0.000000,204.000000,4.000000,,,,0.000000,4.000000,4.000000,4.000000,4.000000,4.000000,4.000000,4.000000,4.000000,4.000000,4.000000,4.000000,4.000000,4.000000,4.000000,4.000000,4.000000,4.000000,4.000000,2.000000,4.000000,4.000000,2.000000,4.000000,4.000000,4.000000,4.000000,4.000000,4.000000,4.000000,4.000000,4.000000,4.000000,66.666664
1614076778.956322,14.000000,0.000000,1.416084,3.715083,13.191923,7.318621,21.333879,10.974601,9.681264,-3.627371,12.625384,13.359160,6.522544,2.284473,-3.178261,15.965208,-2.272446,81.666885,7.339698,33.963524,9.839046,7.488647,10.677554,5.088404,2.422843,3.857311,1.727134,0.098561,10.549304,0.931466,-0.740714,-20.872358,0.581360,-5.609401,0.000000,184.000000,4.000000,,,,0.000000,4.000000,4.000000,4.000000,4.000000,4.000000,4.000000,4.000000,4.000000,4.000000,4.000000,4.000000,4.000000,4.000000,4.000000,4.000000,4.000000,4.000000,4.000000,2.000000,4.000000,4.000000,2.000000,4.000000,4.000000,4.000000,4.000000,4.000000,4.000000,4.000000,4.000000,4.000000,4.000000,66.666664
1614076778.964071,15.000000,0.000000,1.414668,3.198547,13.178731,7.311302,21.312546,10.963627,9.671583,5.607025,12.099938,13.345801,1.387816,2.282189,-4.713544,5.180012,-5.859917,61.072395,4.768255,17.006485,7.265105,-2.775252,1.948928,-2.096171,0.881959,4.366274,-2.377157,0.098463,10.025934,0.930534,-0.739974,-20.851486,0.067958,-6.629433,0.000000,203.000000,4.000000,,,,0.000000,4.000000,4.000000,4.000000,4.000000,4.000000,4.000000,4.000000,4.000000,4.000000,4.000000,4.000000,4.000000,4.000000,4.000000,4.000000,4.000000,4.000000,4.000000,2.000000,4.000000,4.000000,2.000000,4.000000,4.000000,4.000000,4.000000,4.000000,4.000000,4.000000,4.000000,4.000000,4.000000,66.666664
1614076778.971720,16.000000,0.000000,0.900433,3.708169,13.165552,6.791170,20.265593,10.952663,9.661911,5.088598,12.600658,13.332456,-0.664854,2.279907,-8.811395,-11.235424,-9.956621,28.703632,2.712205,9.809991,-0.947289,-10.977605,-3.181226,-2.606896,0.881077,1.284985,-5.451703,0.098364,10.015908,0.416783,-1.252054,-20.830635,-0.444931,-6.109983,0.000000,183.000000,4.000000,,,,0.000000,4.000000,4.000000,4.000000,4.000000,4.000000,4.000000,4.000000,4.000000,4.000000,4.000000,4.000000,4.000000,4.000000,4.000000,4.000000,4.000000,4.000000,4.000000,2.000000,4.000000,4.000000,2.000000,4.000000,4.000000,4.000000,4.000000,4.000000,4.000000,4.000000,4.000000,4.000000,4.000000,66.666664
1614076778.979469,17.000000,0.000000,2.437994,5.755743,13.152387,6.784379,22.296610,10.941710,9.139429,3.545048,12.588058,13.319123,3.951196,2.277627,-4.700019,-2.506240,-9.433844,34.828773,4.760775,-1.481871,-17.869419,-10.453807,-5.742147,4.575199,0.880196,0.258059,-5.446251,0.098266,10.005892,1.442007,0.287659,-20.809803,0.068335,-3.539771,0.000000,173.000000,4.000000,,,,0.000000,4.000000,4.000000,4.000000,4.000000,4.000000,4.000000,4.000000,4.000000,4.000000,4.000000,4.000000,4.000000,4.000000,4.000000,4.000000,4.000000,4.000000,4.000000,2.000000,4.000000,4.000000,2.000000,4.000000,4.000000,4.000000,4.000000,4.000000,4.000000,4.000000,4.000000,4.000000,4.000000,66.666664
1614076778.987118,18.000000,0.000000,7.050941,7.801270,13.139235,7.290415,25.351236,10.930769,9.130289,11.233810,12.575470,13.305803,7.024168,2.275349,5.561091,7.239856,-3.783385,67.614456,7.320117,7.237560,-11.184882,-7.879250,-6.249226,8.160367,0.879316,0.257801,-4.927984,0.098168,9.483066,6.055950,4.902756,-20.276175,0.068266,-3.023410,0.000000,212.000000,4.000000,,,,0.000000,4.000000,4.000000,4.000000,4.000000,4.000000,4.000000,4.000000,4.000000,4.000000,4.000000,4.000000,4.000000,4.000000,4.000000,4.000000,4.000000,4.000000,4.000000,2.000000,4.000000,4.000000,2.000000,4.000000,4.000000,4.000000,4.000000,4.000000,4.000000,4.000000,4.000000,4.000000,4.000000,66.666664
1614076778.994867,19.000000,0.000000,3.966967,7.280648,13.126095,6.770304,21.736141,10.919838,9.633980,15.837961,12.562895,11.754036,6.504323,2.273074,6.581171,5.181334,-1.728319,92.162231,6.287156,37.486732,10.364764,-7.358551,-5.730156,6.613745,0.878437,0.257543,-5.435877,0.098070,5.371018,9.126817,7.461956,-21.281538,0.068198,-6.097310,0.000000,209.000000,4.000000,,,,0.000000,4.000000,4.000000,4.000000,4.000000,4.000000,4.000000,4.000000,4.000000,4.000000,4.000000,4.000000,4.000000,4.000000,4.000000,4.000000,4.000000,4.000000,4.000000,2.000000,4.000000,4.000000,2.000000,4.000000,4.000000,4.000000,4.000000,4.000000,4.000000,4.000000,4.000000,4.000000,4.000000,66.666664
1614076779.002516,20.000000,0.000000,-5.780590,7.273367,13.112968,7.276355,17.611841,10.908918,9.111525,14.796482,12.550331,9.691000,6.497819,2.270801,-1.117718,6.201794,-3.777873,74.121346,3.716766,38.474888,11.892861,-6.838371,-5.724426,4.555849,0.877558,0.257286,-4.917621,0.097972,1.263083,6.553588,6.941674,-20.234615,0.068130,-6.604033,0.000000,168.000000,4.000000,,,,0.000000,4.000000,4.000000,4.000000,4.000000,4.000000,4.000000,4.000000,4.000000,4.000000,4.000000,4.000000,4.000000,4.000000,4.000000,4.000000,4.000000,4.000000,4.000000,2.000000,4.000000,4.000000,2.000000,4.000000,4.000000,4.000000,4.000000,4.000000,4.000000,4.000000,4.000000,4.000000,4.000000,66.666664
1614076779.010265,21.000000,0.000000,-7.826092,7.266094,13.099855,11.371642,19.645512,11.410830,9.615234,13.756044,12.537781,9.168489,6.491321,2.268530,-4.193523,9.272515,-5.825377,42.765175,3.200228,13.821028,-0.939545,-7.344354,-5.718701,2.500011,0.876681,-1.281433,-5.425523,0.097874,3.313102,4.495752,6.934732,-15.598997,0.068062,-3.520506,0.000000,183.000000,4.000000,,,,0.000000,4.000000,4.000000,4.000000,4.000000,4.000000,4.000000,4.000000,4.000000,4.000000,4.000000,4.000000,4.000000,4.000000,4.000000,4.000000,4.000000,4.000000,4.000000,2.000000,4.000000,4.000000,2.000000,4.000000,4.000000,4.000000,4.000000,4.000000,4.000000,4.000000,4.000000,4.000000,4.000000,66.666664
1614076779.017915,22.000000,0.000000,-2.177240,7.258828,13.086756,14.950014,21.677147,10.373777,14.221004,14.767929,12.525244,9.672141,7.510471,2.266261,-3.163688,9.776063,-5.819551,51.440361,3.709849,12.268744,-3.502708,-4.772906,-4.174521,1.984691,0.875804,-2.818614,-4.394457,0.097776,8.437994,4.491256,7.440618,-12.506474,0.067994,-1.978524,0.000000,199.000000,4.000000,,,,0.000000,4.000000,4.000000,4.000000,4.000000,4.000000,4.000000,4.000000,4.000000,4.000000,4.000000,4.000000,4.000000,4.000000,4.000000,4.000000,4.000000,4.000000,4.000000,2.000000,4.000000,4.000000,2.000000,4.000000,4.000000,4.000000,4.000000,4.000000,4.000000,4.000000,4.000000,4.000000,4.000000,66.666664
1614076779.025664,23.000000,0.000000,2.953143,7.251569,13.073669,14.935064,20.629829,11.389045,17.796526,14.753161,12.512718,9.662469,9.554242,2.263995,-3.673345,8.227825,-5.813732,73.953018,3.706139,21.487246,2.654641,2.924174,-1.606244,5.572450,0.874928,-0.764513,-1.825960,0.097678,10.480839,4.486765,7.433177,-13.006788,0.067926,-2.489366,0.000000,196.000000,4.000000,,,,0.000000,4.000000,4.000000,4.000000,4.000000,4.000000,4.000000,4.000000,4.000000,4.000000,4.000000,4.000000,4.000000,4.000000,4.000000,4.000000,4.000000,4.000000,4.000000,2.000000,4.000000,4.000000,2.000000,4.000000,4.000000,4.000000,4.000000,4.000000,4.000000,4.000000,4.000000,4.000000,4.000000,66.666664
1614076779.033313,24.000000,0.000000,5.001472,7.244317,14.086237,14.920129,21.122021,11.377656,15.727448,13.199946,13.013026,9.652806,6.467765,2.261731,-3.156851,3.604213,-6.320739,60.032913,3.189612,15.311912,5.216089,8.562276,-1.604638,7.618159,0.874053,0.774713,-0.798493,0.610401,9.957537,4.482278,7.425744,-13.506602,0.067858,-2.486876,0.000000,181.000000,4.000000,,,,0.000000,4.000000,4.000000,4.000000,4.000000,4.000000,4.000000,4.000000,4.000000,4.000000,4.000000,4.000000,4.000000,4.000000,4.000000,4.000000,4.000000,4.000000,4.000000,2.000000,4.000000,4.000000,2.000000,4.000000,4.000000,4.000000,4.000000,4.000000,4.000000,4.000000,4.000000,4.000000,4.000000,66.666664
1614076779.041062,25.000000,0.000000,4.996470,7.749893,13.046510,13.366748,21.100899,6.750894,13.660438,10.622644,11.974372,9.643153,2.358733,2.259470,-6.743438,1.036506,-6.827239,45.613907,3.699243,16.322241,4.185232,8.553713,-2.628674,7.610541,0.873179,0.261118,-1.310515,-0.415851,9.947579,4.477796,6.905498,-12.980275,0.067790,-1.971569,0.000000,206.000000,4.000000,,,,0.000000,4.000000,4.000000,4.000000,4.000000,4.000000,4.000000,4.000000,4.000000,4.000000,4.000000,4.000000,4.000000,4.000000,4.000000,4.000000,4.000000,4.000000,4.000000,2.000000,4.000000,4.000000,2.000000,4.000000,4.000000,4.000000,4.000000,4.000000,4.000000,4.000000,4.000000,4.000000,4.000000,66.666664
1614076779.048711,26.000000,0.000000,4.991474,7.229323,6.879617,9.250816,18.515694,0.077476,13.133957,10.099201,9.398295,9.633511,2.356374,1.744389,-10.839259,1.035470,-5.794770,63.517010,3.695544,27.587971,4.181047,7.519518,-1.600404,7.602931,0.872306,0.260857,-1.309204,-2.466717,10.450453,4.473318,6.898592,-13.480116,0.067722,-2.995239,0.000000,131.000000,4.000000,,,,0.000000,4.000000,4.000000,4.000000,4.000000,4.000000,4.000000,4.000000,4.000000,4.000000,4.000000,4.000000,4.000000,4.000000,4.000000,4.000000,4.000000,4.000000,4.000000,2.000000,4.000000,4.000000,2.000000,4.000000,4.000000,4.000000,4.000000,4.000000,4.000000,4.000000,4.000000,4.000000,4.000000,66.666664
1614076779.056460,27.000000,0.000000,4.986482,7.734914,5.334276,6.677463,16.958717,-1.461063,13.633643,10.601922,8.363256,9.623877,2.866838,3.281106,-9.289958,0.008793,-5.788976,75.761185,3.179028,27.560383,4.689686,3.409435,-1.598804,2.979943,0.358613,0.260596,-1.307895,-4.002712,9.927181,4.468845,7.917335,-13.466636,0.067654,-4.530705,0.000000,211.000000,4.000000,,,,0.000000,4.000000,4.000000,4.000000,4.000000,4.000000,4.000000,4.000000,4.000000,4.000000,4.000000,4.000000,4.000000,4.000000,4.000000,4.000000,4.000000,4.000000,4.000000,2.000000,4.000000,4.000000,2.000000,4.000000,4.000000,4.000000,4.000000,4.000000,4.000000,4.000000,4.000000,4.000000,4.000000,66.666664
1614076779.064109,28.000000,0.000000,4.981495,7.727179,6.867403,7.183606,17.454578,0.078860,13.620009,10.591321,8.867713,9.614253,2.351151,5.841928,-7.742207,3.598528,-7.321648,65.941833,4.201490,20.866156,5.710638,0.329102,-3.135667,-0.612781,1.383896,0.260335,-1.306587,-3.485888,9.917254,4.464376,4.832494,-13.453169,0.067587,-6.064636,0.000000,141.000000,4.000000,,,,0.000000,4.000000,4.000000,4.000000,4.000000,4.000000,4.000000,4.000000,4.000000,4.000000,4.000000,4.000000,4.000000,4.000000,4.000000,4.000000,4.000000,4.000000,4.000000,2.000000,4.000000,4.000000,2.000000,4.000000,4.000000,4.000000,4.000000,4.000000,4.000000,4.000000,4.000000,4.000000,4.000000,66.666664
1614076779.071958,29.000000,0.000000,5.489335,4.129708,-2.883054,5.637961,16.924303,-0.434040,10.016646,11.093550,8.858845,9.604639,3.887262,5.836086,-6.708823,11.287237,-2.186121,66.901535,6.248570,16.742725,5.192106,5.969799,1.482854,9.644242,3.433794,0.260075,-1.305281,-3.482403,9.907337,4.459912,-3.377466,-13.439715,-1.983763,-8.109853,0.000000,173.000000,4.000000,,,,0.000000,4.000000,4.000000,4.000000,4.000000,4.000000,4.000000,4.000000,4.000000,4.000000,4.000000,4.000000,4.000000,4.000000,4.000000,4.000000,4.000000,4.000000,4.000000,2.000000,4.000000,4.000000,2.000000,4.000000,4.000000,4.000000,4.000000,4.000000,4.000000,4.000000,4.000000,4.000000,4.000000,66.666664
1614076779.079707,30.000000,0.000000,4.971025,-2.028267,-13.649402,2.555400,13.317636,-1.459247,5.391245,10.056815,8.337166,9.595034,5.421836,6.343071,-1.061089,12.301591,8.585296,85.296173,7.780784,24.931110,4.161273,14.168958,10.712140,18.865368,4.456001,-0.253005,-1.303975,-3.478920,9.897429,4.455452,-8.502294,-13.426276,-3.520241,-9.640204,0.000000,194.000000,4.000000,,,,0.000000,4.000000,4.000000,4.000000,4.000000,4.000000,4.000000,4.000000,4.000000,4.000000,4.000000,4.000000,4.000000,4.000000,4.000000,4.000000,4.000000,4.000000,4.000000,2.000000,4.000000,4.000000,2.000000,4.000000,4.000000,4.000000,4.000000,4.000000,4.000000,4.000000,4.000000,4.000000,4.000000,66.666664
1614076779.087556,31.000000,0.000000,4.966054,-4.590342,-6.969086,2.552845,12.791498,1.619136,4.873033,9.533937,8.328829,9.585439,6.442055,8.900830,4.580998,13.827751,14.217736,97.518570,9.824285,45.931820,8.259676,16.206070,13.778351,17.308041,4.451545,0.260068,-1.302671,-3.475441,9.887532,4.450996,-8.493792,-13.412849,-3.516721,-7.579283,0.000000,191.000000,4.000000,,,,0.000000,4.000000,4.000000,4.000000,4.000000,4.000000,4.000000,4.000000,4.000000,4.000000,4.000000,4.000000,4.000000,4.000000,4.000000,4.000000,4.000000,4.000000,4.000000,2.000000,4.000000,4.000000,2.000000,4.000000,4.000000,4.000000,4.000000,4.000000,4.000000,4.000000,4.000000,4.000000,4.000000,66.666664
1614076779.095305,32.000000,0.000000,7.525190,-4.072931,1.755832,4.088753,15.855629,6.232901,7.945083,12.088507,8.833321,9.575853,11.050998,10.430390,4.063596,18.942129,13.177877,90.754379,11.352922,47.937172,13.379622,15.677044,12.738932,17.803553,4.447093,2.311090,-1.301369,-3.471966,9.877645,4.446546,-7.459657,-13.912257,-4.026024,-5.520422,8064.000000,0.000000,4.000000,,,,0.000000,4.000000,4.000000,4.000000,4.000000,4.000000,4.000000,4.000000,4.000000,4.000000,4.000000,4.000000,4.000000,4.000000,4.000000,4.000000,4.000000,4.000000,4.000000,2.000000,4.000000,4.000000,2.000000,4.000000,4.000000,4.000000,4.000000,4.000000,4.000000,4.000000,4.000000,4.000000,4.000000,66.666664
1614076779.103154,33.000000,0.000000,9.056127,-3.556037,1.754076,1.520562,17.378235,7.765130,9.475600,6.948213,8.824487,9.566278,9.501485,8.368678,3.546712,13.794981,8.036494,71.689270,10.828749,25.325130,6.699575,15.661366,13.751834,18.298571,4.442646,4.360061,-1.300067,-3.468494,10.893408,4.442099,-3.862454,-12.872704,-3.509178,-6.540542,8064.000000,0.000000,4.000000,,,,0.000000,4.000000,4.000000,4.000000,4.000000,4.000000,4.000000,4.000000,4.000000,4.000000,4.000000,4.000000,4.000000,4.000000,4.000000,4.000000,4.000000,4.000000,4.000000,2.000000,4.000000,4.000000,2.000000,4.000000,4.000000,4.000000,4.000000,4.000000,4.000000,4.000000,4.000000,4.000000,4.000000,66.666664
1614076779.110904,34.000000,0.000000,4.944506,-4.065302,7.906168,4.595964,16.335217,6.218903,9.466125,-5.879248,7.790021,9.556711,-0.764427,5.283387,4.055986,1.473494,2.900253,58.284248,7.740997,16.581858,-6.127637,12.568783,13.738082,10.075143,5.463845,4.868522,-1.298767,-3.465025,8.831233,4.437657,0.243973,-10.295729,-0.941566,-5.508360,8064.000000,0.000000,4.000000,,,,0.000000,4.000000,4.000000,4.000000,4.000000,4.000000,4.000000,4.000000,4.000000,4.000000,4.000000,4.000000,4.000000,4.000000,4.000000,4.000000,4.000000,4.000000,4.000000,2.000000,4.000000,4.000000,2.000000,4.000000,4.000000,4.000000,4.000000,4.000000,4.000000,4.000000,4.000000,4.000000,4.000000,66.666664
1614076779.118753,35.000000,0.000000,1.349818,-4.061236,19.180313,16.899061,20.934265,9.289607,9.456658,-4.847728,9.833513,9.547154,-2.814944,2.201180,3.539110,0.446379,1.871711,56.174679,6.194794,24.770403,-5.608689,11.017752,12.698703,3.398401,7.509663,3.838012,-1.297468,-3.461560,6.258299,4.946040,-0.269092,-8.746971,0.085017,-2.425929,8064.000000,0.000000,4.000000,,,,0.000000,4.000000,4.000000,4.000000,4.000000,4.000000,4.000000,4.000000,4.000000,4.000000,4.000000,4.000000,4.000000,4.000000,4.000000,4.000000,4.000000,4.000000,4.000000,2.000000,4.000000,4.000000,2.000000,4.000000,4.000000,4.000000,4.000000,4.000000,4.000000,4.000000,4.000000,4.000000,4.000000,66.666664
1614076779.126502,36.000000,0.000000,0.835648,-3.031534,22.238056,22.523188,27.579998,13.895702,9.447202,9.003274,14.439065,9.537607,4.880178,1.686158,3.535571,7.112599,5.459583,61.759533,7.727061,27.822556,9.781535,11.519555,13.711645,3.395003,7.502153,4.346994,-1.296171,-3.458099,7.277682,4.941093,-0.268823,-9.763865,0.597752,-1.910682,8192.000000,0.000000,4.000000,,,,0.000000,4.000000,4.000000,4.000000,4.000000,4.000000,4.000000,4.000000,4.000000,4.000000,4.000000,4.000000,4.000000,4.000000,4.000000,4.000000,4.000000,4.000000,4.000000,2.000000,4.000000,4.000000,2.000000,4.000000,4.000000,4.000000,4.000000,4.000000,4.000000,4.000000,4.000000,4.000000,4.000000,66.666664
1614076779.134351,37.000000,0.000000,1.347633,-0.977221,20.164536,16.346819,28.578058,14.907448,9.437755,15.660937,16.475908,9.528069,5.900939,2.197293,4.044856,9.156769,4.941303,67.338799,6.693693,28.307554,17.464062,5.867010,8.569728,2.365967,5.443369,4.855468,-0.782054,-3.454641,4.706301,2.884871,0.757087,-9.241282,5.212539,-1.908772,8064.000000,0.000000,4.000000,,,,0.000000,4.000000,4.000000,4.000000,4.000000,4.000000,4.000000,4.000000,4.000000,4.000000,4.000000,4.000000,4.000000,4.000000,4.000000,4.000000,4.000000,4.000000,4.000000,2.000000,4.000000,4.000000,2.000000,4.000000,4.000000,4.000000,4.000000,4.000000,4.000000,4.000000,4.000000,4.000000,4.000000,66.666664
1614076779.142100,38.000000,0.000000,1.346285,0.562218,20.657192,14.279189,29.062302,14.379720,9.428316,14.106814,15.946611,9.518542,2.818115,2.195096,1.989529,8.121971,1.859439,59.066330,-3.056591,21.099758,4.626084,-7.985011,-3.233713,-0.200502,1.335361,1.260869,-2.319734,-3.451186,-6.067636,1.343524,-2.833413,-9.232039,8.284249,-1.394042,8192.000000,0.000000,4.000000,,,,0.000000,4.000000,4.000000,4.000000,4.000000,4.000000,4.000000,4.000000,4.000000,4.000000,4.000000,4.000000,4.000000,4.000000,4.000000,4.000000,4.000000,4.000000,4.000000,2.000000,4.000000,4.000000,2.000000,4.000000,4.000000,4.000000,4.000000,4.000000,4.000000,4.000000,4.000000,4.000000,4.000000,66.666664
1614076779.149949,39.000000,0.000000,1.344939,0.048835,21.149355,15.290551,27.494778,14.365340,9.418888,13.067067,15.930665,10.021844,5.379400,1.680080,-0.063743,8.113850,0.831938,51.314957,-9.720201,11.847890,-11.788798,-14.643693,-11.435608,-0.200301,-3.794179,-5.407059,-4.368696,-2.934914,-12.728234,-0.196281,-7.445964,-13.325372,6.737504,-3.443931,8064.000000,0.000000,4.000000,,,,0.000000,4.000000,4.000000,4.000000,4.000000,4.000000,4.000000,4.000000,4.000000,4.000000,4.000000,4.000000,4.000000,4.000000,4.000000,4.000000,4.000000,4.000000,4.000000,2.000000,4.000000,4.000000,2.000000,4.000000,4.000000,4.000000,4.000000,4.000000,4.000000,4.000000,4.000000,4.000000,4.000000,66.666664
1614076779.157698,40.000000,0.000000,1.343594,0.048786,20.615385,9.634235,16.698051,14.863795,9.409470,11.515538,14.889092,8.986181,7.425302,1.678400,-0.576500,9.131376,1.343927,73.827744,0.545930,30.297581,-6.135983,-2.834177,-9.372890,0.312720,-2.251923,-7.965754,-5.389968,-3.444800,-12.202686,-2.247367,-8.464160,-17.414610,2.628202,-4.978948,8064.000000,0.000000,4.000000,,,,0.000000,4.000000,4.000000,4.000000,4.000000,4.000000,4.000000,4.000000,4.000000,4.000000,4.000000,4.000000,4.000000,4.000000,4.000000,4.000000,4.000000,4.000000,4.000000,2.000000,4.000000,4.000000,2.000000,4.000000,4.000000,4.000000,4.000000,4.000000,4.000000,4.000000,4.000000,4.000000,4.000000,66.666664
1614076779.165547,41.000000,0.000000,1.342250,0.561558,17.517847,6.034857,9.501866,14.336111,9.400060,10.478381,12.310102,9.490015,6.392236,4.240824,-0.063103,8.609425,1.342583,93.753914,13.878717,47.703182,8.741947,12.040452,-1.158389,0.312407,5.442636,-7.444968,-4.871758,-6.005458,-11.677663,-3.270761,-7.430054,-17.397196,-1.476990,-6.512431,8064.000000,0.000000,4.000000,,,,0.000000,4.000000,4.000000,4.000000,4.000000,4.000000,4.000000,4.000000,4.000000,4.000000,4.000000,4.000000,4.000000,4.000000,4.000000,4.000000,4.000000,4.000000,4.000000,2.000000,4.000000,4.000000,2.000000,4.000000,4.000000,4.000000,4.000000,4.000000,4.000000,4.000000,4.000000,4.000000,4.000000,66.666664
1614076779.173296,42.000000,0.000000,1.340908,0.560997,13.397765,7.567284,12.569288,14.321774,9.390659,9.442262,11.784970,9.993346,6.385844,6.287865,-0.063040,8.600815,0.828420,69.044777,14.890479,27.655478,7.194744,16.130976,5.509436,0.824915,9.026937,-6.411882,-4.866886,-7.025093,-12.178805,-2.754669,-7.422625,-16.354158,-3.526795,-12.659764,8064.000000,0.000000,4.000000,,,,0.000000,4.000000,4.000000,4.000000,4.000000,4.000000,4.000000,4.000000,4.000000,4.000000,4.000000,4.000000,4.000000,4.000000,4.000000,4.000000,4.000000,4.000000,4.000000,2.000000,4.000000,4.000000,2.000000,4.000000,4.000000,4.000000,4.000000,4.000000,4.000000,4.000000,4.000000,4.000000,4.000000,66.666664
1614076779.181145,43.000000,0.000000,1.339567,0.047615,12.358727,4.995614,12.556719,14.307453,9.381269,4.817435,12.286006,5.880788,4.840996,4.230295,-0.062977,8.592215,1.853232,56.668041,10.773025,16.345770,3.084985,14.576383,4.991106,-2.252833,7.479449,-4.867009,-4.862020,-7.018068,-12.166627,-2.751915,-7.928022,-16.850624,-3.523268,-16.749668,8064.000000,0.000000,4.000000,,,,0.000000,4.000000,4.000000,4.000000,4.000000,4.000000,4.000000,4.000000,4.000000,4.000000,4.000000,4.000000,4.000000,4.000000,4.000000,4.000000,4.000000,4.000000,4.000000,2.000000,4.000000,4.000000,2.000000,4.000000,4.000000,4.000000,4.000000,4.000000,4.000000,4.000000,4.000000,4.000000,4.000000,66.666664
1614076779.188894,44.000000,0.000000,1.338228,-0.465253,12.859188,2.939336,9.980060,14.293145,8.859067,2.761336,12.273720,1.772343,3.297694,2.687603,-0.062914,8.583622,3.902661,86.867783,10.762252,35.816605,14.363952,13.536165,1.909192,-6.353144,7.984790,-2.810859,-4.857157,-8.036691,-11.641640,-2.749163,-7.920094,-17.346594,-4.032566,-12.630355,8064.000000,0.000000,4.000000,,,,0.000000,4.000000,4.000000,4.000000,4.000000,4.000000,4.000000,4.000000,4.000000,4.000000,4.000000,4.000000,4.000000,4.000000,4.000000,4.000000,4.000000,4.000000,4.000000,2.000000,4.000000,4.000000,2.000000,4.000000,4.000000,4.000000,4.000000,4.000000,4.000000,4.000000,4.000000,4.000000,4.000000,66.666664
1614076779.196543,45.000000,0.000000,1.336889,0.560853,12.846329,6.013320,13.047003,14.278852,9.875849,5.322677,12.261446,5.873135,4.832858,5.249018,-0.062851,8.575038,5.437220,81.652710,11.777131,33.729504,19.990612,11.984168,2.420103,-7.372432,9.002446,-3.320869,-4.852300,-5.464552,-12.142818,-2.746413,-3.809610,-16.303606,-3.515713,-8.515161,8064.000000,0.000000,4.000000,,,,0.000000,4.000000,4.000000,4.000000,4.000000,4.000000,4.000000,4.000000,4.000000,4.000000,4.000000,4.000000,4.000000,4.000000,4.000000,4.000000,4.000000,4.000000,4.000000,2.000000,4.000000,4.000000,2.000000,4.000000,4.000000,4.000000,4.000000,4.000000,4.000000,4.000000,4.000000,4.000000,4.000000,66.666664
1614076779.204292,46.000000,0.000000,1.335552,-0.465349,11.295021,5.494486,11.495494,14.264573,9.865973,7.368637,12.762006,10.995467,5.853666,6.269410,-0.062788,8.566463,4.918962,49.263367,10.739713,18.823980,9.201391,11.459363,2.417683,-8.390700,4.378059,-3.317548,-4.847448,-3.407805,-11.617855,-2.743667,-0.216057,-17.312944,-2.486556,-9.532287,8064.000000,0.000000,4.000000,,,,0.000000,4.000000,4.000000,4.000000,4.000000,4.000000,4.000000,4.000000,4.000000,4.000000,4.000000,4.000000,4.000000,4.000000,4.000000,4.000000,4.000000,4.000000,4.000000,2.000000,4.000000,4.000000,2.000000,4.000000,4.000000,4.000000,4.000000,4.000000,4.000000,4.000000,4.000000,4.000000,4.000000,66.666664
1614076779.211941,47.000000,0.000000,1.334217,-6.105909,9.232444,0.360787,4.304511,14.250309,4.727902,6.848447,12.236423,9.446011,7.386273,5.237500,-0.062725,8.557897,4.914043,61.008972,10.216152,35.215412,3.551164,10.935083,0.876804,-7.869489,0.271117,-3.314231,-5.355421,-6.481320,-12.119058,-2.740923,-4.318405,-20.372555,-7.099454,-10.035575,8064.000000,0.000000,4.000000,,,,0.000000,4.000000,4.000000,4.000000,4.000000,4.000000,4.000000,4.000000,4.000000,4.000000,4.000000,4.000000,4.000000,4.000000,4.000000,4.000000,4.000000,4.000000,4.000000,2.000000,4.000000,4.000000,2.000000,4.000000,4.000000,4.000000,4.000000,4.000000,4.000000,4.000000,4.000000,4.000000,4.000000,66.666664
1614076779.219690,48.000000,0.000000,1.332883,-7.125444,8.710391,-0.665215,1.736104,14.236058,3.184713,6.328778,12.224187,6.872462,11.994272,5.745083,-0.062662,8.036518,4.909129,93.768478,9.693115,49.026352,7.650177,9.385687,1.388748,-1.707774,4.886230,-3.310916,-5.350066,-6.474839,-12.106938,-3.251003,-7.391009,-20.352180,-10.682098,-8.999898,8064.000000,0.000000,4.000000,,,,0.000000,4.000000,4.000000,4.000000,4.000000,4.000000,4.000000,4.000000,4.000000,4.000000,4.000000,4.000000,4.000000,4.000000,4.000000,4.000000,4.000000,4.000000,4.000000,2.000000,4.000000,4.000000,2.000000,4.000000,4.000000,4.000000,4.000000,4.000000,4.000000,4.000000,4.000000,4.000000,4.000000,66.666664
1614076779.227340,49.000000,0.000000,1.331550,-1.990113,9.214500,2.925194,2.760009,14.221823,7.796913,7.348091,12.724783,6.865589,10.956636,5.739338,-0.062600,8.541303,4.904220,82.392654,10.196243,25.900402,4.565604,7.837839,1.900180,-1.193245,8.983909,-3.820426,-4.831895,1.736764,-6.453806,-2.734931,-4.306695,-17.254906,-6.056031,-9.503718,8064.000000,0.000000,4.000000,,,,0.000000,4.000000,4.000000,4.000000,4.000000,4.000000,4.000000,4.000000,4.000000,4.000000,4.000000,4.000000,4.000000,4.000000,4.000000,4.000000,4.000000,4.000000,4.000000,2.000000,4.000000,4.000000,2.000000,4.000000,4.000000,4.000000,4.000000,4.000000,4.000000,4.000000,4.000000,4.000000,4.000000,66.666664
1614076779.235089,50.000000,0.000000,1.330218,-0.449662,9.205286,3.947909,2.757249,14.720421,6.250654,7.340743,11.686417,2.756160,4.279013,5.220778,-0.062537,8.532762,5.412137,63.848728,11.211688,10.489887,0.971295,7.317181,0.359818,-3.756155,7.436463,-3.303785,-5.339883,3.273489,1.244955,-2.732197,-3.276748,-17.750471,-3.998693,-9.494215,8064.000000,0.000000,4.000000,,,,0.000000,4.000000,4.000000,4.000000,4.000000,4.000000,4.000000,4.000000,4.000000,4.000000,4.000000,4.000000,4.000000,4.000000,4.000000,4.000000,4.000000,4.000000,4.000000,2.000000,4.000000,4.000000,2.000000,4.000000,4.000000,4.000000,4.000000,4.000000,4.000000,4.000000,4.000000,4.000000,4.000000,66.666664
1614076779.242738,51.000000,0.000000,1.328888,-4.551776,8.683261,1.379859,2.241671,13.167239,1.629019,5.282120,6.033705,-4.426084,1.710632,6.241198,-0.575295,5.447305,5.406724,70.451546,10.174835,24.325550,3.534426,10.386786,2.923560,9.068114,8.454667,-2.787661,-5.334544,-3.909272,3.807813,-3.755105,-4.811933,-21.322464,-9.635720,-9.484721,8064.000000,0.000000,4.000000,,,,0.000000,4.000000,4.000000,4.000000,4.000000,4.000000,4.000000,4.000000,4.000000,4.000000,4.000000,4.000000,4.000000,4.000000,4.000000,4.000000,4.000000,4.000000,4.000000,2.000000,4.000000,4.000000,2.000000,4.000000,4.000000,4.000000,4.000000,4.000000,4.000000,4.000000,4.000000,4.000000,4.000000,66.666664
1614076779.250487,52.000000,0.000000,1.327559,-3.008763,9.187398,-0.159982,0.700968,8.538688,5.729954,3.225555,0.899466,-5.960119,2.734562,8.799060,0.450921,4.416217,4.375677,74.483658,12.215942,39.685841,3.530892,18.068708,12.664227,25.982122,11.523136,-3.810514,-0.713825,-3.905363,4.316825,-1.187248,-1.730198,-19.762680,-8.600444,-9.988056,8064.000000,0.000000,4.000000,,,,0.000000,4.000000,4.000000,4.000000,4.000000,4.000000,4.000000,4.000000,4.000000,4.000000,4.000000,4.000000,4.000000,4.000000,4.000000,4.000000,4.000000,4.000000,4.000000,2.000000,4.000000,4.000000,2.000000,4.000000,4.000000,4.000000,4.000000,4.000000,4.000000,4.000000,4.000000,4.000000,4.000000,66.666664
1614076779.258136,53.000000,0.000000,1.326232,2.635272,9.178210,-0.159822,-1.351015,3.401943,9.826788,2.709509,0.898567,-4.928518,4.270289,9.815902,3.014573,10.052827,8.473865,87.742508,18.870394,43.748718,5.578643,26.768587,20.343870,32.109985,12.024433,-2.268242,6.979197,2.252389,6.876611,5.480606,2.886917,-14.614713,-0.899535,-7.413966,8064.000000,0.000000,4.000000,,,,0.000000,4.000000,4.000000,4.000000,4.000000,4.000000,4.000000,4.000000,4.000000,4.000000,4.000000,4.000000,4.000000,4.000000,4.000000,4.000000,4.000000,4.000000,4.000000,2.000000,4.000000,4.000000,2.000000,4.000000,4.000000,4.000000,4.000000,4.000000,4.000000,4.000000,4.000000,4.000000,4.000000,66.666664
1614076779.265885,54.000000,0.000000,1.324905,4.683918,9.169032,-0.159663,-0.836843,2.885721,9.816961,3.219620,1.410489,-5.949231,8.881404,9.293265,4.550020,16.196619,12.567955,98.423996,22.954086,33.448559,9.162807,24.177717,20.323526,30.026594,12.012408,7.990437,10.561961,4.814239,7.382555,9.064869,4.422492,-12.548817,1.152646,-2.791167,8064.000000,0.000000,4.000000,,,,0.000000,4.000000,4.000000,4.000000,4.000000,4.000000,4.000000,4.000000,4.000000,4.000000,4.000000,4.000000,4.000000,4.000000,4.000000,4.000000,4.000000,4.000000,4.000000,2.000000,4.000000,4.000000,2.000000,4.000000,4.000000,4.000000,4.000000,4.000000,4.000000,4.000000,4.000000,4.000000,4.000000,66.666664
1614076779.273534,55.000000,0.000000,1.323581,3.653593,9.159863,-0.159503,-0.836007,3.395656,11.858426,3.216401,0.896258,-2.353538,9.385343,9.796792,3.519829,16.693243,5.888721,68.581978,17.290108,9.312548,-4.692509,7.230462,19.790382,18.714518,10.974755,13.623471,10.038579,3.783784,6.349532,8.542984,3.392428,-13.049088,-0.386968,-1.762735,8064.000000,0.000000,4.000000,,,,0.000000,4.000000,4.000000,4.000000,4.000000,4.000000,4.000000,4.000000,4.000000,4.000000,4.000000,4.000000,4.000000,4.000000,4.000000,4.000000,4.000000,4.000000,4.000000,2.000000,4.000000,4.000000,2.000000,4.000000,4.000000,4.000000,4.000000,4.000000,4.000000,4.000000,4.000000,4.000000,4.000000,66.666664
1614076779.281383,56.000000,0.000000,1.835077,3.649940,9.663524,-0.159343,-0.835171,2.879440,12.359388,3.213184,0.895361,4.828303,6.811855,9.274175,2.490668,13.599627,-2.835117,56.205708,7.529227,6.226312,-18.533970,-7.648563,20.283413,-0.278556,8.912498,3.866258,9.515719,3.780000,6.343182,8.021621,3.389036,-13.036039,0.126240,-2.273793,8064.000000,0.000000,4.000000,,,,0.000000,4.000000,4.000000,4.000000,4.000000,4.000000,4.000000,4.000000,4.000000,4.000000,4.000000,4.000000,4.000000,4.000000,4.000000,4.000000,4.000000,4.000000,4.000000,2.000000,4.000000,4.000000,2.000000,4.000000,4.000000,4.000000,4.000000,4.000000,4.000000,4.000000,4.000000,4.000000,4.000000,66.666664
1614076779.289132,57.000000,0.000000,1.320422,4.159111,9.141040,-0.159184,1.216947,2.876560,6.706004,3.209971,1.407287,6.874756,6.805043,9.777721,0.436895,12.560387,-2.832282,83.328987,2.906313,31.348289,-0.566718,-7.640915,20.263128,-3.868021,7.365124,-6.906838,10.019025,4.289041,6.336839,9.039240,3.898468,-13.023003,0.638934,-1.758699,8064.000000,0.000000,4.000000,,,,0.000000,4.000000,4.000000,4.000000,4.000000,4.000000,4.000000,4.000000,4.000000,4.000000,4.000000,4.000000,4.000000,4.000000,4.000000,4.000000,4.000000,4.000000,4.000000,2.000000,4.000000,4.000000,2.000000,4.000000,4.000000,4.000000,4.000000,4.000000,4.000000,4.000000,4.000000,4.000000,4.000000,66.666664
1614076779.296981,58.000000,0.000000,1.319101,3.642131,9.131899,-0.159025,3.267012,3.386504,4.648015,3.206761,1.405879,5.842241,3.721315,9.767943,-3.666106,11.522185,-3.342270,69.399506,2.903407,33.368225,19.946669,-3.530710,19.730045,3.828154,7.870580,-7.412752,10.009006,3.771931,6.330502,9.030201,3.381748,-11.471519,0.125474,-1.756940,8064.000000,0.000000,4.000000,,,,0.000000,4.000000,4.000000,4.000000,4.000000,4.000000,4.000000,4.000000,4.000000,4.000000,4.000000,4.000000,4.000000,4.000000,4.000000,4.000000,4.000000,4.000000,4.000000,2.000000,4.000000,4.000000,2.000000,4.000000,4.000000,4.000000,4.000000,4.000000,4.000000,4.000000,4.000000,4.000000,4.000000,66.666664
1614076779.304730,59.000000,0.000000,1.830603,3.638489,9.635588,-0.158866,2.750924,3.383118,6.181829,3.203554,1.404473,6.862040,-0.384971,6.681252,-7.252183,8.946561,-5.903030,39.073696,3.413324,13.334856,12.234415,-5.065640,19.710316,0.747403,7.862709,-6.379699,9.486176,3.768159,6.324172,4.918606,3.378367,-9.408765,0.125349,-1.755183,8064.000000,0.000000,4.000000,,,,0.000000,4.000000,4.000000,4.000000,4.000000,4.000000,4.000000,4.000000,4.000000,4.000000,4.000000,4.000000,4.000000,4.000000,4.000000,4.000000,4.000000,4.000000,4.000000,2.000000,4.000000,4.000000,2.000000,4.000000,4.000000,4.000000,4.000000,4.000000,4.000000,4.000000,4.000000,4.000000,4.000000,66.666664
1614076779.312579,60.000000,0.000000,-0.735330,3.634850,6.549029,-0.158707,2.748173,3.379735,4.637186,3.713171,1.403069,3.778255,1.153876,2.059187,-7.757751,8.424793,-0.768922,71.855133,2.897090,25.116392,-0.598333,-2.496472,20.203426,-0.278985,7.854846,-7.398960,7.425408,3.764391,6.317847,-1.240159,3.374988,-8.886536,0.125224,-2.266248,8064.000000,0.000000,4.000000,,,,0.000000,4.000000,4.000000,4.000000,4.000000,4.000000,4.000000,4.000000,4.000000,4.000000,4.000000,4.000000,4.000000,4.000000,4.000000,4.000000,4.000000,4.000000,4.000000,2.000000,4.000000,4.000000,2.000000,4.000000,4.000000,4.000000,4.000000,4.000000,4.000000,4.000000,4.000000,4.000000,4.000000,66.666664
1614076779.320329,61.000000,0.000000,-5.862800,3.631215,1.927095,-0.671369,2.745425,3.376355,2.068446,2.683817,1.401666,-3.405011,3.204004,1.544307,-7.749994,11.493292,5.385693,104.603790,2.894193,44.065636,0.940727,6.736793,19.670401,10.490524,7.846992,-7.391561,5.879521,3.760626,6.311530,-3.290200,3.371613,-9.390470,0.125098,-3.802444,8064.000000,0.000000,4.000000,,,,0.000000,4.000000,4.000000,4.000000,4.000000,4.000000,4.000000,4.000000,4.000000,4.000000,4.000000,4.000000,4.000000,4.000000,4.000000,4.000000,4.000000,4.000000,4.000000,2.000000,4.000000,4.000000,2.000000,4.000000,4.000000,4.000000,4.000000,4.000000,4.000000,4.000000,4.000000,4.000000,4.000000,66.666664
1614076779.328178,62.000000,0.000000,-6.882578,3.627584,1.412347,0.354944,2.742680,3.372978,1.040736,0.117031,1.400264,-5.965709,2.687979,2.055583,-7.229424,11.994619,5.380307,77.319702,3.404119,32.739517,2.478248,11.858261,19.650732,15.095419,7.839145,-6.871349,5.360821,3.756866,6.305218,-2.774090,3.368242,-9.381079,0.124973,-5.849923,8064.000000,0.000000,4.000000,,,,0.000000,4.000000,4.000000,4.000000,4.000000,4.000000,4.000000,4.000000,4.000000,4.000000,4.000000,4.000000,4.000000,4.000000,4.000000,4.000000,4.000000,4.000000,4.000000,2.000000,4.000000,4.000000,2.000000,4.000000,4.000000,4.000000,4.000000,4.000000,4.000000,4.000000,4.000000,4.000000,4.000000,66.666664
1614076779.335927,63.000000,0.000000,-4.311593,3.623956,1.923756,2.405871,2.739937,3.369606,2.578157,-0.908727,1.398864,-4.934102,2.172471,2.053528,-5.170912,10.956984,4.349286,65.447510,3.400715,31.168318,0.424488,11.846403,20.656721,8.413656,7.831306,-6.864478,5.868280,3.753109,6.298913,-2.771316,3.877694,-8.858877,0.124848,-5.844073,8064.000000,0.000000,4.000000,,,,0.000000,4.000000,4.000000,4.000000,4.000000,4.000000,4.000000,4.000000,4.000000,4.000000,4.000000,4.000000,4.000000,4.000000,4.000000,4.000000,4.000000,4.000000,4.000000,2.000000,4.000000,4.000000,2.000000,4.000000,4.000000,4.000000,4.000000,4.000000,4.000000,4.000000,4.000000,4.000000,4.000000,66.666664
1614076779.343776,64.000000,0.000000,-2.768820,3.620332,1.921832,3.941926,2.737197,3.366236,4.626861,-0.394998,1.397465,-4.929168,3.195940,1.538654,-3.114459,13.510129,5.883398,81.792320,3.397315,41.393559,0.424063,12.860198,16.020679,6.866781,7.823474,-6.857613,5.862412,3.749356,6.292614,-3.281365,2.848175,-9.362839,0.124723,-5.838229,0.000000,180.000000,4.000000,,,,0.000000,4.000000,4.000000,4.000000,4.000000,4.000000,4.000000,4.000000,4.000000,4.000000,4.000000,4.000000,4.000000,4.000000,4.000000,4.000000,4.000000,4.000000,4.000000,2.000000,4.000000,4.000000,2.000000,4.000000,4.000000,4.000000,4.000000,4.000000,4.000000,4.000000,4.000000,4.000000,4.000000,66.666664
1614076779.351525,65.000000,0.000000,-2.253231,3.616712,1.407089,3.425164,2.734460,3.362870,5.647875,-0.394603,1.396068,-5.437059,3.192744,2.049936,-3.111344,9.906876,3.826233,65.300270,3.393917,21.352165,0.936460,6.180671,7.799531,8.911197,7.815651,-6.850755,5.856550,3.745606,6.799142,-2.765263,0.281225,-8.840655,0.124599,-5.832391,0.000000,192.000000,4.000000,,,,0.000000,4.000000,4.000000,4.000000,4.000000,4.000000,4.000000,4.000000,4.000000,4.000000,4.000000,4.000000,4.000000,4.000000,4.000000,4.000000,4.000000,4.000000,4.000000,2.000000,4.000000,4.000000,2.000000,4.000000,4.000000,4.000000,4.000000,4.000000,4.000000,4.000000,4.000000,4.000000,4.000000,66.666664
1614076779.359374,66.000000,0.000000,-2.250978,3.613096,1.918503,3.421739,2.731725,3.359507,5.642228,-0.394208,1.394672,-5.431622,2.163910,2.047886,-4.133874,-1.385083,1.258304,42.158047,3.390523,10.561583,0.935523,-5.620381,4.201988,6.338183,7.807835,-6.843904,5.850693,3.741861,5.253881,-2.762498,-0.744698,-9.344636,0.124474,-5.826559,0.000000,206.000000,4.000000,,,,0.000000,4.000000,4.000000,4.000000,4.000000,4.000000,4.000000,4.000000,4.000000,4.000000,4.000000,4.000000,4.000000,4.000000,4.000000,4.000000,4.000000,4.000000,4.000000,2.000000,4.000000,4.000000,2.000000,4.000000,4.000000,4.000000,4.000000,4.000000,4.000000,4.000000,4.000000,4.000000,4.000000,66.666664
1614076779.367123,67.000000,0.000000,-2.248727,3.609482,1.916584,3.418317,2.728994,3.356147,5.636585,-0.393814,1.393277,-4.913370,3.187387,2.045838,-3.616920,-0.358057,0.744225,50.321018,3.387133,32.089481,0.934588,-5.101941,4.710607,9.921588,7.800027,-6.837061,5.844842,3.738119,3.197345,-2.759735,-0.231132,-9.335291,-0.388471,-6.333552,0.000000,167.000000,4.000000,,,,0.000000,4.000000,4.000000,4.000000,4.000000,4.000000,4.000000,4.000000,4.000000,4.000000,4.000000,4.000000,4.000000,4.000000,4.000000,4.000000,4.000000,4.000000,4.000000,2.000000,4.000000,4.000000,2.000000,4.000000,4.000000,4.000000,4.000000,4.000000,4.000000,4.000000,4.000000,4.000000,4.000000,66.666664
1614076779.374972,68.000000,0.000000,-2.246478,3.605873,1.914668,3.414899,2.726265,3.352791,5.630949,-0.393420,1.904704,-1.831533,6.261123,2.043792,-2.074841,10.924353,1.769122,58.988644,3.383746,27.442009,0.933653,0.544187,5.218717,14.527051,7.792227,-6.830224,6.351819,3.734381,2.168507,-2.756975,-0.230901,-8.813135,0.124738,-5.814398,0.000000,156.000000,4.000000,,,,0.000000,4.000000,4.000000,4.000000,4.000000,4.000000,4.000000,4.000000,4.000000,4.000000,4.000000,4.000000,4.000000,4.000000,4.000000,4.000000,4.000000,4.000000,4.000000,2.000000,4.000000,4.000000,2.000000,4.000000,4.000000,4.000000,4.000000,4.000000,4.000000,4.000000,4.000000,4.000000,4.000000,66.666664
1614076779.382721,69.000000,0.000000,-2.244231,3.602267,1.912753,3.411484,2.723538,3.349438,6.138138,0.119794,0.364338,-1.316881,6.767682,2.041748,-6.175331,10.400607,1.254532,56.365555,3.380362,5.876105,0.932720,-0.481998,5.213498,8.358678,7.784435,-6.823393,4.807005,4.243467,3.191979,-3.267039,-0.230670,-9.829963,0.637434,-5.295763,0.000000,201.000000,4.000000,,,,0.000000,4.000000,4.000000,4.000000,4.000000,4.000000,4.000000,4.000000,4.000000,4.000000,4.000000,4.000000,4.000000,4.000000,4.000000,4.000000,4.000000,4.000000,4.000000,2.000000,4.000000,4.000000,2.000000,4.000000,4.000000,4.000000,4.000000,4.000000,4.000000,4.000000,4.000000,4.000000,4.000000,66.666664
1614076779.390570,70.000000,0.000000,-2.241987,3.598665,1.910840,3.408072,2.720815,3.346089,5.619180,-0.393147,-1.687309,-4.392488,2.658350,2.039706,-11.297360,1.672258,1.253278,60.411751,3.376982,17.665100,0.931787,5.159510,3.157002,0.145191,7.776650,-6.816570,2.238095,2.187941,3.188787,-2.238131,-0.230440,-12.384235,-0.901665,-6.828929,0.000000,186.000000,4.000000,,,,0.000000,4.000000,4.000000,2.000000,4.000000,4.000000,4.000000,4.000000,4.000000,4.000000,4.000000,4.000000,4.000000,4.000000,4.000000,4.000000,4.000000,4.000000,4.000000,2.000000,4.000000,4.000000,2.000000,4.000000,4.000000,4.000000,4.000000,4.000000,4.000000,4.000000,4.000000,4.000000,4.000000,50.000000
1614076779.398319,71.000000,0.000000,-2.239745,4.107887,1.908930,3.404664,2.718094,3.855563,5.100740,-0.392754,-2.711262,-2.336813,2.655692,2.037667,-6.670678,1.670586,3.303307,67.018005,3.373605,26.365385,0.930855,15.410760,1.615384,-0.367775,7.768874,-6.809753,1.723037,0.134471,2.159958,0.328210,-0.230209,-13.397492,1.150519,-4.257998,0.000000,147.000000,4.000000,,,,0.000000,4.000000,4.000000,2.000000,4.000000,4.000000,4.000000,4.000000,4.000000,4.000000,4.000000,4.000000,4.000000,4.000000,4.000000,4.000000,4.000000,4.000000,4.000000,2.000000,4.000000,4.000000,2.000000,4.000000,4.000000,4.000000,4.000000,4.000000,4.000000,4.000000,4.000000,4.000000,4.000000,50.000000
1614076779.406168,72.000000,0.000000,-2.237505,3.590958,2.419841,3.401260,2.715376,3.338887,6.121280,0.120460,-2.195730,2.280908,5.729959,2.035629,-0.510162,6.797121,5.351285,69.002274,3.883052,14.031327,0.929924,9.754324,2.126589,0.658234,7.761105,-6.802944,2.234134,0.134337,3.696259,1.353523,1.821303,-12.871274,5.764753,2.925747,0.000000,194.000000,4.000000,,,,0.000000,4.000000,4.000000,2.000000,4.000000,4.000000,4.000000,4.000000,4.000000,4.000000,4.000000,4.000000,4.000000,4.000000,4.000000,4.000000,4.000000,4.000000,4.000000,2.000000,4.000000,4.000000,2.000000,4.000000,4.000000,4.000000,4.000000,4.000000,4.000000,4.000000,4.000000,4.000000,4.000000,50.000000
1614076779.413917,73.000000,0.000000,-1.722447,1.536085,1.904601,3.397858,2.712661,2.309907,5.602338,-3.982225,-2.193535,-2.336757,2.647306,2.033593,-5.637856,4.226221,3.807472,64.830704,2.340707,17.094219,0.928994,-2.563123,-0.439640,-0.368065,8.266165,-6.796141,2.231900,0.647023,2.154101,0.839349,3.870764,-12.858403,4.733347,3.948463,0.000000,202.000000,4.000000,,,,0.000000,4.000000,4.000000,2.000000,4.000000,4.000000,4.000000,4.000000,4.000000,4.000000,4.000000,4.000000,4.000000,4.000000,4.000000,4.000000,4.000000,4.000000,4.000000,2.000000,4.000000,4.000000,2.000000,4.000000,4.000000,4.000000,4.000000,4.000000,4.000000,4.000000,4.000000,4.000000,4.000000,50.000000
1614076779.421566,74.000000,0.000000,-2.746366,-0.003912,-0.148586,1.855999,2.709948,0.256315,1.494172,-8.080807,-2.191341,-9.001087,-4.022008,2.031560,-11.786065,-5.521595,-0.811720,48.868439,0.287084,18.102766,0.415245,-4.099021,-5.054585,0.145124,7.745078,-6.789345,2.229668,-1.404906,-4.514719,0.838509,1.815611,-12.845545,-1.938053,-1.696512,0.000000,202.000000,4.000000,,,,0.000000,4.000000,4.000000,2.000000,4.000000,4.000000,4.000000,4.000000,4.000000,4.000000,4.000000,4.000000,4.000000,4.000000,4.000000,4.000000,4.000000,4.000000,4.000000,2.000000,4.000000,4.000000,2.000000,4.000000,4.000000,4.000000,4.000000,4.000000,4.000000,4.000000,4.000000,4.000000,4.000000,50.000000
1614076779.429315,75.000000,0.000000,-5.307722,-0.516729,-1.686899,-0.197139,1.168776,-3.846505,-2.097066,-6.534265,-2.189150,-9.504907,-6.069268,2.029528,-11.261458,-10.644279,-3.375010,36.511879,-0.738844,2.187227,0.927650,-3.582102,-6.587992,-3.957586,5.173230,-6.782555,2.227438,-3.454783,-9.638410,0.837671,-0.237487,-12.832699,-4.500217,-3.233277,0.000000,173.000000,4.000000,,,,0.000000,4.000000,4.000000,2.000000,4.000000,4.000000,4.000000,4.000000,4.000000,4.000000,4.000000,4.000000,4.000000,4.000000,4.000000,4.000000,4.000000,4.000000,4.000000,2.000000,4.000000,4.000000,2.000000,4.000000,4.000000,4.000000,4.000000,4.000000,4.000000,4.000000,4.000000,4.000000,4.000000,50.000000
1614076779.436964,76.000000,0.000000,-6.328055,-0.003392,-2.198032,-0.709763,-1.396495,-6.919581,-2.094969,-4.989269,-2.186961,-8.469761,-5.037558,2.027499,-9.711735,-2.941327,-2.345994,53.398441,-0.225285,12.954270,1.952363,-6.142622,-7.094225,-11.645936,3.629595,-6.775773,2.738032,-3.964149,-8.603130,0.836833,-0.237249,-12.819866,-3.470076,-1.178761,0.000000,165.000000,4.000000,,,,0.000000,4.000000,4.000000,2.000000,4.000000,4.000000,4.000000,4.000000,4.000000,4.000000,4.000000,4.000000,4.000000,4.000000,4.000000,4.000000,4.000000,4.000000,4.000000,2.000000,4.000000,4.000000,2.000000,4.000000,4.000000,4.000000,4.000000,4.000000,4.000000,4.000000,4.000000,4.000000,4.000000,50.000000
1614076779.444713,77.000000,0.000000,-5.808907,-0.003388,-1.683014,-0.196232,-0.882278,-5.374200,-1.580053,-2.932997,-2.184774,-4.871547,-0.417135,2.025471,-8.163562,4.753922,2.271736,81.550171,-0.225059,38.069523,0.411950,-7.674941,-9.138412,-15.224033,4.138786,-8.307459,2.735294,-2.934544,-6.543245,0.835996,-0.237012,-12.294226,-2.953786,-2.203223,0.000000,197.000000,4.000000,,,,0.000000,4.000000,4.000000,2.000000,4.000000,4.000000,4.000000,4.000000,4.000000,4.000000,4.000000,4.000000,4.000000,4.000000,4.000000,4.000000,4.000000,4.000000,4.000000,2.000000,4.000000,4.000000,2.000000,4.000000,4.000000,4.000000,4.000000,4.000000,4.000000,4.000000,4.000000,4.000000,4.000000,50.000000
1614076779.452363,78.000000,0.000000,-5.803098,-0.003385,-1.681331,1.342426,3.733989,-3.317544,-1.578473,3.736602,-2.182589,1.287171,5.737128,2.023446,-6.616937,4.749168,5.346387,77.878876,-0.224834,32.390427,0.411538,-8.180087,-9.642095,-15.721630,4.134647,-10.350433,2.219738,-2.931609,-10.126446,0.835160,-0.236775,-12.794752,-1.412370,-2.713841,0.000000,209.000000,4.000000,,,,0.000000,4.000000,4.000000,2.000000,4.000000,4.000000,4.000000,4.000000,4.000000,4.000000,4.000000,4.000000,4.000000,4.000000,4.000000,4.000000,4.000000,4.000000,4.000000,2.000000,4.000000,4.000000,2.000000,4.000000,4.000000,4.000000,4.000000,4.000000,4.000000,4.000000,4.000000,4.000000,4.000000,50.000000
1614076779.460112,79.000000,0.000000,-5.797295,-0.516202,-1.679649,3.392365,6.807178,-3.827047,0.474387,7.835430,-2.180406,2.824345,6.757032,2.021422,-7.123140,4.231599,4.828220,50.621513,-0.224609,23.640087,6.564972,-3.556522,-4.504248,-11.090524,4.130513,-10.852903,2.730339,-4.467139,-6.526576,0.834325,-0.749359,-13.294778,0.127503,-2.711127,0.000000,202.000000,4.000000,,,,0.000000,4.000000,4.000000,2.000000,4.000000,4.000000,4.000000,4.000000,4.000000,4.000000,4.000000,4.000000,4.000000,4.000000,4.000000,4.000000,4.000000,4.000000,4.000000,2.000000,4.000000,4.000000,2.000000,4.000000,4.000000,4.000000,4.000000,4.000000,4.000000,4.000000,4.000000,4.000000,4.000000,50.000000
1614076779.467761,80.000000,0.000000,-5.791498,-0.002865,-1.677970,3.388973,6.800371,-4.336040,2.525195,7.314774,-2.178226,2.308700,5.724634,2.019401,-6.090376,5.253008,5.336213,41.340122,-0.224385,25.154909,6.045587,6.190624,-0.397179,-0.310202,4.126382,-6.226665,3.240429,-2.924210,6.813284,1.346311,-0.748609,-12.255842,-0.385445,-2.195595,0.000000,196.000000,4.000000,,,,0.000000,4.000000,4.000000,2.000000,4.000000,4.000000,4.000000,4.000000,4.000000,4.000000,4.000000,4.000000,4.000000,4.000000,4.000000,4.000000,4.000000,4.000000,4.000000,2.000000,4.000000,4.000000,2.000000,4.000000,4.000000,4.000000,4.000000,4.000000,4.000000,4.000000,4.000000,4.000000,4.000000,50.000000
1614076779.475510,81.000000,0.000000,-5.785706,0.509958,-1.676292,3.385584,6.280750,-3.818884,2.009849,7.307459,-2.176048,3.332032,7.257370,2.017381,-7.109927,5.247755,4.818056,52.068012,-0.224160,12.309240,-6.780972,6.697254,-5.524987,7.895236,4.122256,-2.117875,-1.378196,-1.895645,7.319292,-0.193497,0.790601,-13.269227,0.640582,-1.680579,0.000000,198.000000,4.000000,,,,0.000000,4.000000,4.000000,2.000000,4.000000,4.000000,4.000000,4.000000,4.000000,4.000000,4.000000,4.000000,4.000000,4.000000,4.000000,4.000000,4.000000,4.000000,4.000000,2.000000,4.000000,4.000000,2.000000,4.000000,4.000000,4.000000,4.000000,4.000000,4.000000,4.000000,4.000000,4.000000,4.000000,50.000000
1614076779.483159,82.000000,0.000000,-5.779921,-2.567475,-1.674616,3.382198,5.248828,-3.815065,2.007839,3.197588,-2.173872,0.251777,5.711652,2.015364,-13.769484,4.729687,0.197853,57.144150,-0.223936,11.784111,-14.979319,-2.540212,-14.750232,7.887341,4.118134,-5.192680,-8.043485,-12.150160,-8.585464,-2.244585,-0.235831,-18.896984,0.127121,-4.755822,0.000000,209.000000,4.000000,,,,0.000000,4.000000,4.000000,2.000000,4.000000,4.000000,4.000000,4.000000,4.000000,4.000000,4.000000,4.000000,4.000000,4.000000,4.000000,4.000000,4.000000,4.000000,4.000000,2.000000,4.000000,4.000000,2.000000,4.000000,4.000000,4.000000,4.000000,4.000000,4.000000,4.000000,4.000000,4.000000,4.000000,50.000000
1614076779.490908,83.000000,0.000000,-5.774140,-3.590549,-1.672941,3.378816,2.679477,-3.811250,2.005831,-3.472277,-2.171698,-4.876679,3.654658,2.013349,-17.858278,4.724957,-2.879267,55.548542,-0.223712,32.797966,-11.374596,-7.153057,-17.812405,7.366633,4.114016,-11.854154,-9.573903,-19.830317,-11.653801,-3.267982,-4.338159,-19.903728,-0.898647,-5.263886,0.000000,198.000000,4.000000,,,,0.000000,4.000000,4.000000,2.000000,4.000000,4.000000,4.000000,4.000000,4.000000,4.000000,4.000000,4.000000,4.000000,4.000000,4.000000,4.000000,4.000000,4.000000,4.000000,2.000000,4.000000,4.000000,2.000000,4.000000,4.000000,4.000000,4.000000,4.000000,4.000000,4.000000,4.000000,4.000000,4.000000,50.000000
1614076779.498557,84.000000,0.000000,-5.768366,0.515606,-1.671268,3.375437,2.163977,-3.807439,2.003826,-3.468804,-2.169526,-5.384624,5.189465,2.011335,-15.276318,4.720232,-2.876388,52.416073,-0.223489,21.483118,-10.337581,-6.120263,-14.717669,8.384908,4.109901,-13.893582,-8.538688,-11.092538,-2.411378,-2.751893,-1.256898,-14.755619,4.230456,1.408044,0.000000,187.000000,4.000000,,,,0.000000,4.000000,4.000000,2.000000,4.000000,4.000000,4.000000,4.000000,4.000000,4.000000,4.000000,4.000000,4.000000,4.000000,4.000000,4.000000,4.000000,4.000000,4.000000,2.000000,4.000000,4.000000,2.000000,4.000000,4.000000,4.000000,4.000000,4.000000,4.000000,4.000000,4.000000,4.000000,4.000000,50.000000
1614076779.506306,85.000000,0.000000,-5.762598,4.617654,-1.669597,3.372062,2.674634,-3.803632,2.001822,-0.388412,-1.654536,-4.353598,6.722737,2.009324,-13.722580,4.715512,-2.873512,53.389297,-0.223265,-3.153749,-10.840063,-7.139783,-12.651669,7.863702,4.105792,-10.289945,-8.530149,-3.389138,-1.383326,-2.749141,3.359744,-11.663940,6.790329,4.996380,0.000000,170.000000,4.000000,,,,0.000000,4.000000,4.000000,2.000000,4.000000,4.000000,4.000000,4.000000,4.000000,4.000000,4.000000,4.000000,4.000000,4.000000,4.000000,4.000000,4.000000,4.000000,4.000000,2.000000,4.000000,4.000000,2.000000,4.000000,4.000000,4.000000,4.000000,4.000000,4.000000,4.000000,4.000000,4.000000,4.000000,50.000000
1614076779.513956,86.000000,0.000000,-5.756835,3.587396,-1.667927,2.855869,2.671959,-3.799828,1.999820,-0.388024,-2.165702,-4.862065,6.203194,2.007315,-14.734498,4.710796,0.206285,66.669243,-0.223042,15.310943,-1.598454,-7.645464,-13.151837,7.343018,4.101686,-9.254014,-9.034440,-6.462672,-5.484507,-2.746392,-3.310283,-12.677917,-1.934411,1.914460,0.000000,171.000000,4.000000,,,,0.000000,4.000000,4.000000,2.000000,4.000000,4.000000,4.000000,4.000000,4.000000,4.000000,4.000000,4.000000,4.000000,4.000000,4.000000,4.000000,4.000000,4.000000,4.000000,2.000000,4.000000,4.000000,2.000000,4.000000,4.000000,4.000000,4.000000,4.000000,4.000000,4.000000,4.000000,4.000000,4.000000,50.000000
1614076779.521705,87.000000,0.000000,-5.751079,3.070988,-1.666259,3.365834,2.156466,-3.796028,1.997820,-0.900457,-2.163536,-5.882843,6.196990,2.005307,-15.232584,4.193265,4.308643,78.397446,0.290002,34.269993,0.454426,-6.612177,-13.138686,6.822854,4.097584,-12.834503,-8.512585,-7.481850,-4.966201,-2.743646,-10.999280,-12.665239,-6.547861,0.374084,0.000000,196.000000,4.000000,,,,0.000000,4.000000,4.000000,2.000000,4.000000,4.000000,4.000000,4.000000,4.000000,4.000000,4.000000,4.000000,4.000000,4.000000,4.000000,4.000000,4.000000,4.000000,4.000000,2.000000,4.000000,4.000000,2.000000,4.000000,4.000000,4.000000,4.000000,4.000000,4.000000,4.000000,4.000000,4.000000,4.000000,50.000000
1614076779.529354,88.000000,0.000000,-5.745327,4.093558,-1.664593,3.362468,2.154310,-4.305052,1.995822,-0.386736,-1.648552,-5.364141,4.652332,2.003302,-14.191710,4.189072,3.791513,72.165199,-2.274391,13.722900,-17.494745,-7.631207,-12.099906,7.328852,4.093487,-17.437054,-8.504072,-7.474369,-3.935594,-2.740902,-9.449820,-12.139753,-1.413108,1.912172,0.000000,195.000000,4.000000,,,,0.000000,4.000000,4.000000,2.000000,4.000000,4.000000,4.000000,4.000000,4.000000,4.000000,4.000000,4.000000,4.000000,4.000000,4.000000,4.000000,4.000000,4.000000,4.000000,2.000000,4.000000,4.000000,2.000000,4.000000,4.000000,4.000000,4.000000,4.000000,4.000000,4.000000,4.000000,4.000000,4.000000,50.000000
1614076779.537203,89.000000,0.000000,-5.739582,3.576644,-2.175749,1.820644,2.664976,-3.787927,1.993827,-0.386349,-4.211006,-4.333135,2.596398,2.001299,-13.664699,5.210524,2.762081,66.964828,-3.810578,6.529690,-24.143917,-7.110754,-12.600627,7.834343,4.602214,-17.932438,-8.495568,-10.543818,-4.444479,-2.738161,-7.389088,-12.640434,-1.411695,1.397439,0.000000,171.000000,4.000000,,,,0.000000,4.000000,4.000000,2.000000,4.000000,4.000000,4.000000,4.000000,4.000000,4.000000,4.000000,4.000000,4.000000,4.000000,4.000000,4.000000,4.000000,4.000000,4.000000,2.000000,4.000000,4.000000,2.000000,4.000000,4.000000,4.000000,4.000000,4.000000,4.000000,4.000000,4.000000,4.000000,4.000000,50.000000
1614076779.544952,90.000000,0.000000,-6.246663,3.573067,-1.147932,4.895746,2.662311,-3.784139,1.991833,0.126858,-9.335000,-6.892905,2.593801,1.999297,-15.189495,4.179672,0.708037,69.974785,-1.755485,26.010340,-7.196697,1.101484,-12.075206,6.288048,4.597611,-17.401684,-8.487072,-9.507632,-2.388753,-3.248244,-5.843237,-12.114974,-3.461565,0.883221,0.000000,125.000000,4.000000,,,,0.000000,4.000000,4.000000,2.000000,4.000000,4.000000,4.000000,4.000000,4.000000,4.000000,4.000000,4.000000,4.000000,4.000000,4.000000,4.000000,4.000000,4.000000,4.000000,2.000000,4.000000,4.000000,2.000000,4.000000,4.000000,4.000000,4.000000,4.000000,4.000000,4.000000,4.000000,4.000000,4.000000,50.000000
1614076779.552801,91.000000,0.000000,-4.189134,4.082314,-0.633964,12.583158,1.634008,-3.780355,1.989841,1.665193,-8.812845,-7.911653,2.078387,1.997298,-13.123023,4.175493,0.707329,66.315071,0.297552,31.112535,3.579731,8.279870,-7.447746,7.820221,4.080194,-15.845820,-8.478585,-6.421202,-0.335082,-2.219354,-0.709189,-11.590038,1.670102,1.395158,0.000000,189.000000,4.000000,,,,0.000000,4.000000,4.000000,2.000000,4.000000,4.000000,4.000000,4.000000,4.000000,4.000000,4.000000,4.000000,4.000000,4.000000,4.000000,4.000000,4.000000,4.000000,4.000000,2.000000,4.000000,4.000000,4.000000,4.000000,4.000000,4.000000,4.000000,4.000000,4.000000,4.000000,4.000000,4.000000,4.000000,66.666664
1614076779.560550,92.000000,0.000000,-2.133663,4.078232,-2.684612,14.621858,5.734938,-2.238113,3.013492,3.201989,-3.675827,-0.724254,3.101950,1.995301,-5.417593,9.812343,12.501493,65.223114,0.297255,25.953217,0.499228,8.784410,-1.286452,16.530350,6.640216,-10.701770,-8.470107,-7.440422,-0.334747,0.346968,0.317162,-12.604089,4.745355,4.470686,0.000000,178.000000,4.000000,,,,0.000000,4.000000,4.000000,2.000000,4.000000,4.000000,4.000000,4.000000,4.000000,4.000000,4.000000,4.000000,4.000000,4.000000,4.000000,4.000000,4.000000,4.000000,4.000000,2.000000,4.000000,4.000000,4.000000,4.000000,4.000000,4.000000,4.000000,4.000000,4.000000,4.000000,4.000000,4.000000,4.000000,66.666664
1614076779.568399,93.000000,0.000000,-2.131530,3.048513,1.420637,15.632876,14.447151,1.353869,5.061761,5.762890,-1.620869,6.455957,8.227053,1.993306,-1.822432,13.392274,20.694120,62.593788,0.296957,29.517008,1.011549,8.775626,0.253296,17.539461,9.197678,-4.024401,-8.461637,-5.381699,-1.360053,1.372262,0.829665,-11.053023,4.227789,8.055960,0.000000,195.000000,4.000000,,,,0.000000,4.000000,4.000000,2.000000,4.000000,4.000000,4.000000,4.000000,4.000000,4.000000,4.000000,4.000000,4.000000,4.000000,4.000000,4.000000,4.000000,4.000000,4.000000,2.000000,4.000000,4.000000,4.000000,4.000000,4.000000,4.000000,4.000000,4.000000,4.000000,4.000000,4.000000,4.000000,4.000000,66.666664
1614076779.576148,94.000000,0.000000,-2.129398,5.096746,9.111524,21.258268,15.971166,4.942258,6.082340,8.321229,-1.106428,5.936681,7.706005,1.991312,-4.384712,8.763497,4.775990,50.736320,-1.754622,29.487492,2.036178,5.177107,-5.387983,8.803972,4.060275,-1.969095,-8.453175,-0.248112,-0.845873,1.370889,6.982681,-7.452227,4.736382,9.073545,0.000000,194.000000,4.000000,,,,0.000000,4.000000,4.000000,2.000000,4.000000,4.000000,4.000000,4.000000,4.000000,4.000000,4.000000,4.000000,4.000000,4.000000,4.000000,4.000000,4.000000,4.000000,4.000000,2.000000,4.000000,4.000000,4.000000,4.000000,4.000000,4.000000,4.000000,4.000000,4.000000,4.000000,4.000000,4.000000,4.000000,66.666664
1614076779.583997,95.000000,0.000000,-1.614448,3.553188,4.999848,17.647268,10.314169,3.911675,5.563437,2.159062,-4.182244,2.853821,3.595735,1.989321,-5.918788,5.677811,-5.998017,60.941998,-3.291328,28.945183,-2.581242,-5.084480,-14.613364,7.256707,-2.610452,-4.018408,-7.931901,-3.324787,0.180614,0.343878,4.411596,-12.572980,-1.422201,9.064471,0.000000,190.000000,4.000000,,,,0.000000,4.000000,4.000000,2.000000,4.000000,4.000000,4.000000,4.000000,4.000000,4.000000,4.000000,4.000000,4.000000,4.000000,4.000000,4.000000,4.000000,4.000000,4.000000,2.000000,4.000000,4.000000,4.000000,4.000000,4.000000,4.000000,4.000000,4.000000,4.000000,4.000000,4.000000,4.000000,4.000000,66.666664
1614076779.591746,96.000000,0.000000,-2.638475,-5.681134,-9.876946,1.732184,8.765393,-4.297365,3.506592,-7.073866,-12.383190,-4.328520,3.079319,2.500152,-7.451331,5.159312,1.187468,83.445160,-3.288037,31.993160,-5.142764,-10.207601,-19.726955,6.736629,-4.146303,-8.116954,-8.436790,-10.500950,-3.922130,-3.759030,-10.464610,-26.919382,-10.138727,8.542585,8064.000000,0.000000,4.000000,,,,0.000000,4.000000,4.000000,2.000000,4.000000,4.000000,4.000000,4.000000,4.000000,4.000000,4.000000,4.000000,4.000000,4.000000,4.000000,4.000000,4.000000,4.000000,4.000000,2.000000,4.000000,4.000000,4.000000,4.000000,4.000000,4.000000,4.000000,4.000000,4.000000,4.000000,4.000000,4.000000,4.000000,66.666664
1614076779.599595,97.000000,0.000000,-5.199939,-11.829299,-14.482454,-5.449035,10.807910,-11.472554,1.964623,-8.605254,-17.499012,-15.606242,0.512137,1.984831,-14.110547,-5.102257,-8.557309,57.720684,-6.874493,12.986809,-7.701724,-11.223035,-20.732870,-5.577800,-2.603695,-9.647298,-8.428353,-11.003269,-11.610516,-6.832194,-15.582351,-32.020668,-11.667050,9.046864,8064.000000,0.000000,4.000000,,,,0.000000,4.000000,4.000000,2.000000,4.000000,4.000000,4.000000,4.000000,4.000000,4.000000,4.000000,4.000000,4.000000,4.000000,4.000000,4.000000,4.000000,4.000000,4.000000,2.000000,4.000000,4.000000,4.000000,4.000000,4.000000,4.000000,4.000000,4.000000,4.000000,4.000000,4.000000,4.000000,4.000000,66.666664
1614076779.607344,98.000000,0.000000,-6.220380,-11.304649,-9.852587,-1.853842,11.309923,-11.461082,1.962659,-7.058187,-16.455872,-19.693201,-6.667862,-1.094076,-18.711821,-14.840745,-24.446188,25.355272,-11.483003,-14.718486,-9.745304,-10.698991,-19.686497,-12.751709,-3.113912,-9.637650,-7.394284,-9.966625,-11.086085,-6.312542,-9.412922,-25.321980,-10.116921,9.550637,8064.000000,0.000000,4.000000,,,,0.000000,4.000000,4.000000,2.000000,4.000000,4.000000,4.000000,4.000000,4.000000,4.000000,4.000000,4.000000,4.000000,4.000000,4.000000,4.000000,4.000000,4.000000,4.000000,2.000000,4.000000,4.000000,4.000000,4.000000,4.000000,4.000000,4.000000,4.000000,4.000000,4.000000,4.000000,4.000000,4.000000,66.666664
1614076779.615193,99.000000,0.000000,-5.701339,-10.267704,-8.817093,0.199293,9.760151,-10.423980,1.960696,-8.076770,-16.439417,-19.673508,-9.225297,-2.118623,-15.616186,-12.261802,-9.549947,50.970943,-6.856135,-0.857614,-4.094533,-2.483164,-15.051425,-5.559470,-3.623618,-10.140834,-7.899710,-10.469479,-4.408332,-6.306229,-6.326586,-22.732555,-11.132446,5.438523,8064.000000,0.000000,4.000000,,,,0.000000,4.000000,4.000000,2.000000,4.000000,4.000000,4.000000,4.000000,4.000000,4.000000,4.000000,4.000000,4.000000,4.000000,4.000000,4.000000,4.000000,4.000000,4.000000,2.000000,4.000000,4.000000,4.000000,4.000000,4.000000,4.000000,4.000000,4.000000,4.000000,4.000000,4.000000,4.000000,4.000000,66.666664
1614076779.622942,100.000000,0.000000,-5.695638,-11.795897,-9.833918,-1.339368,9.237571,-11.952018,1.958735,-8.068693,-16.935797,-20.679474,-8.190431,-1.090864,-13.549288,-11.736719,3.280116,77.586639,-3.259536,29.399654,0.012126,2.647525,-12.985091,0.087115,-3.107174,-10.130692,-11.481554,-10.971829,-5.942385,-6.812744,-8.884362,-26.812387,-11.634134,-2.259224,8064.000000,0.000000,4.000000,,,,0.000000,4.000000,4.000000,2.000000,4.000000,4.000000,4.000000,4.000000,4.000000,4.000000,4.000000,4.000000,4.000000,4.000000,4.000000,4.000000,4.000000,4.000000,4.000000,2.000000,4.000000,4.000000,4.000000,4.000000,4.000000,4.000000,4.000000,4.000000,4.000000,4.000000,4.000000,4.000000,4.000000,66.666664
1614076779.630791,101.000000,0.000000,-5.689942,-11.271281,-8.798442,-0.825208,11.792436,-11.940065,1.956777,-7.547804,-16.406042,-18.607513,-11.259163,-4.166696,-17.638302,-17.878828,-14.159061,45.714180,-11.461404,8.857434,-8.193014,-8.124353,-16.561850,-0.425793,-3.104067,-10.120563,-11.982893,-10.448037,-11.577469,-6.805931,-8.362658,-26.785574,-10.596859,-3.795426,8064.000000,0.000000,4.000000,,,,0.000000,4.000000,4.000000,2.000000,4.000000,4.000000,4.000000,4.000000,4.000000,4.000000,4.000000,4.000000,4.000000,4.000000,4.000000,4.000000,4.000000,4.000000,4.000000,2.000000,4.000000,4.000000,4.000000,4.000000,4.000000,4.000000,4.000000,4.000000,4.000000,4.000000,4.000000,4.000000,4.000000,66.666664
1614076779.638540,102.000000,0.000000,-5.684252,-10.747190,-8.789644,0.201259,6.139617,-10.902484,0.416358,-7.540257,-16.389635,-21.153008,-15.350469,-9.290734,-22.236048,-21.963514,-30.042337,19.001801,-19.655071,-23.459116,-14.851488,-18.372639,-20.135033,1.113095,-3.100963,-11.136083,-10.432448,-10.437590,-12.078712,-6.286304,-6.303013,-27.784430,-10.586262,-1.740348,8064.000000,0.000000,4.000000,,,,0.000000,4.000000,4.000000,2.000000,4.000000,4.000000,4.000000,4.000000,4.000000,4.000000,4.000000,4.000000,4.000000,4.000000,4.000000,4.000000,4.000000,4.000000,4.000000,2.000000,4.000000,4.000000,4.000000,4.000000,4.000000,4.000000,4.000000,4.000000,4.000000,4.000000,4.000000,4.000000,4.000000,66.666664
1614076779.646389,103.000000,0.000000,-5.678568,-11.249263,-8.780854,-0.311763,-10.276778,-11.404403,-1.635340,-7.532716,-16.373245,-29.849804,-16.873579,-8.768623,-21.700993,-21.428730,-28.986654,35.905876,-18.096954,-13.179246,-12.785355,-18.354267,-19.602076,-3.503403,-3.610682,-13.176229,-17.601503,-10.427152,-11.040992,-6.280018,-7.835171,-30.833569,-11.088496,-3.789890,8064.000000,0.000000,4.000000,,,,0.000000,4.000000,4.000000,2.000000,4.000000,4.000000,4.000000,4.000000,4.000000,4.000000,4.000000,4.000000,4.000000,4.000000,4.000000,4.000000,4.000000,4.000000,4.000000,2.000000,4.000000,4.000000,4.000000,4.000000,4.000000,4.000000,4.000000,4.000000,4.000000,4.000000,4.000000,4.000000,4.000000,66.666664
1614076779.654138,104.000000,0.000000,-4.134428,-10.212372,-9.284894,-0.311451,-17.445990,-11.392998,-2.659346,-7.525183,-16.356873,-24.178928,-14.292603,-5.682931,-17.063906,-17.817558,-24.342283,53.818687,-15.001934,6.321112,-14.311030,-18.335913,-20.095295,-11.705028,-3.094251,-14.188693,-23.737747,-10.929545,-12.055592,-6.273738,-7.827336,-26.187349,-10.051766,-2.247639,8064.000000,0.000000,4.000000,,,,0.000000,4.000000,4.000000,2.000000,4.000000,4.000000,4.000000,4.000000,4.000000,4.000000,4.000000,4.000000,4.000000,4.000000,4.000000,4.000000,4.000000,4.000000,4.000000,2.000000,4.000000,4.000000,4.000000,4.000000,4.000000,4.000000,4.000000,4.000000,4.000000,4.000000,4.000000,4.000000,4.000000,66.666664
1614076779.661788,105.000000,0.000000,-2.079011,-7.125237,-8.762789,1.740142,-11.274696,-7.791862,-1.118225,-7.517658,-16.340515,-8.257314,-7.611644,-2.600325,-13.457099,-11.645894,-18.676916,50.687946,-15.499753,5.801971,-12.758258,-15.753474,-19.562378,-8.103580,-1.039875,-14.174505,-14.483241,-8.867333,-10.505075,-4.729003,1.411261,-15.391932,-5.426330,9.036660,8064.000000,0.000000,4.000000,,,,0.000000,4.000000,4.000000,2.000000,4.000000,4.000000,4.000000,4.000000,4.000000,4.000000,4.000000,4.000000,4.000000,4.000000,4.000000,4.000000,4.000000,4.000000,4.000000,2.000000,4.000000,4.000000,4.000000,4.000000,4.000000,4.000000,4.000000,4.000000,4.000000,4.000000,4.000000,4.000000,4.000000,66.666664
1614076779.669537,106.000000,0.000000,-2.076932,-3.528368,-8.754025,3.789684,-7.673678,-3.681505,0.934176,-7.510140,-16.324175,-5.172133,-4.527109,-1.572084,-13.956463,-8.557324,-13.530033,35.252644,-14.458612,19.129501,-4.027551,-10.609515,-20.055637,-3.480091,-0.013194,-11.596228,-7.802091,-6.807184,-7.930467,-2.672992,7.050875,-10.761155,-2.343981,16.719931,8064.000000,0.000000,4.000000,,,,0.000000,4.000000,4.000000,2.000000,4.000000,4.000000,4.000000,4.000000,4.000000,4.000000,4.000000,4.000000,4.000000,4.000000,4.000000,4.000000,4.000000,4.000000,4.000000,2.000000,4.000000,4.000000,4.000000,4.000000,4.000000,4.000000,4.000000,4.000000,4.000000,4.000000,4.000000,4.000000,4.000000,66.666664
1614076779.677186,107.000000,0.000000,-2.587676,-3.012019,-9.770913,3.273074,-8.691646,-3.677824,1.958882,-8.015450,-16.307850,-11.833628,-7.599505,-2.083333,-14.455326,-10.600050,-14.542145,28.550722,-14.956974,30.905245,-4.536344,-11.624547,-21.061222,-9.630457,1.525281,-9.533349,-15.999417,-7.313198,-8.435357,-2.157498,0.889978,-12.288856,-3.367278,14.139109,8064.000000,0.000000,4.000000,,,,0.000000,4.000000,4.000000,2.000000,4.000000,4.000000,4.000000,4.000000,4.000000,4.000000,4.000000,4.000000,4.000000,4.000000,4.000000,4.000000,4.000000,4.000000,4.000000,2.000000,4.000000,4.000000,4.000000,4.000000,4.000000,4.000000,4.000000,4.000000,4.000000,4.000000,4.000000,4.000000,4.000000,66.666664
1614076779.684935,108.000000,0.000000,-1.046626,-4.034648,-7.709860,2.756980,-6.118852,-3.674146,2.469744,-6.981794,-16.291542,-12.334615,-3.489341,-1.568429,-10.338307,-8.025347,-9.399397,48.522171,-15.454838,22.669210,-10.685654,-4.946256,-15.399136,-6.031083,5.626319,-11.575098,-15.983418,-5.767423,-6.375640,-2.668161,-4.751938,-12.276567,-3.363911,11.560867,8064.000000,0.000000,4.000000,,,,0.000000,4.000000,4.000000,2.000000,4.000000,4.000000,4.000000,4.000000,4.000000,4.000000,4.000000,4.000000,4.000000,4.000000,4.000000,4.000000,4.000000,4.000000,4.000000,2.000000,4.000000,4.000000,4.000000,4.000000,4.000000,4.000000,4.000000,4.000000,4.000000,4.000000,4.000000,4.000000,4.000000,66.666664
1614076779.692584,109.000000,0.000000,1.518523,-2.492152,-1.035483,4.292685,-4.061451,-0.593549,4.005736,-4.923531,-16.275251,-10.783818,7.283379,6.125447,-6.225405,-0.837834,4.456156,76.165955,-6.208613,30.851669,-3.495481,9.930485,-6.152967,10.898025,8.697617,-11.050702,-3.659742,1.417832,-0.215418,-2.665493,-2.183083,-11.238649,-0.796444,12.574947,8064.000000,0.000000,4.000000,,,,0.000000,4.000000,4.000000,2.000000,4.000000,4.000000,4.000000,4.000000,4.000000,4.000000,4.000000,4.000000,4.000000,4.000000,4.000000,4.000000,4.000000,4.000000,4.000000,2.000000,4.000000,4.000000,4.000000,4.000000,4.000000,4.000000,4.000000,4.000000,4.000000,4.000000,4.000000,4.000000,4.000000,66.666664
1614076779.700333,110.000000,0.000000,2.029825,-0.438378,3.068116,6.339674,-4.570210,0.432686,6.053012,-3.380146,-16.258976,-9.747394,11.378659,13.811629,-6.219179,2.752747,11.631187,74.551331,6.105288,38.513126,-2.979165,8.382093,-3.582712,14.989691,7.663278,-2.834524,0.959302,5.006158,3.887362,-2.662827,0.383202,-9.688950,0.742814,12.562372,8064.000000,0.000000,4.000000,,,,0.000000,4.000000,4.000000,2.000000,4.000000,4.000000,4.000000,4.000000,4.000000,4.000000,4.000000,4.000000,4.000000,4.000000,4.000000,4.000000,4.000000,4.000000,4.000000,2.000000,4.000000,4.000000,4.000000,4.000000,4.000000,4.000000,4.000000,4.000000,4.000000,4.000000,4.000000,4.000000,4.000000,66.666664
1614076779.707982,111.000000,0.000000,1.514974,0.587702,4.603510,7.358975,-4.565639,-0.080567,6.046959,-3.889586,-16.242718,-8.199184,9.828819,10.720895,-7.238601,1.724353,8.029813,57.553703,6.612003,10.269485,-19.386442,-2.908340,-5.630411,7.795214,7.655614,1.783696,-1.092939,4.488331,3.370654,-2.660165,-0.130001,-8.140799,0.229251,11.524169,8064.000000,0.000000,4.000000,,,,0.000000,4.000000,4.000000,2.000000,4.000000,4.000000,4.000000,4.000000,4.000000,4.000000,4.000000,4.000000,4.000000,4.000000,4.000000,4.000000,4.000000,4.000000,4.000000,2.000000,4.000000,4.000000,4.000000,4.000000,4.000000,4.000000,4.000000,4.000000,4.000000,4.000000,4.000000,4.000000,4.000000,66.666664
1614076779.715731,112.000000,0.000000,2.026280,0.074293,6.137368,6.325975,-4.561074,0.432334,3.989630,-3.372876,-16.226475,-9.216626,10.844631,5.581969,-6.205721,0.696988,9.047423,67.752556,3.015647,7.695113,-12.700389,0.171491,-2.035037,6.761778,8.160779,1.269091,-1.091846,4.483843,3.367283,-2.657505,-0.642692,-8.132658,0.229021,12.025465,8064.000000,0.000000,4.000000,,,,0.000000,4.000000,4.000000,2.000000,4.000000,4.000000,4.000000,4.000000,4.000000,4.000000,4.000000,4.000000,4.000000,4.000000,4.000000,4.000000,4.000000,4.000000,4.000000,2.000000,4.000000,4.000000,4.000000,4.000000,4.000000,4.000000,4.000000,4.000000,4.000000,4.000000,4.000000,4.000000,4.000000,66.666664
1614076779.723381,113.000000,0.000000,1.511433,0.074219,5.618410,6.319650,-4.556513,-0.080919,1.934358,-3.882324,-16.210247,-11.258692,9.295325,8.140490,-5.686695,2.747573,11.602479,90.248909,4.038272,35.379726,7.825131,5.299525,1.556742,8.806298,7.639798,1.267822,-2.116395,3.453718,2.851095,-2.654847,-2.180511,-10.175807,0.228792,11.500619,8064.000000,0.000000,4.000000,,,,0.000000,4.000000,4.000000,2.000000,4.000000,4.000000,4.000000,4.000000,4.000000,4.000000,4.000000,4.000000,4.000000,4.000000,4.000000,4.000000,4.000000,4.000000,4.000000,2.000000,4.000000,4.000000,4.000000,4.000000,4.000000,4.000000,4.000000,4.000000,4.000000,4.000000,4.000000,4.000000,4.000000,66.666664
1614076779.731130,114.000000,0.000000,1.509922,0.074145,6.125612,9.390253,-2.500674,0.431982,1.932424,-3.365621,-16.194038,-11.760254,4.157825,9.157990,-7.732291,1.206364,-0.203996,74.774040,3.521414,16.882807,-8.592950,-5.987826,-6.137123,7.771851,7.632158,0.753734,-4.678381,0.373341,0.284142,-2.652192,-3.716792,-12.216913,0.228563,12.514760,8064.000000,0.000000,4.000000,,,,0.000000,4.000000,4.000000,2.000000,4.000000,4.000000,4.000000,4.000000,4.000000,4.000000,4.000000,4.000000,4.000000,4.000000,4.000000,4.000000,4.000000,4.000000,4.000000,2.000000,4.000000,4.000000,4.000000,4.000000,4.000000,4.000000,4.000000,4.000000,4.000000,4.000000,4.000000,4.000000,4.000000,66.666664
1614076779.738779,115.000000,0.000000,2.021232,0.074071,10.734871,12.457786,-0.959712,3.508473,2.443312,-3.362255,-16.177843,-12.774135,2.102385,5.559089,-11.314301,-5.974330,-13.537125,43.930038,0.440969,-7.749461,-27.558716,-15.212607,-12.797652,6.738438,7.624526,-2.836763,-4.673703,-0.139853,-0.741784,-2.649540,-4.225895,-12.204697,0.228335,14.553527,8064.000000,0.000000,4.000000,,,,0.000000,4.000000,4.000000,2.000000,4.000000,4.000000,4.000000,4.000000,4.000000,4.000000,4.000000,4.000000,4.000000,4.000000,4.000000,4.000000,4.000000,4.000000,4.000000,2.000000,4.000000,4.000000,4.000000,4.000000,4.000000,4.000000,4.000000,4.000000,4.000000,4.000000,4.000000,4.000000,4.000000,66.666664
1614076779.746528,116.000000,0.000000,0.480749,0.073997,13.288239,14.496610,-0.445932,1.453683,1.415228,-6.435816,-16.161665,-14.812642,2.613103,4.527888,-8.738885,-10.583740,-7.882562,57.219444,-0.585113,25.078802,-5.992696,-8.530728,-5.092547,7.757340,5.565619,-6.423670,-4.669029,0.885928,-2.279503,-2.646890,-4.221670,-12.192492,-0.284714,15.564614,8064.000000,0.000000,4.000000,,,,0.000000,4.000000,4.000000,2.000000,4.000000,4.000000,4.000000,4.000000,4.000000,4.000000,4.000000,4.000000,4.000000,4.000000,4.000000,4.000000,4.000000,4.000000,4.000000,2.000000,4.000000,4.000000,4.000000,4.000000,4.000000,4.000000,4.000000,4.000000,4.000000,4.000000,4.000000,4.000000,4.000000,66.666664
1614076779.754177,117.000000,0.000000,-2.083834,0.073923,12.762130,14.482114,-0.958306,-5.727258,-0.637469,-11.044765,-16.145504,-16.336292,2.610490,6.061822,-6.678864,-6.983413,1.356090,80.751968,-0.071707,45.566544,10.423553,0.195751,-1.497711,6.211122,4.021592,-6.930067,-4.664360,-1.679060,-4.328506,-2.644243,-4.217448,-12.180300,0.228391,15.549049,8064.000000,0.000000,4.000000,,,,0.000000,4.000000,4.000000,2.000000,4.000000,4.000000,4.000000,4.000000,4.000000,4.000000,4.000000,4.000000,4.000000,4.000000,4.000000,4.000000,4.000000,4.000000,4.000000,2.000000,4.000000,4.000000,4.000000,4.000000,4.000000,4.000000,4.000000,4.000000,4.000000,4.000000,4.000000,4.000000,4.000000,66.666664
1614076779.761926,118.000000,0.000000,-2.594570,0.073849,12.749368,12.929170,-2.495810,-8.798454,-3.713755,-12.059361,-16.129358,-18.371237,2.607879,3.491658,-13.338852,-5.437968,-2.747831,60.158394,-0.071635,16.290207,-4.458665,1.221197,-13.803905,2.102346,3.504750,-6.410316,-4.659696,-6.805586,-4.836998,-3.154420,-3.700410,-12.168119,-0.284658,15.020680,8064.000000,0.000000,4.000000,,,,0.000000,4.000000,4.000000,2.000000,4.000000,4.000000,4.000000,4.000000,4.000000,4.000000,4.000000,4.000000,4.000000,4.000000,4.000000,4.000000,4.000000,4.000000,4.000000,2.000000,4.000000,4.000000,4.000000,4.000000,4.000000,4.000000,4.000000,4.000000,4.000000,4.000000,4.000000,4.000000,4.000000,66.666664
1614076779.769575,119.000000,0.000000,-2.079155,0.073775,13.249439,13.941882,-5.057416,-7.251194,-5.248503,-11.021661,-16.626049,-19.378508,1.066810,1.949705,-16.402435,-9.535094,-7.873288,44.200798,-0.071564,17.812380,-12.146514,0.194334,-20.456768,-0.463858,4.526886,-6.403906,-4.655036,-7.824422,-4.832161,-2.638445,-4.209530,-12.668772,-0.284373,15.005660,8064.000000,0.000000,4.000000,,,,0.000000,4.000000,4.000000,2.000000,4.000000,4.000000,4.000000,4.000000,4.000000,4.000000,4.000000,4.000000,4.000000,4.000000,4.000000,4.000000,4.000000,4.000000,4.000000,2.000000,4.000000,4.000000,4.000000,4.000000,4.000000,4.000000,4.000000,4.000000,4.000000,4.000000,4.000000,4.000000,4.000000,66.666664
1614076779.777424,120.000000,0.000000,-2.077076,0.073701,12.723369,19.056145,-5.052359,-7.756763,-5.756075,-11.523459,-16.096603,-18.846308,-0.985539,6.563139,-9.206547,-10.551200,-5.814133,62.618137,-0.071492,36.256104,-5.980522,1.219781,-13.769645,-0.463395,6.573641,-6.397502,-4.650381,-5.252495,-3.288867,-0.584524,-1.641218,-12.143282,2.792835,16.529116,8064.000000,0.000000,4.000000,,,,0.000000,4.000000,4.000000,2.000000,4.000000,4.000000,4.000000,4.000000,4.000000,4.000000,4.000000,4.000000,4.000000,4.000000,4.000000,4.000000,4.000000,4.000000,4.000000,2.000000,4.000000,4.000000,4.000000,4.000000,4.000000,4.000000,4.000000,4.000000,4.000000,4.000000,4.000000,4.000000,4.000000,66.666664
1614076779.785173,121.000000,0.000000,-2.074999,0.073627,12.710646,20.575550,-4.534486,-8.261827,-5.237498,-11.511936,-16.080507,-18.827461,-1.497374,9.633499,-5.094776,-8.489367,-4.782677,64.093979,-0.071421,13.142926,-3.923259,1.218561,-10.678952,-0.462931,7.592709,-6.391105,-4.645730,-3.195961,-1.234296,1.467342,4.001449,-9.567037,6.892606,18.563868,8064.000000,0.000000,4.000000,,,,0.000000,4.000000,4.000000,2.000000,4.000000,4.000000,4.000000,4.000000,4.000000,4.000000,4.000000,4.000000,4.000000,4.000000,4.000000,4.000000,4.000000,4.000000,4.000000,2.000000,4.000000,4.000000,4.000000,4.000000,4.000000,4.000000,4.000000,4.000000,4.000000,4.000000,4.000000,4.000000,4.000000,66.666664
1614076779.793022,122.000000,0.000000,-2.072924,0.073554,12.185115,17.990871,-5.555593,-4.663822,-5.745081,-8.423501,-17.090067,-18.808634,-0.983056,9.111045,-6.628143,-13.096262,-6.316356,37.363220,-0.071349,-7.383038,-5.457797,0.704522,-12.719555,2.101634,7.585116,-6.384714,-4.641085,-3.192765,-0.720241,0.953054,7.587191,-8.531828,7.911354,19.058125,8064.000000,0.000000,4.000000,,,,0.000000,4.000000,4.000000,2.000000,4.000000,4.000000,4.000000,4.000000,4.000000,4.000000,4.000000,4.000000,4.000000,4.000000,4.000000,4.000000,4.000000,4.000000,4.000000,2.000000,4.000000,4.000000,4.000000,4.000000,4.000000,4.000000,4.000000,4.000000,4.000000,4.000000,4.000000,4.000000,4.000000,66.666664
1614076779.800772,123.000000,0.000000,-2.070851,0.073480,12.172930,18.485703,-4.011576,1.494688,-5.739336,-3.286872,-12.970413,-19.302647,-0.982073,8.589114,-6.621514,-16.672909,-6.310040,25.530985,-0.071278,1.855115,-11.606186,0.703818,-12.706836,6.714917,7.577531,-6.378329,-4.636444,-3.189572,-0.719521,0.952101,7.579604,-7.497655,7.390622,20.577528,8064.000000,0.000000,4.000000,,,,0.000000,4.000000,4.000000,2.000000,4.000000,4.000000,4.000000,4.000000,4.000000,4.000000,4.000000,4.000000,4.000000,4.000000,4.000000,4.000000,4.000000,4.000000,4.000000,2.000000,4.000000,4.000000,4.000000,4.000000,4.000000,4.000000,4.000000,4.000000,4.000000,4.000000,4.000000,4.000000,4.000000,66.666664
1614076779.808621,124.000000,0.000000,-2.068780,0.073407,12.673577,21.544140,0.607821,4.057296,-5.220777,0.818979,-6.290776,-18.770523,-0.981091,9.606166,-7.640534,-8.963928,-5.790909,40.377251,-0.071207,5.443003,-14.671502,0.703114,-11.668488,7.733843,7.569953,-6.371951,-4.631807,-3.186382,-0.205981,0.951149,7.059204,-5.438876,7.383232,22.608232,8064.000000,0.000000,4.000000,,,,0.000000,4.000000,4.000000,2.000000,4.000000,4.000000,4.000000,4.000000,4.000000,4.000000,4.000000,4.000000,4.000000,4.000000,4.000000,4.000000,4.000000,4.000000,4.000000,2.000000,4.000000,4.000000,4.000000,4.000000,4.000000,4.000000,4.000000,4.000000,4.000000,4.000000,4.000000,4.000000,4.000000,66.666664
1614076779.816370,125.000000,0.000000,-2.066712,0.073333,12.148083,21.009775,3.171315,3.540419,-5.728376,-0.207481,-4.233203,-18.751753,-0.980110,9.083739,-9.684175,1.301446,-5.272298,61.875332,-0.071136,5.950381,-7.477344,0.702411,-11.656819,7.213289,7.562384,-6.365579,-4.627176,-3.183196,-0.718596,0.950198,7.564965,-4.407796,7.888669,23.098446,8064.000000,0.000000,4.000000,,,,0.000000,4.000000,4.000000,2.000000,4.000000,4.000000,4.000000,4.000000,4.000000,4.000000,4.000000,4.000000,4.000000,4.000000,4.000000,4.000000,4.000000,4.000000,4.000000,2.000000,4.000000,4.000000,4.000000,4.000000,4.000000,4.000000,4.000000,4.000000,4.000000,4.000000,4.000000,4.000000,4.000000,66.666664
1614076779.824219,126.000000,0.000000,-2.064645,-0.439560,12.135935,20.475945,2.655324,3.536878,-5.209827,-3.284197,-5.254611,-19.245821,-0.979130,9.074656,-10.187312,2.325785,-6.292666,70.018585,-0.583885,15.175200,-5.931405,0.701708,-12.670803,7.206076,7.554821,-6.359213,-5.135369,-3.180013,-0.717877,0.949248,7.044580,-4.916209,7.367960,22.049706,8064.000000,0.000000,4.000000,,,,0.000000,4.000000,4.000000,2.000000,4.000000,4.000000,4.000000,4.000000,4.000000,4.000000,4.000000,4.000000,4.000000,4.000000,4.000000,4.000000,4.000000,4.000000,4.000000,2.000000,4.000000,4.000000,4.000000,4.000000,4.000000,4.000000,4.000000,4.000000,4.000000,4.000000,4.000000,4.000000,4.000000,66.666664
1614076779.831968,127.000000,0.000000,-2.062580,0.586520,14.175081,20.455469,2.652668,4.046162,-1.614874,-3.793733,-5.249356,-18.200933,-0.978151,9.065580,-10.177125,0.784998,-5.260733,71.999847,-0.070481,23.877974,-6.951115,0.701007,-12.145312,7.711690,7.547266,-6.352854,-5.130234,-3.176833,1.334123,0.948299,7.037535,-5.424113,7.360592,22.540476,8064.000000,0.000000,4.000000,,,,0.000000,4.000000,4.000000,2.000000,4.000000,4.000000,4.000000,4.000000,4.000000,4.000000,4.000000,4.000000,4.000000,4.000000,4.000000,4.000000,4.000000,4.000000,4.000000,2.000000,4.000000,4.000000,4.000000,4.000000,4.000000,4.000000,4.000000,4.000000,4.000000,4.000000,4.000000,4.000000,4.000000,66.666664
1614076779.839817,0.000000,0.000000,-2.060518,2.637216,16.212189,20.947834,3.162836,3.529295,2.489305,-3.277119,-4.731287,-13.567348,-0.977172,9.569336,-9.654127,2.322675,-2.178549,82.184258,1.468051,26.931019,-4.380061,2.238767,-10.594706,7.703979,8.052540,-6.346501,-3.586642,-3.173656,3.384071,0.947350,7.030498,-4.393048,7.353231,22.517937,0.000000,194.000000,4.000000,,,,0.000000,4.000000,4.000000,2.000000,4.000000,4.000000,4.000000,4.000000,4.000000,4.000000,4.000000,4.000000,4.000000,4.000000,4.000000,4.000000,4.000000,4.000000,4.000000,2.000000,4.000000,4.000000,4.000000,4.000000,4.000000,4.000000,4.000000,4.000000,4.000000,4.000000,4.000000,4.000000,4.000000,66.666664
1614076779.847566,1.000000,0.000000,-2.058457,3.660219,16.195976,20.926886,2.646853,3.525766,2.486816,-3.273842,-5.239376,-10.476858,-0.976195,9.559766,-10.157293,2.320352,-3.714832,72.358482,-1.097519,17.160498,-15.657732,1.210887,-13.661034,6.670633,7.531667,-6.340155,-5.634337,-3.170482,1.842225,0.946403,7.023467,-5.414296,7.345878,21.982597,0.000000,197.000000,4.000000,,,,0.000000,4.000000,4.000000,2.000000,4.000000,4.000000,4.000000,4.000000,4.000000,4.000000,4.000000,4.000000,4.000000,4.000000,4.000000,4.000000,4.000000,4.000000,4.000000,2.000000,4.000000,4.000000,4.000000,4.000000,4.000000,4.000000,4.000000,4.000000,4.000000,4.000000,4.000000,4.000000,4.000000,66.666664
1614076779.855415,2.000000,0.000000,-2.056399,4.169380,16.179779,20.393139,2.644206,3.522240,1.458688,-4.296209,-5.234136,-11.492023,-1.488040,8.011744,-13.224059,-0.758892,-6.788040,48.183563,-4.686165,14.066414,-19.744638,-2.380067,-19.801218,6.663963,7.011314,-6.333815,-8.192805,-3.680132,-1.236540,0.945457,7.016444,-5.408882,6.825712,22.473436,0.000000,176.000000,4.000000,,,,0.000000,4.000000,4.000000,2.000000,4.000000,4.000000,4.000000,4.000000,4.000000,4.000000,4.000000,4.000000,4.000000,4.000000,4.000000,4.000000,4.000000,4.000000,4.000000,2.000000,4.000000,4.000000,4.000000,4.000000,4.000000,4.000000,4.000000,4.000000,4.000000,4.000000,4.000000,4.000000,4.000000,66.666664
1614076779.863164,3.000000,0.000000,-2.054342,6.729313,16.163599,20.885565,2.641562,3.518718,4.021332,-4.291913,-5.228902,-11.480531,-0.973731,10.055016,-12.698014,-1.783774,-3.191509,59.417431,1.472367,37.642090,4.890491,-0.839225,-14.653213,8.195761,8.029944,-6.327481,-2.543587,-1.625170,-0.722483,3.508614,6.496607,-2.326550,7.844527,24.502245,0.000000,188.000000,4.000000,,,,0.000000,4.000000,4.000000,2.000000,4.000000,4.000000,4.000000,4.000000,4.000000,4.000000,4.000000,4.000000,4.000000,4.000000,4.000000,4.000000,4.000000,4.000000,4.000000,2.000000,4.000000,4.000000,4.000000,4.000000,4.000000,4.000000,4.000000,4.000000,4.000000,4.000000,4.000000,4.000000,4.000000,66.666664
1614076779.871013,4.000000,0.000000,-2.052288,7.748225,16.147436,25.992886,2.638920,3.515199,6.581413,-2.749159,-5.223673,-10.443409,0.052884,10.044960,-12.685316,-2.807631,-7.290881,63.460579,3.009356,30.424961,6.424062,-3.915309,-10.023174,3.572180,6.996273,-6.321153,4.638444,1.453378,0.303880,5.043567,7.002931,2.291162,10.400784,26.016203,0.000000,162.000000,4.000000,,,,0.000000,4.000000,4.000000,2.000000,4.000000,4.000000,4.000000,4.000000,4.000000,4.000000,4.000000,4.000000,4.000000,4.000000,4.000000,4.000000,4.000000,4.000000,4.000000,2.000000,4.000000,4.000000,4.000000,4.000000,4.000000,4.000000,4.000000,4.000000,4.000000,4.000000,4.000000,4.000000,4.000000,66.666664
1614076779.878762,5.000000,0.000000,-2.050236,7.227656,16.131289,29.043816,2.636281,4.024504,3.497909,-5.823333,-5.218450,-12.484247,-2.511272,-2.272777,-19.852118,-7.933029,-23.181026,31.089424,-10.839807,-1.913155,-22.300310,-19.296009,-21.808023,-7.713443,-0.190210,-6.314832,-1.520041,-0.599357,-1.747706,2.987241,6.995928,3.827332,11.416025,25.990187,0.000000,172.000000,4.000000,,,,0.000000,4.000000,4.000000,2.000000,4.000000,4.000000,4.000000,4.000000,4.000000,4.000000,4.000000,4.000000,4.000000,4.000000,4.000000,4.000000,4.000000,4.000000,4.000000,2.000000,4.000000,4.000000,4.000000,4.000000,4.000000,4.000000,4.000000,4.000000,4.000000,4.000000,4.000000,4.000000,4.000000,66.666664
1614076779.886411,6.000000,0.000000,-2.048185,7.220428,16.115158,25.937849,2.633645,2.994839,-1.633794,-9.920074,-5.213231,-15.548686,-4.047222,-8.424351,-18.806625,-8.950737,-15.465538,39.263462,-12.367429,8.857988,-18.175446,-22.353636,-31.016985,-6.167268,-3.266943,-6.308517,-12.800572,-4.188501,-5.335701,0.420151,5.963291,1.259402,10.891788,25.964197,0.000000,186.000000,4.000000,,,,0.000000,4.000000,4.000000,4.000000,4.000000,4.000000,4.000000,4.000000,4.000000,4.000000,4.000000,4.000000,4.000000,4.000000,4.000000,4.000000,4.000000,4.000000,4.000000,2.000000,4.000000,4.000000,4.000000,4.000000,4.000000,4.000000,4.000000,4.000000,4.000000,4.000000,4.000000,4.000000,4.000000,83.333336
1614076779.894160,7.000000,0.000000,-2.046137,7.213208,16.099043,25.399090,2.631011,3.504664,-2.144981,-5.807590,-5.208018,-13.994676,2.110671,3.378946,-5.967306,-3.813581,3.524287,72.044716,5.080836,41.669643,2.868370,-8.485129,-21.242378,11.274796,1.864529,-6.302208,-10.223669,1.456713,-2.766263,0.932552,8.008610,3.309425,11.393718,25.938232,0.000000,170.000000,4.000000,,,,0.000000,4.000000,4.000000,4.000000,4.000000,4.000000,4.000000,4.000000,4.000000,4.000000,4.000000,4.000000,4.000000,4.000000,4.000000,4.000000,4.000000,4.000000,4.000000,2.000000,4.000000,4.000000,4.000000,4.000000,4.000000,4.000000,4.000000,4.000000,4.000000,4.000000,4.000000,4.000000,4.000000,83.333336
1614076779.901809,8.000000,0.000000,-1.531271,7.718815,16.595764,26.912153,3.141201,6.578083,-0.604375,0.352064,-4.689989,-10.390938,5.185484,9.529413,-9.551082,-5.348228,-9.812571,46.844463,5.075756,10.858743,-12.006293,-8.989465,-14.554469,13.314803,4.426767,-6.295907,-0.982676,11.711666,-1.225035,0.931619,12.615986,10.998423,11.382323,26.425116,0.000000,170.000000,4.000000,,,,0.000000,4.000000,4.000000,4.000000,4.000000,4.000000,4.000000,4.000000,4.000000,4.000000,4.000000,4.000000,4.000000,4.000000,4.000000,4.000000,4.000000,4.000000,4.000000,2.000000,4.000000,4.000000,4.000000,4.000000,4.000000,4.000000,4.000000,4.000000,4.000000,4.000000,4.000000,4.000000,4.000000,83.333336
1614076779.909558,9.000000,0.000000,-3.068201,7.198276,15.553527,23.808317,2.625239,5.545864,-1.629411,-1.186750,-5.198120,-10.893368,-1.486368,0.801935,-24.926146,-12.522367,-30.315578,14.489926,-10.313935,-21.459808,-30.968645,-21.288168,-18.642479,-4.647229,-0.193044,-6.289610,-1.494514,11.187134,-8.403297,0.930687,14.654652,11.500245,10.858121,25.885870,0.000000,199.000000,4.000000,,,,0.000000,4.000000,4.000000,4.000000,4.000000,4.000000,4.000000,4.000000,4.000000,4.000000,4.000000,4.000000,4.000000,4.000000,4.000000,4.000000,4.000000,4.000000,4.000000,2.000000,4.000000,4.000000,4.000000,4.000000,4.000000,4.000000,4.000000,4.000000,4.000000,4.000000,4.000000,4.000000,4.000000,83.333336
1614076779.917208,10.000000,0.000000,-5.629235,7.191078,13.486691,21.220406,0.571332,0.412113,-2.140602,-3.236845,-5.192922,-14.985038,-5.587446,-3.301431,-23.362759,-14.048306,-18.490391,47.295948,-8.765161,11.382165,-20.681267,-18.702776,-19.136656,-11.822069,-3.782595,-5.770500,-9.698148,5.534921,-11.471817,0.929757,14.127176,3.796437,11.360084,23.808702,0.000000,200.000000,4.000000,,,,0.000000,4.000000,4.000000,4.000000,4.000000,4.000000,4.000000,4.000000,4.000000,4.000000,4.000000,4.000000,4.000000,4.000000,4.000000,4.000000,4.000000,4.000000,4.000000,2.000000,4.000000,4.000000,4.000000,4.000000,4.000000,4.000000,4.000000,4.000000,4.000000,4.000000,4.000000,4.000000,4.000000,83.333336
1614076779.924957,11.000000,0.000000,-5.623606,7.696707,12.447564,19.147903,-0.967701,-0.101120,-0.600000,-3.746429,-4.162088,-14.457232,-4.043397,-1.246848,-16.159908,-13.008617,-6.164208,67.761475,0.987195,36.498989,-10.404176,-12.017407,-19.117519,-4.117939,-3.265992,-6.277550,-12.765372,4.503746,-3.255217,0.928827,14.113050,1.741359,11.348723,22.246431,0.000000,197.000000,4.000000,,,,0.000000,4.000000,4.000000,4.000000,4.000000,4.000000,4.000000,4.000000,4.000000,4.000000,4.000000,4.000000,4.000000,4.000000,4.000000,4.000000,4.000000,4.000000,4.000000,2.000000,4.000000,4.000000,4.000000,4.000000,4.000000,4.000000,4.000000,4.000000,4.000000,4.000000,4.000000,4.000000,4.000000,83.333336
1614076779.932606,12.000000,0.000000,-5.105162,6.663369,9.871014,10.923628,-0.966733,0.411802,-3.163503,-9.896528,-6.722028,-13.929955,-5.577815,-1.758421,-17.682211,-12.995609,-12.311891,39.488583,-5.167639,7.231719,-12.957874,-14.569492,-24.739428,-5.139462,-2.749905,-6.271273,-10.701325,1.935139,-0.175039,0.927898,12.560474,1.739617,6.209169,22.224184,0.000000,187.000000,4.000000,,,,0.000000,4.000000,4.000000,4.000000,4.000000,4.000000,4.000000,4.000000,4.000000,4.000000,4.000000,4.000000,4.000000,4.000000,4.000000,4.000000,4.000000,4.000000,4.000000,2.000000,4.000000,4.000000,4.000000,4.000000,4.000000,4.000000,4.000000,4.000000,4.000000,4.000000,4.000000,4.000000,4.000000,83.333336
1614076779.940355,13.000000,0.000000,-6.638518,3.066962,5.245758,4.758858,-1.991408,-5.742456,-9.314185,-14.502016,-11.330690,-21.095512,-7.623519,-1.243842,-16.638887,-12.469792,-13.325219,40.474735,-12.341958,-3.544743,-14.483377,-17.631845,-26.253149,-13.339451,-5.311258,-5.752181,-12.229085,-5.246283,-5.815890,0.926970,8.445350,-4.415968,0.049114,20.150679,0.000000,197.000000,4.000000,,,,0.000000,4.000000,4.000000,4.000000,4.000000,4.000000,4.000000,4.000000,4.000000,4.000000,4.000000,4.000000,4.000000,4.000000,4.000000,4.000000,4.000000,4.000000,4.000000,2.000000,4.000000,4.000000,4.000000,4.000000,4.000000,4.000000,4.000000,4.000000,4.000000,4.000000,4.000000,4.000000,4.000000,83.333336
1614076779.948004,14.000000,0.000000,-9.195982,-0.013028,4.727692,8.343843,-4.553519,-11.377739,-13.407435,-15.000335,-13.883463,-29.279545,-10.179998,-4.832342,-19.699171,-16.559887,-16.388817,37.357338,-10.791155,-9.182224,-13.956074,-18.127035,-26.739717,-16.915855,-9.408511,-7.284890,-17.345062,-8.317960,-8.886997,-1.125239,6.385623,-4.924373,-0.976576,18.592066,0.000000,204.000000,4.000000,,,,0.000000,4.000000,4.000000,4.000000,4.000000,4.000000,4.000000,4.000000,4.000000,4.000000,4.000000,4.000000,4.000000,4.000000,4.000000,4.000000,4.000000,4.000000,4.000000,2.000000,4.000000,4.000000,4.000000,4.000000,4.000000,4.000000,4.000000,4.000000,4.000000,4.000000,4.000000,4.000000,4.000000,83.333336
1614076779.955753,15.000000,0.000000,-9.699607,-0.525835,5.748605,8.848319,-5.574606,-11.879182,-12.881207,-19.600719,-15.408041,-30.788727,-12.733921,-12.006997,-30.961523,-19.620251,-26.116018,8.089212,-12.318825,-27.121759,-15.993400,-20.160189,-30.302721,-13.309196,-11.450384,-11.380170,-19.378998,-6.771181,-9.390930,-2.662575,6.892057,0.721577,0.050041,18.573475,0.000000,203.000000,4.000000,,,,0.000000,4.000000,4.000000,4.000000,4.000000,4.000000,4.000000,4.000000,4.000000,4.000000,4.000000,4.000000,4.000000,4.000000,4.000000,4.000000,4.000000,4.000000,4.000000,2.000000,4.000000,4.000000,4.000000,4.000000,4.000000,4.000000,4.000000,4.000000,4.000000,4.000000,4.000000,4.000000,4.000000,83.333336
1614076779.963402,16.000000,0.000000,-9.177087,-0.525309,3.691575,4.736907,-4.543391,-11.354483,-11.842685,-21.119579,-16.418274,-29.732298,-8.618623,-10.969349,-25.802357,-12.933963,-19.423235,31.158047,-13.332148,-10.171561,-17.003048,-19.627209,-26.682674,-3.552297,-10.413293,-13.932892,-19.872440,-7.277230,-11.432821,-2.659913,6.885165,0.720855,-0.462829,15.477978,0.000000,197.000000,4.000000,,,,0.000000,4.000000,4.000000,4.000000,4.000000,4.000000,4.000000,4.000000,4.000000,4.000000,4.000000,4.000000,4.000000,4.000000,4.000000,4.000000,4.000000,4.000000,4.000000,2.000000,4.000000,4.000000,4.000000,4.000000,4.000000,4.000000,4.000000,4.000000,4.000000,4.000000,4.000000,4.000000,4.000000,83.333336
1614076779.971151,17.000000,0.000000,-9.167910,-0.011964,7.277627,6.270632,-3.000386,-9.804667,-9.779560,-11.867691,-14.863394,-26.112822,-1.943338,-3.266072,-8.853477,-8.818465,-4.019197,63.947399,-6.139328,20.607841,-14.934762,-16.017838,-19.476505,-0.984642,-6.300316,-13.918959,-18.826927,-7.782773,-11.934209,-2.657253,6.365460,-1.843968,-0.462366,10.847116,0.000000,192.000000,4.000000,,,,0.000000,4.000000,4.000000,4.000000,4.000000,4.000000,4.000000,4.000000,4.000000,4.000000,4.000000,4.000000,4.000000,4.000000,4.000000,4.000000,4.000000,4.000000,4.000000,2.000000,4.000000,4.000000,4.000000,4.000000,4.000000,4.000000,4.000000,4.000000,4.000000,4.000000,4.000000,4.000000,4.000000,83.333336
1614076779.978801,18.000000,0.000000,-9.158742,-0.524772,12.911374,11.905387,-0.946103,-5.179477,-5.667217,-5.701977,-12.284428,-19.932861,-0.402933,-0.698703,-6.793342,-9.835288,0.087386,52.088581,-3.569086,18.023130,-11.330084,-13.437717,-20.482670,-10.727247,-3.217092,-13.392220,-16.756817,-4.698067,-11.922275,-2.654595,6.871915,-1.842124,0.050917,10.323447,0.000000,204.000000,4.000000,,,,0.000000,4.000000,4.000000,4.000000,4.000000,4.000000,4.000000,4.000000,4.000000,4.000000,4.000000,4.000000,4.000000,4.000000,4.000000,4.000000,4.000000,4.000000,4.000000,2.000000,4.000000,4.000000,4.000000,4.000000,4.000000,4.000000,4.000000,4.000000,4.000000,4.000000,4.000000,4.000000,4.000000,83.333336
1614076779.986550,19.000000,0.000000,-9.149583,-3.088350,7.257438,13.944763,-0.432337,-2.610195,-4.635909,-6.721916,-12.272143,-17.348827,-0.402530,-2.236466,-12.940394,-5.722888,-1.451163,51.523674,-8.693722,10.825621,-8.754651,-12.911459,-21.487827,-14.819084,-2.701055,-13.891648,-16.227240,-3.154908,-11.397532,-2.651941,6.865043,-1.840282,-0.461955,10.313125,0.000000,212.000000,4.000000,,,,0.000000,4.000000,4.000000,4.000000,4.000000,4.000000,4.000000,4.000000,4.000000,4.000000,4.000000,4.000000,4.000000,4.000000,4.000000,4.000000,4.000000,4.000000,4.000000,2.000000,4.000000,4.000000,4.000000,4.000000,4.000000,4.000000,4.000000,4.000000,4.000000,4.000000,4.000000,4.000000,4.000000,83.333336
1614076779.994199,20.000000,0.000000,-9.140433,-3.085262,1.609154,13.417998,-0.944725,-3.633226,-5.144093,-7.740836,-12.259871,-18.357119,-1.427768,-1.721409,-13.953095,-6.742806,-7.603558,65.318306,-10.736311,17.994282,-8.745896,-13.411368,-15.825315,-11.727342,-3.211174,-13.877756,-14.672551,-3.664573,-11.386134,-2.649289,6.858178,0.212841,-0.461493,10.815632,0.000000,190.000000,4.000000,,,,0.000000,4.000000,4.000000,4.000000,4.000000,4.000000,4.000000,4.000000,4.000000,4.000000,4.000000,4.000000,4.000000,4.000000,4.000000,4.000000,4.000000,4.000000,4.000000,2.000000,4.000000,4.000000,4.000000,4.000000,4.000000,4.000000,4.000000,4.000000,4.000000,4.000000,4.000000,4.000000,4.000000,83.333336
1614076780.002048,21.000000,0.000000,-9.131293,-0.518074,8.274212,13.404580,-0.943780,-3.629593,-5.138949,-9.784377,-12.247611,-17.825941,-8.093007,-1.206867,-17.016066,-16.992474,-20.416468,36.022217,-11.238395,16.437826,-9.762792,-12.885137,-14.271028,-12.741256,-2.695143,-13.351058,-7.991212,1.467296,-11.887569,-2.646640,6.851320,6.879294,2.103071,16.445841,0.000000,190.000000,4.000000,,,,0.000000,4.000000,4.000000,4.000000,4.000000,4.000000,4.000000,4.000000,4.000000,4.000000,4.000000,4.000000,4.000000,4.000000,4.000000,4.000000,4.000000,4.000000,4.000000,2.000000,4.000000,4.000000,4.000000,4.000000,4.000000,4.000000,4.000000,4.000000,4.000000,4.000000,4.000000,4.000000,4.000000,83.333336
1614076780.009797,22.000000,0.000000,-9.122162,-0.517556,14.419784,13.903996,-0.430016,-3.113142,-5.133810,-13.877156,-11.722544,-17.808115,-11.674658,-1.718481,-21.101614,-15.437020,-21.934511,22.652861,-9.175875,14.370107,-8.727387,-8.256866,-15.282397,-4.523386,-3.205268,-11.286425,-2.855016,8.132496,-9.311579,-2.643993,6.844468,9.949338,4.152250,18.480679,0.000000,207.000000,4.000000,,,,0.000000,4.000000,4.000000,4.000000,4.000000,4.000000,4.000000,4.000000,4.000000,4.000000,4.000000,4.000000,4.000000,4.000000,4.000000,4.000000,4.000000,4.000000,4.000000,2.000000,4.000000,4.000000,4.000000,4.000000,4.000000,4.000000,4.000000,4.000000,4.000000,4.000000,4.000000,4.000000,4.000000,83.333336
1614076780.017646,23.000000,0.000000,-9.113040,-3.593961,11.328441,13.377272,-1.455227,-3.622850,-5.128676,-14.888921,-12.223641,-18.303127,-9.098881,-2.229583,-21.080511,-6.190814,-14.733090,48.784054,-6.602596,15.894197,-7.693019,-4.658866,-14.241474,6.250368,-3.202063,-7.685395,-3.877802,8.637184,-5.199703,-2.641349,6.837624,10.452209,3.122457,18.462196,0.000000,196.000000,4.000000,,,,0.000000,4.000000,4.000000,4.000000,4.000000,4.000000,4.000000,4.000000,4.000000,4.000000,4.000000,4.000000,4.000000,4.000000,4.000000,4.000000,4.000000,4.000000,4.000000,2.000000,4.000000,4.000000,4.000000,4.000000,4.000000,4.000000,4.000000,4.000000,4.000000,4.000000,4.000000,4.000000,4.000000,83.333336
1614076780.025395,24.000000,0.000000,-9.103927,-4.103188,8.240190,13.363894,-0.940951,-4.132048,-5.123548,-14.361211,-12.211418,-18.284824,-8.064141,-1.714533,-22.597893,-7.210264,-17.282459,39.504501,-14.801122,1.006509,-12.813532,-10.295233,-17.816977,-4.525113,-2.686040,-5.626428,-4.386744,7.602906,-3.656042,-2.638708,6.830786,13.518681,5.683437,24.084761,0.000000,184.000000,4.000000,,,,0.000000,4.000000,4.000000,4.000000,4.000000,4.000000,4.000000,4.000000,4.000000,4.000000,4.000000,4.000000,4.000000,4.000000,4.000000,4.000000,4.000000,4.000000,4.000000,2.000000,4.000000,4.000000,4.000000,4.000000,4.000000,4.000000,4.000000,4.000000,4.000000,4.000000,4.000000,4.000000,4.000000,83.333336
1614076780.033244,25.000000,0.000000,-9.094823,-3.073443,9.257590,13.863351,2.136913,-3.615095,-5.118424,-14.346849,-12.199206,-18.266541,-8.568897,-1.712818,-24.113756,-9.254335,-20.342100,16.900892,-24.529909,-8.738088,-16.390461,-16.438784,-20.876081,-18.879562,-4.734636,-6.133622,-4.382358,8.620944,-4.165206,-2.636069,6.823956,11.453879,10.805959,25.086317,0.000000,203.000000,4.000000,,,,0.000000,4.000000,4.000000,4.000000,4.000000,4.000000,4.000000,4.000000,4.000000,4.000000,4.000000,4.000000,4.000000,4.000000,4.000000,4.000000,4.000000,4.000000,4.000000,2.000000,4.000000,4.000000,4.000000,4.000000,4.000000,4.000000,4.000000,4.000000,4.000000,4.000000,4.000000,4.000000,4.000000,83.333336
1614076780.040993,26.000000,0.000000,-9.598548,-3.583191,8.735512,12.823847,0.596314,-3.098660,-5.113306,-14.845324,-12.187007,-18.248274,-8.047508,-4.275208,-24.602463,-9.245081,-17.757656,33.294247,-21.941278,9.219368,-7.143302,-17.960806,-18.291103,-9.117093,-6.781183,-6.127488,-4.890796,3.484118,-4.673862,-3.146253,6.304311,3.237297,9.769511,15.830462,0.000000,125.000000,4.000000,,,,0.000000,4.000000,4.000000,4.000000,4.000000,4.000000,4.000000,4.000000,4.000000,4.000000,4.000000,4.000000,4.000000,4.000000,4.000000,4.000000,4.000000,4.000000,4.000000,2.000000,4.000000,4.000000,4.000000,4.000000,4.000000,4.000000,4.000000,4.000000,4.000000,4.000000,4.000000,4.000000,4.000000,83.333336
1614076780.048842,27.000000,0.000000,-9.588950,-3.579607,5.649854,9.221279,-4.532487,-5.659663,-5.621013,-14.830478,-12.174820,-18.742846,-9.065102,-6.322215,-25.090681,-15.389683,-16.714256,43.004543,-17.816772,23.569124,-1.495133,-17.942846,-15.708710,2.174075,-5.235940,-6.634181,-3.860264,-3.186033,-4.156367,-3.143107,5.785186,0.669957,4.631537,10.173605,0.000000,202.000000,4.000000,,,,0.000000,4.000000,4.000000,4.000000,4.000000,4.000000,4.000000,4.000000,4.000000,4.000000,4.000000,4.000000,4.000000,4.000000,4.000000,4.000000,4.000000,4.000000,4.000000,2.000000,4.000000,4.000000,4.000000,4.000000,4.000000,4.000000,4.000000,4.000000,4.000000,4.000000,4.000000,4.000000,4.000000,83.333336
1614076780.056591,28.000000,0.000000,-8.553720,-3.063207,4.618563,6.135135,-5.553596,-7.705286,-4.589751,-14.302827,-12.162645,-18.211283,-5.466293,-2.726149,-20.450207,-10.758908,-11.056518,39.884617,-17.286135,16.366068,-13.288509,-16.386442,-14.667360,-0.392201,-2.666602,-6.114726,-5.394866,-3.695668,-4.152211,-1.601502,4.240940,2.720570,3.088444,10.163431,0.000000,172.000000,4.000000,,,,0.000000,4.000000,4.000000,4.000000,4.000000,4.000000,4.000000,4.000000,4.000000,4.000000,4.000000,4.000000,4.000000,4.000000,4.000000,4.000000,4.000000,4.000000,4.000000,2.000000,4.000000,4.000000,4.000000,4.000000,4.000000,4.000000,4.000000,4.000000,4.000000,4.000000,4.000000,4.000000,4.000000,83.333336
1614076780.064440,29.000000,0.000000,-9.570807,-3.572965,5.126765,6.129000,-3.496760,-5.133478,-5.097981,-14.801345,-12.150482,-15.628968,4.282763,-0.672141,-13.250269,2.585184,0.236591,54.716526,-11.115003,4.554829,-24.044453,-16.370054,-13.627052,-0.391809,-3.689577,-5.595791,-8.466393,-3.691972,-5.173700,-3.651183,2.698237,2.205029,3.598176,7.589166,0.000000,198.000000,4.000000,,,,0.000000,4.000000,4.000000,4.000000,4.000000,4.000000,4.000000,4.000000,4.000000,4.000000,4.000000,4.000000,4.000000,4.000000,4.000000,4.000000,4.000000,4.000000,4.000000,2.000000,4.000000,4.000000,4.000000,4.000000,4.000000,4.000000,4.000000,4.000000,4.000000,4.000000,4.000000,4.000000,4.000000,83.333336
1614076780.072189,30.000000,0.000000,-9.048416,-3.056571,5.634459,5.610050,-5.544545,-3.589883,-6.118525,-14.273723,-12.138332,-14.587698,7.355404,-2.722751,-16.313942,-0.494324,1.774816,53.123348,-7.514144,4.550274,-20.943485,-18.917788,-16.690348,3.711147,-2.660246,-7.128657,-3.329722,-1.636998,-2.604424,-2.109070,4.234000,1.177182,3.594578,8.094397,0.000000,194.000000,4.000000,,,,0.000000,4.000000,4.000000,4.000000,4.000000,4.000000,4.000000,4.000000,4.000000,4.000000,4.000000,4.000000,4.000000,4.000000,4.000000,4.000000,4.000000,4.000000,4.000000,2.000000,4.000000,4.000000,4.000000,4.000000,4.000000,4.000000,4.000000,4.000000,4.000000,4.000000,4.000000,4.000000,4.000000,83.333336
1614076780.080038,31.000000,0.000000,-3.398342,0.023409,4.603183,5.604440,-2.974898,-3.586293,-1.497021,-9.131244,-12.126194,-14.060290,6.835228,0.356895,-18.348909,-6.647676,-1.303882,36.147148,-5.968168,23.007263,-8.614848,-7.616818,-9.494170,4.733077,1.957799,-3.531785,10.006941,9.133870,6.116129,7.636629,13.973356,4.252928,5.642265,12.701687,0.000000,201.000000,4.000000,,,,0.000000,4.000000,4.000000,4.000000,4.000000,4.000000,4.000000,4.000000,4.000000,4.000000,4.000000,4.000000,4.000000,4.000000,4.000000,4.000000,4.000000,4.000000,4.000000,2.000000,4.000000,4.000000,4.000000,4.000000,4.000000,4.000000,4.000000,4.000000,4.000000,4.000000,4.000000,4.000000,4.000000,83.333336
1614076780.087787,32.000000,0.000000,2.758903,0.536206,5.111400,10.214220,7.797307,-1.018604,4.658322,-3.481087,-10.062785,-10.456486,9.905315,8.048845,-11.663894,2.589741,2.799986,45.341770,2.242928,37.856049,3.188638,10.852337,10.515324,4.215523,5.032764,8.779440,11.535396,16.304224,12.776680,11.731556,20.113228,9.376881,6.662264,15.253088,8064.000000,0.000000,4.000000,,,,0.000000,4.000000,4.000000,4.000000,4.000000,4.000000,4.000000,4.000000,4.000000,4.000000,4.000000,4.000000,4.000000,4.000000,4.000000,4.000000,4.000000,4.000000,4.000000,2.000000,4.000000,4.000000,4.000000,4.000000,4.000000,4.000000,4.000000,4.000000,4.000000,4.000000,4.000000,4.000000,4.000000,83.333336
1614076780.095636,33.000000,0.000000,2.243323,-3.566895,6.131930,13.280929,10.866433,-1.530406,-0.474542,-2.964786,-8.514261,-11.471671,4.254385,3.938233,-12.165051,3.099972,-2.843840,52.988735,-1.861879,17.305374,-2.968397,2.636356,7.940706,3.185667,4.514911,14.924506,-1.296653,11.159714,10.199800,3.514696,10.862347,9.880324,4.091499,15.750655,8064.000000,0.000000,4.000000,,,,0.000000,4.000000,4.000000,4.000000,4.000000,4.000000,4.000000,4.000000,4.000000,4.000000,4.000000,4.000000,4.000000,4.000000,4.000000,4.000000,4.000000,4.000000,4.000000,2.000000,4.000000,4.000000,4.000000,4.000000,4.000000,4.000000,4.000000,4.000000,4.000000,4.000000,4.000000,4.000000,4.000000,83.333336
1614076780.103385,34.000000,0.000000,-1.348663,-7.153071,2.023234,10.703546,0.086336,-8.708363,-8.679195,-3.474641,-8.505747,-21.203789,-7.031921,-7.347757,-19.845194,-5.108256,-17.712791,41.653694,-20.321556,-4.250393,-20.914146,-23.007305,-20.785183,-0.407263,2.459114,6.704453,-8.987663,3.969067,3.522934,-3.668306,-2.994670,4.742239,3.061767,10.606700,8064.000000,0.000000,4.000000,,,,0.000000,4.000000,4.000000,4.000000,4.000000,4.000000,4.000000,4.000000,4.000000,4.000000,4.000000,4.000000,4.000000,4.000000,4.000000,4.000000,4.000000,4.000000,4.000000,2.000000,4.000000,4.000000,4.000000,4.000000,4.000000,4.000000,4.000000,4.000000,4.000000,4.000000,4.000000,4.000000,4.000000,83.333336
1614076780.111234,35.000000,0.000000,-1.347315,-7.145918,-5.158277,9.154381,-8.631699,-12.289398,-9.183336,-3.471167,-9.010061,-26.823610,-10.101812,-9.904511,-20.850988,-6.641610,-21.284822,38.535118,-26.455080,5.497447,-19.867592,-30.163786,-31.020809,-3.483778,1.431014,-3.045841,-7.953035,1.913816,-0.070332,-2.638996,-5.042957,1.660573,3.571526,3.929426,8064.000000,0.000000,4.000000,,,,0.000000,4.000000,4.000000,4.000000,4.000000,4.000000,4.000000,4.000000,4.000000,4.000000,4.000000,4.000000,4.000000,4.000000,4.000000,4.000000,4.000000,4.000000,4.000000,2.000000,4.000000,4.000000,4.000000,4.000000,4.000000,4.000000,4.000000,4.000000,4.000000,4.000000,4.000000,4.000000,4.000000,83.333336
1614076780.118983,36.000000,0.000000,-2.371608,-6.625952,-5.665939,9.658047,-8.623067,-10.738647,-10.199795,-5.518978,-8.488231,-25.771147,-8.553248,-8.868966,-21.855780,-11.250353,-21.263536,28.240173,-22.326061,4.466309,-11.129775,-27.056700,-23.810301,-3.993115,0.403942,-3.042795,-7.945082,-0.652201,-4.172826,-2.123537,-3.499453,2.684554,3.567954,5.976779,8064.000000,0.000000,4.000000,,,,0.000000,4.000000,4.000000,4.000000,4.000000,4.000000,4.000000,4.000000,4.000000,4.000000,4.000000,4.000000,4.000000,4.000000,4.000000,4.000000,4.000000,4.000000,4.000000,2.000000,4.000000,4.000000,4.000000,4.000000,4.000000,4.000000,4.000000,4.000000,4.000000,4.000000,4.000000,4.000000,4.000000,83.333336
1614076780.126633,37.000000,0.000000,-4.933340,-7.132146,-3.096170,9.648389,-6.050342,-11.240729,-12.753697,-7.564741,-7.966922,-25.745375,-7.519054,-9.372917,-23.372385,-14.828846,-19.703812,21.032446,-21.278093,-6.307389,-16.759670,-29.080925,-22.760849,-3.476302,-1.134924,-2.014111,-8.449957,-4.241292,-9.296858,-3.659875,-5.547235,2.169049,3.564386,11.611828,8064.000000,0.000000,4.000000,,,,0.000000,4.000000,4.000000,4.000000,4.000000,4.000000,4.000000,4.000000,4.000000,4.000000,4.000000,4.000000,4.000000,4.000000,4.000000,4.000000,4.000000,4.000000,4.000000,2.000000,4.000000,4.000000,4.000000,4.000000,4.000000,4.000000,4.000000,4.000000,4.000000,4.000000,4.000000,4.000000,4.000000,83.333336
1614076780.134382,38.000000,0.000000,-5.954047,-7.637835,-2.580254,9.125919,-5.018650,-10.716668,-8.125559,-3.454612,-8.984596,-20.078604,-1.870510,-4.748160,-13.092602,-1.480684,0.828712,53.319107,-11.513227,16.775843,-14.178808,-17.256971,-16.071423,-3.985646,2.455955,-4.576200,-3.826123,-4.237051,-4.159356,-2.630574,-4.003227,1.654059,3.560822,10.574575,8064.000000,0.000000,4.000000,,,,0.000000,4.000000,4.000000,4.000000,4.000000,4.000000,4.000000,4.000000,4.000000,4.000000,4.000000,4.000000,4.000000,4.000000,4.000000,4.000000,4.000000,4.000000,4.000000,2.000000,4.000000,4.000000,4.000000,4.000000,4.000000,4.000000,4.000000,4.000000,4.000000,4.000000,4.000000,4.000000,4.000000,83.333336
1614076780.142031,39.000000,0.000000,-5.435273,-7.117376,4.088994,9.629614,-5.013632,-4.039284,-1.963587,2.702689,-7.949971,-7.238012,5.823668,1.410434,-4.874382,9.802848,20.315063,72.240143,3.370082,31.630861,2.245627,1.734645,-0.670735,-3.468840,9.120166,1.069402,-0.232553,3.459494,10.716599,-0.063841,1.641802,6.780610,4.070081,11.589642,8064.000000,0.000000,4.000000,,,,0.000000,4.000000,4.000000,4.000000,4.000000,4.000000,4.000000,4.000000,4.000000,4.000000,4.000000,4.000000,4.000000,4.000000,4.000000,4.000000,4.000000,4.000000,4.000000,2.000000,4.000000,4.000000,4.000000,4.000000,4.000000,4.000000,4.000000,4.000000,4.000000,4.000000,4.000000,4.000000,4.000000,83.333336
1614076780.149780,40.000000,0.000000,-5.429837,-6.597438,12.290032,9.619985,-4.495798,1.092960,-0.423162,6.802550,-4.865098,-2.102569,7.869127,2.947485,-7.433609,10.305866,14.140902,48.065342,6.443635,9.035128,5.320304,5.322653,5.483782,-0.901268,10.649507,15.427307,-0.232320,11.148342,15.834086,1.474685,4.204263,10.876393,4.066011,17.731897,8064.000000,0.000000,4.000000,,,,0.000000,4.000000,4.000000,4.000000,4.000000,4.000000,4.000000,4.000000,4.000000,4.000000,4.000000,4.000000,4.000000,4.000000,4.000000,4.000000,4.000000,4.000000,4.000000,2.000000,4.000000,4.000000,4.000000,4.000000,4.000000,4.000000,4.000000,4.000000,4.000000,4.000000,4.000000,4.000000,4.000000,83.333336
1614076780.157429,41.000000,0.000000,-5.424407,-8.129303,9.713640,9.610365,-4.491302,0.579047,-1.448380,8.847030,-5.885874,-4.664569,6.322796,1.918897,-9.477458,9.782740,5.921633,48.017277,3.873089,12.103015,3.776522,2.240408,4.452657,0.125274,7.561934,20.540085,-0.744909,6.521809,9.151586,0.960389,3.174418,7.275774,2.010663,15.150064,8064.000000,0.000000,4.000000,,,,0.000000,4.000000,4.000000,4.000000,4.000000,4.000000,4.000000,4.000000,4.000000,4.000000,4.000000,4.000000,4.000000,4.000000,4.000000,4.000000,4.000000,4.000000,4.000000,2.000000,4.000000,4.000000,4.000000,4.000000,4.000000,4.000000,4.000000,4.000000,4.000000,4.000000,4.000000,4.000000,4.000000,83.333336
1614076780.165178,42.000000,0.000000,-5.418983,-10.685276,5.601362,9.600754,-4.486810,-1.985635,-5.549496,6.274080,-8.444091,-6.711187,5.803653,2.429799,-8.955160,3.106290,5.402891,70.533363,4.382036,34.142193,4.798387,1.725347,2.909743,0.637969,7.554372,14.365699,-0.231343,0.361441,6.578331,0.959429,3.171243,2.140293,-0.555450,7.955426,8064.000000,0.000000,4.000000,,,,0.000000,4.000000,4.000000,4.000000,4.000000,4.000000,4.000000,4.000000,4.000000,4.000000,4.000000,4.000000,4.000000,4.000000,4.000000,4.000000,4.000000,4.000000,4.000000,2.000000,4.000000,4.000000,4.000000,4.000000,4.000000,4.000000,4.000000,4.000000,4.000000,4.000000,4.000000,4.000000,4.000000,83.333336
1614076780.172827,43.000000,0.000000,-5.413564,-9.648950,6.108582,9.591153,-4.995144,-3.522111,-8.620870,-1.937322,-7.922826,-8.242937,7.849131,2.940189,-12.023128,-7.153226,-3.833282,58.155136,6.428936,14.108052,-11.103848,-5.455866,-5.298295,0.124511,8.572459,11.787230,-0.231112,0.873900,8.623035,0.958470,3.680893,2.138153,-0.042074,6.409009,8064.000000,0.000000,4.000000,,,,0.000000,4.000000,4.000000,4.000000,4.000000,4.000000,4.000000,4.000000,4.000000,4.000000,4.000000,4.000000,4.000000,4.000000,4.000000,4.000000,4.000000,4.000000,4.000000,2.000000,4.000000,4.000000,4.000000,4.000000,4.000000,4.000000,4.000000,4.000000,4.000000,4.000000,4.000000,4.000000,4.000000,83.333336
1614076780.180576,44.000000,0.000000,-5.408151,-7.075198,1.487088,9.581562,-4.477328,-5.057050,-8.099428,-7.576410,-9.453364,-10.285976,5.790000,1.911608,-16.113668,-9.710176,-13.573038,38.096981,3.345584,-8.470159,-23.913256,-13.142717,-11.446843,-5.003819,7.025425,12.801085,-0.230881,-1.691076,5.537489,0.957511,3.677212,2.648835,0.470788,7.941062,8064.000000,0.000000,4.000000,,,,0.000000,4.000000,4.000000,4.000000,4.000000,4.000000,4.000000,4.000000,4.000000,4.000000,4.000000,4.000000,4.000000,4.000000,4.000000,4.000000,4.000000,4.000000,4.000000,2.000000,4.000000,4.000000,4.000000,4.000000,4.000000,4.000000,4.000000,4.000000,4.000000,4.000000,4.000000,4.000000,4.000000,83.333336
1614076780.188226,45.000000,0.000000,-5.402742,-6.555302,-6.206707,10.084802,-4.985672,-7.103275,-9.629790,-7.056013,-16.110579,-10.788510,-1.908098,-0.141586,-17.123196,-11.751748,-13.559464,38.058884,-7.426992,8.461389,-12.607292,-13.642395,-10.922576,-10.639841,4.454297,10.737001,-2.281932,-6.817590,-0.109074,0.956554,3.160714,0.082084,-1.580964,7.420300,8064.000000,0.000000,4.000000,,,,0.000000,4.000000,4.000000,4.000000,4.000000,4.000000,4.000000,4.000000,4.000000,4.000000,4.000000,4.000000,4.000000,4.000000,4.000000,4.000000,4.000000,4.000000,4.000000,2.000000,4.000000,4.000000,4.000000,4.000000,4.000000,4.000000,4.000000,4.000000,4.000000,4.000000,4.000000,4.000000,4.000000,83.333336
1614076780.195975,46.000000,0.000000,-5.397340,-7.061568,-6.713320,9.561896,-4.467865,-7.096172,-11.671442,-6.536137,-15.068827,-10.777722,-4.470292,-2.192726,-16.080433,-11.227176,-13.545905,39.046467,-9.983667,18.196518,-5.928018,-13.115932,-15.014217,-11.654841,3.424202,8.162162,-3.818112,-5.272311,-1.134606,0.955597,3.157553,-1.969281,-3.117845,6.900059,8064.000000,0.000000,4.000000,,,,0.000000,4.000000,4.000000,4.000000,4.000000,4.000000,4.000000,4.000000,4.000000,4.000000,4.000000,4.000000,4.000000,4.000000,4.000000,4.000000,4.000000,4.000000,4.000000,2.000000,4.000000,4.000000,4.000000,4.000000,4.000000,4.000000,4.000000,4.000000,4.000000,4.000000,4.000000,4.000000,4.000000,83.333336
1614076780.203624,47.000000,0.000000,-5.391943,-7.054506,-5.680966,9.552334,-0.360833,-5.550614,-10.634130,-6.016780,-5.310168,-10.254124,4.764947,-1.677713,-12.987429,-3.523641,-9.429795,49.263828,-3.307017,14.588577,-9.511833,-12.589996,-18.588947,-10.104726,4.959239,6.615538,-5.352755,-2.702936,-1.133471,0.954641,4.180037,-1.454491,-3.627548,7.405980,8064.000000,0.000000,4.000000,,,,0.000000,4.000000,4.000000,4.000000,4.000000,4.000000,4.000000,4.000000,4.000000,4.000000,4.000000,4.000000,4.000000,4.000000,4.000000,4.000000,4.000000,4.000000,4.000000,2.000000,4.000000,4.000000,4.000000,4.000000,4.000000,4.000000,4.000000,4.000000,4.000000,4.000000,4.000000,4.000000,4.000000,83.333336
1614076780.211373,48.000000,0.000000,-5.386550,-7.047451,-6.188106,10.055602,3.229271,-3.493782,-9.597855,-3.446661,-6.843319,-10.243870,7.324285,-1.163215,-14.512902,-4.545758,-6.856263,60.496616,-10.996018,23.804758,-1.297193,-14.628688,-19.595999,-11.120262,1.877357,2.506358,-9.449966,-4.751515,-6.260543,0.953687,1.611754,-1.453036,-3.623920,7.398574,8064.000000,0.000000,4.000000,,,,0.000000,4.000000,4.000000,4.000000,4.000000,4.000000,4.000000,4.000000,4.000000,4.000000,4.000000,4.000000,4.000000,4.000000,4.000000,4.000000,4.000000,4.000000,4.000000,2.000000,4.000000,4.000000,4.000000,4.000000,4.000000,4.000000,4.000000,4.000000,4.000000,4.000000,4.000000,4.000000,4.000000,83.333336
1614076780.219022,49.000000,0.000000,-5.381164,-7.040404,-6.181918,7.481444,3.226042,-2.464647,-11.639539,-2.930394,-17.605707,-15.874652,-3.965091,-3.213333,-22.703518,-16.848904,-17.618637,47.102787,-24.318356,19.165567,-0.783076,-21.280725,-25.217428,-12.134783,-4.278367,-3.137173,-12.517440,-7.310866,-9.331205,0.952733,-4.030883,-4.528506,-2.594655,7.391175,8064.000000,0.000000,4.000000,,,,0.000000,4.000000,4.000000,4.000000,4.000000,4.000000,4.000000,4.000000,4.000000,4.000000,4.000000,4.000000,4.000000,4.000000,4.000000,4.000000,4.000000,4.000000,4.000000,2.000000,4.000000,4.000000,4.000000,4.000000,4.000000,4.000000,4.000000,4.000000,4.000000,4.000000,4.000000,4.000000,4.000000,83.333336
1614076780.226771,50.000000,0.000000,-5.375782,-7.033364,-6.175735,2.858578,1.684354,-6.564746,-12.653541,-8.568489,-19.639383,-21.499804,-12.679074,-5.261402,-27.809019,-20.934620,-22.729223,35.773632,-22.242756,-7.520264,-20.269472,-24.336369,-29.807596,-6.994442,-7.863832,-6.723780,-11.992102,-8.329196,-7.783412,0.438960,-5.052494,-6.062439,-4.130522,7.896605,8064.000000,0.000000,4.000000,,,,0.000000,4.000000,4.000000,4.000000,4.000000,4.000000,4.000000,4.000000,4.000000,4.000000,4.000000,4.000000,4.000000,4.000000,4.000000,4.000000,4.000000,4.000000,4.000000,2.000000,4.000000,4.000000,4.000000,4.000000,4.000000,4.000000,4.000000,4.000000,4.000000,4.000000,4.000000,4.000000,4.000000,83.333336
1614076780.234420,51.000000,0.000000,-6.396048,-7.026330,-5.656739,0.291617,-2.932715,-12.712028,-12.128066,-17.790689,-22.183846,-23.529585,-12.153575,-5.768961,-27.781210,-20.400866,-13.475725,40.353245,-17.605127,-17.256334,-27.941511,-22.773571,-27.213686,-0.320781,-6.830327,-6.717056,-10.954469,-9.859329,-8.288449,0.951341,-2.996159,-5.030736,-11.305879,6.350246,8064.000000,0.000000,4.000000,,,,0.000000,4.000000,4.000000,4.000000,4.000000,4.000000,4.000000,4.000000,4.000000,4.000000,4.000000,4.000000,4.000000,4.000000,4.000000,4.000000,4.000000,4.000000,4.000000,2.000000,4.000000,4.000000,4.000000,4.000000,4.000000,4.000000,4.000000,4.000000,4.000000,4.000000,4.000000,4.000000,4.000000,83.333336
1614076780.242269,52.000000,0.000000,-8.440934,-7.019304,-5.138262,-1.247136,-8.057987,-14.750598,-12.115938,-22.901104,-31.905252,-25.557337,-11.628600,-5.250372,-27.753429,-20.380465,-6.795583,46.979557,-18.100344,0.709641,-14.580235,-20.699514,-26.160830,0.705180,-4.772215,-6.710339,-12.481976,-10.362290,-8.280161,0.950390,-7.608547,-4.000064,-18.474060,2.754153,8064.000000,0.000000,4.000000,,,,0.000000,4.000000,4.000000,4.000000,4.000000,4.000000,4.000000,4.000000,4.000000,4.000000,4.000000,4.000000,4.000000,4.000000,4.000000,4.000000,4.000000,4.000000,4.000000,2.000000,4.000000,4.000000,4.000000,4.000000,4.000000,4.000000,4.000000,4.000000,4.000000,4.000000,4.000000,4.000000,4.000000,83.333336
1614076780.250018,53.000000,0.000000,-9.970955,-7.012285,-6.671586,-1.758710,-8.562750,-14.735847,-12.103822,-18.262819,-31.873346,-24.506140,-13.155434,-5.245121,-25.161573,-12.667775,-7.814429,50.009502,-12.954038,16.093546,-5.847706,-16.063431,-23.057747,0.191655,-2.716161,-6.703629,-11.443852,-11.890389,-3.143676,0.436619,-11.703503,-6.047346,-19.994047,-0.325525,8064.000000,0.000000,4.000000,,,,0.000000,4.000000,4.000000,4.000000,4.000000,4.000000,4.000000,4.000000,4.000000,4.000000,4.000000,4.000000,4.000000,4.000000,4.000000,4.000000,4.000000,4.000000,4.000000,2.000000,4.000000,4.000000,4.000000,4.000000,4.000000,4.000000,4.000000,4.000000,4.000000,4.000000,4.000000,4.000000,4.000000,83.333336
1614076780.257867,54.000000,0.000000,-7.396881,-7.518093,-2.562350,0.294331,-5.990085,-14.208291,-12.604539,-8.500966,-22.610704,-16.789326,-8.526894,-5.752697,-21.033848,-5.475621,-10.370717,28.933851,-10.889801,5.821043,-10.457243,-12.970445,-14.316740,2.755565,-3.226265,-4.645643,-5.791383,-7.775935,-0.063609,1.461824,-5.025133,-3.990017,-15.871490,-0.838020,8064.000000,0.000000,4.000000,,,,0.000000,4.000000,4.000000,4.000000,4.000000,4.000000,4.000000,4.000000,4.000000,4.000000,4.000000,4.000000,4.000000,4.000000,4.000000,4.000000,4.000000,4.000000,4.000000,2.000000,4.000000,4.000000,4.000000,4.000000,4.000000,4.000000,4.000000,4.000000,4.000000,4.000000,4.000000,4.000000,4.000000,83.333336
1614076780.265616,55.000000,0.000000,-3.286920,-3.920831,6.670982,5.422242,-1.368710,-8.553057,-10.540652,-2.851439,-17.972710,-10.105869,0.712403,-5.234124,-19.987173,-6.495786,-9.334705,11.469020,-9.853271,-8.030932,-10.446786,-13.983115,-10.199860,4.804092,-4.248680,-0.025613,-0.657386,1.462610,-0.576366,4.024464,3.185021,6.783204,-8.163310,0.701280,8064.000000,0.000000,4.000000,,,,0.000000,4.000000,4.000000,4.000000,4.000000,4.000000,4.000000,4.000000,4.000000,4.000000,4.000000,4.000000,4.000000,4.000000,4.000000,4.000000,4.000000,4.000000,4.000000,2.000000,4.000000,4.000000,4.000000,4.000000,4.000000,4.000000,4.000000,4.000000,4.000000,4.000000,4.000000,4.000000,4.000000,83.333336
1614076780.273465,56.000000,0.000000,-0.719531,-0.327167,7.177132,6.955281,2.222403,-2.903478,-5.914727,-2.335767,-16.416275,-9.070123,6.352716,-3.177608,-17.403084,-3.412367,1.956681,44.278065,3.489916,15.054022,-2.231211,-5.764003,-10.189659,6.850570,-1.167508,1.000054,-0.143909,4.025250,-0.575790,5.046081,4.207477,10.366164,-2.514121,3.264681,8064.000000,0.000000,4.000000,,,,0.000000,4.000000,4.000000,4.000000,4.000000,4.000000,4.000000,4.000000,4.000000,4.000000,4.000000,4.000000,4.000000,4.000000,4.000000,4.000000,4.000000,4.000000,4.000000,2.000000,4.000000,4.000000,4.000000,4.000000,4.000000,4.000000,4.000000,4.000000,4.000000,4.000000,4.000000,4.000000,4.000000,83.333336
1614076780.281215,57.000000,0.000000,-1.231632,-0.839660,-0.522353,3.358582,3.245821,-2.900575,-5.395992,-4.897534,-15.374217,-13.163616,7.884825,-1.123148,-15.847219,-5.460237,0.416263,67.823532,7.076169,34.013329,-4.280262,-0.630034,-9.666649,7.356540,0.372121,0.999054,-2.707867,-1.619800,-0.575214,4.528214,3.177628,0.099388,-2.511607,3.774237,8064.000000,0.000000,4.000000,,,,0.000000,4.000000,4.000000,4.000000,4.000000,4.000000,4.000000,4.000000,4.000000,4.000000,4.000000,4.000000,4.000000,4.000000,4.000000,4.000000,4.000000,4.000000,4.000000,2.000000,4.000000,4.000000,4.000000,4.000000,4.000000,4.000000,4.000000,4.000000,4.000000,4.000000,4.000000,4.000000,4.000000,83.333336
1614076780.289064,58.000000,0.000000,-4.820144,-3.915744,-3.085934,-1.260161,2.729755,-3.923315,-8.467519,-6.431098,-19.461407,-17.253017,6.338479,-1.634845,-19.933935,-20.839392,-21.635435,35.448013,-12.930906,2.184442,-19.660597,-14.475558,-14.272367,2.220978,-4.243636,2.023696,-5.269262,-3.669463,-0.574639,4.523686,3.174451,-5.541737,-4.047557,3.257642,8064.000000,0.000000,4.000000,,,,0.000000,4.000000,4.000000,4.000000,4.000000,4.000000,4.000000,4.000000,4.000000,4.000000,4.000000,4.000000,4.000000,4.000000,4.000000,4.000000,4.000000,4.000000,4.000000,2.000000,4.000000,4.000000,4.000000,4.000000,4.000000,4.000000,4.000000,4.000000,4.000000,4.000000,4.000000,4.000000,4.000000,83.333336
1614076780.296813,59.000000,0.000000,-9.430708,-3.399007,-1.544386,-1.258901,3.239846,-2.893751,-8.971871,-4.373385,-20.467587,-15.184482,6.332140,-2.146031,-18.375540,-16.715988,-18.024057,18.489489,-22.148745,-13.715178,-19.640936,-17.538006,-13.232453,-3.935089,-6.803494,0.996031,-2.699890,0.436771,0.964397,4.519163,4.196917,1.130471,-1.992227,4.792846,8064.000000,0.000000,4.000000,,,,0.000000,4.000000,4.000000,4.000000,4.000000,4.000000,4.000000,4.000000,4.000000,4.000000,4.000000,4.000000,4.000000,4.000000,4.000000,4.000000,4.000000,4.000000,4.000000,2.000000,4.000000,4.000000,4.000000,4.000000,4.000000,4.000000,4.000000,4.000000,4.000000,4.000000,4.000000,4.000000,4.000000,83.333336
1614076780.304662,60.000000,0.000000,-9.421277,0.194135,-1.542842,-0.744821,3.236606,-2.890857,-5.885977,-2.830550,-15.831735,-10.553912,10.428371,-1.631064,-10.152036,8.428932,7.122173,51.291512,-9.818904,11.426742,-3.723860,-1.110211,-1.424350,-3.418333,-1.155665,-0.030606,4.995118,4.538898,3.014715,4.514643,7.269643,6.770367,3.137970,7.352156,8064.000000,0.000000,4.000000,,,,0.000000,4.000000,4.000000,4.000000,4.000000,4.000000,4.000000,4.000000,4.000000,4.000000,4.000000,4.000000,4.000000,4.000000,4.000000,4.000000,4.000000,4.000000,4.000000,2.000000,4.000000,4.000000,4.000000,4.000000,4.000000,4.000000,4.000000,4.000000,4.000000,4.000000,4.000000,4.000000,4.000000,83.333336
1614076780.312411,61.000000,0.000000,-8.386215,-1.857341,-3.079760,-2.282538,2.720549,-4.939248,-4.341630,-7.955925,-14.790262,-12.594641,7.341021,-1.629433,-10.141884,8.420504,2.499666,46.624836,-7.757803,7.825571,-1.156033,-4.186024,-4.499848,0.687649,1.409593,5.097630,6.015763,4.534359,3.524521,4.510128,5.723912,5.737955,2.109191,7.857625,8064.000000,0.000000,4.000000,,,,0.000000,4.000000,4.000000,4.000000,4.000000,4.000000,4.000000,4.000000,4.000000,4.000000,4.000000,4.000000,4.000000,4.000000,4.000000,4.000000,4.000000,4.000000,4.000000,2.000000,4.000000,4.000000,4.000000,4.000000,4.000000,4.000000,4.000000,4.000000,4.000000,4.000000,4.000000,4.000000,4.000000,83.333336
1614076780.320260,62.000000,0.000000,-10.429111,-6.470868,-5.640783,-4.844358,2.717828,-7.498412,-4.850108,-11.024892,-18.365215,-17.710251,-3.435551,-2.653445,-16.285589,-10.562276,-16.477192,14.270518,-15.955173,-9.105331,-9.360005,-19.053633,-20.905605,-1.364321,-1.155919,8.682276,-3.221022,-1.624021,3.008176,4.505619,-1.461299,3.680935,-4.559585,7.336946,8064.000000,0.000000,4.000000,,,,0.000000,4.000000,4.000000,4.000000,4.000000,4.000000,4.000000,4.000000,4.000000,4.000000,4.000000,4.000000,4.000000,4.000000,4.000000,4.000000,4.000000,4.000000,4.000000,2.000000,4.000000,4.000000,4.000000,4.000000,4.000000,4.000000,4.000000,4.000000,4.000000,4.000000,4.000000,4.000000,4.000000,83.333336
1614076780.328009,63.000000,0.000000,-8.367399,-5.951577,-6.147963,-5.352334,2.715110,-6.978093,-4.845258,-6.398482,-19.372492,-18.718182,-3.432116,0.426132,-16.782124,-9.526073,-7.229946,47.076759,-13.887936,16.544800,-9.350645,-10.829452,-17.294956,1.713967,1.922160,0.468465,-8.346005,-6.750602,3.005168,4.501113,-3.511120,2.138793,-7.631948,7.329609,8064.000000,0.000000,4.000000,,,,0.000000,4.000000,4.000000,4.000000,4.000000,4.000000,4.000000,4.000000,4.000000,4.000000,4.000000,4.000000,4.000000,4.000000,4.000000,4.000000,4.000000,4.000000,4.000000,2.000000,4.000000,4.000000,4.000000,4.000000,4.000000,4.000000,4.000000,4.000000,4.000000,4.000000,4.000000,4.000000,4.000000,83.333336
1614076780.335858,64.000000,0.000000,-0.666725,-2.868702,-3.577713,-4.834161,2.712395,-4.407012,-4.327592,-2.802340,-18.327477,-17.161003,5.289265,5.041090,-15.226879,0.739864,8.161899,79.337379,-6.694561,37.041077,-7.802833,3.027532,-1.380225,15.045587,9.612545,-4.147388,-5.260736,-4.692570,3.002162,4.496612,-0.430686,2.136654,-6.598675,7.835100,0.000000,171.000000,4.000000,,,,0.000000,4.000000,4.000000,4.000000,4.000000,4.000000,4.000000,4.000000,4.000000,4.000000,4.000000,4.000000,4.000000,4.000000,4.000000,4.000000,4.000000,4.000000,4.000000,2.000000,4.000000,4.000000,4.000000,4.000000,4.000000,4.000000,4.000000,4.000000,4.000000,4.000000,4.000000,4.000000,4.000000,83.333336
1614076780.343607,65.000000,0.000000,2.923686,-3.378654,-2.035673,-4.829327,2.709683,-3.376964,-4.836085,-3.825179,-18.821970,-15.092559,5.796796,6.061690,-16.237293,-0.799338,7.128096,64.386246,-5.662225,30.337368,-9.333492,2.511684,1.185258,18.107464,12.167035,6.625990,-3.717014,-2.636595,2.999160,4.492115,-1.968716,2.134517,-7.104897,7.314445,0.000000,191.000000,4.000000,,,,0.000000,4.000000,4.000000,4.000000,4.000000,4.000000,4.000000,4.000000,4.000000,4.000000,4.000000,4.000000,4.000000,4.000000,4.000000,4.000000,4.000000,4.000000,4.000000,2.000000,4.000000,4.000000,4.000000,4.000000,4.000000,4.000000,4.000000,4.000000,4.000000,4.000000,4.000000,4.000000,4.000000,83.333336
1614076780.351256,66.000000,0.000000,1.895121,-3.888096,-2.033638,-2.773216,2.706973,-3.373587,-4.831249,-3.821354,-18.803148,-14.564646,2.201256,5.029987,-16.733877,-3.875461,4.044045,58.680832,-7.707845,32.358311,-8.811337,0.457890,-1.380030,7.320126,11.129228,16.362953,-4.738938,-3.659600,2.996161,4.487623,-5.043671,2.132383,-7.610613,5.768669,0.000000,207.000000,4.000000,,,,0.000000,4.000000,4.000000,4.000000,4.000000,4.000000,4.000000,4.000000,4.000000,4.000000,4.000000,4.000000,4.000000,4.000000,4.000000,4.000000,4.000000,4.000000,4.000000,2.000000,4.000000,4.000000,4.000000,4.000000,4.000000,4.000000,4.000000,4.000000,4.000000,4.000000,4.000000,4.000000,4.000000,83.333336
1614076780.359005,67.000000,0.000000,3.431688,-3.371387,-2.031604,-0.719161,2.704266,-2.857393,-4.313598,-0.740609,-18.784346,-14.037261,2.711875,6.050599,-16.204323,-2.333124,5.578463,62.211895,-7.187317,31.813133,-4.699963,0.457433,-0.353009,2.697421,10.605277,13.782489,-4.734200,-3.655940,2.993165,4.483135,-4.525806,2.130250,-7.090182,4.224438,0.000000,187.000000,4.000000,,,,0.000000,4.000000,4.000000,4.000000,4.000000,4.000000,4.000000,4.000000,4.000000,4.000000,4.000000,4.000000,4.000000,4.000000,4.000000,4.000000,4.000000,4.000000,4.000000,2.000000,4.000000,4.000000,4.000000,4.000000,4.000000,4.000000,4.000000,4.000000,4.000000,4.000000,4.000000,4.000000,4.000000,83.333336
1614076780.366654,68.000000,0.000000,-0.674308,-3.368016,-3.055213,-1.231262,2.701562,-3.367356,-4.822104,0.798593,-19.278381,-14.023224,0.145061,5.531727,-15.675298,-0.792330,5.060063,51.380451,-5.128847,13.319782,-3.669621,-6.722512,-4.455220,5.258826,9.056211,11.204603,-4.216645,-3.139463,2.990172,4.478652,-4.008460,2.128120,-7.083092,1.656111,0.000000,189.000000,4.000000,,,,0.000000,4.000000,4.000000,4.000000,4.000000,4.000000,4.000000,4.000000,4.000000,4.000000,4.000000,4.000000,4.000000,4.000000,4.000000,4.000000,4.000000,4.000000,4.000000,2.000000,4.000000,4.000000,4.000000,4.000000,4.000000,4.000000,4.000000,4.000000,4.000000,4.000000,4.000000,4.000000,4.000000,83.333336
1614076780.374403,69.000000,0.000000,-9.904403,-3.364648,-5.616261,-3.794133,2.186040,-5.928091,-7.381385,0.797794,-18.746283,-14.522021,-4.983289,2.449273,-16.685263,-5.919743,-1.098843,35.944458,-7.687821,0.485949,-7.255695,-11.331174,-8.553329,2.176644,6.995872,12.731860,-4.212428,-3.136324,2.987182,4.474174,-4.517272,2.125992,-7.076008,-0.396827,0.000000,209.000000,4.000000,,,,0.000000,4.000000,4.000000,4.000000,4.000000,4.000000,4.000000,4.000000,4.000000,4.000000,4.000000,4.000000,4.000000,4.000000,4.000000,4.000000,4.000000,4.000000,4.000000,2.000000,4.000000,4.000000,4.000000,4.000000,4.000000,4.000000,4.000000,4.000000,4.000000,4.000000,4.000000,4.000000,4.000000,83.333336
1614076780.382052,70.000000,0.000000,-8.868857,-3.361283,-6.123465,-5.328801,3.209495,-7.460625,-8.912465,0.796997,-18.727537,-12.969037,-3.952665,1.934003,-16.155758,-11.042027,-6.225949,18.985435,-6.654492,7.664951,-2.120235,-3.627535,-2.903750,6.789852,8.527338,11.693487,-4.208216,-3.133188,2.984195,4.469699,-3.999934,2.123866,-7.068933,0.116391,0.000000,186.000000,4.000000,,,,0.000000,4.000000,4.000000,4.000000,4.000000,4.000000,4.000000,4.000000,4.000000,4.000000,4.000000,4.000000,4.000000,4.000000,4.000000,4.000000,4.000000,4.000000,4.000000,2.000000,4.000000,4.000000,4.000000,4.000000,4.000000,4.000000,4.000000,4.000000,4.000000,4.000000,4.000000,4.000000,4.000000,83.333336
1614076780.389802,71.000000,0.000000,-1.680502,-3.357922,-5.604521,-4.810651,5.770388,-6.940343,-8.390732,0.283379,-19.221630,-8.340684,-0.871789,5.008992,-9.985756,0.251065,0.446944,29.222860,3.608572,31.247028,7.625475,8.170964,3.765821,15.501011,11.595734,12.194614,-4.204007,-3.130054,3.494031,4.465230,-3.995934,2.121742,-7.061863,0.629095,0.000000,184.000000,4.000000,,,,0.000000,4.000000,4.000000,4.000000,4.000000,4.000000,4.000000,4.000000,4.000000,4.000000,4.000000,4.000000,4.000000,4.000000,4.000000,4.000000,4.000000,4.000000,4.000000,2.000000,4.000000,4.000000,4.000000,4.000000,4.000000,4.000000,4.000000,4.000000,4.000000,4.000000,4.000000,4.000000,4.000000,83.333336
1614076780.397451,72.000000,0.000000,-2.704462,-3.354564,-6.111737,-4.805840,6.277438,-6.933403,-8.382341,0.795916,-16.638306,-5.768240,-0.870918,6.542444,-6.386026,15.122609,6.600343,62.014149,8.220348,34.292706,-1.612919,9.188434,3.762055,5.741920,11.584138,17.823446,-4.199803,-1.588463,2.977716,4.460764,-4.504759,2.119620,-7.054801,-0.909996,0.000000,209.000000,4.000000,,,,0.000000,4.000000,4.000000,4.000000,4.000000,4.000000,4.000000,4.000000,4.000000,4.000000,4.000000,4.000000,4.000000,4.000000,4.000000,4.000000,4.000000,4.000000,4.000000,2.000000,4.000000,4.000000,4.000000,4.000000,4.000000,4.000000,4.000000,4.000000,4.000000,4.000000,4.000000,4.000000,4.000000,83.333336
1614076780.405200,73.000000,0.000000,-6.291502,-3.351209,-5.079984,-5.313855,5.758340,-6.926470,-8.373959,0.795120,-12.006282,-6.788113,-1.382867,4.484620,-12.533486,11.517743,-3.149847,51.695724,-2.557102,1.950720,-19.047203,3.538220,3.245472,-6.571514,10.546913,19.344084,-3.682783,-0.048413,2.974739,4.456304,-2.448972,4.681603,-7.047747,2.167837,0.000000,198.000000,4.000000,,,,0.000000,4.000000,4.000000,4.000000,4.000000,4.000000,4.000000,4.000000,4.000000,4.000000,4.000000,4.000000,4.000000,4.000000,4.000000,4.000000,4.000000,4.000000,4.000000,2.000000,4.000000,4.000000,4.000000,4.000000,4.000000,4.000000,4.000000,4.000000,4.000000,4.000000,4.000000,4.000000,4.000000,83.333336
1614076780.412849,74.000000,0.000000,-5.259569,-3.347858,-2.510802,-2.231618,9.342325,-6.919543,-7.852765,-3.308239,-10.968635,-6.268505,-0.355843,2.428853,-16.623518,2.788277,-10.326184,23.951721,-7.682751,0.410308,-11.848669,3.021861,4.780688,0.101724,12.074827,13.683714,-4.191921,2.002918,3.997405,4.451848,-0.395241,7.241024,-7.040699,7.806695,0.000000,219.000000,4.000000,,,,0.000000,4.000000,4.000000,4.000000,4.000000,4.000000,4.000000,4.000000,4.000000,4.000000,4.000000,4.000000,4.000000,4.000000,4.000000,4.000000,4.000000,4.000000,4.000000,2.000000,4.000000,4.000000,4.000000,4.000000,4.000000,4.000000,4.000000,4.000000,4.000000,4.000000,4.000000,4.000000,4.000000,83.333336
1614076780.420598,75.000000,0.000000,-4.741489,-3.344510,-1.482650,-0.178105,8.307342,-6.912624,-9.383373,-6.381854,-13.008948,-8.826339,-1.381129,1.913604,-15.581253,0.221386,-6.213295,44.953411,-5.110965,33.230412,2.522154,0.454737,2.211805,2.665725,12.062753,11.618748,-6.239011,-0.563188,1.429305,4.447396,0.117974,3.644040,-7.033659,2.670683,0.000000,227.000000,4.000000,,,,0.000000,4.000000,4.000000,4.000000,4.000000,4.000000,4.000000,4.000000,4.000000,4.000000,4.000000,4.000000,4.000000,4.000000,4.000000,4.000000,4.000000,4.000000,4.000000,2.000000,4.000000,4.000000,4.000000,4.000000,4.000000,4.000000,4.000000,4.000000,4.000000,4.000000,4.000000,4.000000,4.000000,83.333336
1614076780.428247,76.000000,0.000000,-5.249568,-3.341166,-2.506808,-2.742029,-0.418914,-6.905711,-11.425272,-7.401113,-14.534401,-15.997000,-4.456670,-0.139592,-18.642595,-8.496784,-10.309646,54.139229,-14.336623,19.863848,-3.634215,-10.827769,-4.969894,-12.208735,4.871203,11.607129,-9.822515,-7.742112,-5.751612,4.442948,-0.394964,-3.026271,-7.026625,-7.075577,0.000000,182.000000,4.000000,,,,0.000000,4.000000,4.000000,4.000000,4.000000,4.000000,4.000000,4.000000,4.000000,4.000000,4.000000,4.000000,4.000000,4.000000,4.000000,4.000000,4.000000,4.000000,4.000000,2.000000,4.000000,4.000000,4.000000,4.000000,4.000000,4.000000,4.000000,4.000000,4.000000,4.000000,4.000000,4.000000,4.000000,83.333336
1614076780.435996,77.000000,0.000000,-5.244318,-3.337825,-2.504301,-4.277749,1.632787,-6.898806,-12.439487,-10.470634,-16.058329,-18.032284,-5.477855,-2.703555,-18.111132,-14.129313,-15.427541,25.367140,-20.988953,-12.463709,-9.271606,-17.483608,-8.554667,-14.760630,-3.338797,5.954496,-11.863975,-11.324113,-9.848424,4.438505,-0.394569,-5.587348,-7.019598,-8.094143,0.000000,197.000000,4.000000,,,,0.000000,4.000000,4.000000,4.000000,4.000000,4.000000,4.000000,4.000000,4.000000,4.000000,4.000000,4.000000,4.000000,4.000000,4.000000,4.000000,4.000000,4.000000,4.000000,2.000000,4.000000,4.000000,4.000000,4.000000,4.000000,4.000000,4.000000,4.000000,4.000000,4.000000,4.000000,4.000000,4.000000,83.333336
1614076780.443646,78.000000,0.000000,-5.239074,-3.334487,-1.476156,-1.709368,11.887565,-6.891907,-11.914227,-10.460164,-14.503808,-14.937329,-4.446736,-1.675210,-8.349430,-3.858774,-5.668523,41.239208,-11.224375,9.087216,-2.595668,-14.389201,-7.520472,-6.540741,-4.361099,0.307516,-11.852111,-10.287148,-7.787293,4.946887,-0.394175,-5.068940,-7.012578,-6.034767,0.000000,225.000000,4.000000,,,,0.000000,4.000000,4.000000,4.000000,4.000000,4.000000,4.000000,4.000000,4.000000,4.000000,4.000000,4.000000,4.000000,4.000000,4.000000,4.000000,4.000000,4.000000,4.000000,2.000000,4.000000,4.000000,4.000000,4.000000,4.000000,4.000000,4.000000,4.000000,4.000000,4.000000,4.000000,4.000000,4.000000,83.333336
1614076780.451395,79.000000,0.000000,-5.233835,-3.331152,-3.525962,-0.682018,10.850036,-6.885015,-11.902313,-5.321499,-9.873919,-14.409572,-4.955110,-2.186356,-3.212876,2.811752,4.080735,74.018478,-5.572125,31.129412,-1.054611,-12.323530,-8.025772,-10.123943,-2.818276,-0.718432,-11.327438,-10.789681,-7.779506,3.916299,-0.393780,-6.602332,-7.005566,-9.618475,0.000000,202.000000,4.000000,,,,0.000000,4.000000,4.000000,4.000000,4.000000,4.000000,4.000000,4.000000,4.000000,4.000000,4.000000,4.000000,4.000000,4.000000,4.000000,4.000000,4.000000,4.000000,4.000000,2.000000,4.000000,4.000000,4.000000,4.000000,4.000000,4.000000,4.000000,4.000000,4.000000,4.000000,4.000000,4.000000,4.000000,83.333336
1614076780.459044,80.000000,0.000000,-5.228601,-3.327821,-5.573718,-1.194157,5.710980,-7.390950,-11.890411,-4.290536,-9.351225,-13.882341,-4.950155,-6.286733,-8.337868,0.757658,2.538193,53.944462,-10.694757,14.175204,-0.027915,-13.336847,-8.017746,-14.729204,-3.841099,0.820748,-11.828932,-9.753251,-9.823009,1.861101,-0.393387,-10.185473,-6.998560,-12.172959,0.000000,195.000000,4.000000,,,,0.000000,4.000000,4.000000,4.000000,4.000000,4.000000,4.000000,4.000000,4.000000,4.000000,4.000000,4.000000,4.000000,4.000000,4.000000,4.000000,4.000000,4.000000,4.000000,2.000000,4.000000,4.000000,4.000000,4.000000,4.000000,4.000000,4.000000,4.000000,4.000000,4.000000,4.000000,4.000000,4.000000,83.333336
1614076780.466793,81.000000,0.000000,-5.223372,-3.324493,-2.491221,-1.192962,10.833475,-6.870739,-11.878521,-7.875989,-10.367516,-9.253075,-0.842640,-3.203523,-8.842351,6.397926,3.048475,37.480263,-9.658422,16.725132,7.151600,-13.323511,-5.445626,-6.509347,-3.837258,2.358389,-11.817102,-4.615293,-4.684981,0.320778,-0.392993,-9.149647,-6.991562,-9.083863,0.000000,186.000000,4.000000,,,,0.000000,4.000000,4.000000,4.000000,4.000000,4.000000,4.000000,4.000000,4.000000,4.000000,4.000000,4.000000,4.000000,4.000000,4.000000,4.000000,4.000000,4.000000,4.000000,2.000000,4.000000,4.000000,4.000000,4.000000,4.000000,4.000000,4.000000,4.000000,4.000000,4.000000,4.000000,4.000000,4.000000,83.333336
1614076780.474442,82.000000,0.000000,-5.218149,-2.808348,2.639475,-1.191769,14.925205,-3.786945,-11.866642,-6.329652,-6.254583,-5.654078,5.312048,4.491988,-3.705303,13.058195,7.660811,61.032524,-3.494917,34.144302,11.759833,-12.797367,-3.388898,1.702291,-3.320600,3.894492,-9.754004,-2.046575,4.037653,0.833278,-0.392600,-2.473830,-6.984570,-5.997857,0.000000,225.000000,4.000000,,,,0.000000,4.000000,4.000000,4.000000,4.000000,4.000000,4.000000,4.000000,4.000000,4.000000,4.000000,4.000000,4.000000,4.000000,4.000000,4.000000,4.000000,4.000000,4.000000,2.000000,4.000000,4.000000,4.000000,4.000000,4.000000,4.000000,4.000000,4.000000,4.000000,4.000000,4.000000,4.000000,4.000000,83.333336
1614076780.482291,83.000000,0.000000,-5.212931,-3.318361,3.149656,-0.677757,13.884639,-2.757517,-11.854775,-7.348963,-4.197047,-6.161244,7.358018,5.000316,-8.829803,7.916932,4.576227,59.433033,-1.952961,24.879391,10.209612,-12.271749,-3.898330,0.674947,-3.317280,5.941879,-7.692967,-3.070169,8.136179,0.832445,-0.392208,2.656848,-6.977586,-7.017500,0.000000,223.000000,4.000000,,,,0.000000,4.000000,4.000000,4.000000,4.000000,4.000000,4.000000,4.000000,4.000000,4.000000,4.000000,4.000000,4.000000,4.000000,4.000000,4.000000,4.000000,4.000000,4.000000,2.000000,4.000000,4.000000,4.000000,4.000000,4.000000,4.000000,4.000000,4.000000,4.000000,4.000000,4.000000,4.000000,4.000000,83.333336
1614076780.490040,84.000000,0.000000,-5.207718,-3.315042,1.095224,-0.677079,13.870754,-4.293221,-11.842921,-14.521102,-8.808234,-6.667903,5.812199,1.918393,-17.538921,0.729527,-5.684759,32.706932,-2.976649,11.008357,8.148120,-13.285118,-3.894432,-0.864189,-3.313962,7.987220,-6.659633,-3.067099,6.589581,0.318792,-0.391815,3.167012,-6.970608,-7.523303,0.000000,178.000000,4.000000,,,,0.000000,4.000000,4.000000,4.000000,4.000000,4.000000,4.000000,4.000000,4.000000,4.000000,4.000000,4.000000,4.000000,4.000000,4.000000,4.000000,4.000000,4.000000,4.000000,2.000000,4.000000,4.000000,4.000000,4.000000,4.000000,4.000000,4.000000,4.000000,4.000000,4.000000,4.000000,4.000000,4.000000,83.333336
1614076780.497889,85.000000,0.000000,-5.202510,-2.286086,3.145411,-1.189223,13.856884,0.839277,-11.831078,-9.891196,-11.363529,-6.148415,6.319207,4.480577,-13.418819,2.267259,-9.268818,36.263969,-2.973672,15.099913,10.704075,-12.246192,-3.890537,0.675137,-3.310648,7.979232,-4.601692,-2.551211,6.582992,0.831294,-0.391424,2.138204,-6.450817,1.714990,0.000000,193.000000,4.000000,,,,0.000000,4.000000,4.000000,4.000000,4.000000,4.000000,4.000000,4.000000,4.000000,4.000000,4.000000,4.000000,4.000000,4.000000,4.000000,4.000000,4.000000,4.000000,4.000000,2.000000,4.000000,4.000000,4.000000,4.000000,4.000000,4.000000,4.000000,4.000000,4.000000,4.000000,4.000000,4.000000,4.000000,83.333336
1614076780.505638,86.000000,0.000000,-4.684487,-4.847903,2.629445,-0.675213,14.355847,4.941002,-9.767964,2.939208,-11.352165,-6.142267,8.876990,7.040199,-2.636169,6.367556,-1.567242,54.689243,-2.457878,20.725840,10.180550,-8.131382,-3.886647,0.674461,-3.307338,8.484074,-3.571449,-3.061481,7.602050,1.343283,-0.391032,3.161707,-6.444366,8.379942,0.000000,192.000000,4.000000,,,,0.000000,4.000000,4.000000,4.000000,4.000000,4.000000,4.000000,4.000000,4.000000,4.000000,4.000000,4.000000,4.000000,4.000000,4.000000,4.000000,4.000000,4.000000,4.000000,2.000000,4.000000,4.000000,4.000000,4.000000,4.000000,4.000000,4.000000,4.000000,4.000000,4.000000,4.000000,4.000000,4.000000,83.333336
1614076780.513487,87.000000,0.000000,-5.192623,-9.971260,-8.142415,-1.187358,13.315850,-1.217785,-8.732555,1.397807,-11.340813,-6.136124,10.406575,5.494697,-2.633533,3.797086,2.536890,45.403786,-2.968241,8.397421,-6.239887,-5.046327,-3.882760,-0.864675,-3.304030,11.039692,-3.567878,-3.058419,6.568807,0.829119,-0.390641,2.645725,-6.950742,-0.346387,0.000000,196.000000,4.000000,,,,0.000000,4.000000,4.000000,4.000000,4.000000,4.000000,4.000000,4.000000,4.000000,4.000000,4.000000,4.000000,4.000000,4.000000,4.000000,4.000000,4.000000,4.000000,4.000000,2.000000,4.000000,4.000000,4.000000,4.000000,4.000000,4.000000,4.000000,4.000000,4.000000,4.000000,4.000000,4.000000,4.000000,83.333336
1614076780.521236,88.000000,0.000000,-5.187431,-12.012570,-19.416325,-4.263094,2.020483,-6.857593,-7.698182,-4.244616,-10.303831,-9.719732,9.370527,4.976382,-5.707823,-5.950301,0.483071,26.384022,-3.478093,-12.636618,-20.079802,-5.554101,-3.878877,2.725934,-3.300726,12.054294,-3.564310,-3.055361,6.049418,0.828290,-0.390250,-0.433844,-6.430971,-9.576810,0.000000,184.000000,4.000000,,,,0.000000,4.000000,4.000000,4.000000,4.000000,4.000000,4.000000,4.000000,4.000000,4.000000,4.000000,4.000000,4.000000,4.000000,4.000000,4.000000,4.000000,4.000000,4.000000,2.000000,4.000000,4.000000,4.000000,4.000000,4.000000,4.000000,4.000000,4.000000,4.000000,4.000000,4.000000,4.000000,4.000000,83.333336
1614076780.529085,89.000000,0.000000,-4.669423,-9.436456,-21.448189,-7.335754,-10.802050,-7.363556,-7.177663,-0.137807,-13.883271,-12.786935,10.386798,5.484226,-4.676474,-10.559735,3.046690,30.460201,-2.448974,-2.367571,-7.752029,-4.522906,-3.362178,10.415516,-3.297426,11.529419,-8.176130,-3.052305,7.581830,1.853103,0.122960,-5.048795,-5.911719,-10.592875,0.000000,206.000000,4.000000,,,,0.000000,4.000000,4.000000,4.000000,4.000000,4.000000,4.000000,4.000000,4.000000,4.000000,4.000000,4.000000,4.000000,4.000000,4.000000,4.000000,4.000000,4.000000,4.000000,2.000000,4.000000,4.000000,4.000000,4.000000,4.000000,4.000000,4.000000,4.000000,4.000000,4.000000,4.000000,4.000000,4.000000,83.333336
1614076780.536834,90.000000,0.000000,-6.203215,-10.965481,-19.375460,-8.354059,-13.868171,-14.535680,-14.862794,-4.753054,-20.536055,-14.312610,10.376411,0.350537,-8.261541,-9.010714,-1.058921,35.557945,-2.959346,16.096334,-1.077610,-6.056845,-3.358815,10.405100,-3.294128,11.517889,-14.834620,-3.049253,3.984504,-1.225674,-0.902804,-8.120669,-10.008372,-16.223307,0.000000,116.000000,4.000000,,,,0.000000,4.000000,4.000000,4.000000,4.000000,4.000000,4.000000,4.000000,4.000000,4.000000,4.000000,4.000000,4.000000,4.000000,4.000000,4.000000,4.000000,4.000000,4.000000,2.000000,4.000000,4.000000,4.000000,4.000000,4.000000,4.000000,4.000000,4.000000,4.000000,4.000000,4.000000,4.000000,4.000000,83.333336
1614076780.544683,91.000000,0.000000,-10.812396,-16.595541,-20.381725,-9.884167,-12.828662,-22.726273,-23.565880,-18.594456,-21.028339,-14.811118,5.750650,-6.829301,-15.945587,-11.052985,-14.391195,22.701876,-7.571771,-3.919761,-16.973969,-11.178993,-4.893918,3.728028,-3.803654,12.019192,-15.332606,-3.559024,-3.198967,-5.327012,-2.953183,-8.625369,-16.152210,-22.360929,0.000000,197.000000,4.000000,,,,0.000000,4.000000,4.000000,4.000000,4.000000,4.000000,4.000000,4.000000,4.000000,4.000000,4.000000,4.000000,4.000000,4.000000,4.000000,4.000000,4.000000,4.000000,4.000000,2.000000,4.000000,4.000000,4.000000,4.000000,4.000000,4.000000,4.000000,4.000000,4.000000,4.000000,4.000000,4.000000,4.000000,83.333336
1614076780.552432,92.000000,0.000000,-13.365686,-16.578945,-20.361343,-11.925565,-12.303013,-22.190725,-19.439749,-14.473296,-18.956028,-12.745025,3.693618,-4.258369,-13.878360,-7.452188,-10.787060,28.320200,-9.615481,-10.582508,-17.469814,-6.039609,-3.863383,3.724300,-2.261389,11.494352,-11.214709,-2.529824,-1.144486,-4.808865,-4.488691,-8.616744,-18.187340,-19.774466,0.000000,169.000000,4.000000,,,,0.000000,4.000000,4.000000,4.000000,4.000000,4.000000,4.000000,4.000000,4.000000,4.000000,4.000000,4.000000,4.000000,4.000000,4.000000,4.000000,4.000000,4.000000,4.000000,2.000000,4.000000,4.000000,4.000000,4.000000,4.000000,4.000000,4.000000,4.000000,4.000000,4.000000,4.000000,4.000000,4.000000,83.333336
1614076780.560281,93.000000,0.000000,-11.813859,-9.382879,-19.828161,-9.862357,-8.700966,-19.091612,-9.676720,0.925792,-18.937073,-6.065613,7.792488,6.002300,-6.172174,4.350135,8.198086,53.932903,-7.041763,19.684484,-3.606191,1.145918,-2.833879,4.746217,-0.207846,11.482858,-8.639393,0.036808,6.036145,-2.239953,-3.971382,-8.608127,-17.143511,-18.216230,0.000000,172.000000,4.000000,,,,0.000000,4.000000,4.000000,4.000000,4.000000,4.000000,4.000000,4.000000,4.000000,4.000000,4.000000,4.000000,4.000000,4.000000,4.000000,4.000000,4.000000,4.000000,4.000000,2.000000,4.000000,4.000000,4.000000,4.000000,4.000000,4.000000,4.000000,4.000000,4.000000,4.000000,4.000000,4.000000,4.000000,83.333336
1614076780.568030,94.000000,0.000000,-9.237943,-5.783752,-19.808332,-7.801213,-6.128162,-15.995597,-7.615761,3.488969,-13.789930,-1.956983,10.861619,10.098862,-4.627540,10.499632,15.369375,59.519997,-6.521901,24.793005,-3.602585,-4.496254,-10.010532,2.177368,0.818003,11.984196,-7.605112,1.062412,7.568571,-2.750534,-3.967411,-8.086699,-17.126368,-20.762117,0.000000,158.000000,4.000000,,,,0.000000,4.000000,4.000000,4.000000,4.000000,4.000000,4.000000,4.000000,4.000000,4.000000,4.000000,4.000000,4.000000,4.000000,4.000000,4.000000,4.000000,4.000000,4.000000,2.000000,4.000000,4.000000,4.000000,4.000000,4.000000,4.000000,4.000000,4.000000,4.000000,4.000000,4.000000,4.000000,4.000000,83.333336
1614076780.575879,95.000000,0.000000,-8.715884,-6.803610,-19.788525,-7.793411,-3.557932,-14.441139,-8.633786,-0.617084,-7.622294,-2.980667,9.312295,8.550301,-6.161374,8.950670,11.764262,61.511761,-7.541020,22.204109,4.093325,-6.543040,-14.103086,8.329037,0.304364,10.433750,-7.597507,0.548529,6.022541,-3.260604,-3.450623,-8.078611,-18.134882,-21.254175,0.000000,177.000000,4.000000,,,,0.000000,4.000000,4.000000,4.000000,4.000000,4.000000,4.000000,4.000000,4.000000,4.000000,4.000000,4.000000,4.000000,4.000000,4.000000,4.000000,4.000000,4.000000,4.000000,2.000000,4.000000,4.000000,4.000000,4.000000,4.000000,4.000000,4.000000,4.000000,4.000000,4.000000,4.000000,4.000000,4.000000,83.333336
1614076780.583628,96.000000,0.000000,-8.707169,-6.796806,-19.768736,-8.298439,3.625113,-14.426699,-8.112332,-0.103646,-7.101851,-2.464866,9.302983,9.054571,-5.642392,10.480181,12.778139,81.963066,-4.456556,52.438316,19.986668,5.771195,-4.345393,17.551477,0.304060,7.859213,-7.589910,0.547981,7.042159,-2.744522,-3.959993,-8.583353,-17.091106,-20.207279,8064.000000,0.000000,4.000000,,,,0.000000,4.000000,4.000000,4.000000,4.000000,4.000000,4.000000,4.000000,4.000000,4.000000,4.000000,4.000000,4.000000,4.000000,4.000000,4.000000,4.000000,4.000000,4.000000,2.000000,4.000000,4.000000,4.000000,4.000000,4.000000,4.000000,4.000000,4.000000,4.000000,4.000000,4.000000,4.000000,4.000000,83.333336
1614076780.591378,97.000000,0.000000,-9.211282,-6.277189,-19.748968,-8.290140,10.800976,-10.309708,-7.591399,1.434919,-6.581929,0.614522,10.319322,9.558337,-4.098288,14.059444,13.278181,83.932388,-3.939279,54.949982,12.787193,10.893630,4.889722,11.892900,0.303756,7.338534,-7.069499,0.547433,5.496655,-2.741778,-3.956033,-8.061950,-16.561195,-22.238354,8064.000000,0.000000,4.000000,,,,0.000000,4.000000,4.000000,4.000000,4.000000,4.000000,4.000000,4.000000,4.000000,4.000000,4.000000,4.000000,4.000000,4.000000,4.000000,4.000000,4.000000,4.000000,4.000000,2.000000,4.000000,4.000000,4.000000,4.000000,4.000000,4.000000,4.000000,4.000000,4.000000,4.000000,4.000000,4.000000,4.000000,83.333336
1614076780.599127,98.000000,0.000000,-8.689250,-6.270912,-19.729218,-7.769030,12.841456,-3.632731,-8.096628,0.920663,-3.498424,1.639548,9.796182,9.035958,-6.145472,13.532564,10.700800,61.284351,-7.012263,25.664261,-2.610209,5.241710,3.859191,2.650238,0.303452,7.844016,-7.575250,-1.504397,2.927056,-2.739036,-2.413615,-9.079529,-21.160019,-25.293039,8064.000000,0.000000,4.000000,,,,0.000000,4.000000,4.000000,4.000000,4.000000,4.000000,4.000000,4.000000,4.000000,4.000000,4.000000,4.000000,4.000000,4.000000,4.000000,4.000000,4.000000,4.000000,4.000000,2.000000,4.000000,4.000000,4.000000,4.000000,4.000000,4.000000,4.000000,4.000000,4.000000,4.000000,4.000000,4.000000,4.000000,83.333336
1614076780.606776,99.000000,0.000000,-8.167740,-6.264641,-19.196669,-8.786901,13.341435,-2.090637,-8.088531,0.406922,-3.494925,0.099447,9.786386,9.026922,-3.575224,13.006211,8.638818,55.582043,-4.953968,30.766802,-0.556317,5.236469,2.829691,6.750152,-0.209672,7.323351,-7.567675,-4.066995,2.924129,-2.736297,-6.000945,-13.173014,-27.805525,-29.370310,8064.000000,0.000000,4.000000,,,,0.000000,4.000000,4.000000,4.000000,4.000000,4.000000,4.000000,4.000000,4.000000,4.000000,4.000000,4.000000,4.000000,4.000000,4.000000,4.000000,4.000000,4.000000,4.000000,2.000000,4.000000,4.000000,4.000000,4.000000,4.000000,4.000000,4.000000,4.000000,4.000000,4.000000,4.000000,4.000000,4.000000,83.333336
1614076780.614525,100.000000,0.000000,-9.185213,-7.796838,-19.690292,-10.829396,14.353735,-3.114187,-8.080443,0.919336,-4.004251,0.612168,10.289419,9.530716,4.633480,17.095770,10.681460,69.885437,0.179191,45.607830,4.059624,10.359437,4.878143,12.897247,0.816179,7.828848,-7.560107,-6.114210,3.434026,-2.733561,-15.225714,-17.775225,-29.316181,-34.981964,8064.000000,0.000000,4.000000,,,,0.000000,4.000000,4.000000,4.000000,4.000000,4.000000,4.000000,4.000000,4.000000,4.000000,4.000000,4.000000,4.000000,4.000000,4.000000,4.000000,4.000000,4.000000,4.000000,2.000000,4.000000,4.000000,4.000000,4.000000,4.000000,4.000000,4.000000,4.000000,4.000000,4.000000,4.000000,4.000000,4.000000,83.333336
1614076780.622174,101.000000,0.000000,-8.663208,-9.840322,-19.670603,-12.357029,13.313741,-2.598253,-8.072363,7.072263,-4.000247,3.688479,9.766310,9.521185,10.782692,22.719700,16.824625,81.097603,2.230294,33.767349,2.517103,10.861898,4.360445,11.345889,2.866645,7.821020,-7.552547,-7.133737,2.917771,-2.730827,-18.800232,-19.808731,-27.748404,-39.562370,8064.000000,0.000000,4.000000,,,,0.000000,4.000000,4.000000,4.000000,4.000000,4.000000,4.000000,4.000000,4.000000,4.000000,4.000000,4.000000,4.000000,4.000000,4.000000,4.000000,4.000000,4.000000,4.000000,2.000000,4.000000,4.000000,4.000000,4.000000,4.000000,4.000000,4.000000,4.000000,4.000000,4.000000,4.000000,4.000000,4.000000,83.333336
1614076780.629923,102.000000,0.000000,-3.013519,-10.343303,-19.138111,-11.831851,13.813247,-2.595654,-5.500188,13.219036,-3.996247,4.710432,9.756543,8.486023,11.284730,16.030313,14.756518,66.144707,0.689602,18.861788,-0.049516,6.748472,3.843263,9.796082,4.402240,7.300378,-7.544994,-6.100962,2.914853,-2.728096,-14.678867,-18.763283,-28.233475,-39.009987,8064.000000,0.000000,4.000000,,,,0.000000,4.000000,4.000000,4.000000,4.000000,4.000000,4.000000,4.000000,4.000000,4.000000,4.000000,4.000000,4.000000,4.000000,4.000000,4.000000,4.000000,4.000000,4.000000,2.000000,4.000000,4.000000,4.000000,4.000000,4.000000,4.000000,4.000000,4.000000,4.000000,4.000000,4.000000,4.000000,4.000000,83.333336
1614076780.637572,103.000000,0.000000,3.656161,-10.845780,-20.657434,-11.307199,13.799434,-2.593059,-3.443406,9.616074,-3.479430,2.141619,10.259607,10.528819,4.093958,0.629667,3.972532,36.847794,0.688912,6.535234,0.976174,6.741724,3.839420,14.401670,4.397838,9.344359,-7.024629,-6.094861,2.911938,-2.725368,-15.689829,-15.667596,-28.718061,-39.483795,8064.000000,0.000000,4.000000,,,,0.000000,4.000000,4.000000,4.000000,4.000000,4.000000,4.000000,4.000000,4.000000,4.000000,4.000000,4.000000,4.000000,4.000000,4.000000,4.000000,4.000000,4.000000,4.000000,2.000000,4.000000,4.000000,4.000000,4.000000,4.000000,4.000000,4.000000,4.000000,4.000000,4.000000,4.000000,4.000000,4.000000,83.333336
1614076780.645321,104.000000,0.000000,1.088403,-13.399037,-23.200880,-12.834353,11.734352,-3.616107,-5.491244,-1.162773,-5.014412,0.088195,6.659604,8.467009,-10.269110,-7.063270,-3.723749,38.862228,-1.875879,4.990237,4.564941,5.196521,2.297119,15.412910,1.829337,11.386297,-7.017604,-12.755433,-0.167897,-2.722643,-20.802345,-15.651928,-28.176523,-45.085339,8064.000000,0.000000,4.000000,,,,0.000000,4.000000,4.000000,4.000000,4.000000,4.000000,4.000000,4.000000,4.000000,4.000000,4.000000,4.000000,4.000000,4.000000,4.000000,4.000000,4.000000,4.000000,4.000000,2.000000,4.000000,4.000000,4.000000,4.000000,4.000000,4.000000,4.000000,4.000000,4.000000,4.000000,4.000000,4.000000,4.000000,83.333336
1614076780.652971,105.000000,0.000000,-4.553711,-14.411279,-23.690500,-15.385621,9.158515,-6.689414,-8.049855,-7.828277,-7.573500,0.600928,2.550380,-2.823510,-25.130636,-6.543386,-13.463614,48.566956,-9.053491,15.754478,-4.670393,-7.629189,-3.346204,6.166727,-2.275056,7.785167,-9.061869,-17.870882,-3.244652,-2.719920,-22.320004,-20.764481,-28.148348,-46.578712,8064.000000,0.000000,4.000000,,,,0.000000,4.000000,4.000000,4.000000,4.000000,4.000000,4.000000,4.000000,4.000000,4.000000,4.000000,4.000000,4.000000,4.000000,4.000000,4.000000,4.000000,4.000000,4.000000,2.000000,4.000000,4.000000,4.000000,4.000000,4.000000,4.000000,4.000000,4.000000,4.000000,4.000000,4.000000,4.000000,4.000000,83.333336
1614076780.660720,106.000000,0.000000,-5.574799,-13.884048,-21.102707,-15.883057,9.149357,-7.195545,-5.990524,-10.384551,-8.078747,0.087506,1.522189,-8.974533,-30.233711,-9.100945,-27.296305,17.749159,-14.685463,3.431031,-16.973415,-20.954893,-9.496703,-6.659952,-4.324063,3.674818,-11.616909,-15.801729,-5.292689,-2.717201,-22.297684,-23.307819,-28.120199,-39.352650,8064.000000,0.000000,4.000000,,,,0.000000,4.000000,4.000000,4.000000,4.000000,4.000000,4.000000,4.000000,4.000000,4.000000,4.000000,4.000000,4.000000,4.000000,4.000000,4.000000,4.000000,4.000000,4.000000,2.000000,4.000000,4.000000,4.000000,4.000000,4.000000,4.000000,4.000000,4.000000,4.000000,4.000000,4.000000,4.000000,4.000000,83.333336
1614076780.668369,107.000000,0.000000,-5.056404,-13.870163,-19.030321,-14.841532,9.653028,-7.188349,-3.933251,-10.886987,-8.070668,-2.989505,2.546308,-4.350173,-23.536810,-11.655947,-21.627983,8.500640,-14.157957,-8.367272,-3.110287,-17.344194,-10.512848,-9.217395,-3.294098,3.671143,-11.092472,-13.221826,-5.287396,-2.714483,-22.275387,-22.771690,-28.092079,-34.697910,8064.000000,0.000000,4.000000,,,,0.000000,4.000000,4.000000,4.000000,4.000000,4.000000,4.000000,4.000000,4.000000,4.000000,4.000000,4.000000,4.000000,4.000000,4.000000,4.000000,4.000000,4.000000,4.000000,2.000000,4.000000,4.000000,4.000000,4.000000,4.000000,4.000000,4.000000,4.000000,4.000000,4.000000,4.000000,4.000000,4.000000,83.333336
1614076780.676118,108.000000,0.000000,-4.538527,-13.856293,-20.036932,-15.852332,8.617734,-8.206801,-4.954959,-10.876101,-8.575418,-4.012156,3.056582,-1.781721,-10.692760,-6.003265,-1.093534,41.312653,-11.066875,20.359043,18.431284,-7.070440,-5.886950,-5.618434,-0.726701,4.180293,-11.081380,-14.234244,-0.666724,-2.711769,-20.714649,-22.748919,-28.576807,-35.176033,8064.000000,0.000000,4.000000,,,,0.000000,4.000000,4.000000,4.000000,4.000000,4.000000,4.000000,4.000000,4.000000,4.000000,4.000000,4.000000,4.000000,4.000000,4.000000,4.000000,4.000000,4.000000,4.000000,2.000000,4.000000,4.000000,4.000000,4.000000,4.000000,4.000000,4.000000,4.000000,4.000000,4.000000,4.000000,4.000000,4.000000,83.333336
1614076780.683767,109.000000,0.000000,-2.482706,-13.842437,-18.478434,-15.836479,9.121937,-3.070390,-4.437183,-11.378044,-2.412997,-1.956862,6.643269,-1.267119,-4.015401,0.156584,6.087046,44.861084,-7.466065,32.646378,17.387213,-5.524908,-3.316961,-2.023072,3.889410,4.176112,-12.095939,-14.220010,5.487789,-2.709057,-19.155474,-22.213350,-27.522589,-34.628036,8064.000000,0.000000,4.000000,,,,0.000000,4.000000,4.000000,4.000000,4.000000,4.000000,4.000000,4.000000,4.000000,4.000000,4.000000,4.000000,4.000000,4.000000,4.000000,4.000000,4.000000,4.000000,4.000000,2.000000,4.000000,4.000000,4.000000,4.000000,4.000000,4.000000,4.000000,4.000000,4.000000,4.000000,4.000000,4.000000,4.000000,83.333336
1614076780.691516,110.000000,0.000000,-1.454582,-13.828594,-13.331750,-9.666797,13.215379,7.701911,-1.355823,-9.828205,5.794545,0.096377,11.764831,4.887995,-5.037026,2.720530,1.465575,19.688017,-3.356035,4.921423,9.677517,-6.032204,-3.826464,2.081515,6.449623,8.274501,-9.519741,-11.641687,7.533583,-3.219168,-17.085035,-19.627033,-24.930964,-34.593410,8064.000000,0.000000,4.000000,,,,0.000000,4.000000,4.000000,4.000000,4.000000,4.000000,4.000000,4.000000,4.000000,4.000000,4.000000,4.000000,4.000000,4.000000,4.000000,4.000000,4.000000,4.000000,4.000000,2.000000,4.000000,4.000000,4.000000,4.000000,4.000000,4.000000,4.000000,4.000000,4.000000,4.000000,4.000000,4.000000,4.000000,83.333336
1614076780.699165,111.000000,0.000000,-0.427487,-13.814766,-11.267137,-5.041745,17.304728,12.822414,-0.328826,-4.690172,7.840032,0.609101,13.804348,10.011312,-4.519169,4.256271,2.489750,41.719612,-2.327038,2.865220,7.616558,-5.000530,-3.822638,6.694818,8.494455,11.855969,-4.894836,-9.065944,6.500408,-2.190308,-13.478207,-19.094585,-23.880392,-35.071636,8064.000000,0.000000,4.000000,,,,0.000000,4.000000,4.000000,4.000000,4.000000,4.000000,4.000000,4.000000,4.000000,4.000000,4.000000,4.000000,4.000000,4.000000,4.000000,4.000000,4.000000,4.000000,4.000000,2.000000,4.000000,4.000000,4.000000,4.000000,4.000000,4.000000,4.000000,4.000000,4.000000,4.000000,4.000000,4.000000,4.000000,83.333336
1614076780.707014,112.000000,0.000000,2.137043,-13.800951,-12.281510,-4.523883,17.287422,11.271131,-0.841318,-2.121379,6.806551,0.608492,13.277723,9.488480,-4.001829,4.764835,3.000081,56.549686,-2.837532,21.836714,6.583300,-4.995530,-3.305995,8.739406,11.562884,11.844113,-3.351480,-9.569698,7.006728,0.375985,-9.874985,-18.562672,-23.343691,-30.934000,8064.000000,0.000000,4.000000,,,,0.000000,4.000000,4.000000,4.000000,4.000000,4.000000,4.000000,4.000000,4.000000,4.000000,4.000000,4.000000,4.000000,4.000000,4.000000,4.000000,4.000000,4.000000,4.000000,2.000000,4.000000,4.000000,4.000000,4.000000,4.000000,4.000000,4.000000,4.000000,4.000000,4.000000,4.000000,4.000000,4.000000,83.333336
1614076780.714763,113.000000,0.000000,2.647727,-13.787150,-12.269229,-1.442436,16.244495,11.259859,-0.840477,-3.144899,7.312565,0.607884,13.264445,8.966171,-7.074750,1.683147,-2.643945,28.800829,-2.321873,18.737953,11.192101,-5.503355,-3.815509,6.166564,8.987219,11.319448,-3.348128,-10.072948,6.999722,1.401250,-10.377931,-16.492826,-20.756245,-24.749220,8064.000000,0.000000,4.000000,,,,0.000000,4.000000,4.000000,4.000000,4.000000,4.000000,4.000000,4.000000,4.000000,4.000000,4.000000,4.000000,4.000000,4.000000,4.000000,4.000000,4.000000,4.000000,4.000000,2.000000,4.000000,4.000000,4.000000,4.000000,4.000000,4.000000,4.000000,4.000000,4.000000,4.000000,4.000000,4.000000,4.000000,83.333336
1614076780.722612,114.000000,0.000000,2.132259,-13.773363,-11.744139,-1.440994,16.741070,11.761420,-0.839636,-3.654574,7.305253,0.094455,13.251181,8.957205,-8.093317,2.194284,-0.590019,33.387413,-3.858013,17.180754,8.616807,-5.497851,-4.324514,1.032192,1.798744,11.308129,-3.857601,-9.550056,5.967081,0.887028,-10.880373,-19.040436,-19.709848,-25.237291,8064.000000,0.000000,4.000000,,,,0.000000,4.000000,4.000000,4.000000,4.000000,4.000000,4.000000,4.000000,4.000000,4.000000,4.000000,4.000000,4.000000,4.000000,4.000000,4.000000,4.000000,4.000000,4.000000,2.000000,4.000000,4.000000,4.000000,4.000000,4.000000,4.000000,4.000000,4.000000,4.000000,4.000000,4.000000,4.000000,4.000000,83.333336
1614076780.730362,115.000000,0.000000,2.130126,-13.759589,-12.245215,-6.567758,16.724329,11.749659,-0.838797,-1.599638,6.785127,0.094361,13.237929,8.948248,-5.521121,6.807475,8.128520,60.020691,-6.418258,24.343061,-8.827707,-7.030815,-5.345831,-0.507302,-0.254337,11.809642,-6.417846,-10.053326,7.499575,0.886141,-10.356672,-23.123960,-22.254240,-29.827438,8064.000000,0.000000,4.000000,,,,0.000000,4.000000,4.000000,4.000000,4.000000,4.000000,4.000000,4.000000,4.000000,4.000000,4.000000,4.000000,4.000000,4.000000,4.000000,4.000000,4.000000,4.000000,4.000000,2.000000,4.000000,4.000000,4.000000,4.000000,4.000000,4.000000,4.000000,4.000000,4.000000,4.000000,4.000000,4.000000,4.000000,83.333336
1614076780.738210,116.000000,0.000000,2.127996,-14.258651,-12.232970,-6.048369,16.707605,14.302011,-0.837958,0.453244,7.291162,0.607087,13.224691,8.939300,-4.489959,1.672462,4.530648,50.729900,-6.924660,15.087949,-13.434264,-8.562246,-7.391767,0.518847,-0.254082,10.772191,-11.026813,-14.145837,4.415153,0.885255,-10.346315,-22.588015,-24.283268,-30.823252,8064.000000,0.000000,4.000000,,,,0.000000,4.000000,4.000000,4.000000,4.000000,4.000000,4.000000,4.000000,4.000000,4.000000,4.000000,4.000000,4.000000,4.000000,4.000000,4.000000,4.000000,4.000000,4.000000,2.000000,4.000000,4.000000,4.000000,4.000000,4.000000,4.000000,4.000000,4.000000,4.000000,4.000000,4.000000,4.000000,4.000000,83.333336
1614076780.745960,117.000000,0.000000,2.125868,-13.731571,-12.220737,-0.401296,16.690897,13.774889,-0.837120,0.452791,5.232589,-0.419161,12.185826,7.904719,-5.511110,-7.559979,-6.243114,39.397121,-7.430556,6.354912,-1.113138,-10.604965,-8.922836,-0.507313,-3.330751,7.171675,-12.041427,-18.234255,-2.768750,0.884369,-10.848789,-22.565428,-24.258986,-30.792429,8064.000000,0.000000,4.000000,,,,0.000000,4.000000,4.000000,4.000000,4.000000,4.000000,4.000000,4.000000,4.000000,4.000000,4.000000,4.000000,4.000000,4.000000,4.000000,4.000000,4.000000,4.000000,4.000000,2.000000,4.000000,4.000000,4.000000,4.000000,4.000000,4.000000,4.000000,4.000000,4.000000,4.000000,4.000000,4.000000,4.000000,83.333336
1614076780.753809,118.000000,0.000000,2.123742,-11.666557,-12.208516,-0.913715,16.161386,11.197012,-0.836283,0.452338,3.688895,1.119720,14.224922,8.922456,-3.967137,-0.372932,-3.159948,50.126953,-6.910305,18.656250,2.990539,-9.055900,-3.272888,-0.506806,-3.840241,4.087581,-9.978104,-17.190380,-3.278802,0.883485,-10.837941,-23.055683,-23.721905,-31.274458,8064.000000,0.000000,4.000000,,,,0.000000,4.000000,4.000000,4.000000,4.000000,4.000000,4.000000,4.000000,4.000000,4.000000,4.000000,4.000000,4.000000,4.000000,4.000000,4.000000,4.000000,4.000000,4.000000,2.000000,4.000000,4.000000,4.000000,4.000000,4.000000,4.000000,4.000000,4.000000,4.000000,4.000000,4.000000,4.000000,4.000000,83.333336
1614076780.761558,119.000000,0.000000,2.121619,-9.603609,-12.196308,-0.399981,16.658045,10.672994,-0.835446,0.964706,5.736488,8.298087,18.826082,13.528917,-1.399068,17.576159,8.125263,51.615288,-0.749548,32.483746,4.013190,0.696746,8.525256,3.083444,-0.246657,3.570673,-5.865561,-12.044984,2.365503,0.882602,-10.827103,-18.930063,-24.211004,-27.140619,8064.000000,0.000000,4.000000,,,,0.000000,4.000000,4.000000,4.000000,4.000000,4.000000,4.000000,4.000000,4.000000,4.000000,4.000000,4.000000,4.000000,4.000000,4.000000,4.000000,4.000000,4.000000,4.000000,2.000000,4.000000,4.000000,4.000000,4.000000,4.000000,4.000000,4.000000,4.000000,4.000000,4.000000,4.000000,4.000000,4.000000,83.333336
1614076780.769407,120.000000,0.000000,2.119497,-9.594006,-12.184112,1.651702,19.205490,11.687962,-0.834611,0.963742,7.269213,12.392353,20.858538,16.592312,-0.884848,21.661146,10.168421,45.409828,4.379406,29.374340,8.624561,9.413999,11.593655,3.593181,0.779230,4.079922,-3.295593,-9.468837,3.388778,0.881719,-10.816276,-14.808569,-24.186792,-22.498093,8064.000000,0.000000,4.000000,,,,0.000000,4.000000,4.000000,4.000000,4.000000,4.000000,4.000000,4.000000,4.000000,4.000000,4.000000,4.000000,4.000000,4.000000,4.000000,4.000000,4.000000,4.000000,4.000000,2.000000,4.000000,4.000000,4.000000,4.000000,4.000000,4.000000,4.000000,4.000000,4.000000,4.000000,4.000000,4.000000,4.000000,83.333336
1614076780.777156,121.000000,0.000000,2.630198,-10.097232,-11.659107,-3.990976,20.724747,12.189095,-0.320956,1.475598,7.774764,12.379961,20.837679,16.575720,-0.883963,12.921536,8.619790,40.236214,4.887847,17.550095,7.590296,8.378943,5.428215,-1.025796,0.778451,4.075842,-3.292297,-9.459368,3.898210,0.880837,-10.292639,-14.280939,-24.162607,-28.116621,8064.000000,0.000000,4.000000,,,,0.000000,4.000000,4.000000,4.000000,4.000000,4.000000,4.000000,4.000000,4.000000,4.000000,4.000000,4.000000,4.000000,4.000000,4.000000,4.000000,4.000000,4.000000,4.000000,2.000000,4.000000,4.000000,4.000000,4.000000,4.000000,4.000000,4.000000,4.000000,4.000000,4.000000,4.000000,4.000000,4.000000,83.333336
1614076780.785005,122.000000,0.000000,2.627568,-9.574314,-12.673089,-9.115190,20.191200,9.612803,-0.833455,3.525405,6.741348,12.367580,20.816841,16.559143,-0.883079,8.806051,10.662453,26.862642,7.959883,12.917159,7.582705,5.806462,4.397145,-2.050411,0.264852,4.071766,-2.776185,-9.962729,6.458415,0.879956,-10.282347,-14.266659,-24.138443,-36.293633,8064.000000,0.000000,4.000000,,,,0.000000,4.000000,4.000000,4.000000,4.000000,4.000000,4.000000,4.000000,4.000000,4.000000,4.000000,4.000000,4.000000,4.000000,4.000000,4.000000,4.000000,4.000000,4.000000,2.000000,4.000000,4.000000,4.000000,4.000000,4.000000,4.000000,4.000000,4.000000,4.000000,4.000000,4.000000,4.000000,4.000000,83.333336
1614076780.792754,123.000000,0.000000,2.112120,-9.564740,-11.634775,-5.516331,20.683830,7.551908,-0.832622,5.060341,5.196146,9.791111,19.770384,16.542585,-1.395017,9.310065,8.600509,21.194756,7.951923,9.314498,3.472559,5.800655,3.879927,2.054203,0.777408,4.580515,-4.311870,-9.439945,4.913495,0.879077,-10.784884,-15.790854,-24.114305,-31.641954,8064.000000,0.000000,4.000000,,,,0.000000,4.000000,4.000000,4.000000,4.000000,4.000000,4.000000,4.000000,4.000000,4.000000,4.000000,4.000000,4.000000,4.000000,4.000000,4.000000,4.000000,4.000000,4.000000,2.000000,4.000000,4.000000,4.000000,4.000000,4.000000,4.000000,4.000000,4.000000,4.000000,4.000000,4.000000,4.000000,4.000000,83.333336
1614076780.800603,124.000000,0.000000,3.135649,-9.555175,-9.059037,-4.997994,19.124685,8.569997,0.193852,0.952717,4.678129,4.140294,17.699331,14.474760,-0.367981,10.326396,3.463703,26.301765,1.277304,-4.540970,-15.505273,-1.384632,-3.303440,4.616251,1.289451,4.575935,-6.871661,-8.917685,4.395761,1.391018,-10.261279,-17.826345,-23.064550,-21.353903,8064.000000,0.000000,4.000000,,,,0.000000,4.000000,4.000000,4.000000,4.000000,4.000000,4.000000,4.000000,4.000000,4.000000,4.000000,4.000000,4.000000,4.000000,4.000000,4.000000,4.000000,4.000000,4.000000,2.000000,4.000000,4.000000,4.000000,4.000000,4.000000,4.000000,4.000000,4.000000,4.000000,4.000000,4.000000,4.000000,4.000000,83.333336
1614076780.808352,125.000000,0.000000,0.568410,-11.084082,-10.588440,-10.634022,12.951714,4.458863,-2.370445,-7.253365,0.058066,-2.017693,15.630350,12.921824,-2.931715,7.239147,1.408957,27.813925,-3.339358,-5.562070,-22.669254,-8.562735,-8.428341,3.585994,-3.840044,3.545718,-6.864789,-10.960050,0.801621,0.876806,-10.251018,-18.321339,-20.990204,-19.794086,8064.000000,0.000000,4.000000,,,,0.000000,4.000000,4.000000,4.000000,4.000000,4.000000,4.000000,4.000000,4.000000,4.000000,4.000000,4.000000,4.000000,4.000000,4.000000,4.000000,4.000000,4.000000,4.000000,2.000000,4.000000,4.000000,4.000000,4.000000,4.000000,4.000000,4.000000,4.000000,4.000000,4.000000,4.000000,4.000000,4.000000,83.333336
1614076780.816001,126.000000,0.000000,-7.124465,-13.637100,-15.706057,-12.674670,8.836198,-4.263545,-6.983459,-13.912778,-10.711223,-9.707983,9.460874,7.780696,-11.133911,-0.460400,-0.643734,37.016880,-4.361659,13.930672,-8.287611,-9.579813,-7.394272,-2.058618,-12.554152,5.080634,-10.960488,-16.077295,-12.019693,-1.175352,-14.856152,-22.405582,-19.943571,-25.928139,8064.000000,0.000000,4.000000,,,,0.000000,4.000000,4.000000,4.000000,4.000000,4.000000,4.000000,4.000000,4.000000,4.000000,4.000000,4.000000,4.000000,4.000000,4.000000,4.000000,4.000000,4.000000,4.000000,2.000000,4.000000,4.000000,4.000000,4.000000,4.000000,4.000000,4.000000,4.000000,4.000000,4.000000,4.000000,4.000000,4.000000,83.333336
1614076780.823750,127.000000,0.000000,-12.758367,-14.136283,-16.203171,-11.636354,8.827362,-8.361845,-9.027758,-14.411685,-15.828716,-14.313660,1.759105,-0.432212,-19.327906,-6.613786,-6.284116,40.056786,-10.511144,16.993664,-2.125477,-14.185618,-9.950980,-13.338611,-15.105700,3.024271,-21.718758,-17.599678,-19.187160,-3.225459,-18.431038,-29.049843,-19.923628,-27.953493,8064.000000,0.000000,4.000000,,,,0.000000,4.000000,4.000000,4.000000,4.000000,4.000000,4.000000,4.000000,4.000000,4.000000,4.000000,4.000000,4.000000,4.000000,4.000000,4.000000,4.000000,4.000000,4.000000,2.000000,4.000000,4.000000,4.000000,4.000000,4.000000,4.000000,4.000000,4.000000,4.000000,4.000000,4.000000,4.000000,4.000000,83.333336
1614076780.831599,0.000000,0.000000,-12.745608,-13.609326,-15.161327,-11.624718,9.331355,-6.815022,-7.993089,-14.397274,-12.735965,-14.812166,-2.345218,-4.534344,-21.359859,-7.119992,-11.406037,16.426987,-15.116017,5.181798,-9.815660,-16.735535,-15.069235,-16.915016,-13.039313,-6.209523,-27.338066,-17.069258,-10.450025,-3.222234,-17.899788,-30.559254,-19.903706,-26.387077,0.000000,188.000000,4.000000,,,,0.000000,4.000000,4.000000,4.000000,4.000000,4.000000,4.000000,4.000000,4.000000,4.000000,4.000000,4.000000,4.000000,4.000000,4.000000,4.000000,4.000000,4.000000,4.000000,2.000000,4.000000,4.000000,4.000000,4.000000,4.000000,4.000000,4.000000,4.000000,4.000000,4.000000,4.000000,4.000000,4.000000,83.333336
1614076780.839348,1.000000,0.000000,-12.220042,-13.595717,-16.684628,-12.125914,8.809203,-7.321027,-8.497916,-14.895697,-11.184768,-14.797354,-1.830053,-0.427246,-15.697474,-4.548770,-9.343349,7.692610,-8.947055,6.715078,-9.805844,-8.513671,-11.464421,-5.103229,-8.923710,-10.305877,-21.156881,-17.565010,-3.260088,-2.706191,-17.881887,-26.938951,-20.396622,-27.386332,0.000000,198.000000,4.000000,,,,0.000000,4.000000,4.000000,4.000000,4.000000,4.000000,4.000000,4.000000,4.000000,4.000000,4.000000,4.000000,4.000000,4.000000,4.000000,4.000000,4.000000,4.000000,4.000000,2.000000,4.000000,4.000000,4.000000,4.000000,4.000000,4.000000,4.000000,4.000000,4.000000,4.000000,4.000000,4.000000,4.000000,83.333336
1614076780.846997,2.000000,0.000000,-12.720643,-13.582122,-14.616660,-11.600967,8.800394,-5.775245,-7.976598,-11.803878,-11.173583,-13.756915,0.735880,4.188566,-3.374085,1.609625,1.435225,35.377224,4.395226,12.862209,-7.231936,-0.812850,-3.760649,8.235209,-2.760940,-3.628905,-12.417775,-14.983342,-3.769648,-2.703485,-17.864006,-22.296627,-19.863405,-27.871765,0.000000,216.000000,4.000000,,,,0.000000,4.000000,4.000000,4.000000,4.000000,4.000000,4.000000,4.000000,4.000000,4.000000,4.000000,4.000000,4.000000,4.000000,4.000000,4.000000,4.000000,4.000000,4.000000,2.000000,4.000000,4.000000,4.000000,4.000000,4.000000,4.000000,4.000000,4.000000,4.000000,4.000000,4.000000,4.000000,4.000000,83.333336
1614076780.854746,3.000000,0.000000,-12.707922,-13.568540,-8.961019,-11.076546,9.304414,-3.205367,-7.968621,-7.689510,-8.085485,-11.691876,2.273606,5.210019,0.731853,6.223400,9.638918,50.726463,10.544676,16.951912,-9.275986,-1.324858,-2.731248,11.303896,0.831565,1.502929,-9.841255,-10.352974,-2.227417,-3.213602,-15.282039,-18.684587,-19.843540,-27.331074,0.000000,203.000000,4.000000,,,,0.000000,4.000000,4.000000,4.000000,4.000000,4.000000,4.000000,4.000000,4.000000,4.000000,4.000000,4.000000,4.000000,4.000000,4.000000,4.000000,4.000000,4.000000,4.000000,2.000000,4.000000,4.000000,4.000000,4.000000,4.000000,4.000000,4.000000,4.000000,4.000000,4.000000,4.000000,4.000000,4.000000,83.333336
1614076780.862396,4.000000,0.000000,-12.182394,-13.554971,-8.952057,-12.091110,9.295110,-3.202162,-8.473473,-6.656180,-7.051759,-10.141724,1.758512,5.204809,-9.525289,5.191535,6.039536,46.573174,4.380285,30.268293,-5.164145,-1.836353,-3.754158,11.292592,0.317913,-0.037035,-11.882696,-8.804160,0.338913,-2.697568,-14.753937,-18.153082,-22.900621,-27.303741,0.000000,184.000000,4.000000,,,,0.000000,4.000000,4.000000,4.000000,4.000000,4.000000,4.000000,4.000000,4.000000,4.000000,4.000000,4.000000,4.000000,4.000000,4.000000,4.000000,4.000000,4.000000,4.000000,2.000000,4.000000,4.000000,4.000000,4.000000,4.000000,4.000000,4.000000,4.000000,4.000000,4.000000,4.000000,4.000000,4.000000,83.333336
1614076780.870145,5.000000,0.000000,-12.170211,-13.541416,-11.507208,-11.566198,9.285814,-2.686139,-6.413717,-4.598241,-7.557528,-8.593120,2.269573,5.712424,-16.182430,6.211985,2.956573,53.706085,-1.777941,37.930332,5.097429,-2.347337,-2.724762,12.306940,1.343236,-0.036998,-13.922095,-9.820996,0.338574,-0.130767,-17.303286,-18.647751,-23.390541,-27.789259,0.000000,198.000000,4.000000,,,,0.000000,4.000000,4.000000,4.000000,4.000000,4.000000,4.000000,4.000000,4.000000,4.000000,4.000000,4.000000,4.000000,4.000000,4.000000,4.000000,4.000000,4.000000,4.000000,2.000000,4.000000,4.000000,4.000000,4.000000,4.000000,4.000000,4.000000,4.000000,4.000000,4.000000,4.000000,4.000000,4.000000,83.333336
1614076780.877794,6.000000,0.000000,-12.158041,-13.527875,-9.957239,-10.016171,9.276528,-2.683453,-4.356022,-6.644925,-7.037150,-6.533245,2.780124,4.681071,-14.114965,5.180132,-0.123307,49.036995,-2.288984,24.559069,5.605152,-10.037297,-5.286140,4.602326,-1.735030,0.988680,-13.908174,-9.298355,0.338236,0.895004,-18.311623,-16.577820,-18.751766,-24.684547,0.000000,198.000000,4.000000,,,,0.000000,4.000000,4.000000,4.000000,4.000000,4.000000,4.000000,4.000000,4.000000,4.000000,4.000000,4.000000,4.000000,4.000000,4.000000,4.000000,4.000000,4.000000,4.000000,2.000000,4.000000,4.000000,4.000000,4.000000,4.000000,4.000000,4.000000,4.000000,4.000000,4.000000,4.000000,4.000000,4.000000,83.333336
1614076780.885543,7.000000,0.000000,-12.145883,-13.514347,-7.383179,-15.134360,9.267252,-8.321795,-7.428589,-19.971613,-8.568575,-6.013891,0.726062,2.112287,-17.690594,-3.030176,-10.892414,19.757191,-7.927720,-2.644978,-4.656864,-20.796492,-12.973162,-9.248430,-9.425603,0.474871,-13.894265,-9.289057,-3.251846,0.894109,-17.780491,-14.509960,-15.656091,-20.044477,0.000000,179.000000,4.000000,,,,0.000000,4.000000,4.000000,4.000000,4.000000,4.000000,4.000000,4.000000,4.000000,4.000000,4.000000,4.000000,4.000000,4.000000,4.000000,4.000000,4.000000,4.000000,4.000000,2.000000,4.000000,4.000000,4.000000,4.000000,4.000000,4.000000,4.000000,4.000000,4.000000,4.000000,4.000000,4.000000,4.000000,83.333336
1614076780.893192,8.000000,0.000000,-12.133738,-13.500833,-7.888617,-21.785892,9.257985,-14.467319,-11.523725,-24.567026,-11.124108,-6.520698,-0.813125,1.084534,-22.801109,-8.668172,-11.907163,10.506663,-14.073639,-23.667974,-10.806053,-24.878260,-18.088394,-12.316105,-8.903357,0.474396,-14.393191,-9.792588,-3.248594,1.406036,-17.249889,-14.495450,-16.666075,-19.511612,0.000000,195.000000,4.000000,,,,0.000000,4.000000,4.000000,4.000000,4.000000,4.000000,4.000000,4.000000,4.000000,4.000000,4.000000,4.000000,4.000000,4.000000,4.000000,4.000000,4.000000,4.000000,4.000000,2.000000,4.000000,4.000000,4.000000,4.000000,4.000000,4.000000,4.000000,4.000000,4.000000,4.000000,4.000000,4.000000,4.000000,83.333336
1614076780.900941,9.000000,0.000000,-12.121603,-13.487331,-8.393548,-19.200005,9.248727,-14.452852,-12.025021,-14.286050,-11.625805,-6.001357,-1.325133,2.621911,-19.188564,-6.608222,-0.613204,24.342310,-10.469821,-20.054562,-6.692683,-19.725176,-18.583126,-5.124301,-3.766248,0.473922,-14.378798,-9.782796,-0.168423,0.378989,-15.181357,-14.993775,-16.649410,-20.004921,0.000000,195.000000,4.000000,,,,0.000000,4.000000,4.000000,4.000000,4.000000,4.000000,4.000000,4.000000,4.000000,4.000000,4.000000,4.000000,4.000000,4.000000,4.000000,4.000000,4.000000,4.000000,4.000000,2.000000,4.000000,4.000000,4.000000,4.000000,4.000000,4.000000,4.000000,4.000000,4.000000,4.000000,4.000000,4.000000,4.000000,83.333336
1614076780.908590,10.000000,0.000000,-12.109482,-13.473845,-8.385155,-14.565419,9.239478,-13.925578,-10.987355,-18.887148,-11.101358,-7.533817,-3.887910,1.080827,-17.630915,-5.575972,-1.125412,24.830790,-6.356788,-6.701175,-9.250093,-13.038784,-18.051722,0.009028,-2.736841,0.473448,-14.364419,-9.773013,-4.783639,-2.185493,-13.627715,-14.978782,-16.119940,-17.420815,0.000000,215.000000,4.000000,,,,0.000000,4.000000,4.000000,4.000000,4.000000,4.000000,4.000000,4.000000,4.000000,4.000000,4.000000,4.000000,4.000000,4.000000,4.000000,4.000000,4.000000,4.000000,4.000000,2.000000,4.000000,4.000000,4.000000,4.000000,4.000000,4.000000,4.000000,4.000000,4.000000,4.000000,4.000000,4.000000,4.000000,83.333336
1614076780.916439,11.000000,0.000000,-12.097372,-13.460370,-7.863949,-14.550854,9.743059,-14.424474,-11.489188,-32.201595,-11.090258,-10.090385,-4.396842,-3.535638,-22.228668,-6.596037,-9.329414,27.370060,-9.427354,-5.156012,-21.035715,-14.051386,-18.546492,-1.529443,-3.759745,0.472974,-14.350055,-9.763240,-14.009624,-3.208948,-13.614087,-14.450982,-16.103819,-15.352111,0.000000,201.000000,4.000000,,,,0.000000,4.000000,4.000000,4.000000,4.000000,4.000000,4.000000,4.000000,4.000000,4.000000,4.000000,4.000000,4.000000,4.000000,4.000000,4.000000,4.000000,4.000000,4.000000,2.000000,4.000000,4.000000,4.000000,4.000000,4.000000,4.000000,4.000000,4.000000,4.000000,4.000000,4.000000,4.000000,4.000000,83.333336
1614076780.924188,12.000000,0.000000,-12.085275,-13.446910,-7.343265,-15.049124,8.707675,-13.384408,-11.477699,-23.451445,-11.079167,-10.080295,-1.828343,-6.609025,-23.232080,-5.050980,-5.730341,41.701664,-10.956388,-0.535471,-16.912115,-16.088617,-18.015123,-5.117657,-3.243165,0.472501,-14.335705,-9.753476,-13.482795,-2.692919,-14.113294,-13.923711,-16.087715,-15.336759,0.000000,192.000000,4.000000,,,,0.000000,4.000000,4.000000,4.000000,4.000000,4.000000,4.000000,4.000000,4.000000,4.000000,4.000000,4.000000,4.000000,4.000000,4.000000,4.000000,4.000000,4.000000,4.000000,2.000000,4.000000,4.000000,4.000000,4.000000,4.000000,4.000000,4.000000,4.000000,4.000000,4.000000,4.000000,4.000000,4.000000,83.333336
1614076780.932037,13.000000,0.000000,-12.073190,-13.433463,-10.412845,-14.521254,6.134865,-12.858203,-10.953401,-7.017736,-10.555267,-9.557394,-5.416258,-6.089596,-22.183207,-7.610031,-9.314355,22.172785,-9.406970,2.541987,2.079157,-15.046886,-17.997108,-9.727924,-2.727101,0.472029,-14.321369,-9.743723,-10.392388,-2.690226,-14.099180,-15.961069,-16.584448,-15.834243,0.000000,191.000000,4.000000,,,,0.000000,4.000000,4.000000,4.000000,4.000000,4.000000,4.000000,4.000000,4.000000,4.000000,4.000000,4.000000,4.000000,4.000000,4.000000,4.000000,4.000000,4.000000,4.000000,2.000000,4.000000,4.000000,4.000000,4.000000,4.000000,4.000000,4.000000,4.000000,4.000000,4.000000,4.000000,4.000000,4.000000,83.333336
1614076780.939786,14.000000,0.000000,-12.061116,-13.420030,-15.530637,-15.019553,5.103089,-15.409448,-11.455268,-7.523539,-11.570354,-11.599119,-9.513407,-5.057865,-22.673843,-12.217806,-20.074270,-10.157082,-9.397563,-18.486197,-1.512666,-17.595943,-18.491932,-13.820760,-2.724374,0.471557,-14.307048,-9.733979,-11.407638,-2.687536,-13.572261,-18.509211,-16.567863,-17.356871,0.000000,223.000000,4.000000,,,,0.000000,4.000000,4.000000,4.000000,4.000000,4.000000,4.000000,4.000000,4.000000,4.000000,4.000000,4.000000,4.000000,4.000000,4.000000,4.000000,4.000000,4.000000,4.000000,2.000000,4.000000,4.000000,4.000000,4.000000,4.000000,4.000000,4.000000,4.000000,4.000000,4.000000,4.000000,4.000000,4.000000,83.333336
1614076780.947635,15.000000,0.000000,-12.561876,-13.919430,-16.027927,-14.491713,5.610806,-11.291473,-11.956634,-11.618579,-11.045962,-13.638802,-3.862867,-6.591269,-18.035786,-7.077383,-12.361889,-1.428975,-10.413807,-30.262581,-15.870128,-19.629629,-18.986261,-15.858221,-4.260111,-1.580197,-14.805561,-9.724245,-11.909050,-2.684848,-14.071508,-17.977880,-16.038475,-15.801052,0.000000,220.000000,4.000000,,,,0.000000,4.000000,4.000000,4.000000,4.000000,4.000000,4.000000,4.000000,4.000000,4.000000,4.000000,4.000000,4.000000,4.000000,4.000000,4.000000,4.000000,4.000000,4.000000,2.000000,4.000000,4.000000,4.000000,4.000000,4.000000,4.000000,4.000000,4.000000,4.000000,4.000000,4.000000,4.000000,4.000000,83.333336
1614076780.955385,16.000000,0.000000,-13.062135,-13.392690,-15.499078,-14.990042,5.605196,-5.639157,-10.919036,-9.555678,-10.009275,-13.625163,2.807662,-6.071857,-11.863904,1.647643,0.470986,31.392967,-10.916213,-4.078473,-7.649129,-13.968973,-18.454454,-14.303902,-6.819954,-3.629899,-14.277935,-10.227342,-14.461244,-2.682163,-16.108719,-20.524006,-17.048079,-15.785251,0.000000,178.000000,4.000000,,,,0.000000,4.000000,4.000000,4.000000,4.000000,4.000000,4.000000,4.000000,4.000000,4.000000,4.000000,4.000000,4.000000,4.000000,4.000000,4.000000,4.000000,4.000000,4.000000,2.000000,4.000000,4.000000,4.000000,4.000000,4.000000,4.000000,4.000000,4.000000,4.000000,4.000000,4.000000,4.000000,4.000000,83.333336
1614076780.963234,17.000000,0.000000,-11.510611,-13.379297,-18.047682,-20.103256,5.599590,-13.838646,-11.933758,-9.033302,-14.614651,-14.124358,1.779214,-2.988862,-15.954604,1.133175,-4.144870,23.669266,-9.366836,5.669196,-7.641480,-14.980645,-18.435999,-14.802418,-6.813134,-4.139089,-13.750836,-9.704294,-20.087809,-2.679481,-17.631073,-26.144506,-21.646416,-27.564337,0.000000,191.000000,4.000000,,,,0.000000,4.000000,4.000000,4.000000,4.000000,4.000000,4.000000,4.000000,4.000000,4.000000,4.000000,4.000000,4.000000,4.000000,4.000000,4.000000,4.000000,4.000000,4.000000,2.000000,4.000000,4.000000,4.000000,4.000000,4.000000,4.000000,4.000000,4.000000,4.000000,4.000000,4.000000,4.000000,4.000000,83.333336
1614076780.970983,18.000000,0.000000,-12.524741,-13.878738,-19.568096,-21.621614,3.542709,-25.106859,-14.998747,-9.537089,-22.292343,-16.161516,-1.299489,-3.498694,-24.143778,-5.534625,-13.371494,-3.021070,-9.870289,-16.900576,-29.172300,-23.683613,-22.520128,-15.813257,-7.831962,-2.596489,-15.275547,-9.694590,-24.170284,-3.189622,-18.126261,-23.554260,-24.701691,-34.716259,0.000000,206.000000,4.000000,,,,0.000000,4.000000,4.000000,4.000000,4.000000,4.000000,4.000000,4.000000,4.000000,4.000000,4.000000,4.000000,4.000000,4.000000,4.000000,4.000000,4.000000,4.000000,4.000000,2.000000,4.000000,4.000000,4.000000,4.000000,4.000000,4.000000,4.000000,4.000000,4.000000,4.000000,4.000000,4.000000,4.000000,83.333336
1614076780.978832,19.000000,0.000000,-13.537858,-11.813578,-15.958784,-16.471788,1.487884,-21.492008,-13.958107,-10.040373,-18.680307,-18.196636,-1.811010,-5.033657,-21.555531,-10.144475,-13.870943,3.648618,-10.886060,-15.345214,-22.989283,-19.557365,-19.420685,-10.156418,-7.824130,-3.619533,-13.208990,-10.197716,-22.094831,-2.160792,-17.595314,-16.351219,-22.112886,-20.322569,0.000000,202.000000,4.000000,,,,0.000000,4.000000,4.000000,4.000000,4.000000,4.000000,4.000000,4.000000,4.000000,4.000000,4.000000,4.000000,4.000000,4.000000,4.000000,4.000000,4.000000,4.000000,4.000000,2.000000,4.000000,4.000000,4.000000,4.000000,4.000000,4.000000,4.000000,4.000000,4.000000,4.000000,4.000000,4.000000,4.000000,83.333336
1614076780.986581,20.000000,0.000000,-3.780730,-6.673559,-9.276158,-13.891214,1.999216,-13.265388,-8.815944,-10.030333,-8.405217,-15.614337,0.242083,1.125223,-9.226283,-7.057407,-3.600662,34.414200,-3.182866,12.362439,5.751656,-4.153193,3.162839,2.161431,2.440104,-3.103093,-6.016294,-8.649056,-9.252224,-0.107349,-15.526438,-13.770765,-16.962568,-4.404811,0.000000,176.000000,4.000000,,,,0.000000,4.000000,4.000000,4.000000,4.000000,4.000000,4.000000,4.000000,4.000000,4.000000,4.000000,4.000000,4.000000,4.000000,4.000000,4.000000,4.000000,4.000000,4.000000,2.000000,4.000000,4.000000,4.000000,4.000000,4.000000,4.000000,4.000000,4.000000,4.000000,4.000000,4.000000,4.000000,4.000000,83.333336
1614076780.994430,21.000000,0.000000,8.530743,-5.128424,-6.702780,-14.390143,2.510038,-13.252122,-6.755846,-8.994661,-8.396811,-12.521800,2.293123,8.816405,-3.576031,-1.922145,9.736272,54.892605,8.615189,20.042383,8.822827,4.056088,19.569933,6.774654,14.745357,4.079497,-1.907713,-3.512202,5.116003,1.431220,-13.459629,-11.705712,-14.894324,-3.887586,0.000000,176.000000,4.000000,,,,0.000000,4.000000,4.000000,4.000000,4.000000,4.000000,4.000000,4.000000,4.000000,4.000000,4.000000,4.000000,4.000000,4.000000,4.000000,4.000000,4.000000,4.000000,4.000000,2.000000,4.000000,4.000000,4.000000,4.000000,4.000000,4.000000,4.000000,4.000000,4.000000,4.000000,4.000000,4.000000,4.000000,83.333336
1614076781.002179,22.000000,0.000000,11.086315,-7.687398,-11.311461,-14.375753,1.994707,-14.777331,-9.313192,-11.036949,-14.542261,-17.637484,-2.837375,9.833230,-5.623737,-5.509966,9.213715,58.427456,7.068112,12.330034,0.608876,2.513571,6.729850,-0.411608,15.243432,11.254905,-4.469908,-1.457408,8.187809,0.916968,-13.958990,-10.668365,-18.469173,-6.960621,0.000000,191.000000,4.000000,,,,0.000000,4.000000,4.000000,4.000000,4.000000,4.000000,4.000000,4.000000,4.000000,4.000000,4.000000,4.000000,4.000000,4.000000,4.000000,4.000000,4.000000,4.000000,4.000000,2.000000,4.000000,4.000000,4.000000,4.000000,4.000000,4.000000,4.000000,4.000000,4.000000,4.000000,4.000000,4.000000,4.000000,83.333336
1614076781.010028,23.000000,0.000000,10.049587,-9.730993,-15.402714,-17.951120,1.479892,-13.736914,-11.867982,-17.179758,-15.040540,-27.876255,-9.501204,8.284935,-4.079652,-12.171123,3.050655,61.958775,-1.144085,16.420269,2.659550,-2.617148,-11.225598,-1.949658,12.151265,10.730829,-7.029541,-2.481591,4.077057,0.916051,-13.945031,-11.170518,-19.476345,-7.466481,0.000000,200.000000,4.000000,,,,0.000000,4.000000,4.000000,4.000000,4.000000,4.000000,4.000000,4.000000,4.000000,4.000000,4.000000,4.000000,4.000000,4.000000,4.000000,4.000000,4.000000,4.000000,4.000000,2.000000,4.000000,4.000000,4.000000,4.000000,4.000000,4.000000,4.000000,4.000000,4.000000,4.000000,4.000000,4.000000,4.000000,83.333336
1614076781.017777,24.000000,0.000000,10.552359,-9.721262,-11.797568,-22.548555,1.478412,-13.210356,-11.343293,-18.188219,-13.999858,-29.899662,-8.978883,9.302292,-4.075572,-12.671772,-1.054960,43.948097,-1.655761,10.250002,-2.984136,-7.229916,-11.214373,4.718958,9.062191,7.130355,-6.509691,-1.453469,4.585801,0.915135,-11.879804,-7.056783,-14.841485,-7.971835,0.000000,197.000000,4.000000,,,,0.000000,4.000000,4.000000,4.000000,4.000000,4.000000,4.000000,4.000000,4.000000,4.000000,4.000000,4.000000,4.000000,4.000000,4.000000,4.000000,4.000000,4.000000,4.000000,2.000000,4.000000,4.000000,4.000000,4.000000,4.000000,4.000000,4.000000,4.000000,4.000000,4.000000,4.000000,4.000000,4.000000,83.333336
1614076781.025626,25.000000,0.000000,4.900781,-9.711540,-7.683206,-22.013186,0.964113,-13.197145,-11.331950,-16.118750,-13.985858,-26.792839,-9.995544,9.805810,-17.404831,-19.325768,-23.618008,11.596456,-8.320772,-22.067940,-18.365767,-8.761147,-8.639055,-0.413966,1.873642,7.636045,-6.503181,-4.528938,2.017112,1.427041,-9.816642,-3.972803,-13.288181,-7.963863,0.000000,187.000000,4.000000,,,,0.000000,4.000000,4.000000,4.000000,4.000000,4.000000,4.000000,4.000000,4.000000,4.000000,4.000000,4.000000,4.000000,4.000000,4.000000,4.000000,4.000000,4.000000,4.000000,2.000000,4.000000,4.000000,4.000000,4.000000,4.000000,4.000000,4.000000,4.000000,4.000000,4.000000,4.000000,4.000000,4.000000,83.333336
1614076781.033375,26.000000,0.000000,-4.334889,-9.701829,-8.188343,-23.016813,-2.626595,-14.209590,-12.346259,-19.692373,-14.484693,-29.330149,-13.062472,8.770363,-23.028452,-23.921825,-40.517467,-12.004884,-20.620144,-43.584335,-22.962786,-8.752386,-11.707339,-13.234064,-3.769258,9.166870,-6.496678,-11.191076,-6.702853,0.399973,-11.858108,-9.609856,-17.890278,-10.007181,0.000000,129.000000,4.000000,,,,0.000000,4.000000,4.000000,4.000000,4.000000,4.000000,4.000000,4.000000,4.000000,4.000000,4.000000,4.000000,4.000000,4.000000,4.000000,4.000000,4.000000,4.000000,4.000000,2.000000,4.000000,4.000000,4.000000,4.000000,4.000000,4.000000,4.000000,4.000000,4.000000,4.000000,4.000000,4.000000,4.000000,83.333336
1614076781.041024,27.000000,0.000000,-6.381837,-9.692127,-8.692976,-25.557899,-6.213712,-13.169739,-9.256989,-13.006015,-15.495849,-27.249537,-3.818640,9.274413,-6.595166,-8.513288,-9.707718,20.827633,-14.445677,-14.822802,-11.657771,-6.179531,-10.669991,-12.708010,-4.278309,6.593601,-7.003002,-14.769629,-7.721791,-1.651709,-16.974455,-15.241272,-21.462132,-14.612559,0.000000,205.000000,4.000000,,,,0.000000,4.000000,4.000000,4.000000,4.000000,4.000000,4.000000,4.000000,4.000000,4.000000,4.000000,4.000000,4.000000,4.000000,4.000000,4.000000,4.000000,4.000000,4.000000,2.000000,4.000000,4.000000,2.000000,4.000000,4.000000,4.000000,4.000000,4.000000,4.000000,4.000000,4.000000,4.000000,4.000000,66.666664
1614076781.048773,28.000000,0.000000,-4.324173,-10.195255,-8.171462,-20.916956,-1.592113,-8.541184,-2.581066,7.519812,-11.377789,-8.760749,11.056973,12.342062,7.257583,9.443942,21.071220,53.627319,5.568769,18.012535,0.148758,-0.532326,-2.454193,-3.977353,-3.248389,4.022905,-6.995999,-12.703577,-0.021762,-1.137237,-16.957479,-12.149107,-19.902208,-16.649229,0.000000,143.000000,4.000000,,,,0.000000,4.000000,4.000000,4.000000,4.000000,4.000000,4.000000,4.000000,4.000000,4.000000,4.000000,4.000000,4.000000,4.000000,4.000000,4.000000,4.000000,4.000000,4.000000,2.000000,4.000000,4.000000,2.000000,4.000000,4.000000,4.000000,4.000000,4.000000,4.000000,4.000000,4.000000,4.000000,4.000000,66.666664
1614076781.056422,29.000000,0.000000,-2.268567,-7.108137,-7.137650,-12.178091,6.101787,-5.455720,1.011258,11.614856,-4.186924,7.658268,15.661301,11.304079,3.147761,8.921678,7.716816,24.342922,9.665764,22.609907,1.174250,-3.095896,2.676466,-2.434914,-3.245141,5.044523,-5.450541,-10.639591,4.593645,0.915182,-9.248215,-9.572856,-16.292562,-15.606938,0.000000,199.000000,4.000000,,,,0.000000,4.000000,4.000000,4.000000,4.000000,4.000000,4.000000,4.000000,4.000000,4.000000,4.000000,4.000000,4.000000,4.000000,4.000000,4.000000,4.000000,4.000000,4.000000,2.000000,4.000000,4.000000,2.000000,4.000000,4.000000,4.000000,4.000000,4.000000,4.000000,4.000000,4.000000,4.000000,4.000000,66.666664
1614076781.064171,30.000000,0.000000,-1.240657,-2.998465,-5.079230,-9.601810,10.198249,-6.475905,-1.041035,-4.294195,-3.157096,4.060867,10.004614,2.574826,-4.547694,0.707628,-7.162695,24.318579,-3.164415,18.997553,-0.878206,-16.426134,-3.992877,-4.483761,-6.831640,7.603581,-9.034834,-9.603311,0.486487,0.914267,-6.674864,-11.614565,-12.686525,-16.104151,0.000000,189.000000,4.000000,,,,0.000000,4.000000,4.000000,4.000000,4.000000,4.000000,4.000000,4.000000,4.000000,4.000000,4.000000,4.000000,4.000000,4.000000,4.000000,4.000000,4.000000,4.000000,4.000000,2.000000,4.000000,4.000000,2.000000,4.000000,4.000000,4.000000,4.000000,4.000000,4.000000,4.000000,4.000000,4.000000,4.000000,66.666664
1614076781.071821,31.000000,0.000000,-1.239416,-1.457005,-4.561330,-11.130670,10.188050,-6.982250,-3.604096,-11.982208,-8.282145,-6.712425,2.815122,-3.068775,-11.722634,-6.472567,-5.617071,40.191696,-12.904840,9.234965,-2.415789,-24.102015,-15.783756,-3.453637,-10.414552,5.544695,-17.743748,-9.080887,-4.642205,0.400532,-12.309215,-11.602950,-12.673840,-17.113689,0.000000,165.000000,4.000000,,,,0.000000,4.000000,4.000000,4.000000,4.000000,4.000000,4.000000,4.000000,4.000000,4.000000,4.000000,4.000000,4.000000,4.000000,4.000000,4.000000,4.000000,4.000000,4.000000,2.000000,4.000000,4.000000,2.000000,4.000000,4.000000,4.000000,4.000000,4.000000,4.000000,4.000000,4.000000,4.000000,4.000000,66.666664
1614076781.079570,32.000000,0.000000,-1.238177,-2.481189,-4.043948,-10.606719,6.588119,-5.436806,-3.600492,-7.867662,-10.837965,-12.346738,-2.828719,-2.552885,-17.864758,-11.594299,-14.842223,7.843812,-12.891935,-12.825551,-14.208245,-22.539452,-17.819254,-2.937362,-6.814394,1.436587,-22.341389,-9.071806,-4.124742,0.912952,-14.348187,-10.052886,-12.148345,-15.045293,8064.000000,0.000000,4.000000,,,,0.000000,4.000000,4.000000,4.000000,4.000000,4.000000,4.000000,4.000000,4.000000,4.000000,4.000000,4.000000,4.000000,4.000000,4.000000,4.000000,4.000000,4.000000,4.000000,2.000000,4.000000,4.000000,2.000000,4.000000,4.000000,4.000000,4.000000,4.000000,4.000000,4.000000,4.000000,4.000000,4.000000,66.666664
1614076781.087219,33.000000,0.000000,-0.724118,-4.017169,-3.527084,-9.570471,-1.623597,-5.431370,-4.109712,-8.885435,-11.852768,-20.539520,-4.877172,-2.037512,-19.385355,-12.608346,-25.083792,-9.599929,-12.366222,-18.966572,-25.476088,-23.542553,-17.801435,-3.447246,-2.705015,0.409509,-21.806227,-11.114017,-3.094976,1.424860,-13.308198,-13.119756,-11.623376,-17.081530,8064.000000,0.000000,4.000000,,,,0.000000,4.000000,4.000000,4.000000,4.000000,4.000000,4.000000,4.000000,4.000000,4.000000,4.000000,4.000000,4.000000,4.000000,4.000000,4.000000,4.000000,4.000000,4.000000,2.000000,4.000000,4.000000,2.000000,4.000000,4.000000,4.000000,4.000000,4.000000,4.000000,4.000000,4.000000,4.000000,4.000000,66.666664
1614076781.094968,34.000000,0.000000,-1.749035,-6.064434,-9.164582,-13.150644,-7.775820,-7.990041,-4.105603,-12.466293,-14.405018,-28.724108,-5.897936,-3.061116,-21.930071,-15.672661,-26.084349,10.922492,-16.969240,-7.152733,-17.245483,-25.570293,-20.347736,-3.956619,-5.266412,0.409100,-22.297241,-13.154184,-5.655984,0.910614,-14.320531,-18.234842,-15.201496,-25.269577,8064.000000,0.000000,4.000000,,,,0.000000,4.000000,4.000000,4.000000,4.000000,4.000000,4.000000,4.000000,4.000000,4.000000,4.000000,4.000000,4.000000,4.000000,4.000000,4.000000,4.000000,4.000000,4.000000,2.000000,4.000000,4.000000,2.000000,4.000000,4.000000,4.000000,4.000000,4.000000,4.000000,4.000000,4.000000,4.000000,4.000000,66.666664
1614076781.102617,35.000000,0.000000,-1.747286,-5.032729,-12.232341,-14.675955,-9.306505,-5.417948,-4.101497,-7.325622,-15.416253,-29.208204,-5.892038,-3.058054,-23.446604,-16.682629,-25.545444,9.373108,-18.490734,4.136470,-3.382085,-18.365234,-11.609440,-3.952662,-1.671402,-0.616951,-17.659559,-13.653851,-3.086226,0.909704,-10.716467,-19.242249,-15.186295,-27.808409,8064.000000,0.000000,4.000000,,,,0.000000,4.000000,4.000000,4.000000,4.000000,4.000000,4.000000,4.000000,4.000000,4.000000,4.000000,4.000000,4.000000,4.000000,4.000000,4.000000,4.000000,4.000000,4.000000,2.000000,4.000000,4.000000,2.000000,4.000000,4.000000,4.000000,4.000000,4.000000,4.000000,4.000000,4.000000,4.000000,4.000000,66.666664
1614076781.110366,36.000000,0.000000,-0.719898,-1.950773,-5.040621,-13.635638,-9.297199,0.228495,-4.097395,-2.190091,-14.375196,-25.076433,-4.860505,-1.516535,-19.320593,-8.460818,-18.340412,7.825273,-16.420961,6.183616,-4.404344,-11.680203,0.197042,-2.410248,-0.131270,-0.103513,-9.949593,-13.127377,5.121989,1.421615,-6.603187,-15.633262,-9.530083,-19.062653,8064.000000,0.000000,4.000000,,,,0.000000,4.000000,4.000000,4.000000,4.000000,4.000000,4.000000,4.000000,4.000000,4.000000,4.000000,4.000000,4.000000,4.000000,4.000000,4.000000,4.000000,4.000000,4.000000,2.000000,4.000000,4.000000,2.000000,4.000000,4.000000,4.000000,4.000000,4.000000,4.000000,4.000000,4.000000,4.000000,4.000000,66.666664
1614076781.118015,37.000000,0.000000,-3.283280,-1.948822,-6.574042,-17.211746,-9.287902,-4.387118,-6.144580,-10.393029,-14.873642,-24.025715,-5.881286,-2.540659,-21.352554,-6.401075,-14.219507,19.099499,-18.968643,-9.720003,-13.630709,-18.335190,-7.495463,-4.459120,-12.438830,4.511975,-10.965283,-13.627069,3.578405,-0.631089,-11.724789,-15.104808,-10.546194,-14.428205,8064.000000,0.000000,4.000000,,,,0.000000,4.000000,4.000000,4.000000,4.000000,4.000000,4.000000,4.000000,4.000000,4.000000,4.000000,4.000000,4.000000,4.000000,4.000000,4.000000,4.000000,4.000000,4.000000,2.000000,4.000000,4.000000,2.000000,4.000000,4.000000,4.000000,4.000000,4.000000,4.000000,4.000000,4.000000,4.000000,4.000000,66.666664
1614076781.125764,38.000000,0.000000,-5.331279,-6.562258,-17.849520,-21.809919,-9.791434,-13.613500,-8.189717,-19.100586,-14.858768,-26.052971,-4.849763,-2.538119,-22.356842,-8.958776,-16.256569,13.439374,-15.872750,-21.505156,-13.104258,-20.368137,-14.667455,-3.429020,-13.964853,3.994642,-13.518421,-13.100622,-3.604660,-2.681740,-16.841269,-14.064062,-15.151032,-18.003521,8064.000000,0.000000,4.000000,,,,0.000000,4.000000,4.000000,4.000000,4.000000,4.000000,4.000000,4.000000,4.000000,4.000000,4.000000,4.000000,4.000000,4.000000,4.000000,4.000000,4.000000,4.000000,4.000000,2.000000,4.000000,4.000000,2.000000,4.000000,4.000000,4.000000,4.000000,4.000000,4.000000,4.000000,4.000000,4.000000,4.000000,66.666664
1614076781.133414,39.000000,0.000000,-0.197743,-9.632619,-12.703465,-16.147083,-8.756002,-10.010142,-7.155887,-10.876356,-11.254166,-21.924355,2.847394,6.695189,-7.462690,2.845054,3.759687,29.323370,2.604661,8.259940,-3.347563,1.703514,3.295931,7.343640,4.510650,-2.163198,-4.274133,-10.523418,-0.011312,-3.191879,-14.773146,-9.947434,-12.058958,-10.806029,8064.000000,0.000000,4.000000,,,,0.000000,4.000000,4.000000,4.000000,4.000000,4.000000,4.000000,4.000000,4.000000,4.000000,4.000000,4.000000,4.000000,4.000000,4.000000,4.000000,4.000000,4.000000,4.000000,2.000000,4.000000,4.000000,2.000000,4.000000,4.000000,4.000000,4.000000,4.000000,4.000000,4.000000,4.000000,4.000000,4.000000,66.666664
1614076781.141163,40.000000,0.000000,5.956301,-9.622986,-0.895890,-10.489910,-4.644682,-2.307825,-4.584629,-1.634711,-7.140347,-11.646020,10.024034,15.919263,4.339644,13.611440,24.781569,59.037636,15.935390,36.456806,3.835271,20.163349,16.113148,11.438861,14.249729,7.069734,2.909628,-6.923151,7.681007,-2.675867,-12.707090,-6.860564,-7.431515,-0.538813,8064.000000,0.000000,4.000000,,,,0.000000,4.000000,4.000000,4.000000,4.000000,4.000000,4.000000,4.000000,4.000000,4.000000,4.000000,4.000000,4.000000,4.000000,4.000000,4.000000,4.000000,4.000000,4.000000,2.000000,4.000000,4.000000,2.000000,4.000000,4.000000,4.000000,4.000000,4.000000,4.000000,4.000000,4.000000,4.000000,4.000000,66.666664
1614076781.148812,41.000000,0.000000,5.437524,-9.613363,-6.536019,-13.556344,-1.050294,-3.843979,-4.067223,-6.248461,-5.594745,-8.044630,8.988369,13.852061,-0.792901,3.854238,10.910633,34.363216,10.278428,18.471634,2.805795,8.861134,4.302163,1.683832,9.620094,27.575485,-3.247128,-5.377767,7.160506,-2.673191,-14.232844,-6.853703,-8.449724,-6.692121,8064.000000,0.000000,4.000000,,,,0.000000,4.000000,4.000000,4.000000,4.000000,4.000000,4.000000,4.000000,4.000000,4.000000,4.000000,4.000000,4.000000,4.000000,4.000000,4.000000,4.000000,4.000000,4.000000,2.000000,4.000000,4.000000,2.000000,4.000000,4.000000,4.000000,4.000000,4.000000,4.000000,4.000000,4.000000,4.000000,4.000000,66.666664
1614076781.156561,42.000000,0.000000,1.842343,-9.603750,-9.606406,-15.081249,-1.049243,-6.917058,-4.063156,-10.344776,-6.614791,-12.651970,5.902457,9.735645,-4.894672,-5.893206,-3.972072,4.585262,5.139945,4.607008,2.802989,-4.481061,-3.907268,-3.958878,7.559193,27.035089,-10.936189,-6.398030,6.127704,-2.670517,-14.218612,-6.846849,-9.466915,-16.429018,8064.000000,0.000000,4.000000,,,,0.000000,4.000000,4.000000,4.000000,4.000000,4.000000,4.000000,4.000000,4.000000,4.000000,4.000000,4.000000,4.000000,4.000000,4.000000,4.000000,4.000000,4.000000,4.000000,2.000000,4.000000,4.000000,2.000000,4.000000,4.000000,4.000000,4.000000,4.000000,4.000000,4.000000,4.000000,4.000000,4.000000,66.666664
1614076781.164210,43.000000,0.000000,2.353321,-7.542864,-1.904492,-10.963604,-0.535374,-6.397320,-4.059093,-6.744688,-7.120997,-12.639318,6.409376,9.725909,-3.351316,-5.374492,1.672925,18.426830,5.647625,16.910093,4.338648,-3.450938,-2.364899,-3.954919,2.423428,11.623439,-10.412432,-8.442914,5.608756,-2.667847,-13.178752,-7.865644,-8.431808,-14.361307,8064.000000,0.000000,4.000000,,,,0.000000,4.000000,4.000000,4.000000,4.000000,4.000000,4.000000,4.000000,4.000000,4.000000,4.000000,4.000000,4.000000,4.000000,4.000000,4.000000,4.000000,4.000000,4.000000,2.000000,4.000000,4.000000,2.000000,4.000000,4.000000,4.000000,4.000000,4.000000,4.000000,4.000000,4.000000,4.000000,4.000000,66.666664
1614076781.172059,44.000000,0.000000,2.863789,-5.484039,-4.466691,-11.465461,-1.047659,-5.878102,-4.055034,-7.763584,-5.062594,-11.088217,6.402966,4.587979,-8.476170,-8.446040,-6.021055,17.895582,-4.101612,8.688055,-4.383639,-11.652616,-12.618944,-8.566348,-6.296944,6.483610,-9.376378,-9.460113,3.551865,-2.665179,-13.165573,-10.934701,-8.423375,-11.270022,8064.000000,0.000000,4.000000,,,,0.000000,4.000000,4.000000,4.000000,4.000000,4.000000,4.000000,4.000000,4.000000,4.000000,4.000000,4.000000,4.000000,4.000000,4.000000,4.000000,4.000000,4.000000,4.000000,2.000000,4.000000,4.000000,2.000000,4.000000,4.000000,4.000000,4.000000,4.000000,4.000000,4.000000,4.000000,4.000000,4.000000,66.666664
1614076781.179808,45.000000,0.000000,2.348104,-5.991375,-11.128890,-13.505277,-1.559432,-5.872224,-4.050979,-13.396846,-7.621634,-19.795078,2.293999,-2.083276,-15.134360,-14.078620,-23.963753,5.057175,-14.353921,-13.371916,-18.225410,-30.615322,-26.452478,-12.147526,-7.829108,5.451485,-10.392643,-9.450652,2.522672,-2.662514,-13.665229,-10.410946,-8.927773,-12.797215,8064.000000,0.000000,4.000000,,,,0.000000,4.000000,4.000000,4.000000,4.000000,4.000000,4.000000,4.000000,4.000000,4.000000,4.000000,4.000000,4.000000,4.000000,4.000000,4.000000,4.000000,4.000000,4.000000,2.000000,4.000000,4.000000,2.000000,4.000000,4.000000,4.000000,4.000000,4.000000,4.000000,4.000000,4.000000,4.000000,4.000000,66.666664
1614076781.187657,46.000000,0.000000,2.345756,-5.985384,-9.066480,-14.517413,-0.019411,-8.430454,-4.046928,-14.409090,-18.383244,-27.980412,-4.887782,-3.106834,-17.683329,-13.551721,-25.991070,14.795707,-14.852387,-18.486748,-24.361031,-36.738552,-27.451668,-11.109737,-6.795638,-2.246274,-10.895071,-6.877099,3.032970,-2.659851,-13.651564,-7.836432,-8.918845,-10.733135,8064.000000,0.000000,4.000000,,,,0.000000,4.000000,4.000000,4.000000,4.000000,4.000000,4.000000,4.000000,4.000000,4.000000,4.000000,4.000000,4.000000,4.000000,4.000000,4.000000,4.000000,4.000000,4.000000,2.000000,4.000000,4.000000,2.000000,4.000000,4.000000,4.000000,4.000000,4.000000,4.000000,4.000000,4.000000,4.000000,4.000000,66.666664
1614076781.195406,47.000000,0.000000,2.343410,-5.466578,-12.134336,-19.118280,-5.147596,-13.037409,-4.042881,-13.369040,-26.057167,-28.465250,-11.036740,-5.667830,-18.691286,-13.538169,-23.913797,11.191168,-12.786253,-15.391338,-24.336670,-35.163353,-24.347294,-12.124269,-7.301663,-5.320951,-10.371355,-4.818940,3.029937,-2.657192,-12.612270,-6.290134,-8.909926,-8.158299,8064.000000,0.000000,4.000000,,,,0.000000,4.000000,4.000000,4.000000,4.000000,4.000000,4.000000,4.000000,4.000000,4.000000,4.000000,4.000000,4.000000,4.000000,4.000000,4.000000,4.000000,4.000000,4.000000,2.000000,4.000000,4.000000,2.000000,4.000000,4.000000,4.000000,4.000000,4.000000,4.000000,4.000000,4.000000,4.000000,4.000000,66.666664
1614076781.203255,48.000000,0.000000,2.341067,-5.973932,-19.301689,-25.253008,-17.450142,-14.050013,-4.038838,-13.355671,-25.518290,-27.411144,-12.564165,-10.277546,-18.672594,-11.986170,-21.325781,-3.178998,-14.311928,-7.683640,-19.184128,-31.538446,-26.374228,-13.137785,-7.294362,-3.777168,-10.360984,-7.891044,3.026907,-2.654534,-15.676581,-8.335126,-8.901016,-8.150141,8064.000000,0.000000,4.000000,,,,0.000000,4.000000,4.000000,4.000000,4.000000,4.000000,4.000000,4.000000,4.000000,4.000000,4.000000,4.000000,4.000000,4.000000,4.000000,4.000000,4.000000,4.000000,4.000000,2.000000,4.000000,4.000000,2.000000,4.000000,4.000000,4.000000,4.000000,4.000000,4.000000,4.000000,4.000000,4.000000,4.000000,66.666664
1614076781.211004,49.000000,0.000000,2.338726,-5.967958,-19.282387,-26.253395,-18.971153,-13.523142,-3.521979,-13.342316,-24.979952,-27.383734,-12.551601,-9.754448,-19.166742,-6.845978,-14.124968,8.106233,-14.297616,0.016352,-7.370072,-18.173574,-26.347853,-12.099007,-6.774247,-3.260571,-10.350623,-12.498537,3.023880,-2.651880,-20.276289,-10.378073,-8.892116,-8.654811,8064.000000,0.000000,4.000000,,,,0.000000,4.000000,4.000000,4.000000,4.000000,4.000000,4.000000,4.000000,4.000000,4.000000,4.000000,4.000000,4.000000,4.000000,4.000000,4.000000,4.000000,4.000000,4.000000,2.000000,4.000000,4.000000,2.000000,4.000000,4.000000,4.000000,4.000000,4.000000,4.000000,4.000000,4.000000,4.000000,4.000000,66.666664
1614076781.218853,50.000000,0.000000,2.336387,-5.961990,-19.263105,-25.201502,-10.747053,-13.509619,-4.031277,-13.841794,-25.467793,-25.305067,-12.539049,-6.154950,-19.147575,-6.839132,-8.469817,22.457100,-12.232037,-4.086229,-0.183215,-2.770785,-18.116377,-10.548446,-6.767472,-3.770130,-10.340272,-13.511680,3.020856,-2.649228,-21.794476,-10.880515,-8.883224,-8.133336,8064.000000,0.000000,4.000000,,,,0.000000,4.000000,4.000000,4.000000,4.000000,4.000000,4.000000,4.000000,4.000000,4.000000,4.000000,4.000000,4.000000,4.000000,4.000000,4.000000,4.000000,4.000000,4.000000,2.000000,4.000000,4.000000,2.000000,4.000000,4.000000,4.000000,4.000000,4.000000,4.000000,4.000000,4.000000,4.000000,4.000000,66.666664
1614076781.226602,51.000000,0.000000,2.334051,-5.956028,-18.218201,-25.689121,-8.172203,-14.008929,-3.514425,-11.263849,-21.339760,-23.228481,-8.423946,-4.097513,-12.974582,-1.191268,-0.769040,28.588490,-8.630061,6.174268,-1.208672,0.308909,-7.841851,-1.307128,-6.760705,-3.766360,-10.329932,-12.985348,3.017835,-2.646579,-20.747040,-10.356814,-8.874340,-8.638023,8064.000000,0.000000,4.000000,,,,0.000000,4.000000,4.000000,4.000000,4.000000,4.000000,4.000000,4.000000,4.000000,4.000000,4.000000,4.000000,4.000000,4.000000,4.000000,4.000000,4.000000,4.000000,4.000000,2.000000,4.000000,4.000000,2.000000,4.000000,4.000000,4.000000,4.000000,4.000000,4.000000,4.000000,4.000000,4.000000,4.000000,66.666664
1614076781.234451,52.000000,0.000000,2.331717,-5.950072,-13.071777,-25.663431,-9.189672,-13.994921,-3.510911,-6.124381,-17.215857,-23.718073,-2.261676,-2.554954,-6.294941,8.040693,5.898396,35.739388,-6.057328,29.757837,-0.694643,0.308600,-5.269907,0.745461,-6.753944,-3.249774,-10.319602,-12.972363,3.014818,-2.643932,-20.726292,-10.859278,-8.865465,-8.629385,8064.000000,0.000000,4.000000,,,,0.000000,4.000000,4.000000,4.000000,4.000000,4.000000,4.000000,4.000000,4.000000,4.000000,4.000000,4.000000,4.000000,4.000000,4.000000,4.000000,4.000000,4.000000,4.000000,2.000000,4.000000,4.000000,2.000000,4.000000,4.000000,4.000000,4.000000,4.000000,4.000000,4.000000,4.000000,4.000000,4.000000,66.666664
1614076781.242200,53.000000,0.000000,2.329385,-5.944122,-13.058705,-25.124947,-9.180483,-13.468105,-6.584323,-6.118256,-17.198641,-23.694355,-2.259415,-1.526758,-11.416851,-0.685296,-0.774169,26.472879,-5.538450,21.522951,-0.181128,-1.742991,-6.803098,-16.178362,-6.747190,-0.169601,-10.309282,-13.472211,2.498982,-2.641288,-21.218386,-13.412521,-8.856600,-8.620756,8064.000000,0.000000,4.000000,,,,0.000000,4.000000,4.000000,4.000000,4.000000,4.000000,4.000000,4.000000,4.000000,4.000000,4.000000,4.000000,4.000000,4.000000,4.000000,4.000000,4.000000,4.000000,4.000000,2.000000,4.000000,4.000000,2.000000,4.000000,4.000000,4.000000,4.000000,4.000000,4.000000,4.000000,4.000000,4.000000,4.000000,66.666664
1614076781.250049,54.000000,0.000000,2.327056,-6.450999,-19.712313,-25.612642,-10.709764,-13.454638,-11.193124,-9.189061,-17.694262,-23.670660,-5.334078,-2.038052,-18.072102,-18.633329,-12.055447,16.702818,-6.045732,-1.062675,-1.719408,-9.433556,-6.283474,-24.367311,-6.740443,0.343390,-10.298973,-12.945918,3.009304,-2.638647,-20.171528,-14.424750,-8.847743,-8.612135,8064.000000,0.000000,4.000000,,,,0.000000,4.000000,4.000000,4.000000,4.000000,4.000000,4.000000,4.000000,4.000000,4.000000,4.000000,4.000000,4.000000,4.000000,4.000000,4.000000,4.000000,4.000000,4.000000,2.000000,4.000000,4.000000,2.000000,4.000000,4.000000,4.000000,4.000000,4.000000,4.000000,4.000000,4.000000,4.000000,4.000000,66.666664
1614076781.257798,55.000000,0.000000,2.324728,-5.931727,-17.641319,-23.022928,-9.673413,-14.466824,-12.207571,-10.205513,-17.676567,-24.159809,-5.328744,-2.548834,-17.541208,-18.101875,-14.094673,25.916883,-6.039687,2.015311,0.846414,-11.988224,-6.277191,-9.471148,-6.733703,-0.682595,-10.801495,-10.368870,5.057577,-2.636008,-17.587254,-14.410325,-8.838896,-8.603523,8064.000000,0.000000,4.000000,,,,0.000000,4.000000,4.000000,4.000000,4.000000,4.000000,4.000000,4.000000,4.000000,4.000000,4.000000,4.000000,4.000000,4.000000,4.000000,4.000000,4.000000,4.000000,4.000000,2.000000,4.000000,4.000000,2.000000,4.000000,4.000000,4.000000,4.000000,4.000000,4.000000,4.000000,4.000000,4.000000,4.000000,66.666664
1614076781.265647,56.000000,0.000000,2.322404,-3.361693,-7.880088,-18.897341,-5.561175,-11.375434,-11.682543,-10.195308,-17.146070,-21.571548,-2.759313,-3.059106,-15.472384,-9.878645,-13.054937,32.557632,-6.033647,7.141501,5.460952,-9.924954,-6.270914,-2.282191,-7.239789,2.395011,-9.765052,-8.820039,6.590981,-2.633372,-16.544025,-15.421556,-8.830057,-8.594919,8064.000000,0.000000,4.000000,,,,0.000000,4.000000,4.000000,4.000000,4.000000,4.000000,4.000000,4.000000,4.000000,4.000000,4.000000,4.000000,4.000000,4.000000,4.000000,4.000000,4.000000,4.000000,4.000000,2.000000,4.000000,4.000000,2.000000,4.000000,4.000000,4.000000,4.000000,4.000000,4.000000,4.000000,4.000000,4.000000,4.000000,66.666664
1614076781.273397,57.000000,0.000000,2.320081,-1.819870,-3.256824,-14.775879,-4.529973,-4.697392,-11.158040,-9.159472,-15.077642,-16.934591,-0.705272,-2.030406,-14.431272,-8.330305,-11.503421,32.012257,-6.540434,2.006154,3.917029,-11.966311,-7.290284,-9.459395,-7.232550,7.008000,-7.191185,-9.324039,6.071569,-2.630739,-17.040300,-12.842031,-8.821227,-8.586325,8064.000000,0.000000,4.000000,,,,0.000000,4.000000,4.000000,4.000000,4.000000,4.000000,4.000000,4.000000,4.000000,4.000000,4.000000,4.000000,4.000000,4.000000,4.000000,4.000000,4.000000,4.000000,4.000000,2.000000,4.000000,4.000000,2.000000,4.000000,4.000000,4.000000,4.000000,4.000000,4.000000,4.000000,4.000000,4.000000,4.000000,66.666664
1614076781.281246,58.000000,0.000000,2.830582,-2.330870,-4.279208,-13.735462,-4.525443,-1.615771,-11.659702,-10.688773,-14.036924,-15.892015,-1.730207,-3.054017,-15.442481,-9.347616,-13.543200,24.287935,-6.533894,10.722096,1.861830,-10.928704,-7.795814,-8.424295,-6.712497,8.026633,-3.594250,-9.314715,6.578318,-2.628108,-15.484799,-5.649703,-8.812406,-6.013636,8064.000000,0.000000,4.000000,,,,0.000000,4.000000,4.000000,4.000000,4.000000,4.000000,4.000000,4.000000,4.000000,4.000000,4.000000,4.000000,4.000000,4.000000,4.000000,4.000000,4.000000,4.000000,4.000000,2.000000,4.000000,4.000000,2.000000,4.000000,4.000000,4.000000,4.000000,4.000000,4.000000,4.000000,4.000000,4.000000,4.000000,66.666664
1614076781.288995,59.000000,0.000000,1.802110,-2.328539,-4.787749,-14.234548,-5.033738,-2.639796,-12.673684,-14.267828,-14.022887,-16.388945,-1.728477,-3.563783,-16.452681,-10.876730,-14.042477,9.391852,-3.963257,20.967785,2.885609,-2.712647,-3.685454,-2.774845,-7.218605,7.505786,-2.565014,-8.792581,5.546099,-2.625480,-12.905212,-2.567130,-8.803593,-4.469161,8064.000000,0.000000,4.000000,,,,0.000000,4.000000,4.000000,4.000000,4.000000,4.000000,4.000000,4.000000,4.000000,4.000000,4.000000,4.000000,4.000000,4.000000,4.000000,4.000000,4.000000,4.000000,4.000000,2.000000,4.000000,4.000000,2.000000,4.000000,4.000000,4.000000,4.000000,4.000000,4.000000,4.000000,4.000000,4.000000,4.000000,66.666664
1614076781.296644,60.000000,0.000000,2.313129,-2.326211,-2.218859,-13.194672,-5.541525,-2.637156,-8.045626,-10.150996,-11.444761,-11.757171,5.965559,5.670550,-3.615714,-3.173545,6.484386,21.690153,2.194552,16.331432,-1.219840,2.931091,0.933616,-2.259250,-6.698565,6.985460,-3.588090,-9.809428,2.463629,-3.135675,-12.892306,-3.590204,-8.794789,-4.977512,8064.000000,0.000000,4.000000,,,,0.000000,4.000000,4.000000,4.000000,4.000000,4.000000,4.000000,4.000000,4.000000,4.000000,4.000000,4.000000,4.000000,4.000000,4.000000,4.000000,4.000000,4.000000,4.000000,2.000000,4.000000,4.000000,2.000000,4.000000,4.000000,4.000000,4.000000,4.000000,4.000000,4.000000,4.000000,4.000000,4.000000,66.666664
1614076781.304393,61.000000,0.000000,5.900559,-2.323885,1.885924,-10.617374,-0.407778,-2.121699,0.680369,-1.422896,-7.330753,-5.591568,17.241644,18.485392,16.900723,14.778346,30.067646,42.694103,7.833384,6.571511,-9.423749,9.594827,0.419862,-0.718529,-0.538021,8.004115,-2.558861,-7.748337,6.050910,-2.106898,-13.392235,-3.586613,-8.785995,-3.946893,8064.000000,0.000000,4.000000,,,,0.000000,4.000000,4.000000,4.000000,4.000000,4.000000,4.000000,4.000000,4.000000,4.000000,4.000000,4.000000,4.000000,4.000000,4.000000,4.000000,4.000000,4.000000,4.000000,2.000000,4.000000,4.000000,2.000000,4.000000,4.000000,4.000000,4.000000,4.000000,4.000000,4.000000,4.000000,4.000000,4.000000,66.666664
1614076781.312042,62.000000,0.000000,5.381838,-2.321561,3.935320,-9.581117,2.669553,-2.119577,4.782252,2.168270,-5.784961,-4.047514,18.250044,21.543831,16.371000,16.302029,25.935013,25.215513,11.928114,5.539299,-4.798940,16.764719,1.957903,-0.204990,4.590723,11.585855,0.007800,-2.612384,15.788448,0.459311,-13.378842,-2.557386,-7.238747,-1.891664,8064.000000,0.000000,4.000000,,,,0.000000,4.000000,4.000000,4.000000,4.000000,4.000000,4.000000,4.000000,4.000000,4.000000,4.000000,4.000000,4.000000,4.000000,4.000000,4.000000,4.000000,4.000000,4.000000,2.000000,4.000000,4.000000,2.000000,4.000000,4.000000,4.000000,4.000000,4.000000,4.000000,4.000000,4.000000,4.000000,4.000000,66.666664
1614076781.319791,63.000000,0.000000,1.786713,-2.319239,3.418565,-10.084355,-4.512604,-2.117457,3.751829,3.191743,-5.779176,-6.607569,9.001025,19.983824,1.995655,2.439574,14.114207,16.472347,13.967468,23.482477,9.052012,17.260775,7.596971,1.333677,4.586132,15.164013,1.033433,-1.584130,19.362404,1.484493,-13.365464,-3.067649,-5.180226,-1.376952,8064.000000,0.000000,4.000000,,,,0.000000,4.000000,4.000000,4.000000,4.000000,4.000000,4.000000,4.000000,4.000000,4.000000,4.000000,4.000000,4.000000,4.000000,4.000000,4.000000,4.000000,4.000000,4.000000,2.000000,4.000000,4.000000,2.000000,4.000000,4.000000,4.000000,4.000000,4.000000,4.000000,4.000000,4.000000,4.000000,4.000000,66.666664
1614076781.327440,64.000000,0.000000,7.425951,-2.316920,2.902325,-10.587091,-8.610656,-3.140981,3.235257,-0.401192,-6.799037,-11.216347,5.915101,19.963840,-0.570443,-0.126969,15.125733,43.635365,10.363757,40.382072,8.530140,11.602489,6.050912,9.024651,5.094366,14.636028,0.519579,-2.095367,16.778938,0.970188,-13.352098,-3.577402,-4.662226,0.162886,0.000000,191.000000,4.000000,,,,0.000000,4.000000,4.000000,4.000000,4.000000,4.000000,4.000000,4.000000,4.000000,4.000000,4.000000,4.000000,4.000000,4.000000,4.000000,4.000000,4.000000,4.000000,4.000000,2.000000,4.000000,4.000000,2.000000,4.000000,4.000000,4.000000,4.000000,4.000000,4.000000,4.000000,4.000000,4.000000,4.000000,66.666664
1614076781.335189,65.000000,0.000000,12.546731,-2.314603,3.412244,-9.550863,-4.499481,-2.625020,4.257663,-9.631560,-6.279418,-11.717951,7.960468,17.379774,-1.082693,1.924441,5.367018,41.027626,-0.928658,18.803228,-8.401467,1.334476,-0.108984,9.528446,4.576451,15.134212,1.031880,-1.580451,15.223698,0.969218,-13.338746,-3.573824,-5.170384,-1.888559,0.000000,198.000000,4.000000,,,,0.000000,4.000000,4.000000,4.000000,4.000000,4.000000,4.000000,4.000000,4.000000,4.000000,4.000000,4.000000,4.000000,4.000000,4.000000,4.000000,4.000000,4.000000,4.000000,2.000000,4.000000,4.000000,2.000000,4.000000,4.000000,4.000000,4.000000,4.000000,4.000000,4.000000,4.000000,4.000000,4.000000,66.666664
1614076781.342839,66.000000,0.000000,0.226492,-2.312289,3.408831,-11.079775,-7.059084,-2.109574,3.740584,-7.057827,-5.247498,-12.219053,0.260200,11.208549,-10.312380,-7.821074,-11.048605,18.422495,-7.594396,-7.369421,-17.111013,-11.487371,-5.237081,-0.737492,-1.581971,16.144720,1.030848,-3.117332,10.080269,0.968248,-13.325408,-3.570251,-5.165214,-10.091798,0.000000,200.000000,4.000000,,,,0.000000,4.000000,4.000000,4.000000,4.000000,4.000000,4.000000,4.000000,4.000000,4.000000,4.000000,4.000000,4.000000,4.000000,4.000000,4.000000,4.000000,4.000000,4.000000,2.000000,4.000000,4.000000,2.000000,4.000000,4.000000,4.000000,4.000000,4.000000,4.000000,4.000000,4.000000,4.000000,4.000000,66.666664
1614076781.350588,67.000000,0.000000,-7.978863,-2.309976,-0.184321,-17.735361,-15.257154,-9.799772,2.198382,1.154360,-11.908916,-19.899141,-12.047753,3.505032,-15.430272,-13.454278,-14.114480,24.045097,-6.561161,-1.721026,-15.042622,-18.142551,-11.385690,-4.839319,-8.759876,10.487549,-2.559926,-5.678317,0.839420,1.480101,-13.312082,-5.105142,-5.160048,-16.235552,0.000000,177.000000,4.000000,,,,0.000000,4.000000,4.000000,4.000000,4.000000,4.000000,4.000000,4.000000,4.000000,4.000000,4.000000,4.000000,4.000000,4.000000,4.000000,4.000000,4.000000,4.000000,4.000000,2.000000,4.000000,4.000000,2.000000,4.000000,4.000000,4.000000,4.000000,4.000000,4.000000,4.000000,4.000000,4.000000,4.000000,66.666664
1614076781.358237,68.000000,0.000000,-3.355500,-2.307666,-4.286701,-22.845831,-17.293179,-17.995100,0.144902,-10.641666,-20.614956,-27.058729,-13.574166,-2.652319,-16.953304,-12.928003,-19.228571,20.431309,-6.041779,-2.744946,-16.053219,-20.688511,-17.015329,-3.296018,-10.802399,1.759113,-7.172750,-5.672639,-5.828086,-0.059841,-13.298770,-7.151319,-5.154888,-17.244959,0.000000,180.000000,4.000000,,,,0.000000,4.000000,4.000000,4.000000,4.000000,4.000000,4.000000,4.000000,4.000000,4.000000,4.000000,4.000000,4.000000,4.000000,4.000000,4.000000,4.000000,4.000000,4.000000,2.000000,4.000000,4.000000,2.000000,4.000000,4.000000,4.000000,4.000000,4.000000,4.000000,4.000000,4.000000,4.000000,4.000000,66.666664
1614076781.365986,69.000000,0.000000,-4.890605,-2.305358,-3.256773,-19.233242,-15.224603,-11.310439,-0.368064,-19.348974,-20.081520,-23.954748,-8.945208,-3.162487,-18.987633,-14.453537,-24.850367,6.564724,-7.061378,-16.075535,-12.447423,-21.180643,-18.536776,-7.908107,-10.791596,-2.345210,-9.216860,-5.154146,-7.873540,-2.111063,-13.285471,-7.144167,-5.149734,-15.176431,0.000000,198.000000,4.000000,,,,0.000000,4.000000,4.000000,4.000000,4.000000,4.000000,4.000000,4.000000,4.000000,4.000000,4.000000,4.000000,4.000000,4.000000,4.000000,4.000000,4.000000,4.000000,4.000000,2.000000,4.000000,4.000000,2.000000,4.000000,4.000000,4.000000,4.000000,4.000000,4.000000,4.000000,4.000000,4.000000,4.000000,66.666664
1614076781.373635,70.000000,0.000000,-6.936997,-2.303053,-0.176593,-14.598624,-15.722198,-1.555539,0.145125,-4.970650,-14.420414,-18.802588,-6.884981,-0.082402,-12.301978,-3.157032,-8.928082,30.147903,-6.028676,8.043105,4.488101,-12.441513,-17.492598,-10.977121,-10.267984,-4.906968,-10.233284,-6.174633,-8.891308,-3.134593,-13.272186,-5.085741,-5.144584,-6.956126,0.000000,199.000000,4.000000,,,,0.000000,4.000000,4.000000,4.000000,4.000000,4.000000,4.000000,4.000000,4.000000,4.000000,4.000000,4.000000,4.000000,4.000000,4.000000,4.000000,4.000000,4.000000,4.000000,2.000000,4.000000,4.000000,2.000000,4.000000,4.000000,4.000000,4.000000,4.000000,4.000000,4.000000,4.000000,4.000000,4.000000,66.666664
1614076781.381384,71.000000,0.000000,1.787889,-2.300750,-0.689237,-14.071204,-16.219297,-2.579624,-0.880661,2.213808,-13.380352,-19.809427,-5.852455,1.456142,-1.007625,12.230741,9.542385,49.604935,-3.458544,40.855576,17.304127,0.391441,-8.244336,-2.248196,-7.693614,-6.953343,-10.735871,-5.142817,-6.831135,-2.618638,-13.258914,-3.029373,-5.139439,1.768778,0.000000,175.000000,4.000000,,,,0.000000,4.000000,4.000000,4.000000,4.000000,4.000000,4.000000,4.000000,4.000000,4.000000,4.000000,4.000000,4.000000,4.000000,4.000000,4.000000,4.000000,4.000000,4.000000,2.000000,4.000000,4.000000,2.000000,4.000000,4.000000,4.000000,4.000000,4.000000,4.000000,4.000000,4.000000,4.000000,4.000000,66.666664
1614076781.389033,72.000000,0.000000,7.939947,-2.298449,-1.201368,-14.057134,-15.690257,-2.577044,0.145861,-7.019176,-14.392613,-19.789618,-4.308141,1.967507,0.531844,7.603125,5.943099,25.965586,-1.916624,29.532669,8.568873,3.467973,1.507498,11.600206,-6.147459,-4.382287,-10.212315,-2.573571,-3.747380,-2.616019,-13.245655,-3.539165,-5.134300,-0.284272,0.000000,177.000000,4.000000,,,,0.000000,4.000000,4.000000,4.000000,4.000000,4.000000,4.000000,4.000000,4.000000,4.000000,4.000000,4.000000,4.000000,4.000000,4.000000,4.000000,4.000000,4.000000,4.000000,2.000000,4.000000,4.000000,2.000000,4.000000,4.000000,4.000000,4.000000,4.000000,4.000000,4.000000,4.000000,4.000000,4.000000,66.666664
1614076781.396882,73.000000,0.000000,6.393546,-2.296151,-0.687347,-13.530255,-15.161746,-0.523185,0.658535,-10.089079,-13.352579,-19.769827,-4.303833,0.939898,-3.571251,-5.224991,-1.755151,14.144749,-1.914708,0.272366,-8.362772,-0.125239,-9.263241,10.562965,-6.654132,0.750301,-10.202103,-3.083818,-5.282094,-2.613403,-13.232409,-5.074087,-5.129165,-4.899373,0.000000,199.000000,4.000000,,,,0.000000,4.000000,4.000000,4.000000,4.000000,4.000000,4.000000,4.000000,4.000000,4.000000,4.000000,4.000000,4.000000,4.000000,4.000000,4.000000,4.000000,4.000000,4.000000,2.000000,4.000000,4.000000,2.000000,4.000000,4.000000,4.000000,4.000000,4.000000,4.000000,4.000000,4.000000,4.000000,4.000000,66.666664
1614076781.404631,74.000000,0.000000,6.387152,-1.781034,-0.686659,-13.516726,-15.659406,-9.240611,-5.495969,-13.155913,-12.826406,-23.852621,-5.837990,-3.163606,-7.157424,-5.732587,-0.727755,25.412655,-3.964075,-7.420214,-17.072359,-2.176396,-26.689875,-4.832213,-6.647478,0.749550,-10.191900,-6.157658,-6.815274,-3.123610,-13.731997,-7.120295,-5.124036,-4.894474,0.000000,202.000000,4.000000,,,,0.000000,4.000000,4.000000,4.000000,4.000000,4.000000,4.000000,4.000000,4.000000,4.000000,4.000000,4.000000,4.000000,4.000000,4.000000,4.000000,4.000000,4.000000,4.000000,2.000000,4.000000,4.000000,2.000000,4.000000,4.000000,4.000000,4.000000,4.000000,4.000000,4.000000,4.000000,4.000000,4.000000,66.666664
1614076781.412480,75.000000,0.000000,4.329483,-0.240792,-0.685973,-12.990388,-16.156567,-16.923677,-11.131499,-15.706860,-13.839221,-27.418512,-8.396255,-6.237365,-11.252831,-4.701213,-1.239848,19.746218,-6.011393,-1.258947,-15.004004,-3.199860,-22.047800,-13.545330,-6.128010,-4.379405,-10.694530,-5.638680,-3.218715,-2.607666,-13.205444,-8.651636,-5.631732,-4.376759,0.000000,177.000000,4.000000,,,,0.000000,4.000000,4.000000,4.000000,4.000000,4.000000,4.000000,4.000000,4.000000,4.000000,4.000000,4.000000,4.000000,4.000000,4.000000,4.000000,4.000000,4.000000,4.000000,2.000000,4.000000,4.000000,2.000000,4.000000,4.000000,4.000000,4.000000,4.000000,4.000000,4.000000,4.000000,4.000000,4.000000,66.666664
1614076781.420229,76.000000,0.000000,2.786692,1.810731,-0.685287,-10.926116,-14.601948,-12.291369,-9.581906,-6.460384,-13.312561,-26.878273,-8.387858,-6.231128,-14.318501,-8.799076,-4.315531,7.418778,-6.005382,-0.232047,-9.347975,-3.709481,-10.230881,-11.480502,-6.634702,-7.451948,-10.171014,-3.068938,-0.138573,-0.553777,-10.628137,-5.053241,-5.113280,-4.885202,0.000000,190.000000,4.000000,,,,0.000000,4.000000,4.000000,4.000000,4.000000,4.000000,4.000000,4.000000,4.000000,4.000000,4.000000,4.000000,4.000000,4.000000,4.000000,4.000000,4.000000,4.000000,4.000000,2.000000,4.000000,4.000000,2.000000,4.000000,4.000000,4.000000,4.000000,4.000000,4.000000,4.000000,4.000000,4.000000,4.000000,66.666664
1614076781.428078,77.000000,0.000000,5.348008,1.808920,-1.197422,-9.889548,-16.638628,-10.227797,-8.546683,-5.428282,-13.299249,-27.364216,-8.379471,-5.712076,-16.868284,-9.815918,-6.875318,3.308795,-5.999376,-8.436944,-10.877088,-7.295515,-10.733470,-11.469022,-7.140888,-4.880394,-10.673664,-2.553049,-0.651255,1.498059,-9.079047,-0.945624,-5.108167,-5.393137,0.000000,196.000000,4.000000,,,,0.000000,4.000000,4.000000,4.000000,4.000000,4.000000,4.000000,4.000000,4.000000,4.000000,4.000000,4.000000,4.000000,4.000000,4.000000,4.000000,4.000000,4.000000,4.000000,2.000000,4.000000,4.000000,2.000000,4.000000,4.000000,4.000000,4.000000,4.000000,4.000000,4.000000,4.000000,4.000000,4.000000,66.666664
1614076781.435828,78.000000,0.000000,3.291378,-2.295453,-1.196224,-11.930942,-21.750195,-18.422697,-11.615060,-20.294649,-16.362873,-27.336851,-11.960835,-6.732005,-19.415520,-11.344563,-9.945366,6.382410,-7.019018,-1.249020,-8.814929,-11.903605,-11.748378,-7.867809,-7.133747,-3.849872,-11.688631,-2.550496,-1.676245,0.983741,-9.582788,-2.483140,-5.615880,-5.900565,0.000000,187.000000,4.000000,,,,0.000000,4.000000,4.000000,4.000000,4.000000,4.000000,4.000000,4.000000,4.000000,4.000000,4.000000,4.000000,4.000000,4.000000,4.000000,4.000000,4.000000,4.000000,4.000000,2.000000,4.000000,4.000000,2.000000,4.000000,4.000000,4.000000,4.000000,4.000000,4.000000,4.000000,4.000000,4.000000,4.000000,66.666664
1614076781.443677,79.000000,0.000000,-1.327299,-6.395721,-0.682208,-16.021574,-20.189983,-20.968376,-11.603444,-22.838457,-20.449074,-26.283875,-11.436053,-5.699632,-18.883284,-11.333219,-5.832857,27.914490,-5.986358,21.316332,2.988758,-7.276316,-9.172526,3.422110,-6.100972,-4.871664,-8.087199,-1.522304,-0.136107,0.982757,-9.573206,-2.993477,-4.584622,-3.330562,0.000000,214.000000,4.000000,,,,0.000000,4.000000,4.000000,4.000000,4.000000,4.000000,4.000000,4.000000,4.000000,4.000000,4.000000,4.000000,4.000000,4.000000,4.000000,4.000000,4.000000,4.000000,4.000000,2.000000,4.000000,4.000000,2.000000,4.000000,4.000000,4.000000,4.000000,4.000000,4.000000,4.000000,4.000000,4.000000,4.000000,66.666664
1614076781.451426,80.000000,0.000000,-1.838792,-5.876505,-1.194346,-19.082476,-14.015947,-18.896126,-10.566200,-16.148952,-21.967087,-27.283232,-6.809233,-5.693933,-17.325937,-7.732142,-0.185998,46.348114,-4.954731,13.089888,-2.142436,-5.217758,-11.214636,3.931508,-6.607692,-2.302689,-4.489368,-2.546423,-1.161612,0.981774,-9.050812,5.214645,-0.477474,0.262513,0.000000,207.000000,4.000000,,,,0.000000,4.000000,4.000000,4.000000,4.000000,4.000000,4.000000,4.000000,4.000000,4.000000,4.000000,4.000000,4.000000,4.000000,4.000000,4.000000,4.000000,4.000000,4.000000,2.000000,4.000000,4.000000,2.000000,4.000000,4.000000,4.000000,4.000000,4.000000,4.000000,4.000000,4.000000,4.000000,4.000000,66.666664
1614076781.459275,81.000000,0.000000,-2.349773,-3.306526,-1.193152,-13.935188,-10.412188,-16.825949,-12.094095,-18.696905,-21.432299,-26.230307,-5.263962,-7.226700,-19.872715,-5.160307,-5.826838,31.942791,-7.513878,-14.102690,-23.165934,-12.392027,-5.049575,-3.251910,-7.626725,-0.761925,-3.459238,-2.543876,-1.673271,0.980792,-10.580223,11.876097,3.112747,2.826353,0.000000,191.000000,4.000000,,,,0.000000,4.000000,4.000000,4.000000,4.000000,4.000000,4.000000,4.000000,4.000000,4.000000,4.000000,4.000000,4.000000,4.000000,4.000000,4.000000,4.000000,4.000000,4.000000,2.000000,4.000000,4.000000,2.000000,4.000000,4.000000,4.000000,4.000000,4.000000,4.000000,4.000000,4.000000,4.000000,4.000000,66.666664
1614076781.467024,82.000000,0.000000,0.216679,-1.251937,3.423426,-4.690484,-6.812032,-9.629635,-7.979437,-14.062824,-18.846764,-19.024590,-0.643313,-2.091268,-14.724637,-0.539762,-5.821011,17.039053,-3.916621,2.321670,-14.424820,-2.636045,12.391372,4.956470,-0.439611,-0.248342,5.262170,5.663795,4.995069,0.979812,-8.518360,11.351400,5.160916,7.951731,0.000000,204.000000,4.000000,,,,0.000000,4.000000,4.000000,4.000000,4.000000,4.000000,4.000000,4.000000,4.000000,4.000000,4.000000,4.000000,4.000000,4.000000,4.000000,4.000000,4.000000,4.000000,4.000000,2.000000,4.000000,4.000000,2.000000,4.000000,4.000000,4.000000,4.000000,4.000000,4.000000,4.000000,4.000000,4.000000,4.000000,66.666664
1614076781.474873,83.000000,0.000000,7.395949,0.800597,7.522567,-1.096050,-3.215476,-1.414877,-1.304791,0.823034,-14.212532,-13.877359,9.613740,7.654413,-2.402220,6.640265,10.595067,33.945091,6.856526,35.139862,12.256271,16.853769,17.507185,12.131001,8.278777,12.059598,16.026138,13.350439,14.220843,0.978832,-3.381637,11.340049,6.181396,11.020702,0.000000,208.000000,4.000000,,,,0.000000,4.000000,4.000000,4.000000,4.000000,4.000000,4.000000,4.000000,4.000000,4.000000,4.000000,4.000000,4.000000,4.000000,4.000000,4.000000,4.000000,4.000000,4.000000,2.000000,4.000000,4.000000,2.000000,4.000000,4.000000,4.000000,4.000000,4.000000,4.000000,4.000000,4.000000,4.000000,4.000000,66.666664
1614076781.482622,84.000000,0.000000,9.439836,1.825437,7.002224,-4.684697,-3.725081,-0.900642,-3.867589,-1.229071,-13.172679,-16.427586,9.091306,9.185220,-4.451100,2.018239,12.122933,42.116272,3.772747,25.873951,10.705554,8.631788,6.207627,-2.240105,4.167934,22.816769,12.933189,11.798628,14.719442,0.977853,-1.839794,11.328709,6.175215,8.958400,0.000000,189.000000,4.000000,,,,0.000000,4.000000,4.000000,4.000000,4.000000,4.000000,4.000000,4.000000,4.000000,4.000000,4.000000,4.000000,4.000000,4.000000,4.000000,4.000000,4.000000,4.000000,4.000000,2.000000,4.000000,4.000000,2.000000,4.000000,4.000000,4.000000,4.000000,4.000000,4.000000,4.000000,4.000000,4.000000,4.000000,66.666664
1614076781.490471,85.000000,0.000000,5.840652,1.310791,5.969581,-6.731295,-4.234177,-2.951023,-11.043208,-17.125278,-13.672326,-19.488081,-0.661375,3.022188,-18.805624,-7.214548,-8.402010,16.433132,-10.590000,2.258334,-4.689767,-7.787100,0.047573,-11.468635,-5.579823,16.640106,7.792051,8.709906,13.679082,0.976875,-2.350775,8.753278,5.656219,12.026364,0.000000,167.000000,4.000000,,,,0.000000,4.000000,4.000000,4.000000,4.000000,4.000000,4.000000,4.000000,4.000000,4.000000,4.000000,4.000000,4.000000,4.000000,4.000000,4.000000,4.000000,4.000000,4.000000,2.000000,4.000000,4.000000,2.000000,4.000000,4.000000,4.000000,4.000000,4.000000,4.000000,4.000000,4.000000,4.000000,4.000000,66.666664
1614076781.498220,86.000000,0.000000,5.834811,2.335121,8.527714,-4.673281,-3.717122,-1.409611,-11.544986,-21.723537,-12.120193,-18.442951,-4.763278,0.967884,-23.402203,-8.232974,-17.111557,-0.506378,-14.169154,0.204794,-4.685077,-8.292133,1.073166,-0.175114,-6.599885,7.392697,9.835542,9.214016,16.742327,0.975898,0.728499,7.206063,5.650563,17.142544,0.000000,191.000000,4.000000,,,,0.000000,4.000000,4.000000,4.000000,4.000000,4.000000,4.000000,4.000000,4.000000,4.000000,4.000000,4.000000,4.000000,4.000000,4.000000,4.000000,4.000000,4.000000,4.000000,2.000000,4.000000,4.000000,2.000000,4.000000,4.000000,4.000000,4.000000,4.000000,4.000000,4.000000,4.000000,4.000000,4.000000,66.666664
1614076781.506069,87.000000,0.000000,6.341797,-0.231316,3.390981,-8.771173,-11.405712,-2.946662,-9.994979,-19.137711,-15.184996,-20.475790,-7.322617,1.992557,-20.814697,-12.327306,-14.017523,12.827461,-13.129344,6.871255,-4.680392,-13.924867,-4.056112,-2.226221,-6.080464,7.898125,1.107757,7.666341,9.546097,1.487743,0.214950,7.711677,5.644913,10.458735,0.000000,176.000000,4.000000,,,,0.000000,4.000000,4.000000,4.000000,4.000000,4.000000,4.000000,4.000000,4.000000,4.000000,4.000000,4.000000,4.000000,4.000000,4.000000,4.000000,4.000000,4.000000,4.000000,2.000000,4.000000,4.000000,2.000000,4.000000,4.000000,4.000000,4.000000,4.000000,4.000000,4.000000,4.000000,4.000000,4.000000,66.666664
1614076781.513818,88.000000,0.000000,3.258532,-7.410572,-8.920102,-19.018812,-21.137896,-8.584742,-11.010625,-20.657036,-22.349298,-24.557878,-13.981961,1.477744,-21.306704,-24.109850,-22.721453,13.840275,-20.295702,3.787461,-7.239814,-26.731455,-10.205902,-24.788097,-10.176948,4.813304,-10.688223,4.581751,-6.873706,0.973435,-5.426290,5.652683,6.152088,-0.320955,0.000000,226.000000,4.000000,,,,0.000000,4.000000,4.000000,4.000000,4.000000,4.000000,4.000000,4.000000,4.000000,4.000000,4.000000,4.000000,4.000000,4.000000,4.000000,4.000000,4.000000,4.000000,4.000000,2.000000,4.000000,4.000000,2.000000,4.000000,4.000000,4.000000,4.000000,4.000000,4.000000,4.000000,4.000000,4.000000,4.000000,66.666664
1614076781.521667,89.000000,0.000000,1.716812,-9.454444,-10.449644,-21.563894,-23.680861,-14.730002,-11.512435,-20.123558,-25.403872,-27.097424,-17.044903,0.963446,-23.336679,-28.701124,-32.442322,-14.378694,-25.916431,-11.600942,-2.104369,-29.268826,-10.708516,-29.891514,-11.192412,-2.883817,-5.036509,4.577170,-8.918114,0.972461,-5.420864,3.595749,5.633116,-2.371917,0.000000,204.000000,4.000000,,,,0.000000,4.000000,4.000000,4.000000,4.000000,4.000000,4.000000,4.000000,4.000000,4.000000,4.000000,4.000000,4.000000,4.000000,4.000000,4.000000,4.000000,4.000000,4.000000,2.000000,4.000000,4.000000,2.000000,4.000000,4.000000,4.000000,4.000000,4.000000,4.000000,4.000000,4.000000,4.000000,4.000000,66.666664
1614076781.529416,90.000000,0.000000,2.740736,-6.368066,-2.234066,-17.952587,-22.631538,-12.663991,-10.988102,-17.026510,-24.352827,-26.557505,-16.002216,1.475303,-22.287701,-27.646782,-27.281675,-16.928417,-24.864874,-12.102161,-4.666368,-26.675455,-10.184987,-18.066751,-9.642758,-4.932216,-1.441728,5.085413,-3.780991,1.484309,-3.364161,3.592153,5.627482,-0.831083,0.000000,126.000000,4.000000,,,,0.000000,4.000000,4.000000,4.000000,4.000000,4.000000,4.000000,4.000000,4.000000,4.000000,4.000000,4.000000,4.000000,4.000000,4.000000,4.000000,4.000000,4.000000,4.000000,2.000000,4.000000,4.000000,2.000000,4.000000,4.000000,4.000000,4.000000,4.000000,4.000000,4.000000,4.000000,4.000000,4.000000,66.666664
1614076781.537065,91.000000,0.000000,1.199534,-5.336057,-1.719012,-16.908995,-23.121729,-5.984660,-10.977114,-15.983844,-24.328474,-26.018127,-15.473393,1.473828,-20.726952,-25.055033,-21.100546,13.857742,-23.814367,6.884300,-11.328368,-26.648779,-10.174803,-18.561504,-12.197218,-3.388822,-11.183876,5.080328,-15.572082,0.970004,-6.437720,1.024458,6.647496,-0.317431,0.000000,205.000000,4.000000,,,,0.000000,4.000000,4.000000,4.000000,4.000000,4.000000,4.000000,4.000000,4.000000,4.000000,4.000000,4.000000,4.000000,4.000000,4.000000,4.000000,4.000000,4.000000,4.000000,2.000000,4.000000,4.000000,4.000000,4.000000,4.000000,4.000000,4.000000,4.000000,4.000000,4.000000,4.000000,4.000000,4.000000,83.333336
1614076781.544814,92.000000,0.000000,-1.365768,-5.843542,-7.871139,-17.404905,-23.098606,-9.568419,-10.966137,-16.480680,-24.816965,-26.504930,-15.457920,1.985174,-22.757507,-23.491516,-24.156368,12.305423,-24.816195,1.236390,-4.137552,-27.134951,-10.164628,-22.645508,-14.236302,-3.898253,-11.685513,5.075247,-24.274458,-3.133530,-9.508205,-3.079130,5.102387,-4.932498,0.000000,174.000000,4.000000,,,,0.000000,4.000000,4.000000,4.000000,4.000000,4.000000,4.000000,4.000000,4.000000,4.000000,4.000000,4.000000,4.000000,4.000000,4.000000,4.000000,4.000000,4.000000,4.000000,2.000000,4.000000,4.000000,4.000000,4.000000,4.000000,4.000000,4.000000,4.000000,4.000000,4.000000,4.000000,4.000000,4.000000,83.333336
1614076781.552463,93.000000,0.000000,-1.877223,-6.350519,-8.888908,-19.438782,-22.562687,-19.815260,-10.955171,-16.464199,-24.279329,-26.478424,-15.955283,1.983189,-25.298851,-23.980846,-23.619392,-16.424831,-22.227276,-20.303308,-4.133415,-27.620636,-10.154463,-10.315169,-11.657964,-3.894355,-2.955879,5.070172,-8.352748,-6.720140,-11.037159,-6.152974,-0.543741,-18.773720,0.000000,198.000000,4.000000,,,,0.000000,4.000000,4.000000,4.000000,4.000000,4.000000,4.000000,4.000000,4.000000,4.000000,4.000000,4.000000,4.000000,4.000000,4.000000,4.000000,4.000000,4.000000,4.000000,2.000000,4.000000,4.000000,4.000000,4.000000,4.000000,4.000000,4.000000,4.000000,4.000000,4.000000,4.000000,4.000000,4.000000,83.333336
1614076781.560212,94.000000,0.000000,-1.362525,-8.908271,-7.341558,-23.521908,-22.540125,-20.308266,-10.944216,-15.934915,-24.255049,-24.400663,-15.426507,1.468385,-18.606886,-21.392763,-12.313722,-5.639176,-13.999921,-11.565056,-21.565180,-19.900707,-10.144309,1.490017,-9.595024,-3.890461,-2.440103,5.065102,7.553041,-6.713420,-14.103045,-7.685283,-3.107300,-23.883152,0.000000,194.000000,4.000000,,,,0.000000,4.000000,4.000000,4.000000,4.000000,4.000000,4.000000,4.000000,4.000000,4.000000,4.000000,4.000000,4.000000,4.000000,4.000000,4.000000,4.000000,4.000000,4.000000,2.000000,4.000000,4.000000,4.000000,4.000000,4.000000,4.000000,4.000000,4.000000,4.000000,4.000000,4.000000,4.000000,4.000000,83.333336
1614076781.567862,95.000000,0.000000,-1.361162,-9.412183,-7.847037,-24.524027,-22.517584,-13.621291,-10.933271,-13.354877,-23.717974,-22.324982,-10.282875,2.492558,-10.383151,-14.704702,-4.096280,15.392104,-6.293613,-6.425286,-25.646177,-7.060295,-10.134164,-2.101216,-10.098249,-3.373750,-2.950483,5.060037,8.058309,-6.193886,-16.653044,-7.164777,-1.052910,-17.192602,0.000000,209.000000,4.000000,,,,0.000000,4.000000,4.000000,4.000000,4.000000,4.000000,4.000000,4.000000,4.000000,4.000000,4.000000,4.000000,4.000000,4.000000,4.000000,4.000000,4.000000,4.000000,4.000000,2.000000,4.000000,4.000000,4.000000,4.000000,4.000000,4.000000,4.000000,4.000000,4.000000,4.000000,4.000000,4.000000,4.000000,83.333336
1614076781.575611,96.000000,0.000000,-1.359801,-9.915591,-8.352011,-25.012323,-22.495068,-12.582028,-10.922338,-12.828702,-24.207075,-23.841118,-9.759772,0.951604,-12.936871,-11.100254,-4.092184,5.120302,-5.261678,-27.957321,-14.338480,-3.463491,-10.124030,-7.227320,-10.600971,-1.319094,-3.973173,5.054977,5.998968,-6.700512,-19.713314,-7.670433,-3.103140,-16.149769,8064.000000,0.000000,4.000000,,,,0.000000,4.000000,4.000000,4.000000,4.000000,4.000000,4.000000,4.000000,4.000000,4.000000,4.000000,4.000000,4.000000,4.000000,4.000000,4.000000,4.000000,4.000000,4.000000,2.000000,4.000000,4.000000,4.000000,4.000000,4.000000,4.000000,4.000000,4.000000,4.000000,4.000000,4.000000,4.000000,4.000000,83.333336
1614076781.583260,97.000000,0.000000,-1.358441,-9.905676,-7.830838,-26.012953,-22.985392,-14.107908,-10.911416,-14.867155,-24.182869,-26.381380,-14.365396,-4.690373,-18.052139,-11.601974,-4.600912,7.679284,-5.769237,-16.647314,-10.734398,-4.485668,-10.113906,-6.194452,-9.564730,0.733507,-12.174329,5.049922,5.992969,-6.180991,-20.206421,-9.201224,-6.176960,-16.133617,8064.000000,0.000000,4.000000,,,,0.000000,4.000000,4.000000,4.000000,4.000000,4.000000,4.000000,4.000000,4.000000,4.000000,4.000000,4.000000,4.000000,4.000000,4.000000,4.000000,4.000000,4.000000,4.000000,2.000000,4.000000,4.000000,4.000000,4.000000,4.000000,4.000000,4.000000,4.000000,4.000000,4.000000,4.000000,4.000000,4.000000,83.333336
1614076781.591009,98.000000,0.000000,-1.357083,-5.793206,-5.771725,-16.243349,-21.423946,-13.068159,-10.900504,-16.903570,-22.107405,-26.354998,-15.889493,-9.813888,-18.034086,-11.590373,-7.160413,14.851092,-3.712186,4.394975,-12.774946,-2.942721,-10.103792,-6.188258,-9.555164,0.219953,-12.162154,5.044872,3.935694,-6.174810,-10.955445,-0.986894,-0.016936,-3.809792,8064.000000,0.000000,4.000000,,,,0.000000,4.000000,4.000000,4.000000,4.000000,4.000000,4.000000,4.000000,4.000000,4.000000,4.000000,4.000000,4.000000,4.000000,4.000000,4.000000,4.000000,4.000000,4.000000,2.000000,4.000000,4.000000,4.000000,4.000000,4.000000,4.000000,4.000000,4.000000,4.000000,4.000000,4.000000,4.000000,4.000000,83.333336
1614076781.598658,99.000000,0.000000,-1.355726,0.879254,-3.714671,-3.406593,-18.838419,-9.978168,-10.889604,-17.399487,-20.034014,-26.841463,-16.899244,-11.342536,-18.528873,-12.604424,-13.307099,-7.215041,-8.323858,-14.583779,-13.274992,-6.016701,-10.606509,-6.694890,-10.571251,-0.293087,-3.944864,5.552648,2.906117,-6.168635,-1.200900,10.296144,10.752312,6.963248,8064.000000,0.000000,4.000000,,,,0.000000,4.000000,4.000000,4.000000,4.000000,4.000000,4.000000,4.000000,4.000000,4.000000,4.000000,4.000000,4.000000,4.000000,4.000000,4.000000,4.000000,4.000000,4.000000,2.000000,4.000000,4.000000,4.000000,4.000000,4.000000,4.000000,4.000000,4.000000,4.000000,4.000000,4.000000,4.000000,4.000000,83.333336
1614076781.606407,100.000000,0.000000,-1.354370,2.416837,-4.223777,-5.967289,-18.306761,-7.916908,-10.878715,-13.792344,-20.013981,-25.276161,-13.292602,-7.228629,-15.946241,-10.027717,-6.627125,9.202431,-8.828355,-6.876887,-11.210435,-6.010684,-9.570261,-6.688195,-9.535038,0.220026,-2.915278,5.034274,1.364749,-6.162467,-2.225341,9.773027,14.331303,6.956285,8064.000000,0.000000,4.000000,,,,0.000000,4.000000,4.000000,4.000000,4.000000,4.000000,4.000000,4.000000,4.000000,4.000000,4.000000,4.000000,4.000000,4.000000,4.000000,4.000000,4.000000,4.000000,4.000000,2.000000,4.000000,4.000000,4.000000,4.000000,4.000000,4.000000,4.000000,4.000000,4.000000,4.000000,4.000000,4.000000,4.000000,83.333336
1614076781.614056,101.000000,0.000000,-1.353016,1.388779,-4.219553,-13.653629,-18.801273,-10.473094,-10.867836,-7.624705,-20.506786,-21.148321,-0.458796,1.496548,-8.237988,-2.838202,9.276937,42.013741,1.949704,25.950502,-1.455634,3.226095,-8.022229,-7.194327,-6.961401,0.219806,-1.373901,2.977958,-1.200718,-6.156304,-5.812859,7.199152,12.778510,5.410867,8064.000000,0.000000,4.000000,,,,0.000000,4.000000,4.000000,4.000000,4.000000,4.000000,4.000000,4.000000,4.000000,4.000000,4.000000,4.000000,4.000000,4.000000,4.000000,4.000000,4.000000,4.000000,4.000000,2.000000,4.000000,4.000000,4.000000,4.000000,4.000000,4.000000,4.000000,4.000000,4.000000,4.000000,4.000000,4.000000,4.000000,83.333336
1614076781.621805,102.000000,0.000000,-1.351663,1.387390,-4.215334,-11.588694,-18.782473,-8.924159,-10.856968,-4.540158,-20.486280,-18.050249,7.233970,6.110436,-7.204109,-1.296902,6.190738,24.535830,2.973396,19.257885,4.186847,5.786972,-5.962925,-6.161492,-5.928798,-0.293234,8.883883,1.436519,-1.199517,-6.150148,-5.294225,12.320157,12.765731,8.482380,8064.000000,0.000000,4.000000,,,,0.000000,4.000000,4.000000,4.000000,4.000000,4.000000,4.000000,4.000000,4.000000,4.000000,4.000000,4.000000,4.000000,4.000000,4.000000,4.000000,4.000000,4.000000,4.000000,2.000000,4.000000,4.000000,4.000000,4.000000,4.000000,4.000000,4.000000,4.000000,4.000000,4.000000,4.000000,4.000000,4.000000,83.333336
1614076781.629455,103.000000,0.000000,-1.350311,1.898823,-4.211119,-8.500182,-18.250870,-0.710107,-10.846110,-5.048438,-20.465794,-18.545019,4.149813,5.591506,-12.837931,-4.372528,-8.687248,-7.796399,-7.798809,-13.069065,-0.432725,-2.423944,-3.905680,-3.078407,-5.922870,0.732700,12.464743,0.922261,-0.685497,-6.143998,-5.288931,14.871940,13.265786,10.012359,8064.000000,0.000000,4.000000,,,,0.000000,4.000000,4.000000,4.000000,4.000000,4.000000,4.000000,4.000000,4.000000,4.000000,4.000000,4.000000,4.000000,4.000000,4.000000,4.000000,4.000000,4.000000,4.000000,2.000000,4.000000,4.000000,4.000000,4.000000,4.000000,4.000000,4.000000,4.000000,4.000000,4.000000,4.000000,4.000000,4.000000,83.333336
1614076781.637304,104.000000,0.000000,-1.348961,1.896924,-4.206907,-10.030144,-19.771080,-0.196576,-10.835265,-5.043390,-19.932508,-19.552114,3.120022,5.585914,-14.363554,-3.855335,-9.704202,14.775500,-7.278189,6.944004,5.721554,-4.985622,-1.850493,-2.562508,-5.916947,3.296070,6.811253,1.434160,-0.684812,-6.137854,-5.283642,11.780145,12.739699,10.002346,8064.000000,0.000000,4.000000,,,,0.000000,4.000000,4.000000,4.000000,4.000000,4.000000,4.000000,4.000000,4.000000,4.000000,4.000000,4.000000,4.000000,4.000000,4.000000,4.000000,4.000000,4.000000,4.000000,2.000000,4.000000,4.000000,4.000000,4.000000,4.000000,4.000000,4.000000,4.000000,4.000000,4.000000,4.000000,4.000000,4.000000,83.333336
1614076781.645053,105.000000,0.000000,-1.347612,-0.669075,-4.202701,-10.532934,-22.315413,-10.452789,-10.824430,-6.576808,-20.425396,-21.583845,2.604082,4.041866,-14.349191,-6.928403,-6.617574,37.837646,-7.270911,19.757572,13.920961,-2.929354,-1.335822,-7.175331,-7.449491,4.318415,4.753159,1.432726,-0.684127,-6.131716,-6.816820,10.742723,12.726960,9.479524,8064.000000,0.000000,4.000000,,,,0.000000,4.000000,4.000000,4.000000,4.000000,4.000000,4.000000,4.000000,4.000000,4.000000,4.000000,4.000000,4.000000,4.000000,4.000000,4.000000,4.000000,4.000000,4.000000,2.000000,4.000000,4.000000,4.000000,4.000000,4.000000,4.000000,4.000000,4.000000,4.000000,4.000000,4.000000,4.000000,4.000000,83.333336
1614076781.652902,106.000000,0.000000,-1.346264,-2.206868,-4.198498,-10.009581,-22.293097,-14.544901,-10.813605,-9.647154,-21.943432,-23.100723,-2.013907,1.473722,-17.924585,-15.126602,-14.303265,5.492118,-18.032871,-12.569877,-1.990396,-7.541810,-4.411409,-6.142514,-10.006145,3.801276,4.748406,1.431293,-0.683443,-6.125585,-8.861285,10.731981,12.714233,9.470044,8064.000000,0.000000,4.000000,,,,0.000000,4.000000,4.000000,4.000000,4.000000,4.000000,4.000000,4.000000,4.000000,4.000000,4.000000,4.000000,4.000000,4.000000,4.000000,4.000000,4.000000,4.000000,4.000000,2.000000,4.000000,4.000000,4.000000,4.000000,4.000000,4.000000,4.000000,4.000000,4.000000,4.000000,4.000000,4.000000,4.000000,83.333336
1614076781.660651,107.000000,0.000000,-1.344918,-0.153379,-4.194299,-9.486751,-22.270803,-10.427792,-10.802792,-9.124686,-19.357386,-22.564802,-4.575995,1.472248,-18.419481,-16.137117,-15.827423,-8.359528,-17.502018,-31.531666,-20.449944,-12.149652,-6.458280,5.145679,-9.996139,3.797475,5.256478,1.429862,-0.169939,-6.119459,-7.826783,11.234070,12.701519,9.460574,8064.000000,0.000000,4.000000,,,,0.000000,4.000000,4.000000,4.000000,4.000000,4.000000,4.000000,4.000000,4.000000,4.000000,4.000000,4.000000,4.000000,4.000000,4.000000,4.000000,4.000000,4.000000,4.000000,2.000000,4.000000,4.000000,4.000000,4.000000,4.000000,4.000000,4.000000,4.000000,4.000000,4.000000,4.000000,4.000000,4.000000,83.333336
1614076781.668500,108.000000,0.000000,-1.343573,1.898057,-4.190105,-9.477263,-22.248533,-8.878902,-10.791988,-8.089921,-16.261105,-22.542236,-6.622702,0.445135,-17.375420,-16.120979,-12.734673,23.956524,-9.792208,-12.525776,-18.891033,-11.624682,-5.939001,5.653355,-9.473322,3.793677,5.251222,1.941252,-1.708230,-6.113339,-5.254854,11.735656,12.688817,9.451114,8064.000000,0.000000,4.000000,,,,0.000000,4.000000,4.000000,4.000000,4.000000,4.000000,4.000000,4.000000,4.000000,4.000000,4.000000,4.000000,4.000000,4.000000,4.000000,4.000000,4.000000,4.000000,4.000000,2.000000,4.000000,4.000000,4.000000,4.000000,4.000000,4.000000,4.000000,4.000000,4.000000,4.000000,4.000000,4.000000,4.000000,83.333336
1614076781.676249,109.000000,0.000000,-1.342230,1.383338,-4.185915,-11.519069,-20.175001,-9.895665,-10.781197,-9.620293,-19.321768,-23.032515,-11.231463,-3.657874,-19.922148,-22.258705,-20.927067,11.624875,-16.449081,-18.154276,-21.949064,-18.279724,-12.599729,-11.788197,-12.027951,3.789884,-3.471978,0.913670,-3.757804,-6.107226,-5.762419,6.595715,12.676128,9.954483,8064.000000,0.000000,4.000000,,,,0.000000,4.000000,4.000000,4.000000,4.000000,4.000000,4.000000,4.000000,4.000000,4.000000,4.000000,4.000000,4.000000,4.000000,4.000000,4.000000,4.000000,4.000000,4.000000,2.000000,4.000000,4.000000,4.000000,4.000000,4.000000,4.000000,4.000000,4.000000,4.000000,4.000000,4.000000,4.000000,4.000000,83.333336
1614076781.684098,110.000000,0.000000,-1.340887,0.869134,-4.181729,-13.558831,-18.103544,-9.885769,-10.770415,-3.456826,-18.276804,-20.445379,-9.681770,-5.705498,-20.415045,-19.672344,-23.983063,-0.181622,-24.124941,-25.315609,-28.593782,-26.979393,-25.920462,-25.109741,-15.605666,3.786094,-13.724916,-3.702628,-5.805328,-6.101119,-5.756657,-2.641650,12.663452,8.918887,8064.000000,0.000000,4.000000,,,,0.000000,4.000000,4.000000,4.000000,4.000000,4.000000,4.000000,4.000000,4.000000,4.000000,4.000000,4.000000,4.000000,4.000000,4.000000,4.000000,4.000000,4.000000,4.000000,2.000000,4.000000,4.000000,4.000000,4.000000,4.000000,4.000000,4.000000,4.000000,4.000000,4.000000,4.000000,4.000000,4.000000,83.333336
1614076781.691847,111.000000,0.000000,-1.339546,1.381085,-4.177547,-13.545273,-18.085442,-9.363063,-10.759645,8.854323,-6.463656,-15.809550,-4.543884,-5.186972,-16.292067,-7.344979,-10.112925,32.639072,-21.536713,-2.726190,-12.667752,-22.849850,-26.920183,-26.623093,-17.128523,3.782308,-15.762474,-6.263028,-7.337985,-6.095018,-5.238080,-4.177470,12.650789,9.422789,8064.000000,0.000000,4.000000,,,,0.000000,4.000000,4.000000,4.000000,4.000000,4.000000,4.000000,4.000000,4.000000,4.000000,4.000000,4.000000,4.000000,4.000000,4.000000,4.000000,4.000000,4.000000,4.000000,2.000000,4.000000,4.000000,4.000000,4.000000,4.000000,4.000000,4.000000,4.000000,4.000000,4.000000,4.000000,4.000000,4.000000,83.333336
1614076781.699696,112.000000,0.000000,-1.338207,1.379704,-4.173370,-13.531728,-18.067356,-6.789597,-10.748885,7.307007,-1.328987,-14.255279,-4.026519,-6.207427,-13.711672,-3.235070,-2.923325,44.914127,-19.976715,9.071408,5.806454,-13.083410,-14.072749,-20.955444,-17.111393,4.291346,-13.182609,-5.743945,-8.356288,-6.088923,-6.771303,-0.070728,12.638138,10.439007,8064.000000,0.000000,4.000000,,,,0.000000,4.000000,4.000000,4.000000,4.000000,4.000000,4.000000,4.000000,4.000000,4.000000,4.000000,4.000000,4.000000,4.000000,4.000000,4.000000,4.000000,4.000000,4.000000,2.000000,4.000000,4.000000,4.000000,4.000000,4.000000,4.000000,4.000000,4.000000,4.000000,4.000000,4.000000,4.000000,4.000000,83.333336
1614076781.707445,113.000000,0.000000,-1.336869,1.378325,-4.169197,-13.518195,-19.074930,-5.244346,-10.738136,-8.597735,-9.532786,-15.266665,-3.509672,-5.688398,-14.210781,-4.770297,-4.458863,32.561520,-16.879816,7.011055,0.672442,-11.019045,-8.930471,-5.549874,-17.094282,4.287055,-12.143785,-5.738201,-8.347931,-6.082834,-9.328634,-0.070657,10.574218,6.838824,8064.000000,0.000000,4.000000,,,,0.000000,4.000000,4.000000,4.000000,4.000000,4.000000,4.000000,4.000000,4.000000,4.000000,4.000000,4.000000,4.000000,4.000000,4.000000,4.000000,4.000000,4.000000,4.000000,2.000000,4.000000,4.000000,4.000000,4.000000,4.000000,4.000000,4.000000,4.000000,4.000000,4.000000,4.000000,4.000000,4.000000,83.333336
1614076781.715294,114.000000,0.000000,-1.335532,1.376946,-4.677848,-13.504678,-21.619957,-7.290384,-8.676116,-14.742984,-14.138638,-14.738578,-5.557445,-5.169889,-14.196569,-4.252706,-2.915943,46.375111,-12.760371,16.234812,-4.456435,-11.520846,-10.460003,5.224907,-17.590008,3.769947,-10.593180,-6.758104,-5.775481,-6.589571,-9.319305,-1.096228,8.512362,2.216601,8064.000000,0.000000,4.000000,,,,0.000000,4.000000,4.000000,4.000000,4.000000,4.000000,4.000000,4.000000,4.000000,4.000000,4.000000,4.000000,4.000000,4.000000,4.000000,4.000000,4.000000,4.000000,4.000000,2.000000,4.000000,4.000000,4.000000,4.000000,4.000000,4.000000,4.000000,4.000000,4.000000,4.000000,4.000000,4.000000,4.000000,83.333336
1614076781.723043,115.000000,0.000000,-1.334196,1.375569,-3.647529,-13.491173,-22.623978,-9.334375,-7.128979,-11.138497,-12.073217,-14.211019,-15.808297,-9.780105,-15.720835,-9.376658,-12.656616,26.841557,-17.875816,11.603193,-0.349415,-12.022146,-9.423902,-6.062369,-17.572418,4.278997,-10.069766,-6.238525,-4.231244,-6.070161,-9.309986,-0.069491,8.503849,4.265666,8064.000000,0.000000,4.000000,,,,0.000000,4.000000,4.000000,4.000000,4.000000,4.000000,4.000000,4.000000,4.000000,4.000000,4.000000,4.000000,4.000000,4.000000,4.000000,4.000000,4.000000,4.000000,4.000000,2.000000,4.000000,4.000000,4.000000,4.000000,4.000000,4.000000,4.000000,4.000000,4.000000,4.000000,4.000000,4.000000,4.000000,83.333336
1614076781.730892,116.000000,0.000000,-1.332862,1.374194,-4.669522,-13.477681,-22.088533,-9.325041,-7.121850,-17.794025,-14.112427,-17.786551,-22.971977,-16.949812,-18.782038,-17.572411,-28.541395,-5.492977,-25.037428,-10.972512,-9.067014,-19.189611,-11.465760,-17.338358,-17.554846,4.787539,-10.059696,-6.232286,-4.227013,-6.064091,-9.300676,-0.069421,9.008166,4.774221,8064.000000,0.000000,4.000000,,,,0.000000,4.000000,4.000000,4.000000,4.000000,4.000000,4.000000,4.000000,4.000000,4.000000,4.000000,4.000000,4.000000,4.000000,4.000000,4.000000,4.000000,4.000000,4.000000,2.000000,4.000000,4.000000,4.000000,4.000000,4.000000,4.000000,4.000000,4.000000,4.000000,4.000000,4.000000,4.000000,4.000000,83.333336
1614076781.738641,117.000000,0.000000,-1.844350,1.372820,-8.767417,-13.464204,-22.066444,-9.828537,-7.114728,-24.955719,-17.175238,-22.384150,-23.974646,-17.958502,-17.224794,-20.118940,-21.846188,19.640722,-23.473928,-14.038464,-18.801537,-21.734524,-15.556858,-14.244097,-17.024471,-0.345454,-10.049637,-6.226054,-4.222785,-6.570848,-9.291376,-0.069352,7.973517,-0.358758,8064.000000,0.000000,4.000000,,,,0.000000,4.000000,4.000000,4.000000,4.000000,4.000000,4.000000,4.000000,4.000000,4.000000,4.000000,4.000000,4.000000,4.000000,4.000000,4.000000,4.000000,4.000000,4.000000,2.000000,4.000000,4.000000,4.000000,4.000000,4.000000,4.000000,4.000000,4.000000,4.000000,4.000000,4.000000,4.000000,4.000000,83.333336
1614076781.746290,118.000000,0.000000,-1.329685,1.371447,-5.168906,-13.963560,-22.044378,-8.280247,-7.107613,-18.264095,-17.670883,-22.361765,-22.412209,-12.299519,-14.643466,-20.098822,-11.055111,43.723644,-20.886353,-7.870579,-9.551966,-12.482020,-11.438737,-9.614468,-16.494625,-7.011775,-9.526767,-2.117264,-0.628819,-2.974533,-9.282084,2.494820,10.016826,1.180062,8064.000000,0.000000,4.000000,,,,0.000000,4.000000,4.000000,4.000000,4.000000,4.000000,4.000000,4.000000,4.000000,4.000000,4.000000,4.000000,4.000000,4.000000,4.000000,4.000000,4.000000,4.000000,4.000000,2.000000,4.000000,4.000000,4.000000,4.000000,4.000000,4.000000,4.000000,4.000000,4.000000,4.000000,4.000000,4.000000,4.000000,83.333336
1614076781.754039,119.000000,0.000000,1.235747,1.370075,1.502930,-12.923956,-22.022335,-5.707864,-6.587685,-10.040704,-16.114750,-19.262480,-15.210310,-8.697475,-16.167284,-19.565901,-14.120978,11.372229,-18.301363,-9.913990,-0.311645,-6.828513,-6.299093,-5.502289,-14.939670,-8.030404,-5.927496,5.577161,2.961553,3.182287,-9.272802,4.030787,15.135014,8.358370,8064.000000,0.000000,4.000000,,,,0.000000,4.000000,4.000000,4.000000,4.000000,4.000000,4.000000,4.000000,4.000000,4.000000,4.000000,4.000000,4.000000,4.000000,4.000000,4.000000,4.000000,4.000000,4.000000,2.000000,4.000000,4.000000,4.000000,4.000000,4.000000,4.000000,4.000000,4.000000,4.000000,4.000000,4.000000,4.000000,4.000000,83.333336
1614076781.761689,120.000000,0.000000,2.260153,1.368705,-1.062676,-10.859750,-22.513132,-7.240617,-4.529815,-8.492202,-14.047353,-18.730396,-5.964330,-4.586214,-11.022912,-11.854028,-2.824806,28.283934,-8.539472,11.634385,-0.824154,-7.847325,-5.779974,3.221162,-9.283705,-4.432630,-2.844646,9.161327,3.471412,5.743208,-9.776350,3.513936,16.658340,9.888473,8064.000000,0.000000,4.000000,,,,0.000000,4.000000,4.000000,4.000000,4.000000,4.000000,4.000000,4.000000,4.000000,4.000000,4.000000,4.000000,4.000000,4.000000,4.000000,4.000000,4.000000,4.000000,4.000000,2.000000,4.000000,4.000000,4.000000,4.000000,4.000000,4.000000,4.000000,4.000000,4.000000,4.000000,4.000000,4.000000,4.000000,83.333336
1614076781.769438,121.000000,0.000000,2.770713,1.367337,-2.600075,-9.823249,-22.490620,-8.259018,-2.986824,-6.432427,-12.494844,-19.224487,-2.881443,2.085039,-0.755479,-4.662687,15.639557,61.076164,-0.325804,38.802238,1.740773,-7.839478,-5.774194,4.756402,-3.120574,-3.402556,-2.328980,9.152166,2.955120,4.711823,-9.766574,3.510422,16.128860,8.852943,8064.000000,0.000000,4.000000,,,,0.000000,4.000000,4.000000,4.000000,4.000000,4.000000,4.000000,4.000000,4.000000,4.000000,4.000000,4.000000,4.000000,4.000000,4.000000,4.000000,4.000000,4.000000,4.000000,2.000000,4.000000,4.000000,4.000000,4.000000,4.000000,4.000000,4.000000,4.000000,4.000000,4.000000,4.000000,4.000000,4.000000,83.333336
1614076781.777087,122.000000,0.000000,5.332045,1.365969,2.530730,-9.300605,-20.929667,-3.122554,-3.496658,-3.349072,-12.482349,-18.179623,-2.878561,6.698339,-2.806005,-6.709306,2.803405,28.707394,-0.325479,9.532667,-0.312250,-8.344459,-9.870984,-2.940662,-1.578992,-3.911974,-2.839472,9.143014,3.464986,4.707112,-8.731166,3.506911,16.112732,11.921013,8064.000000,0.000000,4.000000,,,,0.000000,4.000000,4.000000,4.000000,4.000000,4.000000,4.000000,4.000000,4.000000,4.000000,4.000000,4.000000,4.000000,4.000000,4.000000,4.000000,4.000000,4.000000,4.000000,2.000000,4.000000,4.000000,4.000000,4.000000,4.000000,4.000000,4.000000,4.000000,4.000000,4.000000,4.000000,4.000000,4.000000,83.333336
1614076781.784836,123.000000,0.000000,6.352354,1.364603,-1.061544,-9.804125,-21.934378,-3.632252,-3.493161,-7.448287,-12.469867,-18.674263,-4.414145,6.178820,-9.469866,-8.241058,-15.660937,-3.629006,-5.453358,-22.784557,-9.542706,-10.900217,-17.040600,-7.040286,-2.603055,-3.395242,-2.836632,7.082589,2.948700,5.215225,-9.748076,3.503404,16.609440,12.421913,8064.000000,0.000000,4.000000,,,,0.000000,4.000000,4.000000,4.000000,4.000000,4.000000,4.000000,4.000000,4.000000,4.000000,4.000000,4.000000,4.000000,4.000000,4.000000,4.000000,4.000000,4.000000,4.000000,2.000000,4.000000,4.000000,4.000000,4.000000,4.000000,4.000000,4.000000,4.000000,4.000000,4.000000,4.000000,4.000000,4.000000,83.333336
1614076781.792485,124.000000,0.000000,5.320361,1.363239,-7.727149,-11.845603,-22.425264,-5.167081,-2.976847,-7.440839,-12.970218,-18.655588,-3.896910,5.147000,-4.845011,-3.617433,-7.440148,29.195137,-8.524828,-5.325876,-7.994702,-11.914958,-12.408175,-6.007604,-2.087631,-3.391847,-2.833796,6.049865,3.458572,4.697189,-9.225508,3.499901,16.080009,10.358209,8064.000000,0.000000,4.000000,,,,0.000000,4.000000,4.000000,4.000000,4.000000,4.000000,4.000000,4.000000,4.000000,4.000000,4.000000,4.000000,4.000000,4.000000,4.000000,4.000000,4.000000,4.000000,4.000000,2.000000,4.000000,4.000000,4.000000,4.000000,4.000000,4.000000,4.000000,4.000000,4.000000,4.000000,4.000000,4.000000,4.000000,83.333336
1614076781.800234,125.000000,0.000000,6.853502,1.361875,-3.616858,-11.833757,-15.736173,2.017573,-2.973870,-1.279552,-12.444427,-16.585651,0.722372,6.167494,-2.788884,0.488749,0.772420,30.191582,-8.516303,14.679450,-0.807221,-11.390223,-3.164997,-6.001596,-2.085543,-3.388455,-2.830962,8.095098,6.532036,4.692492,-3.062436,3.496401,16.576752,9.835030,8064.000000,0.000000,4.000000,,,,0.000000,4.000000,4.000000,4.000000,4.000000,4.000000,4.000000,4.000000,4.000000,4.000000,4.000000,4.000000,4.000000,4.000000,4.000000,4.000000,4.000000,4.000000,4.000000,2.000000,4.000000,4.000000,4.000000,4.000000,4.000000,4.000000,4.000000,4.000000,4.000000,4.000000,4.000000,4.000000,4.000000,83.333336
1614076781.807883,126.000000,0.000000,5.821007,1.360514,-0.023497,-9.770641,-10.079411,5.092479,-4.509358,-7.944939,-11.406342,-17.081886,-5.432197,2.571583,-11.504045,-0.537381,-8.971942,-2.146302,-10.046248,-2.258307,-3.883337,-11.891652,-2.649012,-7.021236,-2.596278,-3.385067,-2.828131,9.112643,7.038325,4.687799,2.581652,3.492905,16.047354,9.312374,8064.000000,0.000000,4.000000,,,,0.000000,4.000000,4.000000,4.000000,4.000000,4.000000,4.000000,4.000000,4.000000,4.000000,4.000000,4.000000,4.000000,4.000000,4.000000,4.000000,4.000000,4.000000,4.000000,2.000000,4.000000,4.000000,4.000000,4.000000,4.000000,4.000000,4.000000,4.000000,4.000000,4.000000,4.000000,4.000000,4.000000,83.333336
1614076781.815632,127.000000,0.000000,0.174160,1.359153,-3.613217,-11.299333,-17.248819,-2.092101,-7.068951,-22.808788,-17.035961,-23.218651,-23.375483,-3.584835,-15.595104,-6.690690,-14.091175,11.701999,-13.113125,0.820875,-4.392274,-11.366940,-6.236106,-7.527035,-2.593682,-3.894502,-2.825303,8.590710,6.005646,4.683112,2.066250,2.976591,15.518486,9.303062,8064.000000,0.000000,4.000000,,,,0.000000,4.000000,4.000000,4.000000,4.000000,4.000000,4.000000,4.000000,4.000000,4.000000,4.000000,4.000000,4.000000,4.000000,4.000000,4.000000,4.000000,4.000000,4.000000,2.000000,4.000000,4.000000,4.000000,4.000000,4.000000,4.000000,4.000000,4.000000,4.000000,4.000000,4.000000,4.000000,4.000000,83.333336
1614076781.823282,0.000000,0.000000,0.173986,1.357794,-4.122425,-13.852136,-25.949518,-6.705393,-7.574703,-29.452646,-23.172771,-27.297995,-25.403389,-6.145352,-14.041048,-12.325025,-11.512981,39.382603,-13.612833,21.845695,3.304426,-8.791471,-6.229870,-7.006688,-2.591088,-3.890607,-3.335298,8.582119,7.538102,4.678429,1.551363,3.486435,17.041430,10.319400,0.000000,191.000000,4.000000,,,,0.000000,4.000000,4.000000,4.000000,4.000000,4.000000,4.000000,4.000000,4.000000,4.000000,4.000000,4.000000,4.000000,4.000000,4.000000,4.000000,4.000000,4.000000,4.000000,2.000000,4.000000,4.000000,4.000000,4.000000,4.000000,4.000000,4.000000,4.000000,4.000000,4.000000,4.000000,4.000000,4.000000,83.333336
1614076781.831031,1.000000,0.000000,5.302018,-0.694846,-5.656764,-12.812642,-25.923569,-5.160226,-7.054307,-27.884733,-20.072676,-25.219416,-9.993370,-3.575104,-14.539827,-11.287059,-10.988648,22.420145,-12.060759,5.413593,-4.391186,-7.244218,-7.249281,-5.974040,-2.588497,-2.861076,-2.819142,8.573537,3.427999,4.673750,2.575453,3.995769,14.973105,3.642414,0.000000,201.000000,4.000000,,,,0.000000,4.000000,4.000000,4.000000,4.000000,4.000000,4.000000,4.000000,4.000000,4.000000,4.000000,4.000000,4.000000,4.000000,4.000000,4.000000,4.000000,4.000000,4.000000,2.000000,4.000000,4.000000,4.000000,4.000000,4.000000,4.000000,4.000000,4.000000,4.000000,4.000000,4.000000,4.000000,4.000000,83.333336
1614076781.838680,2.000000,0.000000,4.783895,-2.232613,-10.266492,-13.825471,-24.359184,-5.155066,-7.047253,-17.600437,-15.437218,-20.065990,-2.291069,-2.033068,-10.935544,-8.198849,-12.003301,16.243877,-12.561518,-8.437975,-13.104743,-8.262614,-10.318955,-8.532168,-2.585909,-4.909497,-2.816323,4.975220,-6.831839,4.669076,-1.016866,1.427671,6.240183,-5.591998,0.000000,203.000000,4.000000,,,,0.000000,4.000000,4.000000,4.000000,4.000000,4.000000,4.000000,4.000000,4.000000,4.000000,4.000000,4.000000,4.000000,4.000000,4.000000,4.000000,4.000000,4.000000,4.000000,2.000000,4.000000,4.000000,4.000000,4.000000,4.000000,4.000000,4.000000,4.000000,4.000000,4.000000,4.000000,4.000000,4.000000,83.333336
1614076781.846429,3.000000,0.000000,2.215008,-2.230380,-12.307508,-13.298825,-25.873287,-5.662732,-7.040206,-1.172581,-16.447422,-17.994642,-4.340060,-1.518214,-6.309224,-7.165009,-11.478477,32.637890,-13.574597,22.339695,2.805797,-6.715890,-10.308636,-9.036457,-2.583323,-6.955869,-3.839148,1.380501,-7.337828,4.664408,-5.631234,-0.112218,0.592918,-4.047944,0.000000,187.000000,4.000000,,,,0.000000,4.000000,4.000000,4.000000,4.000000,4.000000,4.000000,4.000000,4.000000,4.000000,4.000000,4.000000,4.000000,4.000000,4.000000,4.000000,4.000000,4.000000,4.000000,2.000000,4.000000,4.000000,4.000000,4.000000,4.000000,4.000000,4.000000,4.000000,4.000000,4.000000,4.000000,4.000000,4.000000,83.333336
1614076781.854078,4.000000,0.000000,2.212793,-2.228150,-11.269559,-8.157321,-25.847412,-6.682710,-7.033166,2.931156,-16.943794,-17.976648,-4.335720,-2.029517,-6.302914,-8.696305,-7.877254,37.220638,-9.971279,34.625046,14.085043,-4.145072,-7.221405,-1.847933,-2.580739,-1.307888,-1.271206,0.866300,0.874638,4.659743,-6.138423,1.939176,3.669248,1.597129,0.000000,202.000000,4.000000,,,,0.000000,4.000000,4.000000,4.000000,4.000000,4.000000,4.000000,4.000000,4.000000,4.000000,4.000000,4.000000,4.000000,4.000000,4.000000,4.000000,4.000000,4.000000,4.000000,2.000000,4.000000,4.000000,4.000000,4.000000,4.000000,4.000000,4.000000,4.000000,4.000000,4.000000,4.000000,4.000000,4.000000,83.333336
1614076781.861827,5.000000,0.000000,2.723401,-2.225922,-11.771110,-7.636343,-25.308744,-9.240129,-7.026133,-5.789724,-15.901210,-17.958672,-3.818564,-2.027487,-6.809432,-8.687609,-5.818095,42.311623,-2.781821,9.462216,0.224804,-3.628106,-6.188542,4.307761,-2.065338,7.924190,3.345450,1.378255,3.950687,5.167904,-5.106644,3.988519,5.716861,2.108353,0.000000,198.000000,4.000000,,,,0.000000,4.000000,4.000000,4.000000,4.000000,4.000000,4.000000,4.000000,4.000000,4.000000,4.000000,4.000000,4.000000,4.000000,4.000000,4.000000,4.000000,4.000000,4.000000,2.000000,4.000000,4.000000,4.000000,4.000000,4.000000,4.000000,4.000000,4.000000,4.000000,4.000000,4.000000,4.000000,4.000000,83.333336
1614076781.869476,6.000000,0.000000,2.720678,-2.223696,-11.759338,-12.756912,-25.283436,-9.743711,-6.506286,-9.373677,-16.398129,-19.479174,-3.301925,-0.999819,-6.289802,-7.140460,-3.760995,53.551361,-1.753398,14.580959,-4.903626,-3.624478,-6.182353,5.841915,-3.601734,9.454727,3.342104,1.376876,2.408275,3.624274,-7.152819,3.471710,4.685503,1.080603,0.000000,190.000000,4.000000,,,,0.000000,4.000000,4.000000,4.000000,4.000000,4.000000,4.000000,4.000000,4.000000,4.000000,4.000000,4.000000,4.000000,4.000000,4.000000,4.000000,4.000000,4.000000,4.000000,2.000000,4.000000,4.000000,4.000000,4.000000,4.000000,4.000000,4.000000,4.000000,4.000000,4.000000,4.000000,4.000000,4.000000,83.333336
1614076781.877325,7.000000,0.000000,0.153855,-2.221472,-11.234758,-14.282617,-25.258152,-8.708325,-8.551062,-8.338663,-16.894552,-25.100721,-5.862725,-4.588562,-10.386076,-9.697422,-2.218773,52.472168,-5.854208,37.130482,1.255124,-4.133674,-5.663351,4.810431,-5.649415,4.317067,0.774660,0.862679,2.918687,1.569368,-9.196948,2.955418,4.680817,1.592343,0.000000,173.000000,4.000000,,,,0.000000,4.000000,4.000000,4.000000,4.000000,4.000000,4.000000,4.000000,4.000000,4.000000,4.000000,4.000000,4.000000,4.000000,4.000000,4.000000,4.000000,4.000000,4.000000,2.000000,4.000000,4.000000,4.000000,4.000000,4.000000,4.000000,4.000000,4.000000,4.000000,4.000000,4.000000,4.000000,4.000000,83.333336
1614076781.885074,8.000000,0.000000,-6.512966,-2.219250,-12.249165,-12.729873,-25.232895,-10.750899,-12.132255,-12.432888,-16.364836,-32.767929,-18.164555,-12.789102,-16.529537,-20.456955,-11.960143,33.445339,-8.925278,9.913863,-9.515362,-6.693643,-6.683328,-2.373866,-6.156586,1.235827,0.773885,1.374637,3.941409,0.542158,-9.187752,3.465283,5.188957,3.129213,0.000000,193.000000,4.000000,,,,0.000000,4.000000,4.000000,4.000000,4.000000,4.000000,4.000000,4.000000,4.000000,4.000000,4.000000,4.000000,4.000000,4.000000,4.000000,4.000000,4.000000,4.000000,4.000000,2.000000,4.000000,4.000000,4.000000,4.000000,4.000000,4.000000,4.000000,4.000000,4.000000,4.000000,4.000000,4.000000,4.000000,83.333336
1614076781.892923,9.000000,0.000000,-9.070556,-2.217031,-10.185634,-13.742784,-25.207663,-13.304251,-14.684225,-20.112762,-16.861292,-37.863365,-27.377159,-17.904518,-19.077110,-23.513422,-27.332798,7.770867,-14.044558,-22.403744,-19.762257,-10.276693,-10.266389,-10.576620,-7.176070,0.721770,1.285931,1.373262,3.424647,1.054436,-8.665743,3.461818,6.722229,5.177365,0.000000,199.000000,4.000000,,,,0.000000,4.000000,4.000000,4.000000,4.000000,4.000000,4.000000,4.000000,4.000000,4.000000,4.000000,4.000000,4.000000,4.000000,4.000000,4.000000,4.000000,4.000000,4.000000,2.000000,4.000000,4.000000,4.000000,4.000000,4.000000,4.000000,4.000000,4.000000,4.000000,4.000000,4.000000,4.000000,4.000000,83.333336
1614076781.900672,10.000000,0.000000,-7.010203,-2.214814,-3.508781,-12.190579,-24.156813,-11.239664,-14.669540,-20.092649,-16.844431,-33.722939,-20.683115,-18.399433,-17.519571,-13.233498,-25.767004,1.096430,-19.671539,1.721225,-2.819418,-11.804878,-9.230481,-9.540402,-9.732997,-0.304592,0.259005,0.859068,2.395581,1.053382,-9.169898,3.458356,8.253969,7.223470,0.000000,199.000000,4.000000,,,,0.000000,4.000000,4.000000,4.000000,4.000000,4.000000,4.000000,4.000000,4.000000,4.000000,4.000000,4.000000,4.000000,4.000000,4.000000,4.000000,4.000000,4.000000,4.000000,2.000000,4.000000,4.000000,4.000000,4.000000,4.000000,4.000000,4.000000,4.000000,4.000000,4.000000,4.000000,4.000000,4.000000,83.333336
1614076781.908521,11.000000,0.000000,-4.951910,-2.725420,0.597292,-7.563004,-22.081375,-8.664322,-14.142051,-8.790506,-11.699381,-22.407164,-7.329100,-12.227188,-11.348205,-3.989495,-12.407904,11.864564,-18.113405,33.001556,12.055197,-11.280252,-6.144328,-7.479580,-10.236084,-3.894032,0.771566,0.345389,2.906007,1.052328,-9.673549,3.454897,8.245715,12.857272,0.000000,204.000000,4.000000,,,,0.000000,4.000000,4.000000,4.000000,4.000000,4.000000,4.000000,4.000000,4.000000,4.000000,4.000000,4.000000,4.000000,4.000000,4.000000,4.000000,4.000000,4.000000,4.000000,2.000000,4.000000,4.000000,4.000000,4.000000,4.000000,4.000000,4.000000,4.000000,4.000000,4.000000,4.000000,4.000000,4.000000,83.333336
1614076781.916271,12.000000,0.000000,-2.382856,-2.209874,0.083874,-5.504159,-20.520832,-9.168478,-11.050985,2.500335,-5.533836,-15.205269,-0.655104,1.118372,-5.695831,-3.985505,-9.318573,16.980904,-15.531190,15.019835,0.248269,-10.243331,-8.189466,-9.523383,-9.200207,-3.890137,0.770795,1.883505,3.928741,1.051276,-8.125413,3.451442,10.288751,17.459799,0.000000,189.000000,4.000000,,,,0.000000,4.000000,4.000000,4.000000,4.000000,4.000000,4.000000,4.000000,4.000000,4.000000,4.000000,4.000000,4.000000,4.000000,4.000000,4.000000,4.000000,4.000000,4.000000,2.000000,4.000000,4.000000,4.000000,4.000000,4.000000,4.000000,4.000000,4.000000,4.000000,4.000000,4.000000,4.000000,4.000000,83.333336
1614076781.924120,13.000000,0.000000,-2.380473,-2.207664,-0.429031,-5.498655,-21.013130,-9.159310,-10.014294,3.010655,-4.502661,-13.651602,0.371192,7.783920,-6.202956,-4.494340,-12.898998,24.143412,-16.028479,-8.072107,-17.187876,-11.771549,-15.360763,-10.539500,-9.703828,-2.860606,-4.358181,0.855980,-1.203392,1.563045,-10.681391,3.447991,6.688719,12.826955,0.000000,197.000000,4.000000,,,,0.000000,4.000000,4.000000,4.000000,4.000000,4.000000,4.000000,4.000000,4.000000,4.000000,4.000000,4.000000,4.000000,4.000000,4.000000,4.000000,4.000000,4.000000,4.000000,2.000000,4.000000,4.000000,4.000000,4.000000,4.000000,4.000000,4.000000,4.000000,4.000000,4.000000,4.000000,4.000000,4.000000,83.333336
1614076781.931869,14.000000,0.000000,-4.942195,-3.231097,0.084219,-5.493156,-22.017759,-9.150150,-10.517099,1.469183,-5.523799,-14.663591,-1.167640,5.212034,-6.709573,-4.489846,-10.321997,38.991062,-15.499630,7.320580,-14.606586,-11.246958,-19.447966,-11.041781,-9.694123,-6.960310,-8.456388,-4.785901,-8.894497,1.048662,-15.798914,3.444543,-3.061560,4.096179,0.000000,212.000000,4.000000,,,,0.000000,4.000000,4.000000,4.000000,4.000000,4.000000,4.000000,4.000000,4.000000,4.000000,4.000000,4.000000,4.000000,4.000000,4.000000,4.000000,4.000000,4.000000,4.000000,2.000000,4.000000,4.000000,4.000000,4.000000,4.000000,4.000000,4.000000,4.000000,4.000000,4.000000,4.000000,4.000000,4.000000,83.333336
1614076781.939718,15.000000,0.000000,-1.347510,-0.150943,-0.428686,-5.487663,-19.944460,-9.141001,-5.891198,4.031816,-4.492634,-13.623287,1.397630,6.232463,-2.600300,-2.946895,-1.593726,43.054634,-12.920028,28.851721,2.843918,-5.081864,-14.300313,-10.005098,-7.633147,-10.543093,-0.755623,1.372731,-5.295858,1.047613,-14.757474,3.441098,-3.058498,1.527981,0.000000,203.000000,4.000000,,,,0.000000,4.000000,4.000000,4.000000,4.000000,4.000000,4.000000,4.000000,4.000000,4.000000,4.000000,4.000000,4.000000,4.000000,4.000000,4.000000,4.000000,4.000000,4.000000,2.000000,4.000000,4.000000,4.000000,4.000000,4.000000,4.000000,4.000000,4.000000,4.000000,4.000000,4.000000,4.000000,4.000000,83.333336
1614076781.947467,16.000000,0.000000,2.243581,4.977413,-0.428257,-5.482175,-17.873232,-9.131860,-2.295563,0.950862,-5.000962,-13.096843,-0.142229,5.200589,-2.597699,-1.405486,1.484791,43.011581,-10.855825,28.310049,10.020561,-4.563962,-3.003962,-8.969453,-5.574232,-6.942806,8.475902,13.679050,2.401745,1.559386,-9.614511,3.437657,7.713791,2.039273,0.000000,201.000000,4.000000,,,,0.000000,4.000000,4.000000,4.000000,4.000000,4.000000,4.000000,4.000000,4.000000,4.000000,4.000000,4.000000,4.000000,4.000000,4.000000,4.000000,4.000000,4.000000,4.000000,2.000000,4.000000,4.000000,4.000000,4.000000,4.000000,4.000000,4.000000,4.000000,4.000000,4.000000,4.000000,4.000000,4.000000,83.333336
1614076781.955316,17.000000,0.000000,-1.861226,3.433974,-0.427829,-5.476693,-20.419462,-9.122727,-8.959934,-6.742397,-10.636987,-20.263233,-16.552343,-8.650765,-9.774589,-4.993824,-11.850027,34.763439,-15.460354,18.025328,0.266951,-14.302988,-4.539419,-13.575868,-7.619940,-3.346120,1.287938,10.075627,-1.190400,-1.006276,-8.066436,3.434220,9.244539,2.037234,0.000000,199.000000,4.000000,,,,0.000000,4.000000,4.000000,4.000000,4.000000,4.000000,4.000000,4.000000,4.000000,4.000000,4.000000,4.000000,4.000000,4.000000,4.000000,4.000000,4.000000,4.000000,4.000000,2.000000,4.000000,4.000000,4.000000,4.000000,4.000000,4.000000,4.000000,4.000000,4.000000,4.000000,4.000000,4.000000,4.000000,83.333336
1614076781.963065,18.000000,0.000000,-5.961929,-1.697665,-0.427401,-9.060960,-25.014427,-9.113605,-17.156103,-10.325397,-16.267376,-29.473740,-31.407585,-20.949806,-14.893020,-11.142676,-26.197151,8.574831,-23.650023,8.776534,-5.887162,-18.904070,-16.329752,-15.100753,-10.176423,-4.881235,-10.508222,-1.216499,-7.343056,-6.133475,-9.596830,3.430785,5.132730,1.522376,0.000000,190.000000,4.000000,,,,0.000000,4.000000,4.000000,4.000000,4.000000,4.000000,4.000000,4.000000,4.000000,4.000000,4.000000,4.000000,4.000000,4.000000,4.000000,4.000000,4.000000,4.000000,4.000000,2.000000,4.000000,4.000000,4.000000,4.000000,4.000000,4.000000,4.000000,4.000000,4.000000,4.000000,4.000000,4.000000,4.000000,83.333336
1614076781.970914,19.000000,0.000000,-4.930326,-2.721609,-0.426974,-13.154463,-25.502234,-9.104491,-18.164587,-8.776611,-17.276749,-29.444265,-25.222332,-16.313473,-14.365306,-12.157175,-24.119673,4.976513,-21.575090,4.665194,-3.317172,-15.295422,-13.749319,-3.290781,-9.140605,-7.440457,-6.907969,1.348820,-5.797252,-6.640162,-8.561593,3.427355,5.640418,-0.017608,0.000000,185.000000,4.000000,,,,0.000000,4.000000,4.000000,4.000000,4.000000,4.000000,4.000000,4.000000,4.000000,4.000000,4.000000,4.000000,4.000000,4.000000,4.000000,4.000000,4.000000,4.000000,4.000000,2.000000,4.000000,4.000000,4.000000,4.000000,4.000000,4.000000,4.000000,4.000000,4.000000,4.000000,4.000000,4.000000,4.000000,83.333336
1614076781.978663,20.000000,0.000000,-4.412575,-1.693246,-0.426547,-13.654129,-24.451090,-9.095387,-17.633602,-9.280655,-16.233831,-22.748156,-12.889418,-6.553569,-11.274017,-12.145018,-13.326322,37.792049,-11.297105,11.327195,-4.339496,-14.254485,-2.453519,5.943279,-6.567362,-6.920196,1.304067,6.988497,-3.227352,-3.556599,-8.553031,3.423927,4.609137,-1.043231,0.000000,218.000000,4.000000,,,,0.000000,4.000000,4.000000,4.000000,4.000000,4.000000,4.000000,4.000000,4.000000,4.000000,4.000000,4.000000,4.000000,4.000000,4.000000,4.000000,4.000000,4.000000,4.000000,2.000000,4.000000,4.000000,4.000000,4.000000,4.000000,4.000000,4.000000,4.000000,4.000000,4.000000,4.000000,4.000000,4.000000,83.333336
1614076781.986312,21.000000,0.000000,-5.433804,-2.204373,-0.426120,-13.127654,-24.939459,-9.086291,-18.641609,-9.784195,-14.166316,-18.622843,-10.825246,-5.008554,-8.185821,-11.107232,-10.748893,53.651691,-7.183244,25.674843,-3.822336,-14.240231,-5.527988,3.886054,-5.535154,-6.400455,1.302763,4.930226,-4.249765,-2.527401,-9.057299,3.420503,1.527604,0.496274,0.000000,211.000000,4.000000,,,,0.000000,4.000000,4.000000,4.000000,4.000000,4.000000,4.000000,4.000000,4.000000,4.000000,4.000000,4.000000,4.000000,4.000000,4.000000,4.000000,4.000000,4.000000,4.000000,2.000000,4.000000,4.000000,4.000000,4.000000,4.000000,4.000000,4.000000,4.000000,4.000000,4.000000,4.000000,4.000000,4.000000,83.333336
1614076781.994061,22.000000,0.000000,-4.915549,-2.714989,-0.425694,-13.114527,-24.914520,-9.077205,-14.520404,-4.646205,-12.613688,-18.091398,-12.352882,-6.029186,-5.613532,-6.480740,-11.763785,32.059578,-8.714521,29.238911,3.873794,-11.661888,-10.650665,1.318065,-6.042439,-7.419695,0.275819,4.925296,-4.758336,-2.524874,-9.048242,3.417083,1.526077,2.547060,0.000000,169.000000,4.000000,,,,0.000000,4.000000,4.000000,4.000000,4.000000,4.000000,4.000000,4.000000,4.000000,4.000000,4.000000,4.000000,4.000000,4.000000,4.000000,4.000000,4.000000,4.000000,4.000000,2.000000,4.000000,4.000000,4.000000,4.000000,4.000000,4.000000,4.000000,4.000000,4.000000,4.000000,4.000000,4.000000,4.000000,83.333336
1614076782.001710,23.000000,0.000000,-4.910634,-2.199454,-0.425268,-13.101413,-24.889605,-9.068128,-10.403319,-0.538995,-12.088254,-18.073307,-10.802068,-4.997516,-6.120739,-3.910156,-11.239201,13.053162,-8.705808,18.953262,5.408381,-10.624585,-4.486168,-0.221714,-6.036397,-6.899456,1.301184,4.407550,-4.240757,-2.522349,-8.526373,3.413666,-0.013911,2.031692,0.000000,194.000000,4.000000,,,,0.000000,4.000000,4.000000,4.000000,4.000000,4.000000,4.000000,4.000000,4.000000,4.000000,4.000000,4.000000,4.000000,4.000000,4.000000,4.000000,4.000000,4.000000,4.000000,2.000000,4.000000,4.000000,4.000000,4.000000,4.000000,4.000000,4.000000,4.000000,4.000000,4.000000,4.000000,4.000000,4.000000,83.333336
1614076782.009459,24.000000,0.000000,-4.905723,-2.197254,-0.424843,-13.601131,-24.864716,-9.059060,-15.008301,-1.051277,-12.588985,-17.542414,-10.278445,-4.992518,-6.627439,-3.906246,-10.202320,19.193954,-7.158640,11.754821,-0.238052,-9.588320,-1.404759,-4.324057,-5.517540,-4.841274,-2.802681,-0.212242,-3.723696,-4.058288,-10.056308,0.333329,-7.193384,-0.021622,0.000000,219.000000,4.000000,,,,0.000000,4.000000,4.000000,4.000000,4.000000,4.000000,4.000000,4.000000,4.000000,4.000000,4.000000,4.000000,4.000000,4.000000,4.000000,4.000000,4.000000,4.000000,4.000000,2.000000,4.000000,4.000000,4.000000,4.000000,4.000000,4.000000,4.000000,4.000000,4.000000,4.000000,4.000000,4.000000,4.000000,83.333336
1614076782.017108,25.000000,0.000000,-4.900817,-2.195057,-0.424418,-13.074710,-25.352671,-9.050001,-17.044575,-1.563046,-12.576397,-18.037691,-11.293808,-4.987526,-5.595170,-3.902340,-10.704939,33.020916,-9.202764,5.076400,-5.366019,-11.630013,-8.582842,-3.806912,-6.024843,-2.785151,-6.902442,-2.776132,-4.232793,-6.105512,-12.610354,-3.256748,-10.775934,-2.072882,0.000000,206.000000,4.000000,,,,0.000000,4.000000,4.000000,4.000000,4.000000,4.000000,4.000000,4.000000,4.000000,4.000000,4.000000,4.000000,4.000000,4.000000,4.000000,4.000000,4.000000,4.000000,4.000000,2.000000,4.000000,4.000000,4.000000,4.000000,4.000000,4.000000,4.000000,4.000000,4.000000,4.000000,4.000000,4.000000,4.000000,83.333336
1614076782.024858,26.000000,0.000000,-4.895917,-2.705683,-0.423994,-13.061635,-25.840139,-9.553771,-9.335222,-1.048662,-13.076641,-19.045296,-11.795335,-7.033821,-8.666498,-6.975361,-13.771157,25.808407,-14.321766,-0.569702,-6.386294,-20.336332,-11.138362,-3.803105,-6.018818,-2.782365,-6.382720,-2.773356,-4.228560,-6.099406,-13.110564,-3.253491,-7.175415,-3.096450,0.000000,126.000000,4.000000,,,,0.000000,4.000000,4.000000,4.000000,4.000000,4.000000,4.000000,4.000000,4.000000,4.000000,4.000000,4.000000,4.000000,4.000000,4.000000,4.000000,4.000000,4.000000,4.000000,2.000000,4.000000,4.000000,4.000000,4.000000,4.000000,4.000000,4.000000,4.000000,4.000000,4.000000,4.000000,4.000000,4.000000,83.333336
1614076782.032507,27.000000,0.000000,-4.891021,-1.164515,-0.423570,-13.561394,-24.788658,-8.005756,-6.761785,-5.150178,-12.550744,-18.000608,-12.296360,-10.616530,-20.452703,-10.558129,-17.347130,8.859521,-17.897188,10.712918,0.799579,-25.957022,-8.563121,-8.414686,-6.012799,-3.805224,-7.401978,-2.257762,-3.711511,-6.093307,-12.584633,-0.173315,-2.552855,0.496390,0.000000,205.000000,4.000000,,,,0.000000,4.000000,4.000000,4.000000,4.000000,4.000000,4.000000,4.000000,4.000000,4.000000,4.000000,4.000000,4.000000,4.000000,4.000000,4.000000,4.000000,4.000000,4.000000,2.000000,4.000000,4.000000,4.000000,4.000000,4.000000,4.000000,4.000000,4.000000,4.000000,4.000000,4.000000,4.000000,4.000000,83.333336
1614076782.040256,28.000000,0.000000,-4.886130,0.887931,-0.423146,-13.035012,-25.276690,-5.946468,-10.344766,-10.786054,-13.051014,-18.495428,-15.360987,-13.682837,-26.073277,-12.598853,-18.868244,18.081430,-19.417751,19.932976,-0.226862,-25.418243,-13.169942,-10.970374,-6.006786,-3.288598,-9.958678,-2.768325,-4.733440,-6.087214,-12.572048,-0.173141,-2.037481,2.034355,0.000000,184.000000,4.000000,,,,0.000000,4.000000,4.000000,4.000000,4.000000,4.000000,4.000000,4.000000,4.000000,4.000000,4.000000,4.000000,4.000000,4.000000,4.000000,4.000000,4.000000,4.000000,4.000000,2.000000,4.000000,4.000000,4.000000,4.000000,4.000000,4.000000,4.000000,4.000000,4.000000,4.000000,4.000000,4.000000,4.000000,83.333336
1614076782.047905,29.000000,0.000000,-4.881244,1.912684,-0.422723,-7.380951,-26.277054,-5.940522,-8.795959,-14.877831,-13.037963,-20.015394,-16.884087,-13.669154,-20.406178,-13.611896,-21.413479,31.909502,-21.449615,2.989965,-21.765097,-28.982569,-18.284977,-10.446584,-6.000779,-2.772489,-10.974360,-2.765557,-7.292809,-6.081126,-12.559477,-2.224250,-3.061085,-0.018962,0.000000,235.000000,4.000000,,,,0.000000,4.000000,4.000000,4.000000,4.000000,4.000000,4.000000,4.000000,4.000000,4.000000,4.000000,4.000000,4.000000,4.000000,4.000000,4.000000,4.000000,4.000000,4.000000,2.000000,4.000000,4.000000,4.000000,4.000000,4.000000,4.000000,4.000000,4.000000,4.000000,4.000000,4.000000,4.000000,4.000000,83.333336
1614076782.055654,30.000000,0.000000,-5.389183,1.397951,-0.422300,-2.245365,-18.558470,-3.370479,-7.248703,-12.298851,-7.383899,-12.303072,-7.636434,-7.501639,-12.180643,-6.418796,-13.186936,26.236568,-15.787141,1.961334,-25.845896,-25.876663,-10.574385,-9.923317,-5.994779,-5.333819,-9.424925,-2.249971,-8.311158,-6.587866,-13.059737,2.906179,0.018899,6.134903,0.000000,207.000000,4.000000,,,,0.000000,4.000000,4.000000,4.000000,4.000000,4.000000,4.000000,4.000000,4.000000,4.000000,4.000000,4.000000,4.000000,4.000000,4.000000,4.000000,4.000000,4.000000,4.000000,2.000000,4.000000,4.000000,4.000000,4.000000,4.000000,4.000000,4.000000,4.000000,4.000000,4.000000,4.000000,4.000000,4.000000,83.333336
1614076782.063303,31.000000,0.000000,-3.332512,0.370912,-0.421878,-1.730299,-4.180937,0.735456,-5.702992,1.046781,1.854254,2.068205,6.730177,4.300735,0.139230,10.510699,7.851892,38.005203,-2.950841,32.728603,1.359438,-8.927710,0.718241,-9.400573,-5.988784,-6.866947,-6.338577,-0.196439,-7.790026,-5.555637,-12.533857,12.646863,4.634265,19.462101,0.000000,191.000000,4.000000,,,,0.000000,4.000000,4.000000,4.000000,4.000000,4.000000,4.000000,4.000000,4.000000,4.000000,4.000000,4.000000,4.000000,4.000000,4.000000,4.000000,4.000000,4.000000,4.000000,2.000000,4.000000,4.000000,4.000000,4.000000,4.000000,4.000000,4.000000,4.000000,4.000000,4.000000,4.000000,4.000000,4.000000,83.333336
1614076782.071152,32.000000,0.000000,-0.765077,2.421823,-0.421456,-2.241390,2.489911,2.786003,2.507839,16.943171,6.467784,8.732804,13.902934,13.014382,16.036526,19.218138,19.638912,60.531300,3.718776,40.388184,14.178591,0.824808,2.255984,-9.903993,-6.495615,-2.757516,-3.768136,1.855040,-8.295056,-0.934697,-9.957221,15.711139,6.168092,25.596485,8064.000000,0.000000,4.000000,,,,0.000000,4.000000,4.000000,4.000000,4.000000,4.000000,4.000000,4.000000,4.000000,4.000000,4.000000,4.000000,4.000000,4.000000,4.000000,4.000000,4.000000,4.000000,4.000000,2.000000,4.000000,4.000000,4.000000,4.000000,4.000000,4.000000,4.000000,4.000000,4.000000,4.000000,4.000000,4.000000,4.000000,83.333336
1614076782.078901,33.000000,0.000000,-1.789953,7.547606,-0.421035,-1.726328,0.948959,4.321678,9.171998,22.054432,5.948496,7.698430,14.914672,13.514189,20.635874,17.660458,19.619272,54.316921,3.202237,34.706768,10.574669,-2.765761,1.228087,-10.406909,-5.463479,0.834985,-2.738727,1.340364,-5.722659,1.630341,-8.408802,14.156966,5.136283,23.519608,8064.000000,0.000000,4.000000,,,,0.000000,4.000000,4.000000,4.000000,4.000000,4.000000,4.000000,4.000000,4.000000,4.000000,4.000000,4.000000,4.000000,4.000000,4.000000,4.000000,4.000000,4.000000,4.000000,2.000000,4.000000,4.000000,4.000000,4.000000,4.000000,4.000000,4.000000,4.000000,4.000000,4.000000,4.000000,4.000000,4.000000,83.333336
1614076782.086650,34.000000,0.000000,-0.249701,8.565700,-0.420614,-1.724601,1.460831,5.855818,8.650005,21.006737,5.942548,8.203552,15.412578,13.500674,13.948572,18.668438,20.112474,49.647221,2.173394,47.492577,15.179479,-1.224533,1.739680,-3.729836,-2.893913,0.321330,-2.735988,1.339024,-1.614372,1.115890,-8.913214,14.655630,5.643967,23.496088,8064.000000,0.000000,4.000000,,,,0.000000,4.000000,4.000000,4.000000,4.000000,4.000000,4.000000,4.000000,4.000000,4.000000,4.000000,4.000000,4.000000,4.000000,4.000000,4.000000,4.000000,4.000000,4.000000,2.000000,4.000000,4.000000,4.000000,4.000000,4.000000,4.000000,4.000000,4.000000,4.000000,4.000000,4.000000,4.000000,4.000000,83.333336
1614076782.094300,35.000000,0.000000,5.391574,5.480211,-0.420193,-2.235697,-0.079092,5.849962,8.128535,20.985729,5.936605,6.656887,10.781781,13.999994,7.780777,16.085667,8.810310,55.238598,2.684041,34.624569,4.907889,-0.710488,-1.851803,0.376458,-2.378198,0.321008,-3.246073,1.337685,-0.587117,1.114774,-8.904301,13.615334,3.587041,24.498232,8064.000000,0.000000,4.000000,,,,0.000000,4.000000,4.000000,4.000000,4.000000,4.000000,4.000000,4.000000,4.000000,4.000000,4.000000,4.000000,4.000000,4.000000,4.000000,4.000000,4.000000,4.000000,4.000000,2.000000,4.000000,4.000000,4.000000,4.000000,4.000000,4.000000,4.000000,4.000000,4.000000,4.000000,4.000000,4.000000,4.000000,83.333336
1614076782.102049,36.000000,0.000000,4.873362,4.961910,-0.419773,-2.233462,-5.207218,5.844112,7.094765,18.913462,5.930668,4.086128,4.617153,8.344969,2.131971,5.300351,-8.121577,37.234642,2.168536,3.820714,-12.020096,-6.350803,-6.465336,-8.341866,-2.375820,0.320687,-2.730006,1.336347,-0.073709,1.626480,-8.382576,10.524795,1.532172,23.448093,8064.000000,0.000000,4.000000,,,,0.000000,4.000000,4.000000,4.000000,4.000000,4.000000,4.000000,4.000000,4.000000,4.000000,4.000000,4.000000,4.000000,4.000000,4.000000,4.000000,4.000000,4.000000,4.000000,2.000000,4.000000,4.000000,4.000000,4.000000,4.000000,4.000000,4.000000,4.000000,4.000000,4.000000,4.000000,4.000000,4.000000,83.333336
1614076782.109698,37.000000,0.000000,-0.772537,4.956949,-0.419353,-2.231228,-7.253293,5.325448,0.421004,15.304806,5.924738,3.569221,-0.002849,0.644316,-2.998366,-1.884436,-9.139096,21.299973,1.140727,9.457919,1.325258,-6.857273,-4.407589,-18.077114,-2.373444,0.320367,1.375288,1.335011,2.490467,1.112033,-8.374193,10.001450,1.017820,23.424644,8064.000000,0.000000,4.000000,,,,0.000000,4.000000,4.000000,4.000000,4.000000,4.000000,4.000000,4.000000,4.000000,4.000000,4.000000,4.000000,4.000000,4.000000,4.000000,4.000000,4.000000,4.000000,4.000000,2.000000,4.000000,4.000000,4.000000,4.000000,4.000000,4.000000,4.000000,4.000000,4.000000,4.000000,4.000000,4.000000,4.000000,83.333336
1614076782.117547,38.000000,0.000000,-2.310226,0.336607,-0.418934,-2.228997,-6.733219,3.268840,-5.733263,10.674116,4.380352,2.540011,-3.592590,-2.433251,-4.021009,-1.369732,-11.694060,25.894056,-3.988619,14.063846,8.503420,-9.414518,-2.351899,-18.059038,-2.371071,2.371328,4.963656,1.333676,3.513618,1.110921,-8.365819,10.504269,1.529622,23.401220,8064.000000,0.000000,4.000000,,,,0.000000,4.000000,4.000000,4.000000,4.000000,4.000000,4.000000,4.000000,4.000000,4.000000,4.000000,4.000000,4.000000,4.000000,4.000000,4.000000,4.000000,4.000000,4.000000,2.000000,4.000000,4.000000,4.000000,4.000000,4.000000,4.000000,4.000000,4.000000,4.000000,4.000000,4.000000,4.000000,4.000000,83.333336
1614076782.125296,39.000000,0.000000,-0.769454,-2.227832,-0.418515,-2.226768,-6.726485,1.727110,-7.265992,4.509596,2.324689,0.999009,-5.127459,-3.456459,-3.504167,-0.855541,-17.323391,29.457907,-7.574374,-6.975859,-10.479443,-11.969207,-2.862368,-13.938415,-2.368700,4.420239,4.958693,1.332342,3.510104,1.109810,-8.870274,10.493764,1.528093,23.377819,8064.000000,0.000000,4.000000,,,,0.000000,4.000000,4.000000,4.000000,4.000000,4.000000,4.000000,4.000000,4.000000,4.000000,4.000000,4.000000,4.000000,4.000000,4.000000,4.000000,4.000000,4.000000,4.000000,2.000000,4.000000,4.000000,4.000000,4.000000,4.000000,4.000000,4.000000,4.000000,4.000000,4.000000,4.000000,4.000000,4.000000,83.333336
1614076782.133145,40.000000,0.000000,-1.281505,-2.225604,-0.418096,-2.224541,-6.719759,1.725383,-6.745905,1.428163,1.809544,-0.027631,-4.096690,1.675203,-2.475022,-1.367506,-1.408632,46.864346,2.176790,9.954194,-4.315117,2.914557,-0.808223,-10.334732,0.197771,3.902998,4.440914,1.331010,2.993773,1.108700,-8.348583,10.483271,1.526564,23.354443,8064.000000,0.000000,4.000000,,,,0.000000,4.000000,4.000000,4.000000,4.000000,4.000000,4.000000,4.000000,4.000000,4.000000,4.000000,4.000000,4.000000,4.000000,4.000000,4.000000,4.000000,4.000000,4.000000,2.000000,4.000000,4.000000,4.000000,4.000000,4.000000,4.000000,4.000000,4.000000,4.000000,4.000000,4.000000,4.000000,4.000000,83.333336
1614076782.140894,41.000000,0.000000,-1.793044,-4.274661,-0.417678,-2.222317,-6.713039,1.723657,-6.739159,1.939555,1.807734,-0.027603,-4.605414,10.904297,-0.421265,-1.366139,16.541494,61.689278,14.995127,42.764751,19.791761,18.296259,1.756687,-7.247475,1.736035,3.899095,4.949293,1.329679,1.452318,1.107591,-8.340235,9.959967,1.525038,23.331087,8064.000000,0.000000,4.000000,,,,0.000000,4.000000,4.000000,4.000000,4.000000,4.000000,4.000000,4.000000,4.000000,4.000000,4.000000,4.000000,4.000000,4.000000,4.000000,4.000000,4.000000,4.000000,4.000000,2.000000,4.000000,4.000000,4.000000,4.000000,4.000000,4.000000,4.000000,4.000000,4.000000,4.000000,4.000000,4.000000,4.000000,83.333336
1614076782.148743,42.000000,0.000000,-1.278431,-6.321668,-0.417261,-2.220094,-6.193506,2.234754,-7.245241,1.424795,1.805927,0.998065,-3.575168,12.431854,1.117618,-0.339132,12.935209,41.627586,11.903208,31.439936,12.592484,12.636936,1.754931,-5.701766,1.221479,4.408017,4.944344,1.328349,-1.113237,1.106484,-10.383176,10.462828,1.523513,23.307756,8064.000000,0.000000,4.000000,,,,0.000000,4.000000,4.000000,4.000000,4.000000,4.000000,4.000000,4.000000,4.000000,4.000000,4.000000,4.000000,4.000000,4.000000,4.000000,4.000000,4.000000,4.000000,4.000000,2.000000,4.000000,4.000000,4.000000,4.000000,4.000000,4.000000,4.000000,4.000000,4.000000,4.000000,4.000000,4.000000,4.000000,83.333336
1614076782.156492,43.000000,0.000000,-1.277152,-6.315347,-0.416843,-2.217874,-5.674491,1.206878,-6.725175,2.961832,2.316941,0.484247,-1.520310,9.855319,2.142141,0.174028,8.819710,34.406471,2.660536,11.921317,-4.343186,4.419171,1.753176,-5.696064,1.220257,2.352327,4.426579,1.327021,-0.599303,1.105377,-12.424075,13.016467,1.521989,23.284449,8064.000000,0.000000,4.000000,,,,0.000000,4.000000,4.000000,4.000000,4.000000,4.000000,4.000000,4.000000,4.000000,4.000000,4.000000,4.000000,4.000000,4.000000,4.000000,4.000000,4.000000,4.000000,4.000000,2.000000,4.000000,4.000000,4.000000,4.000000,4.000000,4.000000,4.000000,4.000000,4.000000,4.000000,4.000000,4.000000,4.000000,83.333336
1614076782.164341,44.000000,0.000000,-1.275875,-5.796211,-0.416426,-1.702836,-8.745740,-2.384072,-6.205629,2.958870,1.288983,-8.747006,-2.031610,8.819823,1.627178,-0.851787,4.708326,43.602837,2.145055,12.422216,-6.902946,2.363470,1.238602,-8.767291,1.219037,0.298692,4.422153,1.325694,-1.111524,1.104272,-12.924472,13.516271,1.520467,23.261164,8064.000000,0.000000,4.000000,,,,0.000000,4.000000,4.000000,4.000000,4.000000,4.000000,4.000000,4.000000,4.000000,4.000000,4.000000,4.000000,4.000000,4.000000,4.000000,4.000000,4.000000,4.000000,4.000000,2.000000,4.000000,4.000000,4.000000,4.000000,4.000000,4.000000,4.000000,4.000000,4.000000,4.000000,4.000000,4.000000,4.000000,83.333336
1614076782.172090,45.000000,0.000000,-1.274599,-5.790414,-0.416010,-2.726774,-12.839559,-4.945791,-8.763526,-5.249217,-1.276408,-17.969028,-4.080861,5.734080,-4.528295,-1.876576,-8.116895,25.097694,1.630089,12.409794,-3.819119,-1.741457,1.750184,-9.271344,1.217818,-0.214427,4.417730,1.324368,-0.597592,1.103167,-12.911547,10.938652,1.518947,23.237904,8064.000000,0.000000,4.000000,,,,0.000000,4.000000,4.000000,4.000000,4.000000,4.000000,4.000000,4.000000,4.000000,4.000000,4.000000,4.000000,4.000000,4.000000,4.000000,4.000000,4.000000,4.000000,4.000000,2.000000,4.000000,4.000000,4.000000,4.000000,4.000000,4.000000,4.000000,4.000000,4.000000,4.000000,4.000000,4.000000,4.000000,83.333336
1614076782.179939,46.000000,0.000000,-1.273325,-5.784624,-0.415594,-2.211227,-13.852360,-6.479306,-10.293224,-7.808070,-3.326414,-18.463881,-4.076780,1.625782,-6.575048,-4.438802,-5.031855,25.072598,-0.935644,23.166615,10.543674,0.311566,2.261254,-5.159509,1.216600,0.298608,4.926133,1.323044,1.454287,1.102064,-11.872994,9.902073,1.517428,23.214664,8064.000000,0.000000,4.000000,,,,0.000000,4.000000,4.000000,4.000000,4.000000,4.000000,4.000000,4.000000,4.000000,4.000000,4.000000,4.000000,4.000000,4.000000,4.000000,4.000000,4.000000,4.000000,4.000000,2.000000,4.000000,4.000000,4.000000,4.000000,4.000000,4.000000,4.000000,4.000000,4.000000,4.000000,4.000000,4.000000,4.000000,83.333336
1614076782.187688,47.000000,0.000000,-1.272051,-5.778840,-0.415178,-1.696195,-15.376969,-8.524109,-7.718828,-1.133596,-4.861549,-19.471058,-6.123985,1.624156,-6.055653,-13.152312,1.127023,50.688549,-1.960349,26.733192,14.122874,1.336895,-0.817930,-5.667170,1.215383,0.811130,4.921207,1.834541,3.504115,1.100962,-9.297019,10.404991,1.515911,23.191450,8064.000000,0.000000,4.000000,,,,0.000000,4.000000,4.000000,4.000000,4.000000,4.000000,4.000000,4.000000,4.000000,4.000000,4.000000,4.000000,4.000000,4.000000,4.000000,4.000000,4.000000,4.000000,4.000000,2.000000,4.000000,4.000000,4.000000,4.000000,4.000000,4.000000,4.000000,4.000000,4.000000,4.000000,4.000000,4.000000,4.000000,83.333336
1614076782.195537,48.000000,0.000000,-1.270779,-5.773060,-0.414763,-5.284243,-19.976976,-9.541226,-7.711109,-9.850410,-6.907969,-24.579792,-11.758887,-1.454391,-19.382931,-23.908390,-20.412565,21.407091,-6.060953,-4.062772,-9.993814,-13.536237,-7.483779,-7.199964,1.214168,-0.215322,2.865004,0.807066,3.500611,1.099861,-8.262081,10.394586,1.514395,23.168259,8064.000000,0.000000,4.000000,,,,0.000000,4.000000,4.000000,4.000000,4.000000,4.000000,4.000000,4.000000,4.000000,4.000000,4.000000,4.000000,4.000000,4.000000,4.000000,4.000000,4.000000,4.000000,4.000000,2.000000,4.000000,4.000000,4.000000,4.000000,4.000000,4.000000,4.000000,4.000000,4.000000,4.000000,4.000000,4.000000,4.000000,83.333336
1614076782.203286,49.000000,0.000000,-1.269508,-5.767288,-0.414348,-9.381522,-22.008282,-9.018865,-10.267501,-23.686714,-8.952344,-26.093674,-15.336872,-6.068321,-32.184059,-29.012688,-35.776768,-10.922008,-12.208738,-17.392042,-17.163307,-23.266291,-10.553218,3.576467,1.212954,-2.779209,1.323677,1.319079,3.497110,1.098761,-9.279460,10.384192,1.512880,23.145090,8064.000000,0.000000,4.000000,,,,0.000000,4.000000,4.000000,4.000000,4.000000,4.000000,4.000000,4.000000,4.000000,4.000000,4.000000,4.000000,4.000000,4.000000,4.000000,4.000000,4.000000,4.000000,4.000000,2.000000,4.000000,4.000000,4.000000,4.000000,4.000000,4.000000,4.000000,4.000000,4.000000,4.000000,4.000000,4.000000,4.000000,83.333336
1614076782.211135,50.000000,0.000000,-1.268239,-5.761520,-0.413934,-7.320858,-20.960632,-9.009846,-10.770054,-14.945079,-8.943391,-25.041939,-15.834355,-6.062253,-22.408287,-25.906752,-21.382017,13.704299,-12.709350,4.676631,0.289754,-17.089178,-9.517024,6.649813,1.211741,-3.289251,0.809533,3.881862,2.980793,1.097663,-8.244539,10.373807,1.511367,23.121946,8064.000000,0.000000,4.000000,,,,0.000000,4.000000,4.000000,4.000000,4.000000,4.000000,4.000000,4.000000,4.000000,4.000000,4.000000,4.000000,4.000000,4.000000,4.000000,4.000000,4.000000,4.000000,4.000000,2.000000,4.000000,4.000000,4.000000,4.000000,4.000000,4.000000,4.000000,4.000000,4.000000,4.000000,4.000000,4.000000,4.000000,83.333336
1614076782.218884,51.000000,0.000000,-1.266971,-5.755759,0.099300,-2.698153,-20.939672,-9.000835,-10.246463,-1.083980,-8.421627,-25.016897,-14.280060,-5.543370,-9.052546,-18.188538,-11.617045,33.690594,-12.183820,8.774519,-6.377202,-13.482345,-10.020328,-13.869657,1.210529,-3.285962,-0.216918,2.339519,2.977812,1.096565,-5.672192,10.363434,1.509856,23.098824,8064.000000,0.000000,4.000000,,,,0.000000,4.000000,4.000000,4.000000,4.000000,4.000000,4.000000,4.000000,4.000000,4.000000,4.000000,4.000000,4.000000,4.000000,4.000000,4.000000,4.000000,4.000000,4.000000,2.000000,4.000000,4.000000,4.000000,4.000000,4.000000,4.000000,4.000000,4.000000,4.000000,4.000000,4.000000,4.000000,4.000000,83.333336
1614076782.226533,52.000000,0.000000,-1.265704,-5.750003,-1.439260,-2.182635,-21.431553,-8.991835,-9.723396,-5.698280,-10.464488,-25.504700,-12.214498,-5.537827,-9.556314,-11.503682,-15.707993,23.400494,-12.171636,0.047796,-19.191338,-15.007324,-10.010307,-25.650660,1.722139,-5.333958,-2.267983,-2.278205,3.487655,1.095468,-4.640879,10.353070,1.508346,23.075726,8064.000000,0.000000,4.000000,,,,0.000000,4.000000,4.000000,4.000000,4.000000,4.000000,4.000000,4.000000,4.000000,4.000000,4.000000,4.000000,4.000000,4.000000,4.000000,4.000000,4.000000,4.000000,4.000000,2.000000,4.000000,4.000000,4.000000,4.000000,4.000000,4.000000,4.000000,4.000000,4.000000,4.000000,4.000000,4.000000,4.000000,83.333336
1614076782.234283,53.000000,0.000000,-1.264438,-5.744253,-4.001924,-2.693272,-21.410122,-8.982842,-7.662391,-10.820787,-12.505305,-24.966375,-10.663821,-5.532289,-11.085218,-11.492178,-15.692285,34.146324,-12.159465,9.278517,-4.300352,-16.017958,-9.487476,-16.907061,0.181955,-6.354265,-4.829817,-2.788747,-0.105577,1.094373,-5.149059,8.291435,1.506838,23.052649,8064.000000,0.000000,4.000000,,,,0.000000,4.000000,4.000000,4.000000,4.000000,4.000000,4.000000,4.000000,4.000000,4.000000,4.000000,4.000000,4.000000,4.000000,4.000000,4.000000,4.000000,4.000000,4.000000,2.000000,4.000000,4.000000,4.000000,4.000000,4.000000,4.000000,4.000000,4.000000,4.000000,4.000000,4.000000,4.000000,4.000000,83.333336
1614076782.241932,54.000000,0.000000,-1.775994,-6.251329,-4.510742,-2.177759,-20.875891,-8.973860,-6.629087,-6.194582,-13.005621,-24.941408,-11.165978,-8.603680,-9.022851,-11.993506,-15.676593,44.368587,-14.198587,14.910264,-0.193487,-20.104504,-9.990809,-12.787589,-2.382329,-8.912013,-7.901910,-1.760318,-4.720856,1.093279,-5.656730,6.744682,1.505331,23.029596,8064.000000,0.000000,4.000000,,,,0.000000,4.000000,4.000000,4.000000,4.000000,4.000000,4.000000,4.000000,4.000000,4.000000,4.000000,4.000000,4.000000,4.000000,4.000000,4.000000,4.000000,4.000000,4.000000,2.000000,4.000000,4.000000,4.000000,4.000000,4.000000,4.000000,4.000000,4.000000,4.000000,4.000000,4.000000,4.000000,4.000000,83.333336
1614076782.249681,55.000000,0.000000,-1.261398,-4.706616,-4.506232,-2.175581,-20.855015,-9.477707,-6.622458,-5.162746,-12.992615,-25.429287,-11.154812,-9.620717,-9.013828,-10.443051,-17.712198,29.452425,-15.722850,6.690226,-16.603550,-20.084398,-8.442357,-12.261981,-2.379947,-14.031306,-11.483752,-2.784198,-2.664853,1.092185,-5.138253,6.737937,1.503826,23.006567,8064.000000,0.000000,4.000000,,,,0.000000,4.000000,4.000000,4.000000,4.000000,4.000000,4.000000,4.000000,4.000000,4.000000,4.000000,4.000000,4.000000,4.000000,4.000000,4.000000,4.000000,4.000000,4.000000,2.000000,4.000000,4.000000,4.000000,4.000000,4.000000,4.000000,4.000000,4.000000,4.000000,4.000000,4.000000,4.000000,4.000000,83.333336
1614076782.257330,56.000000,0.000000,-1.260136,-2.137807,-3.988905,-2.173405,-21.346981,-8.955408,-6.615836,-5.157583,-11.953981,-23.865396,-10.630836,-6.534173,-10.030456,-11.971070,-18.207306,21.217844,-13.655845,1.555330,-16.586946,-13.910468,-1.767248,-2.506129,-1.864746,-11.453173,-9.420986,-2.268594,1.953197,1.091093,-4.620294,6.218379,1.502322,22.983561,8064.000000,0.000000,4.000000,,,,0.000000,4.000000,4.000000,4.000000,4.000000,4.000000,4.000000,4.000000,4.000000,4.000000,4.000000,4.000000,4.000000,4.000000,4.000000,4.000000,4.000000,4.000000,4.000000,2.000000,4.000000,4.000000,4.000000,4.000000,4.000000,4.000000,4.000000,4.000000,4.000000,4.000000,4.000000,4.000000,4.000000,83.333336
1614076782.265079,57.000000,0.000000,-1.771697,-1.622849,-4.497736,-2.171232,-19.787172,-8.433633,-7.122041,-2.588323,-9.890745,-19.226147,-11.133026,-7.040460,-10.020425,-10.420637,-19.727560,31.965857,-12.616549,7.194800,-4.262667,-10.819635,2.849904,2.111762,-2.888523,-1.698129,-4.796181,0.810598,3.489705,1.090002,-5.641315,7.237802,1.500819,22.960577,8064.000000,0.000000,4.000000,,,,0.000000,4.000000,4.000000,4.000000,4.000000,4.000000,4.000000,4.000000,4.000000,4.000000,4.000000,4.000000,4.000000,4.000000,4.000000,4.000000,4.000000,4.000000,4.000000,2.000000,4.000000,4.000000,4.000000,4.000000,4.000000,4.000000,4.000000,4.000000,4.000000,4.000000,4.000000,4.000000,4.000000,83.333336
1614076782.272728,58.000000,0.000000,-0.744284,-2.134047,-4.493239,-2.681881,-15.151999,-9.450840,-5.576457,-2.072914,-8.342393,-16.642818,-11.121893,-7.546240,-10.010405,-3.230730,-15.092448,49.882610,-12.603931,17.956837,-2.719943,-8.757533,0.795772,1.084009,-2.372813,1.380492,-2.740103,1.835428,2.973395,1.088912,-4.610033,9.794666,1.499319,22.937616,8064.000000,0.000000,4.000000,,,,0.000000,4.000000,4.000000,4.000000,4.000000,4.000000,4.000000,4.000000,4.000000,4.000000,4.000000,4.000000,4.000000,4.000000,4.000000,4.000000,4.000000,4.000000,4.000000,2.000000,4.000000,4.000000,4.000000,4.000000,4.000000,4.000000,4.000000,4.000000,4.000000,4.000000,4.000000,4.000000,4.000000,83.333336
1614076782.280477,59.000000,0.000000,1.820563,-2.131912,0.126639,0.910544,-12.572745,-6.877286,-0.442675,-1.045201,-6.282769,-17.651817,-11.110771,-3.436129,-10.000394,0.362245,-7.897869,49.319904,-9.514404,13.836315,-5.794146,-6.697494,-3.307588,2.621387,-1.344800,-0.159350,-2.737362,1.320773,6.047345,1.087823,0.522783,10.810513,1.497819,23.427500,8064.000000,0.000000,4.000000,,,,0.000000,4.000000,4.000000,4.000000,4.000000,4.000000,4.000000,4.000000,4.000000,4.000000,4.000000,4.000000,4.000000,4.000000,4.000000,4.000000,4.000000,4.000000,4.000000,2.000000,4.000000,4.000000,4.000000,4.000000,4.000000,4.000000,4.000000,4.000000,4.000000,4.000000,4.000000,4.000000,4.000000,83.333336
1614076782.288127,60.000000,0.000000,3.357204,-2.129781,6.280359,5.012198,-13.072993,-1.742204,0.583408,5.622511,-4.738024,-17.634165,-11.099661,-1.894232,-9.990394,-2.715041,-10.966894,21.065458,-8.479249,-6.177521,-4.249890,-11.306181,-5.868383,-3.022260,-5.446019,0.866450,-2.734625,1.319452,8.605400,1.599556,2.573542,10.286881,1.496322,22.378431,8064.000000,0.000000,4.000000,,,,0.000000,4.000000,4.000000,4.000000,4.000000,4.000000,4.000000,4.000000,4.000000,4.000000,4.000000,4.000000,4.000000,4.000000,4.000000,4.000000,4.000000,4.000000,4.000000,2.000000,4.000000,4.000000,4.000000,4.000000,4.000000,4.000000,4.000000,4.000000,4.000000,4.000000,4.000000,4.000000,4.000000,83.333336
1614076782.295876,61.000000,0.000000,2.328206,-2.127651,7.812540,3.981544,-15.111202,-3.278924,-2.494098,10.745094,-6.784568,-17.103710,-11.088561,-5.482081,-10.493224,-4.763608,-12.494389,15.916187,-8.470770,-6.684164,-3.220000,-13.346157,-6.888155,-9.685905,-9.030316,-0.672878,-2.731890,1.318132,3.468589,0.059495,-4.095698,10.276594,0.982005,17.740667,8064.000000,0.000000,4.000000,,,,0.000000,4.000000,4.000000,4.000000,4.000000,4.000000,4.000000,4.000000,4.000000,4.000000,4.000000,4.000000,4.000000,4.000000,4.000000,4.000000,4.000000,4.000000,4.000000,2.000000,4.000000,4.000000,4.000000,4.000000,4.000000,4.000000,4.000000,4.000000,4.000000,4.000000,4.000000,4.000000,4.000000,83.333336
1614076782.303525,62.000000,0.000000,2.325878,-2.125523,6.779086,1.413460,-16.634552,-8.403850,-3.517245,8.170246,-8.829065,-17.599426,-11.077473,-3.938138,-9.457089,-3.733203,-1.199843,42.054115,-0.769991,12.296880,-5.268062,-4.614862,-2.778703,-1.471091,-5.431543,-3.236307,-3.241979,1.316814,-3.201546,-1.991847,-9.219808,10.266318,1.493843,15.158824,8064.000000,0.000000,4.000000,,,,0.000000,4.000000,4.000000,4.000000,4.000000,4.000000,4.000000,4.000000,4.000000,4.000000,4.000000,4.000000,4.000000,4.000000,4.000000,4.000000,4.000000,4.000000,4.000000,2.000000,4.000000,4.000000,4.000000,4.000000,4.000000,4.000000,4.000000,4.000000,4.000000,4.000000,4.000000,4.000000,4.000000,83.333336
1614076782.311274,63.000000,0.000000,3.349193,-2.123398,7.285128,1.412047,-17.130739,-9.421087,-2.488087,5.597973,-6.768955,-18.094648,-11.066395,-0.857276,-6.883530,-3.729470,4.442383,43.550526,7.948727,19.976891,-4.749973,5.133343,3.377922,10.325253,-1.323547,-2.207430,-0.674635,1.315497,-3.198344,-3.015496,-6.646485,10.256052,1.492349,15.143665,8064.000000,0.000000,4.000000,,,,0.000000,4.000000,4.000000,4.000000,4.000000,4.000000,4.000000,4.000000,4.000000,4.000000,4.000000,4.000000,4.000000,4.000000,4.000000,4.000000,4.000000,4.000000,4.000000,2.000000,4.000000,4.000000,4.000000,4.000000,4.000000,4.000000,4.000000,4.000000,4.000000,4.000000,4.000000,4.000000,4.000000,83.333336
1614076782.318923,64.000000,0.000000,0.781741,-2.121274,7.277843,1.923455,-17.113607,-8.386024,-2.998419,6.105196,-4.710904,-16.025270,-11.055328,-2.907701,-5.851006,-4.238561,-1.715906,32.224922,4.351035,17.905632,1.408623,5.128210,5.938646,5.699543,-2.347864,0.358880,3.428604,1.314182,-0.118223,-2.499660,-4.588557,10.245795,0.978037,15.641342,0.000000,195.000000,4.000000,,,,0.000000,4.000000,4.000000,4.000000,4.000000,4.000000,4.000000,4.000000,4.000000,4.000000,4.000000,4.000000,4.000000,4.000000,4.000000,4.000000,4.000000,4.000000,4.000000,2.000000,4.000000,4.000000,4.000000,4.000000,4.000000,4.000000,4.000000,4.000000,4.000000,4.000000,4.000000,4.000000,4.000000,83.333336
1614076782.326672,65.000000,0.000000,-3.834425,-2.119153,6.757744,1.408712,-17.096495,-9.403279,-3.508241,5.586270,-5.219013,-14.470784,-11.044273,-5.981716,-6.357975,-4.234322,-5.303934,41.423466,-5.396906,18.400547,3.458497,-2.569227,4.907067,-7.639491,-2.858337,0.358521,4.963637,1.312868,-1.143746,-2.497160,-5.096789,10.235550,2.002699,15.112881,0.000000,181.000000,4.000000,,,,0.000000,4.000000,4.000000,4.000000,4.000000,4.000000,4.000000,4.000000,4.000000,4.000000,4.000000,4.000000,4.000000,4.000000,4.000000,4.000000,4.000000,4.000000,4.000000,2.000000,4.000000,4.000000,4.000000,4.000000,4.000000,4.000000,4.000000,4.000000,4.000000,4.000000,4.000000,4.000000,4.000000,83.333336
1614076782.334321,66.000000,0.000000,-5.881873,-2.629854,6.750987,1.407303,-17.079397,-8.881056,-2.991913,5.580684,-5.726614,-13.430673,-11.033229,-5.975735,-6.351617,-4.230088,-6.324271,44.458965,-8.981253,17.356504,2.429397,-9.746144,5.414980,-13.785697,-1.829838,-0.154658,4.445853,1.311555,-1.142602,-2.494663,-5.604513,10.225314,4.564799,15.097768,0.000000,150.000000,4.000000,,,,0.000000,4.000000,4.000000,4.000000,4.000000,4.000000,4.000000,2.000000,4.000000,4.000000,4.000000,4.000000,4.000000,4.000000,4.000000,4.000000,4.000000,4.000000,4.000000,2.000000,4.000000,4.000000,4.000000,4.000000,4.000000,4.000000,4.000000,4.000000,4.000000,4.000000,4.000000,4.000000,4.000000,66.666664
1614076782.342170,67.000000,0.000000,-4.850350,-2.114404,6.744236,1.405895,-17.062319,-6.308073,-2.988921,6.087924,-4.695247,-10.340319,-11.022196,-5.456938,-6.858086,-4.225858,-7.343587,39.799122,-7.946630,24.005816,11.657737,-10.249219,5.409565,-13.259091,-2.340828,0.358317,4.441407,1.310243,-0.115818,-2.492168,-5.086087,10.215089,5.585876,15.595490,0.000000,178.000000,4.000000,,,,0.000000,4.000000,4.000000,4.000000,4.000000,4.000000,4.000000,2.000000,4.000000,4.000000,4.000000,4.000000,4.000000,4.000000,4.000000,4.000000,4.000000,4.000000,4.000000,2.000000,4.000000,4.000000,4.000000,4.000000,4.000000,4.000000,4.000000,4.000000,4.000000,4.000000,4.000000,4.000000,4.000000,66.666664
1614076782.349919,68.000000,0.000000,-4.845500,0.451813,6.737491,1.404490,-17.558077,-4.763303,-2.985932,4.030554,-2.639270,-6.227414,-11.011173,-5.451481,-5.312766,-4.221632,-4.772141,44.374710,-8.964325,29.622835,16.774284,-7.674867,5.404156,-10.681729,-2.338488,0.870779,4.949786,1.308933,-2.166985,-2.489676,-5.081001,10.204874,5.067469,15.579895,0.000000,228.000000,4.000000,,,,0.000000,4.000000,4.000000,4.000000,4.000000,4.000000,4.000000,2.000000,4.000000,4.000000,4.000000,4.000000,4.000000,4.000000,4.000000,4.000000,4.000000,4.000000,4.000000,2.000000,4.000000,4.000000,4.000000,4.000000,4.000000,4.000000,4.000000,4.000000,4.000000,4.000000,4.000000,4.000000,4.000000,66.666664
1614076782.357768,69.000000,0.000000,-5.353475,1.989823,7.243574,1.403085,-16.514877,-5.271360,-3.495766,-1.101682,-1.098169,-6.221187,-11.000162,-5.958850,-3.768992,-4.217411,-5.280190,36.125206,-8.955360,12.157314,4.449818,-7.667192,5.911572,-10.671047,-2.336149,0.357088,4.432016,1.307624,1.937746,-2.487187,-5.075921,10.707490,5.062402,15.564315,0.000000,173.000000,4.000000,,,,0.000000,4.000000,4.000000,4.000000,4.000000,4.000000,4.000000,2.000000,4.000000,4.000000,4.000000,4.000000,4.000000,4.000000,4.000000,4.000000,4.000000,4.000000,4.000000,2.000000,4.000000,4.000000,4.000000,4.000000,4.000000,4.000000,4.000000,4.000000,4.000000,4.000000,4.000000,4.000000,4.000000,66.666664
1614076782.365517,70.000000,0.000000,-4.835301,1.987833,5.185049,1.401682,-17.011183,-5.266088,-2.979450,-2.126221,-1.609891,-6.727786,-8.937881,-5.440071,-2.739582,-4.213193,-3.223627,33.012157,-6.382302,-4.777920,-9.913607,-7.659525,2.828737,-10.147556,-2.333813,-0.156090,4.427584,1.306316,9.115296,-2.484699,-5.583665,9.671141,5.057339,15.548751,0.000000,187.000000,4.000000,,,,0.000000,4.000000,4.000000,4.000000,4.000000,4.000000,4.000000,2.000000,4.000000,4.000000,4.000000,4.000000,4.000000,4.000000,4.000000,4.000000,4.000000,4.000000,4.000000,2.000000,4.000000,4.000000,4.000000,4.000000,4.000000,4.000000,4.000000,4.000000,4.000000,4.000000,4.000000,4.000000,4.000000,66.666664
1614076782.373366,71.000000,0.000000,-5.343286,1.473025,3.128582,1.913101,-17.506992,-5.260822,-0.925189,1.465649,-1.608281,-6.208238,-6.877660,-2.357708,-0.685560,-4.208980,5.497545,52.979145,-4.324638,9.073011,-8.878052,-7.651865,-1.789476,-9.624588,-2.331479,0.356887,4.423156,1.305010,5.516437,-2.482215,-4.552440,6.071726,5.052282,15.533202,0.000000,185.000000,4.000000,,,,0.000000,4.000000,4.000000,4.000000,4.000000,4.000000,4.000000,2.000000,4.000000,4.000000,4.000000,4.000000,4.000000,4.000000,4.000000,4.000000,4.000000,4.000000,4.000000,2.000000,4.000000,4.000000,4.000000,4.000000,4.000000,4.000000,4.000000,4.000000,4.000000,4.000000,4.000000,4.000000,4.000000,66.666664
1614076782.381115,72.000000,0.000000,-3.799481,1.471552,2.612632,1.398367,-13.386921,-5.255562,0.614198,3.002645,-1.606673,-6.202030,-6.870783,1.234393,1.366407,-4.204771,2.415124,45.746677,-4.833134,25.474195,2.925698,-5.592932,-2.813328,-9.614964,-1.816327,0.869351,4.418733,1.303705,-1.155746,-2.479733,-1.983785,2.988732,5.047230,15.517669,0.000000,194.000000,4.000000,,,,0.000000,4.000000,4.000000,4.000000,4.000000,4.000000,4.000000,2.000000,4.000000,4.000000,4.000000,4.000000,4.000000,4.000000,4.000000,4.000000,4.000000,4.000000,4.000000,2.000000,4.000000,4.000000,4.000000,4.000000,4.000000,4.000000,4.000000,4.000000,4.000000,4.000000,4.000000,4.000000,4.000000,66.666664
1614076782.388964,73.000000,0.000000,-1.231579,1.982901,3.122840,1.396969,-9.270970,-5.250306,1.126405,-1.615743,-1.605066,-6.708648,-7.376732,2.258800,1.365041,-4.200566,-9.382163,20.059906,-4.828301,14.679490,10.615080,-1.997595,-1.784873,-9.605349,-2.327331,-1.695621,4.414314,0.789581,0.896692,-2.477253,-0.956160,2.472922,5.042182,15.502151,0.000000,199.000000,4.000000,,,,0.000000,4.000000,4.000000,4.000000,4.000000,4.000000,4.000000,2.000000,4.000000,4.000000,4.000000,4.000000,4.000000,4.000000,4.000000,4.000000,4.000000,4.000000,4.000000,2.000000,4.000000,4.000000,4.000000,4.000000,4.000000,4.000000,4.000000,4.000000,4.000000,4.000000,4.000000,4.000000,4.000000,66.666664
1614076782.396714,74.000000,0.000000,-0.717527,0.442456,3.119717,2.421213,-11.825802,-5.245056,0.612458,-4.691050,-1.603461,-6.701940,-7.369356,1.743721,1.363676,-4.196365,-6.295857,39.527027,-4.823472,6.972503,5.476260,1.594146,-2.808729,-4.467538,-2.325004,-2.719567,4.409900,1.814432,3.972718,-2.474776,-0.955204,2.983270,5.037140,15.486649,0.000000,201.000000,4.000000,,,,0.000000,4.000000,4.000000,4.000000,4.000000,4.000000,4.000000,2.000000,4.000000,4.000000,4.000000,4.000000,4.000000,4.000000,4.000000,4.000000,4.000000,4.000000,4.000000,2.000000,4.000000,4.000000,4.000000,4.000000,4.000000,4.000000,4.000000,4.000000,4.000000,4.000000,4.000000,4.000000,4.000000,66.666664
1614076782.404563,75.000000,0.000000,-1.229630,-1.609268,3.116598,-0.658131,-16.429361,-5.239811,-0.926616,-5.199180,-1.601858,-6.182417,-6.849166,2.254797,1.362312,-4.192169,4.992490,67.179810,-4.818649,27.478352,1.368219,5.182296,-3.318741,2.203596,0.754244,0.872896,4.405490,3.863900,3.455925,-2.472301,-1.467070,2.980287,5.032103,15.471162,0.000000,210.000000,4.000000,,,,0.000000,4.000000,4.000000,4.000000,4.000000,4.000000,4.000000,2.000000,4.000000,4.000000,4.000000,4.000000,4.000000,4.000000,4.000000,4.000000,4.000000,4.000000,4.000000,2.000000,4.000000,4.000000,4.000000,4.000000,4.000000,4.000000,4.000000,4.000000,4.000000,4.000000,4.000000,4.000000,4.000000,66.666664
1614076782.412312,76.000000,0.000000,-1.228400,-2.633300,3.113481,-5.785678,-17.438572,-5.234571,-2.976972,-7.758083,-2.113077,-8.227517,-7.355137,0.714081,-3.254435,-4.187977,2.936215,51.728012,-4.813830,42.835487,4.956595,4.151472,-1.776961,1.175752,1.266310,4.974588,4.401085,5.398498,2.939648,-2.469829,-0.952782,2.464486,5.027071,15.455691,0.000000,189.000000,4.000000,,,,0.000000,4.000000,4.000000,4.000000,4.000000,4.000000,4.000000,2.000000,4.000000,4.000000,4.000000,4.000000,4.000000,4.000000,4.000000,4.000000,4.000000,4.000000,4.000000,2.000000,4.000000,4.000000,4.000000,4.000000,4.000000,4.000000,4.000000,4.000000,4.000000,4.000000,4.000000,4.000000,4.000000,66.666664
1614076782.420161,77.000000,0.000000,-1.227172,-2.117846,3.623188,-4.241431,-16.908314,-5.229336,-3.486815,-8.263145,-2.110964,-10.270572,-9.399064,-1.337915,-8.892206,-4.183789,-7.323131,33.727566,-5.321837,19.715729,-3.766311,-9.698833,-4.339286,-3.953629,-2.324700,4.456793,4.396684,4.880279,-0.140214,-2.467359,-0.439009,2.974842,5.022044,15.953055,0.000000,194.000000,4.000000,,,,0.000000,4.000000,4.000000,4.000000,4.000000,4.000000,4.000000,2.000000,4.000000,4.000000,4.000000,4.000000,4.000000,4.000000,4.000000,4.000000,4.000000,4.000000,4.000000,2.000000,4.000000,4.000000,4.000000,4.000000,4.000000,4.000000,4.000000,4.000000,4.000000,4.000000,4.000000,4.000000,4.000000,66.666664
1614076782.427910,78.000000,0.000000,-1.225945,-2.115728,3.619565,-1.673087,-16.378584,-5.224107,-2.970508,-3.126677,-1.083212,-10.260301,-10.928126,-2.362218,-10.421775,-4.179605,-11.418372,33.181019,-4.803695,-5.945012,-19.147160,-26.099390,-9.975973,-6.513778,-5.912118,0.862592,4.392287,4.875398,-4.242638,-2.464891,-3.002672,3.484688,5.017022,14.398641,0.000000,204.000000,4.000000,,,,0.000000,4.000000,4.000000,4.000000,4.000000,4.000000,4.000000,2.000000,4.000000,4.000000,4.000000,4.000000,4.000000,4.000000,4.000000,4.000000,4.000000,4.000000,4.000000,2.000000,4.000000,4.000000,4.000000,4.000000,4.000000,4.000000,4.000000,4.000000,4.000000,4.000000,4.000000,4.000000,4.000000,66.666664
1614076782.435759,79.000000,0.000000,-1.224719,-2.113613,1.564663,-5.261158,-18.413488,-5.218883,-3.480358,-2.610730,-2.107769,-10.250040,-11.430018,-2.359856,-11.436995,-4.688246,-10.381312,36.737579,-4.798891,4.830164,-11.435705,-26.586111,-9.453176,-5.481623,-6.931848,-4.779296,4.387895,4.870523,-4.751216,-2.462426,-7.615054,1.429921,5.012005,12.332960,0.000000,203.000000,4.000000,,,,0.000000,4.000000,4.000000,4.000000,4.000000,4.000000,4.000000,2.000000,4.000000,4.000000,4.000000,4.000000,4.000000,4.000000,4.000000,4.000000,4.000000,4.000000,4.000000,2.000000,4.000000,4.000000,4.000000,4.000000,4.000000,4.000000,4.000000,4.000000,4.000000,4.000000,4.000000,4.000000,4.000000,66.666664
1614076782.443508,80.000000,0.000000,-1.223494,-2.111499,-0.488183,-5.768717,-23.010458,-5.213664,-2.451237,-4.659401,-2.105662,-10.239790,-10.392948,0.206606,-7.835814,-3.657917,-6.268367,51.572636,-5.819733,23.286873,7.037270,-15.790295,-0.212954,-5.476142,-5.386454,-6.825799,4.383507,4.865653,-4.233644,-2.972785,-9.145901,-0.622791,5.006993,11.807807,0.000000,212.000000,4.000000,,,,0.000000,4.000000,4.000000,4.000000,4.000000,4.000000,4.000000,2.000000,4.000000,4.000000,4.000000,4.000000,4.000000,4.000000,4.000000,4.000000,4.000000,4.000000,4.000000,2.000000,4.000000,4.000000,4.000000,4.000000,4.000000,4.000000,4.000000,4.000000,4.000000,4.000000,4.000000,4.000000,4.000000,66.666664
1614076782.451357,81.000000,0.000000,-1.222271,-2.109388,-0.487695,-0.634743,-22.987448,-4.695630,0.115317,-1.064998,2.511829,-8.178268,-5.254350,4.308964,5.505355,-0.577336,-4.723638,54.085167,-2.736990,20.699482,11.132796,-7.056556,5.941105,-7.009127,-3.329786,-3.742050,4.379123,5.373607,-4.229411,-2.456991,-8.111114,-0.622168,5.514806,11.796000,0.000000,191.000000,4.000000,,,,0.000000,4.000000,4.000000,4.000000,4.000000,4.000000,4.000000,2.000000,4.000000,4.000000,4.000000,4.000000,4.000000,4.000000,4.000000,4.000000,4.000000,4.000000,4.000000,2.000000,4.000000,4.000000,4.000000,4.000000,4.000000,4.000000,4.000000,4.000000,4.000000,4.000000,4.000000,4.000000,4.000000,66.666664
1614076782.459106,82.000000,0.000000,-1.221048,-2.107278,-2.025669,2.442815,-17.323435,-5.203755,1.140843,2.525810,5.586240,-6.118808,-0.633711,5.843117,11.653696,-0.576758,-4.206093,36.595184,3.419593,21.191605,10.608843,-0.895653,4.909523,-5.463656,-2.813635,-0.148564,4.887565,4.855413,-2.173899,-0.403252,-8.615823,-0.108726,4.996471,11.784204,0.000000,200.000000,4.000000,,,,0.000000,4.000000,4.000000,4.000000,4.000000,4.000000,4.000000,2.000000,4.000000,4.000000,4.000000,4.000000,4.000000,4.000000,4.000000,4.000000,4.000000,4.000000,4.000000,2.000000,4.000000,4.000000,4.000000,4.000000,4.000000,4.000000,4.000000,4.000000,4.000000,4.000000,4.000000,4.000000,4.000000,66.666664
1614076782.466755,83.000000,0.000000,-1.219827,-2.105171,-4.074925,1.414731,-17.306112,-4.685730,1.139702,2.010464,4.042192,-6.625510,1.418205,6.350094,9.590760,-1.089002,0.926318,47.840641,7.005917,34.503746,9.572593,6.797550,5.417434,0.182833,-1.272360,0.364405,4.882677,4.850558,-0.633264,1.648433,-9.120028,-1.134258,4.991475,12.285239,0.000000,217.000000,4.000000,,,,0.000000,4.000000,4.000000,4.000000,4.000000,4.000000,4.000000,2.000000,4.000000,4.000000,4.000000,4.000000,4.000000,4.000000,4.000000,4.000000,4.000000,4.000000,4.000000,2.000000,4.000000,4.000000,4.000000,4.000000,4.000000,4.000000,4.000000,4.000000,4.000000,4.000000,4.000000,4.000000,4.000000,66.666664
1614076782.474504,84.000000,0.000000,-1.218608,-2.103066,-4.070850,1.926137,-19.340088,-4.681045,1.651383,-1.068469,3.012509,-6.618885,0.903966,5.318103,10.093990,2.501830,-0.613070,60.100494,8.024552,27.289755,-4.283134,10.380496,6.950478,1.208291,0.780194,0.364040,4.877794,5.871348,-0.119810,1.133964,-8.085267,-0.107483,6.012124,9.708852,0.000000,192.000000,4.000000,,,,0.000000,4.000000,4.000000,4.000000,4.000000,4.000000,4.000000,2.000000,4.000000,4.000000,4.000000,4.000000,4.000000,4.000000,4.000000,4.000000,4.000000,4.000000,4.000000,2.000000,4.000000,4.000000,4.000000,4.000000,4.000000,4.000000,4.000000,4.000000,4.000000,4.000000,4.000000,4.000000,4.000000,66.666664
1614076782.482153,85.000000,0.000000,-3.268671,-2.100963,-5.092421,2.437031,-20.859209,-7.240466,-0.914371,-10.298170,-0.580247,-6.099445,-8.840528,-3.405164,0.340306,-5.192979,-14.971431,27.732700,4.426784,-4.019587,-15.048081,6.267551,4.379425,-4.946764,1.805055,0.363676,5.385737,3.814195,-0.119690,1.132830,-9.615644,0.405445,4.467650,5.083758,0.000000,193.000000,4.000000,,,,0.000000,4.000000,4.000000,4.000000,4.000000,4.000000,4.000000,2.000000,4.000000,4.000000,4.000000,4.000000,4.000000,4.000000,4.000000,4.000000,4.000000,4.000000,4.000000,2.000000,4.000000,4.000000,4.000000,4.000000,4.000000,4.000000,4.000000,4.000000,4.000000,4.000000,4.000000,4.000000,4.000000,66.666664
1614076782.489902,86.000000,0.000000,-4.803864,-2.098862,-7.138610,-0.129509,-28.530659,-11.848611,-6.554482,-16.441719,-8.271975,-6.093346,-20.113739,-13.145349,-15.557470,-21.598043,-18.546204,3.089582,-3.269951,-8.630951,-7.853546,3.184361,2.323764,-9.557201,1.290430,1.388954,2.816249,-1.317824,-2.683673,1.131697,-11.657310,-6.261627,-0.152202,3.540213,0.000000,192.000000,4.000000,,,,0.000000,4.000000,4.000000,4.000000,4.000000,4.000000,4.000000,2.000000,4.000000,4.000000,4.000000,4.000000,4.000000,4.000000,4.000000,4.000000,4.000000,4.000000,4.000000,2.000000,4.000000,4.000000,4.000000,4.000000,4.000000,4.000000,4.000000,4.000000,4.000000,4.000000,4.000000,4.000000,4.000000,66.666664
1614076782.497551,87.000000,0.000000,-4.799060,-0.045481,-5.593010,-1.667841,-34.655972,-12.862403,-7.060749,-10.784251,-8.776524,-6.600073,-16.503881,-13.645023,-12.464990,-15.935419,-4.681503,35.907005,-4.805142,13.941782,-1.691846,1.642715,1.808619,-9.034823,1.801960,1.387565,-1.801952,-2.854968,-3.706630,1.130566,-10.620011,-11.896391,-2.203332,4.562314,0.000000,196.000000,4.000000,,,,0.000000,4.000000,4.000000,4.000000,4.000000,4.000000,4.000000,2.000000,4.000000,4.000000,4.000000,4.000000,4.000000,4.000000,4.000000,4.000000,4.000000,4.000000,4.000000,2.000000,4.000000,4.000000,4.000000,4.000000,4.000000,4.000000,4.000000,4.000000,4.000000,4.000000,4.000000,4.000000,4.000000,66.666664
1614076782.505301,88.000000,0.000000,-4.794261,2.005847,-3.536135,-2.691814,-31.544394,-11.311079,-7.053688,-10.260646,-5.690824,-6.080652,-9.820710,-12.092917,-4.760217,-1.047689,-6.215283,50.742893,-5.313158,9.825276,-7.844000,-9.640979,-3.834215,-10.564250,-0.251124,-3.229207,-5.902714,-1.826472,-0.626001,1.129435,-8.045289,-11.371674,-1.688308,5.070572,0.000000,200.000000,4.000000,,,,0.000000,4.000000,4.000000,4.000000,4.000000,4.000000,4.000000,2.000000,4.000000,4.000000,4.000000,4.000000,4.000000,4.000000,4.000000,4.000000,4.000000,4.000000,4.000000,2.000000,4.000000,4.000000,4.000000,4.000000,4.000000,4.000000,4.000000,4.000000,4.000000,4.000000,4.000000,4.000000,4.000000,66.666664
1614076782.512950,89.000000,0.000000,-5.302287,0.978200,-6.096702,-6.791686,-35.102592,-13.351049,-12.174839,-19.993975,-9.787697,-7.613033,-17.503197,-14.132106,-12.960585,-14.892795,-23.644966,18.384459,-14.025793,-8.646088,-8.861797,-25.015953,-13.573971,-13.630610,-4.866258,-6.302901,-9.486555,-3.363107,-3.702298,1.128306,-8.037243,-12.898764,-5.789184,3.014219,0.000000,210.000000,4.000000,,,,0.000000,4.000000,4.000000,4.000000,4.000000,4.000000,4.000000,2.000000,4.000000,4.000000,4.000000,4.000000,4.000000,4.000000,4.000000,4.000000,4.000000,4.000000,4.000000,2.000000,4.000000,4.000000,4.000000,4.000000,4.000000,4.000000,4.000000,4.000000,4.000000,4.000000,4.000000,4.000000,4.000000,66.666664
1614076782.520699,90.000000,0.000000,-4.784164,-1.586881,-8.141887,-9.861817,-42.246979,-15.901801,-14.213946,-15.871417,-13.880473,-13.246446,-23.639540,-12.579513,-10.383521,-26.159954,-22.595680,25.032742,-16.575871,1.618969,-6.288833,-24.478117,-17.150141,-14.129799,-6.912673,-7.322239,-13.579633,-5.923847,-8.313980,1.127177,-8.542027,-18.526890,-9.885959,0.959923,0.000000,125.000000,4.000000,,,,0.000000,4.000000,4.000000,4.000000,4.000000,4.000000,4.000000,2.000000,4.000000,4.000000,4.000000,4.000000,4.000000,4.000000,4.000000,4.000000,4.000000,4.000000,4.000000,2.000000,4.000000,4.000000,4.000000,4.000000,4.000000,4.000000,4.000000,4.000000,4.000000,4.000000,4.000000,4.000000,4.000000,66.666664
1614076782.528348,91.000000,0.000000,-4.779380,-2.098114,-7.620924,-7.287853,-36.050884,-14.347438,-8.558707,1.067531,-10.789670,-17.335764,-19.513336,-6.925908,1.421734,-14.338922,-9.239751,40.905144,-7.328525,3.155811,-21.667160,-18.299793,-17.132990,-13.090028,-5.880120,-10.391840,-14.078874,-6.430743,-7.792846,1.126050,-8.020664,-18.508364,-9.876073,0.446143,0.000000,205.000000,4.000000,,,,0.000000,4.000000,4.000000,4.000000,4.000000,4.000000,4.000000,2.000000,4.000000,4.000000,4.000000,4.000000,4.000000,4.000000,4.000000,4.000000,4.000000,4.000000,4.000000,2.000000,4.000000,4.000000,4.000000,4.000000,4.000000,4.000000,4.000000,4.000000,4.000000,4.000000,4.000000,4.000000,4.000000,66.666664
1614076782.536097,92.000000,0.000000,-5.287421,-2.096016,-7.613304,-5.229283,-27.296885,-11.768988,-5.986045,2.092105,-8.214777,-17.318428,-17.955362,-4.354879,-5.246355,-16.888685,-14.871536,8.556546,-4.244273,-29.155037,-36.004467,-24.435339,-18.141499,-13.076938,-6.387060,-14.484013,-13.551974,-5.911492,-10.349155,1.124924,-8.525464,-14.900112,-9.353376,0.958517,0.000000,167.000000,4.000000,,,,0.000000,4.000000,4.000000,4.000000,4.000000,4.000000,4.000000,2.000000,4.000000,4.000000,4.000000,4.000000,4.000000,4.000000,4.000000,4.000000,4.000000,4.000000,4.000000,2.000000,4.000000,4.000000,4.000000,4.000000,4.000000,4.000000,4.000000,4.000000,4.000000,4.000000,4.000000,4.000000,4.000000,66.666664
1614076782.543746,93.000000,0.000000,-4.769313,-2.093920,-7.605690,-5.736875,-27.782410,-11.757219,-7.005701,-6.627936,-9.232203,-17.813931,-17.937407,-5.888986,-8.318031,-21.487181,-17.420767,-5.810985,-4.752850,-28.613062,-18.019745,-21.846802,-12.482331,-13.576682,-6.380673,-14.469528,-14.051243,-5.905581,-14.954191,1.123799,-8.516938,-14.372392,-9.344023,0.957558,0.000000,191.000000,4.000000,,,,0.000000,4.000000,4.000000,4.000000,4.000000,4.000000,4.000000,2.000000,4.000000,4.000000,4.000000,4.000000,4.000000,4.000000,4.000000,4.000000,4.000000,4.000000,4.000000,2.000000,4.000000,4.000000,4.000000,4.000000,4.000000,4.000000,4.000000,4.000000,4.000000,4.000000,4.000000,4.000000,4.000000,66.666664
1614076782.551495,94.000000,0.000000,-2.200442,-2.091826,-7.598084,-5.731138,-24.677704,-12.258283,-4.947413,-0.980282,-7.684510,-16.770475,-6.637418,-4.857456,11.690287,0.072768,6.699217,27.015339,6.021134,4.236065,7.639301,-0.286493,-2.726259,-11.511823,-2.784549,-14.455059,-12.498730,-6.412496,-7.759749,1.122675,-8.508422,-15.383660,-7.283396,0.956601,0.000000,185.000000,4.000000,,,,0.000000,4.000000,4.000000,4.000000,4.000000,4.000000,4.000000,2.000000,4.000000,4.000000,4.000000,4.000000,4.000000,4.000000,4.000000,4.000000,4.000000,4.000000,4.000000,2.000000,4.000000,4.000000,4.000000,4.000000,4.000000,4.000000,4.000000,4.000000,4.000000,4.000000,4.000000,4.000000,4.000000,66.666664
1614076782.559145,95.000000,0.000000,-0.659780,-3.115376,-7.590487,-5.212586,-24.653027,-12.246024,-1.865542,7.225826,-5.112723,-12.651140,1.061527,-1.262855,18.345263,7.765003,17.461748,56.731915,16.271523,20.129265,10.195765,11.508666,-3.749174,-9.449029,1.833620,-13.927783,-9.409308,-5.380442,3.017241,1.121553,-8.499913,-14.855455,-5.224831,1.468465,0.000000,179.000000,4.000000,,,,0.000000,4.000000,4.000000,4.000000,4.000000,4.000000,4.000000,2.000000,4.000000,4.000000,4.000000,4.000000,4.000000,4.000000,4.000000,4.000000,4.000000,4.000000,4.000000,2.000000,4.000000,4.000000,4.000000,4.000000,4.000000,4.000000,4.000000,4.000000,4.000000,4.000000,4.000000,4.000000,4.000000,66.666664
1614076782.566994,96.000000,0.000000,-0.659120,-5.163542,-7.582896,-5.720194,-34.371964,-11.720958,-3.914959,0.039113,-4.594790,-16.741053,-8.683124,-0.748771,-0.134621,-14.806865,-5.632636,24.367489,10.614226,-5.019070,5.570184,5.856132,-7.847989,-8.926760,2.344607,-8.785650,-11.964002,-2.298139,4.552685,1.120431,-8.491413,-14.327780,-5.732427,0.954176,8064.000000,0.000000,4.000000,,,,0.000000,4.000000,4.000000,4.000000,4.000000,4.000000,4.000000,2.000000,4.000000,4.000000,4.000000,4.000000,4.000000,4.000000,4.000000,4.000000,4.000000,4.000000,4.000000,2.000000,4.000000,4.000000,4.000000,4.000000,4.000000,4.000000,4.000000,4.000000,4.000000,4.000000,4.000000,4.000000,4.000000,66.666664
1614076782.574743,97.000000,0.000000,-1.171281,-6.184020,-7.575313,-5.714474,-34.337589,-12.222057,-6.475146,-9.704515,-5.103015,-24.416620,-19.443672,-2.286484,-11.929358,-25.048468,-24.601362,-7.964571,2.398484,-20.398666,0.949229,0.722070,-8.865782,-6.353730,0.803801,-5.187121,-17.080242,-1.783020,3.522492,1.119311,-8.482922,-14.826273,-5.726694,0.953222,8064.000000,0.000000,4.000000,,,,0.000000,4.000000,4.000000,4.000000,4.000000,4.000000,4.000000,2.000000,4.000000,4.000000,4.000000,4.000000,4.000000,4.000000,4.000000,4.000000,4.000000,4.000000,4.000000,2.000000,4.000000,4.000000,4.000000,4.000000,4.000000,4.000000,4.000000,4.000000,4.000000,4.000000,4.000000,4.000000,4.000000,66.666664
1614076782.582592,98.000000,0.000000,-0.657289,-5.665015,-7.567738,-5.708759,-24.046843,-12.209835,-6.468671,-9.694812,-5.097912,-22.340921,-17.885767,-1.771377,-9.866146,-20.920856,-19.961376,6.402369,2.396085,-16.788525,-8.795310,-0.817114,-12.959480,-5.834556,2.341459,-7.746037,-17.575983,-2.294057,2.493328,1.118191,-8.474439,-14.811446,-5.720968,1.465089,8064.000000,0.000000,4.000000,,,,0.000000,4.000000,4.000000,4.000000,4.000000,4.000000,4.000000,2.000000,4.000000,4.000000,4.000000,4.000000,4.000000,4.000000,4.000000,4.000000,4.000000,4.000000,4.000000,2.000000,4.000000,4.000000,4.000000,4.000000,4.000000,4.000000,4.000000,4.000000,4.000000,4.000000,4.000000,4.000000,4.000000,66.666664
1614076782.590341,99.000000,0.000000,-0.656632,-5.659350,-7.560170,-6.728692,-25.048437,-12.197625,-6.462203,-7.633834,-5.092814,-20.780119,-16.329418,-1.256785,-7.804998,-23.464037,-14.813210,26.395966,3.419330,-13.181992,-9.812156,-5.431681,-14.997803,-13.521029,1.826297,-10.302393,-16.532766,-0.753302,-0.586088,1.117073,-8.465964,-14.796635,-5.715247,-1.100479,8064.000000,0.000000,4.000000,,,,0.000000,4.000000,4.000000,4.000000,4.000000,4.000000,4.000000,2.000000,4.000000,4.000000,4.000000,4.000000,4.000000,4.000000,4.000000,4.000000,4.000000,4.000000,4.000000,2.000000,4.000000,4.000000,4.000000,4.000000,4.000000,4.000000,4.000000,4.000000,4.000000,4.000000,4.000000,4.000000,4.000000,66.666664
1614076782.598190,100.000000,0.000000,-2.707258,-6.166512,-7.552610,-8.773245,-31.690056,-12.185428,-6.455740,-9.164662,-5.087722,-31.015749,-22.979755,-9.973477,-12.412578,-26.517496,-25.054808,20.728544,-9.917422,-23.425220,-11.853625,-17.733942,-20.111010,-22.225456,-7.406299,-8.753630,-19.080336,-4.342292,-2.636784,1.115956,-8.457499,-14.781838,-5.709531,-5.714763,8064.000000,0.000000,4.000000,,,,0.000000,4.000000,4.000000,4.000000,4.000000,4.000000,4.000000,2.000000,4.000000,4.000000,4.000000,4.000000,4.000000,4.000000,4.000000,4.000000,4.000000,4.000000,4.000000,2.000000,4.000000,4.000000,4.000000,4.000000,4.000000,4.000000,4.000000,4.000000,4.000000,4.000000,4.000000,4.000000,4.000000,66.666664
1614076782.605939,101.000000,0.000000,-4.755832,-5.647524,-7.545057,-10.302933,-31.145544,-12.173243,-6.449285,-9.155498,-5.082634,-37.138580,-30.136263,-21.245554,-22.656576,-28.542261,-40.414368,-9.548594,-29.907505,-45.453075,-25.687925,-38.229027,-37.013977,-25.792974,-17.142483,-14.385901,-21.625359,-13.568719,-10.326455,1.114840,-8.449041,-15.279877,-5.703822,-6.734689,8064.000000,0.000000,4.000000,,,,0.000000,4.000000,4.000000,4.000000,4.000000,4.000000,4.000000,2.000000,4.000000,4.000000,4.000000,4.000000,4.000000,4.000000,4.000000,4.000000,4.000000,4.000000,4.000000,2.000000,4.000000,4.000000,4.000000,4.000000,4.000000,4.000000,4.000000,4.000000,4.000000,4.000000,4.000000,4.000000,4.000000,66.666664
1614076782.613788,102.000000,0.000000,-5.263897,-3.590595,-7.537512,-8.754169,-29.575937,-12.161069,-6.442835,-8.633521,-5.077551,-32.998875,-29.080486,-19.685848,-23.146740,-29.539360,-40.373955,-15.180071,-31.416059,-44.894802,-19.508392,-45.883106,-41.592346,-23.715900,-17.638161,-25.653566,-21.603733,-17.657715,-21.598181,1.113725,-8.440592,-14.751777,-5.698118,-6.727954,8064.000000,0.000000,4.000000,,,,0.000000,4.000000,4.000000,4.000000,4.000000,4.000000,4.000000,2.000000,4.000000,4.000000,4.000000,4.000000,4.000000,4.000000,4.000000,4.000000,4.000000,4.000000,4.000000,2.000000,4.000000,4.000000,4.000000,4.000000,4.000000,4.000000,4.000000,4.000000,4.000000,4.000000,4.000000,4.000000,4.000000,66.666664
1614076782.621537,103.000000,0.000000,-4.745812,-2.048543,-7.529975,-4.130030,-30.572002,-12.148908,-6.436392,-8.624888,-5.072474,-30.914595,-20.846277,-9.409752,-10.815901,-21.304693,-23.410501,17.655622,-17.538488,-17.157600,-1.540165,-28.401327,-26.166138,-15.999876,-16.594881,-28.704836,-20.043667,-17.127235,-21.063761,1.112612,-7.919331,-14.737024,-5.692420,-5.695585,8064.000000,0.000000,4.000000,,,,0.000000,4.000000,4.000000,4.000000,4.000000,4.000000,4.000000,2.000000,4.000000,4.000000,4.000000,4.000000,4.000000,4.000000,4.000000,4.000000,4.000000,4.000000,4.000000,2.000000,4.000000,4.000000,4.000000,4.000000,4.000000,4.000000,4.000000,4.000000,4.000000,4.000000,4.000000,4.000000,4.000000,66.666664
1614076782.629386,104.000000,0.000000,-4.741067,-1.533674,-7.522445,-1.561797,-31.054251,-12.136759,-6.429956,-8.616263,-5.067401,-32.422142,-17.235687,-4.784957,-6.189700,-13.078259,-14.156322,30.458479,-11.879925,-6.884033,-11.282215,-11.962668,-19.473307,-10.855671,-17.603928,-26.624849,-21.049265,-17.622929,-15.914493,-0.939783,-8.937053,-15.235108,-6.199548,-4.151428,8064.000000,0.000000,4.000000,,,,0.000000,4.000000,4.000000,4.000000,4.000000,4.000000,4.000000,2.000000,4.000000,4.000000,4.000000,4.000000,4.000000,4.000000,4.000000,4.000000,4.000000,4.000000,4.000000,2.000000,4.000000,4.000000,4.000000,4.000000,4.000000,4.000000,4.000000,4.000000,4.000000,4.000000,4.000000,4.000000,4.000000,66.666664
1614076782.637135,105.000000,0.000000,-4.736326,-2.044960,-7.514922,-2.073056,-31.023197,-12.637443,-6.423526,-8.607647,-5.062334,-31.876900,-18.244093,-5.805813,-9.260433,-13.578002,-15.167807,14.017764,-12.893686,-13.543816,-22.040163,-10.925065,-19.966654,-8.280713,-15.022221,-26.085403,-21.541037,-13.502743,-16.411398,-2.477305,-8.928116,-13.681412,-5.167707,-2.608815,8064.000000,0.000000,4.000000,,,,0.000000,4.000000,4.000000,4.000000,4.000000,4.000000,4.000000,2.000000,4.000000,4.000000,4.000000,4.000000,4.000000,4.000000,4.000000,4.000000,4.000000,4.000000,4.000000,2.000000,4.000000,4.000000,4.000000,4.000000,4.000000,4.000000,4.000000,4.000000,4.000000,4.000000,4.000000,4.000000,4.000000,66.666664
1614076782.644984,106.000000,0.000000,-4.731589,-2.042916,-7.507407,-2.070983,-30.479353,-12.111984,-6.417103,-9.111859,-5.057271,-31.332203,-17.713028,-5.287187,-5.661429,-14.590065,-10.537254,18.106310,-9.291049,-8.402066,-7.146328,-6.811576,-9.177456,-0.580125,-10.391814,-17.854191,-13.314366,-4.258471,-9.215500,-2.474828,-3.790982,-9.052345,-2.598437,-1.067745,8064.000000,0.000000,4.000000,,,,0.000000,4.000000,4.000000,4.000000,4.000000,4.000000,4.000000,2.000000,4.000000,4.000000,4.000000,4.000000,4.000000,4.000000,4.000000,4.000000,4.000000,4.000000,4.000000,2.000000,4.000000,4.000000,4.000000,4.000000,4.000000,4.000000,4.000000,4.000000,4.000000,4.000000,4.000000,4.000000,4.000000,66.666664
1614076782.652733,107.000000,0.000000,-4.726858,-2.040873,-6.987080,-1.556091,-29.936052,-12.099873,-6.410686,-8.077106,-5.052214,-32.326511,-17.695316,-4.769079,-2.578845,-15.601115,-6.936974,27.831793,-8.256117,-2.239818,0.553126,3.964467,-0.963150,0.446096,-9.355781,-2.451721,-0.993360,-2.202930,4.639870,-2.472353,-2.761550,-6.479190,-1.570198,0.984605,8064.000000,0.000000,4.000000,,,,0.000000,4.000000,4.000000,4.000000,4.000000,4.000000,4.000000,2.000000,4.000000,4.000000,4.000000,4.000000,4.000000,4.000000,4.000000,4.000000,4.000000,4.000000,4.000000,2.000000,4.000000,4.000000,4.000000,4.000000,4.000000,4.000000,4.000000,4.000000,4.000000,4.000000,4.000000,4.000000,4.000000,66.666664
1614076782.660582,108.000000,0.000000,-5.234951,-2.038832,-6.980093,-1.554535,-31.444578,-12.600594,-6.404275,-6.530568,-5.047162,-29.217262,-18.190441,-4.764310,-4.627548,-14.559874,-6.930037,33.444988,-7.222220,1.864986,4.142316,6.524605,-0.449366,-8.272299,-8.833605,3.191757,2.597377,-5.790471,5.660871,-2.469880,-7.886994,-7.498353,-2.081448,-0.554841,8064.000000,0.000000,4.000000,,,,0.000000,4.000000,4.000000,4.000000,4.000000,4.000000,4.000000,2.000000,4.000000,4.000000,4.000000,4.000000,4.000000,4.000000,4.000000,4.000000,4.000000,4.000000,4.000000,2.000000,4.000000,4.000000,4.000000,4.000000,4.000000,4.000000,4.000000,4.000000,4.000000,4.000000,4.000000,4.000000,4.000000,66.666664
1614076782.668331,109.000000,0.000000,-4.716896,-2.036793,-7.485933,-2.065801,-28.336210,-10.536711,-6.397871,-4.472755,-5.042115,-19.444454,-14.069686,-2.195443,-1.545997,-4.801724,3.333303,60.078209,0.477310,11.093890,19.009968,3.953978,2.628006,-7.238385,-7.286310,0.624462,1.056318,-5.271860,-1.011457,-2.467410,-7.366286,-8.003675,-2.079366,-3.118389,8064.000000,0.000000,4.000000,,,,0.000000,4.000000,4.000000,4.000000,4.000000,4.000000,4.000000,2.000000,4.000000,4.000000,4.000000,4.000000,4.000000,4.000000,4.000000,4.000000,4.000000,4.000000,4.000000,2.000000,4.000000,4.000000,4.000000,4.000000,4.000000,4.000000,4.000000,4.000000,4.000000,4.000000,4.000000,4.000000,4.000000,66.666664
1614076782.676080,110.000000,0.000000,-4.712179,-2.034756,-5.427165,-1.550915,-19.077106,-5.910789,-6.904293,-2.417001,-5.549893,-13.271164,-10.978693,0.883675,1.532472,2.382565,9.483816,62.582233,6.630679,9.544334,15.914036,3.437203,3.138199,0.973982,-5.740562,1.136658,0.542441,-1.676844,-1.010445,-2.464943,-1.205074,-4.918748,-1.564467,-0.551168,8064.000000,0.000000,4.000000,,,,0.000000,4.000000,4.000000,4.000000,4.000000,4.000000,4.000000,2.000000,4.000000,4.000000,4.000000,4.000000,4.000000,4.000000,4.000000,4.000000,4.000000,4.000000,4.000000,2.000000,4.000000,4.000000,4.000000,4.000000,4.000000,4.000000,4.000000,4.000000,4.000000,4.000000,4.000000,4.000000,4.000000,66.666664
1614076782.683829,111.000000,0.000000,-6.245928,-2.032722,-4.908917,-0.010903,-14.955464,-3.853596,-5.871748,-1.901763,-5.031523,-14.283534,-10.967714,1.395612,-0.007522,-0.183920,0.756384,30.211960,5.085587,6.457867,4.103250,2.920945,1.596599,0.460187,-4.196360,1.135522,0.541899,-1.675167,0.016206,-2.462478,-0.178228,-3.375367,-1.050082,-1.576258,8064.000000,0.000000,4.000000,,,,0.000000,4.000000,4.000000,4.000000,4.000000,4.000000,4.000000,2.000000,4.000000,4.000000,4.000000,4.000000,4.000000,4.000000,4.000000,4.000000,4.000000,4.000000,4.000000,2.000000,4.000000,4.000000,4.000000,4.000000,4.000000,4.000000,4.000000,4.000000,4.000000,4.000000,4.000000,4.000000,4.000000,66.666664
1614076782.691478,112.000000,0.000000,-3.675580,-2.030689,-12.083495,-2.574994,-18.017431,-4.362564,-3.814594,-1.387041,-4.513671,-10.679506,-7.879824,1.907037,0.505306,1.867546,2.806909,38.899696,5.593322,18.246281,10.765813,3.943665,5.697567,1.998188,-2.140881,0.108745,1.054178,-2.699133,-0.496631,-2.460016,-1.203691,-4.910454,-1.049032,-7.215707,8064.000000,0.000000,4.000000,,,,0.000000,4.000000,4.000000,4.000000,4.000000,4.000000,4.000000,2.000000,4.000000,4.000000,4.000000,4.000000,4.000000,4.000000,4.000000,4.000000,4.000000,4.000000,4.000000,2.000000,4.000000,4.000000,4.000000,4.000000,4.000000,4.000000,4.000000,4.000000,4.000000,4.000000,4.000000,4.000000,4.000000,66.666664
1614076782.699227,113.000000,0.000000,1.456301,-2.028658,-16.686796,-4.623701,-20.050697,-4.871021,-2.272318,0.152808,-6.047619,-3.489340,-3.256560,1.392309,0.504800,5.968243,8.957949,71.168488,6.100549,14.125470,4.088381,2.401260,5.691869,7.124395,-3.164382,0.621457,-0.485338,-3.209255,-1.521775,-2.457556,-0.176846,-3.367082,-2.073624,-7.721312,8064.000000,0.000000,4.000000,,,,0.000000,4.000000,4.000000,4.000000,4.000000,4.000000,4.000000,2.000000,4.000000,4.000000,4.000000,4.000000,4.000000,4.000000,4.000000,4.000000,4.000000,4.000000,4.000000,2.000000,4.000000,4.000000,4.000000,4.000000,4.000000,4.000000,4.000000,4.000000,4.000000,4.000000,4.000000,4.000000,4.000000,66.666664
1614076782.706877,114.000000,0.000000,1.454844,-1.513809,-15.131648,-2.567796,-17.979364,-4.353330,-2.782866,1.691116,-4.503109,-2.460210,-1.714841,0.878096,-1.034166,5.962274,-3.871522,41.353729,3.017525,-9.991220,-10.787502,1.373218,6.198997,0.963425,-3.161217,-0.917626,-0.484853,-2.180404,-2.033074,-2.455098,-1.202310,3.815773,-1.045909,-7.200770,8064.000000,0.000000,4.000000,,,,0.000000,4.000000,4.000000,4.000000,4.000000,4.000000,4.000000,2.000000,4.000000,4.000000,4.000000,4.000000,4.000000,4.000000,4.000000,4.000000,4.000000,4.000000,4.000000,2.000000,4.000000,4.000000,4.000000,4.000000,4.000000,4.000000,4.000000,4.000000,4.000000,4.000000,4.000000,4.000000,4.000000,66.666664
1614076782.714626,115.000000,0.000000,3.504672,-1.512295,-29.475491,-10.257535,-17.448565,-3.836156,-2.780083,4.253528,0.629599,1.131994,4.440720,6.005424,9.736099,17.751184,-4.380471,26.440582,12.758098,-2.801741,5.633541,17.269281,22.603054,0.962461,7.098354,0.108933,10.284863,-2.691044,4.635626,-2.452643,-0.688287,8.427341,-1.557684,-22.065365,8064.000000,0.000000,4.000000,,,,0.000000,4.000000,4.000000,4.000000,4.000000,4.000000,4.000000,2.000000,4.000000,4.000000,4.000000,4.000000,4.000000,4.000000,4.000000,4.000000,4.000000,4.000000,4.000000,2.000000,4.000000,4.000000,4.000000,4.000000,4.000000,4.000000,4.000000,4.000000,4.000000,4.000000,4.000000,4.000000,4.000000,66.666664
1614076782.722275,116.000000,0.000000,13.244757,-4.587706,-57.651142,-26.144714,-23.072142,-6.909243,-2.777303,7.839018,1.141790,9.848811,16.743971,16.255829,28.187901,36.707790,25.367498,59.234653,30.694057,30.021574,29.217651,40.841755,36.939426,18.397396,16.322025,9.852413,24.633553,-3.713994,14.887401,-2.963011,0.338042,7.393273,-11.812536,-45.120224,8064.000000,0.000000,4.000000,,,,0.000000,4.000000,4.000000,4.000000,4.000000,4.000000,4.000000,2.000000,4.000000,4.000000,4.000000,4.000000,4.000000,4.000000,4.000000,4.000000,4.000000,4.000000,4.000000,2.000000,4.000000,4.000000,4.000000,4.000000,4.000000,4.000000,4.000000,4.000000,4.000000,4.000000,4.000000,4.000000,4.000000,66.666664
1614076782.730024,117.000000,0.000000,18.359716,-7.660041,-72.978111,-34.323696,-29.715736,-11.517718,-2.774526,10.395282,-0.910634,12.403065,22.881073,20.854958,34.826382,41.286469,41.752388,88.919006,36.304390,55.632580,33.290997,48.493221,38.953770,27.609768,18.356985,20.611792,34.865330,1.930745,18.975077,-1.934407,-6.328962,6.873059,-25.134056,-60.972538,8064.000000,0.000000,4.000000,,,,0.000000,4.000000,4.000000,4.000000,4.000000,4.000000,4.000000,2.000000,4.000000,4.000000,4.000000,4.000000,4.000000,4.000000,4.000000,4.000000,4.000000,4.000000,4.000000,2.000000,4.000000,4.000000,4.000000,4.000000,4.000000,4.000000,4.000000,4.000000,4.000000,4.000000,4.000000,4.000000,4.000000,66.666664
1614076782.737673,118.000000,0.000000,17.828537,-8.678022,-81.623077,-40.956039,-29.173199,-12.019021,-3.284572,11.923347,0.628738,13.416303,23.883833,21.859743,33.765911,39.706718,39.659355,56.522396,37.293724,57.115406,40.437195,49.983189,46.094303,28.094978,23.979654,23.668102,42.009953,12.698046,20.494564,-0.394011,-15.040583,7.891827,-27.160206,-74.244896,8064.000000,0.000000,4.000000,,,,0.000000,4.000000,4.000000,4.000000,4.000000,4.000000,4.000000,2.000000,4.000000,4.000000,4.000000,4.000000,4.000000,4.000000,4.000000,4.000000,4.000000,4.000000,4.000000,2.000000,4.000000,4.000000,4.000000,4.000000,4.000000,4.000000,4.000000,4.000000,4.000000,4.000000,4.000000,4.000000,4.000000,66.666664
1614076782.745422,119.000000,0.000000,20.374811,-10.207806,-102.054276,-52.197136,-32.220951,-12.007002,-3.281287,12.424245,2.679391,18.531092,25.398411,25.427628,36.296249,45.308041,44.747898,53.901772,44.435921,53.981369,46.037781,54.548592,56.304619,32.169449,33.186443,27.747000,45.044865,17.300732,24.063812,1.657665,-16.564003,6.345474,-27.133045,-91.606552,7936.000000,0.000000,4.000000,,,,0.000000,4.000000,4.000000,4.000000,4.000000,4.000000,4.000000,2.000000,4.000000,4.000000,4.000000,4.000000,4.000000,4.000000,4.000000,4.000000,4.000000,4.000000,4.000000,2.000000,4.000000,4.000000,4.000000,4.000000,4.000000,4.000000,4.000000,4.000000,4.000000,4.000000,4.000000,4.000000,4.000000,66.666664
1614076782.753071,120.000000,0.000000,17.790333,-11.223239,-118.362480,-59.837246,-43.470779,-17.636021,-2.765186,12.411820,2.163891,19.025381,26.398653,27.966303,38.311234,48.339653,45.215973,86.668381,44.391483,60.594055,39.837898,49.365837,56.761135,27.521894,32.127617,34.898739,44.487000,15.744969,24.039749,4.220110,-15.008978,3.775026,-36.336681,-109.976486,8192.000000,0.000000,4.000000,,,,0.000000,4.000000,4.000000,4.000000,4.000000,4.000000,4.000000,2.000000,4.000000,4.000000,4.000000,4.000000,4.000000,4.000000,4.000000,4.000000,4.000000,4.000000,4.000000,2.000000,4.000000,4.000000,4.000000,4.000000,4.000000,4.000000,4.000000,4.000000,4.000000,4.000000,4.000000,4.000000,4.000000,66.666664
1614076782.760820,121.000000,0.000000,10.080235,-15.314580,-119.782578,-66.444077,-49.068333,-22.746590,-3.275241,13.425050,2.674548,19.006355,24.320972,26.912695,36.734463,46.240032,37.478447,94.274025,38.193245,78.994995,44.926266,43.675446,54.653091,16.725142,26.454462,37.940765,43.929691,15.729224,20.938786,4.215890,-16.019609,1.719969,-43.992653,-128.840866,8064.000000,0.000000,4.000000,,,,0.000000,4.000000,4.000000,4.000000,4.000000,4.000000,4.000000,2.000000,4.000000,4.000000,4.000000,4.000000,4.000000,4.000000,4.000000,4.000000,4.000000,4.000000,4.000000,2.000000,4.000000,4.000000,4.000000,4.000000,4.000000,4.000000,4.000000,4.000000,4.000000,4.000000,4.000000,4.000000,4.000000,66.666664
1614076782.768470,122.000000,0.000000,8.531693,-24.017214,-127.867920,-77.659683,-45.429523,-23.749485,-3.271966,11.873163,1.646232,28.218119,27.373575,26.372961,36.697727,45.680973,43.081997,93.666931,37.642231,78.916000,50.522366,46.195873,55.624081,18.246878,25.915188,36.364361,43.885761,16.226316,20.405027,1.647572,-15.490769,-0.333033,-44.974300,-139.994080,8192.000000,0.000000,4.000000,,,,0.000000,4.000000,4.000000,4.000000,4.000000,4.000000,4.000000,2.000000,4.000000,4.000000,4.000000,4.000000,4.000000,4.000000,4.000000,4.000000,4.000000,4.000000,4.000000,2.000000,4.000000,4.000000,4.000000,4.000000,4.000000,4.000000,4.000000,4.000000,4.000000,4.000000,4.000000,4.000000,4.000000,66.666664
1614076782.776319,123.000000,0.000000,12.112906,-28.095760,-147.227234,-80.658943,-43.845631,-22.187273,0.833870,12.886931,2.670227,36.395027,35.038509,29.423512,36.661030,46.148113,50.731220,86.906593,37.604588,46.529396,29.959023,43.585575,55.055634,22.844015,25.889273,36.327995,43.329056,15.697269,20.384623,0.620283,-14.962459,-0.332700,-48.006248,-137.289978,8192.000000,0.000000,4.000000,,,,0.000000,4.000000,4.000000,4.000000,4.000000,4.000000,4.000000,2.000000,4.000000,4.000000,4.000000,4.000000,4.000000,4.000000,4.000000,4.000000,4.000000,4.000000,4.000000,2.000000,4.000000,4.000000,4.000000,4.000000,4.000000,4.000000,4.000000,4.000000,4.000000,4.000000,4.000000,4.000000,4.000000,66.666664
1614076782.784068,124.000000,0.000000,13.126433,-27.042025,-157.849243,-81.603928,-44.314606,-17.036880,6.474062,26.720198,9.847044,38.409916,40.131676,35.035114,36.624371,45.589142,45.552284,60.665844,38.079807,30.585430,19.672653,42.516346,55.000580,23.333992,27.401844,36.291668,47.901112,15.681572,22.928339,1.132483,-15.460317,-0.332368,-52.573627,-140.229614,8064.000000,0.000000,4.000000,,,,0.000000,4.000000,4.000000,4.000000,4.000000,4.000000,4.000000,2.000000,4.000000,4.000000,4.000000,4.000000,4.000000,4.000000,4.000000,4.000000,4.000000,4.000000,4.000000,2.000000,4.000000,4.000000,4.000000,4.000000,4.000000,4.000000,4.000000,4.000000,4.000000,4.000000,4.000000,4.000000,4.000000,66.666664
1614076782.791917,125.000000,0.000000,15.164589,-27.014982,-157.178574,-91.265915,-44.270290,-17.019844,8.518870,38.488350,13.426941,40.422787,40.091545,38.077003,36.587746,45.543552,43.968269,61.630817,45.221214,60.298435,39.140160,55.294342,56.996861,32.541428,36.092392,36.255379,53.494236,15.153069,28.546436,1.131351,-14.932035,-0.332035,-52.008232,-153.935532,8192.000000,0.000000,4.000000,,,,0.000000,4.000000,4.000000,4.000000,4.000000,4.000000,4.000000,2.000000,4.000000,4.000000,4.000000,4.000000,4.000000,4.000000,4.000000,4.000000,4.000000,4.000000,4.000000,2.000000,4.000000,4.000000,4.000000,4.000000,4.000000,4.000000,4.000000,4.000000,4.000000,4.000000,4.000000,4.000000,4.000000,66.666664
1614076782.799666,126.000000,0.000000,19.251989,-26.987967,-156.508575,-98.866959,-47.815765,-20.592567,7.997531,28.706272,8.285309,38.331081,39.538631,37.526104,36.551159,45.498009,49.565327,78.492264,49.278557,71.520187,42.690762,57.803154,58.478325,43.278118,41.697327,38.270405,54.979202,15.650737,30.569172,1.130219,-14.917104,-0.331703,-54.007507,-159.935440,8192.000000,0.000000,4.000000,,,,0.000000,4.000000,4.000000,4.000000,4.000000,4.000000,4.000000,2.000000,4.000000,4.000000,4.000000,4.000000,4.000000,4.000000,4.000000,4.000000,4.000000,4.000000,4.000000,2.000000,4.000000,4.000000,4.000000,4.000000,4.000000,4.000000,4.000000,4.000000,4.000000,4.000000,4.000000,4.000000,4.000000,66.666664
1614076782.807515,127.000000,0.000000,20.771198,-26.448158,-156.864883,-98.255272,-50.844872,-22.623257,7.989533,16.882694,5.200100,33.677368,40.011913,37.488579,36.001785,44.939693,47.977303,60.977875,46.152355,43.756359,22.135252,46.976120,58.419846,45.798943,40.629986,39.770596,54.411404,15.635086,28.487322,1.129089,-20.543213,-0.844192,-61.645809,-160.288330,8192.000000,0.000000,4.000000,,,,0.000000,4.000000,4.000000,4.000000,4.000000,4.000000,4.000000,2.000000,4.000000,4.000000,4.000000,4.000000,4.000000,4.000000,4.000000,4.000000,4.000000,4.000000,4.000000,2.000000,4.000000,4.000000,4.000000,4.000000,4.000000,4.000000,4.000000,4.000000,4.000000,4.000000,4.000000,4.000000,4.000000,66.666664
1614076782.815264,0.000000,0.000000,20.750427,-32.575558,-156.195190,-99.182655,-52.332489,-25.164736,8.494365,20.455555,6.220541,33.130871,39.971901,37.451088,35.452965,44.894753,45.365223,54.763050,44.054920,44.225422,22.625937,48.467602,57.848606,44.727501,40.589355,39.730824,54.869812,15.106631,27.433193,1.127960,-26.676516,-3.920271,-66.712364,-167.820358,0.000000,190.000000,4.000000,,,,0.000000,4.000000,4.000000,4.000000,4.000000,4.000000,4.000000,2.000000,4.000000,4.000000,4.000000,4.000000,4.000000,4.000000,4.000000,4.000000,4.000000,4.000000,4.000000,2.000000,4.000000,4.000000,4.000000,4.000000,4.000000,4.000000,4.000000,4.000000,4.000000,4.000000,4.000000,4.000000,4.000000,66.666664
1614076782.823113,1.000000,0.000000,19.191216,-37.671185,-155.526184,-102.160393,-53.818619,-29.242136,8.485870,24.024843,4.163039,31.559277,37.880650,37.926460,36.955971,45.875500,46.858318,82.913414,45.549328,71.873505,40.552029,57.649906,58.816399,40.067390,41.061588,39.691093,54.302120,16.117165,28.431400,1.126832,-26.137018,-3.916351,-66.132835,-171.755096,0.000000,196.000000,4.000000,,,,0.000000,4.000000,4.000000,4.000000,4.000000,4.000000,4.000000,4.000000,4.000000,4.000000,4.000000,4.000000,4.000000,4.000000,4.000000,4.000000,4.000000,4.000000,4.000000,2.000000,4.000000,4.000000,4.000000,4.000000,4.000000,4.000000,4.000000,4.000000,4.000000,4.000000,4.000000,4.000000,4.000000,83.333336
1614076782.830862,2.000000,0.000000,17.120743,-35.582233,-155.370651,-101.545410,-55.303261,-30.238535,6.938922,19.898252,1.594773,26.399513,35.791485,37.375713,35.893375,45.316803,43.221718,73.086914,44.990955,58.468300,39.485836,54.515331,58.244762,33.873474,38.456425,39.651402,54.760639,19.177971,28.402969,0.612885,-22.521137,-1.348332,-65.553879,-163.891037,0.000000,208.000000,4.000000,,,,0.000000,4.000000,4.000000,4.000000,4.000000,4.000000,4.000000,4.000000,4.000000,4.000000,4.000000,4.000000,4.000000,4.000000,4.000000,4.000000,4.000000,4.000000,4.000000,2.000000,4.000000,4.000000,4.000000,4.000000,4.000000,4.000000,4.000000,4.000000,4.000000,4.000000,4.000000,4.000000,4.000000,83.333336
1614076782.838711,3.000000,0.000000,16.590801,-33.495369,-155.215286,-101.443871,-54.735138,-30.208296,4.367881,18.339893,1.593178,24.321831,34.730053,35.799873,34.319019,44.245846,42.665672,44.808697,44.433144,34.820087,31.241222,48.306973,53.571133,32.301140,36.366684,39.611752,53.680237,19.158792,26.323284,1.125092,-21.985796,-1.346983,-66.001144,-158.086121,0.000000,185.000000,4.000000,,,,0.000000,4.000000,4.000000,4.000000,4.000000,4.000000,4.000000,4.000000,4.000000,4.000000,4.000000,4.000000,4.000000,4.000000,4.000000,4.000000,4.000000,4.000000,4.000000,2.000000,4.000000,4.000000,4.000000,4.000000,4.000000,4.000000,4.000000,4.000000,4.000000,4.000000,4.000000,4.000000,4.000000,83.333336
1614076782.846460,4.000000,0.000000,15.035748,-33.974693,-155.060074,-100.829605,-54.167580,-29.665268,3.850693,19.860016,2.104406,25.323151,35.208145,38.328178,43.515469,52.406727,56.981983,77.584404,44.388710,59.400650,35.312546,48.771484,50.440639,33.294479,36.330318,39.572140,47.472713,14.011429,24.245680,1.123967,-24.527912,-3.909739,-65.935143,-156.902390,0.000000,207.000000,4.000000,,,,0.000000,4.000000,4.000000,4.000000,4.000000,4.000000,4.000000,4.000000,4.000000,4.000000,4.000000,4.000000,4.000000,4.000000,4.000000,4.000000,4.000000,4.000000,4.000000,2.000000,4.000000,4.000000,4.000000,4.000000,4.000000,4.000000,4.000000,4.000000,4.000000,4.000000,4.000000,4.000000,4.000000,83.333336
1614076782.854309,5.000000,0.000000,13.482251,-33.940720,-154.392181,-96.113388,-53.600594,-28.097141,4.359663,19.840155,3.127942,26.323467,35.685757,39.828312,53.728363,62.610729,65.130127,110.327332,42.805862,84.982277,37.328514,49.748352,50.390198,32.748363,34.242706,37.994106,40.758572,11.946136,24.221434,0.097202,-26.554667,-3.905829,-65.869209,-154.694199,0.000000,200.000000,4.000000,,,,0.000000,4.000000,4.000000,4.000000,4.000000,4.000000,4.000000,4.000000,4.000000,4.000000,4.000000,4.000000,4.000000,4.000000,4.000000,4.000000,4.000000,4.000000,4.000000,2.000000,4.000000,4.000000,4.000000,4.000000,4.000000,4.000000,4.000000,4.000000,4.000000,4.000000,4.000000,4.000000,4.000000,83.333336
1614076782.862058,6.000000,0.000000,12.443128,-33.906776,-154.237793,-93.453171,-54.059814,-32.684429,4.355303,20.333136,1.586353,25.784325,35.137249,34.147457,50.084892,58.445557,56.347050,90.217003,40.198952,77.717804,34.727085,51.237068,49.314167,32.202797,32.670002,33.853546,38.153713,11.934190,24.197212,1.635567,-24.989651,-3.389103,-65.290520,-153.513870,0.000000,179.000000,4.000000,,,,0.000000,4.000000,4.000000,4.000000,4.000000,4.000000,4.000000,4.000000,4.000000,4.000000,4.000000,4.000000,4.000000,4.000000,4.000000,4.000000,4.000000,4.000000,4.000000,2.000000,4.000000,4.000000,4.000000,4.000000,4.000000,4.000000,4.000000,4.000000,4.000000,4.000000,4.000000,4.000000,4.000000,83.333336
1614076782.869907,7.000000,0.000000,11.917864,-33.360050,-154.596375,-91.821259,-55.031395,-36.754307,4.350947,22.364084,1.584766,23.707258,34.076469,30.010746,42.342499,49.669163,49.111217,61.921658,40.671574,69.434959,37.256458,55.288395,52.341774,32.683414,34.175793,31.255590,39.654018,11.409435,23.147373,5.736495,-22.913378,-3.898534,-64.199593,-149.257797,0.000000,185.000000,4.000000,,,,0.000000,4.000000,4.000000,4.000000,4.000000,4.000000,4.000000,4.000000,4.000000,4.000000,4.000000,4.000000,4.000000,4.000000,4.000000,4.000000,4.000000,4.000000,4.000000,2.000000,4.000000,4.000000,4.000000,4.000000,4.000000,4.000000,4.000000,4.000000,4.000000,4.000000,4.000000,4.000000,4.000000,83.333336
1614076782.877656,8.000000,0.000000,14.470049,-28.198486,-153.928955,-86.088409,-51.899441,-30.563707,6.397879,23.367361,7.737028,28.298935,38.144958,36.134583,42.300159,50.645134,52.139027,65.962296,43.707825,61.673218,37.219204,56.258747,56.904819,32.650730,36.192902,33.275620,39.614365,12.423667,26.713970,8.807682,-21.864824,-3.381815,-61.058468,-141.929047,0.000000,221.000000,4.000000,,,,0.000000,4.000000,4.000000,4.000000,4.000000,4.000000,4.000000,4.000000,4.000000,4.000000,4.000000,4.000000,4.000000,4.000000,4.000000,4.000000,4.000000,4.000000,4.000000,2.000000,4.000000,4.000000,4.000000,4.000000,4.000000,4.000000,4.000000,4.000000,4.000000,4.000000,4.000000,4.000000,4.000000,83.333336
1614076782.885505,9.000000,0.000000,19.583784,-25.093365,-154.287857,-86.002327,-51.334721,-26.430580,8.955584,23.856815,7.729290,32.373199,42.722198,41.739471,43.283497,53.158592,52.599709,75.639923,44.176937,59.560261,39.746086,55.689667,53.770988,33.130901,36.669529,35.806446,35.985008,9.334320,28.225718,8.286054,-22.355780,-3.378433,-57.920486,-143.838394,0.000000,191.000000,4.000000,,,,0.000000,4.000000,4.000000,4.000000,4.000000,4.000000,4.000000,4.000000,4.000000,4.000000,4.000000,4.000000,4.000000,4.000000,4.000000,4.000000,4.000000,4.000000,4.000000,2.000000,4.000000,4.000000,4.000000,4.000000,4.000000,4.000000,4.000000,4.000000,4.000000,4.000000,4.000000,4.000000,4.000000,83.333336
1614076782.893254,10.000000,0.000000,18.025738,-29.683655,-156.184845,-95.659912,-60.001335,-35.634918,6.895346,21.781675,-6.124592,20.545956,37.038452,40.159271,42.727394,52.079792,52.034290,84.282234,44.132763,82.064804,57.142239,56.659618,50.640297,32.072128,34.581577,35.770638,29.795176,0.607037,17.428261,8.277767,-23.871885,-6.964798,-59.401028,-152.412506,0.000000,218.000000,4.000000,,,,0.000000,4.000000,4.000000,4.000000,4.000000,4.000000,4.000000,4.000000,4.000000,4.000000,4.000000,4.000000,4.000000,4.000000,4.000000,4.000000,4.000000,4.000000,4.000000,2.000000,4.000000,4.000000,4.000000,4.000000,4.000000,4.000000,4.000000,4.000000,4.000000,4.000000,4.000000,4.000000,4.000000,83.333336
1614076782.901103,11.000000,0.000000,12.879508,-33.756535,-157.567123,-98.128357,-64.043900,-42.265949,1.247425,16.631689,-12.272314,10.781819,31.873207,39.606293,42.171848,51.514889,51.982254,75.480003,44.088631,87.110947,59.649197,54.551678,52.640938,33.065697,29.418789,33.683586,26.688457,-1.957673,9.205705,8.782310,-25.899296,-11.060398,-60.367268,-152.772919,0.000000,239.000000,4.000000,,,,0.000000,4.000000,4.000000,4.000000,4.000000,4.000000,4.000000,4.000000,4.000000,4.000000,4.000000,4.000000,4.000000,4.000000,4.000000,4.000000,4.000000,4.000000,4.000000,2.000000,4.000000,4.000000,4.000000,4.000000,4.000000,4.000000,4.000000,4.000000,4.000000,4.000000,4.000000,4.000000,4.000000,83.333336
1614076782.908852,12.000000,0.000000,12.353807,-33.722778,-157.409561,-90.850739,-55.261906,-38.633942,1.246177,16.102236,-4.567734,20.514627,37.995178,40.592327,41.616856,51.976196,50.904633,47.199394,44.044540,59.331528,35.486984,50.907383,51.562656,37.648018,28.363729,32.111439,28.713051,5.223772,15.350345,8.260708,-25.360577,-11.562158,-54.153053,-146.466293,0.000000,161.000000,4.000000,,,,0.000000,4.000000,4.000000,4.000000,4.000000,4.000000,4.000000,4.000000,4.000000,4.000000,4.000000,4.000000,4.000000,4.000000,4.000000,4.000000,4.000000,4.000000,4.000000,2.000000,4.000000,4.000000,4.000000,4.000000,4.000000,4.000000,4.000000,4.000000,4.000000,4.000000,4.000000,4.000000,4.000000,83.333336
1614076782.916501,13.000000,0.000000,13.367095,-33.176235,-157.252151,-88.195786,-49.052795,-36.031204,8.937239,19.163057,-0.460602,30.750523,44.111031,40.551735,46.190620,52.437042,55.981934,57.921429,44.000496,57.220913,24.682266,59.061604,52.536736,40.687290,34.489212,31.566509,33.299725,9.321113,21.488840,8.252447,-22.771112,-11.550596,-48.970695,-145.294189,0.000000,190.000000,4.000000,,,,0.000000,4.000000,4.000000,4.000000,4.000000,4.000000,4.000000,4.000000,4.000000,4.000000,4.000000,4.000000,4.000000,4.000000,4.000000,4.000000,4.000000,4.000000,4.000000,2.000000,4.000000,4.000000,4.000000,4.000000,4.000000,4.000000,4.000000,4.000000,4.000000,4.000000,4.000000,4.000000,4.000000,83.333336
1614076782.924250,14.000000,0.000000,12.328087,-33.655880,-157.607712,-90.158875,-50.029385,-36.507992,12.518045,19.656715,-2.511424,29.181311,42.015636,39.998360,52.811100,54.435886,69.259285,90.684021,46.007778,77.163689,38.503738,71.823051,61.714966,39.620964,39.582928,31.022121,35.317707,7.773330,19.928890,8.244194,-22.235521,-11.539045,-50.460186,-146.687363,0.000000,198.000000,4.000000,,,,0.000000,4.000000,4.000000,4.000000,4.000000,4.000000,4.000000,4.000000,4.000000,4.000000,4.000000,4.000000,4.000000,4.000000,4.000000,4.000000,4.000000,4.000000,4.000000,2.000000,4.000000,4.000000,4.000000,4.000000,4.000000,4.000000,4.000000,4.000000,4.000000,4.000000,4.000000,4.000000,4.000000,83.333336
1614076782.931900,15.000000,0.000000,12.315759,-33.622223,-156.937286,-89.043068,-49.979355,-36.471485,8.915784,18.611418,-1.996092,28.126488,41.460800,39.958363,54.296749,55.919910,75.856689,83.413849,48.013050,74.009605,50.260105,75.340973,65.755814,39.581341,40.056164,33.042381,35.795208,7.765556,21.447424,8.235950,-22.213285,-10.501865,-50.409725,-145.002213,0.000000,223.000000,4.000000,,,,0.000000,4.000000,4.000000,4.000000,4.000000,4.000000,4.000000,4.000000,4.000000,4.000000,4.000000,4.000000,4.000000,4.000000,4.000000,4.000000,4.000000,4.000000,4.000000,2.000000,4.000000,4.000000,4.000000,4.000000,4.000000,4.000000,4.000000,4.000000,4.000000,4.000000,4.000000,4.000000,4.000000,83.333336
1614076782.939649,16.000000,0.000000,12.816263,-33.075783,-156.780350,-88.441208,-50.955017,-36.435013,7.368406,21.156908,-0.968455,29.636824,42.444981,39.918404,53.216812,55.863991,73.216728,56.150948,47.965038,68.807388,50.722668,73.727173,64.664421,40.054581,39.503288,37.624725,36.272232,8.783432,24.502899,8.227715,-22.191072,-15.106748,-49.846497,-145.370026,0.000000,224.000000,4.000000,,,,0.000000,4.000000,4.000000,4.000000,4.000000,4.000000,4.000000,4.000000,4.000000,4.000000,4.000000,4.000000,4.000000,4.000000,4.000000,4.000000,4.000000,4.000000,4.000000,2.000000,4.000000,4.000000,4.000000,4.000000,4.000000,4.000000,4.000000,4.000000,4.000000,4.000000,4.000000,4.000000,4.000000,83.333336
1614076782.947298,17.000000,0.000000,12.290627,-33.555527,-158.162033,-89.891228,-53.980984,-36.398579,8.386679,23.187033,-1.480307,29.094366,42.402538,39.878487,53.676414,55.295307,70.579414,69.428131,47.404255,69.251404,39.389893,74.166267,64.086937,39.501705,39.976604,39.638382,32.646217,8.261827,24.478395,8.219486,-22.681702,-18.168564,-52.873573,-146.250305,0.000000,176.000000,4.000000,,,,0.000000,4.000000,4.000000,4.000000,4.000000,4.000000,4.000000,4.000000,4.000000,4.000000,4.000000,4.000000,4.000000,4.000000,4.000000,4.000000,4.000000,4.000000,4.000000,2.000000,4.000000,4.000000,4.000000,4.000000,4.000000,4.000000,4.000000,4.000000,4.000000,4.000000,4.000000,4.000000,4.000000,83.333336
1614076782.955047,18.000000,0.000000,12.791157,-34.034790,-156.465408,-88.262878,-51.362900,-35.849361,7.865471,23.163847,-1.478826,29.578093,42.360134,39.838608,53.622738,55.752831,69.483192,79.102287,47.869671,60.464203,27.555632,73.066460,61.458744,39.975025,39.936630,38.573101,29.023829,8.253566,23.428276,8.211267,-19.582098,-10.970908,-54.359161,-137.386093,0.000000,191.000000,4.000000,,,,0.000000,4.000000,4.000000,4.000000,4.000000,4.000000,4.000000,4.000000,4.000000,4.000000,4.000000,4.000000,4.000000,4.000000,4.000000,4.000000,4.000000,4.000000,4.000000,2.000000,4.000000,4.000000,4.000000,4.000000,4.000000,4.000000,4.000000,4.000000,4.000000,4.000000,4.000000,4.000000,4.000000,83.333336
1614076782.962696,19.000000,0.000000,15.342468,-31.949474,-150.667923,-82.020767,-49.260258,-36.326332,7.344786,23.140682,-1.477347,27.497232,40.266491,40.311588,53.056293,56.209900,65.311142,63.638573,47.821800,67.070404,37.271664,70.429291,61.397285,41.473511,39.383873,39.047348,32.584549,8.245313,23.917669,8.203055,-12.383028,-3.267630,-51.227879,-122.376923,0.000000,202.000000,4.000000,,,,0.000000,4.000000,4.000000,4.000000,4.000000,4.000000,4.000000,4.000000,4.000000,4.000000,4.000000,4.000000,4.000000,4.000000,4.000000,4.000000,4.000000,4.000000,4.000000,2.000000,4.000000,4.000000,4.000000,4.000000,4.000000,4.000000,4.000000,4.000000,4.000000,4.000000,4.000000,4.000000,4.000000,83.333336
1614076782.970445,20.000000,0.000000,16.865587,-29.866243,-150.517242,-80.913101,-54.339203,-36.802826,7.850261,23.117542,-1.475870,20.803068,38.174942,40.271278,53.516060,53.589588,62.168911,64.600578,47.261158,77.259743,43.901058,68.307579,62.874352,43.996140,39.344486,39.008301,36.141708,8.237067,23.893751,8.194853,-10.319363,-3.264362,-50.151009,-117.126335,0.000000,191.000000,4.000000,,,,0.000000,4.000000,4.000000,4.000000,4.000000,4.000000,4.000000,4.000000,4.000000,4.000000,4.000000,4.000000,4.000000,4.000000,4.000000,4.000000,4.000000,4.000000,4.000000,2.000000,4.000000,4.000000,4.000000,4.000000,4.000000,4.000000,4.000000,4.000000,4.000000,4.000000,4.000000,4.000000,4.000000,83.333336
1614076782.978094,21.000000,0.000000,16.335901,-28.810736,-148.828262,-83.396294,-57.361786,-33.689098,7.842411,23.094425,-1.987215,17.192522,38.136768,39.718185,52.949722,48.407791,62.619560,72.228279,47.213898,58.208126,26.421261,65.675171,58.708912,42.926502,39.817963,38.969292,35.079926,7.716010,23.869858,8.186658,-11.334684,-4.799560,-51.639320,-121.111778,0.000000,180.000000,4.000000,,,,0.000000,4.000000,4.000000,4.000000,4.000000,4.000000,4.000000,4.000000,4.000000,4.000000,4.000000,4.000000,4.000000,4.000000,4.000000,4.000000,4.000000,4.000000,4.000000,2.000000,4.000000,4.000000,4.000000,4.000000,4.000000,4.000000,4.000000,4.000000,4.000000,4.000000,4.000000,4.000000,4.000000,83.333336
1614076782.985843,22.000000,0.000000,16.319565,-26.730642,-133.294830,-73.569305,-50.637756,-26.988743,7.834569,23.071329,-1.472407,17.688150,38.611454,40.191288,52.896774,47.333744,63.069763,66.515030,47.166683,55.072994,28.958942,66.122314,57.624561,40.832294,39.778145,38.417503,38.121769,8.733934,23.845987,8.178472,-11.323350,-2.230657,-44.921013,-116.888100,0.000000,191.000000,4.000000,,,,0.000000,4.000000,4.000000,4.000000,4.000000,4.000000,4.000000,4.000000,4.000000,4.000000,4.000000,4.000000,4.000000,4.000000,4.000000,4.000000,4.000000,4.000000,4.000000,2.000000,4.000000,4.000000,4.000000,4.000000,4.000000,4.000000,4.000000,4.000000,4.000000,4.000000,4.000000,4.000000,4.000000,83.333336
1614076782.993493,23.000000,0.000000,16.816067,-23.114168,-118.289734,-59.649586,-44.946095,-23.884832,7.826734,23.048258,0.580347,18.183283,38.060020,40.663918,53.356697,47.799229,61.468231,65.422874,47.119514,77.582024,54.571011,66.569008,61.156681,39.253002,39.738369,38.379086,42.699032,11.289303,23.822142,8.170293,-10.799206,-0.177145,-37.183784,-103.950699,0.000000,184.000000,4.000000,,,,0.000000,4.000000,4.000000,4.000000,4.000000,4.000000,4.000000,4.000000,4.000000,4.000000,4.000000,4.000000,4.000000,4.000000,4.000000,4.000000,4.000000,4.000000,4.000000,2.000000,4.000000,4.000000,4.000000,4.000000,4.000000,4.000000,4.000000,4.000000,4.000000,4.000000,4.000000,4.000000,4.000000,83.333336
1614076783.001242,24.000000,0.000000,16.286430,-22.065414,-117.658623,-62.666859,-46.952431,-26.425049,7.818907,21.999569,2.631049,17.652279,38.534782,35.495049,52.277699,47.751431,59.355480,58.177963,47.585217,64.171112,51.439514,62.912697,57.505779,39.213749,39.698631,38.853527,43.169151,11.790834,23.798319,8.162123,-11.301228,-0.176967,-39.710705,-99.744186,0.000000,201.000000,4.000000,,,,0.000000,4.000000,4.000000,4.000000,4.000000,4.000000,4.000000,4.000000,4.000000,4.000000,4.000000,4.000000,4.000000,4.000000,4.000000,4.000000,4.000000,4.000000,4.000000,2.000000,4.000000,4.000000,4.000000,4.000000,4.000000,4.000000,4.000000,4.000000,4.000000,4.000000,4.000000,4.000000,4.000000,83.333336
1614076783.008891,25.000000,0.000000,14.218861,-22.043348,-120.105072,-69.783676,-45.879837,-24.347342,7.811089,18.900646,2.115597,17.634626,38.496246,29.305708,50.174141,49.242142,58.783306,47.350555,48.050453,43.594120,37.541924,58.234402,56.422634,39.687355,40.171753,38.814674,42.613163,11.779043,23.774521,8.153960,-11.289926,-0.176790,-43.260735,-104.772644,0.000000,212.000000,4.000000,,,,0.000000,4.000000,4.000000,4.000000,4.000000,4.000000,4.000000,4.000000,4.000000,4.000000,4.000000,4.000000,4.000000,4.000000,4.000000,4.000000,4.000000,4.000000,4.000000,2.000000,4.000000,4.000000,4.000000,4.000000,4.000000,4.000000,4.000000,4.000000,4.000000,4.000000,4.000000,4.000000,4.000000,83.333336
1614076783.016640,26.000000,0.000000,12.153360,-22.021305,-117.933685,-63.047230,-39.680111,-14.579405,7.803277,18.368925,2.113482,18.129812,37.944931,27.737940,52.175247,51.757000,58.724522,65.764740,47.489582,69.704369,48.273609,58.176167,65.596977,40.160488,38.593117,38.263039,42.057728,14.844188,23.750746,8.145806,-10.765816,1.874668,-39.627731,-103.642227,0.000000,105.000000,4.000000,,,,0.000000,4.000000,4.000000,4.000000,4.000000,4.000000,4.000000,4.000000,4.000000,4.000000,4.000000,4.000000,4.000000,4.000000,4.000000,4.000000,4.000000,4.000000,4.000000,2.000000,4.000000,4.000000,4.000000,4.000000,4.000000,4.000000,4.000000,4.000000,4.000000,4.000000,4.000000,4.000000,4.000000,83.333336
1614076783.024289,27.000000,0.000000,12.141207,-21.999283,-118.328568,-57.855976,-39.640430,-10.462261,7.795474,22.965940,2.111368,18.624502,38.419804,29.248663,53.661533,51.192425,58.665798,84.673332,46.416451,87.070564,49.763798,59.143631,61.941639,38.069046,34.964783,39.250416,39.451569,14.829344,23.726995,8.137660,-11.267870,3.924076,-38.049641,-99.948845,0.000000,168.000000,4.000000,,,,0.000000,4.000000,4.000000,4.000000,4.000000,4.000000,4.000000,4.000000,4.000000,4.000000,4.000000,4.000000,4.000000,4.000000,4.000000,4.000000,4.000000,4.000000,4.000000,2.000000,4.000000,4.000000,4.000000,4.000000,4.000000,4.000000,4.000000,4.000000,4.000000,4.000000,4.000000,4.000000,4.000000,83.333336
1614076783.032038,28.000000,0.000000,12.641886,-21.977283,-120.774345,-62.926323,-44.216175,-13.015902,8.300499,21.404514,2.109257,17.067417,37.355743,29.219416,50.018127,51.141232,57.068668,68.178406,48.421314,60.829647,30.226856,54.981922,47.007904,35.979694,31.852894,38.698345,38.386475,10.199129,23.703268,8.129523,-11.256602,3.407331,-39.550053,-102.413002,0.000000,170.000000,4.000000,,,,0.000000,4.000000,4.000000,4.000000,4.000000,4.000000,4.000000,4.000000,4.000000,4.000000,4.000000,4.000000,4.000000,4.000000,4.000000,4.000000,4.000000,4.000000,4.000000,2.000000,4.000000,4.000000,4.000000,4.000000,4.000000,4.000000,4.000000,4.000000,4.000000,4.000000,4.000000,4.000000,4.000000,83.333336
1614076783.039687,29.000000,0.000000,12.629244,-22.468128,-122.704849,-62.863400,-45.710419,-14.028527,7.266558,11.126699,2.107148,14.999067,32.703003,27.651733,45.352726,51.602913,50.344936,42.982021,45.808792,44.871380,29.683807,50.824379,47.473717,35.943714,30.795401,34.557083,38.348087,7.624828,23.679565,8.634213,-10.732525,3.403924,-36.433582,-103.336227,0.000000,196.000000,4.000000,,,,0.000000,4.000000,4.000000,4.000000,4.000000,4.000000,4.000000,4.000000,4.000000,4.000000,4.000000,4.000000,4.000000,4.000000,4.000000,4.000000,4.000000,4.000000,4.000000,2.000000,4.000000,4.000000,4.000000,4.000000,4.000000,4.000000,4.000000,4.000000,4.000000,4.000000,4.000000,4.000000,4.000000,83.333336
1614076783.047536,30.000000,0.000000,12.616615,-22.445660,-123.094963,-62.287716,-48.228813,-19.142704,3.156727,8.038650,2.617861,14.471248,27.029276,25.572800,43.256092,42.833359,43.627922,26.015965,33.968113,51.493176,44.525921,53.850475,56.657013,32.830849,28.713322,30.419962,38.309742,8.130024,23.655886,8.112759,-12.260254,3.400520,-35.371506,-98.617508,0.000000,167.000000,4.000000,,,,0.000000,4.000000,4.000000,4.000000,4.000000,4.000000,4.000000,4.000000,4.000000,4.000000,4.000000,4.000000,4.000000,4.000000,4.000000,4.000000,4.000000,4.000000,4.000000,2.000000,4.000000,4.000000,4.000000,4.000000,4.000000,4.000000,4.000000,4.000000,4.000000,4.000000,4.000000,4.000000,4.000000,83.333336
1614076783.055286,31.000000,0.000000,12.603998,-22.423214,-122.459053,-69.917732,-52.795967,-27.328690,0.076647,14.697277,1.589602,13.943955,27.002247,25.547228,42.700012,35.098217,46.661217,17.784819,28.805939,52.980145,47.045494,56.360729,57.625996,28.695454,28.171789,30.902363,38.784252,7.609073,23.632231,5.540544,-14.812097,3.397120,-39.951519,-98.006065,0.000000,191.000000,4.000000,,,,0.000000,4.000000,4.000000,4.000000,4.000000,4.000000,4.000000,4.000000,4.000000,4.000000,4.000000,4.000000,4.000000,4.000000,4.000000,4.000000,4.000000,4.000000,4.000000,2.000000,4.000000,4.000000,4.000000,4.000000,4.000000,4.000000,4.000000,4.000000,4.000000,4.000000,4.000000,4.000000,4.000000,83.333336
1614076783.063134,32.000000,0.000000,12.591394,-22.400791,-122.336594,-72.924744,-51.717529,-26.275719,0.076570,16.221041,2.613654,14.442832,33.129089,25.521681,43.170135,43.268250,54.819687,37.767036,35.956619,53.439987,42.895885,54.253086,56.029907,29.692398,28.143618,31.384281,38.745468,8.114285,24.121418,3.996542,-14.797284,3.393722,-42.988491,-100.472160,8064.000000,0.000000,4.000000,,,,0.000000,4.000000,4.000000,4.000000,4.000000,4.000000,4.000000,4.000000,4.000000,4.000000,4.000000,4.000000,4.000000,4.000000,4.000000,4.000000,4.000000,4.000000,4.000000,2.000000,4.000000,4.000000,4.000000,4.000000,4.000000,4.000000,4.000000,4.000000,4.000000,4.000000,4.000000,4.000000,4.000000,83.333336
1614076783.070884,33.000000,0.000000,13.091623,-22.378389,-122.727074,-68.236427,-49.101711,-21.121239,0.589314,14.666359,8.252066,19.043774,38.224167,25.496159,45.691067,56.558315,59.893070,61.319012,40.536049,65.694237,43.878632,55.737293,59.050800,37.355015,28.115473,30.840076,38.193901,10.670273,22.046015,4.505366,-14.782487,3.390329,-42.945503,-98.833229,8064.000000,0.000000,4.000000,,,,0.000000,4.000000,4.000000,4.000000,4.000000,4.000000,4.000000,4.000000,4.000000,4.000000,4.000000,4.000000,4.000000,4.000000,4.000000,4.000000,4.000000,4.000000,4.000000,2.000000,4.000000,4.000000,4.000000,4.000000,4.000000,4.000000,4.000000,4.000000,4.000000,4.000000,4.000000,4.000000,4.000000,83.333336
1614076783.078733,34.000000,0.000000,11.540071,-22.356010,-122.091530,-65.604088,-49.052608,-21.100117,0.075905,16.190155,8.243814,23.127295,38.698761,25.983482,46.671017,54.450474,59.833176,59.206409,40.495510,75.884956,46.911674,56.194378,62.581493,40.394581,28.600178,30.809237,39.181347,12.198064,18.947046,4.500860,-14.767705,3.386938,-42.389736,-96.170296,8064.000000,0.000000,4.000000,,,,0.000000,4.000000,4.000000,4.000000,4.000000,4.000000,4.000000,4.000000,4.000000,4.000000,4.000000,4.000000,4.000000,4.000000,4.000000,4.000000,4.000000,4.000000,4.000000,2.000000,4.000000,4.000000,4.000000,4.000000,4.000000,4.000000,4.000000,4.000000,4.000000,4.000000,4.000000,4.000000,4.000000,83.333336
1614076783.086482,35.000000,0.000000,9.477248,-22.333654,-121.969437,-66.564125,-49.516376,-22.104658,0.588649,13.609861,1.056083,19.001602,35.583141,23.393396,41.496140,43.113972,49.004112,51.454895,37.890915,48.629581,39.172455,42.292030,57.390709,30.610598,28.058758,30.778427,38.116528,12.185866,16.363997,4.496359,-14.752937,3.383551,-42.860168,-96.074127,8064.000000,0.000000,4.000000,,,,0.000000,4.000000,4.000000,4.000000,4.000000,4.000000,4.000000,4.000000,4.000000,4.000000,4.000000,4.000000,4.000000,4.000000,4.000000,4.000000,4.000000,4.000000,4.000000,2.000000,4.000000,4.000000,4.000000,4.000000,4.000000,4.000000,4.000000,4.000000,4.000000,4.000000,4.000000,4.000000,4.000000,83.333336
1614076783.094331,36.000000,0.000000,8.442130,-22.311321,-122.360291,-67.010384,-48.954041,-21.056913,0.588061,8.980867,-2.534717,13.854396,30.419352,16.703337,32.736694,35.378551,31.006392,32.941902,30.160715,16.273260,18.620464,26.352301,41.948700,18.272295,25.466597,30.747648,32.437386,11.148039,14.296350,4.491863,-14.738184,1.328886,-42.817307,-97.003693,7936.000000,0.000000,4.000000,,,,0.000000,4.000000,4.000000,4.000000,4.000000,4.000000,4.000000,4.000000,4.000000,4.000000,4.000000,4.000000,4.000000,4.000000,4.000000,4.000000,4.000000,4.000000,4.000000,2.000000,4.000000,4.000000,4.000000,4.000000,4.000000,4.000000,4.000000,4.000000,4.000000,4.000000,4.000000,4.000000,4.000000,83.333336
1614076783.102080,37.000000,0.000000,8.946508,-22.289011,-121.212288,-65.917732,-48.905087,-21.035856,0.587472,9.997527,-1.506541,14.866183,27.824831,13.609711,29.627037,33.804710,24.821539,8.806396,24.489529,19.333910,13.986459,25.813129,34.214443,16.715561,24.415489,30.716900,27.789562,9.085608,12.743592,4.487371,-14.723446,-0.210905,-42.261669,-96.393867,8064.000000,0.000000,4.000000,,,,0.000000,4.000000,4.000000,4.000000,4.000000,4.000000,4.000000,4.000000,4.000000,4.000000,4.000000,4.000000,4.000000,4.000000,4.000000,4.000000,4.000000,4.000000,4.000000,2.000000,4.000000,4.000000,4.000000,4.000000,4.000000,4.000000,4.000000,4.000000,4.000000,4.000000,4.000000,4.000000,4.000000,83.333336
1614076783.109929,38.000000,0.000000,9.450382,-21.753901,-118.014153,-60.210789,-48.856178,-21.527639,0.586885,12.551632,-1.505035,14.851316,27.284185,14.621741,31.648691,33.770905,32.489025,24.182205,25.490681,52.135090,29.357088,33.479622,35.718693,19.262947,24.903894,31.199005,27.248951,8.050882,12.730848,4.482884,-12.144620,-0.210694,-40.168125,-93.220551,7936.000000,0.000000,4.000000,,,,0.000000,4.000000,4.000000,4.000000,4.000000,4.000000,4.000000,4.000000,4.000000,4.000000,4.000000,4.000000,4.000000,4.000000,4.000000,4.000000,4.000000,4.000000,4.000000,2.000000,4.000000,4.000000,4.000000,4.000000,4.000000,4.000000,4.000000,4.000000,4.000000,4.000000,4.000000,4.000000,4.000000,83.333336
1614076783.117678,39.000000,0.000000,8.415291,-22.757788,-115.332031,-52.458271,-49.320145,-21.506113,0.586298,11.000619,-2.016350,8.169799,26.231260,14.607120,30.078581,30.660212,33.994999,49.799049,23.926727,46.954750,28.814909,32.933323,29.529127,13.089839,24.878990,31.680626,27.221703,7.530011,12.205297,4.478401,-10.594014,-0.723304,-39.102318,-89.537582,7808.000000,0.000000,4.000000,,,,0.000000,4.000000,4.000000,4.000000,4.000000,4.000000,4.000000,4.000000,4.000000,4.000000,4.000000,4.000000,4.000000,4.000000,4.000000,4.000000,4.000000,4.000000,4.000000,2.000000,4.000000,4.000000,4.000000,4.000000,4.000000,4.000000,4.000000,4.000000,4.000000,4.000000,4.000000,4.000000,4.000000,83.333336
1614076783.125527,40.000000,0.000000,8.919696,-21.709389,-114.191063,-50.354530,-49.783646,-21.484606,0.585712,12.528080,-1.501513,2.520603,24.666567,14.592513,27.484400,27.039806,31.909721,33.851814,20.825878,25.369331,19.042505,32.387569,27.448315,9.487005,24.341290,30.623304,28.220121,8.035301,12.705913,4.473923,-11.096240,-0.209760,-38.550392,-88.935226,8064.000000,0.000000,4.000000,,,,0.000000,4.000000,4.000000,4.000000,4.000000,4.000000,4.000000,4.000000,4.000000,4.000000,4.000000,4.000000,4.000000,4.000000,4.000000,4.000000,4.000000,4.000000,4.000000,2.000000,4.000000,4.000000,4.000000,4.000000,4.000000,4.000000,4.000000,4.000000,4.000000,4.000000,4.000000,4.000000,4.000000,83.333336
1614076783.133276,41.000000,0.000000,9.423597,-19.123577,-114.589691,-51.329819,-48.708221,-21.463121,0.585126,11.489911,-1.500012,3.030903,22.590618,14.065100,27.969736,25.474306,33.929092,29.715399,21.830692,49.446526,24.664488,34.406464,33.061893,13.580082,25.342590,31.105501,24.602158,8.540087,12.180386,4.469449,-11.085144,-0.209550,-38.511845,-88.333473,8064.000000,0.000000,4.000000,,,,0.000000,4.000000,4.000000,4.000000,4.000000,4.000000,4.000000,4.000000,4.000000,4.000000,4.000000,4.000000,4.000000,4.000000,4.000000,4.000000,4.000000,4.000000,4.000000,2.000000,4.000000,4.000000,4.000000,4.000000,4.000000,4.000000,4.000000,4.000000,4.000000,4.000000,4.000000,4.000000,4.000000,83.333336
1614076783.141125,42.000000,0.000000,7.362891,-18.078814,-115.500740,-51.278488,-49.685154,-21.441658,0.584541,-0.316451,-1.498512,3.540693,16.927002,10.461291,24.864843,23.397549,32.356701,59.429272,20.270401,56.576569,20.024439,29.243853,22.259600,13.053681,24.804426,32.612858,15.859608,6.480265,4.988719,4.464979,-10.561238,-3.799084,-39.498974,-89.270782,8192.000000,0.000000,4.000000,,,,0.000000,4.000000,4.000000,4.000000,4.000000,4.000000,4.000000,4.000000,4.000000,4.000000,4.000000,4.000000,4.000000,4.000000,4.000000,4.000000,4.000000,4.000000,4.000000,2.000000,4.000000,4.000000,4.000000,4.000000,4.000000,4.000000,4.000000,4.000000,4.000000,4.000000,4.000000,4.000000,4.000000,83.333336
1614076783.148874,43.000000,0.000000,2.227323,-18.573555,-110.257034,-51.227211,-50.148289,-20.907396,0.583956,-5.957160,-1.497013,3.024332,10.756228,7.373907,18.173311,17.733126,22.067936,37.831383,15.634746,24.212299,1.030056,19.471018,9.929648,4.322680,24.266802,26.939219,12.766825,3.909682,-2.195757,4.460514,-11.576318,-4.820926,-38.946651,-90.719971,8064.000000,0.000000,4.000000,,,,0.000000,4.000000,4.000000,4.000000,4.000000,4.000000,4.000000,4.000000,4.000000,4.000000,4.000000,4.000000,4.000000,4.000000,4.000000,4.000000,4.000000,4.000000,4.000000,2.000000,4.000000,4.000000,4.000000,4.000000,4.000000,4.000000,4.000000,4.000000,4.000000,4.000000,4.000000,4.000000,4.000000,83.333336
